0828-1616
CN7,1M,1,1,1,0,0,0,0,0,0,530.86,299.51,94.46,0.0,0.0,0.0,11.28,0.0,0.0,0.0
CN7,1M,1,1,2,0,0,0,0,0,0,724.66,429.66,57.3,0.0,0.0,0.0,7.52,0.0,0.0,0.0
CN7,1M,1,1,3,0,0,0,0,0,0,716.24,431.51,86.45,0.0,0.0,0.0,11.28,0.0,0.0,0.0
CN7,1M,1,1,4,0,0,0,0,0,0,707.42,416.51,70.3,0.0,0.0,0.0,7.52,0.0,0.0,0.0
CN7,1M,1,1,5,0,0,0,0,0,0,690.53,412.70,85.95,0.0,0.0,0.0,11.28,0.0,0.0,0.0
CN7,1M,1,2,1,0,0,0,0,0,0,722.16,426.51,85.94,0.0,0.0,0.0,11.28,0.0,0.0,0.0
CN7,1M,1,2,2,0,0,0,0,0,0,698.82,420.73,85.94,0.0,0.0,0.0,11.28,0.0,0.0,0.0
CN7,1M,1,2,3,0,0,0,0,0,0,270.39,214.69,96.94,0.0,0.0,0.0,12.53,0.0,0.0,0.0
CN7,1M,1,2,4,0,0,0,0,0,0,714.41,420.86,57.29,0.0,0.0,0.0,7.52,0.0,0.0,0.0
CN7,1M,1,2,5,0,0,0,0,0,0,708.86,416.14,85.94,0.0,0.0,0.0,11.28,0.0,0.0,0.0
CN7,1M,1,4,1,0,0,0,0,0,0,704.57,417.43,57.29,0.0,0.0,0.0,7.52,0.0,0.0,0.0
CN7,1M,1,4,2,0,0,0,0,0,0,686.13,413.56,97.93,0.0,0.0,0.0,11.28,0.0,0.0,0.0
CN7,1M,1,4,3,0,0,0,0,0,0,723.28,429.00,57.29,0.0,0.0,0.0,7.52,0.0,0.0,0.0
CN7,1M,1,4,4,0,0,0,0,0,0,679.02,404.78,85.92,0.0,0.0,0.0,11.28,0.0,0.0,0.0
CN7,1M,1,4,5,0,0,0,0,0,0,703.51,415.65,57.28,0.0,0.0,0.0,7.52,0.0,0.0,0.0
CN7,1M,1,8,1,0,0,0,0,0,0,301.77,233.71,63.28,0.0,0.0,0.0,8.19,0.0,0.0,0.0
CN7,1M,1,8,2,0,0,0,0,0,0,700.69,418.59,58.28,0.0,0.0,0.0,7.52,0.0,0.0,0.0
CN7,1M,1,8,3,0,0,0,0,0,0,677.05,414.83,85.92,0.0,0.0,0.0,11.27,0.0,0.0,0.0
CN7,1M,1,8,4,0,0,0,0,0,0,710.30,422.22,85.92,0.0,0.0,0.0,11.27,0.0,0.0,0.0
CN7,1M,1,8,5,0,0,0,0,0,0,710.30,427.47,96.91,0.0,0.0,0.0,11.27,0.0,0.0,0.0
CN7,1M,1,16,1,0,0,0,0,0,0,718.33,434.28,85.91,0.0,0.0,0.0,11.27,0.0,0.0,0.0
CN7,1M,1,16,2,0,0,0,0,0,0,717.59,416.60,85.91,0.0,0.0,0.0,11.27,0.0,0.0,0.0
CN7,1M,1,16,3,0,0,0,0,0,0,727.93,431.25,85.91,0.0,0.0,0.0,11.27,0.0,0.0,0.0
CN7,1M,1,16,4,0,0,0,0,0,0,332.46,252.38,63.6,0.0,0.0,0.0,8.03,0.0,0.0,0.0
CN7,1M,1,16,5,0,0,0,0,0,0,670.12,404.27,85.9,0.0,0.0,0.0,11.27,0.0,0.0,0.0
CN7,1M,2,1,1,0,0,0,0,0,0,339.52,291.82,97.89,0.0,0.0,0.0,12.77,0.0,0.0,0.0
CN7,1M,2,1,2,0,0,0,0,0,0,347.71,299.03,65.26,0.0,0.0,0.0,8.51,0.0,0.0,0.0
CN7,1M,2,1,3,0,0,0,0,0,0,333.41,287.53,111.39,0.0,0.0,0.0,12.77,0.0,0.0,0.0
CN7,1M,2,1,4,0,0,0,0,0,0,357.51,303.89,66.59,0.0,0.0,0.0,8.51,0.0,0.0,0.0
CN7,1M,2,1,5,0,0,0,0,0,0,332.82,288.64,97.89,0.0,0.0,0.0,12.77,0.0,0.0,0.0
CN7,1M,2,2,1,0,0,0,0,0,0,328.22,283.89,97.76,0.0,0.0,0.0,12.76,0.0,0.0,0.0
CN7,1M,2,2,2,0,0,0,0,0,0,348.44,295.72,97.88,0.0,0.0,0.0,12.77,0.0,0.0,0.0
CN7,1M,2,2,3,0,0,0,0,0,0,325.32,281.40,65.25,0.0,0.0,0.0,8.51,0.0,0.0,0.0
CN7,1M,2,2,4,0,0,0,0,0,0,344.16,294.95,65.25,0.0,0.0,0.0,8.51,0.0,0.0,0.0
CN7,1M,2,2,5,0,0,0,0,0,0,349.21,301.74,66.58,0.0,0.0,0.0,8.53,0.0,0.0,0.0
CN7,1M,2,4,1,0,0,0,0,0,0,334.74,285.54,74.25,0.0,0.0,0.0,8.51,0.0,0.0,0.0
CN7,1M,2,4,2,0,0,0,0,0,0,347.22,299.25,97.86,0.0,0.0,0.0,12.77,0.0,0.0,0.0
CN7,1M,2,4,3,0,0,0,0,0,0,324.69,280.43,97.86,0.0,0.0,0.0,12.77,0.0,0.0,0.0
CN7,1M,2,4,4,0,0,0,0,0,0,347.14,294.95,97.86,0.0,0.0,0.0,12.77,0.0,0.0,0.0
CN7,1M,2,4,5,0,0,0,0,0,0,332.06,286.00,100.36,0.0,0.0,0.0,12.79,0.0,0.0,0.0
CN7,1M,2,8,1,0,0,0,0,0,0,355.81,300.95,65.24,0.0,0.0,0.0,8.51,0.0,0.0,0.0
CN7,1M,2,8,2,0,0,0,0,0,0,377.64,320.13,65.24,0.0,0.0,0.0,8.51,0.0,0.0,0.0
CN7,1M,2,8,3,0,0,0,0,0,0,346.22,295.17,97.85,0.0,0.0,0.0,12.77,0.0,0.0,0.0
CN7,1M,2,8,4,0,0,0,0,0,0,332.74,281.88,74.9,0.0,0.0,0.0,8.51,0.0,0.0,0.0
CN7,1M,2,8,5,0,0,0,0,0,0,346.46,294.90,101.85,0.0,0.0,0.0,12.86,0.0,0.0,0.0
CN7,1M,2,16,1,0,0,0,0,0,0,343.87,292.52,97.84,0.0,0.0,0.0,12.76,0.0,0.0,0.0
CN7,1M,2,16,2,0,0,0,0,0,0,335.05,287.33,65.23,0.0,0.0,0.0,8.51,0.0,0.0,0.0
CN7,1M,2,16,3,0,0,0,0,0,0,343.67,292.40,97.84,0.0,0.0,0.0,12.76,0.0,0.0,0.0
CN7,1M,2,16,4,0,0,0,0,0,0,349.31,298.16,65.22,0.0,0.0,0.0,8.51,0.0,0.0,0.0
CN7,1M,2,16,5,0,0,0,0,0,0,354.91,304.09,98.33,0.0,0.0,0.0,12.76,0.0,0.0,0.0
CN7,1M,4,1,1,0,0,0,0,0,0,671.01,570.69,65.22,0.0,0.0,0.0,8.51,0.0,0.0,0.0
CN7,1M,4,1,2,0,0,0,0,0,0,648.47,552.41,75.22,0.0,0.0,0.0,8.51,0.0,0.0,0.0
CN7,1M,4,1,3,0,0,0,0,0,0,653.57,560.45,97.83,0.0,0.0,0.0,12.76,0.0,0.0,0.0
CN7,1M,4,1,4,0,0,0,0,0,0,667.78,572.02,97.83,0.0,0.0,0.0,12.76,0.0,0.0,0.0
CN7,1M,4,1,5,0,0,0,0,0,0,683.31,591.56,98.32,0.0,0.0,0.0,12.76,0.0,0.0,0.0
CN7,1M,4,2,1,0,0,0,0,0,0,650.56,560.32,97.82,0.0,0.0,0.0,12.76,0.0,0.0,0.0
CN7,1M,4,2,2,0,0,0,0,0,0,651.14,560.89,65.21,0.0,0.0,0.0,8.51,0.0,0.0,0.0
CN7,1M,4,2,3,0,0,0,0,0,0,652.94,562.13,65.21,0.0,0.0,0.0,8.51,0.0,0.0,0.0
CN7,1M,4,2,4,0,0,0,0,0,0,704.36,601.96,65.21,0.0,0.0,0.0,8.51,0.0,0.0,0.0
CN7,1M,4,2,5,0,0,0,0,0,0,622.62,537.16,109.81,0.0,0.0,0.0,12.76,0.0,0.0,0.0
CN7,1M,4,4,1,0,0,0,0,0,0,660.75,563.92,65.2,0.0,0.0,0.0,8.51,0.0,0.0,0.0
CN7,1M,4,4,2,0,0,0,0,0,0,648.02,555.89,97.81,0.0,0.0,0.0,12.76,0.0,0.0,0.0
CN7,1M,4,4,3,0,0,0,0,0,0,654.06,561.90,97.8,0.0,0.0,0.0,12.76,0.0,0.0,0.0
CN7,1M,4,4,4,0,0,0,0,0,0,680.59,581.65,65.2,0.0,0.0,0.0,8.51,0.0,0.0,0.0
CN7,1M,4,4,5,0,0,0,0,0,0,671.71,575.21,65.2,0.0,0.0,0.0,8.51,0.0,0.0,0.0
CN7,1M,4,8,1,0,0,0,0,0,0,629.23,542.51,97.8,0.0,0.0,0.0,12.76,0.0,0.0,0.0
CN7,1M,4,8,2,0,0,0,0,0,0,644.21,550.14,65.19,0.0,0.0,0.0,8.51,0.0,0.0,0.0
CN7,1M,4,8,3,0,0,0,0,0,0,664.63,569.30,109.79,0.0,0.0,0.0,12.76,0.0,0.0,0.0
CN7,1M,4,8,4,0,0,0,0,0,0,682.64,584.59,65.19,0.0,0.0,0.0,8.5,0.0,0.0,0.0
CN7,1M,4,8,5,0,0,0,0,0,0,632.22,543.69,65.19,0.0,0.0,0.0,8.5,0.0,0.0,0.0
CN7,1M,4,16,1,0,0,0,0,0,0,605.96,527.29,65.19,0.0,0.0,0.0,8.5,0.0,0.0,0.0
CN7,1M,4,16,2,0,0,0,0,0,0,712.77,607.47,97.78,0.0,0.0,0.0,12.76,0.0,0.0,0.0
CN7,1M,4,16,3,0,0,0,0,0,0,700.16,602.52,97.78,0.0,0.0,0.0,12.76,0.0,0.0,0.0
CN7,1M,4,16,4,0,0,0,0,0,0,669.78,573.48,97.78,0.0,0.0,0.0,12.76,0.0,0.0,0.0
CN7,1M,4,16,5,0,0,0,0,0,0,667.27,572.41,97.77,0.0,0.0,0.0,12.76,0.0,0.0,0.0
CN7,1M,8,1,1,0,0,0,0,0,0,913.82,819.60,72.51,0.0,0.0,0.0,8.5,0.0,0.0,0.0
CN7,1M,8,1,2,0,0,0,0,0,0,1088.48,955.12,97.77,0.0,0.0,0.0,12.75,0.0,0.0,0.0
CN7,1M,8,1,3,0,0,0,0,0,0,1153.43,1009.92,65.84,0.0,0.0,0.0,8.5,0.0,0.0,0.0
CN7,1M,8,1,4,0,0,0,0,0,0,1014.46,894.33,97.76,0.0,0.0,0.0,12.75,0.0,0.0,0.0
CN7,1M,8,1,5,0,0,0,0,0,0,1224.61,1071.03,65.17,0.0,0.0,0.0,8.5,0.0,0.0,0.0
CN7,1M,8,2,1,0,0,0,0,0,0,1066.81,947.49,97.75,0.0,0.0,0.0,12.75,0.0,0.0,0.0
CN7,1M,8,2,2,0,0,0,0,0,0,1191.18,1027.13,97.75,0.0,0.0,0.0,12.75,0.0,0.0,0.0
CN7,1M,8,2,3,0,0,0,0,0,0,1191.44,983.08,97.75,0.0,0.0,0.0,12.75,0.0,0.0,0.0
CN7,1M,8,2,4,0,0,0,0,0,0,1227.62,1070.01,72.83,0.0,0.0,0.0,8.5,0.0,0.0,0.0
CN7,1M,8,2,5,0,0,0,0,0,0,1059.47,936.23,97.75,0.0,0.0,0.0,12.75,0.0,0.0,0.0
CN7,1M,8,4,1,0,0,0,0,0,0,1088.02,963.27,97.75,0.0,0.0,0.0,12.75,0.0,0.0,0.0
CN7,1M,8,4,2,0,0,0,0,0,0,1206.95,1049.43,98.24,0.0,0.0,0.0,12.75,0.0,0.0,0.0
CN7,1M,8,4,3,0,0,0,0,0,0,1182.16,1021.10,97.74,0.0,0.0,0.0,12.75,0.0,0.0,0.0
CN7,1M,8,4,4,0,0,0,0,0,0,1115.73,979.29,97.73,0.0,0.0,0.0,12.75,0.0,0.0,0.0
CN7,1M,8,4,5,0,0,0,0,0,0,1201.85,986.14,65.16,0.0,0.0,0.0,8.5,0.0,0.0,0.0
CN7,1M,8,8,1,0,0,0,0,0,0,1174.46,1028.65,97.73,0.0,0.0,0.0,12.75,0.0,0.0,0.0
CN7,1M,8,8,2,0,0,0,0,0,0,1088.23,962.93,111.73,0.0,0.0,0.0,12.75,0.0,0.0,0.0
CN7,1M,8,8,3,0,0,0,0,0,0,1166.34,1014.56,97.72,0.0,0.0,0.0,12.75,0.0,0.0,0.0
CN7,1M,8,8,4,0,0,0,0,0,0,1197.65,1033.49,97.72,0.0,0.0,0.0,12.75,0.0,0.0,0.0
CN7,1M,8,8,5,0,0,0,0,0,0,1164.44,1020.11,97.72,0.0,0.0,0.0,12.75,0.0,0.0,0.0
CN7,1M,8,16,1,0,0,0,0,0,0,1171.55,982.76,97.72,0.0,0.0,0.0,12.75,0.0,0.0,0.0
CN7,1M,8,16,2,0,0,0,0,0,0,1084.68,912.82,65.14,0.0,0.0,0.0,8.5,0.0,0.0,0.0
CN7,1M,8,16,3,0,0,0,0,0,0,1080.55,944.08,97.72,0.0,0.0,0.0,12.75,0.0,0.0,0.0
CN7,1M,8,16,4,0,0,0,0,0,0,1071.89,906.39,99.71,0.0,0.0,0.0,12.75,0.0,0.0,0.0
CN7,1M,8,16,5,0,0,0,0,0,0,1083.38,944.85,111.21,0.0,0.0,0.0,12.75,0.0,0.0,0.0
CN7,1M,16,1,1,0,0,0,0,0,0,952.41,897.06,48.85,0.0,0.0,0.0,6.37,0.0,0.0,0.0
CN7,1M,16,1,2,0,0,0,0,0,0,1493.53,1322.21,58.85,0.0,0.0,0.0,7.62,0.0,0.0,0.0
CN7,1M,16,1,3,0,0,0,0,0,0,1425.42,1282.76,97.7,0.0,0.0,0.0,12.75,0.0,0.0,0.0
CN7,1M,16,1,4,0,0,0,0,0,0,994.38,918.95,97.7,0.0,0.0,0.0,12.75,0.0,0.0,0.0
CN7,1M,16,1,5,0,0,0,0,0,0,1537.78,1363.25,113.19,0.0,0.0,0.0,14.27,0.0,0.0,0.0
CN7,1M,16,2,1,0,0,0,0,0,0,1515.66,1300.03,109.69,0.0,0.0,0.0,14.25,0.0,0.0,0.0
CN7,1M,16,2,2,0,0,0,0,0,0,868.97,811.36,65.13,0.0,0.0,0.0,8.5,0.0,0.0,0.0
CN7,1M,16,2,3,0,0,0,0,0,0,1502.22,1378.57,75.46,0.0,0.0,0.0,8.5,0.0,0.0,0.0
CN7,1M,16,2,4,0,0,0,0,0,0,1572.04,1430.16,70.46,0.0,0.0,0.0,9.16,0.0,0.0,0.0
CN7,1M,16,2,5,0,0,0,0,0,0,1394.01,1242.43,67.79,0.0,0.0,0.0,8.56,0.0,0.0,0.0
CN7,1M,16,4,1,0,0,0,0,0,0,972.49,904.81,65.12,0.0,0.0,0.0,8.5,0.0,0.0,0.0
CN7,1M,16,4,2,0,0,0,0,0,0,1392.50,1287.11,65.12,0.0,0.0,0.0,8.5,0.0,0.0,0.0
CN7,1M,16,4,3,0,0,0,0,0,0,863.29,818.74,97.67,0.0,0.0,0.0,12.74,0.0,0.0,0.0
CN7,1M,16,4,4,0,0,0,0,0,0,1395.40,1234.46,65.12,0.0,0.0,0.0,8.49,0.0,0.0,0.0
CN7,1M,16,4,5,0,0,0,0,0,0,1402.45,1288.13,65.11,0.0,0.0,0.0,8.49,0.0,0.0,0.0
CN7,1M,16,8,1,0,0,0,0,0,0,1571.89,1378.91,113.67,0.0,0.0,0.0,12.74,0.0,0.0,0.0
CN7,1M,16,8,2,0,0,0,0,0,0,976.98,918.98,70.44,0.0,0.0,0.0,9.16,0.0,0.0,0.0
CN7,1M,16,8,3,0,0,0,0,0,0,1428.61,1304.76,65.11,0.0,0.0,0.0,8.49,0.0,0.0,0.0
CN7,1M,16,8,4,0,0,0,0,0,0,1489.49,1359.44,65.11,0.0,0.0,0.0,8.49,0.0,0.0,0.0
CN7,1M,16,8,5,0,0,0,0,0,0,695.96,653.88,97.66,0.0,0.0,0.0,12.74,0.0,0.0,0.0
CN7,1M,16,16,1,0,0,0,0,0,0,1003.99,941.92,65.1,0.0,0.0,0.0,8.49,0.0,0.0,0.0
CN7,1M,16,16,2,0,0,0,0,0,0,1415.92,1305.77,65.1,0.0,0.0,0.0,8.49,0.0,0.0,0.0
CN7,1M,16,16,3,0,0,0,0,0,0,1135.80,1042.31,65.1,0.0,0.0,0.0,8.49,0.0,0.0,0.0
CN7,1M,16,16,4,0,0,0,0,0,0,1590.22,1456.32,74.43,0.0,0.0,0.0,8.49,0.0,0.0,0.0
CN7,1M,16,16,5,0,0,0,0,0,0,936.93,870.41,103.76,0.0,0.0,0.0,12.69,0.0,0.0,0.0
CN7,2M,1,1,1,0,0,0,0,0,0,343.46,515.33,57.09,0.0,0.0,0.0,7.49,0.0,0.0,0.0
CN7,2M,1,1,2,0,0,0,0,0,0,413.68,583.31,57.09,0.0,0.0,0.0,7.49,0.0,0.0,0.0
CN7,2M,1,1,3,0,0,0,0,0,0,408.72,586.21,85.64,0.0,0.0,0.0,11.24,0.0,0.0,0.0
CN7,2M,1,1,4,0,0,0,0,0,0,160.89,276.59,85.64,0.0,0.0,0.0,11.24,0.0,0.0,0.0
CN7,2M,1,1,5,0,0,0,0,0,0,409.00,583.03,85.64,0.0,0.0,0.0,11.24,0.0,0.0,0.0
CN7,2M,1,2,1,0,0,0,0,0,0,413.39,582.74,57.09,0.0,0.0,0.0,7.49,0.0,0.0,0.0
CN7,2M,1,2,2,0,0,0,0,0,0,411.17,577.69,66.75,0.0,0.0,0.0,7.49,0.0,0.0,0.0
CN7,2M,1,2,3,0,0,0,0,0,0,162.31,279.00,85.63,0.0,0.0,0.0,11.24,0.0,0.0,0.0
CN7,2M,1,2,4,0,0,0,0,0,0,419.60,596.54,62.42,0.0,0.0,0.0,8.13,0.0,0.0,0.0
CN7,2M,1,2,5,0,0,0,0,0,0,421.20,599.27,86.12,0.0,0.0,0.0,11.24,0.0,0.0,0.0
CN7,2M,1,4,1,0,0,0,0,0,0,417.63,598.25,85.61,0.0,0.0,0.0,11.24,0.0,0.0,0.0
CN7,2M,1,4,2,0,0,0,0,0,0,165.03,283.65,57.08,0.0,0.0,0.0,7.49,0.0,0.0,0.0
CN7,2M,1,4,3,0,0,0,0,0,0,422.43,593.21,93.11,0.0,0.0,0.0,12.16,0.0,0.0,0.0
CN7,2M,1,4,4,0,0,0,0,0,0,421.58,580.29,57.07,0.0,0.0,0.0,7.49,0.0,0.0,0.0
CN7,2M,1,4,5,0,0,0,0,0,0,416.89,592.71,99.11,0.0,0.0,0.0,11.24,0.0,0.0,0.0
CN7,2M,1,8,1,0,0,0,0,0,0,167.02,286.60,85.61,0.0,0.0,0.0,11.23,0.0,0.0,0.0
CN7,2M,1,8,2,0,0,0,0,0,0,413.27,591.04,62.07,0.0,0.0,0.0,8.09,0.0,0.0,0.0
CN7,2M,1,8,3,0,0,0,0,0,0,404.50,579.64,85.6,0.0,0.0,0.0,11.23,0.0,0.0,0.0
CN7,2M,1,8,4,0,0,0,0,0,0,415.69,587.77,85.59,0.0,0.0,0.0,11.23,0.0,0.0,0.0
CN7,2M,1,8,5,0,0,0,0,0,0,170.26,290.33,85.59,0.0,0.0,0.0,11.23,0.0,0.0,0.0
CN7,2M,1,16,1,0,0,0,0,0,0,391.04,559.32,92.59,0.0,0.0,0.0,12.09,0.0,0.0,0.0
CN7,2M,1,16,2,0,0,0,0,0,0,411.33,575.63,63.06,0.0,0.0,0.0,8.22,0.0,0.0,0.0
CN7,2M,1,16,3,0,0,0,0,0,0,394.39,564.24,65.72,0.0,0.0,0.0,7.49,0.0,0.0,0.0
CN7,2M,1,16,4,0,0,0,0,0,0,168.39,287.55,57.06,0.0,0.0,0.0,7.49,0.0,0.0,0.0
CN7,2M,1,16,5,0,0,0,0,0,0,414.54,585.55,92.58,0.0,0.0,0.0,12.05,0.0,0.0,0.0
CN7,2M,2,1,1,0,0,0,0,0,0,201.62,366.06,110.58,0.0,0.0,0.0,14.23,0.0,0.0,0.0
CN7,2M,2,1,2,0,0,0,0,0,0,204.03,370.92,73.72,0.0,0.0,0.0,9.49,0.0,0.0,0.0
CN7,2M,2,1,3,0,0,0,0,0,0,202.77,366.88,109.58,0.0,0.0,0.0,14.23,0.0,0.0,0.0
CN7,2M,2,1,4,0,0,0,0,0,0,211.56,381.62,109.57,0.0,0.0,0.0,14.23,0.0,0.0,0.0
CN7,2M,2,1,5,0,0,0,0,0,0,201.20,363.68,110.07,0.0,0.0,0.0,14.23,0.0,0.0,0.0
CN7,2M,2,2,1,0,0,0,0,0,0,204.74,370.37,121.56,0.0,0.0,0.0,14.23,0.0,0.0,0.0
CN7,2M,2,2,2,0,0,0,0,0,0,214.42,387.97,73.04,0.0,0.0,0.0,9.49,0.0,0.0,0.0
CN7,2M,2,2,3,0,0,0,0,0,0,209.13,379.22,109.56,0.0,0.0,0.0,14.23,0.0,0.0,0.0
CN7,2M,2,2,4,0,0,0,0,0,0,214.76,388.29,73.37,0.0,0.0,0.0,9.48,0.0,0.0,0.0
CN7,2M,2,2,5,0,0,0,0,0,0,196.79,357.01,74.7,0.0,0.0,0.0,9.5,0.0,0.0,0.0
CN7,2M,2,4,1,0,0,0,0,0,0,205.07,370.49,109.56,0.0,0.0,0.0,14.23,0.0,0.0,0.0
CN7,2M,2,4,2,0,0,0,0,0,0,203.30,370.59,109.55,0.0,0.0,0.0,14.23,0.0,0.0,0.0
CN7,2M,2,4,3,0,0,0,0,0,0,220.36,397.24,73.03,0.0,0.0,0.0,9.48,0.0,0.0,0.0
CN7,2M,2,4,4,0,0,0,0,0,0,200.67,364.18,124.05,0.0,0.0,0.0,14.23,0.0,0.0,0.0
CN7,2M,2,4,5,0,0,0,0,0,0,206.84,374.47,109.55,0.0,0.0,0.0,14.23,0.0,0.0,0.0
CN7,2M,2,8,1,0,0,0,0,0,0,192.38,347.18,109.54,0.0,0.0,0.0,14.23,0.0,0.0,0.0
CN7,2M,2,8,2,0,0,0,0,0,0,196.59,358.51,73.36,0.0,0.0,0.0,9.48,0.0,0.0,0.0
CN7,2M,2,8,3,0,0,0,0,0,0,206.45,374.14,110.03,0.0,0.0,0.0,14.22,0.0,0.0,0.0
CN7,2M,2,8,4,0,0,0,0,0,0,198.29,360.06,110.03,0.0,0.0,0.0,14.22,0.0,0.0,0.0
CN7,2M,2,8,5,0,0,0,0,0,0,215.39,390.09,110.53,0.0,0.0,0.0,14.22,0.0,0.0,0.0
CN7,2M,2,16,1,0,0,0,0,0,0,207.21,374.34,73.35,0.0,0.0,0.0,9.48,0.0,0.0,0.0
CN7,2M,2,16,2,0,0,0,0,0,0,198.02,360.06,80.68,0.0,0.0,0.0,9.48,0.0,0.0,0.0
CN7,2M,2,16,3,0,0,0,0,0,0,206.67,374.40,109.53,0.0,0.0,0.0,14.22,0.0,0.0,0.0
CN7,2M,2,16,4,0,0,0,0,0,0,209.00,378.65,74.01,0.0,0.0,0.0,9.48,0.0,0.0,0.0
CN7,2M,2,16,5,0,0,0,0,0,0,206.58,373.80,111.52,0.0,0.0,0.0,14.25,0.0,0.0,0.0
CN7,2M,4,1,1,0,0,0,0,0,0,385.46,698.66,109.52,0.0,0.0,0.0,14.22,0.0,0.0,0.0
CN7,2M,4,1,2,0,0,0,0,0,0,377.03,688.30,73.01,0.0,0.0,0.0,9.48,0.0,0.0,0.0
CN7,2M,4,1,3,0,0,0,0,0,0,390.25,711.59,110.01,0.0,0.0,0.0,14.22,0.0,0.0,0.0
CN7,2M,4,1,4,0,0,0,0,0,0,381.39,692.62,73.34,0.0,0.0,0.0,9.48,0.0,0.0,0.0
CN7,2M,4,1,5,0,0,0,0,0,0,388.20,693.26,79.34,0.0,0.0,0.0,9.48,0.0,0.0,0.0
CN7,2M,4,2,1,0,0,0,0,0,0,349.38,641.01,73.0,0.0,0.0,0.0,9.48,0.0,0.0,0.0
CN7,2M,4,2,2,0,0,0,0,0,0,373.24,682.49,73.33,0.0,0.0,0.0,9.48,0.0,0.0,0.0
CN7,2M,4,2,3,0,0,0,0,0,0,396.64,718.66,110.0,0.0,0.0,0.0,14.22,0.0,0.0,0.0
CN7,2M,4,2,4,0,0,0,0,0,0,373.62,679.46,109.5,0.0,0.0,0.0,14.22,0.0,0.0,0.0
CN7,2M,4,2,5,0,0,0,0,0,0,392.07,714.52,112.5,0.0,0.0,0.0,14.24,0.0,0.0,0.0
CN7,2M,4,4,1,0,0,0,0,0,0,388.26,704.14,72.99,0.0,0.0,0.0,9.48,0.0,0.0,0.0
CN7,2M,4,4,2,0,0,0,0,0,0,389.45,708.44,73.33,0.0,0.0,0.0,9.48,0.0,0.0,0.0
CN7,2M,4,4,3,0,0,0,0,0,0,377.98,692.10,80.32,0.0,0.0,0.0,9.48,0.0,0.0,0.0
CN7,2M,4,4,4,0,0,0,0,0,0,403.81,732.33,109.48,0.0,0.0,0.0,14.22,0.0,0.0,0.0
CN7,2M,4,4,5,0,0,0,0,0,0,385.20,700.76,109.48,0.0,0.0,0.0,14.22,0.0,0.0,0.0
CN7,2M,4,8,1,0,0,0,0,0,0,373.82,684.46,72.99,0.0,0.0,0.0,9.48,0.0,0.0,0.0
CN7,2M,4,8,2,0,0,0,0,0,0,385.46,702.77,72.98,0.0,0.0,0.0,9.48,0.0,0.0,0.0
CN7,2M,4,8,3,0,0,0,0,0,0,387.33,704.85,109.47,0.0,0.0,0.0,14.22,0.0,0.0,0.0
CN7,2M,4,8,4,0,0,0,0,0,0,390.65,708.33,109.47,0.0,0.0,0.0,14.22,0.0,0.0,0.0
CN7,2M,4,8,5,0,0,0,0,0,0,387.95,703.05,109.47,0.0,0.0,0.0,14.22,0.0,0.0,0.0
CN7,2M,4,16,1,0,0,0,0,0,0,402.17,728.15,120.97,0.0,0.0,0.0,14.22,0.0,0.0,0.0
CN7,2M,4,16,2,0,0,0,0,0,0,379.29,691.77,109.47,0.0,0.0,0.0,14.21,0.0,0.0,0.0
CN7,2M,4,16,3,0,0,0,0,0,0,378.78,695.41,72.97,0.0,0.0,0.0,9.48,0.0,0.0,0.0
CN7,2M,4,16,4,0,0,0,0,0,0,373.72,682.11,72.97,0.0,0.0,0.0,9.48,0.0,0.0,0.0
CN7,2M,4,16,5,0,0,0,0,0,0,384.84,698.47,109.45,0.0,0.0,0.0,14.21,0.0,0.0,0.0
CN7,2M,8,1,1,0,0,0,0,0,0,374.33,714.12,72.97,0.0,0.0,0.0,9.48,0.0,0.0,0.0
CN7,2M,8,1,2,0,0,0,0,0,0,667.30,1225.98,72.97,0.0,0.0,0.0,9.48,0.0,0.0,0.0
CN7,2M,8,1,3,0,0,0,0,0,0,615.05,1142.84,73.3,0.0,0.0,0.0,9.48,0.0,0.0,0.0
CN7,2M,8,1,4,0,0,0,0,0,0,690.97,1271.39,79.96,0.0,0.0,0.0,9.48,0.0,0.0,0.0
CN7,2M,8,1,5,0,0,0,0,0,0,446.38,848.30,72.96,0.0,0.0,0.0,9.47,0.0,0.0,0.0
CN7,2M,8,2,1,0,0,0,0,0,0,611.09,1133.37,109.44,0.0,0.0,0.0,14.21,0.0,0.0,0.0
CN7,2M,8,2,2,0,0,0,0,0,0,692.32,1234.69,72.96,0.0,0.0,0.0,9.47,0.0,0.0,0.0
CN7,2M,8,2,3,0,0,0,0,0,0,660.38,1218.57,72.96,0.0,0.0,0.0,9.47,0.0,0.0,0.0
CN7,2M,8,2,4,0,0,0,0,0,0,454.70,858.49,72.96,0.0,0.0,0.0,9.47,0.0,0.0,0.0
CN7,2M,8,2,5,0,0,0,0,0,0,681.17,1254.68,109.43,0.0,0.0,0.0,14.21,0.0,0.0,0.0
CN7,2M,8,4,1,0,0,0,0,0,0,673.32,1236.41,72.95,0.0,0.0,0.0,9.47,0.0,0.0,0.0
CN7,2M,8,4,2,0,0,0,0,0,0,591.50,1100.13,80.62,0.0,0.0,0.0,9.47,0.0,0.0,0.0
CN7,2M,8,4,3,0,0,0,0,0,0,412.66,770.63,73.28,0.0,0.0,0.0,9.47,0.0,0.0,0.0
CN7,2M,8,4,4,0,0,0,0,0,0,584.96,1090.97,177.92,0.0,0.0,0.0,22.15,0.0,0.0,0.0
CN7,2M,8,4,5,0,0,0,0,0,0,594.23,1077.22,109.92,0.0,0.0,0.0,14.21,0.0,0.0,0.0
CN7,2M,8,8,1,0,0,0,0,0,0,629.41,1137.34,73.28,0.0,0.0,0.0,9.47,0.0,0.0,0.0
CN7,2M,8,8,2,0,0,0,0,0,0,475.31,892.12,74.61,0.0,0.0,0.0,9.47,0.0,0.0,0.0
CN7,2M,8,8,3,0,0,0,0,0,0,604.87,1128.41,112.41,0.0,0.0,0.0,14.21,0.0,0.0,0.0
CN7,2M,8,8,4,0,0,0,0,0,0,693.09,1267.30,166.41,0.0,0.0,0.0,21.19,0.0,0.0,0.0
CN7,2M,8,8,5,0,0,0,0,0,0,592.21,1104.33,121.91,0.0,0.0,0.0,14.21,0.0,0.0,0.0
CN7,2M,8,16,1,0,0,0,0,0,0,448.79,832.22,110.91,0.0,0.0,0.0,14.21,0.0,0.0,0.0
CN7,2M,8,16,2,0,0,0,0,0,0,693.07,1236.87,73.6,0.0,0.0,0.0,9.47,0.0,0.0,0.0
CN7,2M,8,16,3,0,0,0,0,0,0,610.96,1133.27,166.4,0.0,0.0,0.0,20.99,0.0,0.0,0.0
CN7,2M,8,16,4,0,0,0,0,0,0,594.63,1104.22,110.4,0.0,0.0,0.0,14.21,0.0,0.0,0.0
CN7,2M,8,16,5,0,0,0,0,0,0,469.47,885.25,110.39,0.0,0.0,0.0,14.21,0.0,0.0,0.0
CN7,2M,16,1,1,0,0,0,0,0,0,771.18,1468.96,209.93,0.0,0.0,0.0,25.68,0.0,0.0,0.0
CN7,2M,16,1,2,0,0,0,0,0,0,562.90,1072.56,114.93,0.0,0.0,0.0,14.59,0.0,0.0,0.0
CN7,2M,16,1,3,0,0,0,0,0,0,667.82,1261.03,349.89,0.0,0.0,0.0,40.5,0.0,0.0,0.0
CN7,2M,16,1,4,0,0,0,0,0,0,779.38,1488.41,202.59,0.0,0.0,0.0,24.95,0.0,0.0,0.0
CN7,2M,16,1,5,0,0,0,0,0,0,445.70,856.44,113.26,0.0,0.0,0.0,13.95,0.0,0.0,0.0
CN7,2M,16,2,1,0,0,0,0,0,0,805.82,1526.73,156.69,0.0,0.0,0.0,19.2,0.0,0.0,0.0
CN7,2M,16,2,2,0,0,0,0,0,0,617.55,1189.92,120.25,0.0,0.0,0.0,15.21,0.0,0.0,0.0
CN7,2M,16,2,3,0,0,0,0,0,0,638.88,1193.85,222.38,0.0,0.0,0.0,27.19,0.0,0.0,0.0
CN7,2M,16,2,4,0,0,0,0,0,0,759.24,1446.70,196.58,0.0,0.0,0.0,23.69,0.0,0.0,0.0
CN7,2M,16,2,5,0,0,0,0,0,0,616.36,1189.83,197.58,0.0,0.0,0.0,24.21,0.0,0.0,0.0
CN7,2M,16,4,1,0,0,0,0,0,0,567.05,1080.32,198.91,0.0,0.0,0.0,23.33,0.0,0.0,0.0
CN7,2M,16,4,2,0,0,0,0,0,0,792.63,1508.81,207.58,0.0,0.0,0.0,25.14,0.0,0.0,0.0
CN7,2M,16,4,3,0,0,0,0,0,0,412.37,789.30,108.91,0.0,0.0,0.0,13.66,0.0,0.0,0.0
CN7,2M,16,4,4,0,0,0,0,0,0,615.16,1185.42,171.24,0.0,0.0,0.0,21.12,0.0,0.0,0.0
CN7,2M,16,4,5,0,0,0,0,0,0,786.20,1500.21,97.57,0.0,0.0,0.0,12.24,0.0,0.0,0.0
CN7,2M,16,8,1,0,0,0,0,0,0,607.40,1147.32,176.91,0.0,0.0,0.0,21.21,0.0,0.0,0.0
CN7,2M,16,8,2,0,0,0,0,0,0,581.84,1107.16,152.57,0.0,0.0,0.0,18.58,0.0,0.0,0.0
CN7,2M,16,8,3,0,0,0,0,0,0,792.13,1504.99,272.36,0.0,0.0,0.0,32.82,0.0,0.0,0.0
CN7,2M,16,8,4,0,0,0,0,0,0,667.03,1280.29,5.7,0.0,0.0,0.0,0.62,0.0,0.0,0.0
CN7,2M,16,8,5,0,0,0,0,0,0,642.71,1235.32,195.89,0.0,0.0,0.0,23.45,0.0,0.0,0.0
CN7,2M,16,16,1,0,0,0,0,0,0,556.34,1055.10,212.56,0.0,0.0,0.0,26.13,0.0,0.0,0.0
CN7,2M,16,16,2,0,0,0,0,0,0,782.89,1461.33,109.22,0.0,0.0,0.0,13.69,0.0,0.0,0.0
CN7,2M,16,16,3,0,0,0,0,0,0,596.95,1134.19,216.89,0.0,0.0,0.0,26.09,0.0,0.0,0.0
CN7,2M,16,16,4,0,0,0,0,0,0,765.98,1463.20,166.22,0.0,0.0,0.0,20.86,0.0,0.0,0.0
CN7,2M,16,16,5,0,0,0,0,0,0,612.86,1164.20,125.55,0.0,0.0,0.0,15.5,0.0,0.0,0.0
CN7,4M,1,1,1,0,0,0,0,0,0,248.85,803.04,88.88,0.0,0.0,0.0,11.46,0.0,0.0,0.0
CN7,4M,1,1,2,0,0,0,0,0,0,238.35,768.75,148.82,0.0,0.0,0.0,17.2,0.0,0.0,0.0
CN7,4M,1,1,3,0,0,0,0,0,0,227.24,747.51,133.32,0.0,0.0,0.0,17.2,0.0,0.0,0.0
CN7,4M,1,1,4,0,0,0,0,0,0,239.48,772.97,88.88,0.0,0.0,0.0,11.46,0.0,0.0,0.0
CN7,4M,1,1,5,0,0,0,0,0,0,226.52,740.29,90.21,0.0,0.0,0.0,11.48,0.0,0.0,0.0
CN7,4M,1,2,1,0,0,0,0,0,0,214.15,701.71,133.31,0.0,0.0,0.0,17.19,0.0,0.0,0.0
CN7,4M,1,2,2,0,0,0,0,0,0,215.00,702.74,133.31,0.0,0.0,0.0,17.19,0.0,0.0,0.0
CN7,4M,1,2,3,0,0,0,0,0,0,225.49,732.95,89.2,0.0,0.0,0.0,11.46,0.0,0.0,0.0
CN7,4M,1,2,4,0,0,0,0,0,0,226.58,735.39,133.31,0.0,0.0,0.0,17.19,0.0,0.0,0.0
CN7,4M,1,2,5,0,0,0,0,0,0,241.69,778.78,147.81,0.0,0.0,0.0,17.19,0.0,0.0,0.0
CN7,4M,1,4,1,0,0,0,0,0,0,228.78,743.84,88.87,0.0,0.0,0.0,11.46,0.0,0.0,0.0
CN7,4M,1,4,2,0,0,0,0,0,0,227.11,730.78,88.86,0.0,0.0,0.0,11.46,0.0,0.0,0.0
CN7,4M,1,4,3,0,0,0,0,0,0,240.53,782.30,133.3,0.0,0.0,0.0,17.19,0.0,0.0,0.0
CN7,4M,1,4,4,0,0,0,0,0,0,240.18,775.57,89.2,0.0,0.0,0.0,11.46,0.0,0.0,0.0
CN7,4M,1,4,5,0,0,0,0,0,0,225.14,741.44,133.29,0.0,0.0,0.0,17.19,0.0,0.0,0.0
CN7,4M,1,8,1,0,0,0,0,0,0,227.08,739.21,88.86,0.0,0.0,0.0,11.46,0.0,0.0,0.0
CN7,4M,1,8,2,0,0,0,0,0,0,226.73,740.10,88.86,0.0,0.0,0.0,11.46,0.0,0.0,0.0
CN7,4M,1,8,3,0,0,0,0,0,0,226.72,741.01,98.19,0.0,0.0,0.0,11.46,0.0,0.0,0.0
CN7,4M,1,8,4,0,0,0,0,0,0,226.51,741.47,133.28,0.0,0.0,0.0,17.19,0.0,0.0,0.0
CN7,4M,1,8,5,0,0,0,0,0,0,234.58,765.42,88.85,0.0,0.0,0.0,11.46,0.0,0.0,0.0
CN7,4M,1,16,1,0,0,0,0,0,0,211.72,703.24,88.85,0.0,0.0,0.0,11.46,0.0,0.0,0.0
CN7,4M,1,16,2,0,0,0,0,0,0,224.87,726.57,88.85,0.0,0.0,0.0,11.46,0.0,0.0,0.0
CN7,4M,1,16,3,0,0,0,0,0,0,236.54,766.92,133.27,0.0,0.0,0.0,17.19,0.0,0.0,0.0
CN7,4M,1,16,4,0,0,0,0,0,0,238.83,770.13,133.27,0.0,0.0,0.0,17.19,0.0,0.0,0.0
CN7,4M,1,16,5,0,0,0,0,0,0,227.22,736.39,135.26,0.0,0.0,0.0,17.21,0.0,0.0,0.0
CN7,4M,2,1,1,0,0,0,0,0,0,113.79,429.52,194.26,0.0,0.0,0.0,23.19,0.0,0.0,0.0
CN7,4M,2,1,2,0,0,0,0,0,0,117.27,442.89,120.84,0.0,0.0,0.0,15.46,0.0,0.0,0.0
CN7,4M,2,1,3,0,0,0,0,0,0,113.27,427.45,181.26,0.0,0.0,0.0,23.19,0.0,0.0,0.0
CN7,4M,2,1,4,0,0,0,0,0,0,116.38,438.48,181.25,0.0,0.0,0.0,23.19,0.0,0.0,0.0
CN7,4M,2,1,5,0,0,0,0,0,0,113.78,430.17,181.25,0.0,0.0,0.0,23.19,0.0,0.0,0.0
CN7,4M,2,2,1,0,0,0,0,0,0,113.39,429.01,181.25,0.0,0.0,0.0,23.19,0.0,0.0,0.0
CN7,4M,2,2,2,0,0,0,0,0,0,111.77,422.10,181.25,0.0,0.0,0.0,23.19,0.0,0.0,0.0
CN7,4M,2,2,3,0,0,0,0,0,0,115.22,433.47,181.25,0.0,0.0,0.0,23.19,0.0,0.0,0.0
CN7,4M,2,2,4,0,0,0,0,0,0,116.58,437.72,129.16,0.0,0.0,0.0,15.46,0.0,0.0,0.0
CN7,4M,2,2,5,0,0,0,0,0,0,113.60,429.35,181.25,0.0,0.0,0.0,23.19,0.0,0.0,0.0
CN7,4M,2,4,1,0,0,0,0,0,0,115.56,434.40,181.24,0.0,0.0,0.0,23.19,0.0,0.0,0.0
CN7,4M,2,4,2,0,0,0,0,0,0,114.15,429.61,120.82,0.0,0.0,0.0,15.46,0.0,0.0,0.0
CN7,4M,2,4,3,0,0,0,0,0,0,116.29,439.46,120.82,0.0,0.0,0.0,15.46,0.0,0.0,0.0
CN7,4M,2,4,4,0,0,0,0,0,0,111.58,422.76,181.24,0.0,0.0,0.0,23.18,0.0,0.0,0.0
CN7,4M,2,4,5,0,0,0,0,0,0,114.50,433.30,183.73,0.0,0.0,0.0,23.21,0.0,0.0,0.0
CN7,4M,2,8,1,0,0,0,0,0,0,115.08,435.41,181.23,0.0,0.0,0.0,23.18,0.0,0.0,0.0
CN7,4M,2,8,2,0,0,0,0,0,0,114.76,433.52,192.72,0.0,0.0,0.0,23.18,0.0,0.0,0.0
CN7,4M,2,8,3,0,0,0,0,0,0,111.65,422.81,120.82,0.0,0.0,0.0,15.46,0.0,0.0,0.0
CN7,4M,2,8,4,0,0,0,0,0,0,114.54,432.59,181.22,0.0,0.0,0.0,23.18,0.0,0.0,0.0
CN7,4M,2,8,5,0,0,0,0,0,0,111.54,421.56,181.22,0.0,0.0,0.0,23.18,0.0,0.0,0.0
CN7,4M,2,16,1,0,0,0,0,0,0,114.78,433.76,181.22,0.0,0.0,0.0,23.18,0.0,0.0,0.0
CN7,4M,2,16,2,0,0,0,0,0,0,112.20,424.11,120.81,0.0,0.0,0.0,15.45,0.0,0.0,0.0
CN7,4M,2,16,3,0,0,0,0,0,0,113.73,430.26,181.21,0.0,0.0,0.0,23.18,0.0,0.0,0.0
CN7,4M,2,16,4,0,0,0,0,0,0,118.51,446.49,121.14,0.0,0.0,0.0,15.45,0.0,0.0,0.0
CN7,4M,2,16,5,0,0,0,0,0,0,113.79,429.56,196.71,0.0,0.0,0.0,23.18,0.0,0.0,0.0
CN7,4M,4,1,1,0,0,0,0,0,0,211.11,804.11,153.14,0.0,0.0,0.0,19.45,0.0,0.0,0.0
CN7,4M,4,1,2,0,0,0,0,0,0,207.65,787.09,213.2,0.0,0.0,0.0,27.18,0.0,0.0,0.0
CN7,4M,4,1,3,0,0,0,0,0,0,212.64,805.74,229.2,0.0,0.0,0.0,29.18,0.0,0.0,0.0
CN7,4M,4,1,4,0,0,0,0,0,0,210.31,796.80,229.2,0.0,0.0,0.0,29.18,0.0,0.0,0.0
CN7,4M,4,1,5,0,0,0,0,0,0,215.08,815.69,213.19,0.0,0.0,0.0,27.18,0.0,0.0,0.0
CN7,4M,4,2,1,0,0,0,0,0,0,210.90,800.55,152.8,0.0,0.0,0.0,19.45,0.0,0.0,0.0
CN7,4M,4,2,2,0,0,0,0,0,0,218.46,827.50,152.79,0.0,0.0,0.0,19.45,0.0,0.0,0.0
CN7,4M,4,2,3,0,0,0,0,0,0,213.77,811.06,241.69,0.0,0.0,0.0,29.18,0.0,0.0,0.0
CN7,4M,4,2,4,0,0,0,0,0,0,210.32,795.22,152.79,0.0,0.0,0.0,19.45,0.0,0.0,0.0
CN7,4M,4,2,5,0,0,0,0,0,0,224.29,847.81,156.12,0.0,0.0,0.0,19.52,0.0,0.0,0.0
CN7,4M,4,4,1,0,0,0,0,0,0,211.95,803.52,152.79,0.0,0.0,0.0,19.45,0.0,0.0,0.0
CN7,4M,4,4,2,0,0,0,0,0,0,217.90,823.11,229.18,0.0,0.0,0.0,29.18,0.0,0.0,0.0
CN7,4M,4,4,3,0,0,0,0,0,0,209.13,793.65,229.18,0.0,0.0,0.0,29.18,0.0,0.0,0.0
CN7,4M,4,4,4,0,0,0,0,0,0,208.58,790.65,229.18,0.0,0.0,0.0,29.18,0.0,0.0,0.0
CN7,4M,4,4,5,0,0,0,0,0,0,212.35,803.42,229.68,0.0,0.0,0.0,29.18,0.0,0.0,0.0
CN7,4M,4,8,1,0,0,0,0,0,0,214.12,810.36,242.67,0.0,0.0,0.0,29.18,0.0,0.0,0.0
CN7,4M,4,8,2,0,0,0,0,0,0,217.91,824.55,229.17,0.0,0.0,0.0,29.18,0.0,0.0,0.0
CN7,4M,4,8,3,0,0,0,0,0,0,213.72,813.06,227.74,0.0,0.0,0.0,29.0,0.0,0.0,0.0
CN7,4M,4,8,4,0,0,0,0,0,0,213.11,806.94,229.17,0.0,0.0,0.0,29.18,0.0,0.0,0.0
CN7,4M,4,8,5,0,0,0,0,0,0,208.97,790.99,229.17,0.0,0.0,0.0,29.18,0.0,0.0,0.0
CN7,4M,4,16,1,0,0,0,0,0,0,210.08,795.32,213.16,0.0,0.0,0.0,27.17,0.0,0.0,0.0
CN7,4M,4,16,2,0,0,0,0,0,0,209.63,793.01,152.77,0.0,0.0,0.0,19.45,0.0,0.0,0.0
CN7,4M,4,16,3,0,0,0,0,0,0,193.78,737.57,229.16,0.0,0.0,0.0,29.17,0.0,0.0,0.0
CN7,4M,4,16,4,0,0,0,0,0,0,218.35,827.13,244.16,0.0,0.0,0.0,29.17,0.0,0.0,0.0
CN7,4M,4,16,5,0,0,0,0,0,0,208.40,790.03,229.15,0.0,0.0,0.0,29.17,0.0,0.0,0.0
CN7,4M,8,1,1,0,0,0,0,0,0,333.79,1283.14,163.43,0.0,0.0,0.0,20.78,0.0,0.0,0.0
CN7,4M,8,1,2,0,0,0,0,0,0,308.64,1185.07,206.1,0.0,0.0,0.0,26.12,0.0,0.0,0.0
CN7,4M,8,1,3,0,0,0,0,0,0,370.42,1405.57,261.14,0.0,0.0,0.0,33.17,0.0,0.0,0.0
CN7,4M,8,1,4,0,0,0,0,0,0,374.20,1424.30,174.1,0.0,0.0,0.0,22.11,0.0,0.0,0.0
CN7,4M,8,1,5,0,0,0,0,0,0,372.48,1419.15,277.14,0.0,0.0,0.0,35.17,0.0,0.0,0.0
CN7,4M,8,2,1,0,0,0,0,0,0,319.47,1226.23,229.13,0.0,0.0,0.0,29.17,0.0,0.0,0.0
CN7,4M,8,2,2,0,0,0,0,0,0,357.73,1342.26,276.13,0.0,0.0,0.0,33.17,0.0,0.0,0.0
CN7,4M,8,2,3,0,0,0,0,0,0,306.51,1174.26,229.13,0.0,0.0,0.0,29.17,0.0,0.0,0.0
CN7,4M,8,2,4,0,0,0,0,0,0,327.05,1253.56,195.75,0.0,0.0,0.0,24.78,0.0,0.0,0.0
CN7,4M,8,2,5,0,0,0,0,0,0,308.27,1167.78,152.75,0.0,0.0,0.0,19.45,0.0,0.0,0.0
CN7,4M,8,4,1,0,0,0,0,0,0,301.90,1160.53,163.42,0.0,0.0,0.0,20.78,0.0,0.0,0.0
CN7,4M,8,4,2,0,0,0,0,0,0,361.83,1355.98,216.75,0.0,0.0,0.0,27.45,0.0,0.0,0.0
CN7,4M,8,4,3,0,0,0,0,0,0,298.99,1149.57,229.12,0.0,0.0,0.0,29.17,0.0,0.0,0.0
CN7,4M,8,4,4,0,0,0,0,0,0,379.19,1440.20,245.12,0.0,0.0,0.0,31.17,0.0,0.0,0.0
CN7,4M,8,4,5,0,0,0,0,0,0,345.85,1324.99,274.62,0.0,0.0,0.0,33.17,0.0,0.0,0.0
CN7,4M,8,8,1,0,0,0,0,0,0,365.37,1388.27,206.08,0.0,0.0,0.0,26.11,0.0,0.0,0.0
CN7,4M,8,8,2,0,0,0,0,0,0,338.10,1294.56,261.62,0.0,0.0,0.0,33.17,0.0,0.0,0.0
CN7,4M,8,8,3,0,0,0,0,0,0,359.91,1380.76,184.74,0.0,0.0,0.0,23.45,0.0,0.0,0.0
CN7,4M,8,8,4,0,0,0,0,0,0,331.05,1274.90,277.11,0.0,0.0,0.0,35.17,0.0,0.0,0.0
CN7,4M,8,8,5,0,0,0,0,0,0,373.67,1430.21,232.61,0.0,0.0,0.0,29.19,0.0,0.0,0.0
CN7,4M,8,16,1,0,0,0,0,0,0,363.44,1387.75,229.11,0.0,0.0,0.0,29.17,0.0,0.0,0.0
CN7,4M,8,16,2,0,0,0,0,0,0,334.11,1277.64,153.07,0.0,0.0,0.0,19.44,0.0,0.0,0.0
CN7,4M,8,16,3,0,0,0,0,0,0,373.28,1406.36,215.4,0.0,0.0,0.0,26.11,0.0,0.0,0.0
CN7,4M,8,16,4,0,0,0,0,0,0,362.29,1385.69,245.1,0.0,0.0,0.0,31.17,0.0,0.0,0.0
CN7,4M,8,16,5,0,0,0,0,0,0,332.33,1253.54,266.1,0.0,0.0,0.0,33.26,0.0,0.0,0.0
CN7,4M,16,1,1,0,0,0,0,0,0,402.91,1554.95,398.06,0.0,0.0,0.0,50.11,0.0,0.0,0.0
CN7,4M,16,1,2,0,0,0,0,0,0,397.47,1549.76,291.39,0.0,0.0,0.0,36.78,0.0,0.0,0.0
CN7,4M,16,1,3,0,0,0,0,0,0,417.28,1628.14,408.73,0.0,0.0,0.0,51.44,0.0,0.0,0.0
CN7,4M,16,1,4,0,0,0,0,0,0,402.72,1573.79,171.3,0.0,0.0,0.0,21.58,0.0,0.0,0.0
CN7,4M,16,1,5,0,0,0,0,0,0,427.87,1665.96,227.39,0.0,0.0,0.0,28.78,0.0,0.0,0.0
CN7,4M,16,2,1,0,0,0,0,0,0,448.32,1743.81,355.06,0.0,0.0,0.0,43.03,0.0,0.0,0.0
CN7,4M,16,2,2,0,0,0,0,0,0,439.57,1714.00,334.39,0.0,0.0,0.0,42.11,0.0,0.0,0.0
CN7,4M,16,2,3,0,0,0,0,0,0,468.85,1824.32,313.05,0.0,0.0,0.0,39.44,0.0,0.0,0.0
CN7,4M,16,2,4,0,0,0,0,0,0,427.68,1648.40,178.79,0.0,0.0,0.0,22.58,0.0,0.0,0.0
CN7,4M,16,2,5,0,0,0,0,0,0,409.53,1579.65,249.05,0.0,0.0,0.0,31.44,0.0,0.0,0.0
CN7,4M,16,4,1,0,0,0,0,0,0,414.51,1600.18,238.38,0.0,0.0,0.0,30.11,0.0,0.0,0.0
CN7,4M,16,4,2,0,0,0,0,0,0,447.17,1743.16,324.05,0.0,0.0,0.0,40.78,0.0,0.0,0.0
CN7,4M,16,4,3,0,0,0,0,0,0,442.07,1721.31,250.38,0.0,0.0,0.0,31.44,0.0,0.0,0.0
CN7,4M,16,4,4,0,0,0,0,0,0,422.30,1629.66,279.38,0.0,0.0,0.0,33.65,0.0,0.0,0.0
CN7,4M,16,4,5,0,0,0,0,0,0,433.92,1689.97,184.71,0.0,0.0,0.0,23.44,0.0,0.0,0.0
CN7,4M,16,8,1,0,0,0,0,0,0,329.51,1280.90,222.03,0.0,0.0,0.0,27.58,0.0,0.0,0.0
CN7,4M,16,8,2,0,0,0,0,0,0,366.05,1432.64,325.56,0.0,0.0,0.0,41.16,0.0,0.0,0.0
CN7,4M,16,8,3,0,0,0,0,0,0,434.76,1673.05,281.04,0.0,0.0,0.0,35.44,0.0,0.0,0.0
CN7,4M,16,8,4,0,0,0,0,0,0,412.87,1611.01,279.28,0.0,0.0,0.0,35.1,0.0,0.0,0.0
CN7,4M,16,8,5,0,0,0,0,0,0,427.58,1649.90,249.04,0.0,0.0,0.0,31.44,0.0,0.0,0.0
CN7,4M,16,16,1,0,0,0,0,0,0,345.47,1343.98,217.04,0.0,0.0,0.0,27.44,0.0,0.0,0.0
CN7,4M,16,16,2,0,0,0,0,0,0,406.83,1573.52,283.04,0.0,0.0,0.0,34.11,0.0,0.0,0.0
CN7,4M,16,16,3,0,0,0,0,0,0,425.02,1636.50,221.7,0.0,0.0,0.0,27.91,0.0,0.0,0.0
CN7,4M,16,16,4,0,0,0,0,0,0,414.66,1604.03,261.03,0.0,0.0,0.0,32.77,0.0,0.0,0.0
CN7,4M,16,16,5,0,0,0,0,0,0,433.72,1659.16,383.36,0.0,0.0,0.0,48.19,0.0,0.0,0.0
CN7,8M,1,1,1,0,0,0,0,0,0,127.09,909.43,181.05,0.0,0.0,0.0,23.16,0.0,0.0,0.0
CN7,8M,1,1,2,0,0,0,0,0,0,119.24,854.76,181.04,0.0,0.0,0.0,23.16,0.0,0.0,0.0
CN7,8M,1,1,3,0,0,0,0,0,0,119.24,859.64,181.04,0.0,0.0,0.0,23.16,0.0,0.0,0.0
CN7,8M,1,1,4,0,0,0,0,0,0,124.57,894.38,181.04,0.0,0.0,0.0,23.16,0.0,0.0,0.0
CN7,8M,1,1,5,0,0,0,0,0,0,120.23,862.07,196.53,0.0,0.0,0.0,23.16,0.0,0.0,0.0
CN7,8M,1,2,1,0,0,0,0,0,0,115.97,837.14,120.69,0.0,0.0,0.0,15.44,0.0,0.0,0.0
CN7,8M,1,2,2,0,0,0,0,0,0,121.53,871.07,181.03,0.0,0.0,0.0,23.16,0.0,0.0,0.0
CN7,8M,1,2,3,0,0,0,0,0,0,124.90,894.95,181.03,0.0,0.0,0.0,23.16,0.0,0.0,0.0
CN7,8M,1,2,4,0,0,0,0,0,0,118.21,849.11,121.35,0.0,0.0,0.0,15.44,0.0,0.0,0.0
CN7,8M,1,2,5,0,0,0,0,0,0,126.16,907.76,181.03,0.0,0.0,0.0,23.16,0.0,0.0,0.0
CN7,8M,1,4,1,0,0,0,0,0,0,125.75,898.45,120.68,0.0,0.0,0.0,15.44,0.0,0.0,0.0
CN7,8M,1,4,2,0,0,0,0,0,0,118.23,852.89,181.02,0.0,0.0,0.0,23.16,0.0,0.0,0.0
CN7,8M,1,4,3,0,0,0,0,0,0,121.66,871.97,195.01,0.0,0.0,0.0,23.16,0.0,0.0,0.0
CN7,8M,1,4,4,0,0,0,0,0,0,123.48,885.88,181.01,0.0,0.0,0.0,23.16,0.0,0.0,0.0
CN7,8M,1,4,5,0,0,0,0,0,0,125.85,903.17,181.01,0.0,0.0,0.0,23.16,0.0,0.0,0.0
CN7,8M,1,8,1,0,0,0,0,0,0,127.16,908.52,181.01,0.0,0.0,0.0,23.15,0.0,0.0,0.0
CN7,8M,1,8,2,0,0,0,0,0,0,126.83,910.40,181.01,0.0,0.0,0.0,23.15,0.0,0.0,0.0
CN7,8M,1,8,3,0,0,0,0,0,0,124.27,886.04,121.34,0.0,0.0,0.0,15.44,0.0,0.0,0.0
CN7,8M,1,8,4,0,0,0,0,0,0,120.07,856.92,120.67,0.0,0.0,0.0,15.44,0.0,0.0,0.0
CN7,8M,1,8,5,0,0,0,0,0,0,126.76,905.53,181.0,0.0,0.0,0.0,23.15,0.0,0.0,0.0
CN7,8M,1,16,1,0,0,0,0,0,0,121.52,871.05,119.67,0.0,0.0,0.0,14.1,0.0,0.0,0.0
CN7,8M,1,16,2,0,0,0,0,0,0,123.53,876.14,120.66,0.0,0.0,0.0,15.44,0.0,0.0,0.0
CN7,8M,1,16,3,0,0,0,0,0,0,119.80,859.71,120.66,0.0,0.0,0.0,15.44,0.0,0.0,0.0
CN7,8M,1,16,4,0,0,0,0,0,0,125.14,893.28,120.99,0.0,0.0,0.0,15.43,0.0,0.0,0.0
CN7,8M,1,16,5,0,0,0,0,0,0,119.55,849.67,120.66,0.0,0.0,0.0,15.43,0.0,0.0,0.0
CN7,8M,2,1,1,0,0,0,0,0,0,72.00,556.03,276.99,0.0,0.0,0.0,35.15,0.0,0.0,0.0
CN7,8M,2,1,2,0,0,0,0,0,0,70.46,544.77,276.99,0.0,0.0,0.0,35.15,0.0,0.0,0.0
CN7,8M,2,1,3,0,0,0,0,0,0,71.26,550.30,276.98,0.0,0.0,0.0,35.15,0.0,0.0,0.0
CN7,8M,2,1,4,0,0,0,0,0,0,73.25,566.19,193.99,0.0,0.0,0.0,23.43,0.0,0.0,0.0
CN7,8M,2,1,5,0,0,0,0,0,0,69.69,539.36,281.48,0.0,0.0,0.0,35.24,0.0,0.0,0.0
CN7,8M,2,2,1,0,0,0,0,0,0,71.42,552.01,276.98,0.0,0.0,0.0,35.15,0.0,0.0,0.0
CN7,8M,2,2,2,0,0,0,0,0,0,71.32,551.38,276.98,0.0,0.0,0.0,35.15,0.0,0.0,0.0
CN7,8M,2,2,3,0,0,0,0,0,0,73.55,568.60,276.97,0.0,0.0,0.0,35.15,0.0,0.0,0.0
CN7,8M,2,2,4,0,0,0,0,0,0,71.21,550.49,277.47,0.0,0.0,0.0,35.15,0.0,0.0,0.0
CN7,8M,2,2,5,0,0,0,0,0,0,72.86,562.65,184.65,0.0,0.0,0.0,23.43,0.0,0.0,0.0
CN7,8M,2,4,1,0,0,0,0,0,0,75.01,578.77,184.64,0.0,0.0,0.0,23.43,0.0,0.0,0.0
CN7,8M,2,4,2,0,0,0,0,0,0,71.63,553.10,292.97,0.0,0.0,0.0,35.15,0.0,0.0,0.0
CN7,8M,2,4,3,0,0,0,0,0,0,71.67,553.88,276.96,0.0,0.0,0.0,35.15,0.0,0.0,0.0
CN7,8M,2,4,4,0,0,0,0,0,0,70.35,545.58,276.96,0.0,0.0,0.0,35.15,0.0,0.0,0.0
CN7,8M,2,4,5,0,0,0,0,0,0,72.52,560.15,276.95,0.0,0.0,0.0,35.15,0.0,0.0,0.0
CN7,8M,2,8,1,0,0,0,0,0,0,72.12,556.70,184.64,0.0,0.0,0.0,23.43,0.0,0.0,0.0
CN7,8M,2,8,2,0,0,0,0,0,0,71.94,555.41,276.95,0.0,0.0,0.0,35.15,0.0,0.0,0.0
CN7,8M,2,8,3,0,0,0,0,0,0,71.38,551.78,276.95,0.0,0.0,0.0,35.15,0.0,0.0,0.0
CN7,8M,2,8,4,0,0,0,0,0,0,70.91,547.63,184.63,0.0,0.0,0.0,23.43,0.0,0.0,0.0
CN7,8M,2,8,5,0,0,0,0,0,0,70.42,544.73,294.94,0.0,0.0,0.0,35.15,0.0,0.0,0.0
CN7,8M,2,16,1,0,0,0,0,0,0,73.04,564.28,276.94,0.0,0.0,0.0,35.15,0.0,0.0,0.0
CN7,8M,2,16,2,0,0,0,0,0,0,72.68,561.71,184.63,0.0,0.0,0.0,23.43,0.0,0.0,0.0
CN7,8M,2,16,3,0,0,0,0,0,0,72.80,560.65,184.63,0.0,0.0,0.0,23.43,0.0,0.0,0.0
CN7,8M,2,16,4,0,0,0,0,0,0,71.29,551.03,276.94,0.0,0.0,0.0,35.15,0.0,0.0,0.0
CN7,8M,2,16,5,0,0,0,0,0,0,70.92,548.82,280.94,0.0,0.0,0.0,35.18,0.0,0.0,0.0
CN7,8M,4,1,1,0,0,0,0,0,0,129.14,998.64,324.94,0.0,0.0,0.0,41.14,0.0,0.0,0.0
CN7,8M,4,1,2,0,0,0,0,0,0,134.71,1042.70,308.93,0.0,0.0,0.0,39.14,0.0,0.0,0.0
CN7,8M,4,1,3,0,0,0,0,0,0,127.60,988.12,236.95,0.0,0.0,0.0,28.76,0.0,0.0,0.0
CN7,8M,4,1,4,0,0,0,0,0,0,130.04,1007.69,324.93,0.0,0.0,0.0,41.14,0.0,0.0,0.0
CN7,8M,4,1,5,0,0,0,0,0,0,134.56,1041.42,230.28,0.0,0.0,0.0,28.82,0.0,0.0,0.0
CN7,8M,4,2,1,0,0,0,0,0,0,129.51,1002.07,341.92,0.0,0.0,0.0,43.14,0.0,0.0,0.0
CN7,8M,4,2,2,0,0,0,0,0,0,125.23,971.66,326.42,0.0,0.0,0.0,41.14,0.0,0.0,0.0
CN7,8M,4,2,3,0,0,0,0,0,0,131.06,1016.32,206.95,0.0,0.0,0.0,26.1,0.0,0.0,0.0
CN7,8M,4,2,4,0,0,0,0,0,0,136.03,1051.70,206.94,0.0,0.0,0.0,26.09,0.0,0.0,0.0
CN7,8M,4,2,5,0,0,0,0,0,0,131.38,1017.23,326.42,0.0,0.0,0.0,41.14,0.0,0.0,0.0
CN7,8M,4,4,1,0,0,0,0,0,0,135.55,1047.14,338.41,0.0,0.0,0.0,41.14,0.0,0.0,0.0
CN7,8M,4,4,2,0,0,0,0,0,0,129.08,998.58,326.41,0.0,0.0,0.0,41.14,0.0,0.0,0.0
CN7,8M,4,4,3,0,0,0,0,0,0,129.96,1007.41,217.61,0.0,0.0,0.0,27.43,0.0,0.0,0.0
CN7,8M,4,4,4,0,0,0,0,0,0,134.97,1043.51,341.4,0.0,0.0,0.0,43.14,0.0,0.0,0.0
CN7,8M,4,4,5,0,0,0,0,0,0,129.09,999.95,311.9,0.0,0.0,0.0,39.16,0.0,0.0,0.0
CN7,8M,4,8,1,0,0,0,0,0,0,130.83,1011.39,340.9,0.0,0.0,0.0,43.14,0.0,0.0,0.0
CN7,8M,4,8,2,0,0,0,0,0,0,134.47,1041.20,341.4,0.0,0.0,0.0,43.14,0.0,0.0,0.0
CN7,8M,4,8,3,0,0,0,0,0,0,127.64,989.27,324.9,0.0,0.0,0.0,41.14,0.0,0.0,0.0
CN7,8M,4,8,4,0,0,0,0,0,0,130.03,1006.51,244.93,0.0,0.0,0.0,30.09,0.0,0.0,0.0
CN7,8M,4,8,5,0,0,0,0,0,0,131.24,1016.73,324.89,0.0,0.0,0.0,41.14,0.0,0.0,0.0
CN7,8M,4,16,1,0,0,0,0,0,0,125.73,974.06,325.39,0.0,0.0,0.0,41.14,0.0,0.0,0.0
CN7,8M,4,16,2,0,0,0,0,0,0,136.67,1055.88,216.59,0.0,0.0,0.0,27.43,0.0,0.0,0.0
CN7,8M,4,16,3,0,0,0,0,0,0,127.55,988.39,216.93,0.0,0.0,0.0,27.43,0.0,0.0,0.0
CN7,8M,4,16,4,0,0,0,0,0,0,131.27,1015.75,324.88,0.0,0.0,0.0,41.14,0.0,0.0,0.0
CN7,8M,4,16,5,0,0,0,0,0,0,126.32,980.85,229.26,0.0,0.0,0.0,28.78,0.0,0.0,0.0
CN7,8M,8,1,1,0,0,0,0,0,0,178.78,1399.73,452.88,0.0,0.0,0.0,57.14,0.0,0.0,0.0
CN7,8M,8,1,2,0,0,0,0,0,0,198.61,1550.67,321.59,0.0,0.0,0.0,39.43,0.0,0.0,0.0
CN7,8M,8,1,3,0,0,0,0,0,0,183.41,1436.91,644.88,0.0,0.0,0.0,81.14,0.0,0.0,0.0
CN7,8M,8,1,4,0,0,0,0,0,0,195.96,1529.75,387.59,0.0,0.0,0.0,48.76,0.0,0.0,0.0
CN7,8M,8,1,5,0,0,0,0,0,0,221.56,1727.56,348.92,0.0,0.0,0.0,43.42,0.0,0.0,0.0
CN7,8M,8,2,1,0,0,0,0,0,0,190.82,1490.08,661.38,0.0,0.0,0.0,83.14,0.0,0.0,0.0
CN7,8M,8,2,2,0,0,0,0,0,0,221.99,1722.97,469.37,0.0,0.0,0.0,59.14,0.0,0.0,0.0
CN7,8M,8,2,3,0,0,0,0,0,0,197.21,1539.56,581.37,0.0,0.0,0.0,73.14,0.0,0.0,0.0
CN7,8M,8,2,4,0,0,0,0,0,0,216.60,1690.05,517.37,0.0,0.0,0.0,65.14,0.0,0.0,0.0
CN7,8M,8,2,5,0,0,0,0,0,0,202.96,1585.96,553.37,0.0,0.0,0.0,67.14,0.0,0.0,0.0
CN7,8M,8,4,1,0,0,0,0,0,0,181.14,1412.26,485.37,0.0,0.0,0.0,61.14,0.0,0.0,0.0
CN7,8M,8,4,2,0,0,0,0,0,0,226.25,1761.70,434.91,0.0,0.0,0.0,54.09,0.0,0.0,0.0
CN7,8M,8,4,3,0,0,0,0,0,0,174.02,1363.33,517.37,0.0,0.0,0.0,65.14,0.0,0.0,0.0
CN7,8M,8,4,4,0,0,0,0,0,0,221.15,1704.05,334.24,0.0,0.0,0.0,42.09,0.0,0.0,0.0
CN7,8M,8,4,5,0,0,0,0,0,0,201.02,1428.14,408.36,0.0,0.0,0.0,51.16,0.0,0.0,0.0
CN7,8M,8,8,1,0,0,0,0,0,0,221.50,1704.91,408.91,0.0,0.0,0.0,51.42,0.0,0.0,0.0
CN7,8M,8,8,2,0,0,0,0,0,0,187.23,1451.97,387.9,0.0,0.0,0.0,48.76,0.0,0.0,0.0
CN7,8M,8,8,3,0,0,0,0,0,0,200.72,1543.52,368.57,0.0,0.0,0.0,44.76,0.0,0.0,0.0
CN7,8M,8,8,4,0,0,0,0,0,0,193.27,1346.24,466.57,0.0,0.0,0.0,58.09,0.0,0.0,0.0
CN7,8M,8,8,5,0,0,0,0,0,0,195.20,1523.68,484.86,0.0,0.0,0.0,61.13,0.0,0.0,0.0
CN7,8M,8,16,1,0,0,0,0,0,0,174.10,1361.24,565.35,0.0,0.0,0.0,71.13,0.0,0.0,0.0
CN7,8M,8,16,2,0,0,0,0,0,0,223.46,1739.01,597.35,0.0,0.0,0.0,75.13,0.0,0.0,0.0
CN7,8M,8,16,3,0,0,0,0,0,0,195.16,1524.15,453.35,0.0,0.0,0.0,57.13,0.0,0.0,0.0
CN7,8M,8,16,4,0,0,0,0,0,0,219.70,1710.50,485.35,0.0,0.0,0.0,61.13,0.0,0.0,0.0
CN7,8M,8,16,5,0,0,0,0,0,0,223.28,1736.95,565.35,0.0,0.0,0.0,71.13,0.0,0.0,0.0
CN7,8M,16,1,1,0,0,0,0,0,0,247.30,1936.69,753.89,0.0,0.0,0.0,92.75,0.0,0.0,0.0
CN7,8M,16,1,2,0,0,0,0,0,0,247.18,1946.79,825.56,0.0,0.0,0.0,103.42,0.0,0.0,0.0
CN7,8M,16,1,3,0,0,0,0,0,0,223.57,1751.40,702.56,0.0,0.0,0.0,87.42,0.0,0.0,0.0
CN7,8M,16,1,4,0,0,0,0,0,0,218.92,1715.72,666.89,0.0,0.0,0.0,83.42,0.0,0.0,0.0
CN7,8M,16,1,5,0,0,0,0,0,0,232.56,1824.46,380.42,0.0,0.0,0.0,47.58,0.0,0.0,0.0
CN7,8M,16,2,1,0,0,0,0,0,0,230.89,1820.11,483.17,0.0,0.0,0.0,60.57,0.0,0.0,0.0
CN7,8M,16,2,2,0,0,0,0,0,0,232.07,1829.55,563.17,0.0,0.0,0.0,70.57,0.0,0.0,0.0
CN7,8M,16,2,3,0,0,0,0,0,0,236.29,1862.29,677.89,0.0,0.0,0.0,84.78,0.0,0.0,0.0
CN7,8M,16,2,4,0,0,0,0,0,0,240.50,1883.58,613.67,0.0,0.0,0.0,75.57,0.0,0.0,0.0
CN7,8M,16,2,5,0,0,0,0,0,0,229.96,1804.25,414.42,0.0,0.0,0.0,51.57,0.0,0.0,0.0
CN7,8M,16,4,1,0,0,0,0,0,0,250.93,1964.94,761.55,0.0,0.0,0.0,95.42,0.0,0.0,0.0
CN7,8M,16,4,2,0,0,0,0,0,0,236.23,1863.41,537.55,0.0,0.0,0.0,67.42,0.0,0.0,0.0
CN7,8M,16,4,3,0,0,0,0,0,0,231.32,1818.52,712.55,0.0,0.0,0.0,88.75,0.0,0.0,0.0
CN7,8M,16,4,4,0,0,0,0,0,0,250.06,1958.39,782.22,0.0,0.0,0.0,98.09,0.0,0.0,0.0
CN7,8M,16,4,5,0,0,0,0,0,0,245.91,1935.51,1069.33,0.0,0.0,0.0,133.13,0.0,0.0,0.0
CN7,8M,16,8,1,0,0,0,0,0,0,250.07,1961.93,911.22,0.0,0.0,0.0,114.09,0.0,0.0,0.0
CN7,8M,16,8,2,0,0,0,0,0,0,230.70,1817.67,638.22,0.0,0.0,0.0,78.09,0.0,0.0,0.0
CN7,8M,16,8,3,0,0,0,0,0,0,240.27,1893.10,870.88,0.0,0.0,0.0,109.09,0.0,0.0,0.0
CN7,8M,16,8,4,0,0,0,0,0,0,238.14,1877.95,470.91,0.0,0.0,0.0,58.56,0.0,0.0,0.0
CN7,8M,16,8,5,0,0,0,0,0,0,247.71,1877.53,750.88,0.0,0.0,0.0,94.09,0.0,0.0,0.0
CN7,8M,16,16,1,0,0,0,0,0,0,231.32,1816.87,712.55,0.0,0.0,0.0,88.75,0.0,0.0,0.0
CN7,8M,16,16,2,0,0,0,0,0,0,232.78,1818.32,539.16,0.0,0.0,0.0,67.56,0.0,0.0,0.0
CN7,8M,16,16,3,0,0,0,0,0,0,227.29,1791.20,654.88,0.0,0.0,0.0,82.09,0.0,0.0,0.0
CN7,8M,16,16,4,0,0,0,0,0,0,223.80,1616.50,505.55,0.0,0.0,0.0,63.42,0.0,0.0,0.0
CN7,8M,16,16,5,0,0,0,0,0,0,234.62,1850.34,696.21,0.0,0.0,0.0,84.75,0.0,0.0,0.0
CN7,16M,1,1,1,0,0,0,0,0,0,61.84,933.84,121.54,0.0,0.0,0.0,15.42,0.0,0.0,0.0
CN7,16M,1,1,2,0,0,0,0,0,0,63.51,957.75,182.31,0.0,0.0,0.0,23.13,0.0,0.0,0.0
CN7,16M,1,1,3,0,0,0,0,0,0,62.65,943.24,189.31,0.0,0.0,0.0,23.13,0.0,0.0,0.0
CN7,16M,1,1,4,0,0,0,0,0,0,62.08,937.24,182.31,0.0,0.0,0.0,23.13,0.0,0.0,0.0
CN7,16M,1,1,5,0,0,0,0,0,0,61.63,928.14,182.31,0.0,0.0,0.0,23.13,0.0,0.0,0.0
CN7,16M,1,2,1,0,0,0,0,0,0,61.91,935.04,230.31,0.0,0.0,0.0,29.13,0.0,0.0,0.0
CN7,16M,1,2,2,0,0,0,0,0,0,64.64,972.93,214.31,0.0,0.0,0.0,27.13,0.0,0.0,0.0
CN7,16M,1,2,3,0,0,0,0,0,0,62.51,942.75,129.53,0.0,0.0,0.0,15.42,0.0,0.0,0.0
CN7,16M,1,2,4,0,0,0,0,0,0,65.59,985.94,132.2,0.0,0.0,0.0,16.75,0.0,0.0,0.0
CN7,16M,1,2,5,0,0,0,0,0,0,58.01,876.30,182.3,0.0,0.0,0.0,23.13,0.0,0.0,0.0
CN7,16M,1,4,1,0,0,0,0,0,0,62.78,949.42,197.8,0.0,0.0,0.0,25.13,0.0,0.0,0.0
CN7,16M,1,4,2,0,0,0,0,0,0,61.89,935.37,228.8,0.0,0.0,0.0,29.13,0.0,0.0,0.0
CN7,16M,1,4,3,0,0,0,0,0,0,63.37,950.07,212.79,0.0,0.0,0.0,27.13,0.0,0.0,0.0
CN7,16M,1,4,4,0,0,0,0,0,0,63.09,949.35,212.79,0.0,0.0,0.0,27.13,0.0,0.0,0.0
CN7,16M,1,4,5,0,0,0,0,0,0,64.06,966.55,228.78,0.0,0.0,0.0,29.12,0.0,0.0,0.0
CN7,16M,1,8,1,0,0,0,0,0,0,58.68,884.56,128.19,0.0,0.0,0.0,15.42,0.0,0.0,0.0
CN7,16M,1,8,2,0,0,0,0,0,0,63.82,960.61,131.19,0.0,0.0,0.0,16.75,0.0,0.0,0.0
CN7,16M,1,8,3,0,0,0,0,0,0,62.94,948.94,196.78,0.0,0.0,0.0,25.12,0.0,0.0,0.0
CN7,16M,1,8,4,0,0,0,0,0,0,62.66,945.14,196.78,0.0,0.0,0.0,25.12,0.0,0.0,0.0
CN7,16M,1,8,5,0,0,0,0,0,0,65.22,980.49,199.28,0.0,0.0,0.0,25.15,0.0,0.0,0.0
CN7,16M,1,16,1,0,0,0,0,0,0,63.99,966.62,228.77,0.0,0.0,0.0,29.12,0.0,0.0,0.0
CN7,16M,1,16,2,0,0,0,0,0,0,62.42,940.30,196.77,0.0,0.0,0.0,25.12,0.0,0.0,0.0
CN7,16M,1,16,3,0,0,0,0,0,0,63.23,952.99,196.77,0.0,0.0,0.0,25.12,0.0,0.0,0.0
CN7,16M,1,16,4,0,0,0,0,0,0,65.30,978.43,240.76,0.0,0.0,0.0,29.12,0.0,0.0,0.0
CN7,16M,1,16,5,0,0,0,0,0,0,62.74,944.82,196.76,0.0,0.0,0.0,25.12,0.0,0.0,0.0
CN7,16M,2,1,1,0,0,0,0,0,0,38.91,610.36,269.84,0.0,0.0,0.0,34.08,0.0,0.0,0.0
CN7,16M,2,1,2,0,0,0,0,0,0,41.40,648.68,372.76,0.0,0.0,0.0,47.12,0.0,0.0,0.0
CN7,16M,2,1,3,0,0,0,0,0,0,41.71,653.24,388.76,0.0,0.0,0.0,49.12,0.0,0.0,0.0
CN7,16M,2,1,4,0,0,0,0,0,0,41.86,655.42,281.17,0.0,0.0,0.0,35.41,0.0,0.0,0.0
CN7,16M,2,1,5,0,0,0,0,0,0,41.51,650.09,271.84,0.0,0.0,0.0,34.09,0.0,0.0,0.0
CN7,16M,2,2,1,0,0,0,0,0,0,40.75,638.29,404.75,0.0,0.0,0.0,51.12,0.0,0.0,0.0
CN7,16M,2,2,2,0,0,0,0,0,0,40.22,631.60,278.17,0.0,0.0,0.0,34.08,0.0,0.0,0.0
CN7,16M,2,2,3,0,0,0,0,0,0,41.51,650.18,420.75,0.0,0.0,0.0,53.12,0.0,0.0,0.0
CN7,16M,2,2,4,0,0,0,0,0,0,40.45,633.98,388.75,0.0,0.0,0.0,49.12,0.0,0.0,0.0
CN7,16M,2,2,5,0,0,0,0,0,0,37.84,594.43,259.16,0.0,0.0,0.0,32.75,0.0,0.0,0.0
CN7,16M,2,4,1,0,0,0,0,0,0,39.72,623.30,388.74,0.0,0.0,0.0,49.12,0.0,0.0,0.0
CN7,16M,2,4,2,0,0,0,0,0,0,38.87,609.96,372.74,0.0,0.0,0.0,47.12,0.0,0.0,0.0
CN7,16M,2,4,3,0,0,0,0,0,0,40.75,638.77,420.74,0.0,0.0,0.0,53.12,0.0,0.0,0.0
CN7,16M,2,4,4,0,0,0,0,0,0,38.22,599.34,404.74,0.0,0.0,0.0,51.12,0.0,0.0,0.0
CN7,16M,2,4,5,0,0,0,0,0,0,41.23,646.03,418.74,0.0,0.0,0.0,51.12,0.0,0.0,0.0
CN7,16M,2,8,1,0,0,0,0,0,0,39.40,617.87,404.73,0.0,0.0,0.0,51.12,0.0,0.0,0.0
CN7,16M,2,8,2,0,0,0,0,0,0,39.50,619.67,404.73,0.0,0.0,0.0,51.12,0.0,0.0,0.0
CN7,16M,2,8,3,0,0,0,0,0,0,41.40,648.09,372.73,0.0,0.0,0.0,47.12,0.0,0.0,0.0
CN7,16M,2,8,4,0,0,0,0,0,0,40.43,633.92,280.48,0.0,0.0,0.0,35.41,0.0,0.0,0.0
CN7,16M,2,8,5,0,0,0,0,0,0,38.46,602.81,261.48,0.0,0.0,0.0,32.76,0.0,0.0,0.0
CN7,16M,2,16,1,0,0,0,0,0,0,40.71,638.21,404.73,0.0,0.0,0.0,51.12,0.0,0.0,0.0
CN7,16M,2,16,2,0,0,0,0,0,0,41.11,644.53,420.72,0.0,0.0,0.0,53.12,0.0,0.0,0.0
CN7,16M,2,16,3,0,0,0,0,0,0,38.90,610.07,432.72,0.0,0.0,0.0,53.12,0.0,0.0,0.0
CN7,16M,2,16,4,0,0,0,0,0,0,41.33,647.78,269.81,0.0,0.0,0.0,34.08,0.0,0.0,0.0
CN7,16M,2,16,5,0,0,0,0,0,0,40.31,630.67,372.72,0.0,0.0,0.0,47.12,0.0,0.0,0.0
CN7,16M,4,1,1,0,0,0,0,0,0,78.60,1234.29,451.48,0.0,0.0,0.0,56.74,0.0,0.0,0.0
CN7,16M,4,1,2,0,0,0,0,0,0,74.20,1165.03,581.21,0.0,0.0,0.0,73.11,0.0,0.0,0.0
CN7,16M,4,1,3,0,0,0,0,0,0,75.00,1177.97,725.21,0.0,0.0,0.0,91.11,0.0,0.0,0.0
CN7,16M,4,1,4,0,0,0,0,0,0,72.82,1144.57,366.14,0.0,0.0,0.0,46.08,0.0,0.0,0.0
CN7,16M,4,1,5,0,0,0,0,0,0,72.48,1138.36,485.14,0.0,0.0,0.0,60.76,0.0,0.0,0.0
CN7,16M,4,2,1,0,0,0,0,0,0,71.63,1125.01,433.14,0.0,0.0,0.0,52.74,0.0,0.0,0.0
CN7,16M,4,2,2,0,0,0,0,0,0,73.85,1159.04,645.21,0.0,0.0,0.0,81.11,0.0,0.0,0.0
CN7,16M,4,2,3,0,0,0,0,0,0,71.59,1123.50,651.71,0.0,0.0,0.0,81.11,0.0,0.0,0.0
CN7,16M,4,2,4,0,0,0,0,0,0,72.09,1131.04,420.8,0.0,0.0,0.0,52.74,0.0,0.0,0.0
CN7,16M,4,2,5,0,0,0,0,0,0,73.03,1146.80,584.2,0.0,0.0,0.0,73.14,0.0,0.0,0.0
CN7,16M,4,4,1,0,0,0,0,0,0,75.89,1192.11,387.47,0.0,0.0,0.0,48.74,0.0,0.0,0.0
CN7,16M,4,4,2,0,0,0,0,0,0,67.61,1063.12,741.2,0.0,0.0,0.0,93.11,0.0,0.0,0.0
CN7,16M,4,4,3,0,0,0,0,0,0,75.30,1181.84,409.13,0.0,0.0,0.0,51.41,0.0,0.0,0.0
CN7,16M,4,4,4,0,0,0,0,0,0,77.71,1221.05,400.8,0.0,0.0,0.0,48.74,0.0,0.0,0.0
CN7,16M,4,4,5,0,0,0,0,0,0,72.34,1136.95,538.19,0.0,0.0,0.0,67.2,0.0,0.0,0.0
CN7,16M,4,8,1,0,0,0,0,0,0,76.10,1193.32,283.35,0.0,0.0,0.0,35.56,0.0,0.0,0.0
CN7,16M,4,8,2,0,0,0,0,0,0,73.29,1149.87,360.79,0.0,0.0,0.0,44.74,0.0,0.0,0.0
CN7,16M,4,8,3,0,0,0,0,0,0,73.20,1149.41,380.13,0.0,0.0,0.0,47.42,0.0,0.0,0.0
CN7,16M,4,8,4,0,0,0,0,0,0,73.97,1160.76,388.46,0.0,0.0,0.0,48.74,0.0,0.0,0.0
CN7,16M,4,8,5,0,0,0,0,0,0,71.38,1121.29,564.12,0.0,0.0,0.0,70.07,0.0,0.0,0.0
CN7,16M,4,16,1,0,0,0,0,0,0,74.69,1173.96,431.12,0.0,0.0,0.0,54.07,0.0,0.0,0.0
CN7,16M,4,16,2,0,0,0,0,0,0,72.27,1135.65,671.18,0.0,0.0,0.0,81.11,0.0,0.0,0.0
CN7,16M,4,16,3,0,0,0,0,0,0,72.47,1139.63,451.45,0.0,0.0,0.0,56.74,0.0,0.0,0.0
CN7,16M,4,16,4,0,0,0,0,0,0,71.65,1125.67,622.18,0.0,0.0,0.0,77.11,0.0,0.0,0.0
CN7,16M,4,16,5,0,0,0,0,0,0,71.79,1126.79,614.68,0.0,0.0,0.0,77.11,0.0,0.0,0.0
CN7,16M,8,1,1,0,0,0,0,0,0,111.02,1753.20,570.12,0.0,0.0,0.0,71.41,0.0,0.0,0.0
CN7,16M,8,1,2,0,0,0,0,0,0,110.36,1741.54,839.17,0.0,0.0,0.0,105.11,0.0,0.0,0.0
CN7,16M,8,1,3,0,0,0,0,0,0,123.91,1937.85,607.12,0.0,0.0,0.0,75.41,0.0,0.0,0.0
CN7,16M,8,1,4,0,0,0,0,0,0,123.80,1923.97,613.12,0.0,0.0,0.0,76.74,0.0,0.0,0.0
CN7,16M,8,1,5,0,0,0,0,0,0,123.90,1951.57,625.12,0.0,0.0,0.0,76.74,0.0,0.0,0.0
CN7,16M,8,2,1,0,0,0,0,0,0,89.67,1418.17,610.34,0.0,0.0,0.0,75.59,0.0,0.0,0.0
CN7,16M,8,2,2,0,0,0,0,0,0,108.38,1710.53,783.78,0.0,0.0,0.0,98.07,0.0,0.0,0.0
CN7,16M,8,2,3,0,0,0,0,0,0,124.31,1948.59,753.45,0.0,0.0,0.0,94.09,0.0,0.0,0.0
CN7,16M,8,2,4,0,0,0,0,0,0,125.11,1961.95,766.78,0.0,0.0,0.0,95.41,0.0,0.0,0.0
CN7,16M,8,2,5,0,0,0,0,0,0,129.03,2031.77,739.78,0.0,0.0,0.0,92.74,0.0,0.0,0.0
CN7,16M,8,4,1,0,0,0,0,0,0,129.10,2034.47,765.44,0.0,0.0,0.0,95.41,0.0,0.0,0.0
CN7,16M,8,4,2,0,0,0,0,0,0,109.41,1726.95,718.44,0.0,0.0,0.0,90.07,0.0,0.0,0.0
CN7,16M,8,4,3,0,0,0,0,0,0,106.56,1673.34,780.11,0.0,0.0,0.0,95.41,0.0,0.0,0.0
CN7,16M,8,4,4,0,0,0,0,0,0,111.67,1760.49,547.78,0.0,0.0,0.0,68.74,0.0,0.0,0.0
CN7,16M,8,4,5,0,0,0,0,0,0,131.30,2065.84,924.66,0.0,0.0,0.0,115.11,0.0,0.0,0.0
CN7,16M,8,8,1,0,0,0,0,0,0,126.94,1985.84,569.11,0.0,0.0,0.0,71.41,0.0,0.0,0.0
CN7,16M,8,8,2,0,0,0,0,0,0,111.13,1753.63,559.77,0.0,0.0,0.0,70.07,0.0,0.0,0.0
CN7,16M,8,8,3,0,0,0,0,0,0,126.37,1990.29,558.44,0.0,0.0,0.0,70.07,0.0,0.0,0.0
CN7,16M,8,8,4,0,0,0,0,0,0,128.15,2016.88,574.44,0.0,0.0,0.0,71.4,0.0,0.0,0.0
CN7,16M,8,8,5,0,0,0,0,0,0,123.88,1952.04,869.66,0.0,0.0,0.0,109.11,0.0,0.0,0.0
CN7,16M,8,16,1,0,0,0,0,0,0,125.66,1978.68,843.15,0.0,0.0,0.0,103.11,0.0,0.0,0.0
CN7,16M,8,16,2,0,0,0,0,0,0,108.92,1702.95,595.44,0.0,0.0,0.0,74.07,0.0,0.0,0.0
CN7,16M,8,16,3,0,0,0,0,0,0,126.45,1922.88,869.65,0.0,0.0,0.0,109.11,0.0,0.0,0.0
CN7,16M,8,16,4,0,0,0,0,0,0,121.04,1906.21,595.44,0.0,0.0,0.0,74.07,0.0,0.0,0.0
CN7,16M,8,16,5,0,0,0,0,0,0,128.92,2027.09,853.65,0.0,0.0,0.0,107.11,0.0,0.0,0.0
CN7,16M,16,1,1,0,0,0,0,0,0,122.51,1924.87,1200.77,0.0,0.0,0.0,150.28,0.0,0.0,0.0
CN7,16M,16,1,2,0,0,0,0,0,0,129.55,2047.70,1310.77,0.0,0.0,0.0,163.4,0.0,0.0,0.0
CN7,16M,16,1,3,0,0,0,0,0,0,118.80,1880.50,928.83,0.0,0.0,0.0,116.24,0.0,0.0,0.0
CN7,16M,16,1,4,0,0,0,0,0,0,129.32,2052.56,1139.08,0.0,0.0,0.0,140.55,0.0,0.0,0.0
CN7,16M,16,1,5,0,0,0,0,0,0,124.23,1972.66,955.33,0.0,0.0,0.0,119.55,0.0,0.0,0.0
CN7,16M,16,2,1,0,0,0,0,0,0,126.10,2001.13,729.33,0.0,0.0,0.0,90.87,0.0,0.0,0.0
CN7,16M,16,2,2,0,0,0,0,0,0,125.96,2001.10,1124.44,0.0,0.0,0.0,140.74,0.0,0.0,0.0
CN7,16M,16,2,3,0,0,0,0,0,0,123.99,1964.22,871.83,0.0,0.0,0.0,108.62,0.0,0.0,0.0
CN7,16M,16,2,4,0,0,0,0,0,0,122.42,1938.19,1142.77,0.0,0.0,0.0,143.03,0.0,0.0,0.0
CN7,16M,16,2,5,0,0,0,0,0,0,126.43,1956.34,937.33,0.0,0.0,0.0,116.9,0.0,0.0,0.0
CN7,16M,16,4,1,0,0,0,0,0,0,124.31,1974.12,1320.44,0.0,0.0,0.0,165.24,0.0,0.0,0.0
CN7,16M,16,4,2,0,0,0,0,0,0,124.41,1968.89,1122.44,0.0,0.0,0.0,138.61,0.0,0.0,0.0
CN7,16M,16,4,3,0,0,0,0,0,0,130.61,2072.84,709.83,0.0,0.0,0.0,88.46,0.0,0.0,0.0
CN7,16M,16,4,4,0,0,0,0,0,0,127.82,2029.65,1295.1,0.0,0.0,0.0,162.07,0.0,0.0,0.0
CN7,16M,16,4,5,0,0,0,0,0,0,127.96,2029.82,1056.1,0.0,0.0,0.0,131.43,0.0,0.0,0.0
CN7,16M,16,8,1,0,0,0,0,0,0,111.29,1768.57,1045.08,0.0,0.0,0.0,130.68,0.0,0.0,0.0
CN7,16M,16,8,2,0,0,0,0,0,0,117.65,1868.23,955.33,0.0,0.0,0.0,119.55,0.0,0.0,0.0
CN7,16M,16,8,3,0,0,0,0,0,0,128.46,2012.58,1104.58,0.0,0.0,0.0,137.57,0.0,0.0,0.0
CN7,16M,16,8,4,0,0,0,0,0,0,124.65,1978.54,819.33,0.0,0.0,0.0,102.55,0.0,0.0,0.0
CN7,16M,16,8,5,0,0,0,0,0,0,127.38,2022.64,1283.77,0.0,0.0,0.0,158.07,0.0,0.0,0.0
CN7,16M,16,16,1,0,0,0,0,0,0,120.55,1914.27,1389.44,0.0,0.0,0.0,173.9,0.0,0.0,0.0
CN7,16M,16,16,2,0,0,0,0,0,0,124.78,1911.14,1007.33,0.0,0.0,0.0,125.55,0.0,0.0,0.0
CN7,16M,16,16,3,0,0,0,0,0,0,127.79,2021.88,940.08,0.0,0.0,0.0,117.68,0.0,0.0,0.0
CN7,16M,16,16,4,0,0,0,0,0,0,128.66,2036.63,1129.1,0.0,0.0,0.0,140.74,0.0,0.0,0.0
CN7,16M,16,16,5,0,0,0,0,0,0,130.27,2067.92,852.33,0.0,0.0,0.0,106.55,0.0,0.0,0.0
CN7,32M,1,1,1,0,0,0,0,0,0,33.19,1026.81,189.77,0.0,0.0,0.0,23.4,0.0,0.0,0.0
CN7,32M,1,1,2,0,0,0,0,0,0,32.17,995.75,184.44,0.0,0.0,0.0,23.4,0.0,0.0,0.0
CN7,32M,1,1,3,0,0,0,0,0,0,32.29,999.42,186.77,0.0,0.0,0.0,22.07,0.0,0.0,0.0
CN7,32M,1,1,4,0,0,0,0,0,0,34.88,1077.43,184.43,0.0,0.0,0.0,23.4,0.0,0.0,0.0
CN7,32M,1,1,5,0,0,0,0,0,0,31.47,974.31,276.64,0.0,0.0,0.0,35.11,0.0,0.0,0.0
CN7,32M,1,2,1,0,0,0,0,0,0,31.96,990.81,283.14,0.0,0.0,0.0,35.1,0.0,0.0,0.0
CN7,32M,1,2,2,0,0,0,0,0,0,33.11,1027.12,276.64,0.0,0.0,0.0,35.1,0.0,0.0,0.0
CN7,32M,1,2,3,0,0,0,0,0,0,30.26,938.92,276.64,0.0,0.0,0.0,35.1,0.0,0.0,0.0
CN7,32M,1,2,4,0,0,0,0,0,0,31.54,976.86,260.64,0.0,0.0,0.0,33.1,0.0,0.0,0.0
CN7,32M,1,2,5,0,0,0,0,0,0,33.33,1031.89,276.63,0.0,0.0,0.0,35.1,0.0,0.0,0.0
CN7,32M,1,4,1,0,0,0,0,0,0,32.04,991.22,291.63,0.0,0.0,0.0,35.1,0.0,0.0,0.0
CN7,32M,1,4,2,0,0,0,0,0,0,32.12,997.06,276.63,0.0,0.0,0.0,35.1,0.0,0.0,0.0
CN7,32M,1,4,3,0,0,0,0,0,0,33.83,1046.21,276.63,0.0,0.0,0.0,35.1,0.0,0.0,0.0
CN7,32M,1,4,4,0,0,0,0,0,0,34.06,1052.47,276.63,0.0,0.0,0.0,35.1,0.0,0.0,0.0
CN7,32M,1,4,5,0,0,0,0,0,0,33.76,1043.88,276.63,0.0,0.0,0.0,35.1,0.0,0.0,0.0
CN7,32M,1,8,1,0,0,0,0,0,0,32.52,1007.71,276.63,0.0,0.0,0.0,35.1,0.0,0.0,0.0
CN7,32M,1,8,2,0,0,0,0,0,0,30.84,952.68,276.62,0.0,0.0,0.0,35.1,0.0,0.0,0.0
CN7,32M,1,8,3,0,0,0,0,0,0,33.12,1026.50,276.62,0.0,0.0,0.0,35.1,0.0,0.0,0.0
CN7,32M,1,8,4,0,0,0,0,0,0,32.70,1014.09,290.12,0.0,0.0,0.0,35.1,0.0,0.0,0.0
CN7,32M,1,8,5,0,0,0,0,0,0,29.98,929.74,173.74,0.0,0.0,0.0,22.07,0.0,0.0,0.0
CN7,32M,1,16,1,0,0,0,0,0,0,32.96,1020.80,276.62,0.0,0.0,0.0,35.1,0.0,0.0,0.0
CN7,32M,1,16,2,0,0,0,0,0,0,31.31,970.08,276.61,0.0,0.0,0.0,35.1,0.0,0.0,0.0
CN7,32M,1,16,3,0,0,0,0,0,0,33.61,1039.12,276.61,0.0,0.0,0.0,35.1,0.0,0.0,0.0
CN7,32M,1,16,4,0,0,0,0,0,0,31.27,969.10,276.61,0.0,0.0,0.0,35.1,0.0,0.0,0.0
CN7,32M,1,16,5,0,0,0,0,0,0,33.10,1023.03,186.07,0.0,0.0,0.0,23.42,0.0,0.0,0.0
CN7,32M,2,1,1,0,0,0,0,0,0,21.43,677.49,440.73,0.0,0.0,0.0,55.4,0.0,0.0,0.0
CN7,32M,2,1,2,0,0,0,0,0,0,23.63,746.55,483.07,0.0,0.0,0.0,59.4,0.0,0.0,0.0
CN7,32M,2,1,3,0,0,0,0,0,0,24.08,761.12,709.1,0.0,0.0,0.0,89.1,0.0,0.0,0.0
CN7,32M,2,1,4,0,0,0,0,0,0,24.07,761.16,451.73,0.0,0.0,0.0,56.73,0.0,0.0,0.0
CN7,32M,2,1,5,0,0,0,0,0,0,21.37,676.31,661.1,0.0,0.0,0.0,83.1,0.0,0.0,0.0
CN7,32M,2,2,1,0,0,0,0,0,0,22.13,700.36,451.4,0.0,0.0,0.0,56.73,0.0,0.0,0.0
CN7,32M,2,2,2,0,0,0,0,0,0,21.66,685.71,451.4,0.0,0.0,0.0,56.73,0.0,0.0,0.0
CN7,32M,2,2,3,0,0,0,0,0,0,23.07,729.51,430.06,0.0,0.0,0.0,54.07,0.0,0.0,0.0
CN7,32M,2,2,4,0,0,0,0,0,0,21.67,685.43,462.06,0.0,0.0,0.0,58.07,0.0,0.0,0.0
CN7,32M,2,2,5,0,0,0,0,0,0,21.79,688.97,495.73,0.0,0.0,0.0,60.73,0.0,0.0,0.0
CN7,32M,2,4,1,0,0,0,0,0,0,20.18,638.73,440.73,0.0,0.0,0.0,55.4,0.0,0.0,0.0
CN7,32M,2,4,2,0,0,0,0,0,0,21.97,694.94,462.39,0.0,0.0,0.0,58.06,0.0,0.0,0.0
CN7,32M,2,4,3,0,0,0,0,0,0,22.97,726.23,467.72,0.0,0.0,0.0,58.07,0.0,0.0,0.0
CN7,32M,2,4,4,0,0,0,0,0,0,24.79,783.42,463.39,0.0,0.0,0.0,58.06,0.0,0.0,0.0
CN7,32M,2,4,5,0,0,0,0,0,0,22.71,718.47,677.09,0.0,0.0,0.0,85.1,0.0,0.0,0.0
CN7,32M,2,8,1,0,0,0,0,0,0,23.64,746.73,440.72,0.0,0.0,0.0,55.4,0.0,0.0,0.0
CN7,32M,2,8,2,0,0,0,0,0,0,24.74,782.10,440.72,0.0,0.0,0.0,55.4,0.0,0.0,0.0
CN7,32M,2,8,3,0,0,0,0,0,0,22.14,700.08,453.05,0.0,0.0,0.0,55.4,0.0,0.0,0.0
CN7,32M,2,8,4,0,0,0,0,0,0,22.00,696.03,462.39,0.0,0.0,0.0,58.06,0.0,0.0,0.0
CN7,32M,2,8,5,0,0,0,0,0,0,21.56,682.15,667.58,0.0,0.0,0.0,83.1,0.0,0.0,0.0
CN7,32M,2,16,1,0,0,0,0,0,0,22.47,710.43,451.38,0.0,0.0,0.0,56.73,0.0,0.0,0.0
CN7,32M,2,16,2,0,0,0,0,0,0,23.06,729.56,440.72,0.0,0.0,0.0,55.4,0.0,0.0,0.0
CN7,32M,2,16,3,0,0,0,0,0,0,24.15,763.57,677.07,0.0,0.0,0.0,85.1,0.0,0.0,0.0
CN7,32M,2,16,4,0,0,0,0,0,0,21.17,669.95,440.71,0.0,0.0,0.0,55.4,0.0,0.0,0.0
CN7,32M,2,16,5,0,0,0,0,0,0,21.91,693.29,709.07,0.0,0.0,0.0,89.09,0.0,0.0,0.0
CN7,32M,4,1,1,0,0,0,0,0,0,37.33,1184.67,721.05,0.0,0.0,0.0,88.73,0.0,0.0,0.0
CN7,32M,4,1,2,0,0,0,0,0,0,38.87,1217.19,820.38,0.0,0.0,0.0,102.06,0.0,0.0,0.0
CN7,32M,4,1,3,0,0,0,0,0,0,40.97,1278.70,676.71,0.0,0.0,0.0,84.73,0.0,0.0,0.0
CN7,32M,4,1,4,0,0,0,0,0,0,40.92,1296.00,745.38,0.0,0.0,0.0,92.73,0.0,0.0,0.0
CN7,32M,4,1,5,0,0,0,0,0,0,35.57,1127.83,999.07,0.0,0.0,0.0,125.09,0.0,0.0,0.0
CN7,32M,4,2,1,0,0,0,0,0,0,35.70,1131.99,523.53,0.0,0.0,0.0,65.55,0.0,0.0,0.0
CN7,32M,4,2,2,0,0,0,0,0,0,36.44,1155.79,841.71,0.0,0.0,0.0,104.73,0.0,0.0,0.0
CN7,32M,4,2,3,0,0,0,0,0,0,39.34,1245.41,708.71,0.0,0.0,0.0,88.73,0.0,0.0,0.0
CN7,32M,4,2,4,0,0,0,0,0,0,36.11,1144.80,505.53,0.0,0.0,0.0,61.55,0.0,0.0,0.0
CN7,32M,4,2,5,0,0,0,0,0,0,39.93,1265.32,1191.57,0.0,0.0,0.0,149.09,0.0,0.0,0.0
CN7,32M,4,4,1,0,0,0,0,0,0,41.37,1308.49,687.38,0.0,0.0,0.0,86.06,0.0,0.0,0.0
CN7,32M,4,4,2,0,0,0,0,0,0,33.73,1070.25,666.04,0.0,0.0,0.0,83.4,0.0,0.0,0.0
CN7,32M,4,4,3,0,0,0,0,0,0,38.24,1211.28,724.04,0.0,0.0,0.0,90.06,0.0,0.0,0.0
CN7,32M,4,4,4,0,0,0,0,0,0,39.77,1259.27,579.28,0.0,0.0,0.0,72.55,0.0,0.0,0.0
CN7,32M,4,4,5,0,0,0,0,0,0,40.37,1279.15,671.71,0.0,0.0,0.0,83.41,0.0,0.0,0.0
CN7,32M,4,8,1,0,0,0,0,0,0,38.75,1228.59,579.03,0.0,0.0,0.0,72.55,0.0,0.0,0.0
CN7,32M,4,8,2,0,0,0,0,0,0,41.20,1305.41,622.53,0.0,0.0,0.0,76.55,0.0,0.0,0.0
CN7,32M,4,8,3,0,0,0,0,0,0,35.94,1139.63,669.37,0.0,0.0,0.0,83.4,0.0,0.0,0.0
CN7,32M,4,8,4,0,0,0,0,0,0,41.40,1311.61,643.71,0.0,0.0,0.0,80.73,0.0,0.0,0.0
CN7,32M,4,8,5,0,0,0,0,0,0,40.71,1289.25,691.71,0.0,0.0,0.0,86.06,0.0,0.0,0.0
CN7,32M,4,16,1,0,0,0,0,0,0,39.77,1254.16,729.04,0.0,0.0,0.0,91.4,0.0,0.0,0.0
CN7,32M,4,16,2,0,0,0,0,0,0,40.01,1268.38,697.37,0.0,0.0,0.0,87.4,0.0,0.0,0.0
CN7,32M,4,16,3,0,0,0,0,0,0,37.15,1176.56,714.04,0.0,0.0,0.0,88.74,0.0,0.0,0.0
CN7,32M,4,16,4,0,0,0,0,0,0,38.88,1231.97,793.37,0.0,0.0,0.0,99.4,0.0,0.0,0.0
CN7,32M,4,16,5,0,0,0,0,0,0,39.97,1265.91,690.7,0.0,0.0,0.0,84.73,0.0,0.0,0.0
CN7,32M,8,1,1,0,0,0,0,0,0,50.19,1596.18,830.53,0.0,0.0,0.0,103.92,0.0,0.0,0.0
CN7,32M,8,1,2,0,0,0,0,0,0,51.86,1648.15,751.78,0.0,0.0,0.0,93.58,0.0,0.0,0.0
CN7,32M,8,1,3,0,0,0,0,0,0,64.09,2034.35,637.03,0.0,0.0,0.0,79.73,0.0,0.0,0.0
CN7,32M,8,1,4,0,0,0,0,0,0,58.75,1865.04,719.03,0.0,0.0,0.0,89.55,0.0,0.0,0.0
CN7,32M,8,1,5,0,0,0,0,0,0,63.51,2016.66,1032.04,0.0,0.0,0.0,129.15,0.0,0.0,0.0
CN7,32M,8,2,1,0,0,0,0,0,0,58.30,1851.04,1100.37,0.0,0.0,0.0,137.02,0.0,0.0,0.0
CN7,32M,8,2,2,0,0,0,0,0,0,55.02,1748.52,1039.7,0.0,0.0,0.0,130.02,0.0,0.0,0.0
CN7,32M,8,2,3,0,0,0,0,0,0,64.52,2048.13,871.04,0.0,0.0,0.0,107.31,0.0,0.0,0.0
CN7,32M,8,2,4,0,0,0,0,0,0,60.95,1933.93,939.04,0.0,0.0,0.0,117.02,0.0,0.0,0.0
CN7,32M,8,2,5,0,0,0,0,0,0,58.71,1821.72,968.04,0.0,0.0,0.0,120.88,0.0,0.0,0.0
CN7,32M,8,4,1,0,0,0,0,0,0,60.10,1909.35,1051.04,0.0,0.0,0.0,130.85,0.0,0.0,0.0
CN7,32M,8,4,2,0,0,0,0,0,0,66.18,2100.19,886.04,0.0,0.0,0.0,110.94,0.0,0.0,0.0
CN7,32M,8,4,3,0,0,0,0,0,0,57.60,1830.14,790.78,0.0,0.0,0.0,99.01,0.0,0.0,0.0
CN7,32M,8,4,4,0,0,0,0,0,0,56.14,1784.58,716.53,0.0,0.0,0.0,89.27,0.0,0.0,0.0
CN7,32M,8,4,5,0,0,0,0,0,0,53.68,1706.62,728.28,0.0,0.0,0.0,91.23,0.0,0.0,0.0
CN7,32M,8,8,1,0,0,0,0,0,0,63.72,2021.82,1026.04,0.0,0.0,0.0,126.06,0.0,0.0,0.0
CN7,32M,8,8,2,0,0,0,0,0,0,67.07,2128.08,815.37,0.0,0.0,0.0,102.06,0.0,0.0,0.0
CN7,32M,8,8,3,0,0,0,0,0,0,54.37,1727.56,706.28,0.0,0.0,0.0,87.89,0.0,0.0,0.0
CN7,32M,8,8,4,0,0,0,0,0,0,65.17,2067.74,675.53,0.0,0.0,0.0,84.55,0.0,0.0,0.0
CN7,32M,8,8,5,0,0,0,0,0,0,59.11,1877.34,941.7,0.0,0.0,0.0,117.19,0.0,0.0,0.0
CN7,32M,8,16,1,0,0,0,0,0,0,60.15,1910.94,1007.7,0.0,0.0,0.0,126.06,0.0,0.0,0.0
CN7,32M,8,16,2,0,0,0,0,0,0,55.53,1765.52,1162.7,0.0,0.0,0.0,144.73,0.0,0.0,0.0
CN7,32M,8,16,3,0,0,0,0,0,0,57.90,1839.70,952.04,0.0,0.0,0.0,119.1,0.0,0.0,0.0
CN7,32M,8,16,4,0,0,0,0,0,0,58.69,1864.30,1036.7,0.0,0.0,0.0,127.94,0.0,0.0,0.0
CN7,32M,8,16,5,0,0,0,0,0,0,58.68,1864.21,913.71,0.0,0.0,0.0,113.89,0.0,0.0,0.0
CN7,32M,16,1,1,0,0,0,0,0,0,66.45,2115.72,1652.78,0.0,0.0,0.0,206.55,0.0,0.0,0.0
CN7,32M,16,1,2,0,0,0,0,0,0,65.13,2073.69,2656.71,0.0,0.0,0.0,331.39,0.0,0.0,0.0
CN7,32M,16,1,3,0,0,0,0,0,0,67.87,2162.70,1696.53,0.0,0.0,0.0,211.55,0.0,0.0,0.0
CN7,32M,16,1,4,0,0,0,0,0,0,68.26,2175.26,2427.04,0.0,0.0,0.0,303.4,0.0,0.0,0.0
CN7,32M,16,1,5,0,0,0,0,0,0,70.52,2246.54,1946.03,0.0,0.0,0.0,242.57,0.0,0.0,0.0
CN7,32M,16,2,1,0,0,0,0,0,0,67.96,2165.76,2629.71,0.0,0.0,0.0,328.73,0.0,0.0,0.0
CN7,32M,16,2,2,0,0,0,0,0,0,67.21,2138.00,2196.28,0.0,0.0,0.0,272.55,0.0,0.0,0.0
CN7,32M,16,2,3,0,0,0,0,0,0,68.67,2187.86,2718.38,0.0,0.0,0.0,339.48,0.0,0.0,0.0
CN7,32M,16,2,4,0,0,0,0,0,0,66.89,2131.47,1856.04,0.0,0.0,0.0,231.55,0.0,0.0,0.0
CN7,32M,16,2,5,0,0,0,0,0,0,69.83,2224.69,2661.72,0.0,0.0,0.0,332.73,0.0,0.0,0.0
CN7,32M,16,4,1,0,0,0,0,0,0,66.52,2119.17,1992.54,0.0,0.0,0.0,248.55,0.0,0.0,0.0
CN7,32M,16,4,2,0,0,0,0,0,0,66.75,2126.47,2092.29,0.0,0.0,0.0,261.55,0.0,0.0,0.0
CN7,32M,16,4,3,0,0,0,0,0,0,71.86,2289.51,2002.3,0.0,0.0,0.0,249.57,0.0,0.0,0.0
CN7,32M,16,4,4,0,0,0,0,0,0,65.89,2097.26,2726.06,0.0,0.0,0.0,340.73,0.0,0.0,0.0
CN7,32M,16,4,5,0,0,0,0,0,0,65.36,2082.02,2806.07,0.0,0.0,0.0,348.73,0.0,0.0,0.0
CN7,32M,16,8,1,0,0,0,0,0,0,66.75,2123.82,2392.05,0.0,0.0,0.0,298.55,0.0,0.0,0.0
CN7,32M,16,8,2,0,0,0,0,0,0,66.15,2107.55,2811.4,0.0,0.0,0.0,351.4,0.0,0.0,0.0
CN7,32M,16,8,3,0,0,0,0,0,0,68.64,2186.24,2432.41,0.0,0.0,0.0,303.4,0.0,0.0,0.0
CN7,32M,16,8,4,0,0,0,0,0,0,67.64,2155.83,2464.41,0.0,0.0,0.0,307.4,0.0,0.0,0.0
CN7,32M,16,8,5,0,0,0,0,0,0,66.93,2132.24,2164.56,0.0,0.0,0.0,270.55,0.0,0.0,0.0
CN7,32M,16,16,1,0,0,0,0,0,0,73.94,2354.60,1856.56,0.0,0.0,0.0,231.55,0.0,0.0,0.0
CN7,32M,16,16,2,0,0,0,0,0,0,68.49,2182.49,2044.31,0.0,0.0,0.0,255.55,0.0,0.0,0.0
CN7,32M,16,16,3,0,0,0,0,0,0,68.90,2195.11,1979.31,0.0,0.0,0.0,245.55,0.0,0.0,0.0
CN7,32M,16,16,4,0,0,0,0,0,0,68.74,2190.16,2036.56,0.0,0.0,0.0,254.55,0.0,0.0,0.0
CN7,32M,16,16,5,0,0,0,0,0,0,68.36,2178.66,2911.75,0.0,0.0,0.0,363.4,0.0,0.0,0.0
CN7,64M,1,1,1,0,0,0,0,0,0,18.86,1184.83,280.75,0.0,0.0,0.0,35.4,0.0,0.0,0.0
CN7,64M,1,1,2,0,0,0,0,0,0,18.43,1157.45,306.42,0.0,0.0,0.0,38.07,0.0,0.0,0.0
CN7,64M,1,1,3,0,0,0,0,0,0,18.97,1192.82,452.63,0.0,0.0,0.0,57.1,0.0,0.0,0.0
CN7,64M,1,1,4,0,0,0,0,0,0,17.77,1116.06,302.08,0.0,0.0,0.0,38.07,0.0,0.0,0.0
CN7,64M,1,1,5,0,0,0,0,0,0,18.51,1163.21,323.42,0.0,0.0,0.0,40.73,0.0,0.0,0.0
CN7,64M,1,2,1,0,0,0,0,0,0,18.53,1165.87,336.08,0.0,0.0,0.0,40.73,0.0,0.0,0.0
CN7,64M,1,2,2,0,0,0,0,0,0,18.91,1186.31,420.62,0.0,0.0,0.0,53.1,0.0,0.0,0.0
CN7,64M,1,2,3,0,0,0,0,0,0,18.73,1176.30,421.12,0.0,0.0,0.0,53.1,0.0,0.0,0.0
CN7,64M,1,2,4,0,0,0,0,0,0,18.46,1160.41,420.62,0.0,0.0,0.0,53.1,0.0,0.0,0.0
CN7,64M,1,2,5,0,0,0,0,0,0,18.91,1187.48,468.62,0.0,0.0,0.0,59.1,0.0,0.0,0.0
CN7,64M,1,4,1,0,0,0,0,0,0,18.12,1137.69,234.56,0.0,0.0,0.0,29.55,0.0,0.0,0.0
CN7,64M,1,4,2,0,0,0,0,0,0,17.76,1114.57,334.07,0.0,0.0,0.0,42.07,0.0,0.0,0.0
CN7,64M,1,4,3,0,0,0,0,0,0,18.48,1160.55,439.11,0.0,0.0,0.0,55.12,0.0,0.0,0.0
CN7,64M,1,4,4,0,0,0,0,0,0,18.40,1154.74,489.61,0.0,0.0,0.0,59.1,0.0,0.0,0.0
CN7,64M,1,4,5,0,0,0,0,0,0,18.47,1159.91,420.61,0.0,0.0,0.0,53.1,0.0,0.0,0.0
CN7,64M,1,8,1,0,0,0,0,0,0,18.06,1132.54,313.74,0.0,0.0,0.0,39.4,0.0,0.0,0.0
CN7,64M,1,8,2,0,0,0,0,0,0,17.95,1127.57,582.61,0.0,0.0,0.0,73.1,0.0,0.0,0.0
CN7,64M,1,8,3,0,0,0,0,0,0,18.32,1151.06,313.73,0.0,0.0,0.0,39.4,0.0,0.0,0.0
CN7,64M,1,8,4,0,0,0,0,0,0,18.70,1171.54,486.6,0.0,0.0,0.0,61.1,0.0,0.0,0.0
CN7,64M,1,8,5,0,0,0,0,0,0,18.90,1187.14,521.6,0.0,0.0,0.0,65.12,0.0,0.0,0.0
CN7,64M,1,16,1,0,0,0,0,0,0,17.82,1118.94,324.4,0.0,0.0,0.0,40.73,0.0,0.0,0.0
CN7,64M,1,16,2,0,0,0,0,0,0,18.14,1140.39,291.06,0.0,0.0,0.0,35.4,0.0,0.0,0.0
CN7,64M,1,16,3,0,0,0,0,0,0,18.47,1160.66,460.1,0.0,0.0,0.0,57.1,0.0,0.0,0.0
CN7,64M,1,16,4,0,0,0,0,0,0,18.59,1168.90,281.39,0.0,0.0,0.0,35.4,0.0,0.0,0.0
CN7,64M,1,16,5,0,0,0,0,0,0,17.60,1106.78,422.59,0.0,0.0,0.0,53.1,0.0,0.0,0.0
CN7,64M,2,1,1,0,0,0,0,0,0,11.64,740.56,779.54,0.0,0.0,0.0,97.55,0.0,0.0,0.0
CN7,64M,2,1,2,0,0,0,0,0,0,11.77,749.17,739.29,0.0,0.0,0.0,92.55,0.0,0.0,0.0
CN7,64M,2,1,3,0,0,0,0,0,0,11.90,757.08,1002.39,0.0,0.0,0.0,124.75,0.0,0.0,0.0
CN7,64M,2,1,4,0,0,0,0,0,0,11.63,740.18,731.04,0.0,0.0,0.0,91.55,0.0,0.0,0.0
CN7,64M,2,1,5,0,0,0,0,0,0,12.20,775.45,1080.39,0.0,0.0,0.0,132.73,0.0,0.0,0.0
CN7,64M,2,2,1,0,0,0,0,0,0,11.60,737.97,985.39,0.0,0.0,0.0,123.4,0.0,0.0,0.0
CN7,64M,2,2,2,0,0,0,0,0,0,12.05,766.42,969.06,0.0,0.0,0.0,120.73,0.0,0.0,0.0
CN7,64M,2,2,3,0,0,0,0,0,0,12.04,765.89,996.06,0.0,0.0,0.0,124.73,0.0,0.0,0.0
CN7,64M,2,2,4,0,0,0,0,0,0,12.19,775.12,990.06,0.0,0.0,0.0,123.4,0.0,0.0,0.0
CN7,64M,2,2,5,0,0,0,0,0,0,11.24,715.32,1041.06,0.0,0.0,0.0,130.09,0.0,0.0,0.0
CN7,64M,2,4,1,0,0,0,0,0,0,12.99,826.39,750.79,0.0,0.0,0.0,93.55,0.0,0.0,0.0
CN7,64M,2,4,2,0,0,0,0,0,0,11.32,720.00,772.04,0.0,0.0,0.0,96.55,0.0,0.0,0.0
CN7,64M,2,4,3,0,0,0,0,0,0,11.36,722.96,1010.06,0.0,0.0,0.0,124.73,0.0,0.0,0.0
CN7,64M,2,4,4,0,0,0,0,0,0,11.77,748.60,751.29,0.0,0.0,0.0,93.55,0.0,0.0,0.0
CN7,64M,2,4,5,0,0,0,0,0,0,11.90,757.04,999.06,0.0,0.0,0.0,124.75,0.0,0.0,0.0
CN7,64M,2,8,1,0,0,0,0,0,0,12.54,797.59,727.79,0.0,0.0,0.0,90.55,0.0,0.0,0.0
CN7,64M,2,8,2,0,0,0,0,0,0,11.84,752.56,775.04,0.0,0.0,0.0,96.55,0.0,0.0,0.0
CN7,64M,2,8,3,0,0,0,0,0,0,11.73,746.14,965.06,0.0,0.0,0.0,120.73,0.0,0.0,0.0
CN7,64M,2,8,4,0,0,0,0,0,0,11.60,737.66,1076.39,0.0,0.0,0.0,134.06,0.0,0.0,0.0
CN7,64M,2,8,5,0,0,0,0,0,0,11.94,759.52,1018.39,0.0,0.0,0.0,127.4,0.0,0.0,0.0
CN7,64M,2,16,1,0,0,0,0,0,0,12.01,764.04,1058.39,0.0,0.0,0.0,130.06,0.0,0.0,0.0
CN7,64M,2,16,2,0,0,0,0,0,0,11.71,744.59,763.79,0.0,0.0,0.0,95.55,0.0,0.0,0.0
CN7,64M,2,16,3,0,0,0,0,0,0,11.86,754.40,1039.72,0.0,0.0,0.0,130.06,0.0,0.0,0.0
CN7,64M,2,16,4,0,0,0,0,0,0,11.96,759.97,763.79,0.0,0.0,0.0,95.55,0.0,0.0,0.0
CN7,64M,2,16,5,0,0,0,0,0,0,11.92,757.68,1023.06,0.0,0.0,0.0,127.4,0.0,0.0,0.0
CN7,64M,4,1,1,0,0,0,0,0,0,22.32,1420.49,1220.39,0.0,0.0,0.0,152.73,0.0,0.0,0.0
CN7,64M,4,1,2,0,0,0,0,0,0,22.26,1416.93,1418.06,0.0,0.0,0.0,176.73,0.0,0.0,0.0
CN7,64M,4,1,3,0,0,0,0,0,0,21.56,1371.85,1370.06,0.0,0.0,0.0,171.4,0.0,0.0,0.0
CN7,64M,4,1,4,0,0,0,0,0,0,21.94,1396.34,1321.39,0.0,0.0,0.0,163.4,0.0,0.0,0.0
CN7,64M,4,1,5,0,0,0,0,0,0,22.49,1431.25,1196.06,0.0,0.0,0.0,148.8,0.0,0.0,0.0
CN7,64M,4,2,1,0,0,0,0,0,0,20.84,1326.51,1369.72,0.0,0.0,0.0,171.4,0.0,0.0,0.0
CN7,64M,4,2,2,0,0,0,0,0,0,19.92,1268.24,1278.72,0.0,0.0,0.0,159.4,0.0,0.0,0.0
CN7,64M,4,2,3,0,0,0,0,0,0,19.36,1232.58,1241.72,0.0,0.0,0.0,155.4,0.0,0.0,0.0
CN7,64M,4,2,4,0,0,0,0,0,0,21.70,1381.91,1199.06,0.0,0.0,0.0,150.06,0.0,0.0,0.0
CN7,64M,4,2,5,0,0,0,0,0,0,19.58,1247.08,1366.06,0.0,0.0,0.0,170.09,0.0,0.0,0.0
CN7,64M,4,4,1,0,0,0,0,0,0,20.05,1276.57,1316.39,0.0,0.0,0.0,164.73,0.0,0.0,0.0
CN7,64M,4,4,2,0,0,0,0,0,0,21.76,1385.15,1273.39,0.0,0.0,0.0,156.73,0.0,0.0,0.0
CN7,64M,4,4,3,0,0,0,0,0,0,21.90,1394.50,947.29,0.0,0.0,0.0,118.55,0.0,0.0,0.0
CN7,64M,4,4,4,0,0,0,0,0,0,19.35,1232.54,1135.55,0.0,0.0,0.0,141.55,0.0,0.0,0.0
CN7,64M,4,4,5,0,0,0,0,0,0,21.52,1369.42,1465.73,0.0,0.0,0.0,183.4,0.0,0.0,0.0
CN7,64M,4,8,1,0,0,0,0,0,0,22.50,1431.27,1111.3,0.0,0.0,0.0,138.55,0.0,0.0,0.0
CN7,64M,4,8,2,0,0,0,0,0,0,22.56,1435.68,1369.73,0.0,0.0,0.0,171.4,0.0,0.0,0.0
CN7,64M,4,8,3,0,0,0,0,0,0,21.13,1344.42,1177.4,0.0,0.0,0.0,147.4,0.0,0.0,0.0
CN7,64M,4,8,4,0,0,0,0,0,0,20.95,1333.90,947.3,0.0,0.0,0.0,118.55,0.0,0.0,0.0
CN7,64M,4,8,5,0,0,0,0,0,0,19.20,1222.68,1309.4,0.0,0.0,0.0,162.06,0.0,0.0,0.0
CN7,64M,4,16,1,0,0,0,0,0,0,19.07,1214.69,1038.8,0.0,0.0,0.0,129.55,0.0,0.0,0.0
CN7,64M,4,16,2,0,0,0,0,0,0,21.58,1373.67,1381.4,0.0,0.0,0.0,172.73,0.0,0.0,0.0
CN7,64M,4,16,3,0,0,0,0,0,0,20.18,1284.59,937.3,0.0,0.0,0.0,116.57,0.0,0.0,0.0
CN7,64M,4,16,4,0,0,0,0,0,0,21.31,1356.32,1232.06,0.0,0.0,0.0,154.06,0.0,0.0,0.0
CN7,64M,4,16,5,0,0,0,0,0,0,21.37,1360.28,1274.73,0.0,0.0,0.0,159.4,0.0,0.0,0.0
CN7,64M,8,1,1,0,0,0,0,0,0,28.84,1838.76,1504.55,0.0,0.0,0.0,187.55,0.0,0.0,0.0
CN7,64M,8,1,2,0,0,0,0,0,0,32.56,2075.10,1787.4,0.0,0.0,0.0,223.4,0.0,0.0,0.0
CN7,64M,8,1,3,0,0,0,0,0,0,29.22,1860.53,2009.4,0.0,0.0,0.0,248.75,0.0,0.0,0.0
CN7,64M,8,1,4,0,0,0,0,0,0,35.33,2251.69,1387.8,0.0,0.0,0.0,173.55,0.0,0.0,0.0
CN7,64M,8,1,5,0,0,0,0,0,0,34.43,2194.47,1803.4,0.0,0.0,0.0,224.73,0.0,0.0,0.0
CN7,64M,8,2,1,0,0,0,0,0,0,27.79,1772.46,1915.4,0.0,0.0,0.0,239.4,0.0,0.0,0.0
CN7,64M,8,2,2,0,0,0,0,0,0,31.94,2036.12,1995.4,0.0,0.0,0.0,248.73,0.0,0.0,0.0
CN7,64M,8,2,3,0,0,0,0,0,0,34.22,2180.54,2341.74,0.0,0.0,0.0,292.73,0.0,0.0,0.0
CN7,64M,8,2,4,0,0,0,0,0,0,28.98,1847.25,1809.31,0.0,0.0,0.0,225.55,0.0,0.0,0.0
CN7,64M,8,2,5,0,0,0,0,0,0,29.13,1857.41,2555.08,0.0,0.0,0.0,319.4,0.0,0.0,0.0
CN7,64M,8,4,1,0,0,0,0,0,0,32.14,2048.29,2677.08,0.0,0.0,0.0,332.73,0.0,0.0,0.0
CN7,64M,8,4,2,0,0,0,0,0,0,33.17,2113.27,1865.56,0.0,0.0,0.0,232.56,0.0,0.0,0.0
CN7,64M,8,4,3,0,0,0,0,0,0,28.27,1803.36,2640.41,0.0,0.0,0.0,330.07,0.0,0.0,0.0
CN7,64M,8,4,4,0,0,0,0,0,0,30.95,1972.92,2784.75,0.0,0.0,0.0,347.4,0.0,0.0,0.0
CN7,64M,8,4,5,0,0,0,0,0,0,28.17,1792.62,2581.75,0.0,0.0,0.0,322.07,0.0,0.0,0.0
CN7,64M,8,8,1,0,0,0,0,0,0,30.31,1932.08,2683.09,0.0,0.0,0.0,335.4,0.0,0.0,0.0
CN7,64M,8,8,2,0,0,0,0,0,0,29.14,1858.22,2624.76,0.0,0.0,0.0,327.4,0.0,0.0,0.0
CN7,64M,8,8,3,0,0,0,0,0,0,28.13,1794.32,2704.43,0.0,0.0,0.0,338.07,0.0,0.0,0.0
CN7,64M,8,8,4,0,0,0,0,0,0,28.46,1815.35,2811.43,0.0,0.0,0.0,348.73,0.0,0.0,0.0
CN7,64M,8,8,5,0,0,0,0,0,0,30.11,1920.80,2640.43,0.0,0.0,0.0,330.07,0.0,0.0,0.0
CN7,64M,8,16,1,0,0,0,0,0,0,35.48,2260.63,1880.33,0.0,0.0,0.0,234.55,0.0,0.0,0.0
CN7,64M,8,16,2,0,0,0,0,0,0,31.40,2001.74,2619.1,0.0,0.0,0.0,327.4,0.0,0.0,0.0
CN7,64M,8,16,3,0,0,0,0,0,0,31.71,2021.51,2552.1,0.0,0.0,0.0,318.1,0.0,0.0,0.0
CN7,64M,8,16,4,0,0,0,0,0,0,33.76,2151.82,2533.77,0.0,0.0,0.0,316.74,0.0,0.0,0.0
CN7,64M,8,16,5,0,0,0,0,0,0,31.63,2016.98,2560.77,0.0,0.0,0.0,319.4,0.0,0.0,0.0
CN7,64M,16,1,1,0,0,0,0,0,0,35.25,2249.15,3766.33,0.0,0.0,0.0,470.55,0.0,0.0,0.0
CN7,64M,16,1,2,0,0,0,0,0,0,36.44,2327.51,3032.27,0.0,0.0,0.0,377.24,0.0,0.0,0.0
CN7,64M,16,1,3,0,0,0,0,0,0,35.83,2286.73,3564.34,0.0,0.0,0.0,444.63,0.0,0.0,0.0
CN7,64M,16,1,4,0,0,0,0,0,0,34.89,2228.30,3998.34,0.0,0.0,0.0,499.55,0.0,0.0,0.0
CN7,64M,16,1,5,0,0,0,0,0,0,26.62,1700.69,3663.68,0.0,0.0,0.0,457.2,0.0,0.0,0.0
CN7,64M,16,2,1,0,0,0,0,0,0,28.09,1793.77,3530.1,0.0,0.0,0.0,440.55,0.0,0.0,0.0
CN7,64M,16,2,2,0,0,0,0,0,0,29.96,1912.50,4174.61,0.0,0.0,0.0,521.55,0.0,0.0,0.0
CN7,64M,16,2,3,0,0,0,0,0,0,26.39,1685.23,4146.86,0.0,0.0,0.0,517.56,0.0,0.0,0.0
CN7,64M,16,2,4,0,0,0,0,0,0,31.41,2006.40,4126.61,0.0,0.0,0.0,515.56,0.0,0.0,0.0
CN7,64M,16,2,5,0,0,0,0,0,0,29.92,1911.48,4054.37,0.0,0.0,0.0,504.59,0.0,0.0,0.0
CN7,64M,16,4,1,0,0,0,0,0,0,26.12,1668.65,3408.5,0.0,0.0,0.0,425.59,0.0,0.0,0.0
CN7,64M,16,4,2,0,0,0,0,0,0,31.87,2036.11,3163.9,0.0,0.0,0.0,394.85,0.0,0.0,0.0
CN7,64M,16,4,3,0,0,0,0,0,0,28.50,1820.90,4174.63,0.0,0.0,0.0,521.56,0.0,0.0,0.0
CN7,64M,16,4,4,0,0,0,0,0,0,24.80,1585.01,4026.89,0.0,0.0,0.0,502.56,0.0,0.0,0.0
CN7,64M,16,4,5,0,0,0,0,0,0,25.40,1618.44,4134.64,0.0,0.0,0.0,516.56,0.0,0.0,0.0
CN7,64M,16,8,1,0,0,0,0,0,0,27.60,1763.52,4123.15,0.0,0.0,0.0,514.56,0.0,0.0,0.0
CN7,64M,16,8,2,0,0,0,0,0,0,23.94,1530.01,5552.2,0.0,0.0,0.0,693.66,0.0,0.0,0.0
CN7,64M,16,8,3,0,0,0,0,0,0,30.55,1951.66,3214.52,0.0,0.0,0.0,400.45,0.0,0.0,0.0
CN7,64M,16,8,4,0,0,0,0,0,0,30.15,1926.27,4052.91,0.0,0.0,0.0,505.64,0.0,0.0,0.0
CN7,64M,16,8,5,0,0,0,0,0,0,33.23,2119.87,4078.41,0.0,0.0,0.0,509.56,0.0,0.0,0.0
CN7,64M,16,16,1,0,0,0,0,0,0,29.50,1884.62,3227.93,0.0,0.0,0.0,402.85,0.0,0.0,0.0
CN7,64M,16,16,2,0,0,0,0,0,0,28.44,1817.22,5336.9,0.0,0.0,0.0,666.08,0.0,0.0,0.0
CN7,64M,16,16,3,0,0,0,0,0,0,21.47,1367.88,4039.68,0.0,0.0,0.0,504.58,0.0,0.0,0.0
CN7,64M,16,16,4,0,0,0,0,0,0,26.04,1663.39,3307.14,0.0,0.0,0.0,412.73,0.0,0.0,0.0
CN7,64M,16,16,5,0,0,0,0,0,0,30.46,1942.85,4023.93,0.0,0.0,0.0,502.59,0.0,0.0,0.0
CN7,128M,1,1,1,0,0,0,0,0,0,10.64,1347.55,757.69,0.0,0.0,0.0,92.6,0.0,0.0,0.0
CN7,128M,1,1,2,0,0,0,0,0,0,10.83,1372.09,694.92,0.0,0.0,0.0,87.13,0.0,0.0,0.0
CN7,128M,1,1,3,0,0,0,0,0,0,10.74,1360.93,585.59,0.0,0.0,0.0,72.79,0.0,0.0,0.0
CN7,128M,1,1,4,0,0,0,0,0,0,10.81,1368.50,675.92,0.0,0.0,0.0,84.75,0.0,0.0,0.0
CN7,128M,1,1,5,0,0,0,0,0,0,10.80,1367.15,521.6,0.0,0.0,0.0,65.51,0.0,0.0,0.0
CN7,128M,1,2,1,0,0,0,0,0,0,10.94,1384.95,611.92,0.0,0.0,0.0,76.75,0.0,0.0,0.0
CN7,128M,1,2,2,0,0,0,0,0,0,11.13,1408.52,633.25,0.0,0.0,0.0,79.42,0.0,0.0,0.0
CN7,128M,1,2,3,0,0,0,0,0,0,10.88,1378.66,590.92,0.0,0.0,0.0,74.09,0.0,0.0,0.0
CN7,128M,1,2,4,0,0,0,0,0,0,11.17,1414.52,651.58,0.0,0.0,0.0,79.92,0.0,0.0,0.0
CN7,128M,1,2,5,0,0,0,0,0,0,10.62,1343.63,729.25,0.0,0.0,0.0,91.42,0.0,0.0,0.0
CN7,128M,1,4,1,0,0,0,0,0,0,11.12,1407.81,658.25,0.0,0.0,0.0,82.54,0.0,0.0,0.0
CN7,128M,1,4,2,0,0,0,0,0,0,11.04,1398.51,642.58,0.0,0.0,0.0,79.96,0.0,0.0,0.0
CN7,128M,1,4,3,0,0,0,0,0,0,10.87,1377.84,577.58,0.0,0.0,0.0,72.29,0.0,0.0,0.0
CN7,128M,1,4,4,0,0,0,0,0,0,10.78,1366.29,759.25,0.0,0.0,0.0,95.17,0.0,0.0,0.0
CN7,128M,1,4,5,0,0,0,0,0,0,11.10,1406.13,617.91,0.0,0.0,0.0,76.88,0.0,0.0,0.0
CN7,128M,1,8,1,0,0,0,0,0,0,9.45,1198.20,556.43,0.0,0.0,0.0,69.75,0.0,0.0,0.0
CN7,128M,1,8,2,0,0,0,0,0,0,10.74,1359.90,716.24,0.0,0.0,0.0,87.42,0.0,0.0,0.0
CN7,128M,1,8,3,0,0,0,0,0,0,10.98,1390.35,659.58,0.0,0.0,0.0,82.35,0.0,0.0,0.0
CN7,128M,1,8,4,0,0,0,0,0,0,10.97,1389.10,645.24,0.0,0.0,0.0,80.21,0.0,0.0,0.0
CN7,128M,1,8,5,0,0,0,0,0,0,10.77,1364.02,611.24,0.0,0.0,0.0,76.54,0.0,0.0,0.0
CN7,128M,1,16,1,0,0,0,0,0,0,10.58,1339.11,783.58,0.0,0.0,0.0,98.08,0.0,0.0,0.0
CN7,128M,1,16,2,0,0,0,0,0,0,10.98,1391.63,666.24,0.0,0.0,0.0,83.42,0.0,0.0,0.0
CN7,128M,1,16,3,0,0,0,0,0,0,10.87,1376.81,629.24,0.0,0.0,0.0,78.17,0.0,0.0,0.0
CN7,128M,1,16,4,0,0,0,0,0,0,11.11,1406.24,608.24,0.0,0.0,0.0,76.17,0.0,0.0,0.0
CN7,128M,1,16,5,0,0,0,0,0,0,10.72,1358.24,681.24,0.0,0.0,0.0,83.72,0.0,0.0,0.0
CN7,128M,2,1,1,0,0,0,0,0,0,6.89,878.91,1639.43,0.0,0.0,0.0,204.56,0.0,0.0,0.0
CN7,128M,2,1,2,0,0,0,0,0,0,7.09,904.57,2143.24,0.0,0.0,0.0,267.69,0.0,0.0,0.0
CN7,128M,2,1,3,0,0,0,0,0,0,7.08,903.66,2182.91,0.0,0.0,0.0,272.13,0.0,0.0,0.0
CN7,128M,2,1,4,0,0,0,0,0,0,7.24,923.88,2224.91,0.0,0.0,0.0,278.09,0.0,0.0,0.0
CN7,128M,2,1,5,0,0,0,0,0,0,6.71,856.43,1717.18,0.0,0.0,0.0,214.56,0.0,0.0,0.0
CN7,128M,2,2,1,0,0,0,0,0,0,6.44,821.87,1631.93,0.0,0.0,0.0,203.58,0.0,0.0,0.0
CN7,128M,2,2,2,0,0,0,0,0,0,6.61,843.50,2115.25,0.0,0.0,0.0,264.5,0.0,0.0,0.0
CN7,128M,2,2,3,0,0,0,0,0,0,6.56,836.45,2159.58,0.0,0.0,0.0,267.42,0.0,0.0,0.0
CN7,128M,2,2,4,0,0,0,0,0,0,7.10,906.05,1606.94,0.0,0.0,0.0,200.94,0.0,0.0,0.0
CN7,128M,2,2,5,0,0,0,0,0,0,6.61,843.56,2115.92,0.0,0.0,0.0,263.92,0.0,0.0,0.0
CN7,128M,2,4,1,0,0,0,0,0,0,7.53,960.54,2123.25,0.0,0.0,0.0,265.5,0.0,0.0,0.0
CN7,128M,2,4,2,0,0,0,0,0,0,6.90,878.27,2143.26,0.0,0.0,0.0,267.29,0.0,0.0,0.0
CN7,128M,2,4,3,0,0,0,0,0,0,6.53,833.06,2194.26,0.0,0.0,0.0,274.12,0.0,0.0,0.0
CN7,128M,2,4,4,0,0,0,0,0,0,6.97,889.57,1526.69,0.0,0.0,0.0,190.38,0.0,0.0,0.0
CN7,128M,2,4,5,0,0,0,0,0,0,6.52,832.14,2159.93,0.0,0.0,0.0,270.09,0.0,0.0,0.0
CN7,128M,2,8,1,0,0,0,0,0,0,6.86,874.55,2219.93,0.0,0.0,0.0,275.67,0.0,0.0,0.0
CN7,128M,2,8,2,0,0,0,0,0,0,7.02,895.74,2188.26,0.0,0.0,0.0,273.0,0.0,0.0,0.0
CN7,128M,2,8,3,0,0,0,0,0,0,7.05,899.08,1621.7,0.0,0.0,0.0,202.78,0.0,0.0,0.0
CN7,128M,2,8,4,0,0,0,0,0,0,6.85,874.19,2106.6,0.0,0.0,0.0,262.71,0.0,0.0,0.0
CN7,128M,2,8,5,0,0,0,0,0,0,7.10,906.09,2174.94,0.0,0.0,0.0,271.34,0.0,0.0,0.0
CN7,128M,2,16,1,0,0,0,0,0,0,6.79,867.09,2169.6,0.0,0.0,0.0,271.3,0.0,0.0,0.0
CN7,128M,2,16,2,0,0,0,0,0,0,7.05,899.28,2205.27,0.0,0.0,0.0,275.05,0.0,0.0,0.0
CN7,128M,2,16,3,0,0,0,0,0,0,7.07,901.18,1675.95,0.0,0.0,0.0,209.57,0.0,0.0,0.0
CN7,128M,2,16,4,0,0,0,0,0,0,7.04,898.41,2096.27,0.0,0.0,0.0,259.55,0.0,0.0,0.0
CN7,128M,2,16,5,0,0,0,0,0,0,7.01,893.74,2173.61,0.0,0.0,0.0,271.8,0.0,0.0,0.0
CN7,128M,4,1,1,0,0,0,0,0,0,12.37,1578.75,2669.94,0.0,0.0,0.0,333.05,0.0,0.0,0.0
CN7,128M,4,1,2,0,0,0,0,0,0,11.78,1504.14,2747.28,0.0,0.0,0.0,343.42,0.0,0.0,0.0
CN7,128M,4,1,3,0,0,0,0,0,0,10.97,1398.73,2014.71,0.0,0.0,0.0,251.32,0.0,0.0,0.0
CN7,128M,4,1,4,0,0,0,0,0,0,11.35,1448.22,1927.71,0.0,0.0,0.0,240.97,0.0,0.0,0.0
CN7,128M,4,1,5,0,0,0,0,0,0,12.60,1607.76,2678.29,0.0,0.0,0.0,334.09,0.0,0.0,0.0
CN7,128M,4,2,1,0,0,0,0,0,0,11.58,1477.94,1964.46,0.0,0.0,0.0,245.57,0.0,0.0,0.0
CN7,128M,4,2,2,0,0,0,0,0,0,11.61,1479.86,2207.97,0.0,0.0,0.0,274.57,0.0,0.0,0.0
CN7,128M,4,2,3,0,0,0,0,0,0,12.58,1604.85,2558.29,0.0,0.0,0.0,319.13,0.0,0.0,0.0
CN7,128M,4,2,4,0,0,0,0,0,0,11.83,1509.84,2533.63,0.0,0.0,0.0,316.76,0.0,0.0,0.0
CN7,128M,4,2,5,0,0,0,0,0,0,11.80,1505.46,2655.3,0.0,0.0,0.0,331.22,0.0,0.0,0.0
CN7,128M,4,4,1,0,0,0,0,0,0,11.01,1404.54,1952.47,0.0,0.0,0.0,243.57,0.0,0.0,0.0
CN7,128M,4,4,2,0,0,0,0,0,0,13.16,1679.09,1889.72,0.0,0.0,0.0,236.23,0.0,0.0,0.0
CN7,128M,4,4,3,0,0,0,0,0,0,10.94,1397.31,1981.98,0.0,0.0,0.0,247.23,0.0,0.0,0.0
CN7,128M,4,4,4,0,0,0,0,0,0,11.19,1426.44,2811.31,0.0,0.0,0.0,351.43,0.0,0.0,0.0
CN7,128M,4,4,5,0,0,0,0,0,0,11.37,1451.02,2907.31,0.0,0.0,0.0,360.76,0.0,0.0,0.0
CN7,128M,4,8,1,0,0,0,0,0,0,11.27,1438.38,2499.64,0.0,0.0,0.0,312.51,0.0,0.0,0.0
CN7,128M,4,8,2,0,0,0,0,0,0,12.41,1584.11,2892.65,0.0,0.0,0.0,360.88,0.0,0.0,0.0
CN7,128M,4,8,3,0,0,0,0,0,0,12.37,1578.20,2841.31,0.0,0.0,0.0,355.09,0.0,0.0,0.0
CN7,128M,4,8,4,0,0,0,0,0,0,11.76,1500.44,2816.98,0.0,0.0,0.0,351.43,0.0,0.0,0.0
CN7,128M,4,8,5,0,0,0,0,0,0,10.68,1361.72,2128.99,0.0,0.0,0.0,265.96,0.0,0.0,0.0
CN7,128M,4,16,1,0,0,0,0,0,0,12.82,1635.74,2525.99,0.0,0.0,0.0,315.09,0.0,0.0,0.0
CN7,128M,4,16,2,0,0,0,0,0,0,10.52,1342.30,2853.32,0.0,0.0,0.0,356.64,0.0,0.0,0.0
CN7,128M,4,16,3,0,0,0,0,0,0,11.40,1455.84,2612.33,0.0,0.0,0.0,324.76,0.0,0.0,0.0
CN7,128M,4,16,4,0,0,0,0,0,0,10.69,1364.61,2517.0,0.0,0.0,0.0,314.1,0.0,0.0,0.0
CN7,128M,4,16,5,0,0,0,0,0,0,11.93,1522.46,2577.0,0.0,0.0,0.0,322.14,0.0,0.0,0.0
CN7,128M,8,1,1,0,0,0,0,0,0,15.46,1974.34,3128.5,0.0,0.0,0.0,390.38,0.0,0.0,0.0
CN7,128M,8,1,2,0,0,0,0,0,0,15.39,1965.92,4409.0,0.0,0.0,0.0,550.12,0.0,0.0,0.0
CN7,128M,8,1,3,0,0,0,0,0,0,16.32,2085.33,3591.01,0.0,0.0,0.0,448.76,0.0,0.0,0.0
CN7,128M,8,1,4,0,0,0,0,0,0,18.14,2314.87,3159.01,0.0,0.0,0.0,394.04,0.0,0.0,0.0
CN7,128M,8,1,5,0,0,0,0,0,0,15.61,1993.64,4541.35,0.0,0.0,0.0,567.43,0.0,0.0,0.0
CN7,128M,8,2,1,0,0,0,0,0,0,14.42,1840.83,4057.26,0.0,0.0,0.0,504.82,0.0,0.0,0.0
CN7,128M,8,2,2,0,0,0,0,0,0,14.21,1815.37,5320.69,0.0,0.0,0.0,664.77,0.0,0.0,0.0
CN7,128M,8,2,3,0,0,0,0,0,0,13.26,1694.79,4012.53,0.0,0.0,0.0,500.76,0.0,0.0,0.0
CN7,128M,8,2,4,0,0,0,0,0,0,14.59,1864.57,3198.82,0.0,0.0,0.0,399.64,0.0,0.0,0.0
CN7,128M,8,2,5,0,0,0,0,0,0,13.63,1742.26,4533.03,0.0,0.0,0.0,565.83,0.0,0.0,0.0
CN7,128M,8,4,1,0,0,0,0,0,0,12.01,1533.81,3704.29,0.0,0.0,0.0,462.83,0.0,0.0,0.0
CN7,128M,8,4,2,0,0,0,0,0,0,12.49,1595.64,4952.72,0.0,0.0,0.0,618.1,0.0,0.0,0.0
CN7,128M,8,4,3,0,0,0,0,0,0,13.70,1751.26,4030.55,0.0,0.0,0.0,503.58,0.0,0.0,0.0
CN7,128M,8,4,4,0,0,0,0,0,0,15.06,1924.04,4000.55,0.0,0.0,0.0,498.45,0.0,0.0,0.0
CN7,128M,8,4,5,0,0,0,0,0,0,14.58,1862.92,5324.07,0.0,0.0,0.0,664.6,0.0,0.0,0.0
CN7,128M,8,8,1,0,0,0,0,0,0,13.76,1756.63,3262.85,0.0,0.0,0.0,407.66,0.0,0.0,0.0
CN7,128M,8,8,2,0,0,0,0,0,0,14.13,1804.45,3980.31,0.0,0.0,0.0,496.6,0.0,0.0,0.0
CN7,128M,8,8,3,0,0,0,0,0,0,14.13,1805.13,4050.82,0.0,0.0,0.0,505.58,0.0,0.0,0.0
CN7,128M,8,8,4,0,0,0,0,0,0,13.95,1782.23,3998.82,0.0,0.0,0.0,499.58,0.0,0.0,0.0
CN7,128M,8,8,5,0,0,0,0,0,0,14.84,1896.60,4015.33,0.0,0.0,0.0,500.97,0.0,0.0,0.0
CN7,128M,8,16,1,0,0,0,0,0,0,13.02,1663.20,4054.58,0.0,0.0,0.0,506.58,0.0,0.0,0.0
CN7,128M,8,16,2,0,0,0,0,0,0,13.78,1761.23,3982.59,0.0,0.0,0.0,495.47,0.0,0.0,0.0
CN7,128M,8,16,3,0,0,0,0,0,0,14.22,1817.20,4070.59,0.0,0.0,0.0,508.58,0.0,0.0,0.0
CN7,128M,8,16,4,0,0,0,0,0,0,14.53,1856.54,3096.68,0.0,0.0,0.0,386.44,0.0,0.0,0.0
CN7,128M,8,16,5,0,0,0,0,0,0,14.87,1899.64,5343.8,0.0,0.0,0.0,667.65,0.0,0.0,0.0
CN7,128M,16,1,1,0,0,0,0,0,0,11.49,1469.02,5387.9,0.0,0.0,0.0,672.62,0.0,0.0,0.0
CN7,128M,16,1,2,0,0,0,0,0,0,11.52,1473.01,6521.69,0.0,0.0,0.0,814.62,0.0,0.0,0.0
CN7,128M,16,1,3,0,0,0,0,0,0,11.08,1417.05,6510.7,0.0,0.0,0.0,812.67,0.0,0.0,0.0
CN7,128M,16,1,4,0,0,0,0,0,0,10.22,1305.03,6542.71,0.0,0.0,0.0,817.05,0.0,0.0,0.0
CN7,128M,16,1,5,0,0,0,0,0,0,10.88,1392.09,7175.91,0.0,0.0,0.0,895.02,0.0,0.0,0.0
CN7,128M,16,2,1,0,0,0,0,0,0,11.30,1444.10,5897.94,0.0,0.0,0.0,736.26,0.0,0.0,0.0
CN7,128M,16,2,2,0,0,0,0,0,0,10.23,1308.23,6523.53,0.0,0.0,0.0,814.8,0.0,0.0,0.0
CN7,128M,16,2,3,0,0,0,0,0,0,11.65,1490.42,5442.95,0.0,0.0,0.0,679.48,0.0,0.0,0.0
CN7,128M,16,2,4,0,0,0,0,0,0,12.07,1543.18,5529.95,0.0,0.0,0.0,690.4,0.0,0.0,0.0
CN7,128M,16,2,5,0,0,0,0,0,0,12.04,1540.13,6507.95,0.0,0.0,0.0,812.76,0.0,0.0,0.0
CN7,128M,16,4,1,0,0,0,0,0,0,11.85,1515.35,5444.97,0.0,0.0,0.0,679.73,0.0,0.0,0.0
CN7,128M,16,4,2,0,0,0,0,0,0,11.34,1450.69,6539.37,0.0,0.0,0.0,816.8,0.0,0.0,0.0
CN7,128M,16,4,3,0,0,0,0,0,0,11.40,1457.38,5475.81,0.0,0.0,0.0,682.43,0.0,0.0,0.0
CN7,128M,16,4,4,0,0,0,0,0,0,11.18,1430.09,5567.65,0.0,0.0,0.0,695.07,0.0,0.0,0.0
CN7,128M,16,4,5,0,0,0,0,0,0,11.56,1478.08,6553.39,0.0,0.0,0.0,818.08,0.0,0.0,0.0
CN7,128M,16,8,1,0,0,0,0,0,0,10.96,1402.12,6543.0,0.0,0.0,0.0,817.28,0.0,0.0,0.0
CN7,128M,16,8,2,0,0,0,0,0,0,11.33,1448.96,6630.01,0.0,0.0,0.0,827.68,0.0,0.0,0.0
CN7,128M,16,8,3,0,0,0,0,0,0,11.29,1444.32,6613.62,0.0,0.0,0.0,826.08,0.0,0.0,0.0
CN7,128M,16,8,4,0,0,0,0,0,0,11.51,1471.85,6592.63,0.0,0.0,0.0,822.91,0.0,0.0,0.0
CN7,128M,16,8,5,0,0,0,0,0,0,12.09,1546.15,6583.03,0.0,0.0,0.0,822.12,0.0,0.0,0.0
CN7,128M,16,16,1,0,0,0,0,0,0,10.26,1312.10,5496.2,0.0,0.0,0.0,685.07,0.0,0.0,0.0
CN7,128M,16,16,2,0,0,0,0,0,0,11.24,1437.73,6647.25,0.0,0.0,0.0,829.81,0.0,0.0,0.0
CN7,128M,16,16,3,0,0,0,0,0,0,11.53,1474.69,6513.06,0.0,0.0,0.0,813.32,0.0,0.0,0.0
CN7,128M,16,16,4,0,0,0,0,0,0,11.55,1477.67,6605.27,0.0,0.0,0.0,824.49,0.0,0.0,0.0
CN7,128M,16,16,5,0,0,0,0,0,0,11.39,1456.94,6556.27,0.0,0.0,0.0,818.44,0.0,0.0,0.0
CN7,256M,1,1,1,0,0,0,0,0,0,5.91,1505.04,1420.85,0.0,0.0,0.0,177.62,0.0,0.0,0.0
CN7,256M,1,1,2,0,0,0,0,0,0,5.96,1516.85,1821.14,0.0,0.0,0.0,226.79,0.0,0.0,0.0
CN7,256M,1,1,3,0,0,0,0,0,0,5.38,1370.19,1792.47,0.0,0.0,0.0,224.07,0.0,0.0,0.0
CN7,256M,1,1,4,0,0,0,0,0,0,6.00,1528.25,1730.14,0.0,0.0,0.0,213.82,0.0,0.0,0.0
CN7,256M,1,1,5,0,0,0,0,0,0,5.65,1439.11,1885.8,0.0,0.0,0.0,235.74,0.0,0.0,0.0
CN7,256M,1,2,1,0,0,0,0,0,0,5.91,1504.17,1296.61,0.0,0.0,0.0,161.62,0.0,0.0,0.0
CN7,256M,1,2,2,0,0,0,0,0,0,5.93,1510.70,1734.14,0.0,0.0,0.0,216.82,0.0,0.0,0.0
CN7,256M,1,2,3,0,0,0,0,0,0,6.01,1529.40,1783.14,0.0,0.0,0.0,222.2,0.0,0.0,0.0
CN7,256M,1,2,4,0,0,0,0,0,0,6.02,1532.49,1856.81,0.0,0.0,0.0,232.11,0.0,0.0,0.0
CN7,256M,1,2,5,0,0,0,0,0,0,5.18,1319.36,1771.81,0.0,0.0,0.0,220.82,0.0,0.0,0.0
CN7,256M,1,4,1,0,0,0,0,0,0,5.98,1523.70,1746.14,0.0,0.0,0.0,218.28,0.0,0.0,0.0
CN7,256M,1,4,2,0,0,0,0,0,0,5.98,1522.85,1339.36,0.0,0.0,0.0,166.08,0.0,0.0,0.0
CN7,256M,1,4,3,0,0,0,0,0,0,5.94,1511.32,1766.14,0.0,0.0,0.0,220.11,0.0,0.0,0.0
CN7,256M,1,4,4,0,0,0,0,0,0,5.98,1521.10,1830.48,0.0,0.0,0.0,228.82,0.0,0.0,0.0
CN7,256M,1,4,5,0,0,0,0,0,0,5.36,1365.39,1296.61,0.0,0.0,0.0,161.62,0.0,0.0,0.0
CN7,256M,1,8,1,0,0,0,0,0,0,5.96,1517.40,1856.81,0.0,0.0,0.0,231.49,0.0,0.0,0.0
CN7,256M,1,8,2,0,0,0,0,0,0,5.96,1514.96,1214.86,0.0,0.0,0.0,151.9,0.0,0.0,0.0
CN7,256M,1,8,3,0,0,0,0,0,0,5.94,1511.32,1772.81,0.0,0.0,0.0,220.83,0.0,0.0,0.0
CN7,256M,1,8,4,0,0,0,0,0,0,5.99,1523.73,1880.81,0.0,0.0,0.0,235.11,0.0,0.0,0.0
CN7,256M,1,8,5,0,0,0,0,0,0,5.96,1516.79,1786.48,0.0,0.0,0.0,220.82,0.0,0.0,0.0
CN7,256M,1,16,1,0,0,0,0,0,0,5.99,1524.90,1777.15,0.0,0.0,0.0,222.16,0.0,0.0,0.0
CN7,256M,1,16,2,0,0,0,0,0,0,5.95,1515.35,1770.82,0.0,0.0,0.0,220.7,0.0,0.0,0.0
CN7,256M,1,16,3,0,0,0,0,0,0,5.98,1521.58,1712.82,0.0,0.0,0.0,214.16,0.0,0.0,0.0
CN7,256M,1,16,4,0,0,0,0,0,0,4.89,1245.56,1707.49,0.0,0.0,0.0,212.82,0.0,0.0,0.0
CN7,256M,1,16,5,0,0,0,0,0,0,5.64,1435.92,1808.15,0.0,0.0,0.0,226.16,0.0,0.0,0.0
CN7,256M,2,1,1,0,0,0,0,0,0,4.08,1041.75,4226.82,0.0,0.0,0.0,527.49,0.0,0.0,0.0
CN7,256M,2,1,2,0,0,0,0,0,0,4.04,1030.81,4303.16,0.0,0.0,0.0,537.74,0.0,0.0,0.0
CN7,256M,2,1,3,0,0,0,0,0,0,4.15,1060.71,4093.49,0.0,0.0,0.0,508.82,0.0,0.0,0.0
CN7,256M,2,1,4,0,0,0,0,0,0,4.20,1072.72,4384.17,0.0,0.0,0.0,547.24,0.0,0.0,0.0
CN7,256M,2,1,5,0,0,0,0,0,0,3.93,1003.40,4295.84,0.0,0.0,0.0,536.82,0.0,0.0,0.0
CN7,256M,2,2,1,0,0,0,0,0,0,3.83,976.67,4409.84,0.0,0.0,0.0,550.16,0.0,0.0,0.0
CN7,256M,2,2,2,0,0,0,0,0,0,4.02,1025.83,4391.84,0.0,0.0,0.0,548.16,0.0,0.0,0.0
CN7,256M,2,2,3,0,0,0,0,0,0,3.84,980.52,4338.52,0.0,0.0,0.0,542.16,0.0,0.0,0.0
CN7,256M,2,2,4,0,0,0,0,0,0,4.18,1066.86,4322.85,0.0,0.0,0.0,539.49,0.0,0.0,0.0
CN7,256M,2,2,5,0,0,0,0,0,0,3.75,957.67,4338.52,0.0,0.0,0.0,542.16,0.0,0.0,0.0
CN7,256M,2,4,1,0,0,0,0,0,0,4.12,1052.39,3246.89,0.0,0.0,0.0,403.62,0.0,0.0,0.0
CN7,256M,2,4,2,0,0,0,0,0,0,4.17,1066.22,4389.87,0.0,0.0,0.0,548.4,0.0,0.0,0.0
CN7,256M,2,4,3,0,0,0,0,0,0,4.04,1031.52,4334.2,0.0,0.0,0.0,540.84,0.0,0.0,0.0
CN7,256M,2,4,4,0,0,0,0,0,0,4.04,1032.20,4317.21,0.0,0.0,0.0,539.5,0.0,0.0,0.0
CN7,256M,2,4,5,0,0,0,0,0,0,3.76,961.25,4386.88,0.0,0.0,0.0,547.5,0.0,0.0,0.0
CN7,256M,2,8,1,0,0,0,0,0,0,4.12,1050.56,4263.88,0.0,0.0,0.0,532.83,0.0,0.0,0.0
CN7,256M,2,8,2,0,0,0,0,0,0,4.18,1069.07,4397.89,0.0,0.0,0.0,548.83,0.0,0.0,0.0
CN7,256M,2,8,3,0,0,0,0,0,0,4.22,1077.81,4178.56,0.0,0.0,0.0,522.16,0.0,0.0,0.0
CN7,256M,2,8,4,0,0,0,0,0,0,4.20,1074.24,4371.56,0.0,0.0,0.0,543.5,0.0,0.0,0.0
CN7,256M,2,8,5,0,0,0,0,0,0,4.11,1051.06,4568.57,0.0,0.0,0.0,570.17,0.0,0.0,0.0
CN7,256M,2,16,1,0,0,0,0,0,0,4.08,1041.57,4317.57,0.0,0.0,0.0,539.42,0.0,0.0,0.0
CN7,256M,2,16,2,0,0,0,0,0,0,3.80,972.02,4440.57,0.0,0.0,0.0,554.17,0.0,0.0,0.0
CN7,256M,2,16,3,0,0,0,0,0,0,4.33,1105.73,4311.58,0.0,0.0,0.0,538.17,0.0,0.0,0.0
CN7,256M,2,16,4,0,0,0,0,0,0,4.08,1040.28,4531.25,0.0,0.0,0.0,566.17,0.0,0.0,0.0
CN7,256M,2,16,5,0,0,0,0,0,0,3.83,978.69,4406.92,0.0,0.0,0.0,549.92,0.0,0.0,0.0
CN7,256M,4,1,1,0,0,0,0,0,0,6.82,1742.83,4006.69,0.0,0.0,0.0,500.63,0.0,0.0,0.0
CN7,256M,4,1,2,0,0,0,0,0,0,6.00,1531.13,4335.45,0.0,0.0,0.0,539.63,0.0,0.0,0.0
CN7,256M,4,1,3,0,0,0,0,0,0,6.20,1583.53,3481.56,0.0,0.0,0.0,434.9,0.0,0.0,0.0
CN7,256M,4,1,4,0,0,0,0,0,0,6.47,1651.66,4059.71,0.0,0.0,0.0,506.63,0.0,0.0,0.0
CN7,256M,4,1,5,0,0,0,0,0,0,6.54,1671.77,3975.46,0.0,0.0,0.0,496.63,0.0,0.0,0.0
CN7,256M,4,2,1,0,0,0,0,0,0,4.46,1140.33,2985.37,0.0,0.0,0.0,372.5,0.0,0.0,0.0
CN7,256M,4,2,2,0,0,0,0,0,0,4.41,1127.10,3775.47,0.0,0.0,0.0,471.63,0.0,0.0,0.0
CN7,256M,4,2,3,0,0,0,0,0,0,4.77,1219.75,3036.98,0.0,0.0,0.0,378.9,0.0,0.0,0.0
CN7,256M,4,2,4,0,0,0,0,0,0,6.33,1616.27,4111.73,0.0,0.0,0.0,513.63,0.0,0.0,0.0
CN7,256M,4,2,5,0,0,0,0,0,0,4.66,1191.43,3510.48,0.0,0.0,0.0,436.63,0.0,0.0,0.0
CN7,256M,4,4,1,0,0,0,0,0,0,4.73,1209.89,3120.19,0.0,0.0,0.0,389.3,0.0,0.0,0.0
CN7,256M,4,4,2,0,0,0,0,0,0,4.54,1160.22,3791.49,0.0,0.0,0.0,473.63,0.0,0.0,0.0
CN7,256M,4,4,3,0,0,0,0,0,0,4.33,1105.73,3868.24,0.0,0.0,0.0,482.63,0.0,0.0,0.0
CN7,256M,4,4,4,0,0,0,0,0,0,4.53,1156.60,3042.6,0.0,0.0,0.0,379.71,0.0,0.0,0.0
CN7,256M,4,4,5,0,0,0,0,0,0,4.11,1051.76,3992.25,0.0,0.0,0.0,498.65,0.0,0.0,0.0
CN7,256M,4,8,1,0,0,0,0,0,0,5.64,1440.69,4243.5,0.0,0.0,0.0,529.63,0.0,0.0,0.0
CN7,256M,4,8,2,0,0,0,0,0,0,5.71,1458.99,4431.51,0.0,0.0,0.0,553.63,0.0,0.0,0.0
CN7,256M,4,8,3,0,0,0,0,0,0,6.14,1570.59,4455.76,0.0,0.0,0.0,554.63,0.0,0.0,0.0
CN7,256M,4,8,4,0,0,0,0,0,0,5.73,1464.78,4175.77,0.0,0.0,0.0,521.64,0.0,0.0,0.0
CN7,256M,4,8,5,0,0,0,0,0,0,5.93,1514.09,4388.52,0.0,0.0,0.0,547.64,0.0,0.0,0.0
CN7,256M,4,16,1,0,0,0,0,0,0,4.80,1227.03,3847.78,0.0,0.0,0.0,480.64,0.0,0.0,0.0
CN7,256M,4,16,2,0,0,0,0,0,0,3.96,1012.87,3812.03,0.0,0.0,0.0,475.64,0.0,0.0,0.0
CN7,256M,4,16,3,0,0,0,0,0,0,4.02,1027.56,3193.43,0.0,0.0,0.0,398.91,0.0,0.0,0.0
CN7,256M,4,16,4,0,0,0,0,0,0,5.78,1476.57,3446.83,0.0,0.0,0.0,430.11,0.0,0.0,0.0
CN7,256M,4,16,5,0,0,0,0,0,0,4.07,1040.05,3983.79,0.0,0.0,0.0,497.64,0.0,0.0,0.0
CN7,256M,8,1,1,0,0,0,0,0,0,6.22,1591.45,5899.44,0.0,0.0,0.0,735.71,0.0,0.0,0.0
CN7,256M,8,1,2,0,0,0,0,0,0,6.09,1557.95,6541.04,0.0,0.0,0.0,816.51,0.0,0.0,0.0
CN7,256M,8,1,3,0,0,0,0,0,0,6.18,1581.49,6614.25,0.0,0.0,0.0,826.11,0.0,0.0,0.0
CN7,256M,8,1,4,0,0,0,0,0,0,5.69,1454.75,6593.26,0.0,0.0,0.0,822.94,0.0,0.0,0.0
CN7,256M,8,1,5,0,0,0,0,0,0,6.40,1635.20,6617.47,0.0,0.0,0.0,826.11,0.0,0.0,0.0
CN7,256M,8,2,1,0,0,0,0,0,0,5.82,1488.42,6614.68,0.0,0.0,0.0,826.12,0.0,0.0,0.0
CN7,256M,8,2,2,0,0,0,0,0,0,6.07,1552.38,6623.68,0.0,0.0,0.0,826.92,0.0,0.0,0.0
CN7,256M,8,2,3,0,0,0,0,0,0,5.77,1476.33,6549.69,0.0,0.0,0.0,818.12,0.0,0.0,0.0
CN7,256M,8,2,4,0,0,0,0,0,0,5.96,1524.29,6620.3,0.0,0.0,0.0,825.32,0.0,0.0,0.0
CN7,256M,8,2,5,0,0,0,0,0,0,5.77,1475.54,5504.26,0.0,0.0,0.0,687.1,0.0,0.0,0.0
CN7,256M,8,4,1,0,0,0,0,0,0,5.93,1517.25,6604.52,0.0,0.0,0.0,824.52,0.0,0.0,0.0
CN7,256M,8,4,2,0,0,0,0,0,0,6.29,1609.64,6568.92,0.0,0.0,0.0,820.52,0.0,0.0,0.0
CN7,256M,8,4,3,0,0,0,0,0,0,6.35,1623.25,5520.61,0.0,0.0,0.0,689.1,0.0,0.0,0.0
CN7,256M,8,4,4,0,0,0,0,0,0,6.47,1655.65,5500.78,0.0,0.0,0.0,687.1,0.0,0.0,0.0
CN7,256M,8,4,5,0,0,0,0,0,0,5.51,1408.91,6585.35,0.0,0.0,0.0,822.12,0.0,0.0,0.0
CN7,256M,8,8,1,0,0,0,0,0,0,6.53,1668.74,5484.8,0.0,0.0,0.0,685.1,0.0,0.0,0.0
CN7,256M,8,8,2,0,0,0,0,0,0,5.65,1445.11,6646.56,0.0,0.0,0.0,828.53,0.0,0.0,0.0
CN7,256M,8,8,3,0,0,0,0,0,0,5.87,1501.99,6599.17,0.0,0.0,0.0,823.76,0.0,0.0,0.0
CN7,256M,8,8,4,0,0,0,0,0,0,5.91,1511.35,6589.38,0.0,0.0,0.0,822.96,0.0,0.0,0.0
CN7,256M,8,8,5,0,0,0,0,0,0,5.80,1482.74,5477.82,0.0,0.0,0.0,683.8,0.0,0.0,0.0
CN7,256M,8,16,1,0,0,0,0,0,0,5.01,1282.26,6391.83,0.0,0.0,0.0,797.81,0.0,0.0,0.0
CN7,256M,8,16,2,0,0,0,0,0,0,5.93,1516.73,6082.2,0.0,0.0,0.0,759.73,0.0,0.0,0.0
CN7,256M,8,16,3,0,0,0,0,0,0,5.65,1446.53,7527.21,0.0,0.0,0.0,939.73,0.0,0.0,0.0
CN7,256M,8,16,4,0,0,0,0,0,0,6.51,1664.49,5838.62,0.0,0.0,0.0,729.33,0.0,0.0,0.0
CN7,256M,8,16,5,0,0,0,0,0,0,5.90,1509.58,6409.83,0.0,0.0,0.0,798.93,0.0,0.0,0.0
CN7,256M,16,1,1,0,0,0,0,0,0,4.44,1136.45,8415.02,0.0,0.0,0.0,1050.56,0.0,0.0,0.0
CN7,256M,16,1,2,0,0,0,0,0,0,4.07,1041.69,9462.66,0.0,0.0,0.0,1181.42,0.0,0.0,0.0
CN7,256M,16,1,3,0,0,0,0,0,0,4.31,1102.00,9441.3,0.0,0.0,0.0,1178.93,0.0,0.0,0.0
CN7,256M,16,1,4,0,0,0,0,0,0,4.45,1138.64,9457.68,0.0,0.0,0.0,1180.88,0.0,0.0,0.0
CN7,256M,16,1,5,0,0,0,0,0,0,4.36,1114.58,8390.84,0.0,0.0,0.0,1047.9,0.0,0.0,0.0
CN7,256M,16,2,1,0,0,0,0,0,0,4.42,1132.35,9442.71,0.0,0.0,0.0,1178.89,0.0,0.0,0.0
CN7,256M,16,2,2,0,0,0,0,0,0,3.94,1008.72,9475.6,0.0,0.0,0.0,1183.39,0.0,0.0,0.0
CN7,256M,16,2,3,0,0,0,0,0,0,4.25,1088.96,9444.23,0.0,0.0,0.0,1178.41,0.0,0.0,0.0
CN7,256M,16,2,4,0,0,0,0,0,0,4.12,1055.45,9451.87,0.0,0.0,0.0,1179.93,0.0,0.0,0.0
CN7,256M,16,2,5,0,0,0,0,0,0,4.29,1097.85,9447.76,0.0,0.0,0.0,1179.89,0.0,0.0,0.0
CN7,256M,16,4,1,0,0,0,0,0,0,4.17,1068.43,8397.13,0.0,0.0,0.0,1048.36,0.0,0.0,0.0
CN7,256M,16,4,2,0,0,0,0,0,0,4.36,1115.45,9445.66,0.0,0.0,0.0,1179.4,0.0,0.0,0.0
CN7,256M,16,4,3,0,0,0,0,0,0,3.89,996.25,8387.26,0.0,0.0,0.0,1047.46,0.0,0.0,0.0
CN7,256M,16,4,4,0,0,0,0,0,0,4.23,1081.71,8382.33,0.0,0.0,0.0,1046.6,0.0,0.0,0.0
CN7,256M,16,4,5,0,0,0,0,0,0,4.41,1128.50,9459.69,0.0,0.0,0.0,1181.4,0.0,0.0,0.0
CN7,256M,16,8,1,0,0,0,0,0,0,4.21,1076.87,9480.33,0.0,0.0,0.0,1182.92,0.0,0.0,0.0
CN7,256M,16,8,2,0,0,0,0,0,0,4.28,1096.15,8396.64,0.0,0.0,0.0,1048.36,0.0,0.0,0.0
CN7,256M,16,8,3,0,0,0,0,0,0,4.28,1095.74,9438.23,0.0,0.0,0.0,1178.4,0.0,0.0,0.0
CN7,256M,16,8,4,0,0,0,0,0,0,4.22,1079.59,9414.62,0.0,0.0,0.0,1175.69,0.0,0.0,0.0
CN7,256M,16,8,5,0,0,0,0,0,0,4.28,1094.68,8393.34,0.0,0.0,0.0,1047.92,0.0,0.0,0.0
CN7,256M,16,16,1,0,0,0,0,0,0,4.29,1099.04,8405.57,0.0,0.0,0.0,1049.7,0.0,0.0,0.0
CN7,256M,16,16,2,0,0,0,0,0,0,4.49,1148.78,10796.03,0.0,0.0,0.0,1347.9,0.0,0.0,0.0
CN7,256M,16,16,3,0,0,0,0,0,0,4.29,1097.41,9477.42,0.0,0.0,0.0,1183.45,0.0,0.0,0.0
CN7,256M,16,16,4,0,0,0,0,0,0,3.96,1013.16,9450.05,0.0,0.0,0.0,1179.43,0.0,0.0,0.0
CN7,256M,16,16,5,0,0,0,0,0,0,4.33,1107.30,9454.44,0.0,0.0,0.0,1180.42,0.0,0.0,0.0
