0828-1616
CN10,1M,1,1,1,0,0,0,0,0,0,493.91,287.32,94.46,0.0,0.0,0.0,11.28,0.0,0.0,0.0
CN10,1M,1,1,2,0,0,0,0,0,0,685.34,353.15,57.3,0.0,0.0,0.0,7.52,0.0,0.0,0.0
CN10,1M,1,1,3,0,0,0,0,0,0,696.38,452.56,86.45,0.0,0.0,0.0,11.28,0.0,0.0,0.0
CN10,1M,1,1,4,0,0,0,0,0,0,680.89,420.31,70.3,0.0,0.0,0.0,7.52,0.0,0.0,0.0
CN10,1M,1,1,5,0,0,0,0,0,0,747.51,416.39,85.95,0.0,0.0,0.0,11.28,0.0,0.0,0.0
CN10,1M,1,2,1,0,0,0,0,0,0,737.27,402.41,85.94,0.0,0.0,0.0,11.28,0.0,0.0,0.0
CN10,1M,1,2,2,0,0,0,0,0,0,708.02,450.27,85.94,0.0,0.0,0.0,11.28,0.0,0.0,0.0
CN10,1M,1,2,3,0,0,0,0,0,0,244.14,200.65,96.94,0.0,0.0,0.0,12.53,0.0,0.0,0.0
CN10,1M,1,2,4,0,0,0,0,0,0,753.29,468.74,57.29,0.0,0.0,0.0,7.52,0.0,0.0,0.0
CN10,1M,1,2,5,0,0,0,0,0,0,699.28,369.44,85.94,0.0,0.0,0.0,11.28,0.0,0.0,0.0
CN10,1M,1,4,1,0,0,0,0,0,0,699.98,437.04,57.29,0.0,0.0,0.0,7.52,0.0,0.0,0.0
CN10,1M,1,4,2,0,0,0,0,0,0,707.18,399.99,97.93,0.0,0.0,0.0,11.28,0.0,0.0,0.0
CN10,1M,1,4,3,0,0,0,0,0,0,676.61,425.73,57.29,0.0,0.0,0.0,7.52,0.0,0.0,0.0
CN10,1M,1,4,4,0,0,0,0,0,0,694.19,444.17,85.92,0.0,0.0,0.0,11.28,0.0,0.0,0.0
CN10,1M,1,4,5,0,0,0,0,0,0,669.91,378.17,57.28,0.0,0.0,0.0,7.52,0.0,0.0,0.0
CN10,1M,1,8,1,0,0,0,0,0,0,297.74,235.29,63.28,0.0,0.0,0.0,8.19,0.0,0.0,0.0
CN10,1M,1,8,2,0,0,0,0,0,0,728.68,452.17,58.28,0.0,0.0,0.0,7.52,0.0,0.0,0.0
CN10,1M,1,8,3,0,0,0,0,0,0,699.75,358.00,85.92,0.0,0.0,0.0,11.27,0.0,0.0,0.0
CN10,1M,1,8,4,0,0,0,0,0,0,704.93,441.55,85.92,0.0,0.0,0.0,11.27,0.0,0.0,0.0
CN10,1M,1,8,5,0,0,0,0,0,0,688.72,428.87,96.91,0.0,0.0,0.0,11.27,0.0,0.0,0.0
CN10,1M,1,16,1,0,0,0,0,0,0,705.99,364.94,85.91,0.0,0.0,0.0,11.27,0.0,0.0,0.0
CN10,1M,1,16,2,0,0,0,0,0,0,680.45,429.04,85.91,0.0,0.0,0.0,11.27,0.0,0.0,0.0
CN10,1M,1,16,3,0,0,0,0,0,0,727.55,376.78,85.91,0.0,0.0,0.0,11.27,0.0,0.0,0.0
CN10,1M,1,16,4,0,0,0,0,0,0,351.96,273.49,63.6,0.0,0.0,0.0,8.03,0.0,0.0,0.0
CN10,1M,1,16,5,0,0,0,0,0,0,663.76,436.23,85.9,0.0,0.0,0.0,11.27,0.0,0.0,0.0
CN10,1M,2,1,1,0,0,0,0,0,0,318.28,271.65,97.89,0.0,0.0,0.0,12.77,0.0,0.0,0.0
CN10,1M,2,1,2,0,0,0,0,0,0,338.63,291.42,65.26,0.0,0.0,0.0,8.51,0.0,0.0,0.0
CN10,1M,2,1,3,0,0,0,0,0,0,331.84,279.52,111.39,0.0,0.0,0.0,12.77,0.0,0.0,0.0
CN10,1M,2,1,4,0,0,0,0,0,0,342.50,296.03,66.59,0.0,0.0,0.0,8.51,0.0,0.0,0.0
CN10,1M,2,1,5,0,0,0,0,0,0,326.86,258.64,97.89,0.0,0.0,0.0,12.77,0.0,0.0,0.0
CN10,1M,2,2,1,0,0,0,0,0,0,340.36,274.30,97.76,0.0,0.0,0.0,12.76,0.0,0.0,0.0
CN10,1M,2,2,2,0,0,0,0,0,0,326.27,272.17,97.88,0.0,0.0,0.0,12.77,0.0,0.0,0.0
CN10,1M,2,2,3,0,0,0,0,0,0,333.73,276.35,65.25,0.0,0.0,0.0,8.51,0.0,0.0,0.0
CN10,1M,2,2,4,0,0,0,0,0,0,352.08,303.84,65.25,0.0,0.0,0.0,8.51,0.0,0.0,0.0
CN10,1M,2,2,5,0,0,0,0,0,0,327.95,288.03,66.58,0.0,0.0,0.0,8.53,0.0,0.0,0.0
CN10,1M,2,4,1,0,0,0,0,0,0,344.39,297.73,74.25,0.0,0.0,0.0,8.51,0.0,0.0,0.0
CN10,1M,2,4,2,0,0,0,0,0,0,324.94,284.67,97.86,0.0,0.0,0.0,12.77,0.0,0.0,0.0
CN10,1M,2,4,3,0,0,0,0,0,0,314.58,257.33,97.86,0.0,0.0,0.0,12.77,0.0,0.0,0.0
CN10,1M,2,4,4,0,0,0,0,0,0,303.37,269.51,97.86,0.0,0.0,0.0,12.77,0.0,0.0,0.0
CN10,1M,2,4,5,0,0,0,0,0,0,315.52,275.10,100.36,0.0,0.0,0.0,12.79,0.0,0.0,0.0
CN10,1M,2,8,1,0,0,0,0,0,0,326.80,286.19,65.24,0.0,0.0,0.0,8.51,0.0,0.0,0.0
CN10,1M,2,8,2,0,0,0,0,0,0,353.13,307.84,65.24,0.0,0.0,0.0,8.51,0.0,0.0,0.0
CN10,1M,2,8,3,0,0,0,0,0,0,327.97,258.92,97.85,0.0,0.0,0.0,12.77,0.0,0.0,0.0
CN10,1M,2,8,4,0,0,0,0,0,0,343.08,298.68,74.9,0.0,0.0,0.0,8.51,0.0,0.0,0.0
CN10,1M,2,8,5,0,0,0,0,0,0,343.63,285.82,101.85,0.0,0.0,0.0,12.86,0.0,0.0,0.0
CN10,1M,2,16,1,0,0,0,0,0,0,351.66,304.81,97.84,0.0,0.0,0.0,12.76,0.0,0.0,0.0
CN10,1M,2,16,2,0,0,0,0,0,0,348.23,302.97,65.23,0.0,0.0,0.0,8.51,0.0,0.0,0.0
CN10,1M,2,16,3,0,0,0,0,0,0,347.95,264.60,97.84,0.0,0.0,0.0,12.76,0.0,0.0,0.0
CN10,1M,2,16,4,0,0,0,0,0,0,342.35,298.06,65.22,0.0,0.0,0.0,8.51,0.0,0.0,0.0
CN10,1M,2,16,5,0,0,0,0,0,0,329.31,276.62,98.33,0.0,0.0,0.0,12.76,0.0,0.0,0.0
CN10,1M,4,1,1,0,0,0,0,0,0,657.72,577.89,65.22,0.0,0.0,0.0,8.51,0.0,0.0,0.0
CN10,1M,4,1,2,0,0,0,0,0,0,626.83,520.56,75.22,0.0,0.0,0.0,8.51,0.0,0.0,0.0
CN10,1M,4,1,3,0,0,0,0,0,0,644.09,571.41,97.83,0.0,0.0,0.0,12.76,0.0,0.0,0.0
CN10,1M,4,1,4,0,0,0,0,0,0,667.59,586.68,97.83,0.0,0.0,0.0,12.76,0.0,0.0,0.0
CN10,1M,4,1,5,0,0,0,0,0,0,642.71,559.24,98.32,0.0,0.0,0.0,12.76,0.0,0.0,0.0
CN10,1M,4,2,1,0,0,0,0,0,0,676.01,565.37,97.82,0.0,0.0,0.0,12.76,0.0,0.0,0.0
CN10,1M,4,2,2,0,0,0,0,0,0,608.64,537.16,65.21,0.0,0.0,0.0,8.51,0.0,0.0,0.0
CN10,1M,4,2,3,0,0,0,0,0,0,630.56,551.50,65.21,0.0,0.0,0.0,8.51,0.0,0.0,0.0
CN10,1M,4,2,4,0,0,0,0,0,0,619.45,545.00,65.21,0.0,0.0,0.0,8.51,0.0,0.0,0.0
CN10,1M,4,2,5,0,0,0,0,0,0,663.45,581.25,109.81,0.0,0.0,0.0,12.76,0.0,0.0,0.0
CN10,1M,4,4,1,0,0,0,0,0,0,661.80,572.52,65.2,0.0,0.0,0.0,8.51,0.0,0.0,0.0
CN10,1M,4,4,2,0,0,0,0,0,0,665.16,546.54,97.81,0.0,0.0,0.0,12.76,0.0,0.0,0.0
CN10,1M,4,4,3,0,0,0,0,0,0,594.18,526.03,97.8,0.0,0.0,0.0,12.76,0.0,0.0,0.0
CN10,1M,4,4,4,0,0,0,0,0,0,645.95,565.10,65.2,0.0,0.0,0.0,8.51,0.0,0.0,0.0
CN10,1M,4,4,5,0,0,0,0,0,0,654.67,571.14,65.2,0.0,0.0,0.0,8.51,0.0,0.0,0.0
CN10,1M,4,8,1,0,0,0,0,0,0,576.99,503.59,97.8,0.0,0.0,0.0,12.76,0.0,0.0,0.0
CN10,1M,4,8,2,0,0,0,0,0,0,629.73,546.92,65.19,0.0,0.0,0.0,8.51,0.0,0.0,0.0
CN10,1M,4,8,3,0,0,0,0,0,0,555.54,487.60,109.79,0.0,0.0,0.0,12.76,0.0,0.0,0.0
CN10,1M,4,8,4,0,0,0,0,0,0,640.21,561.49,65.19,0.0,0.0,0.0,8.5,0.0,0.0,0.0
CN10,1M,4,8,5,0,0,0,0,0,0,622.30,541.22,65.19,0.0,0.0,0.0,8.5,0.0,0.0,0.0
CN10,1M,4,16,1,0,0,0,0,0,0,624.62,555.02,65.19,0.0,0.0,0.0,8.5,0.0,0.0,0.0
CN10,1M,4,16,2,0,0,0,0,0,0,603.50,534.89,97.78,0.0,0.0,0.0,12.76,0.0,0.0,0.0
CN10,1M,4,16,3,0,0,0,0,0,0,585.65,487.51,97.78,0.0,0.0,0.0,12.76,0.0,0.0,0.0
CN10,1M,4,16,4,0,0,0,0,0,0,591.96,525.24,97.78,0.0,0.0,0.0,12.76,0.0,0.0,0.0
CN10,1M,4,16,5,0,0,0,0,0,0,645.18,530.71,97.77,0.0,0.0,0.0,12.76,0.0,0.0,0.0
CN10,1M,8,1,1,0,0,0,0,0,0,1154.30,998.41,72.51,0.0,0.0,0.0,8.5,0.0,0.0,0.0
CN10,1M,8,1,2,0,0,0,0,0,0,1009.58,885.55,97.77,0.0,0.0,0.0,12.75,0.0,0.0,0.0
CN10,1M,8,1,3,0,0,0,0,0,0,1138.40,973.52,65.84,0.0,0.0,0.0,8.5,0.0,0.0,0.0
CN10,1M,8,1,4,0,0,0,0,0,0,1246.36,1043.29,97.76,0.0,0.0,0.0,12.75,0.0,0.0,0.0
CN10,1M,8,1,5,0,0,0,0,0,0,1074.50,909.90,65.17,0.0,0.0,0.0,8.5,0.0,0.0,0.0
CN10,1M,8,2,1,0,0,0,0,0,0,1206.86,1081.84,97.75,0.0,0.0,0.0,12.75,0.0,0.0,0.0
CN10,1M,8,2,2,0,0,0,0,0,0,1200.47,1024.19,97.75,0.0,0.0,0.0,12.75,0.0,0.0,0.0
CN10,1M,8,2,3,0,0,0,0,0,0,1211.61,1083.10,97.75,0.0,0.0,0.0,12.75,0.0,0.0,0.0
CN10,1M,8,2,4,0,0,0,0,0,0,1117.77,985.91,72.83,0.0,0.0,0.0,8.5,0.0,0.0,0.0
CN10,1M,8,2,5,0,0,0,0,0,0,1263.15,1055.14,97.75,0.0,0.0,0.0,12.75,0.0,0.0,0.0
CN10,1M,8,4,1,0,0,0,0,0,0,978.98,897.59,97.75,0.0,0.0,0.0,12.75,0.0,0.0,0.0
CN10,1M,8,4,2,0,0,0,0,0,0,1151.81,944.26,98.24,0.0,0.0,0.0,12.75,0.0,0.0,0.0
CN10,1M,8,4,3,0,0,0,0,0,0,1165.73,1050.97,97.74,0.0,0.0,0.0,12.75,0.0,0.0,0.0
CN10,1M,8,4,4,0,0,0,0,0,0,1088.30,920.91,97.73,0.0,0.0,0.0,12.75,0.0,0.0,0.0
CN10,1M,8,4,5,0,0,0,0,0,0,1150.70,1016.80,65.16,0.0,0.0,0.0,8.5,0.0,0.0,0.0
CN10,1M,8,8,1,0,0,0,0,0,0,1010.37,908.32,97.73,0.0,0.0,0.0,12.75,0.0,0.0,0.0
CN10,1M,8,8,2,0,0,0,0,0,0,1089.15,918.17,111.73,0.0,0.0,0.0,12.75,0.0,0.0,0.0
CN10,1M,8,8,3,0,0,0,0,0,0,963.93,772.49,97.72,0.0,0.0,0.0,12.75,0.0,0.0,0.0
CN10,1M,8,8,4,0,0,0,0,0,0,1228.56,1087.49,97.72,0.0,0.0,0.0,12.75,0.0,0.0,0.0
CN10,1M,8,8,5,0,0,0,0,0,0,995.12,915.44,97.72,0.0,0.0,0.0,12.75,0.0,0.0,0.0
CN10,1M,8,16,1,0,0,0,0,0,0,1239.27,1030.73,97.72,0.0,0.0,0.0,12.75,0.0,0.0,0.0
CN10,1M,8,16,2,0,0,0,0,0,0,1037.23,892.03,65.14,0.0,0.0,0.0,8.5,0.0,0.0,0.0
CN10,1M,8,16,3,0,0,0,0,0,0,1020.76,891.50,97.72,0.0,0.0,0.0,12.75,0.0,0.0,0.0
CN10,1M,8,16,4,0,0,0,0,0,0,1030.23,888.65,99.71,0.0,0.0,0.0,12.75,0.0,0.0,0.0
CN10,1M,8,16,5,0,0,0,0,0,0,1088.16,888.74,111.21,0.0,0.0,0.0,12.75,0.0,0.0,0.0
CN10,1M,16,1,1,0,0,0,0,0,0,1617.39,1485.40,48.85,0.0,0.0,0.0,6.37,0.0,0.0,0.0
CN10,1M,16,1,2,0,0,0,0,0,0,679.18,644.49,58.85,0.0,0.0,0.0,7.62,0.0,0.0,0.0
CN10,1M,16,1,3,0,0,0,0,0,0,1468.05,1372.71,97.7,0.0,0.0,0.0,12.75,0.0,0.0,0.0
CN10,1M,16,1,4,0,0,0,0,0,0,1585.75,1454.59,97.7,0.0,0.0,0.0,12.75,0.0,0.0,0.0
CN10,1M,16,1,5,0,0,0,0,0,0,1446.16,1302.43,113.19,0.0,0.0,0.0,14.27,0.0,0.0,0.0
CN10,1M,16,2,1,0,0,0,0,0,0,1137.63,1073.18,109.69,0.0,0.0,0.0,14.25,0.0,0.0,0.0
CN10,1M,16,2,2,0,0,0,0,0,0,1542.31,1382.72,65.13,0.0,0.0,0.0,8.5,0.0,0.0,0.0
CN10,1M,16,2,3,0,0,0,0,0,0,1359.52,1264.30,75.46,0.0,0.0,0.0,8.5,0.0,0.0,0.0
CN10,1M,16,2,4,0,0,0,0,0,0,1191.75,1094.99,70.46,0.0,0.0,0.0,9.16,0.0,0.0,0.0
CN10,1M,16,2,5,0,0,0,0,0,0,1351.39,1255.52,67.79,0.0,0.0,0.0,8.56,0.0,0.0,0.0
CN10,1M,16,4,1,0,0,0,0,0,0,1357.35,1254.39,65.12,0.0,0.0,0.0,8.5,0.0,0.0,0.0
CN10,1M,16,4,2,0,0,0,0,0,0,1347.22,1256.46,65.12,0.0,0.0,0.0,8.5,0.0,0.0,0.0
CN10,1M,16,4,3,0,0,0,0,0,0,1574.18,1451.07,97.67,0.0,0.0,0.0,12.74,0.0,0.0,0.0
CN10,1M,16,4,4,0,0,0,0,0,0,1618.91,1494.93,65.12,0.0,0.0,0.0,8.49,0.0,0.0,0.0
CN10,1M,16,4,5,0,0,0,0,0,0,1577.84,1448.37,65.11,0.0,0.0,0.0,8.49,0.0,0.0,0.0
CN10,1M,16,8,1,0,0,0,0,0,0,1348.81,1258.94,113.67,0.0,0.0,0.0,12.74,0.0,0.0,0.0
CN10,1M,16,8,2,0,0,0,0,0,0,1631.31,1494.43,70.44,0.0,0.0,0.0,9.16,0.0,0.0,0.0
CN10,1M,16,8,3,0,0,0,0,0,0,1366.64,1230.45,65.11,0.0,0.0,0.0,8.49,0.0,0.0,0.0
CN10,1M,16,8,4,0,0,0,0,0,0,1371.98,1265.80,65.11,0.0,0.0,0.0,8.49,0.0,0.0,0.0
CN10,1M,16,8,5,0,0,0,0,0,0,1575.62,1454.08,97.66,0.0,0.0,0.0,12.74,0.0,0.0,0.0
CN10,1M,16,16,1,0,0,0,0,0,0,1480.91,1364.83,65.1,0.0,0.0,0.0,8.49,0.0,0.0,0.0
CN10,1M,16,16,2,0,0,0,0,0,0,1383.20,1279.78,65.1,0.0,0.0,0.0,8.49,0.0,0.0,0.0
CN10,1M,16,16,3,0,0,0,0,0,0,1615.41,1496.20,65.1,0.0,0.0,0.0,8.49,0.0,0.0,0.0
CN10,1M,16,16,4,0,0,0,0,0,0,1500.24,1335.55,74.43,0.0,0.0,0.0,8.49,0.0,0.0,0.0
CN10,1M,16,16,5,0,0,0,0,0,0,1427.03,1282.74,103.76,0.0,0.0,0.0,12.69,0.0,0.0,0.0
CN10,2M,1,1,1,0,0,0,0,0,0,487.31,699.17,57.09,0.0,0.0,0.0,7.49,0.0,0.0,0.0
CN10,2M,1,1,2,0,0,0,0,0,0,453.63,561.75,57.09,0.0,0.0,0.0,7.49,0.0,0.0,0.0
CN10,2M,1,1,3,0,0,0,0,0,0,398.47,583.43,85.64,0.0,0.0,0.0,11.24,0.0,0.0,0.0
CN10,2M,1,1,4,0,0,0,0,0,0,419.10,629.07,85.64,0.0,0.0,0.0,11.24,0.0,0.0,0.0
CN10,2M,1,1,5,0,0,0,0,0,0,414.09,633.29,85.64,0.0,0.0,0.0,11.24,0.0,0.0,0.0
CN10,2M,1,2,1,0,0,0,0,0,0,362.48,555.13,57.09,0.0,0.0,0.0,7.49,0.0,0.0,0.0
CN10,2M,1,2,2,0,0,0,0,0,0,435.50,635.69,66.75,0.0,0.0,0.0,7.49,0.0,0.0,0.0
CN10,2M,1,2,3,0,0,0,0,0,0,419.14,640.55,85.63,0.0,0.0,0.0,11.24,0.0,0.0,0.0
CN10,2M,1,2,4,0,0,0,0,0,0,152.96,270.77,62.42,0.0,0.0,0.0,8.13,0.0,0.0,0.0
CN10,2M,1,2,5,0,0,0,0,0,0,418.55,611.10,86.12,0.0,0.0,0.0,11.24,0.0,0.0,0.0
CN10,2M,1,4,1,0,0,0,0,0,0,421.16,539.25,85.61,0.0,0.0,0.0,11.24,0.0,0.0,0.0
CN10,2M,1,4,2,0,0,0,0,0,0,410.96,617.63,57.08,0.0,0.0,0.0,7.49,0.0,0.0,0.0
CN10,2M,1,4,3,0,0,0,0,0,0,154.16,266.30,93.11,0.0,0.0,0.0,12.16,0.0,0.0,0.0
CN10,2M,1,4,4,0,0,0,0,0,0,382.80,583.27,57.07,0.0,0.0,0.0,7.49,0.0,0.0,0.0
CN10,2M,1,4,5,0,0,0,0,0,0,391.99,504.46,99.11,0.0,0.0,0.0,11.24,0.0,0.0,0.0
CN10,2M,1,8,1,0,0,0,0,0,0,404.82,598.16,85.61,0.0,0.0,0.0,11.23,0.0,0.0,0.0
CN10,2M,1,8,2,0,0,0,0,0,0,158.13,278.10,62.07,0.0,0.0,0.0,8.09,0.0,0.0,0.0
CN10,2M,1,8,3,0,0,0,0,0,0,393.39,595.40,85.6,0.0,0.0,0.0,11.23,0.0,0.0,0.0
CN10,2M,1,8,4,0,0,0,0,0,0,406.42,611.86,85.59,0.0,0.0,0.0,11.23,0.0,0.0,0.0
CN10,2M,1,8,5,0,0,0,0,0,0,424.14,620.05,85.59,0.0,0.0,0.0,11.23,0.0,0.0,0.0
CN10,2M,1,16,1,0,0,0,0,0,0,163.76,263.72,92.59,0.0,0.0,0.0,12.09,0.0,0.0,0.0
CN10,2M,1,16,2,0,0,0,0,0,0,404.82,588.34,63.06,0.0,0.0,0.0,8.22,0.0,0.0,0.0
CN10,2M,1,16,3,0,0,0,0,0,0,490.85,602.54,65.72,0.0,0.0,0.0,7.49,0.0,0.0,0.0
CN10,2M,1,16,4,0,0,0,0,0,0,414.17,610.79,57.06,0.0,0.0,0.0,7.49,0.0,0.0,0.0
CN10,2M,1,16,5,0,0,0,0,0,0,167.22,270.20,92.58,0.0,0.0,0.0,12.05,0.0,0.0,0.0
CN10,2M,2,1,1,0,0,0,0,0,0,210.62,387.39,110.58,0.0,0.0,0.0,14.23,0.0,0.0,0.0
CN10,2M,2,1,2,0,0,0,0,0,0,191.82,354.11,73.72,0.0,0.0,0.0,9.49,0.0,0.0,0.0
CN10,2M,2,1,3,0,0,0,0,0,0,196.88,341.69,109.58,0.0,0.0,0.0,14.23,0.0,0.0,0.0
CN10,2M,2,1,4,0,0,0,0,0,0,198.38,365.95,109.57,0.0,0.0,0.0,14.23,0.0,0.0,0.0
CN10,2M,2,1,5,0,0,0,0,0,0,184.99,320.39,110.07,0.0,0.0,0.0,14.23,0.0,0.0,0.0
CN10,2M,2,2,1,0,0,0,0,0,0,191.41,355.08,121.56,0.0,0.0,0.0,14.23,0.0,0.0,0.0
CN10,2M,2,2,2,0,0,0,0,0,0,188.34,348.14,73.04,0.0,0.0,0.0,9.49,0.0,0.0,0.0
CN10,2M,2,2,3,0,0,0,0,0,0,187.01,343.53,109.56,0.0,0.0,0.0,14.23,0.0,0.0,0.0
CN10,2M,2,2,4,0,0,0,0,0,0,194.55,359.68,73.37,0.0,0.0,0.0,9.48,0.0,0.0,0.0
CN10,2M,2,2,5,0,0,0,0,0,0,187.07,335.49,74.7,0.0,0.0,0.0,9.5,0.0,0.0,0.0
CN10,2M,2,4,1,0,0,0,0,0,0,189.83,330.59,109.56,0.0,0.0,0.0,14.23,0.0,0.0,0.0
CN10,2M,2,4,2,0,0,0,0,0,0,205.96,353.72,109.55,0.0,0.0,0.0,14.23,0.0,0.0,0.0
CN10,2M,2,4,3,0,0,0,0,0,0,197.14,362.74,73.03,0.0,0.0,0.0,9.48,0.0,0.0,0.0
CN10,2M,2,4,4,0,0,0,0,0,0,203.73,343.94,124.05,0.0,0.0,0.0,14.23,0.0,0.0,0.0
CN10,2M,2,4,5,0,0,0,0,0,0,189.23,335.19,109.55,0.0,0.0,0.0,14.23,0.0,0.0,0.0
CN10,2M,2,8,1,0,0,0,0,0,0,195.55,345.98,109.54,0.0,0.0,0.0,14.23,0.0,0.0,0.0
CN10,2M,2,8,2,0,0,0,0,0,0,194.59,355.73,73.36,0.0,0.0,0.0,9.48,0.0,0.0,0.0
CN10,2M,2,8,3,0,0,0,0,0,0,175.99,314.92,110.03,0.0,0.0,0.0,14.22,0.0,0.0,0.0
CN10,2M,2,8,4,0,0,0,0,0,0,196.19,337.57,110.03,0.0,0.0,0.0,14.22,0.0,0.0,0.0
CN10,2M,2,8,5,0,0,0,0,0,0,185.72,327.17,110.53,0.0,0.0,0.0,14.22,0.0,0.0,0.0
CN10,2M,2,16,1,0,0,0,0,0,0,192.03,355.01,73.35,0.0,0.0,0.0,9.48,0.0,0.0,0.0
CN10,2M,2,16,2,0,0,0,0,0,0,204.73,373.52,80.68,0.0,0.0,0.0,9.48,0.0,0.0,0.0
CN10,2M,2,16,3,0,0,0,0,0,0,197.46,366.08,109.53,0.0,0.0,0.0,14.22,0.0,0.0,0.0
CN10,2M,2,16,4,0,0,0,0,0,0,188.55,343.18,74.01,0.0,0.0,0.0,9.48,0.0,0.0,0.0
CN10,2M,2,16,5,0,0,0,0,0,0,182.29,339.17,111.52,0.0,0.0,0.0,14.25,0.0,0.0,0.0
CN10,2M,4,1,1,0,0,0,0,0,0,368.92,660.36,109.52,0.0,0.0,0.0,14.22,0.0,0.0,0.0
CN10,2M,4,1,2,0,0,0,0,0,0,362.66,668.31,73.01,0.0,0.0,0.0,9.48,0.0,0.0,0.0
CN10,2M,4,1,3,0,0,0,0,0,0,362.59,628.50,110.01,0.0,0.0,0.0,14.22,0.0,0.0,0.0
CN10,2M,4,1,4,0,0,0,0,0,0,359.12,664.51,73.34,0.0,0.0,0.0,9.48,0.0,0.0,0.0
CN10,2M,4,1,5,0,0,0,0,0,0,358.29,663.24,79.34,0.0,0.0,0.0,9.48,0.0,0.0,0.0
CN10,2M,4,2,1,0,0,0,0,0,0,364.78,673.95,73.0,0.0,0.0,0.0,9.48,0.0,0.0,0.0
CN10,2M,4,2,2,0,0,0,0,0,0,384.95,708.57,73.33,0.0,0.0,0.0,9.48,0.0,0.0,0.0
CN10,2M,4,2,3,0,0,0,0,0,0,348.49,647.91,110.0,0.0,0.0,0.0,14.22,0.0,0.0,0.0
CN10,2M,4,2,4,0,0,0,0,0,0,373.58,677.72,109.5,0.0,0.0,0.0,14.22,0.0,0.0,0.0
CN10,2M,4,2,5,0,0,0,0,0,0,381.40,647.21,112.5,0.0,0.0,0.0,14.24,0.0,0.0,0.0
CN10,2M,4,4,1,0,0,0,0,0,0,366.44,677.48,72.99,0.0,0.0,0.0,9.48,0.0,0.0,0.0
CN10,2M,4,4,2,0,0,0,0,0,0,367.59,677.59,73.33,0.0,0.0,0.0,9.48,0.0,0.0,0.0
CN10,2M,4,4,3,0,0,0,0,0,0,368.35,658.60,80.32,0.0,0.0,0.0,9.48,0.0,0.0,0.0
CN10,2M,4,4,4,0,0,0,0,0,0,344.25,597.27,109.48,0.0,0.0,0.0,14.22,0.0,0.0,0.0
CN10,2M,4,4,5,0,0,0,0,0,0,372.55,689.81,109.48,0.0,0.0,0.0,14.22,0.0,0.0,0.0
CN10,2M,4,8,1,0,0,0,0,0,0,381.55,700.86,72.99,0.0,0.0,0.0,9.48,0.0,0.0,0.0
CN10,2M,4,8,2,0,0,0,0,0,0,387.98,715.81,72.98,0.0,0.0,0.0,9.48,0.0,0.0,0.0
CN10,2M,4,8,3,0,0,0,0,0,0,345.39,619.99,109.47,0.0,0.0,0.0,14.22,0.0,0.0,0.0
CN10,2M,4,8,4,0,0,0,0,0,0,380.14,704.73,109.47,0.0,0.0,0.0,14.22,0.0,0.0,0.0
CN10,2M,4,8,5,0,0,0,0,0,0,346.46,616.96,109.47,0.0,0.0,0.0,14.22,0.0,0.0,0.0
CN10,2M,4,16,1,0,0,0,0,0,0,350.42,652.07,120.97,0.0,0.0,0.0,14.22,0.0,0.0,0.0
CN10,2M,4,16,2,0,0,0,0,0,0,379.27,667.76,109.47,0.0,0.0,0.0,14.21,0.0,0.0,0.0
CN10,2M,4,16,3,0,0,0,0,0,0,335.91,601.18,72.97,0.0,0.0,0.0,9.48,0.0,0.0,0.0
CN10,2M,4,16,4,0,0,0,0,0,0,359.20,665.72,72.97,0.0,0.0,0.0,9.48,0.0,0.0,0.0
CN10,2M,4,16,5,0,0,0,0,0,0,388.64,722.58,109.45,0.0,0.0,0.0,14.21,0.0,0.0,0.0
CN10,2M,8,1,1,0,0,0,0,0,0,679.21,1255.00,72.97,0.0,0.0,0.0,9.48,0.0,0.0,0.0
CN10,2M,8,1,2,0,0,0,0,0,0,638.66,1190.82,72.97,0.0,0.0,0.0,9.48,0.0,0.0,0.0
CN10,2M,8,1,3,0,0,0,0,0,0,591.75,1107.10,73.3,0.0,0.0,0.0,9.48,0.0,0.0,0.0
CN10,2M,8,1,4,0,0,0,0,0,0,567.80,1071.07,79.96,0.0,0.0,0.0,9.48,0.0,0.0,0.0
CN10,2M,8,1,5,0,0,0,0,0,0,575.90,1078.14,72.96,0.0,0.0,0.0,9.47,0.0,0.0,0.0
CN10,2M,8,2,1,0,0,0,0,0,0,641.55,1207.36,109.44,0.0,0.0,0.0,14.21,0.0,0.0,0.0
CN10,2M,8,2,2,0,0,0,0,0,0,643.85,1203.92,72.96,0.0,0.0,0.0,9.47,0.0,0.0,0.0
CN10,2M,8,2,3,0,0,0,0,0,0,649.05,1135.96,72.96,0.0,0.0,0.0,9.47,0.0,0.0,0.0
CN10,2M,8,2,4,0,0,0,0,0,0,604.57,1134.80,72.96,0.0,0.0,0.0,9.47,0.0,0.0,0.0
CN10,2M,8,2,5,0,0,0,0,0,0,589.55,1079.98,109.43,0.0,0.0,0.0,14.21,0.0,0.0,0.0
CN10,2M,8,4,1,0,0,0,0,0,0,554.44,1043.96,72.95,0.0,0.0,0.0,9.47,0.0,0.0,0.0
CN10,2M,8,4,2,0,0,0,0,0,0,690.38,1287.11,80.62,0.0,0.0,0.0,9.47,0.0,0.0,0.0
CN10,2M,8,4,3,0,0,0,0,0,0,623.87,1125.55,73.28,0.0,0.0,0.0,9.47,0.0,0.0,0.0
CN10,2M,8,4,4,0,0,0,0,0,0,641.97,1172.94,177.92,0.0,0.0,0.0,22.15,0.0,0.0,0.0
CN10,2M,8,4,5,0,0,0,0,0,0,571.41,1027.15,109.92,0.0,0.0,0.0,14.21,0.0,0.0,0.0
CN10,2M,8,8,1,0,0,0,0,0,0,509.57,950.13,73.28,0.0,0.0,0.0,9.47,0.0,0.0,0.0
CN10,2M,8,8,2,0,0,0,0,0,0,549.47,1036.01,74.61,0.0,0.0,0.0,9.47,0.0,0.0,0.0
CN10,2M,8,8,3,0,0,0,0,0,0,621.26,1160.83,112.41,0.0,0.0,0.0,14.21,0.0,0.0,0.0
CN10,2M,8,8,4,0,0,0,0,0,0,369.61,697.87,166.41,0.0,0.0,0.0,21.19,0.0,0.0,0.0
CN10,2M,8,8,5,0,0,0,0,0,0,579.97,1096.37,121.91,0.0,0.0,0.0,14.21,0.0,0.0,0.0
CN10,2M,8,16,1,0,0,0,0,0,0,675.23,1255.33,110.91,0.0,0.0,0.0,14.21,0.0,0.0,0.0
CN10,2M,8,16,2,0,0,0,0,0,0,679.72,1229.82,73.6,0.0,0.0,0.0,9.47,0.0,0.0,0.0
CN10,2M,8,16,3,0,0,0,0,0,0,435.86,832.19,166.4,0.0,0.0,0.0,20.99,0.0,0.0,0.0
CN10,2M,8,16,4,0,0,0,0,0,0,636.10,1142.78,110.4,0.0,0.0,0.0,14.21,0.0,0.0,0.0
CN10,2M,8,16,5,0,0,0,0,0,0,613.90,1156.81,110.39,0.0,0.0,0.0,14.21,0.0,0.0,0.0
CN10,2M,16,1,1,0,0,0,0,0,0,566.07,1081.35,209.93,0.0,0.0,0.0,25.68,0.0,0.0,0.0
CN10,2M,16,1,2,0,0,0,0,0,0,738.95,1392.50,114.93,0.0,0.0,0.0,14.59,0.0,0.0,0.0
CN10,2M,16,1,3,0,0,0,0,0,0,595.63,1155.78,349.89,0.0,0.0,0.0,40.5,0.0,0.0,0.0
CN10,2M,16,1,4,0,0,0,0,0,0,606.89,1154.91,202.59,0.0,0.0,0.0,24.95,0.0,0.0,0.0
CN10,2M,16,1,5,0,0,0,0,0,0,694.07,1334.85,113.26,0.0,0.0,0.0,13.95,0.0,0.0,0.0
CN10,2M,16,2,1,0,0,0,0,0,0,656.57,1266.15,156.69,0.0,0.0,0.0,19.2,0.0,0.0,0.0
CN10,2M,16,2,2,0,0,0,0,0,0,711.18,1364.35,120.25,0.0,0.0,0.0,15.21,0.0,0.0,0.0
CN10,2M,16,2,3,0,0,0,0,0,0,628.89,1194.95,222.38,0.0,0.0,0.0,27.19,0.0,0.0,0.0
CN10,2M,16,2,4,0,0,0,0,0,0,598.70,1145.22,196.58,0.0,0.0,0.0,23.69,0.0,0.0,0.0
CN10,2M,16,2,5,0,0,0,0,0,0,545.94,1049.76,197.58,0.0,0.0,0.0,24.21,0.0,0.0,0.0
CN10,2M,16,4,1,0,0,0,0,0,0,592.80,1139.37,198.91,0.0,0.0,0.0,23.33,0.0,0.0,0.0
CN10,2M,16,4,2,0,0,0,0,0,0,743.90,1420.76,207.58,0.0,0.0,0.0,25.14,0.0,0.0,0.0
CN10,2M,16,4,3,0,0,0,0,0,0,607.20,1158.73,108.91,0.0,0.0,0.0,13.66,0.0,0.0,0.0
CN10,2M,16,4,4,0,0,0,0,0,0,642.03,1241.54,171.24,0.0,0.0,0.0,21.12,0.0,0.0,0.0
CN10,2M,16,4,5,0,0,0,0,0,0,693.16,1327.95,97.57,0.0,0.0,0.0,12.24,0.0,0.0,0.0
CN10,2M,16,8,1,0,0,0,0,0,0,581.81,1116.63,176.91,0.0,0.0,0.0,21.21,0.0,0.0,0.0
CN10,2M,16,8,2,0,0,0,0,0,0,718.72,1376.21,152.57,0.0,0.0,0.0,18.58,0.0,0.0,0.0
CN10,2M,16,8,3,0,0,0,0,0,0,472.86,922.38,272.36,0.0,0.0,0.0,32.82,0.0,0.0,0.0
CN10,2M,16,8,4,0,0,0,0,0,0,543.48,1033.00,5.7,0.0,0.0,0.0,0.62,0.0,0.0,0.0
CN10,2M,16,8,5,0,0,0,0,0,0,624.44,1186.76,195.89,0.0,0.0,0.0,23.45,0.0,0.0,0.0
CN10,2M,16,16,1,0,0,0,0,0,0,701.42,1334.15,212.56,0.0,0.0,0.0,26.13,0.0,0.0,0.0
CN10,2M,16,16,2,0,0,0,0,0,0,821.65,1570.77,109.22,0.0,0.0,0.0,13.69,0.0,0.0,0.0
CN10,2M,16,16,3,0,0,0,0,0,0,566.15,1090.29,216.89,0.0,0.0,0.0,26.09,0.0,0.0,0.0
CN10,2M,16,16,4,0,0,0,0,0,0,599.49,1159.29,166.22,0.0,0.0,0.0,20.86,0.0,0.0,0.0
CN10,2M,16,16,5,0,0,0,0,0,0,696.06,1340.66,125.55,0.0,0.0,0.0,15.5,0.0,0.0,0.0
CN10,4M,1,1,1,0,0,0,0,0,0,225.73,758.57,88.88,0.0,0.0,0.0,11.46,0.0,0.0,0.0
CN10,4M,1,1,2,0,0,0,0,0,0,204.66,638.84,148.82,0.0,0.0,0.0,17.2,0.0,0.0,0.0
CN10,4M,1,1,3,0,0,0,0,0,0,201.88,688.89,133.32,0.0,0.0,0.0,17.2,0.0,0.0,0.0
CN10,4M,1,1,4,0,0,0,0,0,0,223.92,753.73,88.88,0.0,0.0,0.0,11.46,0.0,0.0,0.0
CN10,4M,1,1,5,0,0,0,0,0,0,207.88,711.35,90.21,0.0,0.0,0.0,11.48,0.0,0.0,0.0
CN10,4M,1,2,1,0,0,0,0,0,0,224.39,747.28,133.31,0.0,0.0,0.0,17.19,0.0,0.0,0.0
CN10,4M,1,2,2,0,0,0,0,0,0,210.36,653.90,133.31,0.0,0.0,0.0,17.19,0.0,0.0,0.0
CN10,4M,1,2,3,0,0,0,0,0,0,208.97,708.68,89.2,0.0,0.0,0.0,11.46,0.0,0.0,0.0
CN10,4M,1,2,4,0,0,0,0,0,0,226.94,764.65,133.31,0.0,0.0,0.0,17.19,0.0,0.0,0.0
CN10,4M,1,2,5,0,0,0,0,0,0,245.41,760.49,147.81,0.0,0.0,0.0,17.19,0.0,0.0,0.0
CN10,4M,1,4,1,0,0,0,0,0,0,225.44,747.61,88.87,0.0,0.0,0.0,11.46,0.0,0.0,0.0
CN10,4M,1,4,2,0,0,0,0,0,0,224.43,753.19,88.86,0.0,0.0,0.0,11.46,0.0,0.0,0.0
CN10,4M,1,4,3,0,0,0,0,0,0,211.83,721.41,133.3,0.0,0.0,0.0,17.19,0.0,0.0,0.0
CN10,4M,1,4,4,0,0,0,0,0,0,213.93,726.19,89.2,0.0,0.0,0.0,11.46,0.0,0.0,0.0
CN10,4M,1,4,5,0,0,0,0,0,0,230.36,775.97,133.29,0.0,0.0,0.0,17.19,0.0,0.0,0.0
CN10,4M,1,8,1,0,0,0,0,0,0,236.59,785.16,88.86,0.0,0.0,0.0,11.46,0.0,0.0,0.0
CN10,4M,1,8,2,0,0,0,0,0,0,225.72,757.33,88.86,0.0,0.0,0.0,11.46,0.0,0.0,0.0
CN10,4M,1,8,3,0,0,0,0,0,0,246.29,788.63,98.19,0.0,0.0,0.0,11.46,0.0,0.0,0.0
CN10,4M,1,8,4,0,0,0,0,0,0,206.29,699.90,133.28,0.0,0.0,0.0,17.19,0.0,0.0,0.0
CN10,4M,1,8,5,0,0,0,0,0,0,220.64,747.88,88.85,0.0,0.0,0.0,11.46,0.0,0.0,0.0
CN10,4M,1,16,1,0,0,0,0,0,0,239.88,798.88,88.85,0.0,0.0,0.0,11.46,0.0,0.0,0.0
CN10,4M,1,16,2,0,0,0,0,0,0,230.87,767.48,88.85,0.0,0.0,0.0,11.46,0.0,0.0,0.0
CN10,4M,1,16,3,0,0,0,0,0,0,228.16,694.33,133.27,0.0,0.0,0.0,17.19,0.0,0.0,0.0
CN10,4M,1,16,4,0,0,0,0,0,0,276.91,909.73,133.27,0.0,0.0,0.0,17.19,0.0,0.0,0.0
CN10,4M,1,16,5,0,0,0,0,0,0,213.04,720.55,135.26,0.0,0.0,0.0,17.21,0.0,0.0,0.0
CN10,4M,2,1,1,0,0,0,0,0,0,103.23,395.99,194.26,0.0,0.0,0.0,23.19,0.0,0.0,0.0
CN10,4M,2,1,2,0,0,0,0,0,0,111.34,424.81,120.84,0.0,0.0,0.0,15.46,0.0,0.0,0.0
CN10,4M,2,1,3,0,0,0,0,0,0,93.03,353.31,181.26,0.0,0.0,0.0,23.19,0.0,0.0,0.0
CN10,4M,2,1,4,0,0,0,0,0,0,114.28,424.97,181.25,0.0,0.0,0.0,23.19,0.0,0.0,0.0
CN10,4M,2,1,5,0,0,0,0,0,0,99.43,382.65,181.25,0.0,0.0,0.0,23.19,0.0,0.0,0.0
CN10,4M,2,2,1,0,0,0,0,0,0,101.00,378.52,181.25,0.0,0.0,0.0,23.19,0.0,0.0,0.0
CN10,4M,2,2,2,0,0,0,0,0,0,109.34,416.87,181.25,0.0,0.0,0.0,23.19,0.0,0.0,0.0
CN10,4M,2,2,3,0,0,0,0,0,0,105.93,404.71,181.25,0.0,0.0,0.0,23.19,0.0,0.0,0.0
CN10,4M,2,2,4,0,0,0,0,0,0,109.30,417.10,129.16,0.0,0.0,0.0,15.46,0.0,0.0,0.0
CN10,4M,2,2,5,0,0,0,0,0,0,97.48,365.77,181.25,0.0,0.0,0.0,23.19,0.0,0.0,0.0
CN10,4M,2,4,1,0,0,0,0,0,0,111.82,412.41,181.24,0.0,0.0,0.0,23.19,0.0,0.0,0.0
CN10,4M,2,4,2,0,0,0,0,0,0,115.01,437.73,120.82,0.0,0.0,0.0,15.46,0.0,0.0,0.0
CN10,4M,2,4,3,0,0,0,0,0,0,107.79,412.11,120.82,0.0,0.0,0.0,15.46,0.0,0.0,0.0
CN10,4M,2,4,4,0,0,0,0,0,0,104.97,401.02,181.24,0.0,0.0,0.0,23.18,0.0,0.0,0.0
CN10,4M,2,4,5,0,0,0,0,0,0,100.24,385.31,183.73,0.0,0.0,0.0,23.21,0.0,0.0,0.0
CN10,4M,2,8,1,0,0,0,0,0,0,112.28,417.66,181.23,0.0,0.0,0.0,23.18,0.0,0.0,0.0
CN10,4M,2,8,2,0,0,0,0,0,0,112.10,427.81,192.72,0.0,0.0,0.0,23.18,0.0,0.0,0.0
CN10,4M,2,8,3,0,0,0,0,0,0,112.12,423.78,120.82,0.0,0.0,0.0,15.46,0.0,0.0,0.0
CN10,4M,2,8,4,0,0,0,0,0,0,109.16,405.88,181.22,0.0,0.0,0.0,23.18,0.0,0.0,0.0
CN10,4M,2,8,5,0,0,0,0,0,0,98.26,368.58,181.22,0.0,0.0,0.0,23.18,0.0,0.0,0.0
CN10,4M,2,16,1,0,0,0,0,0,0,110.02,402.11,181.22,0.0,0.0,0.0,23.18,0.0,0.0,0.0
CN10,4M,2,16,2,0,0,0,0,0,0,106.68,407.15,120.81,0.0,0.0,0.0,15.45,0.0,0.0,0.0
CN10,4M,2,16,3,0,0,0,0,0,0,116.57,444.13,181.21,0.0,0.0,0.0,23.18,0.0,0.0,0.0
CN10,4M,2,16,4,0,0,0,0,0,0,112.45,428.41,121.14,0.0,0.0,0.0,15.45,0.0,0.0,0.0
CN10,4M,2,16,5,0,0,0,0,0,0,108.41,393.26,196.71,0.0,0.0,0.0,23.18,0.0,0.0,0.0
CN10,4M,4,1,1,0,0,0,0,0,0,200.05,762.12,153.14,0.0,0.0,0.0,19.45,0.0,0.0,0.0
CN10,4M,4,1,2,0,0,0,0,0,0,193.29,705.34,213.2,0.0,0.0,0.0,27.18,0.0,0.0,0.0
CN10,4M,4,1,3,0,0,0,0,0,0,183.18,697.09,229.2,0.0,0.0,0.0,29.18,0.0,0.0,0.0
CN10,4M,4,1,4,0,0,0,0,0,0,206.53,790.07,229.2,0.0,0.0,0.0,29.18,0.0,0.0,0.0
CN10,4M,4,1,5,0,0,0,0,0,0,194.44,722.44,213.19,0.0,0.0,0.0,27.18,0.0,0.0,0.0
CN10,4M,4,2,1,0,0,0,0,0,0,208.60,797.92,152.8,0.0,0.0,0.0,19.45,0.0,0.0,0.0
CN10,4M,4,2,2,0,0,0,0,0,0,194.72,745.11,152.79,0.0,0.0,0.0,19.45,0.0,0.0,0.0
CN10,4M,4,2,3,0,0,0,0,0,0,195.92,738.46,241.69,0.0,0.0,0.0,29.18,0.0,0.0,0.0
CN10,4M,4,2,4,0,0,0,0,0,0,200.44,767.81,152.79,0.0,0.0,0.0,19.45,0.0,0.0,0.0
CN10,4M,4,2,5,0,0,0,0,0,0,211.72,786.73,156.12,0.0,0.0,0.0,19.52,0.0,0.0,0.0
CN10,4M,4,4,1,0,0,0,0,0,0,210.13,803.39,152.79,0.0,0.0,0.0,19.45,0.0,0.0,0.0
CN10,4M,4,4,2,0,0,0,0,0,0,183.06,703.58,229.18,0.0,0.0,0.0,29.18,0.0,0.0,0.0
CN10,4M,4,4,3,0,0,0,0,0,0,197.16,749.74,229.18,0.0,0.0,0.0,29.18,0.0,0.0,0.0
CN10,4M,4,4,4,0,0,0,0,0,0,197.02,754.47,229.18,0.0,0.0,0.0,29.18,0.0,0.0,0.0
CN10,4M,4,4,5,0,0,0,0,0,0,173.35,669.04,229.68,0.0,0.0,0.0,29.18,0.0,0.0,0.0
CN10,4M,4,8,1,0,0,0,0,0,0,200.05,732.52,242.67,0.0,0.0,0.0,29.18,0.0,0.0,0.0
CN10,4M,4,8,2,0,0,0,0,0,0,164.70,634.77,229.17,0.0,0.0,0.0,29.18,0.0,0.0,0.0
CN10,4M,4,8,3,0,0,0,0,0,0,210.90,784.74,227.74,0.0,0.0,0.0,29.0,0.0,0.0,0.0
CN10,4M,4,8,4,0,0,0,0,0,0,188.72,703.86,229.17,0.0,0.0,0.0,29.18,0.0,0.0,0.0
CN10,4M,4,8,5,0,0,0,0,0,0,182.03,692.60,229.17,0.0,0.0,0.0,29.18,0.0,0.0,0.0
CN10,4M,4,16,1,0,0,0,0,0,0,203.43,761.74,213.16,0.0,0.0,0.0,27.17,0.0,0.0,0.0
CN10,4M,4,16,2,0,0,0,0,0,0,203.19,778.19,152.77,0.0,0.0,0.0,19.45,0.0,0.0,0.0
CN10,4M,4,16,3,0,0,0,0,0,0,182.89,691.81,229.16,0.0,0.0,0.0,29.17,0.0,0.0,0.0
CN10,4M,4,16,4,0,0,0,0,0,0,186.42,705.01,244.16,0.0,0.0,0.0,29.17,0.0,0.0,0.0
CN10,4M,4,16,5,0,0,0,0,0,0,198.89,761.60,229.15,0.0,0.0,0.0,29.17,0.0,0.0,0.0
CN10,4M,8,1,1,0,0,0,0,0,0,361.44,1386.85,163.43,0.0,0.0,0.0,20.78,0.0,0.0,0.0
CN10,4M,8,1,2,0,0,0,0,0,0,343.90,1321.55,206.1,0.0,0.0,0.0,26.12,0.0,0.0,0.0
CN10,4M,8,1,3,0,0,0,0,0,0,333.65,1288.78,261.14,0.0,0.0,0.0,33.17,0.0,0.0,0.0
CN10,4M,8,1,4,0,0,0,0,0,0,359.99,1385.96,174.1,0.0,0.0,0.0,22.11,0.0,0.0,0.0
CN10,4M,8,1,5,0,0,0,0,0,0,332.14,1258.77,277.14,0.0,0.0,0.0,35.17,0.0,0.0,0.0
CN10,4M,8,2,1,0,0,0,0,0,0,294.05,1141.37,229.13,0.0,0.0,0.0,29.17,0.0,0.0,0.0
CN10,4M,8,2,2,0,0,0,0,0,0,257.80,981.86,276.13,0.0,0.0,0.0,33.17,0.0,0.0,0.0
CN10,4M,8,2,3,0,0,0,0,0,0,348.85,1341.77,229.13,0.0,0.0,0.0,29.17,0.0,0.0,0.0
CN10,4M,8,2,4,0,0,0,0,0,0,365.98,1402.85,195.75,0.0,0.0,0.0,24.78,0.0,0.0,0.0
CN10,4M,8,2,5,0,0,0,0,0,0,363.33,1354.52,152.75,0.0,0.0,0.0,19.45,0.0,0.0,0.0
CN10,4M,8,4,1,0,0,0,0,0,0,372.46,1429.69,163.42,0.0,0.0,0.0,20.78,0.0,0.0,0.0
CN10,4M,8,4,2,0,0,0,0,0,0,368.16,1412.60,216.75,0.0,0.0,0.0,27.45,0.0,0.0,0.0
CN10,4M,8,4,3,0,0,0,0,0,0,245.16,945.45,229.12,0.0,0.0,0.0,29.17,0.0,0.0,0.0
CN10,4M,8,4,4,0,0,0,0,0,0,307.06,1185.21,245.12,0.0,0.0,0.0,31.17,0.0,0.0,0.0
CN10,4M,8,4,5,0,0,0,0,0,0,325.21,1231.26,274.62,0.0,0.0,0.0,33.17,0.0,0.0,0.0
CN10,4M,8,8,1,0,0,0,0,0,0,371.06,1425.92,206.08,0.0,0.0,0.0,26.11,0.0,0.0,0.0
CN10,4M,8,8,2,0,0,0,0,0,0,363.46,1359.90,261.62,0.0,0.0,0.0,33.17,0.0,0.0,0.0
CN10,4M,8,8,3,0,0,0,0,0,0,369.29,1420.29,184.74,0.0,0.0,0.0,23.45,0.0,0.0,0.0
CN10,4M,8,8,4,0,0,0,0,0,0,290.88,1110.72,277.11,0.0,0.0,0.0,35.17,0.0,0.0,0.0
CN10,4M,8,8,5,0,0,0,0,0,0,287.62,1099.25,232.61,0.0,0.0,0.0,29.19,0.0,0.0,0.0
CN10,4M,8,16,1,0,0,0,0,0,0,306.20,1168.61,229.11,0.0,0.0,0.0,29.17,0.0,0.0,0.0
CN10,4M,8,16,2,0,0,0,0,0,0,354.69,1361.36,153.07,0.0,0.0,0.0,19.44,0.0,0.0,0.0
CN10,4M,8,16,3,0,0,0,0,0,0,328.07,1231.89,215.4,0.0,0.0,0.0,26.11,0.0,0.0,0.0
CN10,4M,8,16,4,0,0,0,0,0,0,326.54,1221.42,245.1,0.0,0.0,0.0,31.17,0.0,0.0,0.0
CN10,4M,8,16,5,0,0,0,0,0,0,303.43,1155.00,266.1,0.0,0.0,0.0,33.26,0.0,0.0,0.0
CN10,4M,16,1,1,0,0,0,0,0,0,400.62,1551.43,398.06,0.0,0.0,0.0,50.11,0.0,0.0,0.0
CN10,4M,16,1,2,0,0,0,0,0,0,331.68,1280.40,291.39,0.0,0.0,0.0,36.78,0.0,0.0,0.0
CN10,4M,16,1,3,0,0,0,0,0,0,431.93,1666.32,408.73,0.0,0.0,0.0,51.44,0.0,0.0,0.0
CN10,4M,16,1,4,0,0,0,0,0,0,387.33,1498.48,171.3,0.0,0.0,0.0,21.58,0.0,0.0,0.0
CN10,4M,16,1,5,0,0,0,0,0,0,395.30,1538.03,227.39,0.0,0.0,0.0,28.78,0.0,0.0,0.0
CN10,4M,16,2,1,0,0,0,0,0,0,419.48,1629.53,355.06,0.0,0.0,0.0,43.03,0.0,0.0,0.0
CN10,4M,16,2,2,0,0,0,0,0,0,408.58,1596.65,334.39,0.0,0.0,0.0,42.11,0.0,0.0,0.0
CN10,4M,16,2,3,0,0,0,0,0,0,382.54,1484.25,313.05,0.0,0.0,0.0,39.44,0.0,0.0,0.0
CN10,4M,16,2,4,0,0,0,0,0,0,404.66,1565.81,178.79,0.0,0.0,0.0,22.58,0.0,0.0,0.0
CN10,4M,16,2,5,0,0,0,0,0,0,432.77,1691.54,249.05,0.0,0.0,0.0,31.44,0.0,0.0,0.0
CN10,4M,16,4,1,0,0,0,0,0,0,415.63,1627.07,238.38,0.0,0.0,0.0,30.11,0.0,0.0,0.0
CN10,4M,16,4,2,0,0,0,0,0,0,446.00,1715.97,324.05,0.0,0.0,0.0,40.78,0.0,0.0,0.0
CN10,4M,16,4,3,0,0,0,0,0,0,373.77,1467.57,250.38,0.0,0.0,0.0,31.44,0.0,0.0,0.0
CN10,4M,16,4,4,0,0,0,0,0,0,371.85,1453.97,279.38,0.0,0.0,0.0,33.65,0.0,0.0,0.0
CN10,4M,16,4,5,0,0,0,0,0,0,382.38,1495.76,184.71,0.0,0.0,0.0,23.44,0.0,0.0,0.0
CN10,4M,16,8,1,0,0,0,0,0,0,353.42,1384.99,222.03,0.0,0.0,0.0,27.58,0.0,0.0,0.0
CN10,4M,16,8,2,0,0,0,0,0,0,384.72,1500.96,325.56,0.0,0.0,0.0,41.16,0.0,0.0,0.0
CN10,4M,16,8,3,0,0,0,0,0,0,453.92,1754.26,281.04,0.0,0.0,0.0,35.44,0.0,0.0,0.0
CN10,4M,16,8,4,0,0,0,0,0,0,364.40,1427.16,279.28,0.0,0.0,0.0,35.1,0.0,0.0,0.0
CN10,4M,16,8,5,0,0,0,0,0,0,381.51,1491.19,249.04,0.0,0.0,0.0,31.44,0.0,0.0,0.0
CN10,4M,16,16,1,0,0,0,0,0,0,388.95,1504.32,217.04,0.0,0.0,0.0,27.44,0.0,0.0,0.0
CN10,4M,16,16,2,0,0,0,0,0,0,423.14,1652.58,283.04,0.0,0.0,0.0,34.11,0.0,0.0,0.0
CN10,4M,16,16,3,0,0,0,0,0,0,359.18,1406.31,221.7,0.0,0.0,0.0,27.91,0.0,0.0,0.0
CN10,4M,16,16,4,0,0,0,0,0,0,425.54,1657.38,261.03,0.0,0.0,0.0,32.77,0.0,0.0,0.0
CN10,4M,16,16,5,0,0,0,0,0,0,404.53,1580.05,383.36,0.0,0.0,0.0,48.19,0.0,0.0,0.0
CN10,8M,1,1,1,0,0,0,0,0,0,121.76,863.36,181.05,0.0,0.0,0.0,23.16,0.0,0.0,0.0
CN10,8M,1,1,2,0,0,0,0,0,0,119.38,830.27,181.04,0.0,0.0,0.0,23.16,0.0,0.0,0.0
CN10,8M,1,1,3,0,0,0,0,0,0,110.38,789.92,181.04,0.0,0.0,0.0,23.16,0.0,0.0,0.0
CN10,8M,1,1,4,0,0,0,0,0,0,112.95,799.94,181.04,0.0,0.0,0.0,23.16,0.0,0.0,0.0
CN10,8M,1,1,5,0,0,0,0,0,0,120.61,819.28,196.53,0.0,0.0,0.0,23.16,0.0,0.0,0.0
CN10,8M,1,2,1,0,0,0,0,0,0,118.81,860.83,120.69,0.0,0.0,0.0,15.44,0.0,0.0,0.0
CN10,8M,1,2,2,0,0,0,0,0,0,126.39,908.57,181.03,0.0,0.0,0.0,23.16,0.0,0.0,0.0
CN10,8M,1,2,3,0,0,0,0,0,0,121.66,871.43,181.03,0.0,0.0,0.0,23.16,0.0,0.0,0.0
CN10,8M,1,2,4,0,0,0,0,0,0,109.21,797.34,121.35,0.0,0.0,0.0,15.44,0.0,0.0,0.0
CN10,8M,1,2,5,0,0,0,0,0,0,113.92,804.57,181.03,0.0,0.0,0.0,23.16,0.0,0.0,0.0
CN10,8M,1,4,1,0,0,0,0,0,0,119.37,864.36,120.68,0.0,0.0,0.0,15.44,0.0,0.0,0.0
CN10,8M,1,4,2,0,0,0,0,0,0,112.58,825.47,181.02,0.0,0.0,0.0,23.16,0.0,0.0,0.0
CN10,8M,1,4,3,0,0,0,0,0,0,126.65,901.73,195.01,0.0,0.0,0.0,23.16,0.0,0.0,0.0
CN10,8M,1,4,4,0,0,0,0,0,0,122.03,889.00,181.01,0.0,0.0,0.0,23.16,0.0,0.0,0.0
CN10,8M,1,4,5,0,0,0,0,0,0,109.80,755.07,181.01,0.0,0.0,0.0,23.16,0.0,0.0,0.0
CN10,8M,1,8,1,0,0,0,0,0,0,113.60,812.34,181.01,0.0,0.0,0.0,23.15,0.0,0.0,0.0
CN10,8M,1,8,2,0,0,0,0,0,0,114.26,795.49,181.01,0.0,0.0,0.0,23.15,0.0,0.0,0.0
CN10,8M,1,8,3,0,0,0,0,0,0,118.79,861.85,121.34,0.0,0.0,0.0,15.44,0.0,0.0,0.0
CN10,8M,1,8,4,0,0,0,0,0,0,120.26,870.46,120.67,0.0,0.0,0.0,15.44,0.0,0.0,0.0
CN10,8M,1,8,5,0,0,0,0,0,0,111.85,773.07,181.0,0.0,0.0,0.0,23.15,0.0,0.0,0.0
CN10,8M,1,16,1,0,0,0,0,0,0,145.28,1042.78,119.67,0.0,0.0,0.0,14.1,0.0,0.0,0.0
CN10,8M,1,16,2,0,0,0,0,0,0,129.41,929.10,120.66,0.0,0.0,0.0,15.44,0.0,0.0,0.0
CN10,8M,1,16,3,0,0,0,0,0,0,110.61,766.64,120.66,0.0,0.0,0.0,15.44,0.0,0.0,0.0
CN10,8M,1,16,4,0,0,0,0,0,0,125.21,899.80,120.99,0.0,0.0,0.0,15.43,0.0,0.0,0.0
CN10,8M,1,16,5,0,0,0,0,0,0,126.10,912.77,120.66,0.0,0.0,0.0,15.43,0.0,0.0,0.0
CN10,8M,2,1,1,0,0,0,0,0,0,62.17,478.54,276.99,0.0,0.0,0.0,35.15,0.0,0.0,0.0
CN10,8M,2,1,2,0,0,0,0,0,0,65.09,493.35,276.99,0.0,0.0,0.0,35.15,0.0,0.0,0.0
CN10,8M,2,1,3,0,0,0,0,0,0,57.17,440.83,276.98,0.0,0.0,0.0,35.15,0.0,0.0,0.0
CN10,8M,2,1,4,0,0,0,0,0,0,67.25,522.71,193.99,0.0,0.0,0.0,23.43,0.0,0.0,0.0
CN10,8M,2,1,5,0,0,0,0,0,0,64.15,488.62,281.48,0.0,0.0,0.0,35.24,0.0,0.0,0.0
CN10,8M,2,2,1,0,0,0,0,0,0,60.24,468.96,276.98,0.0,0.0,0.0,35.15,0.0,0.0,0.0
CN10,8M,2,2,2,0,0,0,0,0,0,57.30,446.81,276.98,0.0,0.0,0.0,35.15,0.0,0.0,0.0
CN10,8M,2,2,3,0,0,0,0,0,0,57.75,451.23,276.97,0.0,0.0,0.0,35.15,0.0,0.0,0.0
CN10,8M,2,2,4,0,0,0,0,0,0,56.62,435.97,277.47,0.0,0.0,0.0,35.15,0.0,0.0,0.0
CN10,8M,2,2,5,0,0,0,0,0,0,69.45,538.37,184.65,0.0,0.0,0.0,23.43,0.0,0.0,0.0
CN10,8M,2,4,1,0,0,0,0,0,0,69.78,541.65,184.64,0.0,0.0,0.0,23.43,0.0,0.0,0.0
CN10,8M,2,4,2,0,0,0,0,0,0,56.57,441.60,292.97,0.0,0.0,0.0,35.15,0.0,0.0,0.0
CN10,8M,2,4,3,0,0,0,0,0,0,57.61,443.32,276.96,0.0,0.0,0.0,35.15,0.0,0.0,0.0
CN10,8M,2,4,4,0,0,0,0,0,0,61.55,474.89,276.96,0.0,0.0,0.0,35.15,0.0,0.0,0.0
CN10,8M,2,4,5,0,0,0,0,0,0,56.41,440.25,276.95,0.0,0.0,0.0,35.15,0.0,0.0,0.0
CN10,8M,2,8,1,0,0,0,0,0,0,67.13,520.82,184.64,0.0,0.0,0.0,23.43,0.0,0.0,0.0
CN10,8M,2,8,2,0,0,0,0,0,0,55.96,437.01,276.95,0.0,0.0,0.0,35.15,0.0,0.0,0.0
CN10,8M,2,8,3,0,0,0,0,0,0,55.06,426.98,276.95,0.0,0.0,0.0,35.15,0.0,0.0,0.0
CN10,8M,2,8,4,0,0,0,0,0,0,73.41,569.60,184.63,0.0,0.0,0.0,23.43,0.0,0.0,0.0
CN10,8M,2,8,5,0,0,0,0,0,0,60.90,463.00,294.94,0.0,0.0,0.0,35.15,0.0,0.0,0.0
CN10,8M,2,16,1,0,0,0,0,0,0,57.95,445.92,276.94,0.0,0.0,0.0,35.15,0.0,0.0,0.0
CN10,8M,2,16,2,0,0,0,0,0,0,68.35,530.55,184.63,0.0,0.0,0.0,23.43,0.0,0.0,0.0
CN10,8M,2,16,3,0,0,0,0,0,0,69.12,535.61,184.63,0.0,0.0,0.0,23.43,0.0,0.0,0.0
CN10,8M,2,16,4,0,0,0,0,0,0,72.80,557.15,276.94,0.0,0.0,0.0,35.15,0.0,0.0,0.0
CN10,8M,2,16,5,0,0,0,0,0,0,60.13,468.67,280.94,0.0,0.0,0.0,35.18,0.0,0.0,0.0
CN10,8M,4,1,1,0,0,0,0,0,0,111.74,871.48,324.94,0.0,0.0,0.0,41.14,0.0,0.0,0.0
CN10,8M,4,1,2,0,0,0,0,0,0,131.44,1020.16,308.93,0.0,0.0,0.0,39.14,0.0,0.0,0.0
CN10,8M,4,1,3,0,0,0,0,0,0,117.27,913.39,236.95,0.0,0.0,0.0,28.76,0.0,0.0,0.0
CN10,8M,4,1,4,0,0,0,0,0,0,104.49,798.08,324.93,0.0,0.0,0.0,41.14,0.0,0.0,0.0
CN10,8M,4,1,5,0,0,0,0,0,0,114.93,877.10,230.28,0.0,0.0,0.0,28.82,0.0,0.0,0.0
CN10,8M,4,2,1,0,0,0,0,0,0,119.68,917.80,341.92,0.0,0.0,0.0,43.14,0.0,0.0,0.0
CN10,8M,4,2,2,0,0,0,0,0,0,111.14,854.25,326.42,0.0,0.0,0.0,41.14,0.0,0.0,0.0
CN10,8M,4,2,3,0,0,0,0,0,0,130.54,1008.94,206.95,0.0,0.0,0.0,26.1,0.0,0.0,0.0
CN10,8M,4,2,4,0,0,0,0,0,0,121.06,941.94,206.94,0.0,0.0,0.0,26.09,0.0,0.0,0.0
CN10,8M,4,2,5,0,0,0,0,0,0,117.47,913.94,326.42,0.0,0.0,0.0,41.14,0.0,0.0,0.0
CN10,8M,4,4,1,0,0,0,0,0,0,110.73,864.00,338.41,0.0,0.0,0.0,41.14,0.0,0.0,0.0
CN10,8M,4,4,2,0,0,0,0,0,0,113.72,887.43,326.41,0.0,0.0,0.0,41.14,0.0,0.0,0.0
CN10,8M,4,4,3,0,0,0,0,0,0,127.87,994.61,217.61,0.0,0.0,0.0,27.43,0.0,0.0,0.0
CN10,8M,4,4,4,0,0,0,0,0,0,119.68,933.13,341.4,0.0,0.0,0.0,43.14,0.0,0.0,0.0
CN10,8M,4,4,5,0,0,0,0,0,0,121.10,943.30,311.9,0.0,0.0,0.0,39.16,0.0,0.0,0.0
CN10,8M,4,8,1,0,0,0,0,0,0,131.12,1004.88,340.9,0.0,0.0,0.0,43.14,0.0,0.0,0.0
CN10,8M,4,8,2,0,0,0,0,0,0,101.46,794.19,341.4,0.0,0.0,0.0,43.14,0.0,0.0,0.0
CN10,8M,4,8,3,0,0,0,0,0,0,111.48,868.67,324.9,0.0,0.0,0.0,41.14,0.0,0.0,0.0
CN10,8M,4,8,4,0,0,0,0,0,0,110.33,851.88,244.93,0.0,0.0,0.0,30.09,0.0,0.0,0.0
CN10,8M,4,8,5,0,0,0,0,0,0,104.95,816.29,324.89,0.0,0.0,0.0,41.14,0.0,0.0,0.0
CN10,8M,4,16,1,0,0,0,0,0,0,128.33,996.65,325.39,0.0,0.0,0.0,41.14,0.0,0.0,0.0
CN10,8M,4,16,2,0,0,0,0,0,0,129.37,1004.86,216.59,0.0,0.0,0.0,27.43,0.0,0.0,0.0
CN10,8M,4,16,3,0,0,0,0,0,0,109.81,847.62,216.93,0.0,0.0,0.0,27.43,0.0,0.0,0.0
CN10,8M,4,16,4,0,0,0,0,0,0,130.72,1015.74,324.88,0.0,0.0,0.0,41.14,0.0,0.0,0.0
CN10,8M,4,16,5,0,0,0,0,0,0,115.13,890.74,229.26,0.0,0.0,0.0,28.78,0.0,0.0,0.0
CN10,8M,8,1,1,0,0,0,0,0,0,161.88,1259.22,452.88,0.0,0.0,0.0,57.14,0.0,0.0,0.0
CN10,8M,8,1,2,0,0,0,0,0,0,192.01,1500.78,321.59,0.0,0.0,0.0,39.43,0.0,0.0,0.0
CN10,8M,8,1,3,0,0,0,0,0,0,193.04,1492.73,644.88,0.0,0.0,0.0,81.14,0.0,0.0,0.0
CN10,8M,8,1,4,0,0,0,0,0,0,171.30,1330.29,387.59,0.0,0.0,0.0,48.76,0.0,0.0,0.0
CN10,8M,8,1,5,0,0,0,0,0,0,217.81,1697.98,348.92,0.0,0.0,0.0,43.42,0.0,0.0,0.0
CN10,8M,8,2,1,0,0,0,0,0,0,157.25,1217.79,661.38,0.0,0.0,0.0,83.14,0.0,0.0,0.0
CN10,8M,8,2,2,0,0,0,0,0,0,183.89,1446.12,469.37,0.0,0.0,0.0,59.14,0.0,0.0,0.0
CN10,8M,8,2,3,0,0,0,0,0,0,191.05,1495.25,581.37,0.0,0.0,0.0,73.14,0.0,0.0,0.0
CN10,8M,8,2,4,0,0,0,0,0,0,187.20,1468.55,517.37,0.0,0.0,0.0,65.14,0.0,0.0,0.0
CN10,8M,8,2,5,0,0,0,0,0,0,180.04,1401.15,553.37,0.0,0.0,0.0,67.14,0.0,0.0,0.0
CN10,8M,8,4,1,0,0,0,0,0,0,165.67,1280.17,485.37,0.0,0.0,0.0,61.14,0.0,0.0,0.0
CN10,8M,8,4,2,0,0,0,0,0,0,189.02,1471.47,434.91,0.0,0.0,0.0,54.09,0.0,0.0,0.0
CN10,8M,8,4,3,0,0,0,0,0,0,172.83,1356.80,517.37,0.0,0.0,0.0,65.14,0.0,0.0,0.0
CN10,8M,8,4,4,0,0,0,0,0,0,211.35,1650.16,334.24,0.0,0.0,0.0,42.09,0.0,0.0,0.0
CN10,8M,8,4,5,0,0,0,0,0,0,167.73,1303.81,408.36,0.0,0.0,0.0,51.16,0.0,0.0,0.0
CN10,8M,8,8,1,0,0,0,0,0,0,157.10,1232.17,408.91,0.0,0.0,0.0,51.42,0.0,0.0,0.0
CN10,8M,8,8,2,0,0,0,0,0,0,184.83,1441.16,387.9,0.0,0.0,0.0,48.76,0.0,0.0,0.0
CN10,8M,8,8,3,0,0,0,0,0,0,168.29,1315.54,368.57,0.0,0.0,0.0,44.76,0.0,0.0,0.0
CN10,8M,8,8,4,0,0,0,0,0,0,182.86,1431.56,466.57,0.0,0.0,0.0,58.09,0.0,0.0,0.0
CN10,8M,8,8,5,0,0,0,0,0,0,185.58,1442.62,484.86,0.0,0.0,0.0,61.13,0.0,0.0,0.0
CN10,8M,8,16,1,0,0,0,0,0,0,175.26,1370.29,565.35,0.0,0.0,0.0,71.13,0.0,0.0,0.0
CN10,8M,8,16,2,0,0,0,0,0,0,172.93,1355.93,597.35,0.0,0.0,0.0,75.13,0.0,0.0,0.0
CN10,8M,8,16,3,0,0,0,0,0,0,168.03,1317.47,453.35,0.0,0.0,0.0,57.13,0.0,0.0,0.0
CN10,8M,8,16,4,0,0,0,0,0,0,167.72,1301.68,485.35,0.0,0.0,0.0,61.13,0.0,0.0,0.0
CN10,8M,8,16,5,0,0,0,0,0,0,193.24,1512.19,565.35,0.0,0.0,0.0,71.13,0.0,0.0,0.0
CN10,8M,16,1,1,0,0,0,0,0,0,215.19,1701.12,753.89,0.0,0.0,0.0,92.75,0.0,0.0,0.0
CN10,8M,16,1,2,0,0,0,0,0,0,243.78,1924.10,825.56,0.0,0.0,0.0,103.42,0.0,0.0,0.0
CN10,8M,16,1,3,0,0,0,0,0,0,161.61,1281.31,702.56,0.0,0.0,0.0,87.42,0.0,0.0,0.0
CN10,8M,16,1,4,0,0,0,0,0,0,205.57,1626.80,666.89,0.0,0.0,0.0,83.42,0.0,0.0,0.0
CN10,8M,16,1,5,0,0,0,0,0,0,228.41,1802.28,380.42,0.0,0.0,0.0,47.58,0.0,0.0,0.0
CN10,8M,16,2,1,0,0,0,0,0,0,233.22,1841.18,483.17,0.0,0.0,0.0,60.57,0.0,0.0,0.0
CN10,8M,16,2,2,0,0,0,0,0,0,235.27,1856.93,563.17,0.0,0.0,0.0,70.57,0.0,0.0,0.0
CN10,8M,16,2,3,0,0,0,0,0,0,228.42,1804.17,677.89,0.0,0.0,0.0,84.78,0.0,0.0,0.0
CN10,8M,16,2,4,0,0,0,0,0,0,220.34,1732.36,613.67,0.0,0.0,0.0,75.57,0.0,0.0,0.0
CN10,8M,16,2,5,0,0,0,0,0,0,208.56,1644.05,414.42,0.0,0.0,0.0,51.57,0.0,0.0,0.0
CN10,8M,16,4,1,0,0,0,0,0,0,210.84,1666.04,761.55,0.0,0.0,0.0,95.42,0.0,0.0,0.0
CN10,8M,16,4,2,0,0,0,0,0,0,212.27,1678.30,537.55,0.0,0.0,0.0,67.42,0.0,0.0,0.0
CN10,8M,16,4,3,0,0,0,0,0,0,213.72,1689.53,712.55,0.0,0.0,0.0,88.75,0.0,0.0,0.0
CN10,8M,16,4,4,0,0,0,0,0,0,194.36,1530.70,782.22,0.0,0.0,0.0,98.09,0.0,0.0,0.0
CN10,8M,16,4,5,0,0,0,0,0,0,234.94,1843.74,1069.33,0.0,0.0,0.0,133.13,0.0,0.0,0.0
CN10,8M,16,8,1,0,0,0,0,0,0,225.47,1770.58,911.22,0.0,0.0,0.0,114.09,0.0,0.0,0.0
CN10,8M,16,8,2,0,0,0,0,0,0,202.39,1593.77,638.22,0.0,0.0,0.0,78.09,0.0,0.0,0.0
CN10,8M,16,8,3,0,0,0,0,0,0,194.23,1523.43,870.88,0.0,0.0,0.0,109.09,0.0,0.0,0.0
CN10,8M,16,8,4,0,0,0,0,0,0,204.76,1612.58,470.91,0.0,0.0,0.0,58.56,0.0,0.0,0.0
CN10,8M,16,8,5,0,0,0,0,0,0,240.95,1900.17,750.88,0.0,0.0,0.0,94.09,0.0,0.0,0.0
CN10,8M,16,16,1,0,0,0,0,0,0,217.71,1614.83,712.55,0.0,0.0,0.0,88.75,0.0,0.0,0.0
CN10,8M,16,16,2,0,0,0,0,0,0,239.02,1885.40,539.16,0.0,0.0,0.0,67.56,0.0,0.0,0.0
CN10,8M,16,16,3,0,0,0,0,0,0,178.38,1406.14,654.88,0.0,0.0,0.0,82.09,0.0,0.0,0.0
CN10,8M,16,16,4,0,0,0,0,0,0,210.96,1657.21,505.55,0.0,0.0,0.0,63.42,0.0,0.0,0.0
CN10,8M,16,16,5,0,0,0,0,0,0,230.05,1815.83,696.21,0.0,0.0,0.0,84.75,0.0,0.0,0.0
CN10,16M,1,1,1,0,0,0,0,0,0,62.65,951.95,121.54,0.0,0.0,0.0,15.42,0.0,0.0,0.0
CN10,16M,1,1,2,0,0,0,0,0,0,60.30,880.09,182.31,0.0,0.0,0.0,23.13,0.0,0.0,0.0
CN10,16M,1,1,3,0,0,0,0,0,0,62.05,943.96,189.31,0.0,0.0,0.0,23.13,0.0,0.0,0.0
CN10,16M,1,1,4,0,0,0,0,0,0,60.47,896.65,182.31,0.0,0.0,0.0,23.13,0.0,0.0,0.0
CN10,16M,1,1,5,0,0,0,0,0,0,61.90,919.98,182.31,0.0,0.0,0.0,23.13,0.0,0.0,0.0
CN10,16M,1,2,1,0,0,0,0,0,0,60.46,923.19,230.31,0.0,0.0,0.0,29.13,0.0,0.0,0.0
CN10,16M,1,2,2,0,0,0,0,0,0,53.72,821.45,214.31,0.0,0.0,0.0,27.13,0.0,0.0,0.0
CN10,16M,1,2,3,0,0,0,0,0,0,69.38,1015.09,129.53,0.0,0.0,0.0,15.42,0.0,0.0,0.0
CN10,16M,1,2,4,0,0,0,0,0,0,64.15,976.26,132.2,0.0,0.0,0.0,16.75,0.0,0.0,0.0
CN10,16M,1,2,5,0,0,0,0,0,0,59.27,907.85,182.3,0.0,0.0,0.0,23.13,0.0,0.0,0.0
CN10,16M,1,4,1,0,0,0,0,0,0,67.22,985.65,197.8,0.0,0.0,0.0,25.13,0.0,0.0,0.0
CN10,16M,1,4,2,0,0,0,0,0,0,60.65,909.53,228.8,0.0,0.0,0.0,29.13,0.0,0.0,0.0
CN10,16M,1,4,3,0,0,0,0,0,0,60.46,924.02,212.79,0.0,0.0,0.0,27.13,0.0,0.0,0.0
CN10,16M,1,4,4,0,0,0,0,0,0,63.89,915.72,212.79,0.0,0.0,0.0,27.13,0.0,0.0,0.0
CN10,16M,1,4,5,0,0,0,0,0,0,61.77,913.44,228.78,0.0,0.0,0.0,29.12,0.0,0.0,0.0
CN10,16M,1,8,1,0,0,0,0,0,0,64.52,978.52,128.19,0.0,0.0,0.0,15.42,0.0,0.0,0.0
CN10,16M,1,8,2,0,0,0,0,0,0,59.39,898.50,131.19,0.0,0.0,0.0,16.75,0.0,0.0,0.0
CN10,16M,1,8,3,0,0,0,0,0,0,60.45,919.21,196.78,0.0,0.0,0.0,25.12,0.0,0.0,0.0
CN10,16M,1,8,4,0,0,0,0,0,0,58.80,897.20,196.78,0.0,0.0,0.0,25.12,0.0,0.0,0.0
CN10,16M,1,8,5,0,0,0,0,0,0,62.75,939.33,199.28,0.0,0.0,0.0,25.15,0.0,0.0,0.0
CN10,16M,1,16,1,0,0,0,0,0,0,62.71,951.24,228.77,0.0,0.0,0.0,29.12,0.0,0.0,0.0
CN10,16M,1,16,2,0,0,0,0,0,0,65.51,970.61,196.77,0.0,0.0,0.0,25.12,0.0,0.0,0.0
CN10,16M,1,16,3,0,0,0,0,0,0,65.07,990.64,196.77,0.0,0.0,0.0,25.12,0.0,0.0,0.0
CN10,16M,1,16,4,0,0,0,0,0,0,60.70,923.56,240.76,0.0,0.0,0.0,29.12,0.0,0.0,0.0
CN10,16M,1,16,5,0,0,0,0,0,0,62.52,920.12,196.76,0.0,0.0,0.0,25.12,0.0,0.0,0.0
CN10,16M,2,1,1,0,0,0,0,0,0,32.64,514.62,269.84,0.0,0.0,0.0,34.08,0.0,0.0,0.0
CN10,16M,2,1,2,0,0,0,0,0,0,34.87,547.06,372.76,0.0,0.0,0.0,47.12,0.0,0.0,0.0
CN10,16M,2,1,3,0,0,0,0,0,0,34.49,535.02,388.76,0.0,0.0,0.0,49.12,0.0,0.0,0.0
CN10,16M,2,1,4,0,0,0,0,0,0,32.01,500.54,281.17,0.0,0.0,0.0,35.41,0.0,0.0,0.0
CN10,16M,2,1,5,0,0,0,0,0,0,32.00,502.84,271.84,0.0,0.0,0.0,34.09,0.0,0.0,0.0
CN10,16M,2,2,1,0,0,0,0,0,0,35.13,552.67,404.75,0.0,0.0,0.0,51.12,0.0,0.0,0.0
CN10,16M,2,2,2,0,0,0,0,0,0,34.34,541.87,278.17,0.0,0.0,0.0,34.08,0.0,0.0,0.0
CN10,16M,2,2,3,0,0,0,0,0,0,32.24,508.64,420.75,0.0,0.0,0.0,53.12,0.0,0.0,0.0
CN10,16M,2,2,4,0,0,0,0,0,0,32.43,511.45,388.75,0.0,0.0,0.0,49.12,0.0,0.0,0.0
CN10,16M,2,2,5,0,0,0,0,0,0,34.60,539.79,259.16,0.0,0.0,0.0,32.75,0.0,0.0,0.0
CN10,16M,2,4,1,0,0,0,0,0,0,33.74,532.08,388.74,0.0,0.0,0.0,49.12,0.0,0.0,0.0
CN10,16M,2,4,2,0,0,0,0,0,0,31.60,494.42,372.74,0.0,0.0,0.0,47.12,0.0,0.0,0.0
CN10,16M,2,4,3,0,0,0,0,0,0,32.95,515.65,420.74,0.0,0.0,0.0,53.12,0.0,0.0,0.0
CN10,16M,2,4,4,0,0,0,0,0,0,33.19,520.41,404.74,0.0,0.0,0.0,51.12,0.0,0.0,0.0
CN10,16M,2,4,5,0,0,0,0,0,0,30.73,483.86,418.74,0.0,0.0,0.0,51.12,0.0,0.0,0.0
CN10,16M,2,8,1,0,0,0,0,0,0,32.86,513.60,404.73,0.0,0.0,0.0,51.12,0.0,0.0,0.0
CN10,16M,2,8,2,0,0,0,0,0,0,34.39,535.63,404.73,0.0,0.0,0.0,51.12,0.0,0.0,0.0
CN10,16M,2,8,3,0,0,0,0,0,0,32.34,506.13,372.73,0.0,0.0,0.0,47.12,0.0,0.0,0.0
CN10,16M,2,8,4,0,0,0,0,0,0,32.76,516.78,280.48,0.0,0.0,0.0,35.41,0.0,0.0,0.0
CN10,16M,2,8,5,0,0,0,0,0,0,33.18,523.18,261.48,0.0,0.0,0.0,32.76,0.0,0.0,0.0
CN10,16M,2,16,1,0,0,0,0,0,0,32.32,509.82,404.73,0.0,0.0,0.0,51.12,0.0,0.0,0.0
CN10,16M,2,16,2,0,0,0,0,0,0,34.22,533.96,420.72,0.0,0.0,0.0,53.12,0.0,0.0,0.0
CN10,16M,2,16,3,0,0,0,0,0,0,31.42,495.80,432.72,0.0,0.0,0.0,53.12,0.0,0.0,0.0
CN10,16M,2,16,4,0,0,0,0,0,0,32.86,516.70,269.81,0.0,0.0,0.0,34.08,0.0,0.0,0.0
CN10,16M,2,16,5,0,0,0,0,0,0,32.86,514.17,372.72,0.0,0.0,0.0,47.12,0.0,0.0,0.0
CN10,16M,4,1,1,0,0,0,0,0,0,59.78,935.05,451.48,0.0,0.0,0.0,56.74,0.0,0.0,0.0
CN10,16M,4,1,2,0,0,0,0,0,0,60.71,947.81,581.21,0.0,0.0,0.0,73.11,0.0,0.0,0.0
CN10,16M,4,1,3,0,0,0,0,0,0,59.37,937.97,725.21,0.0,0.0,0.0,91.11,0.0,0.0,0.0
CN10,16M,4,1,4,0,0,0,0,0,0,58.68,917.07,366.14,0.0,0.0,0.0,46.08,0.0,0.0,0.0
CN10,16M,4,1,5,0,0,0,0,0,0,70.25,1107.52,485.14,0.0,0.0,0.0,60.76,0.0,0.0,0.0
CN10,16M,4,2,1,0,0,0,0,0,0,58.93,923.47,433.14,0.0,0.0,0.0,52.74,0.0,0.0,0.0
CN10,16M,4,2,2,0,0,0,0,0,0,56.89,891.44,645.21,0.0,0.0,0.0,81.11,0.0,0.0,0.0
CN10,16M,4,2,3,0,0,0,0,0,0,56.53,887.94,651.71,0.0,0.0,0.0,81.11,0.0,0.0,0.0
CN10,16M,4,2,4,0,0,0,0,0,0,60.34,944.85,420.8,0.0,0.0,0.0,52.74,0.0,0.0,0.0
CN10,16M,4,2,5,0,0,0,0,0,0,59.12,933.70,584.2,0.0,0.0,0.0,73.14,0.0,0.0,0.0
CN10,16M,4,4,1,0,0,0,0,0,0,57.48,903.45,387.47,0.0,0.0,0.0,48.74,0.0,0.0,0.0
CN10,16M,4,4,2,0,0,0,0,0,0,50.61,791.67,741.2,0.0,0.0,0.0,93.11,0.0,0.0,0.0
CN10,16M,4,4,3,0,0,0,0,0,0,57.27,891.98,409.13,0.0,0.0,0.0,51.41,0.0,0.0,0.0
CN10,16M,4,4,4,0,0,0,0,0,0,58.11,911.05,400.8,0.0,0.0,0.0,48.74,0.0,0.0,0.0
CN10,16M,4,4,5,0,0,0,0,0,0,64.31,1013.90,538.19,0.0,0.0,0.0,67.2,0.0,0.0,0.0
CN10,16M,4,8,1,0,0,0,0,0,0,59.89,943.98,283.35,0.0,0.0,0.0,35.56,0.0,0.0,0.0
CN10,16M,4,8,2,0,0,0,0,0,0,59.43,926.44,360.79,0.0,0.0,0.0,44.74,0.0,0.0,0.0
CN10,16M,4,8,3,0,0,0,0,0,0,57.13,898.39,380.13,0.0,0.0,0.0,47.42,0.0,0.0,0.0
CN10,16M,4,8,4,0,0,0,0,0,0,60.07,948.12,388.46,0.0,0.0,0.0,48.74,0.0,0.0,0.0
CN10,16M,4,8,5,0,0,0,0,0,0,75.36,1187.09,564.12,0.0,0.0,0.0,70.07,0.0,0.0,0.0
CN10,16M,4,16,1,0,0,0,0,0,0,64.30,1002.02,431.12,0.0,0.0,0.0,54.07,0.0,0.0,0.0
CN10,16M,4,16,2,0,0,0,0,0,0,62.66,975.14,671.18,0.0,0.0,0.0,81.11,0.0,0.0,0.0
CN10,16M,4,16,3,0,0,0,0,0,0,63.68,1005.54,451.45,0.0,0.0,0.0,56.74,0.0,0.0,0.0
CN10,16M,4,16,4,0,0,0,0,0,0,63.22,986.27,622.18,0.0,0.0,0.0,77.11,0.0,0.0,0.0
CN10,16M,4,16,5,0,0,0,0,0,0,56.69,891.33,614.68,0.0,0.0,0.0,77.11,0.0,0.0,0.0
CN10,16M,8,1,1,0,0,0,0,0,0,113.40,1779.57,570.12,0.0,0.0,0.0,71.41,0.0,0.0,0.0
CN10,16M,8,1,2,0,0,0,0,0,0,91.67,1452.19,839.17,0.0,0.0,0.0,105.11,0.0,0.0,0.0
CN10,16M,8,1,3,0,0,0,0,0,0,123.29,1930.37,607.12,0.0,0.0,0.0,75.41,0.0,0.0,0.0
CN10,16M,8,1,4,0,0,0,0,0,0,99.61,1576.37,613.12,0.0,0.0,0.0,76.74,0.0,0.0,0.0
CN10,16M,8,1,5,0,0,0,0,0,0,94.34,1485.37,625.12,0.0,0.0,0.0,76.74,0.0,0.0,0.0
CN10,16M,8,2,1,0,0,0,0,0,0,89.07,1403.34,610.34,0.0,0.0,0.0,75.59,0.0,0.0,0.0
CN10,16M,8,2,2,0,0,0,0,0,0,87.97,1395.41,783.78,0.0,0.0,0.0,98.07,0.0,0.0,0.0
CN10,16M,8,2,3,0,0,0,0,0,0,88.83,1404.52,753.45,0.0,0.0,0.0,94.09,0.0,0.0,0.0
CN10,16M,8,2,4,0,0,0,0,0,0,90.71,1425.89,766.78,0.0,0.0,0.0,95.41,0.0,0.0,0.0
CN10,16M,8,2,5,0,0,0,0,0,0,98.44,1558.53,739.78,0.0,0.0,0.0,92.74,0.0,0.0,0.0
CN10,16M,8,4,1,0,0,0,0,0,0,98.38,1558.32,765.44,0.0,0.0,0.0,95.41,0.0,0.0,0.0
CN10,16M,8,4,2,0,0,0,0,0,0,122.30,1913.69,718.44,0.0,0.0,0.0,90.07,0.0,0.0,0.0
CN10,16M,8,4,3,0,0,0,0,0,0,92.61,1420.41,780.11,0.0,0.0,0.0,95.41,0.0,0.0,0.0
CN10,16M,8,4,4,0,0,0,0,0,0,121.48,1918.17,547.78,0.0,0.0,0.0,68.74,0.0,0.0,0.0
CN10,16M,8,4,5,0,0,0,0,0,0,96.26,1523.22,924.66,0.0,0.0,0.0,115.11,0.0,0.0,0.0
CN10,16M,8,8,1,0,0,0,0,0,0,106.01,1678.90,569.11,0.0,0.0,0.0,71.41,0.0,0.0,0.0
CN10,16M,8,8,2,0,0,0,0,0,0,96.00,1518.94,559.77,0.0,0.0,0.0,70.07,0.0,0.0,0.0
CN10,16M,8,8,3,0,0,0,0,0,0,87.32,1383.38,558.44,0.0,0.0,0.0,70.07,0.0,0.0,0.0
CN10,16M,8,8,4,0,0,0,0,0,0,113.83,1797.91,574.44,0.0,0.0,0.0,71.4,0.0,0.0,0.0
CN10,16M,8,8,5,0,0,0,0,0,0,111.55,1748.15,869.66,0.0,0.0,0.0,109.11,0.0,0.0,0.0
CN10,16M,8,16,1,0,0,0,0,0,0,124.07,1955.85,843.15,0.0,0.0,0.0,103.11,0.0,0.0,0.0
CN10,16M,8,16,2,0,0,0,0,0,0,85.56,1348.36,595.44,0.0,0.0,0.0,74.07,0.0,0.0,0.0
CN10,16M,8,16,3,0,0,0,0,0,0,106.79,1687.39,869.65,0.0,0.0,0.0,109.11,0.0,0.0,0.0
CN10,16M,8,16,4,0,0,0,0,0,0,81.30,1282.38,595.44,0.0,0.0,0.0,74.07,0.0,0.0,0.0
CN10,16M,8,16,5,0,0,0,0,0,0,113.23,1781.20,853.65,0.0,0.0,0.0,107.11,0.0,0.0,0.0
CN10,16M,16,1,1,0,0,0,0,0,0,119.17,1894.29,1200.77,0.0,0.0,0.0,150.28,0.0,0.0,0.0
CN10,16M,16,1,2,0,0,0,0,0,0,105.61,1679.47,1310.77,0.0,0.0,0.0,163.4,0.0,0.0,0.0
CN10,16M,16,1,3,0,0,0,0,0,0,105.55,1678.85,928.83,0.0,0.0,0.0,116.24,0.0,0.0,0.0
CN10,16M,16,1,4,0,0,0,0,0,0,102.94,1638.05,1139.08,0.0,0.0,0.0,140.55,0.0,0.0,0.0
CN10,16M,16,1,5,0,0,0,0,0,0,116.69,1854.96,955.33,0.0,0.0,0.0,119.55,0.0,0.0,0.0
CN10,16M,16,2,1,0,0,0,0,0,0,116.33,1849.48,729.33,0.0,0.0,0.0,90.87,0.0,0.0,0.0
CN10,16M,16,2,2,0,0,0,0,0,0,126.26,2005.65,1124.44,0.0,0.0,0.0,140.74,0.0,0.0,0.0
CN10,16M,16,2,3,0,0,0,0,0,0,103.08,1640.21,871.83,0.0,0.0,0.0,108.62,0.0,0.0,0.0
CN10,16M,16,2,4,0,0,0,0,0,0,127.84,2031.16,1142.77,0.0,0.0,0.0,143.03,0.0,0.0,0.0
CN10,16M,16,2,5,0,0,0,0,0,0,118.18,1873.54,937.33,0.0,0.0,0.0,116.9,0.0,0.0,0.0
CN10,16M,16,4,1,0,0,0,0,0,0,121.35,1905.02,1320.44,0.0,0.0,0.0,165.24,0.0,0.0,0.0
CN10,16M,16,4,2,0,0,0,0,0,0,128.06,2031.02,1122.44,0.0,0.0,0.0,138.61,0.0,0.0,0.0
CN10,16M,16,4,3,0,0,0,0,0,0,121.56,1914.22,709.83,0.0,0.0,0.0,88.46,0.0,0.0,0.0
CN10,16M,16,4,4,0,0,0,0,0,0,128.52,2041.72,1295.1,0.0,0.0,0.0,162.07,0.0,0.0,0.0
CN10,16M,16,4,5,0,0,0,0,0,0,115.22,1827.61,1056.1,0.0,0.0,0.0,131.43,0.0,0.0,0.0
CN10,16M,16,8,1,0,0,0,0,0,0,124.70,1976.09,1045.08,0.0,0.0,0.0,130.68,0.0,0.0,0.0
CN10,16M,16,8,2,0,0,0,0,0,0,105.69,1669.36,955.33,0.0,0.0,0.0,119.55,0.0,0.0,0.0
CN10,16M,16,8,3,0,0,0,0,0,0,106.66,1691.52,1104.58,0.0,0.0,0.0,137.57,0.0,0.0,0.0
CN10,16M,16,8,4,0,0,0,0,0,0,128.15,2036.27,819.33,0.0,0.0,0.0,102.55,0.0,0.0,0.0
CN10,16M,16,8,5,0,0,0,0,0,0,104.92,1669.37,1283.77,0.0,0.0,0.0,158.07,0.0,0.0,0.0
CN10,16M,16,16,1,0,0,0,0,0,0,119.47,1894.95,1389.44,0.0,0.0,0.0,173.9,0.0,0.0,0.0
CN10,16M,16,16,2,0,0,0,0,0,0,119.39,1897.91,1007.33,0.0,0.0,0.0,125.55,0.0,0.0,0.0
CN10,16M,16,16,3,0,0,0,0,0,0,110.04,1749.67,940.08,0.0,0.0,0.0,117.68,0.0,0.0,0.0
CN10,16M,16,16,4,0,0,0,0,0,0,116.99,1855.60,1129.1,0.0,0.0,0.0,140.74,0.0,0.0,0.0
CN10,16M,16,16,5,0,0,0,0,0,0,130.32,2070.51,852.33,0.0,0.0,0.0,106.55,0.0,0.0,0.0
CN10,32M,1,1,1,0,0,0,0,0,0,33.45,1013.54,189.77,0.0,0.0,0.0,23.4,0.0,0.0,0.0
CN10,32M,1,1,2,0,0,0,0,0,0,33.99,1038.12,184.44,0.0,0.0,0.0,23.4,0.0,0.0,0.0
CN10,32M,1,1,3,0,0,0,0,0,0,33.48,1029.38,186.77,0.0,0.0,0.0,22.07,0.0,0.0,0.0
CN10,32M,1,1,4,0,0,0,0,0,0,32.47,993.57,184.43,0.0,0.0,0.0,23.4,0.0,0.0,0.0
CN10,32M,1,1,5,0,0,0,0,0,0,30.68,955.71,276.64,0.0,0.0,0.0,35.11,0.0,0.0,0.0
CN10,32M,1,2,1,0,0,0,0,0,0,32.06,977.61,283.14,0.0,0.0,0.0,35.1,0.0,0.0,0.0
CN10,32M,1,2,2,0,0,0,0,0,0,31.42,978.16,276.64,0.0,0.0,0.0,35.1,0.0,0.0,0.0
CN10,32M,1,2,3,0,0,0,0,0,0,31.89,992.43,276.64,0.0,0.0,0.0,35.1,0.0,0.0,0.0
CN10,32M,1,2,4,0,0,0,0,0,0,32.33,995.27,260.64,0.0,0.0,0.0,33.1,0.0,0.0,0.0
CN10,32M,1,2,5,0,0,0,0,0,0,32.36,1008.00,276.63,0.0,0.0,0.0,35.1,0.0,0.0,0.0
CN10,32M,1,4,1,0,0,0,0,0,0,32.11,985.20,291.63,0.0,0.0,0.0,35.1,0.0,0.0,0.0
CN10,32M,1,4,2,0,0,0,0,0,0,31.42,965.36,276.63,0.0,0.0,0.0,35.1,0.0,0.0,0.0
CN10,32M,1,4,3,0,0,0,0,0,0,33.46,1029.27,276.63,0.0,0.0,0.0,35.1,0.0,0.0,0.0
CN10,32M,1,4,4,0,0,0,0,0,0,32.09,996.52,276.63,0.0,0.0,0.0,35.1,0.0,0.0,0.0
CN10,32M,1,4,5,0,0,0,0,0,0,31.29,977.05,276.63,0.0,0.0,0.0,35.1,0.0,0.0,0.0
CN10,32M,1,8,1,0,0,0,0,0,0,34.06,1049.95,276.63,0.0,0.0,0.0,35.1,0.0,0.0,0.0
CN10,32M,1,8,2,0,0,0,0,0,0,30.61,943.85,276.62,0.0,0.0,0.0,35.1,0.0,0.0,0.0
CN10,32M,1,8,3,0,0,0,0,0,0,31.43,978.68,276.62,0.0,0.0,0.0,35.1,0.0,0.0,0.0
CN10,32M,1,8,4,0,0,0,0,0,0,32.93,1007.49,290.12,0.0,0.0,0.0,35.1,0.0,0.0,0.0
CN10,32M,1,8,5,0,0,0,0,0,0,32.87,1023.63,173.74,0.0,0.0,0.0,22.07,0.0,0.0,0.0
CN10,32M,1,16,1,0,0,0,0,0,0,31.80,984.07,276.62,0.0,0.0,0.0,35.1,0.0,0.0,0.0
CN10,32M,1,16,2,0,0,0,0,0,0,30.78,959.79,276.61,0.0,0.0,0.0,35.1,0.0,0.0,0.0
CN10,32M,1,16,3,0,0,0,0,0,0,30.32,924.60,276.61,0.0,0.0,0.0,35.1,0.0,0.0,0.0
CN10,32M,1,16,4,0,0,0,0,0,0,33.61,1037.39,276.61,0.0,0.0,0.0,35.1,0.0,0.0,0.0
CN10,32M,1,16,5,0,0,0,0,0,0,33.33,1018.03,186.07,0.0,0.0,0.0,23.42,0.0,0.0,0.0
CN10,32M,2,1,1,0,0,0,0,0,0,18.34,582.29,440.73,0.0,0.0,0.0,55.4,0.0,0.0,0.0
CN10,32M,2,1,2,0,0,0,0,0,0,22.28,702.36,483.07,0.0,0.0,0.0,59.4,0.0,0.0,0.0
CN10,32M,2,1,3,0,0,0,0,0,0,16.88,531.07,709.1,0.0,0.0,0.0,89.1,0.0,0.0,0.0
CN10,32M,2,1,4,0,0,0,0,0,0,21.30,671.90,451.73,0.0,0.0,0.0,56.73,0.0,0.0,0.0
CN10,32M,2,1,5,0,0,0,0,0,0,20.62,652.82,661.1,0.0,0.0,0.0,83.1,0.0,0.0,0.0
CN10,32M,2,2,1,0,0,0,0,0,0,19.66,624.06,451.4,0.0,0.0,0.0,56.73,0.0,0.0,0.0
CN10,32M,2,2,2,0,0,0,0,0,0,18.42,580.74,451.4,0.0,0.0,0.0,56.73,0.0,0.0,0.0
CN10,32M,2,2,3,0,0,0,0,0,0,23.69,745.66,430.06,0.0,0.0,0.0,54.07,0.0,0.0,0.0
CN10,32M,2,2,4,0,0,0,0,0,0,19.76,623.55,462.06,0.0,0.0,0.0,58.07,0.0,0.0,0.0
CN10,32M,2,2,5,0,0,0,0,0,0,18.44,582.55,495.73,0.0,0.0,0.0,60.73,0.0,0.0,0.0
CN10,32M,2,4,1,0,0,0,0,0,0,18.46,583.16,440.73,0.0,0.0,0.0,55.4,0.0,0.0,0.0
CN10,32M,2,4,2,0,0,0,0,0,0,18.23,578.76,462.39,0.0,0.0,0.0,58.06,0.0,0.0,0.0
CN10,32M,2,4,3,0,0,0,0,0,0,17.55,555.03,467.72,0.0,0.0,0.0,58.07,0.0,0.0,0.0
CN10,32M,2,4,4,0,0,0,0,0,0,18.25,575.14,463.39,0.0,0.0,0.0,58.06,0.0,0.0,0.0
CN10,32M,2,4,5,0,0,0,0,0,0,16.36,517.54,677.09,0.0,0.0,0.0,85.1,0.0,0.0,0.0
CN10,32M,2,8,1,0,0,0,0,0,0,19.68,623.54,440.72,0.0,0.0,0.0,55.4,0.0,0.0,0.0
CN10,32M,2,8,2,0,0,0,0,0,0,21.37,673.25,440.72,0.0,0.0,0.0,55.4,0.0,0.0,0.0
CN10,32M,2,8,3,0,0,0,0,0,0,20.93,663.62,453.05,0.0,0.0,0.0,55.4,0.0,0.0,0.0
CN10,32M,2,8,4,0,0,0,0,0,0,20.51,650.47,462.39,0.0,0.0,0.0,58.06,0.0,0.0,0.0
CN10,32M,2,8,5,0,0,0,0,0,0,17.56,556.54,667.58,0.0,0.0,0.0,83.1,0.0,0.0,0.0
CN10,32M,2,16,1,0,0,0,0,0,0,22.70,715.23,451.38,0.0,0.0,0.0,56.73,0.0,0.0,0.0
CN10,32M,2,16,2,0,0,0,0,0,0,21.25,669.55,440.72,0.0,0.0,0.0,55.4,0.0,0.0,0.0
CN10,32M,2,16,3,0,0,0,0,0,0,19.32,612.90,677.07,0.0,0.0,0.0,85.1,0.0,0.0,0.0
CN10,32M,2,16,4,0,0,0,0,0,0,19.28,607.83,440.71,0.0,0.0,0.0,55.4,0.0,0.0,0.0
CN10,32M,2,16,5,0,0,0,0,0,0,19.12,604.17,709.07,0.0,0.0,0.0,89.09,0.0,0.0,0.0
CN10,32M,4,1,1,0,0,0,0,0,0,38.01,1205.68,721.05,0.0,0.0,0.0,88.73,0.0,0.0,0.0
CN10,32M,4,1,2,0,0,0,0,0,0,37.62,1193.63,820.38,0.0,0.0,0.0,102.06,0.0,0.0,0.0
CN10,32M,4,1,3,0,0,0,0,0,0,39.70,1259.99,676.71,0.0,0.0,0.0,84.73,0.0,0.0,0.0
CN10,32M,4,1,4,0,0,0,0,0,0,30.42,967.09,745.38,0.0,0.0,0.0,92.73,0.0,0.0,0.0
CN10,32M,4,1,5,0,0,0,0,0,0,31.70,1007.11,999.07,0.0,0.0,0.0,125.09,0.0,0.0,0.0
CN10,32M,4,2,1,0,0,0,0,0,0,42.99,1362.59,523.53,0.0,0.0,0.0,65.55,0.0,0.0,0.0
CN10,32M,4,2,2,0,0,0,0,0,0,33.10,1051.14,841.71,0.0,0.0,0.0,104.73,0.0,0.0,0.0
CN10,32M,4,2,3,0,0,0,0,0,0,31.26,993.72,708.71,0.0,0.0,0.0,88.73,0.0,0.0,0.0
CN10,32M,4,2,4,0,0,0,0,0,0,39.09,1239.75,505.53,0.0,0.0,0.0,61.55,0.0,0.0,0.0
CN10,32M,4,2,5,0,0,0,0,0,0,34.38,1088.62,1191.57,0.0,0.0,0.0,149.09,0.0,0.0,0.0
CN10,32M,4,4,1,0,0,0,0,0,0,31.16,985.55,687.38,0.0,0.0,0.0,86.06,0.0,0.0,0.0
CN10,32M,4,4,2,0,0,0,0,0,0,29.02,919.54,666.04,0.0,0.0,0.0,83.4,0.0,0.0,0.0
CN10,32M,4,4,3,0,0,0,0,0,0,30.86,980.40,724.04,0.0,0.0,0.0,90.06,0.0,0.0,0.0
CN10,32M,4,4,4,0,0,0,0,0,0,33.59,1067.80,579.28,0.0,0.0,0.0,72.55,0.0,0.0,0.0
CN10,32M,4,4,5,0,0,0,0,0,0,33.68,1069.11,671.71,0.0,0.0,0.0,83.41,0.0,0.0,0.0
CN10,32M,4,8,1,0,0,0,0,0,0,34.51,1089.48,579.03,0.0,0.0,0.0,72.55,0.0,0.0,0.0
CN10,32M,4,8,2,0,0,0,0,0,0,38.63,1225.21,622.53,0.0,0.0,0.0,76.55,0.0,0.0,0.0
CN10,32M,4,8,3,0,0,0,0,0,0,30.22,955.62,669.37,0.0,0.0,0.0,83.4,0.0,0.0,0.0
CN10,32M,4,8,4,0,0,0,0,0,0,35.95,1141.42,643.71,0.0,0.0,0.0,80.73,0.0,0.0,0.0
CN10,32M,4,8,5,0,0,0,0,0,0,29.49,933.48,691.71,0.0,0.0,0.0,86.06,0.0,0.0,0.0
CN10,32M,4,16,1,0,0,0,0,0,0,31.98,1007.65,729.04,0.0,0.0,0.0,91.4,0.0,0.0,0.0
CN10,32M,4,16,2,0,0,0,0,0,0,33.97,1079.00,697.37,0.0,0.0,0.0,87.4,0.0,0.0,0.0
CN10,32M,4,16,3,0,0,0,0,0,0,40.61,1287.26,714.04,0.0,0.0,0.0,88.74,0.0,0.0,0.0
CN10,32M,4,16,4,0,0,0,0,0,0,32.59,1035.60,793.37,0.0,0.0,0.0,99.4,0.0,0.0,0.0
CN10,32M,4,16,5,0,0,0,0,0,0,30.29,959.15,690.7,0.0,0.0,0.0,84.73,0.0,0.0,0.0
CN10,32M,8,1,1,0,0,0,0,0,0,62.96,2003.07,830.53,0.0,0.0,0.0,103.92,0.0,0.0,0.0
CN10,32M,8,1,2,0,0,0,0,0,0,56.52,1791.32,751.78,0.0,0.0,0.0,93.58,0.0,0.0,0.0
CN10,32M,8,1,3,0,0,0,0,0,0,49.05,1556.76,637.03,0.0,0.0,0.0,79.73,0.0,0.0,0.0
CN10,32M,8,1,4,0,0,0,0,0,0,58.58,1856.19,719.03,0.0,0.0,0.0,89.55,0.0,0.0,0.0
CN10,32M,8,1,5,0,0,0,0,0,0,59.25,1884.88,1032.04,0.0,0.0,0.0,129.15,0.0,0.0,0.0
CN10,32M,8,2,1,0,0,0,0,0,0,53.18,1686.36,1100.37,0.0,0.0,0.0,137.02,0.0,0.0,0.0
CN10,32M,8,2,2,0,0,0,0,0,0,48.08,1524.67,1039.7,0.0,0.0,0.0,130.02,0.0,0.0,0.0
CN10,32M,8,2,3,0,0,0,0,0,0,49.25,1561.21,871.04,0.0,0.0,0.0,107.31,0.0,0.0,0.0
CN10,32M,8,2,4,0,0,0,0,0,0,54.88,1746.15,939.04,0.0,0.0,0.0,117.02,0.0,0.0,0.0
CN10,32M,8,2,5,0,0,0,0,0,0,56.47,1789.47,968.04,0.0,0.0,0.0,120.88,0.0,0.0,0.0
CN10,32M,8,4,1,0,0,0,0,0,0,53.58,1704.20,1051.04,0.0,0.0,0.0,130.85,0.0,0.0,0.0
CN10,32M,8,4,2,0,0,0,0,0,0,51.19,1628.03,886.04,0.0,0.0,0.0,110.94,0.0,0.0,0.0
CN10,32M,8,4,3,0,0,0,0,0,0,58.17,1842.53,790.78,0.0,0.0,0.0,99.01,0.0,0.0,0.0
CN10,32M,8,4,4,0,0,0,0,0,0,53.81,1705.64,716.53,0.0,0.0,0.0,89.27,0.0,0.0,0.0
CN10,32M,8,4,5,0,0,0,0,0,0,50.99,1622.85,728.28,0.0,0.0,0.0,91.23,0.0,0.0,0.0
CN10,32M,8,8,1,0,0,0,0,0,0,44.54,1418.63,1026.04,0.0,0.0,0.0,126.06,0.0,0.0,0.0
CN10,32M,8,8,2,0,0,0,0,0,0,59.63,1895.58,815.37,0.0,0.0,0.0,102.06,0.0,0.0,0.0
CN10,32M,8,8,3,0,0,0,0,0,0,55.74,1766.45,706.28,0.0,0.0,0.0,87.89,0.0,0.0,0.0
CN10,32M,8,8,4,0,0,0,0,0,0,50.84,1612.06,675.53,0.0,0.0,0.0,84.55,0.0,0.0,0.0
CN10,32M,8,8,5,0,0,0,0,0,0,50.11,1589.90,941.7,0.0,0.0,0.0,117.19,0.0,0.0,0.0
CN10,32M,8,16,1,0,0,0,0,0,0,59.89,1904.40,1007.7,0.0,0.0,0.0,126.06,0.0,0.0,0.0
CN10,32M,8,16,2,0,0,0,0,0,0,49.10,1558.83,1162.7,0.0,0.0,0.0,144.73,0.0,0.0,0.0
CN10,32M,8,16,3,0,0,0,0,0,0,49.93,1583.78,952.04,0.0,0.0,0.0,119.1,0.0,0.0,0.0
CN10,32M,8,16,4,0,0,0,0,0,0,55.93,1769.08,1036.7,0.0,0.0,0.0,127.94,0.0,0.0,0.0
CN10,32M,8,16,5,0,0,0,0,0,0,53.92,1712.11,913.71,0.0,0.0,0.0,113.89,0.0,0.0,0.0
CN10,32M,16,1,1,0,0,0,0,0,0,57.34,1825.63,1652.78,0.0,0.0,0.0,206.55,0.0,0.0,0.0
CN10,32M,16,1,2,0,0,0,0,0,0,54.83,1748.18,2656.71,0.0,0.0,0.0,331.39,0.0,0.0,0.0
CN10,32M,16,1,3,0,0,0,0,0,0,60.67,1931.93,1696.53,0.0,0.0,0.0,211.55,0.0,0.0,0.0
CN10,32M,16,1,4,0,0,0,0,0,0,48.36,1540.68,2427.04,0.0,0.0,0.0,303.4,0.0,0.0,0.0
CN10,32M,16,1,5,0,0,0,0,0,0,53.65,1712.28,1946.03,0.0,0.0,0.0,242.57,0.0,0.0,0.0
CN10,32M,16,2,1,0,0,0,0,0,0,48.49,1547.01,2629.71,0.0,0.0,0.0,328.73,0.0,0.0,0.0
CN10,32M,16,2,2,0,0,0,0,0,0,47.28,1505.93,2196.28,0.0,0.0,0.0,272.55,0.0,0.0,0.0
CN10,32M,16,2,3,0,0,0,0,0,0,40.94,1307.31,2718.38,0.0,0.0,0.0,339.48,0.0,0.0,0.0
CN10,32M,16,2,4,0,0,0,0,0,0,56.70,1805.62,1856.04,0.0,0.0,0.0,231.55,0.0,0.0,0.0
CN10,32M,16,2,5,0,0,0,0,0,0,36.75,1172.74,2661.72,0.0,0.0,0.0,332.73,0.0,0.0,0.0
CN10,32M,16,4,1,0,0,0,0,0,0,43.70,1394.87,1992.54,0.0,0.0,0.0,248.55,0.0,0.0,0.0
CN10,32M,16,4,2,0,0,0,0,0,0,48.48,1546.91,2092.29,0.0,0.0,0.0,261.55,0.0,0.0,0.0
CN10,32M,16,4,3,0,0,0,0,0,0,59.55,1897.20,2002.3,0.0,0.0,0.0,249.57,0.0,0.0,0.0
CN10,32M,16,4,4,0,0,0,0,0,0,50.81,1618.74,2726.06,0.0,0.0,0.0,340.73,0.0,0.0,0.0
CN10,32M,16,4,5,0,0,0,0,0,0,43.06,1374.67,2806.07,0.0,0.0,0.0,348.73,0.0,0.0,0.0
CN10,32M,16,8,1,0,0,0,0,0,0,45.17,1442.15,2392.05,0.0,0.0,0.0,298.55,0.0,0.0,0.0
CN10,32M,16,8,2,0,0,0,0,0,0,52.66,1678.06,2811.4,0.0,0.0,0.0,351.4,0.0,0.0,0.0
CN10,32M,16,8,3,0,0,0,0,0,0,49.08,1563.99,2432.41,0.0,0.0,0.0,303.4,0.0,0.0,0.0
CN10,32M,16,8,4,0,0,0,0,0,0,47.73,1523.10,2464.41,0.0,0.0,0.0,307.4,0.0,0.0,0.0
CN10,32M,16,8,5,0,0,0,0,0,0,48.82,1554.88,2164.56,0.0,0.0,0.0,270.55,0.0,0.0,0.0
CN10,32M,16,16,1,0,0,0,0,0,0,50.37,1607.11,1856.56,0.0,0.0,0.0,231.55,0.0,0.0,0.0
CN10,32M,16,16,2,0,0,0,0,0,0,43.26,1379.01,2044.31,0.0,0.0,0.0,255.55,0.0,0.0,0.0
CN10,32M,16,16,3,0,0,0,0,0,0,53.52,1707.44,1979.31,0.0,0.0,0.0,245.55,0.0,0.0,0.0
CN10,32M,16,16,4,0,0,0,0,0,0,56.42,1799.32,2036.56,0.0,0.0,0.0,254.55,0.0,0.0,0.0
CN10,32M,16,16,5,0,0,0,0,0,0,50.02,1595.12,2911.75,0.0,0.0,0.0,363.4,0.0,0.0,0.0
CN10,64M,1,1,1,0,0,0,0,0,0,19.04,1185.93,280.75,0.0,0.0,0.0,35.4,0.0,0.0,0.0
CN10,64M,1,1,2,0,0,0,0,0,0,18.10,1140.44,306.42,0.0,0.0,0.0,38.07,0.0,0.0,0.0
CN10,64M,1,1,3,0,0,0,0,0,0,19.14,1193.85,452.63,0.0,0.0,0.0,57.1,0.0,0.0,0.0
CN10,64M,1,1,4,0,0,0,0,0,0,18.65,1171.35,302.08,0.0,0.0,0.0,38.07,0.0,0.0,0.0
CN10,64M,1,1,5,0,0,0,0,0,0,17.95,1119.96,323.42,0.0,0.0,0.0,40.73,0.0,0.0,0.0
CN10,64M,1,2,1,0,0,0,0,0,0,18.16,1145.56,336.08,0.0,0.0,0.0,40.73,0.0,0.0,0.0
CN10,64M,1,2,2,0,0,0,0,0,0,18.58,1157.38,420.62,0.0,0.0,0.0,53.1,0.0,0.0,0.0
CN10,64M,1,2,3,0,0,0,0,0,0,18.01,1136.45,421.12,0.0,0.0,0.0,53.1,0.0,0.0,0.0
CN10,64M,1,2,4,0,0,0,0,0,0,18.66,1176.53,420.62,0.0,0.0,0.0,53.1,0.0,0.0,0.0
CN10,64M,1,2,5,0,0,0,0,0,0,18.78,1183.84,468.62,0.0,0.0,0.0,59.1,0.0,0.0,0.0
CN10,64M,1,4,1,0,0,0,0,0,0,18.07,1137.39,234.56,0.0,0.0,0.0,29.55,0.0,0.0,0.0
CN10,64M,1,4,2,0,0,0,0,0,0,17.99,1121.47,334.07,0.0,0.0,0.0,42.07,0.0,0.0,0.0
CN10,64M,1,4,3,0,0,0,0,0,0,17.47,1093.68,439.11,0.0,0.0,0.0,55.12,0.0,0.0,0.0
CN10,64M,1,4,4,0,0,0,0,0,0,18.09,1130.71,489.61,0.0,0.0,0.0,59.1,0.0,0.0,0.0
CN10,64M,1,4,5,0,0,0,0,0,0,18.55,1154.75,420.61,0.0,0.0,0.0,53.1,0.0,0.0,0.0
CN10,64M,1,8,1,0,0,0,0,0,0,18.54,1155.72,313.74,0.0,0.0,0.0,39.4,0.0,0.0,0.0
CN10,64M,1,8,2,0,0,0,0,0,0,15.66,988.67,582.61,0.0,0.0,0.0,73.1,0.0,0.0,0.0
CN10,64M,1,8,3,0,0,0,0,0,0,18.77,1171.65,313.73,0.0,0.0,0.0,39.4,0.0,0.0,0.0
CN10,64M,1,8,4,0,0,0,0,0,0,17.91,1119.82,486.6,0.0,0.0,0.0,61.1,0.0,0.0,0.0
CN10,64M,1,8,5,0,0,0,0,0,0,13.15,826.30,521.6,0.0,0.0,0.0,65.12,0.0,0.0,0.0
CN10,64M,1,16,1,0,0,0,0,0,0,19.67,1226.34,324.4,0.0,0.0,0.0,40.73,0.0,0.0,0.0
CN10,64M,1,16,2,0,0,0,0,0,0,18.06,1127.12,291.06,0.0,0.0,0.0,35.4,0.0,0.0,0.0
CN10,64M,1,16,3,0,0,0,0,0,0,18.22,1148.50,460.1,0.0,0.0,0.0,57.1,0.0,0.0,0.0
CN10,64M,1,16,4,0,0,0,0,0,0,17.94,1120.29,281.39,0.0,0.0,0.0,35.4,0.0,0.0,0.0
CN10,64M,1,16,5,0,0,0,0,0,0,18.06,1138.35,422.59,0.0,0.0,0.0,53.1,0.0,0.0,0.0
CN10,64M,2,1,1,0,0,0,0,0,0,10.38,659.33,779.54,0.0,0.0,0.0,97.55,0.0,0.0,0.0
CN10,64M,2,1,2,0,0,0,0,0,0,8.99,572.92,739.29,0.0,0.0,0.0,92.55,0.0,0.0,0.0
CN10,64M,2,1,3,0,0,0,0,0,0,8.94,568.56,1002.39,0.0,0.0,0.0,124.75,0.0,0.0,0.0
CN10,64M,2,1,4,0,0,0,0,0,0,9.69,616.28,731.04,0.0,0.0,0.0,91.55,0.0,0.0,0.0
CN10,64M,2,1,5,0,0,0,0,0,0,10.84,688.63,1080.39,0.0,0.0,0.0,132.73,0.0,0.0,0.0
CN10,64M,2,2,1,0,0,0,0,0,0,9.76,622.13,985.39,0.0,0.0,0.0,123.4,0.0,0.0,0.0
CN10,64M,2,2,2,0,0,0,0,0,0,11.29,718.70,969.06,0.0,0.0,0.0,120.73,0.0,0.0,0.0
CN10,64M,2,2,3,0,0,0,0,0,0,10.46,666.52,996.06,0.0,0.0,0.0,124.73,0.0,0.0,0.0
CN10,64M,2,2,4,0,0,0,0,0,0,9.19,584.08,990.06,0.0,0.0,0.0,123.4,0.0,0.0,0.0
CN10,64M,2,2,5,0,0,0,0,0,0,11.80,748.83,1041.06,0.0,0.0,0.0,130.09,0.0,0.0,0.0
CN10,64M,2,4,1,0,0,0,0,0,0,10.25,652.79,750.79,0.0,0.0,0.0,93.55,0.0,0.0,0.0
CN10,64M,2,4,2,0,0,0,0,0,0,11.11,705.23,772.04,0.0,0.0,0.0,96.55,0.0,0.0,0.0
CN10,64M,2,4,3,0,0,0,0,0,0,11.95,758.61,1010.06,0.0,0.0,0.0,124.73,0.0,0.0,0.0
CN10,64M,2,4,4,0,0,0,0,0,0,11.19,710.51,751.29,0.0,0.0,0.0,93.55,0.0,0.0,0.0
CN10,64M,2,4,5,0,0,0,0,0,0,9.56,609.27,999.06,0.0,0.0,0.0,124.75,0.0,0.0,0.0
CN10,64M,2,8,1,0,0,0,0,0,0,10.72,681.13,727.79,0.0,0.0,0.0,90.55,0.0,0.0,0.0
CN10,64M,2,8,2,0,0,0,0,0,0,10.92,692.92,775.04,0.0,0.0,0.0,96.55,0.0,0.0,0.0
CN10,64M,2,8,3,0,0,0,0,0,0,12.95,821.51,965.06,0.0,0.0,0.0,120.73,0.0,0.0,0.0
CN10,64M,2,8,4,0,0,0,0,0,0,9.66,615.95,1076.39,0.0,0.0,0.0,134.06,0.0,0.0,0.0
CN10,64M,2,8,5,0,0,0,0,0,0,9.64,612.75,1018.39,0.0,0.0,0.0,127.4,0.0,0.0,0.0
CN10,64M,2,16,1,0,0,0,0,0,0,10.08,642.31,1058.39,0.0,0.0,0.0,130.06,0.0,0.0,0.0
CN10,64M,2,16,2,0,0,0,0,0,0,10.07,639.41,763.79,0.0,0.0,0.0,95.55,0.0,0.0,0.0
CN10,64M,2,16,3,0,0,0,0,0,0,9.20,584.85,1039.72,0.0,0.0,0.0,130.06,0.0,0.0,0.0
CN10,64M,2,16,4,0,0,0,0,0,0,9.96,633.29,763.79,0.0,0.0,0.0,95.55,0.0,0.0,0.0
CN10,64M,2,16,5,0,0,0,0,0,0,9.36,595.97,1023.06,0.0,0.0,0.0,127.4,0.0,0.0,0.0
CN10,64M,4,1,1,0,0,0,0,0,0,18.04,1149.98,1220.39,0.0,0.0,0.0,152.73,0.0,0.0,0.0
CN10,64M,4,1,2,0,0,0,0,0,0,17.87,1136.54,1418.06,0.0,0.0,0.0,176.73,0.0,0.0,0.0
CN10,64M,4,1,3,0,0,0,0,0,0,18.32,1168.02,1370.06,0.0,0.0,0.0,171.4,0.0,0.0,0.0
CN10,64M,4,1,4,0,0,0,0,0,0,16.44,1049.03,1321.39,0.0,0.0,0.0,163.4,0.0,0.0,0.0
CN10,64M,4,1,5,0,0,0,0,0,0,16.69,1064.63,1196.06,0.0,0.0,0.0,148.8,0.0,0.0,0.0
CN10,64M,4,2,1,0,0,0,0,0,0,16.81,1069.98,1369.72,0.0,0.0,0.0,171.4,0.0,0.0,0.0
CN10,64M,4,2,2,0,0,0,0,0,0,16.54,1055.15,1278.72,0.0,0.0,0.0,159.4,0.0,0.0,0.0
CN10,64M,4,2,3,0,0,0,0,0,0,16.62,1057.60,1241.72,0.0,0.0,0.0,155.4,0.0,0.0,0.0
CN10,64M,4,2,4,0,0,0,0,0,0,16.62,1060.28,1199.06,0.0,0.0,0.0,150.06,0.0,0.0,0.0
CN10,64M,4,2,5,0,0,0,0,0,0,15.17,965.88,1366.06,0.0,0.0,0.0,170.09,0.0,0.0,0.0
CN10,64M,4,4,1,0,0,0,0,0,0,16.77,1068.98,1316.39,0.0,0.0,0.0,164.73,0.0,0.0,0.0
CN10,64M,4,4,2,0,0,0,0,0,0,16.77,1066.70,1273.39,0.0,0.0,0.0,156.73,0.0,0.0,0.0
CN10,64M,4,4,3,0,0,0,0,0,0,16.91,1078.39,947.29,0.0,0.0,0.0,118.55,0.0,0.0,0.0
CN10,64M,4,4,4,0,0,0,0,0,0,19.05,1210.90,1135.55,0.0,0.0,0.0,141.55,0.0,0.0,0.0
CN10,64M,4,4,5,0,0,0,0,0,0,15.49,985.19,1465.73,0.0,0.0,0.0,183.4,0.0,0.0,0.0
CN10,64M,4,8,1,0,0,0,0,0,0,17.10,1090.26,1111.3,0.0,0.0,0.0,138.55,0.0,0.0,0.0
CN10,64M,4,8,2,0,0,0,0,0,0,17.71,1129.66,1369.73,0.0,0.0,0.0,171.4,0.0,0.0,0.0
CN10,64M,4,8,3,0,0,0,0,0,0,17.04,1084.08,1177.4,0.0,0.0,0.0,147.4,0.0,0.0,0.0
CN10,64M,4,8,4,0,0,0,0,0,0,19.70,1256.21,947.3,0.0,0.0,0.0,118.55,0.0,0.0,0.0
CN10,64M,4,8,5,0,0,0,0,0,0,17.90,1141.14,1309.4,0.0,0.0,0.0,162.06,0.0,0.0,0.0
CN10,64M,4,16,1,0,0,0,0,0,0,18.53,1181.08,1038.8,0.0,0.0,0.0,129.55,0.0,0.0,0.0
CN10,64M,4,16,2,0,0,0,0,0,0,17.31,1103.65,1381.4,0.0,0.0,0.0,172.73,0.0,0.0,0.0
CN10,64M,4,16,3,0,0,0,0,0,0,15.95,1017.34,937.3,0.0,0.0,0.0,116.57,0.0,0.0,0.0
CN10,64M,4,16,4,0,0,0,0,0,0,16.69,1064.33,1232.06,0.0,0.0,0.0,154.06,0.0,0.0,0.0
CN10,64M,4,16,5,0,0,0,0,0,0,15.14,964.16,1274.73,0.0,0.0,0.0,159.4,0.0,0.0,0.0
CN10,64M,8,1,1,0,0,0,0,0,0,23.39,1490.05,1504.55,0.0,0.0,0.0,187.55,0.0,0.0,0.0
CN10,64M,8,1,2,0,0,0,0,0,0,27.42,1747.99,1787.4,0.0,0.0,0.0,223.4,0.0,0.0,0.0
CN10,64M,8,1,3,0,0,0,0,0,0,22.96,1462.57,2009.4,0.0,0.0,0.0,248.75,0.0,0.0,0.0
CN10,64M,8,1,4,0,0,0,0,0,0,25.87,1650.57,1387.8,0.0,0.0,0.0,173.55,0.0,0.0,0.0
CN10,64M,8,1,5,0,0,0,0,0,0,29.96,1911.54,1803.4,0.0,0.0,0.0,224.73,0.0,0.0,0.0
CN10,64M,8,2,1,0,0,0,0,0,0,22.09,1408.05,1915.4,0.0,0.0,0.0,239.4,0.0,0.0,0.0
CN10,64M,8,2,2,0,0,0,0,0,0,24.08,1534.39,1995.4,0.0,0.0,0.0,248.73,0.0,0.0,0.0
CN10,64M,8,2,3,0,0,0,0,0,0,20.70,1319.73,2341.74,0.0,0.0,0.0,292.73,0.0,0.0,0.0
CN10,64M,8,2,4,0,0,0,0,0,0,26.36,1679.01,1809.31,0.0,0.0,0.0,225.55,0.0,0.0,0.0
CN10,64M,8,2,5,0,0,0,0,0,0,19.46,1241.58,2555.08,0.0,0.0,0.0,319.4,0.0,0.0,0.0
CN10,64M,8,4,1,0,0,0,0,0,0,21.27,1357.07,2677.08,0.0,0.0,0.0,332.73,0.0,0.0,0.0
CN10,64M,8,4,2,0,0,0,0,0,0,19.97,1275.07,1865.56,0.0,0.0,0.0,232.56,0.0,0.0,0.0
CN10,64M,8,4,3,0,0,0,0,0,0,18.43,1175.82,2640.41,0.0,0.0,0.0,330.07,0.0,0.0,0.0
CN10,64M,8,4,4,0,0,0,0,0,0,19.84,1265.38,2784.75,0.0,0.0,0.0,347.4,0.0,0.0,0.0
CN10,64M,8,4,5,0,0,0,0,0,0,20.17,1286.55,2581.75,0.0,0.0,0.0,322.07,0.0,0.0,0.0
CN10,64M,8,8,1,0,0,0,0,0,0,18.91,1206.32,2683.09,0.0,0.0,0.0,335.4,0.0,0.0,0.0
CN10,64M,8,8,2,0,0,0,0,0,0,15.97,1019.65,2624.76,0.0,0.0,0.0,327.4,0.0,0.0,0.0
CN10,64M,8,8,3,0,0,0,0,0,0,18.37,1172.02,2704.43,0.0,0.0,0.0,338.07,0.0,0.0,0.0
CN10,64M,8,8,4,0,0,0,0,0,0,16.75,1069.05,2811.43,0.0,0.0,0.0,348.73,0.0,0.0,0.0
CN10,64M,8,8,5,0,0,0,0,0,0,22.33,1421.50,2640.43,0.0,0.0,0.0,330.07,0.0,0.0,0.0
CN10,64M,8,16,1,0,0,0,0,0,0,25.02,1594.08,1880.33,0.0,0.0,0.0,234.55,0.0,0.0,0.0
CN10,64M,8,16,2,0,0,0,0,0,0,14.70,938.24,2619.1,0.0,0.0,0.0,327.4,0.0,0.0,0.0
CN10,64M,8,16,3,0,0,0,0,0,0,18.62,1187.81,2552.1,0.0,0.0,0.0,318.1,0.0,0.0,0.0
CN10,64M,8,16,4,0,0,0,0,0,0,17.03,1086.74,2533.77,0.0,0.0,0.0,316.74,0.0,0.0,0.0
CN10,64M,8,16,5,0,0,0,0,0,0,16.86,1075.08,2560.77,0.0,0.0,0.0,319.4,0.0,0.0,0.0
CN10,64M,16,1,1,0,0,0,0,0,0,24.88,1590.05,3766.33,0.0,0.0,0.0,470.55,0.0,0.0,0.0
CN10,64M,16,1,2,0,0,0,0,0,0,18.86,1205.81,3032.27,0.0,0.0,0.0,377.24,0.0,0.0,0.0
CN10,64M,16,1,3,0,0,0,0,0,0,17.40,1112.20,3564.34,0.0,0.0,0.0,444.63,0.0,0.0,0.0
CN10,64M,16,1,4,0,0,0,0,0,0,17.23,1101.02,3998.34,0.0,0.0,0.0,499.55,0.0,0.0,0.0
CN10,64M,16,1,5,0,0,0,0,0,0,17.53,1120.33,3663.68,0.0,0.0,0.0,457.2,0.0,0.0,0.0
CN10,64M,16,2,1,0,0,0,0,0,0,18.51,1183.08,3530.1,0.0,0.0,0.0,440.55,0.0,0.0,0.0
CN10,64M,16,2,2,0,0,0,0,0,0,18.25,1166.26,4174.61,0.0,0.0,0.0,521.55,0.0,0.0,0.0
CN10,64M,16,2,3,0,0,0,0,0,0,17.28,1104.52,4146.86,0.0,0.0,0.0,517.56,0.0,0.0,0.0
CN10,64M,16,2,4,0,0,0,0,0,0,19.92,1273.18,4126.61,0.0,0.0,0.0,515.56,0.0,0.0,0.0
CN10,64M,16,2,5,0,0,0,0,0,0,18.40,1175.91,4054.37,0.0,0.0,0.0,504.59,0.0,0.0,0.0
CN10,64M,16,4,1,0,0,0,0,0,0,16.83,1075.37,3408.5,0.0,0.0,0.0,425.59,0.0,0.0,0.0
CN10,64M,16,4,2,0,0,0,0,0,0,17.32,1104.52,3163.9,0.0,0.0,0.0,394.85,0.0,0.0,0.0
CN10,64M,16,4,3,0,0,0,0,0,0,16.15,1032.15,4174.63,0.0,0.0,0.0,521.56,0.0,0.0,0.0
CN10,64M,16,4,4,0,0,0,0,0,0,16.18,1033.93,4026.89,0.0,0.0,0.0,502.56,0.0,0.0,0.0
CN10,64M,16,4,5,0,0,0,0,0,0,23.36,1492.74,4134.64,0.0,0.0,0.0,516.56,0.0,0.0,0.0
CN10,64M,16,8,1,0,0,0,0,0,0,16.00,1022.97,4123.15,0.0,0.0,0.0,514.56,0.0,0.0,0.0
CN10,64M,16,8,2,0,0,0,0,0,0,21.12,1347.32,5552.2,0.0,0.0,0.0,693.66,0.0,0.0,0.0
CN10,64M,16,8,3,0,0,0,0,0,0,21.09,1347.48,3214.52,0.0,0.0,0.0,400.45,0.0,0.0,0.0
CN10,64M,16,8,4,0,0,0,0,0,0,18.40,1176.62,4052.91,0.0,0.0,0.0,505.64,0.0,0.0,0.0
CN10,64M,16,8,5,0,0,0,0,0,0,19.24,1229.05,4078.41,0.0,0.0,0.0,509.56,0.0,0.0,0.0
CN10,64M,16,16,1,0,0,0,0,0,0,20.74,1325.26,3227.93,0.0,0.0,0.0,402.85,0.0,0.0,0.0
CN10,64M,16,16,2,0,0,0,0,0,0,22.27,1424.32,5336.9,0.0,0.0,0.0,666.08,0.0,0.0,0.0
CN10,64M,16,16,3,0,0,0,0,0,0,22.26,1422.55,4039.68,0.0,0.0,0.0,504.58,0.0,0.0,0.0
CN10,64M,16,16,4,0,0,0,0,0,0,20.70,1322.88,3307.14,0.0,0.0,0.0,412.73,0.0,0.0,0.0
CN10,64M,16,16,5,0,0,0,0,0,0,21.23,1356.39,4023.93,0.0,0.0,0.0,502.59,0.0,0.0,0.0
CN10,128M,1,1,1,0,0,0,0,0,0,10.65,1342.59,757.69,0.0,0.0,0.0,92.6,0.0,0.0,0.0
CN10,128M,1,1,2,0,0,0,0,0,0,10.86,1368.14,694.92,0.0,0.0,0.0,87.13,0.0,0.0,0.0
CN10,128M,1,1,3,0,0,0,0,0,0,11.05,1401.46,585.59,0.0,0.0,0.0,72.79,0.0,0.0,0.0
CN10,128M,1,1,4,0,0,0,0,0,0,10.70,1357.94,675.92,0.0,0.0,0.0,84.75,0.0,0.0,0.0
CN10,128M,1,1,5,0,0,0,0,0,0,10.92,1376.54,521.6,0.0,0.0,0.0,65.51,0.0,0.0,0.0
CN10,128M,1,2,1,0,0,0,0,0,0,11.05,1401.48,611.92,0.0,0.0,0.0,76.75,0.0,0.0,0.0
CN10,128M,1,2,2,0,0,0,0,0,0,10.53,1335.46,633.25,0.0,0.0,0.0,79.42,0.0,0.0,0.0
CN10,128M,1,2,3,0,0,0,0,0,0,11.21,1421.42,590.92,0.0,0.0,0.0,74.09,0.0,0.0,0.0
CN10,128M,1,2,4,0,0,0,0,0,0,10.73,1353.30,651.58,0.0,0.0,0.0,79.92,0.0,0.0,0.0
CN10,128M,1,2,5,0,0,0,0,0,0,11.29,1422.62,729.25,0.0,0.0,0.0,91.42,0.0,0.0,0.0
CN10,128M,1,4,1,0,0,0,0,0,0,10.47,1328.27,658.25,0.0,0.0,0.0,82.54,0.0,0.0,0.0
CN10,128M,1,4,2,0,0,0,0,0,0,10.59,1339.63,642.58,0.0,0.0,0.0,79.96,0.0,0.0,0.0
CN10,128M,1,4,3,0,0,0,0,0,0,11.08,1397.05,577.58,0.0,0.0,0.0,72.29,0.0,0.0,0.0
CN10,128M,1,4,4,0,0,0,0,0,0,10.51,1326.84,759.25,0.0,0.0,0.0,95.17,0.0,0.0,0.0
CN10,128M,1,4,5,0,0,0,0,0,0,10.28,1305.24,617.91,0.0,0.0,0.0,76.88,0.0,0.0,0.0
CN10,128M,1,8,1,0,0,0,0,0,0,10.91,1385.44,556.43,0.0,0.0,0.0,69.75,0.0,0.0,0.0
CN10,128M,1,8,2,0,0,0,0,0,0,10.46,1322.85,716.24,0.0,0.0,0.0,87.42,0.0,0.0,0.0
CN10,128M,1,8,3,0,0,0,0,0,0,10.56,1340.38,659.58,0.0,0.0,0.0,82.35,0.0,0.0,0.0
CN10,128M,1,8,4,0,0,0,0,0,0,10.95,1390.28,645.24,0.0,0.0,0.0,80.21,0.0,0.0,0.0
CN10,128M,1,8,5,0,0,0,0,0,0,11.19,1409.89,611.24,0.0,0.0,0.0,76.54,0.0,0.0,0.0
CN10,128M,1,16,1,0,0,0,0,0,0,11.27,1429.64,783.58,0.0,0.0,0.0,98.08,0.0,0.0,0.0
CN10,128M,1,16,2,0,0,0,0,0,0,11.04,1394.29,666.24,0.0,0.0,0.0,83.42,0.0,0.0,0.0
CN10,128M,1,16,3,0,0,0,0,0,0,10.71,1354.15,629.24,0.0,0.0,0.0,78.17,0.0,0.0,0.0
CN10,128M,1,16,4,0,0,0,0,0,0,10.75,1354.88,608.24,0.0,0.0,0.0,76.17,0.0,0.0,0.0
CN10,128M,1,16,5,0,0,0,0,0,0,11.31,1434.44,681.24,0.0,0.0,0.0,83.72,0.0,0.0,0.0
CN10,128M,2,1,1,0,0,0,0,0,0,5.46,696.40,1639.43,0.0,0.0,0.0,204.56,0.0,0.0,0.0
CN10,128M,2,1,2,0,0,0,0,0,0,5.78,737.99,2143.24,0.0,0.0,0.0,267.69,0.0,0.0,0.0
CN10,128M,2,1,3,0,0,0,0,0,0,5.00,637.55,2182.91,0.0,0.0,0.0,272.13,0.0,0.0,0.0
CN10,128M,2,1,4,0,0,0,0,0,0,5.49,700.19,2224.91,0.0,0.0,0.0,278.09,0.0,0.0,0.0
CN10,128M,2,1,5,0,0,0,0,0,0,5.13,654.58,1717.18,0.0,0.0,0.0,214.56,0.0,0.0,0.0
CN10,128M,2,2,1,0,0,0,0,0,0,4.61,588.61,1631.93,0.0,0.0,0.0,203.58,0.0,0.0,0.0
CN10,128M,2,2,2,0,0,0,0,0,0,4.83,616.31,2115.25,0.0,0.0,0.0,264.5,0.0,0.0,0.0
CN10,128M,2,2,3,0,0,0,0,0,0,5.25,668.82,2159.58,0.0,0.0,0.0,267.42,0.0,0.0,0.0
CN10,128M,2,2,4,0,0,0,0,0,0,5.85,746.04,1606.94,0.0,0.0,0.0,200.94,0.0,0.0,0.0
CN10,128M,2,2,5,0,0,0,0,0,0,5.24,667.85,2115.92,0.0,0.0,0.0,263.92,0.0,0.0,0.0
CN10,128M,2,4,1,0,0,0,0,0,0,5.37,686.16,2123.25,0.0,0.0,0.0,265.5,0.0,0.0,0.0
CN10,128M,2,4,2,0,0,0,0,0,0,4.82,614.84,2143.26,0.0,0.0,0.0,267.29,0.0,0.0,0.0
CN10,128M,2,4,3,0,0,0,0,0,0,4.71,601.11,2194.26,0.0,0.0,0.0,274.12,0.0,0.0,0.0
CN10,128M,2,4,4,0,0,0,0,0,0,5.64,719.20,1526.69,0.0,0.0,0.0,190.38,0.0,0.0,0.0
CN10,128M,2,4,5,0,0,0,0,0,0,5.15,657.31,2159.93,0.0,0.0,0.0,270.09,0.0,0.0,0.0
CN10,128M,2,8,1,0,0,0,0,0,0,5.41,689.31,2219.93,0.0,0.0,0.0,275.67,0.0,0.0,0.0
CN10,128M,2,8,2,0,0,0,0,0,0,5.17,659.60,2188.26,0.0,0.0,0.0,273.0,0.0,0.0,0.0
CN10,128M,2,8,3,0,0,0,0,0,0,5.16,658.19,1621.7,0.0,0.0,0.0,202.78,0.0,0.0,0.0
CN10,128M,2,8,4,0,0,0,0,0,0,5.21,664.16,2106.6,0.0,0.0,0.0,262.71,0.0,0.0,0.0
CN10,128M,2,8,5,0,0,0,0,0,0,5.37,685.59,2174.94,0.0,0.0,0.0,271.34,0.0,0.0,0.0
CN10,128M,2,16,1,0,0,0,0,0,0,5.25,669.23,2169.6,0.0,0.0,0.0,271.3,0.0,0.0,0.0
CN10,128M,2,16,2,0,0,0,0,0,0,5.55,707.48,2205.27,0.0,0.0,0.0,275.05,0.0,0.0,0.0
CN10,128M,2,16,3,0,0,0,0,0,0,5.33,679.48,1675.95,0.0,0.0,0.0,209.57,0.0,0.0,0.0
CN10,128M,2,16,4,0,0,0,0,0,0,5.40,688.39,2096.27,0.0,0.0,0.0,259.55,0.0,0.0,0.0
CN10,128M,2,16,5,0,0,0,0,0,0,5.07,647.30,2173.61,0.0,0.0,0.0,271.8,0.0,0.0,0.0
CN10,128M,4,1,1,0,0,0,0,0,0,8.23,1051.70,2669.94,0.0,0.0,0.0,333.05,0.0,0.0,0.0
CN10,128M,4,1,2,0,0,0,0,0,0,8.25,1054.72,2747.28,0.0,0.0,0.0,343.42,0.0,0.0,0.0
CN10,128M,4,1,3,0,0,0,0,0,0,8.87,1133.73,2014.71,0.0,0.0,0.0,251.32,0.0,0.0,0.0
CN10,128M,4,1,4,0,0,0,0,0,0,8.82,1125.11,1927.71,0.0,0.0,0.0,240.97,0.0,0.0,0.0
CN10,128M,4,1,5,0,0,0,0,0,0,9.24,1180.85,2678.29,0.0,0.0,0.0,334.09,0.0,0.0,0.0
CN10,128M,4,2,1,0,0,0,0,0,0,8.96,1142.58,1964.46,0.0,0.0,0.0,245.57,0.0,0.0,0.0
CN10,128M,4,2,2,0,0,0,0,0,0,9.09,1159.21,2207.97,0.0,0.0,0.0,274.57,0.0,0.0,0.0
CN10,128M,4,2,3,0,0,0,0,0,0,8.80,1124.56,2558.29,0.0,0.0,0.0,319.13,0.0,0.0,0.0
CN10,128M,4,2,4,0,0,0,0,0,0,8.88,1132.77,2533.63,0.0,0.0,0.0,316.76,0.0,0.0,0.0
CN10,128M,4,2,5,0,0,0,0,0,0,8.92,1137.61,2655.3,0.0,0.0,0.0,331.22,0.0,0.0,0.0
CN10,128M,4,4,1,0,0,0,0,0,0,8.84,1128.14,1952.47,0.0,0.0,0.0,243.57,0.0,0.0,0.0
CN10,128M,4,4,2,0,0,0,0,0,0,9.18,1172.52,1889.72,0.0,0.0,0.0,236.23,0.0,0.0,0.0
CN10,128M,4,4,3,0,0,0,0,0,0,8.57,1095.38,1981.98,0.0,0.0,0.0,247.23,0.0,0.0,0.0
CN10,128M,4,4,4,0,0,0,0,0,0,8.31,1060.53,2811.31,0.0,0.0,0.0,351.43,0.0,0.0,0.0
CN10,128M,4,4,5,0,0,0,0,0,0,8.03,1025.21,2907.31,0.0,0.0,0.0,360.76,0.0,0.0,0.0
CN10,128M,4,8,1,0,0,0,0,0,0,8.84,1127.64,2499.64,0.0,0.0,0.0,312.51,0.0,0.0,0.0
CN10,128M,4,8,2,0,0,0,0,0,0,8.52,1089.02,2892.65,0.0,0.0,0.0,360.88,0.0,0.0,0.0
CN10,128M,4,8,3,0,0,0,0,0,0,9.52,1215.89,2841.31,0.0,0.0,0.0,355.09,0.0,0.0,0.0
CN10,128M,4,8,4,0,0,0,0,0,0,7.95,1014.58,2816.98,0.0,0.0,0.0,351.43,0.0,0.0,0.0
CN10,128M,4,8,5,0,0,0,0,0,0,8.92,1138.32,2128.99,0.0,0.0,0.0,265.96,0.0,0.0,0.0
CN10,128M,4,16,1,0,0,0,0,0,0,8.69,1108.23,2525.99,0.0,0.0,0.0,315.09,0.0,0.0,0.0
CN10,128M,4,16,2,0,0,0,0,0,0,8.63,1100.56,2853.32,0.0,0.0,0.0,356.64,0.0,0.0,0.0
CN10,128M,4,16,3,0,0,0,0,0,0,8.02,1025.02,2612.33,0.0,0.0,0.0,324.76,0.0,0.0,0.0
CN10,128M,4,16,4,0,0,0,0,0,0,8.86,1131.70,2517.0,0.0,0.0,0.0,314.1,0.0,0.0,0.0
CN10,128M,4,16,5,0,0,0,0,0,0,9.03,1153.67,2577.0,0.0,0.0,0.0,322.14,0.0,0.0,0.0
CN10,128M,8,1,1,0,0,0,0,0,0,14.00,1787.14,3128.5,0.0,0.0,0.0,390.38,0.0,0.0,0.0
CN10,128M,8,1,2,0,0,0,0,0,0,13.31,1699.82,4409.0,0.0,0.0,0.0,550.12,0.0,0.0,0.0
CN10,128M,8,1,3,0,0,0,0,0,0,12.63,1613.03,3591.01,0.0,0.0,0.0,448.76,0.0,0.0,0.0
CN10,128M,8,1,4,0,0,0,0,0,0,10.24,1308.64,3159.01,0.0,0.0,0.0,394.04,0.0,0.0,0.0
CN10,128M,8,1,5,0,0,0,0,0,0,9.91,1266.79,4541.35,0.0,0.0,0.0,567.43,0.0,0.0,0.0
CN10,128M,8,2,1,0,0,0,0,0,0,9.49,1213.12,4057.26,0.0,0.0,0.0,504.82,0.0,0.0,0.0
CN10,128M,8,2,2,0,0,0,0,0,0,9.86,1259.20,5320.69,0.0,0.0,0.0,664.77,0.0,0.0,0.0
CN10,128M,8,2,3,0,0,0,0,0,0,9.70,1240.00,4012.53,0.0,0.0,0.0,500.76,0.0,0.0,0.0
CN10,128M,8,2,4,0,0,0,0,0,0,10.42,1331.28,3198.82,0.0,0.0,0.0,399.64,0.0,0.0,0.0
CN10,128M,8,2,5,0,0,0,0,0,0,11.01,1407.14,4533.03,0.0,0.0,0.0,565.83,0.0,0.0,0.0
CN10,128M,8,4,1,0,0,0,0,0,0,10.86,1388.30,3704.29,0.0,0.0,0.0,462.83,0.0,0.0,0.0
CN10,128M,8,4,2,0,0,0,0,0,0,9.85,1259.06,4952.72,0.0,0.0,0.0,618.1,0.0,0.0,0.0
CN10,128M,8,4,3,0,0,0,0,0,0,9.30,1187.49,4030.55,0.0,0.0,0.0,503.58,0.0,0.0,0.0
CN10,128M,8,4,4,0,0,0,0,0,0,10.21,1305.46,4000.55,0.0,0.0,0.0,498.45,0.0,0.0,0.0
CN10,128M,8,4,5,0,0,0,0,0,0,9.40,1201.24,5324.07,0.0,0.0,0.0,664.6,0.0,0.0,0.0
CN10,128M,8,8,1,0,0,0,0,0,0,9.48,1211.71,3262.85,0.0,0.0,0.0,407.66,0.0,0.0,0.0
CN10,128M,8,8,2,0,0,0,0,0,0,9.42,1203.89,3980.31,0.0,0.0,0.0,496.6,0.0,0.0,0.0
CN10,128M,8,8,3,0,0,0,0,0,0,9.31,1189.54,4050.82,0.0,0.0,0.0,505.58,0.0,0.0,0.0
CN10,128M,8,8,4,0,0,0,0,0,0,9.53,1218.45,3998.82,0.0,0.0,0.0,499.58,0.0,0.0,0.0
CN10,128M,8,8,5,0,0,0,0,0,0,10.21,1304.38,4015.33,0.0,0.0,0.0,500.97,0.0,0.0,0.0
CN10,128M,8,16,1,0,0,0,0,0,0,10.39,1327.74,4054.58,0.0,0.0,0.0,506.58,0.0,0.0,0.0
CN10,128M,8,16,2,0,0,0,0,0,0,10.37,1324.09,3982.59,0.0,0.0,0.0,495.47,0.0,0.0,0.0
CN10,128M,8,16,3,0,0,0,0,0,0,8.72,1112.24,4070.59,0.0,0.0,0.0,508.58,0.0,0.0,0.0
CN10,128M,8,16,4,0,0,0,0,0,0,9.73,1243.88,3096.68,0.0,0.0,0.0,386.44,0.0,0.0,0.0
CN10,128M,8,16,5,0,0,0,0,0,0,9.77,1249.48,5343.8,0.0,0.0,0.0,667.65,0.0,0.0,0.0
CN10,128M,16,1,1,0,0,0,0,0,0,9.26,1185.25,5387.9,0.0,0.0,0.0,672.62,0.0,0.0,0.0
CN10,128M,16,1,2,0,0,0,0,0,0,8.82,1128.37,6521.69,0.0,0.0,0.0,814.62,0.0,0.0,0.0
CN10,128M,16,1,3,0,0,0,0,0,0,9.87,1261.09,6510.7,0.0,0.0,0.0,812.67,0.0,0.0,0.0
CN10,128M,16,1,4,0,0,0,0,0,0,8.68,1110.81,6542.71,0.0,0.0,0.0,817.05,0.0,0.0,0.0
CN10,128M,16,1,5,0,0,0,0,0,0,7.46,954.72,7175.91,0.0,0.0,0.0,895.02,0.0,0.0,0.0
CN10,128M,16,2,1,0,0,0,0,0,0,14.00,1790.67,5897.94,0.0,0.0,0.0,736.26,0.0,0.0,0.0
CN10,128M,16,2,2,0,0,0,0,0,0,9.02,1153.01,6523.53,0.0,0.0,0.0,814.8,0.0,0.0,0.0
CN10,128M,16,2,3,0,0,0,0,0,0,9.47,1212.08,5442.95,0.0,0.0,0.0,679.48,0.0,0.0,0.0
CN10,128M,16,2,4,0,0,0,0,0,0,9.57,1224.03,5529.95,0.0,0.0,0.0,690.4,0.0,0.0,0.0
CN10,128M,16,2,5,0,0,0,0,0,0,9.39,1201.22,6507.95,0.0,0.0,0.0,812.76,0.0,0.0,0.0
CN10,128M,16,4,1,0,0,0,0,0,0,9.25,1182.92,5444.97,0.0,0.0,0.0,679.73,0.0,0.0,0.0
CN10,128M,16,4,2,0,0,0,0,0,0,10.03,1282.28,6539.37,0.0,0.0,0.0,816.8,0.0,0.0,0.0
CN10,128M,16,4,3,0,0,0,0,0,0,9.08,1161.39,5475.81,0.0,0.0,0.0,682.43,0.0,0.0,0.0
CN10,128M,16,4,4,0,0,0,0,0,0,10.00,1279.26,5567.65,0.0,0.0,0.0,695.07,0.0,0.0,0.0
CN10,128M,16,4,5,0,0,0,0,0,0,8.99,1150.15,6553.39,0.0,0.0,0.0,818.08,0.0,0.0,0.0
CN10,128M,16,8,1,0,0,0,0,0,0,9.62,1230.06,6543.0,0.0,0.0,0.0,817.28,0.0,0.0,0.0
CN10,128M,16,8,2,0,0,0,0,0,0,9.32,1192.47,6630.01,0.0,0.0,0.0,827.68,0.0,0.0,0.0
CN10,128M,16,8,3,0,0,0,0,0,0,9.39,1200.42,6613.62,0.0,0.0,0.0,826.08,0.0,0.0,0.0
CN10,128M,16,8,4,0,0,0,0,0,0,9.36,1197.14,6592.63,0.0,0.0,0.0,822.91,0.0,0.0,0.0
CN10,128M,16,8,5,0,0,0,0,0,0,9.48,1213.39,6583.03,0.0,0.0,0.0,822.12,0.0,0.0,0.0
CN10,128M,16,16,1,0,0,0,0,0,0,8.92,1141.07,5496.2,0.0,0.0,0.0,685.07,0.0,0.0,0.0
CN10,128M,16,16,2,0,0,0,0,0,0,9.05,1156.94,6647.25,0.0,0.0,0.0,829.81,0.0,0.0,0.0
CN10,128M,16,16,3,0,0,0,0,0,0,10.31,1319.28,6513.06,0.0,0.0,0.0,813.32,0.0,0.0,0.0
CN10,128M,16,16,4,0,0,0,0,0,0,10.09,1290.23,6605.27,0.0,0.0,0.0,824.49,0.0,0.0,0.0
CN10,128M,16,16,5,0,0,0,0,0,0,9.69,1239.15,6556.27,0.0,0.0,0.0,818.44,0.0,0.0,0.0
CN10,256M,1,1,1,0,0,0,0,0,0,6.08,1547.79,1420.85,0.0,0.0,0.0,177.62,0.0,0.0,0.0
CN10,256M,1,1,2,0,0,0,0,0,0,6.05,1540.02,1821.14,0.0,0.0,0.0,226.79,0.0,0.0,0.0
CN10,256M,1,1,3,0,0,0,0,0,0,5.05,1287.34,1792.47,0.0,0.0,0.0,224.07,0.0,0.0,0.0
CN10,256M,1,1,4,0,0,0,0,0,0,6.14,1562.43,1730.14,0.0,0.0,0.0,213.82,0.0,0.0,0.0
CN10,256M,1,1,5,0,0,0,0,0,0,5.05,1287.32,1885.8,0.0,0.0,0.0,235.74,0.0,0.0,0.0
CN10,256M,1,2,1,0,0,0,0,0,0,6.17,1571.19,1296.61,0.0,0.0,0.0,161.62,0.0,0.0,0.0
CN10,256M,1,2,2,0,0,0,0,0,0,6.15,1566.05,1734.14,0.0,0.0,0.0,216.82,0.0,0.0,0.0
CN10,256M,1,2,3,0,0,0,0,0,0,6.14,1564.04,1783.14,0.0,0.0,0.0,222.2,0.0,0.0,0.0
CN10,256M,1,2,4,0,0,0,0,0,0,5.28,1344.69,1856.81,0.0,0.0,0.0,232.11,0.0,0.0,0.0
CN10,256M,1,2,5,0,0,0,0,0,0,5.89,1500.75,1771.81,0.0,0.0,0.0,220.82,0.0,0.0,0.0
CN10,256M,1,4,1,0,0,0,0,0,0,6.13,1561.11,1746.14,0.0,0.0,0.0,218.28,0.0,0.0,0.0
CN10,256M,1,4,2,0,0,0,0,0,0,4.86,1239.99,1339.36,0.0,0.0,0.0,166.08,0.0,0.0,0.0
CN10,256M,1,4,3,0,0,0,0,0,0,5.48,1395.85,1766.14,0.0,0.0,0.0,220.11,0.0,0.0,0.0
CN10,256M,1,4,4,0,0,0,0,0,0,6.11,1554.67,1830.48,0.0,0.0,0.0,228.82,0.0,0.0,0.0
CN10,256M,1,4,5,0,0,0,0,0,0,5.93,1509.93,1296.61,0.0,0.0,0.0,161.62,0.0,0.0,0.0
CN10,256M,1,8,1,0,0,0,0,0,0,6.12,1558.92,1856.81,0.0,0.0,0.0,231.49,0.0,0.0,0.0
CN10,256M,1,8,2,0,0,0,0,0,0,5.96,1518.26,1214.86,0.0,0.0,0.0,151.9,0.0,0.0,0.0
CN10,256M,1,8,3,0,0,0,0,0,0,6.00,1524.61,1772.81,0.0,0.0,0.0,220.83,0.0,0.0,0.0
CN10,256M,1,8,4,0,0,0,0,0,0,5.38,1371.60,1880.81,0.0,0.0,0.0,235.11,0.0,0.0,0.0
CN10,256M,1,8,5,0,0,0,0,0,0,5.44,1382.88,1786.48,0.0,0.0,0.0,220.82,0.0,0.0,0.0
CN10,256M,1,16,1,0,0,0,0,0,0,5.40,1376.35,1777.15,0.0,0.0,0.0,222.16,0.0,0.0,0.0
CN10,256M,1,16,2,0,0,0,0,0,0,6.12,1555.86,1770.82,0.0,0.0,0.0,220.7,0.0,0.0,0.0
CN10,256M,1,16,3,0,0,0,0,0,0,5.95,1514.86,1712.82,0.0,0.0,0.0,214.16,0.0,0.0,0.0
CN10,256M,1,16,4,0,0,0,0,0,0,5.95,1509.92,1707.49,0.0,0.0,0.0,212.82,0.0,0.0,0.0
CN10,256M,1,16,5,0,0,0,0,0,0,5.29,1348.93,1808.15,0.0,0.0,0.0,226.16,0.0,0.0,0.0
CN10,256M,2,1,1,0,0,0,0,0,0,2.80,714.14,4226.82,0.0,0.0,0.0,527.49,0.0,0.0,0.0
CN10,256M,2,1,2,0,0,0,0,0,0,2.76,705.70,4303.16,0.0,0.0,0.0,537.74,0.0,0.0,0.0
CN10,256M,2,1,3,0,0,0,0,0,0,2.78,711.20,4093.49,0.0,0.0,0.0,508.82,0.0,0.0,0.0
CN10,256M,2,1,4,0,0,0,0,0,0,2.85,728.86,4384.17,0.0,0.0,0.0,547.24,0.0,0.0,0.0
CN10,256M,2,1,5,0,0,0,0,0,0,2.93,747.81,4295.84,0.0,0.0,0.0,536.82,0.0,0.0,0.0
CN10,256M,2,2,1,0,0,0,0,0,0,2.87,733.57,4409.84,0.0,0.0,0.0,550.16,0.0,0.0,0.0
CN10,256M,2,2,2,0,0,0,0,0,0,2.84,726.62,4391.84,0.0,0.0,0.0,548.16,0.0,0.0,0.0
CN10,256M,2,2,3,0,0,0,0,0,0,2.73,698.98,4338.52,0.0,0.0,0.0,542.16,0.0,0.0,0.0
CN10,256M,2,2,4,0,0,0,0,0,0,2.92,746.19,4322.85,0.0,0.0,0.0,539.49,0.0,0.0,0.0
CN10,256M,2,2,5,0,0,0,0,0,0,2.93,748.09,4338.52,0.0,0.0,0.0,542.16,0.0,0.0,0.0
CN10,256M,2,4,1,0,0,0,0,0,0,2.82,722.33,3246.89,0.0,0.0,0.0,403.62,0.0,0.0,0.0
CN10,256M,2,4,2,0,0,0,0,0,0,2.80,714.51,4389.87,0.0,0.0,0.0,548.4,0.0,0.0,0.0
CN10,256M,2,4,3,0,0,0,0,0,0,2.92,746.36,4334.2,0.0,0.0,0.0,540.84,0.0,0.0,0.0
CN10,256M,2,4,4,0,0,0,0,0,0,2.84,724.64,4317.21,0.0,0.0,0.0,539.5,0.0,0.0,0.0
CN10,256M,2,4,5,0,0,0,0,0,0,3.05,778.19,4386.88,0.0,0.0,0.0,547.5,0.0,0.0,0.0
CN10,256M,2,8,1,0,0,0,0,0,0,2.93,748.50,4263.88,0.0,0.0,0.0,532.83,0.0,0.0,0.0
CN10,256M,2,8,2,0,0,0,0,0,0,3.03,774.05,4397.89,0.0,0.0,0.0,548.83,0.0,0.0,0.0
CN10,256M,2,8,3,0,0,0,0,0,0,2.96,757.04,4178.56,0.0,0.0,0.0,522.16,0.0,0.0,0.0
CN10,256M,2,8,4,0,0,0,0,0,0,2.88,734.99,4371.56,0.0,0.0,0.0,543.5,0.0,0.0,0.0
CN10,256M,2,8,5,0,0,0,0,0,0,2.89,737.60,4568.57,0.0,0.0,0.0,570.17,0.0,0.0,0.0
CN10,256M,2,16,1,0,0,0,0,0,0,2.72,695.08,4317.57,0.0,0.0,0.0,539.42,0.0,0.0,0.0
CN10,256M,2,16,2,0,0,0,0,0,0,2.72,695.98,4440.57,0.0,0.0,0.0,554.17,0.0,0.0,0.0
CN10,256M,2,16,3,0,0,0,0,0,0,2.91,742.79,4311.58,0.0,0.0,0.0,538.17,0.0,0.0,0.0
CN10,256M,2,16,4,0,0,0,0,0,0,2.95,754.53,4531.25,0.0,0.0,0.0,566.17,0.0,0.0,0.0
CN10,256M,2,16,5,0,0,0,0,0,0,3.20,816.67,4406.92,0.0,0.0,0.0,549.92,0.0,0.0,0.0
CN10,256M,4,1,1,0,0,0,0,0,0,4.45,1136.53,4006.69,0.0,0.0,0.0,500.63,0.0,0.0,0.0
CN10,256M,4,1,2,0,0,0,0,0,0,4.59,1174.46,4335.45,0.0,0.0,0.0,539.63,0.0,0.0,0.0
CN10,256M,4,1,3,0,0,0,0,0,0,4.57,1168.42,3481.56,0.0,0.0,0.0,434.9,0.0,0.0,0.0
CN10,256M,4,1,4,0,0,0,0,0,0,4.36,1114.83,4059.71,0.0,0.0,0.0,506.63,0.0,0.0,0.0
CN10,256M,4,1,5,0,0,0,0,0,0,4.44,1134.32,3975.46,0.0,0.0,0.0,496.63,0.0,0.0,0.0
CN10,256M,4,2,1,0,0,0,0,0,0,4.60,1176.18,2985.37,0.0,0.0,0.0,372.5,0.0,0.0,0.0
CN10,256M,4,2,2,0,0,0,0,0,0,4.40,1124.25,3775.47,0.0,0.0,0.0,471.63,0.0,0.0,0.0
CN10,256M,4,2,3,0,0,0,0,0,0,4.85,1240.24,3036.98,0.0,0.0,0.0,378.9,0.0,0.0,0.0
CN10,256M,4,2,4,0,0,0,0,0,0,4.76,1217.22,4111.73,0.0,0.0,0.0,513.63,0.0,0.0,0.0
CN10,256M,4,2,5,0,0,0,0,0,0,4.92,1256.98,3510.48,0.0,0.0,0.0,436.63,0.0,0.0,0.0
CN10,256M,4,4,1,0,0,0,0,0,0,4.60,1175.67,3120.19,0.0,0.0,0.0,389.3,0.0,0.0,0.0
CN10,256M,4,4,2,0,0,0,0,0,0,4.36,1115.21,3791.49,0.0,0.0,0.0,473.63,0.0,0.0,0.0
CN10,256M,4,4,3,0,0,0,0,0,0,4.05,1034.66,3868.24,0.0,0.0,0.0,482.63,0.0,0.0,0.0
CN10,256M,4,4,4,0,0,0,0,0,0,4.47,1141.08,3042.6,0.0,0.0,0.0,379.71,0.0,0.0,0.0
CN10,256M,4,4,5,0,0,0,0,0,0,4.18,1068.15,3992.25,0.0,0.0,0.0,498.65,0.0,0.0,0.0
CN10,256M,4,8,1,0,0,0,0,0,0,4.30,1098.61,4243.5,0.0,0.0,0.0,529.63,0.0,0.0,0.0
CN10,256M,4,8,2,0,0,0,0,0,0,4.22,1078.74,4431.51,0.0,0.0,0.0,553.63,0.0,0.0,0.0
CN10,256M,4,8,3,0,0,0,0,0,0,4.51,1153.08,4455.76,0.0,0.0,0.0,554.63,0.0,0.0,0.0
CN10,256M,4,8,4,0,0,0,0,0,0,4.47,1142.82,4175.77,0.0,0.0,0.0,521.64,0.0,0.0,0.0
CN10,256M,4,8,5,0,0,0,0,0,0,4.42,1130.30,4388.52,0.0,0.0,0.0,547.64,0.0,0.0,0.0
CN10,256M,4,16,1,0,0,0,0,0,0,4.45,1138.40,3847.78,0.0,0.0,0.0,480.64,0.0,0.0,0.0
CN10,256M,4,16,2,0,0,0,0,0,0,4.40,1125.75,3812.03,0.0,0.0,0.0,475.64,0.0,0.0,0.0
CN10,256M,4,16,3,0,0,0,0,0,0,4.42,1129.20,3193.43,0.0,0.0,0.0,398.91,0.0,0.0,0.0
CN10,256M,4,16,4,0,0,0,0,0,0,4.27,1090.59,3446.83,0.0,0.0,0.0,430.11,0.0,0.0,0.0
CN10,256M,4,16,5,0,0,0,0,0,0,4.17,1064.54,3983.79,0.0,0.0,0.0,497.64,0.0,0.0,0.0
CN10,256M,8,1,1,0,0,0,0,0,0,5.20,1330.63,5899.44,0.0,0.0,0.0,735.71,0.0,0.0,0.0
CN10,256M,8,1,2,0,0,0,0,0,0,4.73,1211.12,6541.04,0.0,0.0,0.0,816.51,0.0,0.0,0.0
CN10,256M,8,1,3,0,0,0,0,0,0,4.67,1194.21,6614.25,0.0,0.0,0.0,826.11,0.0,0.0,0.0
CN10,256M,8,1,4,0,0,0,0,0,0,4.68,1197.16,6593.26,0.0,0.0,0.0,822.94,0.0,0.0,0.0
CN10,256M,8,1,5,0,0,0,0,0,0,4.84,1237.70,6617.47,0.0,0.0,0.0,826.11,0.0,0.0,0.0
CN10,256M,8,2,1,0,0,0,0,0,0,4.82,1233.60,6614.68,0.0,0.0,0.0,826.12,0.0,0.0,0.0
CN10,256M,8,2,2,0,0,0,0,0,0,4.55,1164.88,6623.68,0.0,0.0,0.0,826.92,0.0,0.0,0.0
CN10,256M,8,2,3,0,0,0,0,0,0,4.71,1204.45,6549.69,0.0,0.0,0.0,818.12,0.0,0.0,0.0
CN10,256M,8,2,4,0,0,0,0,0,0,4.69,1198.75,6620.3,0.0,0.0,0.0,825.32,0.0,0.0,0.0
CN10,256M,8,2,5,0,0,0,0,0,0,4.81,1230.91,5504.26,0.0,0.0,0.0,687.1,0.0,0.0,0.0
CN10,256M,8,4,1,0,0,0,0,0,0,4.80,1226.80,6604.52,0.0,0.0,0.0,824.52,0.0,0.0,0.0
CN10,256M,8,4,2,0,0,0,0,0,0,4.60,1177.23,6568.92,0.0,0.0,0.0,820.52,0.0,0.0,0.0
CN10,256M,8,4,3,0,0,0,0,0,0,4.58,1171.78,5520.61,0.0,0.0,0.0,689.1,0.0,0.0,0.0
CN10,256M,8,4,4,0,0,0,0,0,0,4.94,1263.32,5500.78,0.0,0.0,0.0,687.1,0.0,0.0,0.0
CN10,256M,8,4,5,0,0,0,0,0,0,4.56,1167.46,6585.35,0.0,0.0,0.0,822.12,0.0,0.0,0.0
CN10,256M,8,8,1,0,0,0,0,0,0,4.69,1199.29,5484.8,0.0,0.0,0.0,685.1,0.0,0.0,0.0
CN10,256M,8,8,2,0,0,0,0,0,0,4.79,1225.67,6646.56,0.0,0.0,0.0,828.53,0.0,0.0,0.0
CN10,256M,8,8,3,0,0,0,0,0,0,4.69,1199.78,6599.17,0.0,0.0,0.0,823.76,0.0,0.0,0.0
CN10,256M,8,8,4,0,0,0,0,0,0,4.85,1240.08,6589.38,0.0,0.0,0.0,822.96,0.0,0.0,0.0
CN10,256M,8,8,5,0,0,0,0,0,0,4.79,1225.86,5477.82,0.0,0.0,0.0,683.8,0.0,0.0,0.0
CN10,256M,8,16,1,0,0,0,0,0,0,4.84,1237.32,6391.83,0.0,0.0,0.0,797.81,0.0,0.0,0.0
CN10,256M,8,16,2,0,0,0,0,0,0,5.12,1310.11,6082.2,0.0,0.0,0.0,759.73,0.0,0.0,0.0
CN10,256M,8,16,3,0,0,0,0,0,0,3.61,924.55,7527.21,0.0,0.0,0.0,939.73,0.0,0.0,0.0
CN10,256M,8,16,4,0,0,0,0,0,0,7.07,1807.82,5838.62,0.0,0.0,0.0,729.33,0.0,0.0,0.0
CN10,256M,8,16,5,0,0,0,0,0,0,5.00,1278.81,6409.83,0.0,0.0,0.0,798.93,0.0,0.0,0.0
CN10,256M,16,1,1,0,0,0,0,0,0,4.04,1033.23,8415.02,0.0,0.0,0.0,1050.56,0.0,0.0,0.0
CN10,256M,16,1,2,0,0,0,0,0,0,4.00,1023.45,9462.66,0.0,0.0,0.0,1181.42,0.0,0.0,0.0
CN10,256M,16,1,3,0,0,0,0,0,0,4.28,1094.73,9441.3,0.0,0.0,0.0,1178.93,0.0,0.0,0.0
CN10,256M,16,1,4,0,0,0,0,0,0,4.04,1034.55,9457.68,0.0,0.0,0.0,1180.88,0.0,0.0,0.0
CN10,256M,16,1,5,0,0,0,0,0,0,4.09,1047.01,8390.84,0.0,0.0,0.0,1047.9,0.0,0.0,0.0
CN10,256M,16,2,1,0,0,0,0,0,0,3.94,1009.25,9442.71,0.0,0.0,0.0,1178.89,0.0,0.0,0.0
CN10,256M,16,2,2,0,0,0,0,0,0,3.88,992.65,9475.6,0.0,0.0,0.0,1183.39,0.0,0.0,0.0
CN10,256M,16,2,3,0,0,0,0,0,0,3.85,984.86,9444.23,0.0,0.0,0.0,1178.41,0.0,0.0,0.0
CN10,256M,16,2,4,0,0,0,0,0,0,4.01,1025.60,9451.87,0.0,0.0,0.0,1179.93,0.0,0.0,0.0
CN10,256M,16,2,5,0,0,0,0,0,0,3.98,1019.41,9447.76,0.0,0.0,0.0,1179.89,0.0,0.0,0.0
CN10,256M,16,4,1,0,0,0,0,0,0,4.10,1050.26,8397.13,0.0,0.0,0.0,1048.36,0.0,0.0,0.0
CN10,256M,16,4,2,0,0,0,0,0,0,4.26,1090.59,9445.66,0.0,0.0,0.0,1179.4,0.0,0.0,0.0
CN10,256M,16,4,3,0,0,0,0,0,0,3.87,985.89,8387.26,0.0,0.0,0.0,1047.46,0.0,0.0,0.0
CN10,256M,16,4,4,0,0,0,0,0,0,4.00,1021.28,8382.33,0.0,0.0,0.0,1046.6,0.0,0.0,0.0
CN10,256M,16,4,5,0,0,0,0,0,0,3.82,978.02,9459.69,0.0,0.0,0.0,1181.4,0.0,0.0,0.0
CN10,256M,16,8,1,0,0,0,0,0,0,4.09,1045.48,9480.33,0.0,0.0,0.0,1182.92,0.0,0.0,0.0
CN10,256M,16,8,2,0,0,0,0,0,0,4.07,1040.35,8396.64,0.0,0.0,0.0,1048.36,0.0,0.0,0.0
CN10,256M,16,8,3,0,0,0,0,0,0,3.88,993.89,9438.23,0.0,0.0,0.0,1178.4,0.0,0.0,0.0
CN10,256M,16,8,4,0,0,0,0,0,0,4.04,1033.38,9414.62,0.0,0.0,0.0,1175.69,0.0,0.0,0.0
CN10,256M,16,8,5,0,0,0,0,0,0,4.15,1061.29,8393.34,0.0,0.0,0.0,1047.92,0.0,0.0,0.0
CN10,256M,16,16,1,0,0,0,0,0,0,3.99,1020.32,8405.57,0.0,0.0,0.0,1049.7,0.0,0.0,0.0
CN10,256M,16,16,2,0,0,0,0,0,0,4.12,1054.23,10796.03,0.0,0.0,0.0,1347.9,0.0,0.0,0.0
CN10,256M,16,16,3,0,0,0,0,0,0,4.05,1036.76,9477.42,0.0,0.0,0.0,1183.45,0.0,0.0,0.0
CN10,256M,16,16,4,0,0,0,0,0,0,4.12,1054.91,9450.05,0.0,0.0,0.0,1179.43,0.0,0.0,0.0
CN10,256M,16,16,5,0,0,0,0,0,0,3.94,1008.16,9454.44,0.0,0.0,0.0,1180.42,0.0,0.0,0.0
