0828-1616
CN9,1M,1,1,1,0,0,0,0,0,0,586.70,349.18,94.46,0.0,0.0,0.0,11.28,0.0,0.0,0.0
CN9,1M,1,1,2,0,0,0,0,0,0,714.78,386.75,57.3,0.0,0.0,0.0,7.52,0.0,0.0,0.0
CN9,1M,1,1,3,0,0,0,0,0,0,682.78,373.29,86.45,0.0,0.0,0.0,11.28,0.0,0.0,0.0
CN9,1M,1,1,4,0,0,0,0,0,0,697.54,404.47,70.3,0.0,0.0,0.0,7.52,0.0,0.0,0.0
CN9,1M,1,1,5,0,0,0,0,0,0,697.66,431.91,85.95,0.0,0.0,0.0,11.28,0.0,0.0,0.0
CN9,1M,1,2,1,0,0,0,0,0,0,708.50,361.64,85.94,0.0,0.0,0.0,11.28,0.0,0.0,0.0
CN9,1M,1,2,2,0,0,0,0,0,0,692.24,355.81,85.94,0.0,0.0,0.0,11.28,0.0,0.0,0.0
CN9,1M,1,2,3,0,0,0,0,0,0,281.52,226.78,96.94,0.0,0.0,0.0,12.53,0.0,0.0,0.0
CN9,1M,1,2,4,0,0,0,0,0,0,672.49,381.09,57.29,0.0,0.0,0.0,7.52,0.0,0.0,0.0
CN9,1M,1,2,5,0,0,0,0,0,0,666.61,407.97,85.94,0.0,0.0,0.0,11.28,0.0,0.0,0.0
CN9,1M,1,4,1,0,0,0,0,0,0,728.81,380.47,57.29,0.0,0.0,0.0,7.52,0.0,0.0,0.0
CN9,1M,1,4,2,0,0,0,0,0,0,789.59,473.45,97.93,0.0,0.0,0.0,11.28,0.0,0.0,0.0
CN9,1M,1,4,3,0,0,0,0,0,0,691.67,359.01,57.29,0.0,0.0,0.0,7.52,0.0,0.0,0.0
CN9,1M,1,4,4,0,0,0,0,0,0,708.14,382.45,85.92,0.0,0.0,0.0,11.28,0.0,0.0,0.0
CN9,1M,1,4,5,0,0,0,0,0,0,690.08,348.54,57.28,0.0,0.0,0.0,7.52,0.0,0.0,0.0
CN9,1M,1,8,1,0,0,0,0,0,0,305.28,223.02,63.28,0.0,0.0,0.0,8.19,0.0,0.0,0.0
CN9,1M,1,8,2,0,0,0,0,0,0,675.96,427.77,58.28,0.0,0.0,0.0,7.52,0.0,0.0,0.0
CN9,1M,1,8,3,0,0,0,0,0,0,728.30,426.68,85.92,0.0,0.0,0.0,11.27,0.0,0.0,0.0
CN9,1M,1,8,4,0,0,0,0,0,0,711.74,429.26,85.92,0.0,0.0,0.0,11.27,0.0,0.0,0.0
CN9,1M,1,8,5,0,0,0,0,0,0,712.23,446.68,96.91,0.0,0.0,0.0,11.27,0.0,0.0,0.0
CN9,1M,1,16,1,0,0,0,0,0,0,683.56,348.80,85.91,0.0,0.0,0.0,11.27,0.0,0.0,0.0
CN9,1M,1,16,2,0,0,0,0,0,0,694.77,429.70,85.91,0.0,0.0,0.0,11.27,0.0,0.0,0.0
CN9,1M,1,16,3,0,0,0,0,0,0,695.92,368.92,85.91,0.0,0.0,0.0,11.27,0.0,0.0,0.0
CN9,1M,1,16,4,0,0,0,0,0,0,345.58,245.76,63.6,0.0,0.0,0.0,8.03,0.0,0.0,0.0
CN9,1M,1,16,5,0,0,0,0,0,0,753.29,372.20,85.9,0.0,0.0,0.0,11.27,0.0,0.0,0.0
CN9,1M,2,1,1,0,0,0,0,0,0,360.40,310.85,97.89,0.0,0.0,0.0,12.77,0.0,0.0,0.0
CN9,1M,2,1,2,0,0,0,0,0,0,353.20,289.34,65.26,0.0,0.0,0.0,8.51,0.0,0.0,0.0
CN9,1M,2,1,3,0,0,0,0,0,0,342.71,298.04,111.39,0.0,0.0,0.0,12.77,0.0,0.0,0.0
CN9,1M,2,1,4,0,0,0,0,0,0,346.39,263.48,66.59,0.0,0.0,0.0,8.51,0.0,0.0,0.0
CN9,1M,2,1,5,0,0,0,0,0,0,363.60,278.02,97.89,0.0,0.0,0.0,12.77,0.0,0.0,0.0
CN9,1M,2,2,1,0,0,0,0,0,0,341.19,270.46,97.76,0.0,0.0,0.0,12.76,0.0,0.0,0.0
CN9,1M,2,2,2,0,0,0,0,0,0,341.95,276.48,97.88,0.0,0.0,0.0,12.77,0.0,0.0,0.0
CN9,1M,2,2,3,0,0,0,0,0,0,332.76,266.39,65.25,0.0,0.0,0.0,8.51,0.0,0.0,0.0
CN9,1M,2,2,4,0,0,0,0,0,0,347.04,279.78,65.25,0.0,0.0,0.0,8.51,0.0,0.0,0.0
CN9,1M,2,2,5,0,0,0,0,0,0,344.04,280.21,66.58,0.0,0.0,0.0,8.53,0.0,0.0,0.0
CN9,1M,2,4,1,0,0,0,0,0,0,350.24,290.34,74.25,0.0,0.0,0.0,8.51,0.0,0.0,0.0
CN9,1M,2,4,2,0,0,0,0,0,0,345.77,298.10,97.86,0.0,0.0,0.0,12.77,0.0,0.0,0.0
CN9,1M,2,4,3,0,0,0,0,0,0,329.75,261.53,97.86,0.0,0.0,0.0,12.77,0.0,0.0,0.0
CN9,1M,2,4,4,0,0,0,0,0,0,343.64,295.11,97.86,0.0,0.0,0.0,12.77,0.0,0.0,0.0
CN9,1M,2,4,5,0,0,0,0,0,0,336.64,273.85,100.36,0.0,0.0,0.0,12.79,0.0,0.0,0.0
CN9,1M,2,8,1,0,0,0,0,0,0,349.13,290.16,65.24,0.0,0.0,0.0,8.51,0.0,0.0,0.0
CN9,1M,2,8,2,0,0,0,0,0,0,354.70,303.58,65.24,0.0,0.0,0.0,8.51,0.0,0.0,0.0
CN9,1M,2,8,3,0,0,0,0,0,0,347.37,299.73,97.85,0.0,0.0,0.0,12.77,0.0,0.0,0.0
CN9,1M,2,8,4,0,0,0,0,0,0,359.56,307.76,74.9,0.0,0.0,0.0,8.51,0.0,0.0,0.0
CN9,1M,2,8,5,0,0,0,0,0,0,323.02,283.00,101.85,0.0,0.0,0.0,12.86,0.0,0.0,0.0
CN9,1M,2,16,1,0,0,0,0,0,0,350.34,282.68,97.84,0.0,0.0,0.0,12.76,0.0,0.0,0.0
CN9,1M,2,16,2,0,0,0,0,0,0,337.66,291.51,65.23,0.0,0.0,0.0,8.51,0.0,0.0,0.0
CN9,1M,2,16,3,0,0,0,0,0,0,317.07,260.29,97.84,0.0,0.0,0.0,12.76,0.0,0.0,0.0
CN9,1M,2,16,4,0,0,0,0,0,0,317.67,273.63,65.22,0.0,0.0,0.0,8.51,0.0,0.0,0.0
CN9,1M,2,16,5,0,0,0,0,0,0,339.61,274.78,98.33,0.0,0.0,0.0,12.76,0.0,0.0,0.0
CN9,1M,4,1,1,0,0,0,0,0,0,677.46,575.43,65.22,0.0,0.0,0.0,8.51,0.0,0.0,0.0
CN9,1M,4,1,2,0,0,0,0,0,0,712.47,588.16,75.22,0.0,0.0,0.0,8.51,0.0,0.0,0.0
CN9,1M,4,1,3,0,0,0,0,0,0,640.23,525.01,97.83,0.0,0.0,0.0,12.76,0.0,0.0,0.0
CN9,1M,4,1,4,0,0,0,0,0,0,640.30,523.83,97.83,0.0,0.0,0.0,12.76,0.0,0.0,0.0
CN9,1M,4,1,5,0,0,0,0,0,0,710.87,612.37,98.32,0.0,0.0,0.0,12.76,0.0,0.0,0.0
CN9,1M,4,2,1,0,0,0,0,0,0,643.47,558.24,97.82,0.0,0.0,0.0,12.76,0.0,0.0,0.0
CN9,1M,4,2,2,0,0,0,0,0,0,655.95,517.07,65.21,0.0,0.0,0.0,8.51,0.0,0.0,0.0
CN9,1M,4,2,3,0,0,0,0,0,0,642.19,521.53,65.21,0.0,0.0,0.0,8.51,0.0,0.0,0.0
CN9,1M,4,2,4,0,0,0,0,0,0,618.58,537.71,65.21,0.0,0.0,0.0,8.51,0.0,0.0,0.0
CN9,1M,4,2,5,0,0,0,0,0,0,648.52,559.39,109.81,0.0,0.0,0.0,12.76,0.0,0.0,0.0
CN9,1M,4,4,1,0,0,0,0,0,0,600.56,493.42,65.2,0.0,0.0,0.0,8.51,0.0,0.0,0.0
CN9,1M,4,4,2,0,0,0,0,0,0,665.55,542.13,97.81,0.0,0.0,0.0,12.76,0.0,0.0,0.0
CN9,1M,4,4,3,0,0,0,0,0,0,670.79,542.55,97.8,0.0,0.0,0.0,12.76,0.0,0.0,0.0
CN9,1M,4,4,4,0,0,0,0,0,0,605.70,532.64,65.2,0.0,0.0,0.0,8.51,0.0,0.0,0.0
CN9,1M,4,4,5,0,0,0,0,0,0,690.62,595.25,65.2,0.0,0.0,0.0,8.51,0.0,0.0,0.0
CN9,1M,4,8,1,0,0,0,0,0,0,623.25,546.72,97.8,0.0,0.0,0.0,12.76,0.0,0.0,0.0
CN9,1M,4,8,2,0,0,0,0,0,0,674.46,552.43,65.19,0.0,0.0,0.0,8.51,0.0,0.0,0.0
CN9,1M,4,8,3,0,0,0,0,0,0,649.52,479.10,109.79,0.0,0.0,0.0,12.76,0.0,0.0,0.0
CN9,1M,4,8,4,0,0,0,0,0,0,620.83,534.80,65.19,0.0,0.0,0.0,8.5,0.0,0.0,0.0
CN9,1M,4,8,5,0,0,0,0,0,0,600.43,521.08,65.19,0.0,0.0,0.0,8.5,0.0,0.0,0.0
CN9,1M,4,16,1,0,0,0,0,0,0,652.05,530.25,65.19,0.0,0.0,0.0,8.5,0.0,0.0,0.0
CN9,1M,4,16,2,0,0,0,0,0,0,636.90,552.19,97.78,0.0,0.0,0.0,12.76,0.0,0.0,0.0
CN9,1M,4,16,3,0,0,0,0,0,0,640.77,553.96,97.78,0.0,0.0,0.0,12.76,0.0,0.0,0.0
CN9,1M,4,16,4,0,0,0,0,0,0,670.90,587.40,97.78,0.0,0.0,0.0,12.76,0.0,0.0,0.0
CN9,1M,4,16,5,0,0,0,0,0,0,671.46,579.94,97.77,0.0,0.0,0.0,12.76,0.0,0.0,0.0
CN9,1M,8,1,1,0,0,0,0,0,0,1215.92,1072.61,72.51,0.0,0.0,0.0,8.5,0.0,0.0,0.0
CN9,1M,8,1,2,0,0,0,0,0,0,1161.13,1026.60,97.77,0.0,0.0,0.0,12.75,0.0,0.0,0.0
CN9,1M,8,1,3,0,0,0,0,0,0,1135.01,976.67,65.84,0.0,0.0,0.0,8.5,0.0,0.0,0.0
CN9,1M,8,1,4,0,0,0,0,0,0,1157.05,1010.40,97.76,0.0,0.0,0.0,12.75,0.0,0.0,0.0
CN9,1M,8,1,5,0,0,0,0,0,0,1001.45,860.61,65.17,0.0,0.0,0.0,8.5,0.0,0.0,0.0
CN9,1M,8,2,1,0,0,0,0,0,0,1198.33,1004.35,97.75,0.0,0.0,0.0,12.75,0.0,0.0,0.0
CN9,1M,8,2,2,0,0,0,0,0,0,1122.37,992.06,97.75,0.0,0.0,0.0,12.75,0.0,0.0,0.0
CN9,1M,8,2,3,0,0,0,0,0,0,1152.28,968.33,97.75,0.0,0.0,0.0,12.75,0.0,0.0,0.0
CN9,1M,8,2,4,0,0,0,0,0,0,1079.09,952.28,72.83,0.0,0.0,0.0,8.5,0.0,0.0,0.0
CN9,1M,8,2,5,0,0,0,0,0,0,1178.55,945.46,97.75,0.0,0.0,0.0,12.75,0.0,0.0,0.0
CN9,1M,8,4,1,0,0,0,0,0,0,1142.01,1006.25,97.75,0.0,0.0,0.0,12.75,0.0,0.0,0.0
CN9,1M,8,4,2,0,0,0,0,0,0,1146.06,955.99,98.24,0.0,0.0,0.0,12.75,0.0,0.0,0.0
CN9,1M,8,4,3,0,0,0,0,0,0,1190.04,1048.71,97.74,0.0,0.0,0.0,12.75,0.0,0.0,0.0
CN9,1M,8,4,4,0,0,0,0,0,0,1036.21,922.64,97.73,0.0,0.0,0.0,12.75,0.0,0.0,0.0
CN9,1M,8,4,5,0,0,0,0,0,0,1178.51,990.24,65.16,0.0,0.0,0.0,8.5,0.0,0.0,0.0
CN9,1M,8,8,1,0,0,0,0,0,0,1152.64,970.88,97.73,0.0,0.0,0.0,12.75,0.0,0.0,0.0
CN9,1M,8,8,2,0,0,0,0,0,0,1183.83,1044.01,111.73,0.0,0.0,0.0,12.75,0.0,0.0,0.0
CN9,1M,8,8,3,0,0,0,0,0,0,1166.22,982.16,97.72,0.0,0.0,0.0,12.75,0.0,0.0,0.0
CN9,1M,8,8,4,0,0,0,0,0,0,1191.56,1001.03,97.72,0.0,0.0,0.0,12.75,0.0,0.0,0.0
CN9,1M,8,8,5,0,0,0,0,0,0,1232.85,1027.73,97.72,0.0,0.0,0.0,12.75,0.0,0.0,0.0
CN9,1M,8,16,1,0,0,0,0,0,0,1018.07,907.12,97.72,0.0,0.0,0.0,12.75,0.0,0.0,0.0
CN9,1M,8,16,2,0,0,0,0,0,0,1062.35,882.48,65.14,0.0,0.0,0.0,8.5,0.0,0.0,0.0
CN9,1M,8,16,3,0,0,0,0,0,0,1187.26,997.90,97.72,0.0,0.0,0.0,12.75,0.0,0.0,0.0
CN9,1M,8,16,4,0,0,0,0,0,0,1159.09,974.17,99.71,0.0,0.0,0.0,12.75,0.0,0.0,0.0
CN9,1M,8,16,5,0,0,0,0,0,0,1143.72,940.30,111.21,0.0,0.0,0.0,12.75,0.0,0.0,0.0
CN9,1M,16,1,1,0,0,0,0,0,0,1498.43,1338.19,48.85,0.0,0.0,0.0,6.37,0.0,0.0,0.0
CN9,1M,16,1,2,0,0,0,0,0,0,1173.89,1098.63,58.85,0.0,0.0,0.0,7.62,0.0,0.0,0.0
CN9,1M,16,1,3,0,0,0,0,0,0,1306.97,1156.15,97.7,0.0,0.0,0.0,12.75,0.0,0.0,0.0
CN9,1M,16,1,4,0,0,0,0,0,0,1418.70,1265.04,97.7,0.0,0.0,0.0,12.75,0.0,0.0,0.0
CN9,1M,16,1,5,0,0,0,0,0,0,1003.50,951.70,113.19,0.0,0.0,0.0,14.27,0.0,0.0,0.0
CN9,1M,16,2,1,0,0,0,0,0,0,1533.71,1360.77,109.69,0.0,0.0,0.0,14.25,0.0,0.0,0.0
CN9,1M,16,2,2,0,0,0,0,0,0,1640.28,1491.27,65.13,0.0,0.0,0.0,8.5,0.0,0.0,0.0
CN9,1M,16,2,3,0,0,0,0,0,0,1481.04,1320.68,75.46,0.0,0.0,0.0,8.5,0.0,0.0,0.0
CN9,1M,16,2,4,0,0,0,0,0,0,1527.67,1346.30,70.46,0.0,0.0,0.0,9.16,0.0,0.0,0.0
CN9,1M,16,2,5,0,0,0,0,0,0,1497.70,1331.23,67.79,0.0,0.0,0.0,8.56,0.0,0.0,0.0
CN9,1M,16,4,1,0,0,0,0,0,0,742.95,712.81,65.12,0.0,0.0,0.0,8.5,0.0,0.0,0.0
CN9,1M,16,4,2,0,0,0,0,0,0,1485.66,1317.67,65.12,0.0,0.0,0.0,8.5,0.0,0.0,0.0
CN9,1M,16,4,3,0,0,0,0,0,0,1394.15,1292.27,97.67,0.0,0.0,0.0,12.74,0.0,0.0,0.0
CN9,1M,16,4,4,0,0,0,0,0,0,1443.36,1337.44,65.12,0.0,0.0,0.0,8.49,0.0,0.0,0.0
CN9,1M,16,4,5,0,0,0,0,0,0,934.20,850.15,65.11,0.0,0.0,0.0,8.49,0.0,0.0,0.0
CN9,1M,16,8,1,0,0,0,0,0,0,1447.56,1305.21,113.67,0.0,0.0,0.0,12.74,0.0,0.0,0.0
CN9,1M,16,8,2,0,0,0,0,0,0,1588.64,1452.10,70.44,0.0,0.0,0.0,9.16,0.0,0.0,0.0
CN9,1M,16,8,3,0,0,0,0,0,0,1429.25,1316.58,65.11,0.0,0.0,0.0,8.49,0.0,0.0,0.0
CN9,1M,16,8,4,0,0,0,0,0,0,1543.37,1416.90,65.11,0.0,0.0,0.0,8.49,0.0,0.0,0.0
CN9,1M,16,8,5,0,0,0,0,0,0,1385.34,1244.58,97.66,0.0,0.0,0.0,12.74,0.0,0.0,0.0
CN9,1M,16,16,1,0,0,0,0,0,0,946.11,884.21,65.1,0.0,0.0,0.0,8.49,0.0,0.0,0.0
CN9,1M,16,16,2,0,0,0,0,0,0,1219.52,1081.67,65.1,0.0,0.0,0.0,8.49,0.0,0.0,0.0
CN9,1M,16,16,3,0,0,0,0,0,0,755.57,706.36,65.1,0.0,0.0,0.0,8.49,0.0,0.0,0.0
CN9,1M,16,16,4,0,0,0,0,0,0,1426.06,1268.84,74.43,0.0,0.0,0.0,8.49,0.0,0.0,0.0
CN9,1M,16,16,5,0,0,0,0,0,0,1079.98,1002.94,103.76,0.0,0.0,0.0,12.69,0.0,0.0,0.0
CN9,2M,1,1,1,0,0,0,0,0,0,420.82,615.27,57.09,0.0,0.0,0.0,7.49,0.0,0.0,0.0
CN9,2M,1,1,2,0,0,0,0,0,0,418.89,597.48,57.09,0.0,0.0,0.0,7.49,0.0,0.0,0.0
CN9,2M,1,1,3,0,0,0,0,0,0,415.94,535.33,85.64,0.0,0.0,0.0,11.24,0.0,0.0,0.0
CN9,2M,1,1,4,0,0,0,0,0,0,412.62,603.63,85.64,0.0,0.0,0.0,11.24,0.0,0.0,0.0
CN9,2M,1,1,5,0,0,0,0,0,0,413.97,605.02,85.64,0.0,0.0,0.0,11.24,0.0,0.0,0.0
CN9,2M,1,2,1,0,0,0,0,0,0,415.07,614.37,57.09,0.0,0.0,0.0,7.49,0.0,0.0,0.0
CN9,2M,1,2,2,0,0,0,0,0,0,424.91,575.19,66.75,0.0,0.0,0.0,7.49,0.0,0.0,0.0
CN9,2M,1,2,3,0,0,0,0,0,0,414.87,601.03,85.63,0.0,0.0,0.0,11.24,0.0,0.0,0.0
CN9,2M,1,2,4,0,0,0,0,0,0,418.68,614.60,62.42,0.0,0.0,0.0,8.13,0.0,0.0,0.0
CN9,2M,1,2,5,0,0,0,0,0,0,436.77,636.71,86.12,0.0,0.0,0.0,11.24,0.0,0.0,0.0
CN9,2M,1,4,1,0,0,0,0,0,0,416.64,601.81,85.61,0.0,0.0,0.0,11.24,0.0,0.0,0.0
CN9,2M,1,4,2,0,0,0,0,0,0,435.27,577.41,57.08,0.0,0.0,0.0,7.49,0.0,0.0,0.0
CN9,2M,1,4,3,0,0,0,0,0,0,442.16,561.56,93.11,0.0,0.0,0.0,12.16,0.0,0.0,0.0
CN9,2M,1,4,4,0,0,0,0,0,0,416.39,553.81,57.07,0.0,0.0,0.0,7.49,0.0,0.0,0.0
CN9,2M,1,4,5,0,0,0,0,0,0,446.01,546.60,99.11,0.0,0.0,0.0,11.24,0.0,0.0,0.0
CN9,2M,1,8,1,0,0,0,0,0,0,419.72,612.17,85.61,0.0,0.0,0.0,11.23,0.0,0.0,0.0
CN9,2M,1,8,2,0,0,0,0,0,0,404.62,542.64,62.07,0.0,0.0,0.0,8.09,0.0,0.0,0.0
CN9,2M,1,8,3,0,0,0,0,0,0,410.08,576.42,85.6,0.0,0.0,0.0,11.23,0.0,0.0,0.0
CN9,2M,1,8,4,0,0,0,0,0,0,420.02,611.64,85.59,0.0,0.0,0.0,11.23,0.0,0.0,0.0
CN9,2M,1,8,5,0,0,0,0,0,0,418.76,610.26,85.59,0.0,0.0,0.0,11.23,0.0,0.0,0.0
CN9,2M,1,16,1,0,0,0,0,0,0,357.88,535.23,92.59,0.0,0.0,0.0,12.09,0.0,0.0,0.0
CN9,2M,1,16,2,0,0,0,0,0,0,198.36,312.75,63.06,0.0,0.0,0.0,8.22,0.0,0.0,0.0
CN9,2M,1,16,3,0,0,0,0,0,0,402.72,585.76,65.72,0.0,0.0,0.0,7.49,0.0,0.0,0.0
CN9,2M,1,16,4,0,0,0,0,0,0,408.44,603.67,57.06,0.0,0.0,0.0,7.49,0.0,0.0,0.0
CN9,2M,1,16,5,0,0,0,0,0,0,425.34,585.31,92.58,0.0,0.0,0.0,12.05,0.0,0.0,0.0
CN9,2M,2,1,1,0,0,0,0,0,0,191.35,352.09,110.58,0.0,0.0,0.0,14.23,0.0,0.0,0.0
CN9,2M,2,1,2,0,0,0,0,0,0,204.21,350.58,73.72,0.0,0.0,0.0,9.49,0.0,0.0,0.0
CN9,2M,2,1,3,0,0,0,0,0,0,202.61,357.33,109.58,0.0,0.0,0.0,14.23,0.0,0.0,0.0
CN9,2M,2,1,4,0,0,0,0,0,0,186.66,337.52,109.57,0.0,0.0,0.0,14.23,0.0,0.0,0.0
CN9,2M,2,1,5,0,0,0,0,0,0,205.55,370.29,110.07,0.0,0.0,0.0,14.23,0.0,0.0,0.0
CN9,2M,2,2,1,0,0,0,0,0,0,216.04,383.94,121.56,0.0,0.0,0.0,14.23,0.0,0.0,0.0
CN9,2M,2,2,2,0,0,0,0,0,0,204.44,373.57,73.04,0.0,0.0,0.0,9.49,0.0,0.0,0.0
CN9,2M,2,2,3,0,0,0,0,0,0,207.36,378.41,109.56,0.0,0.0,0.0,14.23,0.0,0.0,0.0
CN9,2M,2,2,4,0,0,0,0,0,0,196.13,348.44,73.37,0.0,0.0,0.0,9.48,0.0,0.0,0.0
CN9,2M,2,2,5,0,0,0,0,0,0,189.30,348.37,74.7,0.0,0.0,0.0,9.5,0.0,0.0,0.0
CN9,2M,2,4,1,0,0,0,0,0,0,205.19,358.89,109.56,0.0,0.0,0.0,14.23,0.0,0.0,0.0
CN9,2M,2,4,2,0,0,0,0,0,0,203.27,371.10,109.55,0.0,0.0,0.0,14.23,0.0,0.0,0.0
CN9,2M,2,4,3,0,0,0,0,0,0,203.04,355.42,73.03,0.0,0.0,0.0,9.48,0.0,0.0,0.0
CN9,2M,2,4,4,0,0,0,0,0,0,211.02,366.86,124.05,0.0,0.0,0.0,14.23,0.0,0.0,0.0
CN9,2M,2,4,5,0,0,0,0,0,0,202.75,345.71,109.55,0.0,0.0,0.0,14.23,0.0,0.0,0.0
CN9,2M,2,8,1,0,0,0,0,0,0,194.97,347.05,109.54,0.0,0.0,0.0,14.23,0.0,0.0,0.0
CN9,2M,2,8,2,0,0,0,0,0,0,199.53,364.65,73.36,0.0,0.0,0.0,9.48,0.0,0.0,0.0
CN9,2M,2,8,3,0,0,0,0,0,0,209.89,377.39,110.03,0.0,0.0,0.0,14.22,0.0,0.0,0.0
CN9,2M,2,8,4,0,0,0,0,0,0,208.41,380.31,110.03,0.0,0.0,0.0,14.22,0.0,0.0,0.0
CN9,2M,2,8,5,0,0,0,0,0,0,180.35,319.66,110.53,0.0,0.0,0.0,14.22,0.0,0.0,0.0
CN9,2M,2,16,1,0,0,0,0,0,0,206.41,378.47,73.35,0.0,0.0,0.0,9.48,0.0,0.0,0.0
CN9,2M,2,16,2,0,0,0,0,0,0,197.71,363.07,80.68,0.0,0.0,0.0,9.48,0.0,0.0,0.0
CN9,2M,2,16,3,0,0,0,0,0,0,210.62,383.69,109.53,0.0,0.0,0.0,14.22,0.0,0.0,0.0
CN9,2M,2,16,4,0,0,0,0,0,0,206.59,380.01,74.01,0.0,0.0,0.0,9.48,0.0,0.0,0.0
CN9,2M,2,16,5,0,0,0,0,0,0,200.90,365.68,111.52,0.0,0.0,0.0,14.25,0.0,0.0,0.0
CN9,2M,4,1,1,0,0,0,0,0,0,383.38,706.19,109.52,0.0,0.0,0.0,14.22,0.0,0.0,0.0
CN9,2M,4,1,2,0,0,0,0,0,0,349.96,648.08,73.01,0.0,0.0,0.0,9.48,0.0,0.0,0.0
CN9,2M,4,1,3,0,0,0,0,0,0,386.81,680.71,110.01,0.0,0.0,0.0,14.22,0.0,0.0,0.0
CN9,2M,4,1,4,0,0,0,0,0,0,397.71,701.48,73.34,0.0,0.0,0.0,9.48,0.0,0.0,0.0
CN9,2M,4,1,5,0,0,0,0,0,0,372.59,664.33,79.34,0.0,0.0,0.0,9.48,0.0,0.0,0.0
CN9,2M,4,2,1,0,0,0,0,0,0,396.43,677.84,73.0,0.0,0.0,0.0,9.48,0.0,0.0,0.0
CN9,2M,4,2,2,0,0,0,0,0,0,369.76,679.46,73.33,0.0,0.0,0.0,9.48,0.0,0.0,0.0
CN9,2M,4,2,3,0,0,0,0,0,0,344.66,615.17,110.0,0.0,0.0,0.0,14.22,0.0,0.0,0.0
CN9,2M,4,2,4,0,0,0,0,0,0,379.54,675.83,109.5,0.0,0.0,0.0,14.22,0.0,0.0,0.0
CN9,2M,4,2,5,0,0,0,0,0,0,365.06,672.61,112.5,0.0,0.0,0.0,14.24,0.0,0.0,0.0
CN9,2M,4,4,1,0,0,0,0,0,0,375.90,696.63,72.99,0.0,0.0,0.0,9.48,0.0,0.0,0.0
CN9,2M,4,4,2,0,0,0,0,0,0,372.28,690.53,73.33,0.0,0.0,0.0,9.48,0.0,0.0,0.0
CN9,2M,4,4,3,0,0,0,0,0,0,378.17,653.56,80.32,0.0,0.0,0.0,9.48,0.0,0.0,0.0
CN9,2M,4,4,4,0,0,0,0,0,0,409.93,752.22,109.48,0.0,0.0,0.0,14.22,0.0,0.0,0.0
CN9,2M,4,4,5,0,0,0,0,0,0,371.79,663.96,109.48,0.0,0.0,0.0,14.22,0.0,0.0,0.0
CN9,2M,4,8,1,0,0,0,0,0,0,399.02,701.26,72.99,0.0,0.0,0.0,9.48,0.0,0.0,0.0
CN9,2M,4,8,2,0,0,0,0,0,0,375.46,690.04,72.98,0.0,0.0,0.0,9.48,0.0,0.0,0.0
CN9,2M,4,8,3,0,0,0,0,0,0,371.78,666.20,109.47,0.0,0.0,0.0,14.22,0.0,0.0,0.0
CN9,2M,4,8,4,0,0,0,0,0,0,385.13,679.76,109.47,0.0,0.0,0.0,14.22,0.0,0.0,0.0
CN9,2M,4,8,5,0,0,0,0,0,0,341.47,630.38,109.47,0.0,0.0,0.0,14.22,0.0,0.0,0.0
CN9,2M,4,16,1,0,0,0,0,0,0,393.65,689.43,120.97,0.0,0.0,0.0,14.22,0.0,0.0,0.0
CN9,2M,4,16,2,0,0,0,0,0,0,381.42,704.35,109.47,0.0,0.0,0.0,14.21,0.0,0.0,0.0
CN9,2M,4,16,3,0,0,0,0,0,0,338.15,588.36,72.97,0.0,0.0,0.0,9.48,0.0,0.0,0.0
CN9,2M,4,16,4,0,0,0,0,0,0,396.01,697.89,72.97,0.0,0.0,0.0,9.48,0.0,0.0,0.0
CN9,2M,4,16,5,0,0,0,0,0,0,378.43,693.32,109.45,0.0,0.0,0.0,14.21,0.0,0.0,0.0
CN9,2M,8,1,1,0,0,0,0,0,0,648.60,1161.33,72.97,0.0,0.0,0.0,9.48,0.0,0.0,0.0
CN9,2M,8,1,2,0,0,0,0,0,0,669.42,1236.00,72.97,0.0,0.0,0.0,9.48,0.0,0.0,0.0
CN9,2M,8,1,3,0,0,0,0,0,0,654.25,1215.78,73.3,0.0,0.0,0.0,9.48,0.0,0.0,0.0
CN9,2M,8,1,4,0,0,0,0,0,0,598.09,1089.78,79.96,0.0,0.0,0.0,9.48,0.0,0.0,0.0
CN9,2M,8,1,5,0,0,0,0,0,0,598.61,1096.39,72.96,0.0,0.0,0.0,9.47,0.0,0.0,0.0
CN9,2M,8,2,1,0,0,0,0,0,0,539.31,996.51,109.44,0.0,0.0,0.0,14.21,0.0,0.0,0.0
CN9,2M,8,2,2,0,0,0,0,0,0,693.00,1235.05,72.96,0.0,0.0,0.0,9.47,0.0,0.0,0.0
CN9,2M,8,2,3,0,0,0,0,0,0,582.15,1087.72,72.96,0.0,0.0,0.0,9.47,0.0,0.0,0.0
CN9,2M,8,2,4,0,0,0,0,0,0,601.12,1128.73,72.96,0.0,0.0,0.0,9.47,0.0,0.0,0.0
CN9,2M,8,2,5,0,0,0,0,0,0,653.25,1219.03,109.43,0.0,0.0,0.0,14.21,0.0,0.0,0.0
CN9,2M,8,4,1,0,0,0,0,0,0,684.78,1223.83,72.95,0.0,0.0,0.0,9.47,0.0,0.0,0.0
CN9,2M,8,4,2,0,0,0,0,0,0,610.31,1134.61,80.62,0.0,0.0,0.0,9.47,0.0,0.0,0.0
CN9,2M,8,4,3,0,0,0,0,0,0,595.04,1097.29,73.28,0.0,0.0,0.0,9.47,0.0,0.0,0.0
CN9,2M,8,4,4,0,0,0,0,0,0,420.48,783.78,177.92,0.0,0.0,0.0,22.15,0.0,0.0,0.0
CN9,2M,8,4,5,0,0,0,0,0,0,613.71,1108.49,109.92,0.0,0.0,0.0,14.21,0.0,0.0,0.0
CN9,2M,8,8,1,0,0,0,0,0,0,623.26,1126.01,73.28,0.0,0.0,0.0,9.47,0.0,0.0,0.0
CN9,2M,8,8,2,0,0,0,0,0,0,641.48,1145.81,74.61,0.0,0.0,0.0,9.47,0.0,0.0,0.0
CN9,2M,8,8,3,0,0,0,0,0,0,646.38,1200.28,112.41,0.0,0.0,0.0,14.21,0.0,0.0,0.0
CN9,2M,8,8,4,0,0,0,0,0,0,583.60,1067.12,166.41,0.0,0.0,0.0,21.19,0.0,0.0,0.0
CN9,2M,8,8,5,0,0,0,0,0,0,621.42,1128.68,121.91,0.0,0.0,0.0,14.21,0.0,0.0,0.0
CN9,2M,8,16,1,0,0,0,0,0,0,585.75,1072.81,110.91,0.0,0.0,0.0,14.21,0.0,0.0,0.0
CN9,2M,8,16,2,0,0,0,0,0,0,669.59,1236.85,73.6,0.0,0.0,0.0,9.47,0.0,0.0,0.0
CN9,2M,8,16,3,0,0,0,0,0,0,591.98,1076.91,166.4,0.0,0.0,0.0,20.99,0.0,0.0,0.0
CN9,2M,8,16,4,0,0,0,0,0,0,655.41,1183.58,110.4,0.0,0.0,0.0,14.21,0.0,0.0,0.0
CN9,2M,8,16,5,0,0,0,0,0,0,604.79,1090.03,110.39,0.0,0.0,0.0,14.21,0.0,0.0,0.0
CN9,2M,16,1,1,0,0,0,0,0,0,565.12,1083.96,209.93,0.0,0.0,0.0,25.68,0.0,0.0,0.0
CN9,2M,16,1,2,0,0,0,0,0,0,564.15,1071.98,114.93,0.0,0.0,0.0,14.59,0.0,0.0,0.0
CN9,2M,16,1,3,0,0,0,0,0,0,737.48,1393.27,349.89,0.0,0.0,0.0,40.5,0.0,0.0,0.0
CN9,2M,16,1,4,0,0,0,0,0,0,623.84,1182.95,202.59,0.0,0.0,0.0,24.95,0.0,0.0,0.0
CN9,2M,16,1,5,0,0,0,0,0,0,669.50,1264.58,113.26,0.0,0.0,0.0,13.95,0.0,0.0,0.0
CN9,2M,16,2,1,0,0,0,0,0,0,605.38,1158.88,156.69,0.0,0.0,0.0,19.2,0.0,0.0,0.0
CN9,2M,16,2,2,0,0,0,0,0,0,723.56,1369.22,120.25,0.0,0.0,0.0,15.21,0.0,0.0,0.0
CN9,2M,16,2,3,0,0,0,0,0,0,569.15,1097.80,222.38,0.0,0.0,0.0,27.19,0.0,0.0,0.0
CN9,2M,16,2,4,0,0,0,0,0,0,590.48,1134.49,196.58,0.0,0.0,0.0,23.69,0.0,0.0,0.0
CN9,2M,16,2,5,0,0,0,0,0,0,732.10,1402.13,197.58,0.0,0.0,0.0,24.21,0.0,0.0,0.0
CN9,2M,16,4,1,0,0,0,0,0,0,604.95,1159.49,198.91,0.0,0.0,0.0,23.33,0.0,0.0,0.0
CN9,2M,16,4,2,0,0,0,0,0,0,599.61,1141.36,207.58,0.0,0.0,0.0,25.14,0.0,0.0,0.0
CN9,2M,16,4,3,0,0,0,0,0,0,482.68,927.08,108.91,0.0,0.0,0.0,13.66,0.0,0.0,0.0
CN9,2M,16,4,4,0,0,0,0,0,0,625.51,1205.78,171.24,0.0,0.0,0.0,21.12,0.0,0.0,0.0
CN9,2M,16,4,5,0,0,0,0,0,0,641.15,1233.83,97.57,0.0,0.0,0.0,12.24,0.0,0.0,0.0
CN9,2M,16,8,1,0,0,0,0,0,0,599.96,1157.81,176.91,0.0,0.0,0.0,21.21,0.0,0.0,0.0
CN9,2M,16,8,2,0,0,0,0,0,0,438.46,852.16,152.57,0.0,0.0,0.0,18.58,0.0,0.0,0.0
CN9,2M,16,8,3,0,0,0,0,0,0,494.85,960.63,272.36,0.0,0.0,0.0,32.82,0.0,0.0,0.0
CN9,2M,16,8,4,0,0,0,0,0,0,590.74,1125.86,5.7,0.0,0.0,0.0,0.62,0.0,0.0,0.0
CN9,2M,16,8,5,0,0,0,0,0,0,555.36,1061.02,195.89,0.0,0.0,0.0,23.45,0.0,0.0,0.0
CN9,2M,16,16,1,0,0,0,0,0,0,800.69,1532.71,212.56,0.0,0.0,0.0,26.13,0.0,0.0,0.0
CN9,2M,16,16,2,0,0,0,0,0,0,630.59,1202.59,109.22,0.0,0.0,0.0,13.69,0.0,0.0,0.0
CN9,2M,16,16,3,0,0,0,0,0,0,593.21,1130.30,216.89,0.0,0.0,0.0,26.09,0.0,0.0,0.0
CN9,2M,16,16,4,0,0,0,0,0,0,751.36,1439.12,166.22,0.0,0.0,0.0,20.86,0.0,0.0,0.0
CN9,2M,16,16,5,0,0,0,0,0,0,607.93,1156.21,125.55,0.0,0.0,0.0,15.5,0.0,0.0,0.0
CN9,4M,1,1,1,0,0,0,0,0,0,240.50,792.65,88.88,0.0,0.0,0.0,11.46,0.0,0.0,0.0
CN9,4M,1,1,2,0,0,0,0,0,0,226.65,712.38,148.82,0.0,0.0,0.0,17.2,0.0,0.0,0.0
CN9,4M,1,1,3,0,0,0,0,0,0,209.52,699.81,133.32,0.0,0.0,0.0,17.2,0.0,0.0,0.0
CN9,4M,1,1,4,0,0,0,0,0,0,218.58,729.35,88.88,0.0,0.0,0.0,11.46,0.0,0.0,0.0
CN9,4M,1,1,5,0,0,0,0,0,0,237.01,748.15,90.21,0.0,0.0,0.0,11.48,0.0,0.0,0.0
CN9,4M,1,2,1,0,0,0,0,0,0,231.31,772.93,133.31,0.0,0.0,0.0,17.19,0.0,0.0,0.0
CN9,4M,1,2,2,0,0,0,0,0,0,207.91,663.87,133.31,0.0,0.0,0.0,17.19,0.0,0.0,0.0
CN9,4M,1,2,3,0,0,0,0,0,0,227.43,756.62,89.2,0.0,0.0,0.0,11.46,0.0,0.0,0.0
CN9,4M,1,2,4,0,0,0,0,0,0,213.96,716.30,133.31,0.0,0.0,0.0,17.19,0.0,0.0,0.0
CN9,4M,1,2,5,0,0,0,0,0,0,217.30,725.12,147.81,0.0,0.0,0.0,17.19,0.0,0.0,0.0
CN9,4M,1,4,1,0,0,0,0,0,0,229.13,757.74,88.87,0.0,0.0,0.0,11.46,0.0,0.0,0.0
CN9,4M,1,4,2,0,0,0,0,0,0,259.84,781.83,88.86,0.0,0.0,0.0,11.46,0.0,0.0,0.0
CN9,4M,1,4,3,0,0,0,0,0,0,229.00,716.30,133.3,0.0,0.0,0.0,17.19,0.0,0.0,0.0
CN9,4M,1,4,4,0,0,0,0,0,0,228.08,725.88,89.2,0.0,0.0,0.0,11.46,0.0,0.0,0.0
CN9,4M,1,4,5,0,0,0,0,0,0,207.36,669.99,133.29,0.0,0.0,0.0,17.19,0.0,0.0,0.0
CN9,4M,1,8,1,0,0,0,0,0,0,229.47,717.56,88.86,0.0,0.0,0.0,11.46,0.0,0.0,0.0
CN9,4M,1,8,2,0,0,0,0,0,0,211.24,655.08,88.86,0.0,0.0,0.0,11.46,0.0,0.0,0.0
CN9,4M,1,8,3,0,0,0,0,0,0,217.21,667.99,98.19,0.0,0.0,0.0,11.46,0.0,0.0,0.0
CN9,4M,1,8,4,0,0,0,0,0,0,276.27,807.68,133.28,0.0,0.0,0.0,17.19,0.0,0.0,0.0
CN9,4M,1,8,5,0,0,0,0,0,0,227.12,755.53,88.85,0.0,0.0,0.0,11.46,0.0,0.0,0.0
CN9,4M,1,16,1,0,0,0,0,0,0,232.23,773.46,88.85,0.0,0.0,0.0,11.46,0.0,0.0,0.0
CN9,4M,1,16,2,0,0,0,0,0,0,228.46,691.10,88.85,0.0,0.0,0.0,11.46,0.0,0.0,0.0
CN9,4M,1,16,3,0,0,0,0,0,0,211.35,681.75,133.27,0.0,0.0,0.0,17.19,0.0,0.0,0.0
CN9,4M,1,16,4,0,0,0,0,0,0,223.36,752.88,133.27,0.0,0.0,0.0,17.19,0.0,0.0,0.0
CN9,4M,1,16,5,0,0,0,0,0,0,229.57,757.50,135.26,0.0,0.0,0.0,17.21,0.0,0.0,0.0
CN9,4M,2,1,1,0,0,0,0,0,0,112.46,428.27,194.26,0.0,0.0,0.0,23.19,0.0,0.0,0.0
CN9,4M,2,1,2,0,0,0,0,0,0,109.86,417.92,120.84,0.0,0.0,0.0,15.46,0.0,0.0,0.0
CN9,4M,2,1,3,0,0,0,0,0,0,97.97,375.49,181.26,0.0,0.0,0.0,23.19,0.0,0.0,0.0
CN9,4M,2,1,4,0,0,0,0,0,0,110.17,399.53,181.25,0.0,0.0,0.0,23.19,0.0,0.0,0.0
CN9,4M,2,1,5,0,0,0,0,0,0,97.34,362.78,181.25,0.0,0.0,0.0,23.19,0.0,0.0,0.0
CN9,4M,2,2,1,0,0,0,0,0,0,114.03,433.20,181.25,0.0,0.0,0.0,23.19,0.0,0.0,0.0
CN9,4M,2,2,2,0,0,0,0,0,0,111.34,413.66,181.25,0.0,0.0,0.0,23.19,0.0,0.0,0.0
CN9,4M,2,2,3,0,0,0,0,0,0,117.34,445.16,181.25,0.0,0.0,0.0,23.19,0.0,0.0,0.0
CN9,4M,2,2,4,0,0,0,0,0,0,105.90,401.15,129.16,0.0,0.0,0.0,15.46,0.0,0.0,0.0
CN9,4M,2,2,5,0,0,0,0,0,0,98.56,376.12,181.25,0.0,0.0,0.0,23.19,0.0,0.0,0.0
CN9,4M,2,4,1,0,0,0,0,0,0,101.53,380.44,181.24,0.0,0.0,0.0,23.19,0.0,0.0,0.0
CN9,4M,2,4,2,0,0,0,0,0,0,109.82,410.35,120.82,0.0,0.0,0.0,15.46,0.0,0.0,0.0
CN9,4M,2,4,3,0,0,0,0,0,0,113.86,431.89,120.82,0.0,0.0,0.0,15.46,0.0,0.0,0.0
CN9,4M,2,4,4,0,0,0,0,0,0,118.13,448.35,181.24,0.0,0.0,0.0,23.18,0.0,0.0,0.0
CN9,4M,2,4,5,0,0,0,0,0,0,98.94,378.44,183.73,0.0,0.0,0.0,23.21,0.0,0.0,0.0
CN9,4M,2,8,1,0,0,0,0,0,0,111.60,425.31,181.23,0.0,0.0,0.0,23.18,0.0,0.0,0.0
CN9,4M,2,8,2,0,0,0,0,0,0,106.57,399.71,192.72,0.0,0.0,0.0,23.18,0.0,0.0,0.0
CN9,4M,2,8,3,0,0,0,0,0,0,101.21,367.04,120.82,0.0,0.0,0.0,15.46,0.0,0.0,0.0
CN9,4M,2,8,4,0,0,0,0,0,0,104.91,384.17,181.22,0.0,0.0,0.0,23.18,0.0,0.0,0.0
CN9,4M,2,8,5,0,0,0,0,0,0,108.75,397.28,181.22,0.0,0.0,0.0,23.18,0.0,0.0,0.0
CN9,4M,2,16,1,0,0,0,0,0,0,119.06,451.86,181.22,0.0,0.0,0.0,23.18,0.0,0.0,0.0
CN9,4M,2,16,2,0,0,0,0,0,0,106.22,397.21,120.81,0.0,0.0,0.0,15.45,0.0,0.0,0.0
CN9,4M,2,16,3,0,0,0,0,0,0,107.29,403.41,181.21,0.0,0.0,0.0,23.18,0.0,0.0,0.0
CN9,4M,2,16,4,0,0,0,0,0,0,109.23,416.32,121.14,0.0,0.0,0.0,15.45,0.0,0.0,0.0
CN9,4M,2,16,5,0,0,0,0,0,0,113.74,421.47,196.71,0.0,0.0,0.0,23.18,0.0,0.0,0.0
CN9,4M,4,1,1,0,0,0,0,0,0,209.79,798.30,153.14,0.0,0.0,0.0,19.45,0.0,0.0,0.0
CN9,4M,4,1,2,0,0,0,0,0,0,208.92,797.50,213.2,0.0,0.0,0.0,27.18,0.0,0.0,0.0
CN9,4M,4,1,3,0,0,0,0,0,0,184.44,706.87,229.2,0.0,0.0,0.0,29.18,0.0,0.0,0.0
CN9,4M,4,1,4,0,0,0,0,0,0,199.32,760.65,229.2,0.0,0.0,0.0,29.18,0.0,0.0,0.0
CN9,4M,4,1,5,0,0,0,0,0,0,189.36,723.36,213.19,0.0,0.0,0.0,27.18,0.0,0.0,0.0
CN9,4M,4,2,1,0,0,0,0,0,0,201.43,769.33,152.8,0.0,0.0,0.0,19.45,0.0,0.0,0.0
CN9,4M,4,2,2,0,0,0,0,0,0,177.94,684.31,152.79,0.0,0.0,0.0,19.45,0.0,0.0,0.0
CN9,4M,4,2,3,0,0,0,0,0,0,210.60,802.05,241.69,0.0,0.0,0.0,29.18,0.0,0.0,0.0
CN9,4M,4,2,4,0,0,0,0,0,0,175.51,662.65,152.79,0.0,0.0,0.0,19.45,0.0,0.0,0.0
CN9,4M,4,2,5,0,0,0,0,0,0,199.06,729.83,156.12,0.0,0.0,0.0,19.52,0.0,0.0,0.0
CN9,4M,4,4,1,0,0,0,0,0,0,185.83,712.73,152.79,0.0,0.0,0.0,19.45,0.0,0.0,0.0
CN9,4M,4,4,2,0,0,0,0,0,0,203.85,777.10,229.18,0.0,0.0,0.0,29.18,0.0,0.0,0.0
CN9,4M,4,4,3,0,0,0,0,0,0,182.86,673.16,229.18,0.0,0.0,0.0,29.18,0.0,0.0,0.0
CN9,4M,4,4,4,0,0,0,0,0,0,185.15,710.23,229.18,0.0,0.0,0.0,29.18,0.0,0.0,0.0
CN9,4M,4,4,5,0,0,0,0,0,0,200.96,749.02,229.68,0.0,0.0,0.0,29.18,0.0,0.0,0.0
CN9,4M,4,8,1,0,0,0,0,0,0,205.12,764.27,242.67,0.0,0.0,0.0,29.18,0.0,0.0,0.0
CN9,4M,4,8,2,0,0,0,0,0,0,200.74,768.23,229.17,0.0,0.0,0.0,29.18,0.0,0.0,0.0
CN9,4M,4,8,3,0,0,0,0,0,0,194.22,713.26,227.74,0.0,0.0,0.0,29.0,0.0,0.0,0.0
CN9,4M,4,8,4,0,0,0,0,0,0,197.52,742.01,229.17,0.0,0.0,0.0,29.18,0.0,0.0,0.0
CN9,4M,4,8,5,0,0,0,0,0,0,190.34,696.47,229.17,0.0,0.0,0.0,29.18,0.0,0.0,0.0
CN9,4M,4,16,1,0,0,0,0,0,0,192.96,714.68,213.16,0.0,0.0,0.0,27.17,0.0,0.0,0.0
CN9,4M,4,16,2,0,0,0,0,0,0,189.67,727.39,152.77,0.0,0.0,0.0,19.45,0.0,0.0,0.0
CN9,4M,4,16,3,0,0,0,0,0,0,188.67,721.93,229.16,0.0,0.0,0.0,29.17,0.0,0.0,0.0
CN9,4M,4,16,4,0,0,0,0,0,0,201.53,771.94,244.16,0.0,0.0,0.0,29.17,0.0,0.0,0.0
CN9,4M,4,16,5,0,0,0,0,0,0,208.71,780.91,229.15,0.0,0.0,0.0,29.17,0.0,0.0,0.0
CN9,4M,8,1,1,0,0,0,0,0,0,315.37,1198.24,163.43,0.0,0.0,0.0,20.78,0.0,0.0,0.0
CN9,4M,8,1,2,0,0,0,0,0,0,326.11,1238.57,206.1,0.0,0.0,0.0,26.12,0.0,0.0,0.0
CN9,4M,8,1,3,0,0,0,0,0,0,307.77,1168.97,261.14,0.0,0.0,0.0,33.17,0.0,0.0,0.0
CN9,4M,8,1,4,0,0,0,0,0,0,355.21,1358.81,174.1,0.0,0.0,0.0,22.11,0.0,0.0,0.0
CN9,4M,8,1,5,0,0,0,0,0,0,297.84,1127.46,277.14,0.0,0.0,0.0,35.17,0.0,0.0,0.0
CN9,4M,8,2,1,0,0,0,0,0,0,325.73,1254.32,229.13,0.0,0.0,0.0,29.17,0.0,0.0,0.0
CN9,4M,8,2,2,0,0,0,0,0,0,326.89,1239.51,276.13,0.0,0.0,0.0,33.17,0.0,0.0,0.0
CN9,4M,8,2,3,0,0,0,0,0,0,355.27,1365.54,229.13,0.0,0.0,0.0,29.17,0.0,0.0,0.0
CN9,4M,8,2,4,0,0,0,0,0,0,343.40,1320.74,195.75,0.0,0.0,0.0,24.78,0.0,0.0,0.0
CN9,4M,8,2,5,0,0,0,0,0,0,284.93,1080.76,152.75,0.0,0.0,0.0,19.45,0.0,0.0,0.0
CN9,4M,8,4,1,0,0,0,0,0,0,284.16,1097.52,163.42,0.0,0.0,0.0,20.78,0.0,0.0,0.0
CN9,4M,8,4,2,0,0,0,0,0,0,245.27,936.66,216.75,0.0,0.0,0.0,27.45,0.0,0.0,0.0
CN9,4M,8,4,3,0,0,0,0,0,0,360.06,1352.96,229.12,0.0,0.0,0.0,29.17,0.0,0.0,0.0
CN9,4M,8,4,4,0,0,0,0,0,0,289.28,1083.31,245.12,0.0,0.0,0.0,31.17,0.0,0.0,0.0
CN9,4M,8,4,5,0,0,0,0,0,0,278.95,1078.37,274.62,0.0,0.0,0.0,33.17,0.0,0.0,0.0
CN9,4M,8,8,1,0,0,0,0,0,0,297.44,1148.67,206.08,0.0,0.0,0.0,26.11,0.0,0.0,0.0
CN9,4M,8,8,2,0,0,0,0,0,0,309.22,1168.51,261.62,0.0,0.0,0.0,33.17,0.0,0.0,0.0
CN9,4M,8,8,3,0,0,0,0,0,0,309.43,1195.31,184.74,0.0,0.0,0.0,23.45,0.0,0.0,0.0
CN9,4M,8,8,4,0,0,0,0,0,0,369.27,1416.29,277.11,0.0,0.0,0.0,35.17,0.0,0.0,0.0
CN9,4M,8,8,5,0,0,0,0,0,0,324.61,1234.79,232.61,0.0,0.0,0.0,29.19,0.0,0.0,0.0
CN9,4M,8,16,1,0,0,0,0,0,0,368.08,1408.83,229.11,0.0,0.0,0.0,29.17,0.0,0.0,0.0
CN9,4M,8,16,2,0,0,0,0,0,0,325.78,1233.78,153.07,0.0,0.0,0.0,19.44,0.0,0.0,0.0
CN9,4M,8,16,3,0,0,0,0,0,0,348.37,1315.14,215.4,0.0,0.0,0.0,26.11,0.0,0.0,0.0
CN9,4M,8,16,4,0,0,0,0,0,0,316.94,1197.32,245.1,0.0,0.0,0.0,31.17,0.0,0.0,0.0
CN9,4M,8,16,5,0,0,0,0,0,0,334.32,1284.95,266.1,0.0,0.0,0.0,33.26,0.0,0.0,0.0
CN9,4M,16,1,1,0,0,0,0,0,0,328.02,1270.80,398.06,0.0,0.0,0.0,50.11,0.0,0.0,0.0
CN9,4M,16,1,2,0,0,0,0,0,0,396.69,1535.29,291.39,0.0,0.0,0.0,36.78,0.0,0.0,0.0
CN9,4M,16,1,3,0,0,0,0,0,0,383.53,1497.02,408.73,0.0,0.0,0.0,51.44,0.0,0.0,0.0
CN9,4M,16,1,4,0,0,0,0,0,0,401.00,1565.94,171.3,0.0,0.0,0.0,21.58,0.0,0.0,0.0
CN9,4M,16,1,5,0,0,0,0,0,0,426.64,1647.56,227.39,0.0,0.0,0.0,28.78,0.0,0.0,0.0
CN9,4M,16,2,1,0,0,0,0,0,0,404.22,1561.42,355.06,0.0,0.0,0.0,43.03,0.0,0.0,0.0
CN9,4M,16,2,2,0,0,0,0,0,0,389.29,1519.44,334.39,0.0,0.0,0.0,42.11,0.0,0.0,0.0
CN9,4M,16,2,3,0,0,0,0,0,0,437.99,1706.23,313.05,0.0,0.0,0.0,39.44,0.0,0.0,0.0
CN9,4M,16,2,4,0,0,0,0,0,0,366.87,1429.41,178.79,0.0,0.0,0.0,22.58,0.0,0.0,0.0
CN9,4M,16,2,5,0,0,0,0,0,0,381.43,1478.26,249.05,0.0,0.0,0.0,31.44,0.0,0.0,0.0
CN9,4M,16,4,1,0,0,0,0,0,0,433.42,1607.93,238.38,0.0,0.0,0.0,30.11,0.0,0.0,0.0
CN9,4M,16,4,2,0,0,0,0,0,0,381.30,1477.88,324.05,0.0,0.0,0.0,40.78,0.0,0.0,0.0
CN9,4M,16,4,3,0,0,0,0,0,0,419.50,1637.18,250.38,0.0,0.0,0.0,31.44,0.0,0.0,0.0
CN9,4M,16,4,4,0,0,0,0,0,0,434.38,1692.79,279.38,0.0,0.0,0.0,33.65,0.0,0.0,0.0
CN9,4M,16,4,5,0,0,0,0,0,0,410.62,1585.88,184.71,0.0,0.0,0.0,23.44,0.0,0.0,0.0
CN9,4M,16,8,1,0,0,0,0,0,0,393.25,1524.87,222.03,0.0,0.0,0.0,27.58,0.0,0.0,0.0
CN9,4M,16,8,2,0,0,0,0,0,0,433.59,1687.01,325.56,0.0,0.0,0.0,41.16,0.0,0.0,0.0
CN9,4M,16,8,3,0,0,0,0,0,0,383.16,1484.98,281.04,0.0,0.0,0.0,35.44,0.0,0.0,0.0
CN9,4M,16,8,4,0,0,0,0,0,0,297.81,1164.20,279.28,0.0,0.0,0.0,35.1,0.0,0.0,0.0
CN9,4M,16,8,5,0,0,0,0,0,0,389.75,1510.56,249.04,0.0,0.0,0.0,31.44,0.0,0.0,0.0
CN9,4M,16,16,1,0,0,0,0,0,0,394.70,1540.99,217.04,0.0,0.0,0.0,27.44,0.0,0.0,0.0
CN9,4M,16,16,2,0,0,0,0,0,0,435.40,1677.34,283.04,0.0,0.0,0.0,34.11,0.0,0.0,0.0
CN9,4M,16,16,3,0,0,0,0,0,0,366.17,1422.19,221.7,0.0,0.0,0.0,27.91,0.0,0.0,0.0
CN9,4M,16,16,4,0,0,0,0,0,0,340.52,1320.89,261.03,0.0,0.0,0.0,32.77,0.0,0.0,0.0
CN9,4M,16,16,5,0,0,0,0,0,0,363.05,1421.28,383.36,0.0,0.0,0.0,48.19,0.0,0.0,0.0
CN9,8M,1,1,1,0,0,0,0,0,0,77.77,581.13,181.05,0.0,0.0,0.0,23.16,0.0,0.0,0.0
CN9,8M,1,1,2,0,0,0,0,0,0,112.64,784.06,181.04,0.0,0.0,0.0,23.16,0.0,0.0,0.0
CN9,8M,1,1,3,0,0,0,0,0,0,127.09,862.27,181.04,0.0,0.0,0.0,23.16,0.0,0.0,0.0
CN9,8M,1,1,4,0,0,0,0,0,0,126.72,910.42,181.04,0.0,0.0,0.0,23.16,0.0,0.0,0.0
CN9,8M,1,1,5,0,0,0,0,0,0,117.72,817.42,196.53,0.0,0.0,0.0,23.16,0.0,0.0,0.0
CN9,8M,1,2,1,0,0,0,0,0,0,123.65,846.29,120.69,0.0,0.0,0.0,15.44,0.0,0.0,0.0
CN9,8M,1,2,2,0,0,0,0,0,0,111.34,789.20,181.03,0.0,0.0,0.0,23.16,0.0,0.0,0.0
CN9,8M,1,2,3,0,0,0,0,0,0,118.08,851.27,181.03,0.0,0.0,0.0,23.16,0.0,0.0,0.0
CN9,8M,1,2,4,0,0,0,0,0,0,120.29,832.62,121.35,0.0,0.0,0.0,15.44,0.0,0.0,0.0
CN9,8M,1,2,5,0,0,0,0,0,0,122.30,868.41,181.03,0.0,0.0,0.0,23.16,0.0,0.0,0.0
CN9,8M,1,4,1,0,0,0,0,0,0,120.40,851.38,120.68,0.0,0.0,0.0,15.44,0.0,0.0,0.0
CN9,8M,1,4,2,0,0,0,0,0,0,119.04,835.91,181.02,0.0,0.0,0.0,23.16,0.0,0.0,0.0
CN9,8M,1,4,3,0,0,0,0,0,0,118.30,825.00,195.01,0.0,0.0,0.0,23.16,0.0,0.0,0.0
CN9,8M,1,4,4,0,0,0,0,0,0,115.12,799.58,181.01,0.0,0.0,0.0,23.16,0.0,0.0,0.0
CN9,8M,1,4,5,0,0,0,0,0,0,122.86,831.96,181.01,0.0,0.0,0.0,23.16,0.0,0.0,0.0
CN9,8M,1,8,1,0,0,0,0,0,0,120.40,868.99,181.01,0.0,0.0,0.0,23.15,0.0,0.0,0.0
CN9,8M,1,8,2,0,0,0,0,0,0,126.97,909.65,181.01,0.0,0.0,0.0,23.15,0.0,0.0,0.0
CN9,8M,1,8,3,0,0,0,0,0,0,117.43,856.75,121.34,0.0,0.0,0.0,15.44,0.0,0.0,0.0
CN9,8M,1,8,4,0,0,0,0,0,0,116.67,851.59,120.67,0.0,0.0,0.0,15.44,0.0,0.0,0.0
CN9,8M,1,8,5,0,0,0,0,0,0,126.17,874.93,181.0,0.0,0.0,0.0,23.15,0.0,0.0,0.0
CN9,8M,1,16,1,0,0,0,0,0,0,126.19,859.80,119.67,0.0,0.0,0.0,14.1,0.0,0.0,0.0
CN9,8M,1,16,2,0,0,0,0,0,0,120.64,824.96,120.66,0.0,0.0,0.0,15.44,0.0,0.0,0.0
CN9,8M,1,16,3,0,0,0,0,0,0,120.40,869.56,120.66,0.0,0.0,0.0,15.44,0.0,0.0,0.0
CN9,8M,1,16,4,0,0,0,0,0,0,113.64,782.15,120.99,0.0,0.0,0.0,15.43,0.0,0.0,0.0
CN9,8M,1,16,5,0,0,0,0,0,0,112.90,821.00,120.66,0.0,0.0,0.0,15.43,0.0,0.0,0.0
CN9,8M,2,1,1,0,0,0,0,0,0,63.22,491.73,276.99,0.0,0.0,0.0,35.15,0.0,0.0,0.0
CN9,8M,2,1,2,0,0,0,0,0,0,57.37,440.12,276.99,0.0,0.0,0.0,35.15,0.0,0.0,0.0
CN9,8M,2,1,3,0,0,0,0,0,0,71.58,553.84,276.98,0.0,0.0,0.0,35.15,0.0,0.0,0.0
CN9,8M,2,1,4,0,0,0,0,0,0,61.15,476.32,193.99,0.0,0.0,0.0,23.43,0.0,0.0,0.0
CN9,8M,2,1,5,0,0,0,0,0,0,68.59,530.96,281.48,0.0,0.0,0.0,35.24,0.0,0.0,0.0
CN9,8M,2,2,1,0,0,0,0,0,0,72.92,564.13,276.98,0.0,0.0,0.0,35.15,0.0,0.0,0.0
CN9,8M,2,2,2,0,0,0,0,0,0,56.96,438.04,276.98,0.0,0.0,0.0,35.15,0.0,0.0,0.0
CN9,8M,2,2,3,0,0,0,0,0,0,57.56,446.39,276.97,0.0,0.0,0.0,35.15,0.0,0.0,0.0
CN9,8M,2,2,4,0,0,0,0,0,0,61.74,467.54,277.47,0.0,0.0,0.0,35.15,0.0,0.0,0.0
CN9,8M,2,2,5,0,0,0,0,0,0,65.69,509.37,184.65,0.0,0.0,0.0,23.43,0.0,0.0,0.0
CN9,8M,2,4,1,0,0,0,0,0,0,60.27,469.21,184.64,0.0,0.0,0.0,23.43,0.0,0.0,0.0
CN9,8M,2,4,2,0,0,0,0,0,0,73.56,568.22,292.97,0.0,0.0,0.0,35.15,0.0,0.0,0.0
CN9,8M,2,4,3,0,0,0,0,0,0,58.54,449.61,276.96,0.0,0.0,0.0,35.15,0.0,0.0,0.0
CN9,8M,2,4,4,0,0,0,0,0,0,59.52,462.08,276.96,0.0,0.0,0.0,35.15,0.0,0.0,0.0
CN9,8M,2,4,5,0,0,0,0,0,0,57.07,442.21,276.95,0.0,0.0,0.0,35.15,0.0,0.0,0.0
CN9,8M,2,8,1,0,0,0,0,0,0,64.59,497.62,184.64,0.0,0.0,0.0,23.43,0.0,0.0,0.0
CN9,8M,2,8,2,0,0,0,0,0,0,73.20,565.83,276.95,0.0,0.0,0.0,35.15,0.0,0.0,0.0
CN9,8M,2,8,3,0,0,0,0,0,0,57.18,444.94,276.95,0.0,0.0,0.0,35.15,0.0,0.0,0.0
CN9,8M,2,8,4,0,0,0,0,0,0,57.67,448.99,184.63,0.0,0.0,0.0,23.43,0.0,0.0,0.0
CN9,8M,2,8,5,0,0,0,0,0,0,69.63,530.33,294.94,0.0,0.0,0.0,35.15,0.0,0.0,0.0
CN9,8M,2,16,1,0,0,0,0,0,0,72.01,557.06,276.94,0.0,0.0,0.0,35.15,0.0,0.0,0.0
CN9,8M,2,16,2,0,0,0,0,0,0,58.84,443.05,184.63,0.0,0.0,0.0,23.43,0.0,0.0,0.0
CN9,8M,2,16,3,0,0,0,0,0,0,56.87,443.39,184.63,0.0,0.0,0.0,23.43,0.0,0.0,0.0
CN9,8M,2,16,4,0,0,0,0,0,0,64.25,487.41,276.94,0.0,0.0,0.0,35.15,0.0,0.0,0.0
CN9,8M,2,16,5,0,0,0,0,0,0,58.64,456.07,280.94,0.0,0.0,0.0,35.18,0.0,0.0,0.0
CN9,8M,4,1,1,0,0,0,0,0,0,126.14,979.36,324.94,0.0,0.0,0.0,41.14,0.0,0.0,0.0
CN9,8M,4,1,2,0,0,0,0,0,0,111.75,870.85,308.93,0.0,0.0,0.0,39.14,0.0,0.0,0.0
CN9,8M,4,1,3,0,0,0,0,0,0,115.63,885.85,236.95,0.0,0.0,0.0,28.76,0.0,0.0,0.0
CN9,8M,4,1,4,0,0,0,0,0,0,131.39,1004.59,324.93,0.0,0.0,0.0,41.14,0.0,0.0,0.0
CN9,8M,4,1,5,0,0,0,0,0,0,108.63,833.96,230.28,0.0,0.0,0.0,28.82,0.0,0.0,0.0
CN9,8M,4,2,1,0,0,0,0,0,0,117.15,911.51,341.92,0.0,0.0,0.0,43.14,0.0,0.0,0.0
CN9,8M,4,2,2,0,0,0,0,0,0,107.35,832.07,326.42,0.0,0.0,0.0,41.14,0.0,0.0,0.0
CN9,8M,4,2,3,0,0,0,0,0,0,110.19,846.70,206.95,0.0,0.0,0.0,26.1,0.0,0.0,0.0
CN9,8M,4,2,4,0,0,0,0,0,0,118.60,921.53,206.94,0.0,0.0,0.0,26.09,0.0,0.0,0.0
CN9,8M,4,2,5,0,0,0,0,0,0,129.68,996.92,326.42,0.0,0.0,0.0,41.14,0.0,0.0,0.0
CN9,8M,4,4,1,0,0,0,0,0,0,134.70,1035.95,338.41,0.0,0.0,0.0,41.14,0.0,0.0,0.0
CN9,8M,4,4,2,0,0,0,0,0,0,129.47,1004.47,326.41,0.0,0.0,0.0,41.14,0.0,0.0,0.0
CN9,8M,4,4,3,0,0,0,0,0,0,116.40,907.88,217.61,0.0,0.0,0.0,27.43,0.0,0.0,0.0
CN9,8M,4,4,4,0,0,0,0,0,0,120.41,935.20,341.4,0.0,0.0,0.0,43.14,0.0,0.0,0.0
CN9,8M,4,4,5,0,0,0,0,0,0,130.45,984.96,311.9,0.0,0.0,0.0,39.16,0.0,0.0,0.0
CN9,8M,4,8,1,0,0,0,0,0,0,121.24,924.22,340.9,0.0,0.0,0.0,43.14,0.0,0.0,0.0
CN9,8M,4,8,2,0,0,0,0,0,0,125.12,971.35,341.4,0.0,0.0,0.0,43.14,0.0,0.0,0.0
CN9,8M,4,8,3,0,0,0,0,0,0,124.39,967.35,324.9,0.0,0.0,0.0,41.14,0.0,0.0,0.0
CN9,8M,4,8,4,0,0,0,0,0,0,104.43,804.70,244.93,0.0,0.0,0.0,30.09,0.0,0.0,0.0
CN9,8M,4,8,5,0,0,0,0,0,0,126.60,980.47,324.89,0.0,0.0,0.0,41.14,0.0,0.0,0.0
CN9,8M,4,16,1,0,0,0,0,0,0,128.42,996.70,325.39,0.0,0.0,0.0,41.14,0.0,0.0,0.0
CN9,8M,4,16,2,0,0,0,0,0,0,132.90,1026.62,216.59,0.0,0.0,0.0,27.43,0.0,0.0,0.0
CN9,8M,4,16,3,0,0,0,0,0,0,115.01,874.53,216.93,0.0,0.0,0.0,27.43,0.0,0.0,0.0
CN9,8M,4,16,4,0,0,0,0,0,0,123.27,958.16,324.88,0.0,0.0,0.0,41.14,0.0,0.0,0.0
CN9,8M,4,16,5,0,0,0,0,0,0,106.10,807.79,229.26,0.0,0.0,0.0,28.78,0.0,0.0,0.0
CN9,8M,8,1,1,0,0,0,0,0,0,190.92,1491.96,452.88,0.0,0.0,0.0,57.14,0.0,0.0,0.0
CN9,8M,8,1,2,0,0,0,0,0,0,161.06,1253.36,321.59,0.0,0.0,0.0,39.43,0.0,0.0,0.0
CN9,8M,8,1,3,0,0,0,0,0,0,164.65,1272.33,644.88,0.0,0.0,0.0,81.14,0.0,0.0,0.0
CN9,8M,8,1,4,0,0,0,0,0,0,179.83,1398.20,387.59,0.0,0.0,0.0,48.76,0.0,0.0,0.0
CN9,8M,8,1,5,0,0,0,0,0,0,192.92,1510.32,348.92,0.0,0.0,0.0,43.42,0.0,0.0,0.0
CN9,8M,8,2,1,0,0,0,0,0,0,187.83,1451.25,661.38,0.0,0.0,0.0,83.14,0.0,0.0,0.0
CN9,8M,8,2,2,0,0,0,0,0,0,148.09,1153.46,469.37,0.0,0.0,0.0,59.14,0.0,0.0,0.0
CN9,8M,8,2,3,0,0,0,0,0,0,181.98,1419.65,581.37,0.0,0.0,0.0,73.14,0.0,0.0,0.0
CN9,8M,8,2,4,0,0,0,0,0,0,221.45,1726.89,517.37,0.0,0.0,0.0,65.14,0.0,0.0,0.0
CN9,8M,8,2,5,0,0,0,0,0,0,171.72,1344.39,553.37,0.0,0.0,0.0,67.14,0.0,0.0,0.0
CN9,8M,8,4,1,0,0,0,0,0,0,184.19,1430.90,485.37,0.0,0.0,0.0,61.14,0.0,0.0,0.0
CN9,8M,8,4,2,0,0,0,0,0,0,220.96,1700.19,434.91,0.0,0.0,0.0,54.09,0.0,0.0,0.0
CN9,8M,8,4,3,0,0,0,0,0,0,199.23,1555.49,517.37,0.0,0.0,0.0,65.14,0.0,0.0,0.0
CN9,8M,8,4,4,0,0,0,0,0,0,155.83,1223.09,334.24,0.0,0.0,0.0,42.09,0.0,0.0,0.0
CN9,8M,8,4,5,0,0,0,0,0,0,201.72,1539.77,408.36,0.0,0.0,0.0,51.16,0.0,0.0,0.0
CN9,8M,8,8,1,0,0,0,0,0,0,172.81,1353.88,408.91,0.0,0.0,0.0,51.42,0.0,0.0,0.0
CN9,8M,8,8,2,0,0,0,0,0,0,178.56,1398.23,387.9,0.0,0.0,0.0,48.76,0.0,0.0,0.0
CN9,8M,8,8,3,0,0,0,0,0,0,167.00,1310.39,368.57,0.0,0.0,0.0,44.76,0.0,0.0,0.0
CN9,8M,8,8,4,0,0,0,0,0,0,157.95,1228.12,466.57,0.0,0.0,0.0,58.09,0.0,0.0,0.0
CN9,8M,8,8,5,0,0,0,0,0,0,190.63,1472.79,484.86,0.0,0.0,0.0,61.13,0.0,0.0,0.0
CN9,8M,8,16,1,0,0,0,0,0,0,167.75,1315.63,565.35,0.0,0.0,0.0,71.13,0.0,0.0,0.0
CN9,8M,8,16,2,0,0,0,0,0,0,183.89,1436.37,597.35,0.0,0.0,0.0,75.13,0.0,0.0,0.0
CN9,8M,8,16,3,0,0,0,0,0,0,224.91,1755.33,453.35,0.0,0.0,0.0,57.13,0.0,0.0,0.0
CN9,8M,8,16,4,0,0,0,0,0,0,186.82,1444.03,485.35,0.0,0.0,0.0,61.13,0.0,0.0,0.0
CN9,8M,8,16,5,0,0,0,0,0,0,215.94,1660.10,565.35,0.0,0.0,0.0,71.13,0.0,0.0,0.0
CN9,8M,16,1,1,0,0,0,0,0,0,215.08,1689.50,753.89,0.0,0.0,0.0,92.75,0.0,0.0,0.0
CN9,8M,16,1,2,0,0,0,0,0,0,213.55,1686.38,825.56,0.0,0.0,0.0,103.42,0.0,0.0,0.0
CN9,8M,16,1,3,0,0,0,0,0,0,220.73,1741.77,702.56,0.0,0.0,0.0,87.42,0.0,0.0,0.0
CN9,8M,16,1,4,0,0,0,0,0,0,214.05,1692.27,666.89,0.0,0.0,0.0,83.42,0.0,0.0,0.0
CN9,8M,16,1,5,0,0,0,0,0,0,208.47,1647.68,380.42,0.0,0.0,0.0,47.58,0.0,0.0,0.0
CN9,8M,16,2,1,0,0,0,0,0,0,236.55,1855.17,483.17,0.0,0.0,0.0,60.57,0.0,0.0,0.0
CN9,8M,16,2,2,0,0,0,0,0,0,230.01,1805.18,563.17,0.0,0.0,0.0,70.57,0.0,0.0,0.0
CN9,8M,16,2,3,0,0,0,0,0,0,218.47,1725.71,677.89,0.0,0.0,0.0,84.78,0.0,0.0,0.0
CN9,8M,16,2,4,0,0,0,0,0,0,217.68,1718.43,613.67,0.0,0.0,0.0,75.57,0.0,0.0,0.0
CN9,8M,16,2,5,0,0,0,0,0,0,205.71,1625.60,414.42,0.0,0.0,0.0,51.57,0.0,0.0,0.0
CN9,8M,16,4,1,0,0,0,0,0,0,208.58,1637.77,761.55,0.0,0.0,0.0,95.42,0.0,0.0,0.0
CN9,8M,16,4,2,0,0,0,0,0,0,230.30,1816.49,537.55,0.0,0.0,0.0,67.42,0.0,0.0,0.0
CN9,8M,16,4,3,0,0,0,0,0,0,238.59,1882.87,712.55,0.0,0.0,0.0,88.75,0.0,0.0,0.0
CN9,8M,16,4,4,0,0,0,0,0,0,206.37,1631.12,782.22,0.0,0.0,0.0,98.09,0.0,0.0,0.0
CN9,8M,16,4,5,0,0,0,0,0,0,209.53,1647.39,1069.33,0.0,0.0,0.0,133.13,0.0,0.0,0.0
CN9,8M,16,8,1,0,0,0,0,0,0,228.83,1797.19,911.22,0.0,0.0,0.0,114.09,0.0,0.0,0.0
CN9,8M,16,8,2,0,0,0,0,0,0,217.06,1714.14,638.22,0.0,0.0,0.0,78.09,0.0,0.0,0.0
CN9,8M,16,8,3,0,0,0,0,0,0,187.28,1477.38,870.88,0.0,0.0,0.0,109.09,0.0,0.0,0.0
CN9,8M,16,8,4,0,0,0,0,0,0,216.51,1708.56,470.91,0.0,0.0,0.0,58.56,0.0,0.0,0.0
CN9,8M,16,8,5,0,0,0,0,0,0,223.37,1756.83,750.88,0.0,0.0,0.0,94.09,0.0,0.0,0.0
CN9,8M,16,16,1,0,0,0,0,0,0,202.41,1599.58,712.55,0.0,0.0,0.0,88.75,0.0,0.0,0.0
CN9,8M,16,16,2,0,0,0,0,0,0,224.21,1770.26,539.16,0.0,0.0,0.0,67.56,0.0,0.0,0.0
CN9,8M,16,16,3,0,0,0,0,0,0,228.65,1794.84,654.88,0.0,0.0,0.0,82.09,0.0,0.0,0.0
CN9,8M,16,16,4,0,0,0,0,0,0,195.88,1550.64,505.55,0.0,0.0,0.0,63.42,0.0,0.0,0.0
CN9,8M,16,16,5,0,0,0,0,0,0,234.53,1841.50,696.21,0.0,0.0,0.0,84.75,0.0,0.0,0.0
CN9,16M,1,1,1,0,0,0,0,0,0,64.17,954.31,121.54,0.0,0.0,0.0,15.42,0.0,0.0,0.0
CN9,16M,1,1,2,0,0,0,0,0,0,61.24,927.79,182.31,0.0,0.0,0.0,23.13,0.0,0.0,0.0
CN9,16M,1,1,3,0,0,0,0,0,0,60.77,921.12,189.31,0.0,0.0,0.0,23.13,0.0,0.0,0.0
CN9,16M,1,1,4,0,0,0,0,0,0,58.74,875.81,182.31,0.0,0.0,0.0,23.13,0.0,0.0,0.0
CN9,16M,1,1,5,0,0,0,0,0,0,65.50,963.34,182.31,0.0,0.0,0.0,23.13,0.0,0.0,0.0
CN9,16M,1,2,1,0,0,0,0,0,0,61.53,929.40,230.31,0.0,0.0,0.0,29.13,0.0,0.0,0.0
CN9,16M,1,2,2,0,0,0,0,0,0,59.22,888.24,214.31,0.0,0.0,0.0,27.13,0.0,0.0,0.0
CN9,16M,1,2,3,0,0,0,0,0,0,58.93,900.48,129.53,0.0,0.0,0.0,15.42,0.0,0.0,0.0
CN9,16M,1,2,4,0,0,0,0,0,0,59.76,909.01,132.2,0.0,0.0,0.0,16.75,0.0,0.0,0.0
CN9,16M,1,2,5,0,0,0,0,0,0,64.17,970.66,182.3,0.0,0.0,0.0,23.13,0.0,0.0,0.0
CN9,16M,1,4,1,0,0,0,0,0,0,62.88,947.95,197.8,0.0,0.0,0.0,25.13,0.0,0.0,0.0
CN9,16M,1,4,2,0,0,0,0,0,0,62.32,943.02,228.8,0.0,0.0,0.0,29.13,0.0,0.0,0.0
CN9,16M,1,4,3,0,0,0,0,0,0,63.72,930.53,212.79,0.0,0.0,0.0,27.13,0.0,0.0,0.0
CN9,16M,1,4,4,0,0,0,0,0,0,59.75,906.42,212.79,0.0,0.0,0.0,27.13,0.0,0.0,0.0
CN9,16M,1,4,5,0,0,0,0,0,0,57.97,858.82,228.78,0.0,0.0,0.0,29.12,0.0,0.0,0.0
CN9,16M,1,8,1,0,0,0,0,0,0,67.89,999.33,128.19,0.0,0.0,0.0,15.42,0.0,0.0,0.0
CN9,16M,1,8,2,0,0,0,0,0,0,63.67,963.63,131.19,0.0,0.0,0.0,16.75,0.0,0.0,0.0
CN9,16M,1,8,3,0,0,0,0,0,0,63.90,965.85,196.78,0.0,0.0,0.0,25.12,0.0,0.0,0.0
CN9,16M,1,8,4,0,0,0,0,0,0,56.59,860.40,196.78,0.0,0.0,0.0,25.12,0.0,0.0,0.0
CN9,16M,1,8,5,0,0,0,0,0,0,59.87,883.64,199.28,0.0,0.0,0.0,25.15,0.0,0.0,0.0
CN9,16M,1,16,1,0,0,0,0,0,0,64.30,929.36,228.77,0.0,0.0,0.0,29.12,0.0,0.0,0.0
CN9,16M,1,16,2,0,0,0,0,0,0,59.85,910.73,196.77,0.0,0.0,0.0,25.12,0.0,0.0,0.0
CN9,16M,1,16,3,0,0,0,0,0,0,66.97,995.15,196.77,0.0,0.0,0.0,25.12,0.0,0.0,0.0
CN9,16M,1,16,4,0,0,0,0,0,0,63.93,965.58,240.76,0.0,0.0,0.0,29.12,0.0,0.0,0.0
CN9,16M,1,16,5,0,0,0,0,0,0,60.84,898.41,196.76,0.0,0.0,0.0,25.12,0.0,0.0,0.0
CN9,16M,2,1,1,0,0,0,0,0,0,31.98,503.65,269.84,0.0,0.0,0.0,34.08,0.0,0.0,0.0
CN9,16M,2,1,2,0,0,0,0,0,0,34.00,534.48,372.76,0.0,0.0,0.0,47.12,0.0,0.0,0.0
CN9,16M,2,1,3,0,0,0,0,0,0,33.27,520.08,388.76,0.0,0.0,0.0,49.12,0.0,0.0,0.0
CN9,16M,2,1,4,0,0,0,0,0,0,33.35,517.05,281.17,0.0,0.0,0.0,35.41,0.0,0.0,0.0
CN9,16M,2,1,5,0,0,0,0,0,0,32.68,514.75,271.84,0.0,0.0,0.0,34.09,0.0,0.0,0.0
CN9,16M,2,2,1,0,0,0,0,0,0,38.40,597.73,404.75,0.0,0.0,0.0,51.12,0.0,0.0,0.0
CN9,16M,2,2,2,0,0,0,0,0,0,32.98,519.39,278.17,0.0,0.0,0.0,34.08,0.0,0.0,0.0
CN9,16M,2,2,3,0,0,0,0,0,0,33.04,520.33,420.75,0.0,0.0,0.0,53.12,0.0,0.0,0.0
CN9,16M,2,2,4,0,0,0,0,0,0,31.53,494.54,388.75,0.0,0.0,0.0,49.12,0.0,0.0,0.0
CN9,16M,2,2,5,0,0,0,0,0,0,33.22,522.21,259.16,0.0,0.0,0.0,32.75,0.0,0.0,0.0
CN9,16M,2,4,1,0,0,0,0,0,0,33.78,523.22,388.74,0.0,0.0,0.0,49.12,0.0,0.0,0.0
CN9,16M,2,4,2,0,0,0,0,0,0,33.20,519.19,372.74,0.0,0.0,0.0,47.12,0.0,0.0,0.0
CN9,16M,2,4,3,0,0,0,0,0,0,31.56,491.45,420.74,0.0,0.0,0.0,53.12,0.0,0.0,0.0
CN9,16M,2,4,4,0,0,0,0,0,0,31.40,492.90,404.74,0.0,0.0,0.0,51.12,0.0,0.0,0.0
CN9,16M,2,4,5,0,0,0,0,0,0,32.28,509.39,418.74,0.0,0.0,0.0,51.12,0.0,0.0,0.0
CN9,16M,2,8,1,0,0,0,0,0,0,32.37,506.60,404.73,0.0,0.0,0.0,51.12,0.0,0.0,0.0
CN9,16M,2,8,2,0,0,0,0,0,0,40.63,634.11,404.73,0.0,0.0,0.0,51.12,0.0,0.0,0.0
CN9,16M,2,8,3,0,0,0,0,0,0,35.15,552.24,372.73,0.0,0.0,0.0,47.12,0.0,0.0,0.0
CN9,16M,2,8,4,0,0,0,0,0,0,32.42,505.14,280.48,0.0,0.0,0.0,35.41,0.0,0.0,0.0
CN9,16M,2,8,5,0,0,0,0,0,0,31.40,492.79,261.48,0.0,0.0,0.0,32.76,0.0,0.0,0.0
CN9,16M,2,16,1,0,0,0,0,0,0,34.56,543.96,404.73,0.0,0.0,0.0,51.12,0.0,0.0,0.0
CN9,16M,2,16,2,0,0,0,0,0,0,38.51,605.05,420.72,0.0,0.0,0.0,53.12,0.0,0.0,0.0
CN9,16M,2,16,3,0,0,0,0,0,0,33.25,523.36,432.72,0.0,0.0,0.0,53.12,0.0,0.0,0.0
CN9,16M,2,16,4,0,0,0,0,0,0,32.56,513.32,269.81,0.0,0.0,0.0,34.08,0.0,0.0,0.0
CN9,16M,2,16,5,0,0,0,0,0,0,33.47,527.03,372.72,0.0,0.0,0.0,47.12,0.0,0.0,0.0
CN9,16M,4,1,1,0,0,0,0,0,0,54.61,862.40,451.48,0.0,0.0,0.0,56.74,0.0,0.0,0.0
CN9,16M,4,1,2,0,0,0,0,0,0,60.62,950.80,581.21,0.0,0.0,0.0,73.11,0.0,0.0,0.0
CN9,16M,4,1,3,0,0,0,0,0,0,64.36,1007.43,725.21,0.0,0.0,0.0,91.11,0.0,0.0,0.0
CN9,16M,4,1,4,0,0,0,0,0,0,65.92,1022.72,366.14,0.0,0.0,0.0,46.08,0.0,0.0,0.0
CN9,16M,4,1,5,0,0,0,0,0,0,65.44,1019.69,485.14,0.0,0.0,0.0,60.76,0.0,0.0,0.0
CN9,16M,4,2,1,0,0,0,0,0,0,56.50,892.80,433.14,0.0,0.0,0.0,52.74,0.0,0.0,0.0
CN9,16M,4,2,2,0,0,0,0,0,0,57.17,893.80,645.21,0.0,0.0,0.0,81.11,0.0,0.0,0.0
CN9,16M,4,2,3,0,0,0,0,0,0,56.11,879.95,651.71,0.0,0.0,0.0,81.11,0.0,0.0,0.0
CN9,16M,4,2,4,0,0,0,0,0,0,62.21,981.48,420.8,0.0,0.0,0.0,52.74,0.0,0.0,0.0
CN9,16M,4,2,5,0,0,0,0,0,0,63.63,1000.53,584.2,0.0,0.0,0.0,73.14,0.0,0.0,0.0
CN9,16M,4,4,1,0,0,0,0,0,0,59.95,932.16,387.47,0.0,0.0,0.0,48.74,0.0,0.0,0.0
CN9,16M,4,4,2,0,0,0,0,0,0,77.01,1209.46,741.2,0.0,0.0,0.0,93.11,0.0,0.0,0.0
CN9,16M,4,4,3,0,0,0,0,0,0,57.45,902.84,409.13,0.0,0.0,0.0,51.41,0.0,0.0,0.0
CN9,16M,4,4,4,0,0,0,0,0,0,57.92,901.73,400.8,0.0,0.0,0.0,48.74,0.0,0.0,0.0
CN9,16M,4,4,5,0,0,0,0,0,0,75.48,1180.36,538.19,0.0,0.0,0.0,67.2,0.0,0.0,0.0
CN9,16M,4,8,1,0,0,0,0,0,0,61.27,959.49,283.35,0.0,0.0,0.0,35.56,0.0,0.0,0.0
CN9,16M,4,8,2,0,0,0,0,0,0,62.83,983.19,360.79,0.0,0.0,0.0,44.74,0.0,0.0,0.0
CN9,16M,4,8,3,0,0,0,0,0,0,58.53,911.55,380.13,0.0,0.0,0.0,47.42,0.0,0.0,0.0
CN9,16M,4,8,4,0,0,0,0,0,0,59.38,923.63,388.46,0.0,0.0,0.0,48.74,0.0,0.0,0.0
CN9,16M,4,8,5,0,0,0,0,0,0,63.02,982.48,564.12,0.0,0.0,0.0,70.07,0.0,0.0,0.0
CN9,16M,4,16,1,0,0,0,0,0,0,60.98,962.59,431.12,0.0,0.0,0.0,54.07,0.0,0.0,0.0
CN9,16M,4,16,2,0,0,0,0,0,0,59.87,939.14,671.18,0.0,0.0,0.0,81.11,0.0,0.0,0.0
CN9,16M,4,16,3,0,0,0,0,0,0,66.37,1044.94,451.45,0.0,0.0,0.0,56.74,0.0,0.0,0.0
CN9,16M,4,16,4,0,0,0,0,0,0,64.63,1010.08,622.18,0.0,0.0,0.0,77.11,0.0,0.0,0.0
CN9,16M,4,16,5,0,0,0,0,0,0,58.76,919.93,614.68,0.0,0.0,0.0,77.11,0.0,0.0,0.0
CN9,16M,8,1,1,0,0,0,0,0,0,109.24,1724.53,570.12,0.0,0.0,0.0,71.41,0.0,0.0,0.0
CN9,16M,8,1,2,0,0,0,0,0,0,88.98,1409.73,839.17,0.0,0.0,0.0,105.11,0.0,0.0,0.0
CN9,16M,8,1,3,0,0,0,0,0,0,109.48,1703.47,607.12,0.0,0.0,0.0,75.41,0.0,0.0,0.0
CN9,16M,8,1,4,0,0,0,0,0,0,107.78,1690.99,613.12,0.0,0.0,0.0,76.74,0.0,0.0,0.0
CN9,16M,8,1,5,0,0,0,0,0,0,110.31,1720.66,625.12,0.0,0.0,0.0,76.74,0.0,0.0,0.0
CN9,16M,8,2,1,0,0,0,0,0,0,101.98,1596.99,610.34,0.0,0.0,0.0,75.59,0.0,0.0,0.0
CN9,16M,8,2,2,0,0,0,0,0,0,107.69,1688.53,783.78,0.0,0.0,0.0,98.07,0.0,0.0,0.0
CN9,16M,8,2,3,0,0,0,0,0,0,86.36,1368.07,753.45,0.0,0.0,0.0,94.09,0.0,0.0,0.0
CN9,16M,8,2,4,0,0,0,0,0,0,85.80,1353.02,766.78,0.0,0.0,0.0,95.41,0.0,0.0,0.0
CN9,16M,8,2,5,0,0,0,0,0,0,91.90,1440.86,739.78,0.0,0.0,0.0,92.74,0.0,0.0,0.0
CN9,16M,8,4,1,0,0,0,0,0,0,72.61,1152.20,765.44,0.0,0.0,0.0,95.41,0.0,0.0,0.0
CN9,16M,8,4,2,0,0,0,0,0,0,100.85,1587.53,718.44,0.0,0.0,0.0,90.07,0.0,0.0,0.0
CN9,16M,8,4,3,0,0,0,0,0,0,127.59,1972.80,780.11,0.0,0.0,0.0,95.41,0.0,0.0,0.0
CN9,16M,8,4,4,0,0,0,0,0,0,114.10,1791.20,547.78,0.0,0.0,0.0,68.74,0.0,0.0,0.0
CN9,16M,8,4,5,0,0,0,0,0,0,91.37,1435.73,924.66,0.0,0.0,0.0,115.11,0.0,0.0,0.0
CN9,16M,8,8,1,0,0,0,0,0,0,109.24,1727.40,569.11,0.0,0.0,0.0,71.41,0.0,0.0,0.0
CN9,16M,8,8,2,0,0,0,0,0,0,92.69,1456.74,559.77,0.0,0.0,0.0,70.07,0.0,0.0,0.0
CN9,16M,8,8,3,0,0,0,0,0,0,87.49,1377.48,558.44,0.0,0.0,0.0,70.07,0.0,0.0,0.0
CN9,16M,8,8,4,0,0,0,0,0,0,117.70,1847.73,574.44,0.0,0.0,0.0,71.4,0.0,0.0,0.0
CN9,16M,8,8,5,0,0,0,0,0,0,120.86,1905.52,869.66,0.0,0.0,0.0,109.11,0.0,0.0,0.0
CN9,16M,8,16,1,0,0,0,0,0,0,119.52,1885.54,843.15,0.0,0.0,0.0,103.11,0.0,0.0,0.0
CN9,16M,8,16,2,0,0,0,0,0,0,111.07,1731.76,595.44,0.0,0.0,0.0,74.07,0.0,0.0,0.0
CN9,16M,8,16,3,0,0,0,0,0,0,90.31,1422.18,869.65,0.0,0.0,0.0,109.11,0.0,0.0,0.0
CN9,16M,8,16,4,0,0,0,0,0,0,99.70,1558.03,595.44,0.0,0.0,0.0,74.07,0.0,0.0,0.0
CN9,16M,8,16,5,0,0,0,0,0,0,123.13,1941.41,853.65,0.0,0.0,0.0,107.11,0.0,0.0,0.0
CN9,16M,16,1,1,0,0,0,0,0,0,110.66,1749.67,1200.77,0.0,0.0,0.0,150.28,0.0,0.0,0.0
CN9,16M,16,1,2,0,0,0,0,0,0,118.79,1864.95,1310.77,0.0,0.0,0.0,163.4,0.0,0.0,0.0
CN9,16M,16,1,3,0,0,0,0,0,0,102.63,1630.75,928.83,0.0,0.0,0.0,116.24,0.0,0.0,0.0
CN9,16M,16,1,4,0,0,0,0,0,0,116.44,1849.60,1139.08,0.0,0.0,0.0,140.55,0.0,0.0,0.0
CN9,16M,16,1,5,0,0,0,0,0,0,112.94,1789.72,955.33,0.0,0.0,0.0,119.55,0.0,0.0,0.0
CN9,16M,16,2,1,0,0,0,0,0,0,101.44,1613.37,729.33,0.0,0.0,0.0,90.87,0.0,0.0,0.0
CN9,16M,16,2,2,0,0,0,0,0,0,121.89,1935.64,1124.44,0.0,0.0,0.0,140.74,0.0,0.0,0.0
CN9,16M,16,2,3,0,0,0,0,0,0,91.09,1448.04,871.83,0.0,0.0,0.0,108.62,0.0,0.0,0.0
CN9,16M,16,2,4,0,0,0,0,0,0,127.65,2022.67,1142.77,0.0,0.0,0.0,143.03,0.0,0.0,0.0
CN9,16M,16,2,5,0,0,0,0,0,0,113.76,1808.48,937.33,0.0,0.0,0.0,116.9,0.0,0.0,0.0
CN9,16M,16,4,1,0,0,0,0,0,0,79.39,1264.16,1320.44,0.0,0.0,0.0,165.24,0.0,0.0,0.0
CN9,16M,16,4,2,0,0,0,0,0,0,109.59,1737.46,1122.44,0.0,0.0,0.0,138.61,0.0,0.0,0.0
CN9,16M,16,4,3,0,0,0,0,0,0,114.55,1814.15,709.83,0.0,0.0,0.0,88.46,0.0,0.0,0.0
CN9,16M,16,4,4,0,0,0,0,0,0,100.08,1588.52,1295.1,0.0,0.0,0.0,162.07,0.0,0.0,0.0
CN9,16M,16,4,5,0,0,0,0,0,0,122.52,1945.84,1056.1,0.0,0.0,0.0,131.43,0.0,0.0,0.0
CN9,16M,16,8,1,0,0,0,0,0,0,117.93,1868.82,1045.08,0.0,0.0,0.0,130.68,0.0,0.0,0.0
CN9,16M,16,8,2,0,0,0,0,0,0,122.85,1942.74,955.33,0.0,0.0,0.0,119.55,0.0,0.0,0.0
CN9,16M,16,8,3,0,0,0,0,0,0,102.48,1629.76,1104.58,0.0,0.0,0.0,137.57,0.0,0.0,0.0
CN9,16M,16,8,4,0,0,0,0,0,0,102.17,1621.27,819.33,0.0,0.0,0.0,102.55,0.0,0.0,0.0
CN9,16M,16,8,5,0,0,0,0,0,0,117.67,1869.28,1283.77,0.0,0.0,0.0,158.07,0.0,0.0,0.0
CN9,16M,16,16,1,0,0,0,0,0,0,89.28,1418.52,1389.44,0.0,0.0,0.0,173.9,0.0,0.0,0.0
CN9,16M,16,16,2,0,0,0,0,0,0,118.96,1890.53,1007.33,0.0,0.0,0.0,125.55,0.0,0.0,0.0
CN9,16M,16,16,3,0,0,0,0,0,0,112.84,1763.06,940.08,0.0,0.0,0.0,117.68,0.0,0.0,0.0
CN9,16M,16,16,4,0,0,0,0,0,0,107.05,1697.90,1129.1,0.0,0.0,0.0,140.74,0.0,0.0,0.0
CN9,16M,16,16,5,0,0,0,0,0,0,117.93,1868.77,852.33,0.0,0.0,0.0,106.55,0.0,0.0,0.0
CN9,32M,1,1,1,0,0,0,0,0,0,33.27,1033.45,189.77,0.0,0.0,0.0,23.4,0.0,0.0,0.0
CN9,32M,1,1,2,0,0,0,0,0,0,31.54,979.99,184.44,0.0,0.0,0.0,23.4,0.0,0.0,0.0
CN9,32M,1,1,3,0,0,0,0,0,0,32.14,997.66,186.77,0.0,0.0,0.0,22.07,0.0,0.0,0.0
CN9,32M,1,1,4,0,0,0,0,0,0,32.02,979.81,184.43,0.0,0.0,0.0,23.4,0.0,0.0,0.0
CN9,32M,1,1,5,0,0,0,0,0,0,31.54,968.70,276.64,0.0,0.0,0.0,35.11,0.0,0.0,0.0
CN9,32M,1,2,1,0,0,0,0,0,0,33.10,1026.51,283.14,0.0,0.0,0.0,35.1,0.0,0.0,0.0
CN9,32M,1,2,2,0,0,0,0,0,0,30.35,936.76,276.64,0.0,0.0,0.0,35.1,0.0,0.0,0.0
CN9,32M,1,2,3,0,0,0,0,0,0,30.53,936.32,276.64,0.0,0.0,0.0,35.1,0.0,0.0,0.0
CN9,32M,1,2,4,0,0,0,0,0,0,32.28,1001.65,260.64,0.0,0.0,0.0,33.1,0.0,0.0,0.0
CN9,32M,1,2,5,0,0,0,0,0,0,32.09,997.07,276.63,0.0,0.0,0.0,35.1,0.0,0.0,0.0
CN9,32M,1,4,1,0,0,0,0,0,0,33.51,1033.60,291.63,0.0,0.0,0.0,35.1,0.0,0.0,0.0
CN9,32M,1,4,2,0,0,0,0,0,0,31.84,986.03,276.63,0.0,0.0,0.0,35.1,0.0,0.0,0.0
CN9,32M,1,4,3,0,0,0,0,0,0,30.71,954.10,276.63,0.0,0.0,0.0,35.1,0.0,0.0,0.0
CN9,32M,1,4,4,0,0,0,0,0,0,32.41,994.03,276.63,0.0,0.0,0.0,35.1,0.0,0.0,0.0
CN9,32M,1,4,5,0,0,0,0,0,0,33.11,1009.97,276.63,0.0,0.0,0.0,35.1,0.0,0.0,0.0
CN9,32M,1,8,1,0,0,0,0,0,0,33.40,1022.45,276.63,0.0,0.0,0.0,35.1,0.0,0.0,0.0
CN9,32M,1,8,2,0,0,0,0,0,0,29.43,903.80,276.62,0.0,0.0,0.0,35.1,0.0,0.0,0.0
CN9,32M,1,8,3,0,0,0,0,0,0,31.04,965.73,276.62,0.0,0.0,0.0,35.1,0.0,0.0,0.0
CN9,32M,1,8,4,0,0,0,0,0,0,30.39,944.88,290.12,0.0,0.0,0.0,35.1,0.0,0.0,0.0
CN9,32M,1,8,5,0,0,0,0,0,0,32.75,1001.82,173.74,0.0,0.0,0.0,22.07,0.0,0.0,0.0
CN9,32M,1,16,1,0,0,0,0,0,0,32.84,1003.71,276.62,0.0,0.0,0.0,35.1,0.0,0.0,0.0
CN9,32M,1,16,2,0,0,0,0,0,0,33.40,1020.44,276.61,0.0,0.0,0.0,35.1,0.0,0.0,0.0
CN9,32M,1,16,3,0,0,0,0,0,0,32.16,982.29,276.61,0.0,0.0,0.0,35.1,0.0,0.0,0.0
CN9,32M,1,16,4,0,0,0,0,0,0,32.51,1011.05,276.61,0.0,0.0,0.0,35.1,0.0,0.0,0.0
CN9,32M,1,16,5,0,0,0,0,0,0,31.69,984.99,186.07,0.0,0.0,0.0,23.42,0.0,0.0,0.0
CN9,32M,2,1,1,0,0,0,0,0,0,19.47,617.16,440.73,0.0,0.0,0.0,55.4,0.0,0.0,0.0
CN9,32M,2,1,2,0,0,0,0,0,0,18.59,589.72,483.07,0.0,0.0,0.0,59.4,0.0,0.0,0.0
CN9,32M,2,1,3,0,0,0,0,0,0,18.23,578.34,709.1,0.0,0.0,0.0,89.1,0.0,0.0,0.0
CN9,32M,2,1,4,0,0,0,0,0,0,19.44,616.35,451.73,0.0,0.0,0.0,56.73,0.0,0.0,0.0
CN9,32M,2,1,5,0,0,0,0,0,0,21.16,667.00,661.1,0.0,0.0,0.0,83.1,0.0,0.0,0.0
CN9,32M,2,2,1,0,0,0,0,0,0,20.20,641.02,451.4,0.0,0.0,0.0,56.73,0.0,0.0,0.0
CN9,32M,2,2,2,0,0,0,0,0,0,19.54,619.39,451.4,0.0,0.0,0.0,56.73,0.0,0.0,0.0
CN9,32M,2,2,3,0,0,0,0,0,0,18.36,582.51,430.06,0.0,0.0,0.0,54.07,0.0,0.0,0.0
CN9,32M,2,2,4,0,0,0,0,0,0,18.56,587.62,462.06,0.0,0.0,0.0,58.07,0.0,0.0,0.0
CN9,32M,2,2,5,0,0,0,0,0,0,18.77,592.69,495.73,0.0,0.0,0.0,60.73,0.0,0.0,0.0
CN9,32M,2,4,1,0,0,0,0,0,0,18.02,569.20,440.73,0.0,0.0,0.0,55.4,0.0,0.0,0.0
CN9,32M,2,4,2,0,0,0,0,0,0,22.51,708.63,462.39,0.0,0.0,0.0,58.06,0.0,0.0,0.0
CN9,32M,2,4,3,0,0,0,0,0,0,16.80,532.12,467.72,0.0,0.0,0.0,58.07,0.0,0.0,0.0
CN9,32M,2,4,4,0,0,0,0,0,0,17.55,554.25,463.39,0.0,0.0,0.0,58.06,0.0,0.0,0.0
CN9,32M,2,4,5,0,0,0,0,0,0,18.32,580.40,677.09,0.0,0.0,0.0,85.1,0.0,0.0,0.0
CN9,32M,2,8,1,0,0,0,0,0,0,23.07,726.50,440.72,0.0,0.0,0.0,55.4,0.0,0.0,0.0
CN9,32M,2,8,2,0,0,0,0,0,0,19.14,606.58,440.72,0.0,0.0,0.0,55.4,0.0,0.0,0.0
CN9,32M,2,8,3,0,0,0,0,0,0,20.63,654.22,453.05,0.0,0.0,0.0,55.4,0.0,0.0,0.0
CN9,32M,2,8,4,0,0,0,0,0,0,19.14,606.71,462.39,0.0,0.0,0.0,58.06,0.0,0.0,0.0
CN9,32M,2,8,5,0,0,0,0,0,0,17.65,560.30,667.58,0.0,0.0,0.0,83.1,0.0,0.0,0.0
CN9,32M,2,16,1,0,0,0,0,0,0,19.24,610.33,451.38,0.0,0.0,0.0,56.73,0.0,0.0,0.0
CN9,32M,2,16,2,0,0,0,0,0,0,19.55,617.02,440.72,0.0,0.0,0.0,55.4,0.0,0.0,0.0
CN9,32M,2,16,3,0,0,0,0,0,0,18.21,577.38,677.07,0.0,0.0,0.0,85.1,0.0,0.0,0.0
CN9,32M,2,16,4,0,0,0,0,0,0,22.14,697.18,440.71,0.0,0.0,0.0,55.4,0.0,0.0,0.0
CN9,32M,2,16,5,0,0,0,0,0,0,19.30,607.72,709.07,0.0,0.0,0.0,89.09,0.0,0.0,0.0
CN9,32M,4,1,1,0,0,0,0,0,0,35.06,1108.57,721.05,0.0,0.0,0.0,88.73,0.0,0.0,0.0
CN9,32M,4,1,2,0,0,0,0,0,0,32.19,1016.01,820.38,0.0,0.0,0.0,102.06,0.0,0.0,0.0
CN9,32M,4,1,3,0,0,0,0,0,0,32.46,1026.28,676.71,0.0,0.0,0.0,84.73,0.0,0.0,0.0
CN9,32M,4,1,4,0,0,0,0,0,0,34.59,1092.95,745.38,0.0,0.0,0.0,92.73,0.0,0.0,0.0
CN9,32M,4,1,5,0,0,0,0,0,0,31.49,1000.17,999.07,0.0,0.0,0.0,125.09,0.0,0.0,0.0
CN9,32M,4,2,1,0,0,0,0,0,0,35.45,1124.73,523.53,0.0,0.0,0.0,65.55,0.0,0.0,0.0
CN9,32M,4,2,2,0,0,0,0,0,0,39.30,1239.87,841.71,0.0,0.0,0.0,104.73,0.0,0.0,0.0
CN9,32M,4,2,3,0,0,0,0,0,0,32.03,1013.44,708.71,0.0,0.0,0.0,88.73,0.0,0.0,0.0
CN9,32M,4,2,4,0,0,0,0,0,0,31.67,1001.72,505.53,0.0,0.0,0.0,61.55,0.0,0.0,0.0
CN9,32M,4,2,5,0,0,0,0,0,0,37.23,1180.17,1191.57,0.0,0.0,0.0,149.09,0.0,0.0,0.0
CN9,32M,4,4,1,0,0,0,0,0,0,29.45,933.25,687.38,0.0,0.0,0.0,86.06,0.0,0.0,0.0
CN9,32M,4,4,2,0,0,0,0,0,0,30.01,948.30,666.04,0.0,0.0,0.0,83.4,0.0,0.0,0.0
CN9,32M,4,4,3,0,0,0,0,0,0,33.73,1063.74,724.04,0.0,0.0,0.0,90.06,0.0,0.0,0.0
CN9,32M,4,4,4,0,0,0,0,0,0,37.00,1168.65,579.28,0.0,0.0,0.0,72.55,0.0,0.0,0.0
CN9,32M,4,4,5,0,0,0,0,0,0,30.53,965.61,671.71,0.0,0.0,0.0,83.41,0.0,0.0,0.0
CN9,32M,4,8,1,0,0,0,0,0,0,31.03,981.83,579.03,0.0,0.0,0.0,72.55,0.0,0.0,0.0
CN9,32M,4,8,2,0,0,0,0,0,0,33.06,1043.30,622.53,0.0,0.0,0.0,76.55,0.0,0.0,0.0
CN9,32M,4,8,3,0,0,0,0,0,0,29.26,924.35,669.37,0.0,0.0,0.0,83.4,0.0,0.0,0.0
CN9,32M,4,8,4,0,0,0,0,0,0,38.07,1207.62,643.71,0.0,0.0,0.0,80.73,0.0,0.0,0.0
CN9,32M,4,8,5,0,0,0,0,0,0,28.78,910.05,691.71,0.0,0.0,0.0,86.06,0.0,0.0,0.0
CN9,32M,4,16,1,0,0,0,0,0,0,32.08,1009.59,729.04,0.0,0.0,0.0,91.4,0.0,0.0,0.0
CN9,32M,4,16,2,0,0,0,0,0,0,33.32,1054.06,697.37,0.0,0.0,0.0,87.4,0.0,0.0,0.0
CN9,32M,4,16,3,0,0,0,0,0,0,33.64,1067.74,714.04,0.0,0.0,0.0,88.74,0.0,0.0,0.0
CN9,32M,4,16,4,0,0,0,0,0,0,39.63,1250.29,793.37,0.0,0.0,0.0,99.4,0.0,0.0,0.0
CN9,32M,4,16,5,0,0,0,0,0,0,29.45,936.08,690.7,0.0,0.0,0.0,84.73,0.0,0.0,0.0
CN9,32M,8,1,1,0,0,0,0,0,0,49.71,1580.78,830.53,0.0,0.0,0.0,103.92,0.0,0.0,0.0
CN9,32M,8,1,2,0,0,0,0,0,0,46.29,1473.40,751.78,0.0,0.0,0.0,93.58,0.0,0.0,0.0
CN9,32M,8,1,3,0,0,0,0,0,0,58.85,1870.85,637.03,0.0,0.0,0.0,79.73,0.0,0.0,0.0
CN9,32M,8,1,4,0,0,0,0,0,0,56.07,1782.92,719.03,0.0,0.0,0.0,89.55,0.0,0.0,0.0
CN9,32M,8,1,5,0,0,0,0,0,0,53.88,1712.73,1032.04,0.0,0.0,0.0,129.15,0.0,0.0,0.0
CN9,32M,8,2,1,0,0,0,0,0,0,46.64,1484.25,1100.37,0.0,0.0,0.0,137.02,0.0,0.0,0.0
CN9,32M,8,2,2,0,0,0,0,0,0,55.77,1768.07,1039.7,0.0,0.0,0.0,130.02,0.0,0.0,0.0
CN9,32M,8,2,3,0,0,0,0,0,0,46.00,1462.87,871.04,0.0,0.0,0.0,107.31,0.0,0.0,0.0
CN9,32M,8,2,4,0,0,0,0,0,0,50.76,1615.44,939.04,0.0,0.0,0.0,117.02,0.0,0.0,0.0
CN9,32M,8,2,5,0,0,0,0,0,0,44.73,1421.10,968.04,0.0,0.0,0.0,120.88,0.0,0.0,0.0
CN9,32M,8,4,1,0,0,0,0,0,0,47.68,1517.19,1051.04,0.0,0.0,0.0,130.85,0.0,0.0,0.0
CN9,32M,8,4,2,0,0,0,0,0,0,47.33,1501.65,886.04,0.0,0.0,0.0,110.94,0.0,0.0,0.0
CN9,32M,8,4,3,0,0,0,0,0,0,47.72,1512.20,790.78,0.0,0.0,0.0,99.01,0.0,0.0,0.0
CN9,32M,8,4,4,0,0,0,0,0,0,50.17,1595.75,716.53,0.0,0.0,0.0,89.27,0.0,0.0,0.0
CN9,32M,8,4,5,0,0,0,0,0,0,54.24,1719.18,728.28,0.0,0.0,0.0,91.23,0.0,0.0,0.0
CN9,32M,8,8,1,0,0,0,0,0,0,37.19,1181.94,1026.04,0.0,0.0,0.0,126.06,0.0,0.0,0.0
CN9,32M,8,8,2,0,0,0,0,0,0,60.54,1923.21,815.37,0.0,0.0,0.0,102.06,0.0,0.0,0.0
CN9,32M,8,8,3,0,0,0,0,0,0,53.36,1693.25,706.28,0.0,0.0,0.0,87.89,0.0,0.0,0.0
CN9,32M,8,8,4,0,0,0,0,0,0,50.22,1595.88,675.53,0.0,0.0,0.0,84.55,0.0,0.0,0.0
CN9,32M,8,8,5,0,0,0,0,0,0,56.19,1786.42,941.7,0.0,0.0,0.0,117.19,0.0,0.0,0.0
CN9,32M,8,16,1,0,0,0,0,0,0,52.70,1670.50,1007.7,0.0,0.0,0.0,126.06,0.0,0.0,0.0
CN9,32M,8,16,2,0,0,0,0,0,0,54.84,1738.41,1162.7,0.0,0.0,0.0,144.73,0.0,0.0,0.0
CN9,32M,8,16,3,0,0,0,0,0,0,44.33,1405.17,952.04,0.0,0.0,0.0,119.1,0.0,0.0,0.0
CN9,32M,8,16,4,0,0,0,0,0,0,49.44,1568.75,1036.7,0.0,0.0,0.0,127.94,0.0,0.0,0.0
CN9,32M,8,16,5,0,0,0,0,0,0,48.11,1525.97,913.71,0.0,0.0,0.0,113.89,0.0,0.0,0.0
CN9,32M,16,1,1,0,0,0,0,0,0,57.31,1828.04,1652.78,0.0,0.0,0.0,206.55,0.0,0.0,0.0
CN9,32M,16,1,2,0,0,0,0,0,0,64.46,2051.41,2656.71,0.0,0.0,0.0,331.39,0.0,0.0,0.0
CN9,32M,16,1,3,0,0,0,0,0,0,61.70,1964.30,1696.53,0.0,0.0,0.0,211.55,0.0,0.0,0.0
CN9,32M,16,1,4,0,0,0,0,0,0,62.98,2007.02,2427.04,0.0,0.0,0.0,303.4,0.0,0.0,0.0
CN9,32M,16,1,5,0,0,0,0,0,0,62.66,1994.43,1946.03,0.0,0.0,0.0,242.57,0.0,0.0,0.0
CN9,32M,16,2,1,0,0,0,0,0,0,57.47,1833.12,2629.71,0.0,0.0,0.0,328.73,0.0,0.0,0.0
CN9,32M,16,2,2,0,0,0,0,0,0,43.97,1401.30,2196.28,0.0,0.0,0.0,272.55,0.0,0.0,0.0
CN9,32M,16,2,3,0,0,0,0,0,0,52.82,1683.51,2718.38,0.0,0.0,0.0,339.48,0.0,0.0,0.0
CN9,32M,16,2,4,0,0,0,0,0,0,41.00,1308.14,1856.04,0.0,0.0,0.0,231.55,0.0,0.0,0.0
CN9,32M,16,2,5,0,0,0,0,0,0,45.69,1457.65,2661.72,0.0,0.0,0.0,332.73,0.0,0.0,0.0
CN9,32M,16,4,1,0,0,0,0,0,0,47.29,1508.97,1992.54,0.0,0.0,0.0,248.55,0.0,0.0,0.0
CN9,32M,16,4,2,0,0,0,0,0,0,53.81,1716.87,2092.29,0.0,0.0,0.0,261.55,0.0,0.0,0.0
CN9,32M,16,4,3,0,0,0,0,0,0,55.94,1782.16,2002.3,0.0,0.0,0.0,249.57,0.0,0.0,0.0
CN9,32M,16,4,4,0,0,0,0,0,0,48.54,1549.04,2726.06,0.0,0.0,0.0,340.73,0.0,0.0,0.0
CN9,32M,16,4,5,0,0,0,0,0,0,48.25,1531.84,2806.07,0.0,0.0,0.0,348.73,0.0,0.0,0.0
CN9,32M,16,8,1,0,0,0,0,0,0,34.41,1099.19,2392.05,0.0,0.0,0.0,298.55,0.0,0.0,0.0
CN9,32M,16,8,2,0,0,0,0,0,0,43.20,1378.78,2811.4,0.0,0.0,0.0,351.4,0.0,0.0,0.0
CN9,32M,16,8,3,0,0,0,0,0,0,63.01,2009.08,2432.41,0.0,0.0,0.0,303.4,0.0,0.0,0.0
CN9,32M,16,8,4,0,0,0,0,0,0,60.39,1925.98,2464.41,0.0,0.0,0.0,307.4,0.0,0.0,0.0
CN9,32M,16,8,5,0,0,0,0,0,0,53.69,1710.42,2164.56,0.0,0.0,0.0,270.55,0.0,0.0,0.0
CN9,32M,16,16,1,0,0,0,0,0,0,59.88,1907.46,1856.56,0.0,0.0,0.0,231.55,0.0,0.0,0.0
CN9,32M,16,16,2,0,0,0,0,0,0,53.03,1689.35,2044.31,0.0,0.0,0.0,255.55,0.0,0.0,0.0
CN9,32M,16,16,3,0,0,0,0,0,0,52.56,1670.42,1979.31,0.0,0.0,0.0,245.55,0.0,0.0,0.0
CN9,32M,16,16,4,0,0,0,0,0,0,45.18,1439.38,2036.56,0.0,0.0,0.0,254.55,0.0,0.0,0.0
CN9,32M,16,16,5,0,0,0,0,0,0,55.13,1757.69,2911.75,0.0,0.0,0.0,363.4,0.0,0.0,0.0
CN9,64M,1,1,1,0,0,0,0,0,0,18.20,1145.82,280.75,0.0,0.0,0.0,35.4,0.0,0.0,0.0
CN9,64M,1,1,2,0,0,0,0,0,0,18.22,1142.56,306.42,0.0,0.0,0.0,38.07,0.0,0.0,0.0
CN9,64M,1,1,3,0,0,0,0,0,0,18.14,1142.63,452.63,0.0,0.0,0.0,57.1,0.0,0.0,0.0
CN9,64M,1,1,4,0,0,0,0,0,0,17.69,1104.00,302.08,0.0,0.0,0.0,38.07,0.0,0.0,0.0
CN9,64M,1,1,5,0,0,0,0,0,0,18.70,1177.57,323.42,0.0,0.0,0.0,40.73,0.0,0.0,0.0
CN9,64M,1,2,1,0,0,0,0,0,0,18.57,1168.17,336.08,0.0,0.0,0.0,40.73,0.0,0.0,0.0
CN9,64M,1,2,2,0,0,0,0,0,0,19.18,1199.52,420.62,0.0,0.0,0.0,53.1,0.0,0.0,0.0
CN9,64M,1,2,3,0,0,0,0,0,0,19.07,1187.45,421.12,0.0,0.0,0.0,53.1,0.0,0.0,0.0
CN9,64M,1,2,4,0,0,0,0,0,0,17.93,1118.40,420.62,0.0,0.0,0.0,53.1,0.0,0.0,0.0
CN9,64M,1,2,5,0,0,0,0,0,0,18.13,1141.31,468.62,0.0,0.0,0.0,59.1,0.0,0.0,0.0
CN9,64M,1,4,1,0,0,0,0,0,0,18.72,1166.83,234.56,0.0,0.0,0.0,29.55,0.0,0.0,0.0
CN9,64M,1,4,2,0,0,0,0,0,0,17.49,1101.62,334.07,0.0,0.0,0.0,42.07,0.0,0.0,0.0
CN9,64M,1,4,3,0,0,0,0,0,0,18.12,1130.91,439.11,0.0,0.0,0.0,55.12,0.0,0.0,0.0
CN9,64M,1,4,4,0,0,0,0,0,0,19.25,1198.70,489.61,0.0,0.0,0.0,59.1,0.0,0.0,0.0
CN9,64M,1,4,5,0,0,0,0,0,0,17.49,1100.31,420.61,0.0,0.0,0.0,53.1,0.0,0.0,0.0
CN9,64M,1,8,1,0,0,0,0,0,0,18.03,1128.97,313.74,0.0,0.0,0.0,39.4,0.0,0.0,0.0
CN9,64M,1,8,2,0,0,0,0,0,0,18.14,1132.37,582.61,0.0,0.0,0.0,73.1,0.0,0.0,0.0
CN9,64M,1,8,3,0,0,0,0,0,0,17.32,1091.08,313.73,0.0,0.0,0.0,39.4,0.0,0.0,0.0
CN9,64M,1,8,4,0,0,0,0,0,0,18.50,1156.31,486.6,0.0,0.0,0.0,61.1,0.0,0.0,0.0
CN9,64M,1,8,5,0,0,0,0,0,0,19.06,1188.94,521.6,0.0,0.0,0.0,65.12,0.0,0.0,0.0
CN9,64M,1,16,1,0,0,0,0,0,0,18.17,1145.30,324.4,0.0,0.0,0.0,40.73,0.0,0.0,0.0
CN9,64M,1,16,2,0,0,0,0,0,0,18.92,1190.80,291.06,0.0,0.0,0.0,35.4,0.0,0.0,0.0
CN9,64M,1,16,3,0,0,0,0,0,0,18.19,1145.61,460.1,0.0,0.0,0.0,57.1,0.0,0.0,0.0
CN9,64M,1,16,4,0,0,0,0,0,0,17.84,1124.51,281.39,0.0,0.0,0.0,35.4,0.0,0.0,0.0
CN9,64M,1,16,5,0,0,0,0,0,0,18.18,1144.52,422.59,0.0,0.0,0.0,53.1,0.0,0.0,0.0
CN9,64M,2,1,1,0,0,0,0,0,0,9.71,618.76,779.54,0.0,0.0,0.0,97.55,0.0,0.0,0.0
CN9,64M,2,1,2,0,0,0,0,0,0,9.66,615.58,739.29,0.0,0.0,0.0,92.55,0.0,0.0,0.0
CN9,64M,2,1,3,0,0,0,0,0,0,9.25,589.23,1002.39,0.0,0.0,0.0,124.75,0.0,0.0,0.0
CN9,64M,2,1,4,0,0,0,0,0,0,9.65,613.44,731.04,0.0,0.0,0.0,91.55,0.0,0.0,0.0
CN9,64M,2,1,5,0,0,0,0,0,0,9.77,622.32,1080.39,0.0,0.0,0.0,132.73,0.0,0.0,0.0
CN9,64M,2,2,1,0,0,0,0,0,0,9.96,633.43,985.39,0.0,0.0,0.0,123.4,0.0,0.0,0.0
CN9,64M,2,2,2,0,0,0,0,0,0,10.20,648.25,969.06,0.0,0.0,0.0,120.73,0.0,0.0,0.0
CN9,64M,2,2,3,0,0,0,0,0,0,12.06,767.83,996.06,0.0,0.0,0.0,124.73,0.0,0.0,0.0
CN9,64M,2,2,4,0,0,0,0,0,0,10.17,648.13,990.06,0.0,0.0,0.0,123.4,0.0,0.0,0.0
CN9,64M,2,2,5,0,0,0,0,0,0,9.76,621.69,1041.06,0.0,0.0,0.0,130.09,0.0,0.0,0.0
CN9,64M,2,4,1,0,0,0,0,0,0,11.16,708.55,750.79,0.0,0.0,0.0,93.55,0.0,0.0,0.0
CN9,64M,2,4,2,0,0,0,0,0,0,9.67,616.53,772.04,0.0,0.0,0.0,96.55,0.0,0.0,0.0
CN9,64M,2,4,3,0,0,0,0,0,0,10.23,652.04,1010.06,0.0,0.0,0.0,124.73,0.0,0.0,0.0
CN9,64M,2,4,4,0,0,0,0,0,0,10.11,643.99,751.29,0.0,0.0,0.0,93.55,0.0,0.0,0.0
CN9,64M,2,4,5,0,0,0,0,0,0,11.04,700.92,999.06,0.0,0.0,0.0,124.75,0.0,0.0,0.0
CN9,64M,2,8,1,0,0,0,0,0,0,10.53,670.56,727.79,0.0,0.0,0.0,90.55,0.0,0.0,0.0
CN9,64M,2,8,2,0,0,0,0,0,0,9.67,615.86,775.04,0.0,0.0,0.0,96.55,0.0,0.0,0.0
CN9,64M,2,8,3,0,0,0,0,0,0,10.17,646.67,965.06,0.0,0.0,0.0,120.73,0.0,0.0,0.0
CN9,64M,2,8,4,0,0,0,0,0,0,9.87,628.98,1076.39,0.0,0.0,0.0,134.06,0.0,0.0,0.0
CN9,64M,2,8,5,0,0,0,0,0,0,9.52,603.58,1018.39,0.0,0.0,0.0,127.4,0.0,0.0,0.0
CN9,64M,2,16,1,0,0,0,0,0,0,9.97,634.96,1058.39,0.0,0.0,0.0,130.06,0.0,0.0,0.0
CN9,64M,2,16,2,0,0,0,0,0,0,9.38,596.77,763.79,0.0,0.0,0.0,95.55,0.0,0.0,0.0
CN9,64M,2,16,3,0,0,0,0,0,0,10.96,695.51,1039.72,0.0,0.0,0.0,130.06,0.0,0.0,0.0
CN9,64M,2,16,4,0,0,0,0,0,0,9.60,611.41,763.79,0.0,0.0,0.0,95.55,0.0,0.0,0.0
CN9,64M,2,16,5,0,0,0,0,0,0,9.48,604.17,1023.06,0.0,0.0,0.0,127.4,0.0,0.0,0.0
CN9,64M,4,1,1,0,0,0,0,0,0,18.06,1151.17,1220.39,0.0,0.0,0.0,152.73,0.0,0.0,0.0
CN9,64M,4,1,2,0,0,0,0,0,0,16.23,1031.44,1418.06,0.0,0.0,0.0,176.73,0.0,0.0,0.0
CN9,64M,4,1,3,0,0,0,0,0,0,17.46,1112.64,1370.06,0.0,0.0,0.0,171.4,0.0,0.0,0.0
CN9,64M,4,1,4,0,0,0,0,0,0,18.24,1162.04,1321.39,0.0,0.0,0.0,163.4,0.0,0.0,0.0
CN9,64M,4,1,5,0,0,0,0,0,0,17.11,1090.60,1196.06,0.0,0.0,0.0,148.8,0.0,0.0,0.0
CN9,64M,4,2,1,0,0,0,0,0,0,15.87,1011.84,1369.72,0.0,0.0,0.0,171.4,0.0,0.0,0.0
CN9,64M,4,2,2,0,0,0,0,0,0,17.22,1095.15,1278.72,0.0,0.0,0.0,159.4,0.0,0.0,0.0
CN9,64M,4,2,3,0,0,0,0,0,0,16.80,1070.94,1241.72,0.0,0.0,0.0,155.4,0.0,0.0,0.0
CN9,64M,4,2,4,0,0,0,0,0,0,17.15,1093.90,1199.06,0.0,0.0,0.0,150.06,0.0,0.0,0.0
CN9,64M,4,2,5,0,0,0,0,0,0,17.55,1119.30,1366.06,0.0,0.0,0.0,170.09,0.0,0.0,0.0
CN9,64M,4,4,1,0,0,0,0,0,0,17.83,1133.79,1316.39,0.0,0.0,0.0,164.73,0.0,0.0,0.0
CN9,64M,4,4,2,0,0,0,0,0,0,18.76,1193.93,1273.39,0.0,0.0,0.0,156.73,0.0,0.0,0.0
CN9,64M,4,4,3,0,0,0,0,0,0,16.90,1076.97,947.29,0.0,0.0,0.0,118.55,0.0,0.0,0.0
CN9,64M,4,4,4,0,0,0,0,0,0,16.56,1055.30,1135.55,0.0,0.0,0.0,141.55,0.0,0.0,0.0
CN9,64M,4,4,5,0,0,0,0,0,0,18.48,1175.04,1465.73,0.0,0.0,0.0,183.4,0.0,0.0,0.0
CN9,64M,4,8,1,0,0,0,0,0,0,21.95,1393.29,1111.3,0.0,0.0,0.0,138.55,0.0,0.0,0.0
CN9,64M,4,8,2,0,0,0,0,0,0,16.96,1081.27,1369.73,0.0,0.0,0.0,171.4,0.0,0.0,0.0
CN9,64M,4,8,3,0,0,0,0,0,0,17.70,1124.35,1177.4,0.0,0.0,0.0,147.4,0.0,0.0,0.0
CN9,64M,4,8,4,0,0,0,0,0,0,21.74,1384.22,947.3,0.0,0.0,0.0,118.55,0.0,0.0,0.0
CN9,64M,4,8,5,0,0,0,0,0,0,19.04,1213.54,1309.4,0.0,0.0,0.0,162.06,0.0,0.0,0.0
CN9,64M,4,16,1,0,0,0,0,0,0,17.96,1145.02,1038.8,0.0,0.0,0.0,129.55,0.0,0.0,0.0
CN9,64M,4,16,2,0,0,0,0,0,0,16.34,1039.32,1381.4,0.0,0.0,0.0,172.73,0.0,0.0,0.0
CN9,64M,4,16,3,0,0,0,0,0,0,16.69,1064.25,937.3,0.0,0.0,0.0,116.57,0.0,0.0,0.0
CN9,64M,4,16,4,0,0,0,0,0,0,17.20,1096.62,1232.06,0.0,0.0,0.0,154.06,0.0,0.0,0.0
CN9,64M,4,16,5,0,0,0,0,0,0,15.20,967.30,1274.73,0.0,0.0,0.0,159.4,0.0,0.0,0.0
CN9,64M,8,1,1,0,0,0,0,0,0,22.53,1437.91,1504.55,0.0,0.0,0.0,187.55,0.0,0.0,0.0
CN9,64M,8,1,2,0,0,0,0,0,0,27.24,1737.80,1787.4,0.0,0.0,0.0,223.4,0.0,0.0,0.0
CN9,64M,8,1,3,0,0,0,0,0,0,25.54,1629.15,2009.4,0.0,0.0,0.0,248.75,0.0,0.0,0.0
CN9,64M,8,1,4,0,0,0,0,0,0,24.23,1543.79,1387.8,0.0,0.0,0.0,173.55,0.0,0.0,0.0
CN9,64M,8,1,5,0,0,0,0,0,0,29.29,1868.28,1803.4,0.0,0.0,0.0,224.73,0.0,0.0,0.0
CN9,64M,8,2,1,0,0,0,0,0,0,26.95,1717.29,1915.4,0.0,0.0,0.0,239.4,0.0,0.0,0.0
CN9,64M,8,2,2,0,0,0,0,0,0,28.50,1817.87,1995.4,0.0,0.0,0.0,248.73,0.0,0.0,0.0
CN9,64M,8,2,3,0,0,0,0,0,0,24.39,1556.23,2341.74,0.0,0.0,0.0,292.73,0.0,0.0,0.0
CN9,64M,8,2,4,0,0,0,0,0,0,24.56,1567.09,1809.31,0.0,0.0,0.0,225.55,0.0,0.0,0.0
CN9,64M,8,2,5,0,0,0,0,0,0,23.57,1501.92,2555.08,0.0,0.0,0.0,319.4,0.0,0.0,0.0
CN9,64M,8,4,1,0,0,0,0,0,0,24.71,1576.97,2677.08,0.0,0.0,0.0,332.73,0.0,0.0,0.0
CN9,64M,8,4,2,0,0,0,0,0,0,22.56,1438.12,1865.56,0.0,0.0,0.0,232.56,0.0,0.0,0.0
CN9,64M,8,4,3,0,0,0,0,0,0,19.50,1245.56,2640.41,0.0,0.0,0.0,330.07,0.0,0.0,0.0
CN9,64M,8,4,4,0,0,0,0,0,0,20.99,1338.02,2784.75,0.0,0.0,0.0,347.4,0.0,0.0,0.0
CN9,64M,8,4,5,0,0,0,0,0,0,20.00,1275.38,2581.75,0.0,0.0,0.0,322.07,0.0,0.0,0.0
CN9,64M,8,8,1,0,0,0,0,0,0,20.36,1300.13,2683.09,0.0,0.0,0.0,335.4,0.0,0.0,0.0
CN9,64M,8,8,2,0,0,0,0,0,0,15.43,984.60,2624.76,0.0,0.0,0.0,327.4,0.0,0.0,0.0
CN9,64M,8,8,3,0,0,0,0,0,0,18.57,1184.29,2704.43,0.0,0.0,0.0,338.07,0.0,0.0,0.0
CN9,64M,8,8,4,0,0,0,0,0,0,21.47,1369.19,2811.43,0.0,0.0,0.0,348.73,0.0,0.0,0.0
CN9,64M,8,8,5,0,0,0,0,0,0,29.46,1875.16,2640.43,0.0,0.0,0.0,330.07,0.0,0.0,0.0
CN9,64M,8,16,1,0,0,0,0,0,0,21.15,1350.19,1880.33,0.0,0.0,0.0,234.55,0.0,0.0,0.0
CN9,64M,8,16,2,0,0,0,0,0,0,17.85,1140.06,2619.1,0.0,0.0,0.0,327.4,0.0,0.0,0.0
CN9,64M,8,16,3,0,0,0,0,0,0,20.29,1295.53,2552.1,0.0,0.0,0.0,318.1,0.0,0.0,0.0
CN9,64M,8,16,4,0,0,0,0,0,0,19.52,1244.09,2533.77,0.0,0.0,0.0,316.74,0.0,0.0,0.0
CN9,64M,8,16,5,0,0,0,0,0,0,23.52,1494.09,2560.77,0.0,0.0,0.0,319.4,0.0,0.0,0.0
CN9,64M,16,1,1,0,0,0,0,0,0,19.80,1264.78,3766.33,0.0,0.0,0.0,470.55,0.0,0.0,0.0
CN9,64M,16,1,2,0,0,0,0,0,0,24.12,1540.24,3032.27,0.0,0.0,0.0,377.24,0.0,0.0,0.0
CN9,64M,16,1,3,0,0,0,0,0,0,23.62,1508.97,3564.34,0.0,0.0,0.0,444.63,0.0,0.0,0.0
CN9,64M,16,1,4,0,0,0,0,0,0,21.80,1393.19,3998.34,0.0,0.0,0.0,499.55,0.0,0.0,0.0
CN9,64M,16,1,5,0,0,0,0,0,0,17.78,1136.93,3663.68,0.0,0.0,0.0,457.2,0.0,0.0,0.0
CN9,64M,16,2,1,0,0,0,0,0,0,20.17,1289.10,3530.1,0.0,0.0,0.0,440.55,0.0,0.0,0.0
CN9,64M,16,2,2,0,0,0,0,0,0,20.05,1281.02,4174.61,0.0,0.0,0.0,521.55,0.0,0.0,0.0
CN9,64M,16,2,3,0,0,0,0,0,0,19.75,1262.43,4146.86,0.0,0.0,0.0,517.56,0.0,0.0,0.0
CN9,64M,16,2,4,0,0,0,0,0,0,25.55,1631.72,4126.61,0.0,0.0,0.0,515.56,0.0,0.0,0.0
CN9,64M,16,2,5,0,0,0,0,0,0,19.61,1252.84,4054.37,0.0,0.0,0.0,504.59,0.0,0.0,0.0
CN9,64M,16,4,1,0,0,0,0,0,0,18.03,1152.39,3408.5,0.0,0.0,0.0,425.59,0.0,0.0,0.0
CN9,64M,16,4,2,0,0,0,0,0,0,19.04,1216.64,3163.9,0.0,0.0,0.0,394.85,0.0,0.0,0.0
CN9,64M,16,4,3,0,0,0,0,0,0,17.62,1126.66,4174.63,0.0,0.0,0.0,521.56,0.0,0.0,0.0
CN9,64M,16,4,4,0,0,0,0,0,0,18.48,1181.47,4026.89,0.0,0.0,0.0,502.56,0.0,0.0,0.0
CN9,64M,16,4,5,0,0,0,0,0,0,20.42,1304.96,4134.64,0.0,0.0,0.0,516.56,0.0,0.0,0.0
CN9,64M,16,8,1,0,0,0,0,0,0,20.18,1290.04,4123.15,0.0,0.0,0.0,514.56,0.0,0.0,0.0
CN9,64M,16,8,2,0,0,0,0,0,0,21.41,1367.59,5552.2,0.0,0.0,0.0,693.66,0.0,0.0,0.0
CN9,64M,16,8,3,0,0,0,0,0,0,20.76,1321.97,3214.52,0.0,0.0,0.0,400.45,0.0,0.0,0.0
CN9,64M,16,8,4,0,0,0,0,0,0,20.66,1320.22,4052.91,0.0,0.0,0.0,505.64,0.0,0.0,0.0
CN9,64M,16,8,5,0,0,0,0,0,0,22.95,1466.20,4078.41,0.0,0.0,0.0,509.56,0.0,0.0,0.0
CN9,64M,16,16,1,0,0,0,0,0,0,22.80,1456.98,3227.93,0.0,0.0,0.0,402.85,0.0,0.0,0.0
CN9,64M,16,16,2,0,0,0,0,0,0,25.41,1622.37,5336.9,0.0,0.0,0.0,666.08,0.0,0.0,0.0
CN9,64M,16,16,3,0,0,0,0,0,0,22.00,1405.27,4039.68,0.0,0.0,0.0,504.58,0.0,0.0,0.0
CN9,64M,16,16,4,0,0,0,0,0,0,18.95,1211.34,3307.14,0.0,0.0,0.0,412.73,0.0,0.0,0.0
CN9,64M,16,16,5,0,0,0,0,0,0,18.44,1178.88,4023.93,0.0,0.0,0.0,502.59,0.0,0.0,0.0
CN9,128M,1,1,1,0,0,0,0,0,0,5.24,665.57,757.69,0.0,0.0,0.0,92.6,0.0,0.0,0.0
CN9,128M,1,1,2,0,0,0,0,0,0,8.42,1069.99,694.92,0.0,0.0,0.0,87.13,0.0,0.0,0.0
CN9,128M,1,1,3,0,0,0,0,0,0,10.42,1318.49,585.59,0.0,0.0,0.0,72.79,0.0,0.0,0.0
CN9,128M,1,1,4,0,0,0,0,0,0,10.18,1284.44,675.92,0.0,0.0,0.0,84.75,0.0,0.0,0.0
CN9,128M,1,1,5,0,0,0,0,0,0,10.90,1382.25,521.6,0.0,0.0,0.0,65.51,0.0,0.0,0.0
CN9,128M,1,2,1,0,0,0,0,0,0,10.72,1351.95,611.92,0.0,0.0,0.0,76.75,0.0,0.0,0.0
CN9,128M,1,2,2,0,0,0,0,0,0,10.92,1385.11,633.25,0.0,0.0,0.0,79.42,0.0,0.0,0.0
CN9,128M,1,2,3,0,0,0,0,0,0,10.36,1305.53,590.92,0.0,0.0,0.0,74.09,0.0,0.0,0.0
CN9,128M,1,2,4,0,0,0,0,0,0,10.86,1377.99,651.58,0.0,0.0,0.0,79.92,0.0,0.0,0.0
CN9,128M,1,2,5,0,0,0,0,0,0,10.93,1385.54,729.25,0.0,0.0,0.0,91.42,0.0,0.0,0.0
CN9,128M,1,4,1,0,0,0,0,0,0,10.66,1351.00,658.25,0.0,0.0,0.0,82.54,0.0,0.0,0.0
CN9,128M,1,4,2,0,0,0,0,0,0,10.90,1381.52,642.58,0.0,0.0,0.0,79.96,0.0,0.0,0.0
CN9,128M,1,4,3,0,0,0,0,0,0,10.66,1350.15,577.58,0.0,0.0,0.0,72.29,0.0,0.0,0.0
CN9,128M,1,4,4,0,0,0,0,0,0,10.45,1325.24,759.25,0.0,0.0,0.0,95.17,0.0,0.0,0.0
CN9,128M,1,4,5,0,0,0,0,0,0,11.07,1402.22,617.91,0.0,0.0,0.0,76.88,0.0,0.0,0.0
CN9,128M,1,8,1,0,0,0,0,0,0,11.83,1498.69,556.43,0.0,0.0,0.0,69.75,0.0,0.0,0.0
CN9,128M,1,8,2,0,0,0,0,0,0,11.09,1398.55,716.24,0.0,0.0,0.0,87.42,0.0,0.0,0.0
CN9,128M,1,8,3,0,0,0,0,0,0,10.75,1356.53,659.58,0.0,0.0,0.0,82.35,0.0,0.0,0.0
CN9,128M,1,8,4,0,0,0,0,0,0,10.16,1281.22,645.24,0.0,0.0,0.0,80.21,0.0,0.0,0.0
CN9,128M,1,8,5,0,0,0,0,0,0,10.65,1345.05,611.24,0.0,0.0,0.0,76.54,0.0,0.0,0.0
CN9,128M,1,16,1,0,0,0,0,0,0,8.79,1116.99,783.58,0.0,0.0,0.0,98.08,0.0,0.0,0.0
CN9,128M,1,16,2,0,0,0,0,0,0,10.55,1336.94,666.24,0.0,0.0,0.0,83.42,0.0,0.0,0.0
CN9,128M,1,16,3,0,0,0,0,0,0,10.82,1371.84,629.24,0.0,0.0,0.0,78.17,0.0,0.0,0.0
CN9,128M,1,16,4,0,0,0,0,0,0,10.92,1384.95,608.24,0.0,0.0,0.0,76.17,0.0,0.0,0.0
CN9,128M,1,16,5,0,0,0,0,0,0,10.16,1288.80,681.24,0.0,0.0,0.0,83.72,0.0,0.0,0.0
CN9,128M,2,1,1,0,0,0,0,0,0,5.64,720.44,1639.43,0.0,0.0,0.0,204.56,0.0,0.0,0.0
CN9,128M,2,1,2,0,0,0,0,0,0,5.54,707.97,2143.24,0.0,0.0,0.0,267.69,0.0,0.0,0.0
CN9,128M,2,1,3,0,0,0,0,0,0,4.97,633.80,2182.91,0.0,0.0,0.0,272.13,0.0,0.0,0.0
CN9,128M,2,1,4,0,0,0,0,0,0,6.26,799.39,2224.91,0.0,0.0,0.0,278.09,0.0,0.0,0.0
CN9,128M,2,1,5,0,0,0,0,0,0,5.83,743.69,1717.18,0.0,0.0,0.0,214.56,0.0,0.0,0.0
CN9,128M,2,2,1,0,0,0,0,0,0,5.26,671.25,1631.93,0.0,0.0,0.0,203.58,0.0,0.0,0.0
CN9,128M,2,2,2,0,0,0,0,0,0,5.09,648.95,2115.25,0.0,0.0,0.0,264.5,0.0,0.0,0.0
CN9,128M,2,2,3,0,0,0,0,0,0,5.36,683.91,2159.58,0.0,0.0,0.0,267.42,0.0,0.0,0.0
CN9,128M,2,2,4,0,0,0,0,0,0,5.83,743.49,1606.94,0.0,0.0,0.0,200.94,0.0,0.0,0.0
CN9,128M,2,2,5,0,0,0,0,0,0,5.27,673.35,2115.92,0.0,0.0,0.0,263.92,0.0,0.0,0.0
CN9,128M,2,4,1,0,0,0,0,0,0,5.42,690.98,2123.25,0.0,0.0,0.0,265.5,0.0,0.0,0.0
CN9,128M,2,4,2,0,0,0,0,0,0,5.03,641.77,2143.26,0.0,0.0,0.0,267.29,0.0,0.0,0.0
CN9,128M,2,4,3,0,0,0,0,0,0,5.06,646.72,2194.26,0.0,0.0,0.0,274.12,0.0,0.0,0.0
CN9,128M,2,4,4,0,0,0,0,0,0,5.69,726.38,1526.69,0.0,0.0,0.0,190.38,0.0,0.0,0.0
CN9,128M,2,4,5,0,0,0,0,0,0,5.46,697.46,2159.93,0.0,0.0,0.0,270.09,0.0,0.0,0.0
CN9,128M,2,8,1,0,0,0,0,0,0,5.57,710.62,2219.93,0.0,0.0,0.0,275.67,0.0,0.0,0.0
CN9,128M,2,8,2,0,0,0,0,0,0,5.25,670.34,2188.26,0.0,0.0,0.0,273.0,0.0,0.0,0.0
CN9,128M,2,8,3,0,0,0,0,0,0,5.46,696.26,1621.7,0.0,0.0,0.0,202.78,0.0,0.0,0.0
CN9,128M,2,8,4,0,0,0,0,0,0,5.58,712.50,2106.6,0.0,0.0,0.0,262.71,0.0,0.0,0.0
CN9,128M,2,8,5,0,0,0,0,0,0,5.53,704.43,2174.94,0.0,0.0,0.0,271.34,0.0,0.0,0.0
CN9,128M,2,16,1,0,0,0,0,0,0,5.59,714.15,2169.6,0.0,0.0,0.0,271.3,0.0,0.0,0.0
CN9,128M,2,16,2,0,0,0,0,0,0,5.66,723.02,2205.27,0.0,0.0,0.0,275.05,0.0,0.0,0.0
CN9,128M,2,16,3,0,0,0,0,0,0,5.34,681.28,1675.95,0.0,0.0,0.0,209.57,0.0,0.0,0.0
CN9,128M,2,16,4,0,0,0,0,0,0,5.41,689.25,2096.27,0.0,0.0,0.0,259.55,0.0,0.0,0.0
CN9,128M,2,16,5,0,0,0,0,0,0,5.39,688.13,2173.61,0.0,0.0,0.0,271.8,0.0,0.0,0.0
CN9,128M,4,1,1,0,0,0,0,0,0,8.81,1124.06,2669.94,0.0,0.0,0.0,333.05,0.0,0.0,0.0
CN9,128M,4,1,2,0,0,0,0,0,0,8.41,1074.50,2747.28,0.0,0.0,0.0,343.42,0.0,0.0,0.0
CN9,128M,4,1,3,0,0,0,0,0,0,8.71,1112.61,2014.71,0.0,0.0,0.0,251.32,0.0,0.0,0.0
CN9,128M,4,1,4,0,0,0,0,0,0,9.33,1192.07,1927.71,0.0,0.0,0.0,240.97,0.0,0.0,0.0
CN9,128M,4,1,5,0,0,0,0,0,0,8.63,1101.29,2678.29,0.0,0.0,0.0,334.09,0.0,0.0,0.0
CN9,128M,4,2,1,0,0,0,0,0,0,9.11,1164.03,1964.46,0.0,0.0,0.0,245.57,0.0,0.0,0.0
CN9,128M,4,2,2,0,0,0,0,0,0,8.49,1083.97,2207.97,0.0,0.0,0.0,274.57,0.0,0.0,0.0
CN9,128M,4,2,3,0,0,0,0,0,0,9.03,1152.51,2558.29,0.0,0.0,0.0,319.13,0.0,0.0,0.0
CN9,128M,4,2,4,0,0,0,0,0,0,9.07,1156.78,2533.63,0.0,0.0,0.0,316.76,0.0,0.0,0.0
CN9,128M,4,2,5,0,0,0,0,0,0,9.05,1154.22,2655.3,0.0,0.0,0.0,331.22,0.0,0.0,0.0
CN9,128M,4,4,1,0,0,0,0,0,0,9.07,1156.93,1952.47,0.0,0.0,0.0,243.57,0.0,0.0,0.0
CN9,128M,4,4,2,0,0,0,0,0,0,9.02,1151.95,1889.72,0.0,0.0,0.0,236.23,0.0,0.0,0.0
CN9,128M,4,4,3,0,0,0,0,0,0,9.23,1177.62,1981.98,0.0,0.0,0.0,247.23,0.0,0.0,0.0
CN9,128M,4,4,4,0,0,0,0,0,0,8.71,1111.46,2811.31,0.0,0.0,0.0,351.43,0.0,0.0,0.0
CN9,128M,4,4,5,0,0,0,0,0,0,9.50,1213.31,2907.31,0.0,0.0,0.0,360.76,0.0,0.0,0.0
CN9,128M,4,8,1,0,0,0,0,0,0,9.15,1167.59,2499.64,0.0,0.0,0.0,312.51,0.0,0.0,0.0
CN9,128M,4,8,2,0,0,0,0,0,0,8.58,1094.13,2892.65,0.0,0.0,0.0,360.88,0.0,0.0,0.0
CN9,128M,4,8,3,0,0,0,0,0,0,9.76,1244.37,2841.31,0.0,0.0,0.0,355.09,0.0,0.0,0.0
CN9,128M,4,8,4,0,0,0,0,0,0,8.39,1071.95,2816.98,0.0,0.0,0.0,351.43,0.0,0.0,0.0
CN9,128M,4,8,5,0,0,0,0,0,0,8.40,1072.99,2128.99,0.0,0.0,0.0,265.96,0.0,0.0,0.0
CN9,128M,4,16,1,0,0,0,0,0,0,9.18,1170.64,2525.99,0.0,0.0,0.0,315.09,0.0,0.0,0.0
CN9,128M,4,16,2,0,0,0,0,0,0,8.44,1078.14,2853.32,0.0,0.0,0.0,356.64,0.0,0.0,0.0
CN9,128M,4,16,3,0,0,0,0,0,0,8.45,1076.68,2612.33,0.0,0.0,0.0,324.76,0.0,0.0,0.0
CN9,128M,4,16,4,0,0,0,0,0,0,8.61,1099.27,2517.0,0.0,0.0,0.0,314.1,0.0,0.0,0.0
CN9,128M,4,16,5,0,0,0,0,0,0,8.51,1086.13,2577.0,0.0,0.0,0.0,322.14,0.0,0.0,0.0
CN9,128M,8,1,1,0,0,0,0,0,0,12.89,1645.92,3128.5,0.0,0.0,0.0,390.38,0.0,0.0,0.0
CN9,128M,8,1,2,0,0,0,0,0,0,11.57,1477.94,4409.0,0.0,0.0,0.0,550.12,0.0,0.0,0.0
CN9,128M,8,1,3,0,0,0,0,0,0,12.18,1556.89,3591.01,0.0,0.0,0.0,448.76,0.0,0.0,0.0
CN9,128M,8,1,4,0,0,0,0,0,0,11.09,1417.05,3159.01,0.0,0.0,0.0,394.04,0.0,0.0,0.0
CN9,128M,8,1,5,0,0,0,0,0,0,14.00,1786.16,4541.35,0.0,0.0,0.0,567.43,0.0,0.0,0.0
CN9,128M,8,2,1,0,0,0,0,0,0,10.80,1379.76,4057.26,0.0,0.0,0.0,504.82,0.0,0.0,0.0
CN9,128M,8,2,2,0,0,0,0,0,0,11.53,1473.01,5320.69,0.0,0.0,0.0,664.77,0.0,0.0,0.0
CN9,128M,8,2,3,0,0,0,0,0,0,10.46,1336.66,4012.53,0.0,0.0,0.0,500.76,0.0,0.0,0.0
CN9,128M,8,2,4,0,0,0,0,0,0,10.03,1281.65,3198.82,0.0,0.0,0.0,399.64,0.0,0.0,0.0
CN9,128M,8,2,5,0,0,0,0,0,0,10.28,1312.74,4533.03,0.0,0.0,0.0,565.83,0.0,0.0,0.0
CN9,128M,8,4,1,0,0,0,0,0,0,10.47,1338.08,3704.29,0.0,0.0,0.0,462.83,0.0,0.0,0.0
CN9,128M,8,4,2,0,0,0,0,0,0,10.43,1333.28,4952.72,0.0,0.0,0.0,618.1,0.0,0.0,0.0
CN9,128M,8,4,3,0,0,0,0,0,0,9.62,1229.53,4030.55,0.0,0.0,0.0,503.58,0.0,0.0,0.0
CN9,128M,8,4,4,0,0,0,0,0,0,11.00,1405.07,4000.55,0.0,0.0,0.0,498.45,0.0,0.0,0.0
CN9,128M,8,4,5,0,0,0,0,0,0,10.28,1314.58,5324.07,0.0,0.0,0.0,664.6,0.0,0.0,0.0
CN9,128M,8,8,1,0,0,0,0,0,0,9.40,1200.90,3262.85,0.0,0.0,0.0,407.66,0.0,0.0,0.0
CN9,128M,8,8,2,0,0,0,0,0,0,10.73,1369.92,3980.31,0.0,0.0,0.0,496.6,0.0,0.0,0.0
CN9,128M,8,8,3,0,0,0,0,0,0,10.59,1353.24,4050.82,0.0,0.0,0.0,505.58,0.0,0.0,0.0
CN9,128M,8,8,4,0,0,0,0,0,0,9.99,1276.88,3998.82,0.0,0.0,0.0,499.58,0.0,0.0,0.0
CN9,128M,8,8,5,0,0,0,0,0,0,10.16,1297.97,4015.33,0.0,0.0,0.0,500.97,0.0,0.0,0.0
CN9,128M,8,16,1,0,0,0,0,0,0,9.41,1202.55,4054.58,0.0,0.0,0.0,506.58,0.0,0.0,0.0
CN9,128M,8,16,2,0,0,0,0,0,0,9.80,1251.61,3982.59,0.0,0.0,0.0,495.47,0.0,0.0,0.0
CN9,128M,8,16,3,0,0,0,0,0,0,10.90,1391.74,4070.59,0.0,0.0,0.0,508.58,0.0,0.0,0.0
CN9,128M,8,16,4,0,0,0,0,0,0,10.57,1350.94,3096.68,0.0,0.0,0.0,386.44,0.0,0.0,0.0
CN9,128M,8,16,5,0,0,0,0,0,0,11.65,1489.22,5343.8,0.0,0.0,0.0,667.65,0.0,0.0,0.0
CN9,128M,16,1,1,0,0,0,0,0,0,9.87,1262.38,5387.9,0.0,0.0,0.0,672.62,0.0,0.0,0.0
CN9,128M,16,1,2,0,0,0,0,0,0,9.43,1205.97,6521.69,0.0,0.0,0.0,814.62,0.0,0.0,0.0
CN9,128M,16,1,3,0,0,0,0,0,0,10.95,1399.90,6510.7,0.0,0.0,0.0,812.67,0.0,0.0,0.0
CN9,128M,16,1,4,0,0,0,0,0,0,8.83,1127.27,6542.71,0.0,0.0,0.0,817.05,0.0,0.0,0.0
CN9,128M,16,1,5,0,0,0,0,0,0,10.70,1368.18,7175.91,0.0,0.0,0.0,895.02,0.0,0.0,0.0
CN9,128M,16,2,1,0,0,0,0,0,0,10.36,1324.76,5897.94,0.0,0.0,0.0,736.26,0.0,0.0,0.0
CN9,128M,16,2,2,0,0,0,0,0,0,9.27,1185.60,6523.53,0.0,0.0,0.0,814.8,0.0,0.0,0.0
CN9,128M,16,2,3,0,0,0,0,0,0,9.47,1211.29,5442.95,0.0,0.0,0.0,679.48,0.0,0.0,0.0
CN9,128M,16,2,4,0,0,0,0,0,0,10.05,1285.43,5529.95,0.0,0.0,0.0,690.4,0.0,0.0,0.0
CN9,128M,16,2,5,0,0,0,0,0,0,10.28,1313.49,6507.95,0.0,0.0,0.0,812.76,0.0,0.0,0.0
CN9,128M,16,4,1,0,0,0,0,0,0,10.39,1328.58,5444.97,0.0,0.0,0.0,679.73,0.0,0.0,0.0
CN9,128M,16,4,2,0,0,0,0,0,0,9.91,1267.41,6539.37,0.0,0.0,0.0,816.8,0.0,0.0,0.0
CN9,128M,16,4,3,0,0,0,0,0,0,9.67,1236.52,5475.81,0.0,0.0,0.0,682.43,0.0,0.0,0.0
CN9,128M,16,4,4,0,0,0,0,0,0,11.08,1417.45,5567.65,0.0,0.0,0.0,695.07,0.0,0.0,0.0
CN9,128M,16,4,5,0,0,0,0,0,0,9.57,1223.84,6553.39,0.0,0.0,0.0,818.08,0.0,0.0,0.0
CN9,128M,16,8,1,0,0,0,0,0,0,9.66,1234.90,6543.0,0.0,0.0,0.0,817.28,0.0,0.0,0.0
CN9,128M,16,8,2,0,0,0,0,0,0,10.85,1387.41,6630.01,0.0,0.0,0.0,827.68,0.0,0.0,0.0
CN9,128M,16,8,3,0,0,0,0,0,0,9.89,1265.33,6613.62,0.0,0.0,0.0,826.08,0.0,0.0,0.0
CN9,128M,16,8,4,0,0,0,0,0,0,9.82,1256.36,6592.63,0.0,0.0,0.0,822.91,0.0,0.0,0.0
CN9,128M,16,8,5,0,0,0,0,0,0,9.45,1208.26,6583.03,0.0,0.0,0.0,822.12,0.0,0.0,0.0
CN9,128M,16,16,1,0,0,0,0,0,0,9.03,1155.41,5496.2,0.0,0.0,0.0,685.07,0.0,0.0,0.0
CN9,128M,16,16,2,0,0,0,0,0,0,9.75,1247.30,6647.25,0.0,0.0,0.0,829.81,0.0,0.0,0.0
CN9,128M,16,16,3,0,0,0,0,0,0,9.98,1276.78,6513.06,0.0,0.0,0.0,813.32,0.0,0.0,0.0
CN9,128M,16,16,4,0,0,0,0,0,0,10.46,1337.53,6605.27,0.0,0.0,0.0,824.49,0.0,0.0,0.0
CN9,128M,16,16,5,0,0,0,0,0,0,10.13,1294.84,6556.27,0.0,0.0,0.0,818.44,0.0,0.0,0.0
CN9,256M,1,1,1,0,0,0,0,0,0,6.06,1541.47,1420.85,0.0,0.0,0.0,177.62,0.0,0.0,0.0
CN9,256M,1,1,2,0,0,0,0,0,0,4.99,1271.40,1821.14,0.0,0.0,0.0,226.79,0.0,0.0,0.0
CN9,256M,1,1,3,0,0,0,0,0,0,5.78,1471.73,1792.47,0.0,0.0,0.0,224.07,0.0,0.0,0.0
CN9,256M,1,1,4,0,0,0,0,0,0,5.75,1465.43,1730.14,0.0,0.0,0.0,213.82,0.0,0.0,0.0
CN9,256M,1,1,5,0,0,0,0,0,0,5.78,1471.11,1885.8,0.0,0.0,0.0,235.74,0.0,0.0,0.0
CN9,256M,1,2,1,0,0,0,0,0,0,6.07,1544.42,1296.61,0.0,0.0,0.0,161.62,0.0,0.0,0.0
CN9,256M,1,2,2,0,0,0,0,0,0,5.88,1497.91,1734.14,0.0,0.0,0.0,216.82,0.0,0.0,0.0
CN9,256M,1,2,3,0,0,0,0,0,0,5.05,1287.77,1783.14,0.0,0.0,0.0,222.2,0.0,0.0,0.0
CN9,256M,1,2,4,0,0,0,0,0,0,4.75,1211.25,1856.81,0.0,0.0,0.0,232.11,0.0,0.0,0.0
CN9,256M,1,2,5,0,0,0,0,0,0,6.10,1552.05,1771.81,0.0,0.0,0.0,220.82,0.0,0.0,0.0
CN9,256M,1,4,1,0,0,0,0,0,0,5.33,1358.66,1746.14,0.0,0.0,0.0,218.28,0.0,0.0,0.0
CN9,256M,1,4,2,0,0,0,0,0,0,6.12,1558.89,1339.36,0.0,0.0,0.0,166.08,0.0,0.0,0.0
CN9,256M,1,4,3,0,0,0,0,0,0,5.83,1484.85,1766.14,0.0,0.0,0.0,220.11,0.0,0.0,0.0
CN9,256M,1,4,4,0,0,0,0,0,0,4.78,1218.12,1830.48,0.0,0.0,0.0,228.82,0.0,0.0,0.0
CN9,256M,1,4,5,0,0,0,0,0,0,6.08,1549.26,1296.61,0.0,0.0,0.0,161.62,0.0,0.0,0.0
CN9,256M,1,8,1,0,0,0,0,0,0,5.07,1290.95,1856.81,0.0,0.0,0.0,231.49,0.0,0.0,0.0
CN9,256M,1,8,2,0,0,0,0,0,0,6.11,1555.90,1214.86,0.0,0.0,0.0,151.9,0.0,0.0,0.0
CN9,256M,1,8,3,0,0,0,0,0,0,5.23,1333.78,1772.81,0.0,0.0,0.0,220.83,0.0,0.0,0.0
CN9,256M,1,8,4,0,0,0,0,0,0,5.81,1478.02,1880.81,0.0,0.0,0.0,235.11,0.0,0.0,0.0
CN9,256M,1,8,5,0,0,0,0,0,0,4.68,1193.46,1786.48,0.0,0.0,0.0,220.82,0.0,0.0,0.0
CN9,256M,1,16,1,0,0,0,0,0,0,6.01,1531.20,1777.15,0.0,0.0,0.0,222.16,0.0,0.0,0.0
CN9,256M,1,16,2,0,0,0,0,0,0,5.81,1476.21,1770.82,0.0,0.0,0.0,220.7,0.0,0.0,0.0
CN9,256M,1,16,3,0,0,0,0,0,0,5.35,1359.08,1712.82,0.0,0.0,0.0,214.16,0.0,0.0,0.0
CN9,256M,1,16,4,0,0,0,0,0,0,5.82,1482.93,1707.49,0.0,0.0,0.0,212.82,0.0,0.0,0.0
CN9,256M,1,16,5,0,0,0,0,0,0,5.81,1479.69,1808.15,0.0,0.0,0.0,226.16,0.0,0.0,0.0
CN9,256M,2,1,1,0,0,0,0,0,0,2.87,731.81,4226.82,0.0,0.0,0.0,527.49,0.0,0.0,0.0
CN9,256M,2,1,2,0,0,0,0,0,0,2.84,724.80,4303.16,0.0,0.0,0.0,537.74,0.0,0.0,0.0
CN9,256M,2,1,3,0,0,0,0,0,0,2.87,733.42,4093.49,0.0,0.0,0.0,508.82,0.0,0.0,0.0
CN9,256M,2,1,4,0,0,0,0,0,0,3.04,776.40,4384.17,0.0,0.0,0.0,547.24,0.0,0.0,0.0
CN9,256M,2,1,5,0,0,0,0,0,0,2.94,751.94,4295.84,0.0,0.0,0.0,536.82,0.0,0.0,0.0
CN9,256M,2,2,1,0,0,0,0,0,0,3.04,777.92,4409.84,0.0,0.0,0.0,550.16,0.0,0.0,0.0
CN9,256M,2,2,2,0,0,0,0,0,0,2.83,722.41,4391.84,0.0,0.0,0.0,548.16,0.0,0.0,0.0
CN9,256M,2,2,3,0,0,0,0,0,0,2.93,748.31,4338.52,0.0,0.0,0.0,542.16,0.0,0.0,0.0
CN9,256M,2,2,4,0,0,0,0,0,0,3.03,774.22,4322.85,0.0,0.0,0.0,539.49,0.0,0.0,0.0
CN9,256M,2,2,5,0,0,0,0,0,0,3.25,830.44,4338.52,0.0,0.0,0.0,542.16,0.0,0.0,0.0
CN9,256M,2,4,1,0,0,0,0,0,0,2.99,764.71,3246.89,0.0,0.0,0.0,403.62,0.0,0.0,0.0
CN9,256M,2,4,2,0,0,0,0,0,0,2.84,726.72,4389.87,0.0,0.0,0.0,548.4,0.0,0.0,0.0
CN9,256M,2,4,3,0,0,0,0,0,0,3.09,789.75,4334.2,0.0,0.0,0.0,540.84,0.0,0.0,0.0
CN9,256M,2,4,4,0,0,0,0,0,0,2.89,739.08,4317.21,0.0,0.0,0.0,539.5,0.0,0.0,0.0
CN9,256M,2,4,5,0,0,0,0,0,0,2.88,735.81,4386.88,0.0,0.0,0.0,547.5,0.0,0.0,0.0
CN9,256M,2,8,1,0,0,0,0,0,0,2.89,738.86,4263.88,0.0,0.0,0.0,532.83,0.0,0.0,0.0
CN9,256M,2,8,2,0,0,0,0,0,0,3.06,780.73,4397.89,0.0,0.0,0.0,548.83,0.0,0.0,0.0
CN9,256M,2,8,3,0,0,0,0,0,0,2.98,760.58,4178.56,0.0,0.0,0.0,522.16,0.0,0.0,0.0
CN9,256M,2,8,4,0,0,0,0,0,0,3.02,772.19,4371.56,0.0,0.0,0.0,543.5,0.0,0.0,0.0
CN9,256M,2,8,5,0,0,0,0,0,0,3.06,780.95,4568.57,0.0,0.0,0.0,570.17,0.0,0.0,0.0
CN9,256M,2,16,1,0,0,0,0,0,0,2.93,749.48,4317.57,0.0,0.0,0.0,539.42,0.0,0.0,0.0
CN9,256M,2,16,2,0,0,0,0,0,0,2.82,720.16,4440.57,0.0,0.0,0.0,554.17,0.0,0.0,0.0
CN9,256M,2,16,3,0,0,0,0,0,0,3.01,767.43,4311.58,0.0,0.0,0.0,538.17,0.0,0.0,0.0
CN9,256M,2,16,4,0,0,0,0,0,0,2.83,723.37,4531.25,0.0,0.0,0.0,566.17,0.0,0.0,0.0
CN9,256M,2,16,5,0,0,0,0,0,0,2.85,728.81,4406.92,0.0,0.0,0.0,549.92,0.0,0.0,0.0
CN9,256M,4,1,1,0,0,0,0,0,0,4.64,1186.95,4006.69,0.0,0.0,0.0,500.63,0.0,0.0,0.0
CN9,256M,4,1,2,0,0,0,0,0,0,5.18,1323.09,4335.45,0.0,0.0,0.0,539.63,0.0,0.0,0.0
CN9,256M,4,1,3,0,0,0,0,0,0,4.60,1175.73,3481.56,0.0,0.0,0.0,434.9,0.0,0.0,0.0
CN9,256M,4,1,4,0,0,0,0,0,0,4.84,1235.99,4059.71,0.0,0.0,0.0,506.63,0.0,0.0,0.0
CN9,256M,4,1,5,0,0,0,0,0,0,4.49,1146.91,3975.46,0.0,0.0,0.0,496.63,0.0,0.0,0.0
CN9,256M,4,2,1,0,0,0,0,0,0,4.44,1135.36,2985.37,0.0,0.0,0.0,372.5,0.0,0.0,0.0
CN9,256M,4,2,2,0,0,0,0,0,0,4.31,1100.79,3775.47,0.0,0.0,0.0,471.63,0.0,0.0,0.0
CN9,256M,4,2,3,0,0,0,0,0,0,4.60,1176.98,3036.98,0.0,0.0,0.0,378.9,0.0,0.0,0.0
CN9,256M,4,2,4,0,0,0,0,0,0,4.38,1120.62,4111.73,0.0,0.0,0.0,513.63,0.0,0.0,0.0
CN9,256M,4,2,5,0,0,0,0,0,0,4.53,1156.71,3510.48,0.0,0.0,0.0,436.63,0.0,0.0,0.0
CN9,256M,4,4,1,0,0,0,0,0,0,4.64,1187.68,3120.19,0.0,0.0,0.0,389.3,0.0,0.0,0.0
CN9,256M,4,4,2,0,0,0,0,0,0,4.96,1267.37,3791.49,0.0,0.0,0.0,473.63,0.0,0.0,0.0
CN9,256M,4,4,3,0,0,0,0,0,0,4.90,1252.51,3868.24,0.0,0.0,0.0,482.63,0.0,0.0,0.0
CN9,256M,4,4,4,0,0,0,0,0,0,4.85,1238.89,3042.6,0.0,0.0,0.0,379.71,0.0,0.0,0.0
CN9,256M,4,4,5,0,0,0,0,0,0,4.40,1123.21,3992.25,0.0,0.0,0.0,498.65,0.0,0.0,0.0
CN9,256M,4,8,1,0,0,0,0,0,0,4.39,1121.36,4243.5,0.0,0.0,0.0,529.63,0.0,0.0,0.0
CN9,256M,4,8,2,0,0,0,0,0,0,4.66,1190.41,4431.51,0.0,0.0,0.0,553.63,0.0,0.0,0.0
CN9,256M,4,8,3,0,0,0,0,0,0,5.10,1302.18,4455.76,0.0,0.0,0.0,554.63,0.0,0.0,0.0
CN9,256M,4,8,4,0,0,0,0,0,0,4.54,1159.14,4175.77,0.0,0.0,0.0,521.64,0.0,0.0,0.0
CN9,256M,4,8,5,0,0,0,0,0,0,4.25,1086.03,4388.52,0.0,0.0,0.0,547.64,0.0,0.0,0.0
CN9,256M,4,16,1,0,0,0,0,0,0,4.51,1153.39,3847.78,0.0,0.0,0.0,480.64,0.0,0.0,0.0
CN9,256M,4,16,2,0,0,0,0,0,0,4.35,1111.96,3812.03,0.0,0.0,0.0,475.64,0.0,0.0,0.0
CN9,256M,4,16,3,0,0,0,0,0,0,4.53,1155.72,3193.43,0.0,0.0,0.0,398.91,0.0,0.0,0.0
CN9,256M,4,16,4,0,0,0,0,0,0,4.75,1214.42,3446.83,0.0,0.0,0.0,430.11,0.0,0.0,0.0
CN9,256M,4,16,5,0,0,0,0,0,0,4.71,1203.14,3983.79,0.0,0.0,0.0,497.64,0.0,0.0,0.0
CN9,256M,8,1,1,0,0,0,0,0,0,6.58,1681.35,5899.44,0.0,0.0,0.0,735.71,0.0,0.0,0.0
CN9,256M,8,1,2,0,0,0,0,0,0,5.29,1352.54,6541.04,0.0,0.0,0.0,816.51,0.0,0.0,0.0
CN9,256M,8,1,3,0,0,0,0,0,0,5.54,1417.52,6614.25,0.0,0.0,0.0,826.11,0.0,0.0,0.0
CN9,256M,8,1,4,0,0,0,0,0,0,5.11,1306.38,6593.26,0.0,0.0,0.0,822.94,0.0,0.0,0.0
CN9,256M,8,1,5,0,0,0,0,0,0,5.56,1421.45,6617.47,0.0,0.0,0.0,826.11,0.0,0.0,0.0
CN9,256M,8,2,1,0,0,0,0,0,0,5.40,1382.00,6614.68,0.0,0.0,0.0,826.12,0.0,0.0,0.0
CN9,256M,8,2,2,0,0,0,0,0,0,4.76,1216.59,6623.68,0.0,0.0,0.0,826.92,0.0,0.0,0.0
CN9,256M,8,2,3,0,0,0,0,0,0,4.86,1244.35,6549.69,0.0,0.0,0.0,818.12,0.0,0.0,0.0
CN9,256M,8,2,4,0,0,0,0,0,0,4.93,1260.81,6620.3,0.0,0.0,0.0,825.32,0.0,0.0,0.0
CN9,256M,8,2,5,0,0,0,0,0,0,4.70,1203.71,5504.26,0.0,0.0,0.0,687.1,0.0,0.0,0.0
CN9,256M,8,4,1,0,0,0,0,0,0,5.03,1285.73,6604.52,0.0,0.0,0.0,824.52,0.0,0.0,0.0
CN9,256M,8,4,2,0,0,0,0,0,0,4.69,1200.76,6568.92,0.0,0.0,0.0,820.52,0.0,0.0,0.0
CN9,256M,8,4,3,0,0,0,0,0,0,4.92,1258.25,5520.61,0.0,0.0,0.0,689.1,0.0,0.0,0.0
CN9,256M,8,4,4,0,0,0,0,0,0,5.62,1438.00,5500.78,0.0,0.0,0.0,687.1,0.0,0.0,0.0
CN9,256M,8,4,5,0,0,0,0,0,0,5.14,1314.50,6585.35,0.0,0.0,0.0,822.12,0.0,0.0,0.0
CN9,256M,8,8,1,0,0,0,0,0,0,5.15,1318.40,5484.8,0.0,0.0,0.0,685.1,0.0,0.0,0.0
CN9,256M,8,8,2,0,0,0,0,0,0,5.09,1302.02,6646.56,0.0,0.0,0.0,828.53,0.0,0.0,0.0
CN9,256M,8,8,3,0,0,0,0,0,0,5.04,1289.57,6599.17,0.0,0.0,0.0,823.76,0.0,0.0,0.0
CN9,256M,8,8,4,0,0,0,0,0,0,5.28,1349.28,6589.38,0.0,0.0,0.0,822.96,0.0,0.0,0.0
CN9,256M,8,8,5,0,0,0,0,0,0,5.07,1297.63,5477.82,0.0,0.0,0.0,683.8,0.0,0.0,0.0
CN9,256M,8,16,1,0,0,0,0,0,0,3.90,998.34,6391.83,0.0,0.0,0.0,797.81,0.0,0.0,0.0
CN9,256M,8,16,2,0,0,0,0,0,0,7.10,1814.38,6082.2,0.0,0.0,0.0,759.73,0.0,0.0,0.0
CN9,256M,8,16,3,0,0,0,0,0,0,5.75,1470.34,7527.21,0.0,0.0,0.0,939.73,0.0,0.0,0.0
CN9,256M,8,16,4,0,0,0,0,0,0,5.27,1346.97,5838.62,0.0,0.0,0.0,729.33,0.0,0.0,0.0
CN9,256M,8,16,5,0,0,0,0,0,0,4.89,1250.06,6409.83,0.0,0.0,0.0,798.93,0.0,0.0,0.0
CN9,256M,16,1,1,0,0,0,0,0,0,4.16,1065.00,8415.02,0.0,0.0,0.0,1050.56,0.0,0.0,0.0
CN9,256M,16,1,2,0,0,0,0,0,0,4.14,1060.82,9462.66,0.0,0.0,0.0,1181.42,0.0,0.0,0.0
CN9,256M,16,1,3,0,0,0,0,0,0,4.03,1030.63,9441.3,0.0,0.0,0.0,1178.93,0.0,0.0,0.0
CN9,256M,16,1,4,0,0,0,0,0,0,4.12,1053.99,9457.68,0.0,0.0,0.0,1180.88,0.0,0.0,0.0
CN9,256M,16,1,5,0,0,0,0,0,0,3.98,1018.57,8390.84,0.0,0.0,0.0,1047.9,0.0,0.0,0.0
CN9,256M,16,2,1,0,0,0,0,0,0,4.14,1058.75,9442.71,0.0,0.0,0.0,1178.89,0.0,0.0,0.0
CN9,256M,16,2,2,0,0,0,0,0,0,3.85,985.28,9475.6,0.0,0.0,0.0,1183.39,0.0,0.0,0.0
CN9,256M,16,2,3,0,0,0,0,0,0,4.11,1052.61,9444.23,0.0,0.0,0.0,1178.41,0.0,0.0,0.0
CN9,256M,16,2,4,0,0,0,0,0,0,4.09,1047.36,9451.87,0.0,0.0,0.0,1179.93,0.0,0.0,0.0
CN9,256M,16,2,5,0,0,0,0,0,0,4.00,1022.70,9447.76,0.0,0.0,0.0,1179.89,0.0,0.0,0.0
CN9,256M,16,4,1,0,0,0,0,0,0,4.39,1122.63,8397.13,0.0,0.0,0.0,1048.36,0.0,0.0,0.0
CN9,256M,16,4,2,0,0,0,0,0,0,4.10,1048.71,9445.66,0.0,0.0,0.0,1179.4,0.0,0.0,0.0
CN9,256M,16,4,3,0,0,0,0,0,0,3.84,982.89,8387.26,0.0,0.0,0.0,1047.46,0.0,0.0,0.0
CN9,256M,16,4,4,0,0,0,0,0,0,4.12,1054.01,8382.33,0.0,0.0,0.0,1046.6,0.0,0.0,0.0
CN9,256M,16,4,5,0,0,0,0,0,0,3.88,991.89,9459.69,0.0,0.0,0.0,1181.4,0.0,0.0,0.0
CN9,256M,16,8,1,0,0,0,0,0,0,4.04,1032.73,9480.33,0.0,0.0,0.0,1182.92,0.0,0.0,0.0
CN9,256M,16,8,2,0,0,0,0,0,0,4.11,1052.13,8396.64,0.0,0.0,0.0,1048.36,0.0,0.0,0.0
CN9,256M,16,8,3,0,0,0,0,0,0,3.98,1019.31,9438.23,0.0,0.0,0.0,1178.4,0.0,0.0,0.0
CN9,256M,16,8,4,0,0,0,0,0,0,3.88,992.47,9414.62,0.0,0.0,0.0,1175.69,0.0,0.0,0.0
CN9,256M,16,8,5,0,0,0,0,0,0,3.98,1017.38,8393.34,0.0,0.0,0.0,1047.92,0.0,0.0,0.0
CN9,256M,16,16,1,0,0,0,0,0,0,4.05,1036.84,8405.57,0.0,0.0,0.0,1049.7,0.0,0.0,0.0
CN9,256M,16,16,2,0,0,0,0,0,0,4.23,1083.12,10796.03,0.0,0.0,0.0,1347.9,0.0,0.0,0.0
CN9,256M,16,16,3,0,0,0,0,0,0,4.12,1054.51,9477.42,0.0,0.0,0.0,1183.45,0.0,0.0,0.0
CN9,256M,16,16,4,0,0,0,0,0,0,3.98,1017.60,9450.05,0.0,0.0,0.0,1179.43,0.0,0.0,0.0
CN9,256M,16,16,5,0,0,0,0,0,0,4.23,1083.37,9454.44,0.0,0.0,0.0,1180.42,0.0,0.0,0.0
