0621-1211
CN8,4G,1,1,1,840,1037,1795,6390,1370,1494,1438.80,1512,5090.13,5059.02,5257.56,5154.27,604.36,603.1,603.65,606.84
CN8,4G,1,1,2,947,1188,1647,2442,1280,1522,1384.80,1466,5182.13,5166.88,5318.56,5108.7,612.61,608.21,608.7,601.87
CN8,4G,1,1,3,898,1205,1713,2180,1322,1532,1414.00,1495,5225.28,5163.46,5347.99,5131.84,612.3,608.61,608.49,607.09
CN8,4G,1,1,4,898,1090,1598,7046,1322,1424,1391.40,1468,5191.71,5036.6,5296.71,5085.99,612.62,606.96,609.41,599.58
CN8,4G,1,1,5,824,1074,1680,6980,1335,1512,1449.00,1526,6056.16,5927.7,6212.16,5917.99,714.61,706.4,709.4,708.27
CN8,4G,1,2,1,898,1090,1500,1876,1294,1520,1408.00,1491,5973.99,6027.2,6114.84,6085.66,709.57,708.89,709.09,706.52
CN8,4G,1,2,2,865,1074,1450,1795,1360,1484,1432.00,1507,6012.96,6043.61,6037.89,5970.31,713.95,708.8,709.23,702.54
CN8,4G,1,2,3,840,1074,1549,2180,1322,1512,1433.00,1510,6016.33,5934.88,6078.17,6107.83,715.31,708.01,704.18,709.19
CN8,4G,1,2,4,889,1074,1500,2040,1334,1486,1412.80,1489,5963.33,5961.55,6142.68,6067.17,714.43,708.65,710.02,708.8
CN8,4G,1,2,5,914,1074,1434,1942,1294,1468,1398.80,1477,5121.86,5120.61,5227.3,5113.86,607.16,603.34,608.69,600.5
CN8,4G,1,4,1,873,1139,1696,1942,1340,1472,1404.80,1484,5174.14,5164.47,5175.58,5103.58,613.44,608.74,608.6,604.17
CN8,4G,1,4,2,865,1020,1532,2311,1270,1464,1408.20,1482,5128.0,5044.33,5115.87,5130.43,613.73,602.45,608.02,608.32
CN8,4G,1,4,3,906,1074,1450,2606,1338,1482,1402.40,1482,5202.29,5040.05,5164.44,5148.29,613.55,600.34,605.35,609.33
CN8,4G,1,4,4,889,1074,1532,4490,1326,1494,1419.00,1502,6021.5,6063.56,6091.19,5966.84,715.59,707.35,710.75,703.72
CN8,4G,1,4,5,816,1037,1565,2057,1380,1476,1433.60,1509,5994.17,6010.39,6058.02,5967.18,715.25,710.42,710.63,709.32
CN8,4G,1,8,1,840,1012,1254,1778,1338,1474,1425.20,1500,5122.0,5080.19,5079.45,5152.3,610.71,601.59,604.14,608.07
CN8,4G,1,8,2,922,1221,1549,1926,1362,1512,1415.20,1492,5945.34,5970.89,5959.03,6004.85,714.72,709.67,709.68,708.46
CN8,4G,1,8,3,873,1057,1336,2868,1332,1494,1410.40,1492,5194.58,5218.34,5224.45,5234.87,613.03,609.14,608.74,609.66
CN8,4G,1,8,4,857,1045,1450,2606,1372,1470,1426.00,1503,5982.67,6059.4,6070.2,5976.86,706.02,707.52,709.82,703.85
CN8,4G,1,8,5,898,1123,1598,2573,1310,1500,1406.00,1482,5173.58,5139.63,5143.03,5204.59,613.45,608.9,606.9,609.23
CN8,4G,1,12,1,889,1045,1549,3032,1329,1522,1415.40,1493,5144.51,5177.15,5170.44,5104.48,611.96,609.0,606.49,600.36
CN8,4G,1,12,2,881,1139,1926,4113,1310,1484,1403.40,1467,5153.15,5180.21,5201.03,5181.17,613.19,609.26,608.77,610.7
CN8,4G,1,12,3,906,1123,1663,1876,1276,1492,1406.00,1487,5334.03,5107.82,5218.42,5183.99,614.18,604.53,608.95,607.98
CN8,4G,1,12,4,865,1074,1614,2024,1322,1492,1430.60,1508,5150.72,5136.35,5205.04,5127.46,607.21,607.96,608.5,606.14
CN8,4G,1,12,5,898,1139,1614,1942,1310,1484,1398.80,1479,5063.3,5162.78,5235.75,5084.32,606.17,610.56,608.36,607.64
CN8,4G,1,24,1,881,1106,1713,1942,1318,1478,1413.60,1491,6124.68,6038.41,6046.55,6044.04,716.65,711.34,708.82,708.94
CN8,4G,1,24,2,898,1074,1516,1942,1330,1516,1424.80,1508,5274.73,5121.36,5147.76,5204.61,615.06,606.55,604.07,610.78
CN8,4G,1,24,3,857,1057,1647,1926,1290,1508,1428.80,1501,5218.44,5218.79,5200.04,5073.46,617.14,610.04,608.58,601.15
CN8,4G,1,24,4,848,1057,1549,1860,1346,1516,1432.00,1509,5999.18,6066.09,6061.39,6099.38,711.57,711.17,703.01,710.23
CN8,4G,1,24,5,865,1029,1385,5407,1266,1487,1420.20,1495,5245.16,5212.79,5228.9,5131.9,617.1,610.49,608.94,608.88
CN8,4G,2,1,1,2769,5211,9503,31851,674,1476,991.00,2049,8802.39,8799.32,8909.54,8751.54,1054.22,1048.03,1046.5,1041.71
CN8,4G,2,1,2,2737,5407,10552,13042,708,1538,993.94,2039,8775.77,8645.2,8827.67,8802.29,1051.32,1046.06,1045.45,1046.36
CN8,4G,2,1,3,2638,5145,14615,96994,656,1498,998.50,2033,8710.65,8694.96,8814.93,8828.3,1050.56,1047.42,1045.82,1050.87
CN8,4G,2,1,4,2671,4752,9896,46400,642,1488,1000.75,2062,8708.83,8687.37,8789.58,8727.63,1048.47,1044.82,1045.29,1045.89
CN8,4G,2,1,5,2671,5211,9110,29230,700,1508,999.75,2077,9083.33,9085.97,9111.51,9327.93,1087.92,1080.9,1088.21,1117.69
CN8,4G,2,2,1,824,1037,4424,11863,1368,1516,1438.80,2987,8524.39,8107.97,8709.6,8500.76,1030.16,972.67,1037.5,1021.07
CN8,4G,2,2,2,816,996,1270,1844,1352,1532,1454.10,3008,8289.52,8236.61,8409.69,8577.36,988.8,986.05,1000.94,1025.36
CN8,4G,2,2,3,3720,7898,13829,23725,488,1456,855.00,1776,8964.43,8590.49,8974.09,8604.33,1052.85,1045.24,1049.86,1046.58
CN8,4G,2,2,4,816,988,1188,3064,1306,1532,1461.00,2981,8194.91,8398.33,8464.8,8113.62,991.11,1019.37,1015.07,977.92
CN8,4G,2,2,5,840,1012,1401,2024,1294,1486,1435.30,2970,8298.86,9303.14,8872.61,8935.56,1008.35,1108.83,1069.73,1075.58
CN8,4G,2,4,1,947,1188,1647,3851,1300,1482,1399.20,2887,8243.22,8645.87,8768.55,8706.69,1001.83,1042.42,1053.89,1050.37
CN8,4G,2,4,2,955,1172,1663,2442,1304,1460,1386.00,2864,8084.6,8587.36,8306.49,8452.98,977.32,1030.26,988.56,1019.1
CN8,4G,2,4,3,963,1205,1532,1876,1307,1434,1379.73,2854,8280.09,8841.03,8840.28,8825.42,1002.27,1069.35,1062.64,1061.69
CN8,4G,2,4,4,955,1205,1745,5014,1298,1446,1380.90,2888,8234.28,8461.34,8500.8,8459.17,989.94,1016.75,1017.02,1020.83
CN8,4G,2,4,5,996,1254,1762,1975,1256,1386,1322.00,2719,8638.95,8900.33,8957.41,8894.63,1038.76,1071.09,1068.24,1065.67
CN8,4G,2,8,1,971,1254,1680,2606,1270,1390,1348.42,2805,8832.33,8752.6,8855.37,8795.46,1060.76,1054.01,1064.49,1060.23
CN8,4G,2,8,2,988,1270,1729,3687,1286,1426,1367.45,2833,8163.09,8507.2,8355.56,8559.28,978.28,1016.0,987.35,1025.77
CN8,4G,2,8,3,971,1237,1647,1942,1290,1454,1369.45,2831,8242.64,8692.91,8363.21,8646.87,995.12,1039.55,1004.07,1035.39
CN8,4G,2,8,4,979,1221,1663,2835,1312,1446,1375.82,2853,8329.85,8571.15,8286.59,8656.32,1000.88,1025.15,995.72,1039.01
CN8,4G,2,8,5,955,1221,1647,2114,1334,1466,1391.70,2836,8988.99,8505.43,8182.39,8694.05,1053.03,1013.12,985.09,1032.4
CN8,4G,2,12,1,979,1254,1696,2868,1310,1444,1376.64,2835,8881.57,8666.37,8669.63,8785.48,1072.78,1045.31,1038.61,1065.34
CN8,4G,2,12,2,947,1205,1745,2638,1322,1478,1391.40,2867,8598.01,8617.11,8088.41,8555.07,1024.66,1031.82,975.96,1037.21
CN8,4G,2,12,3,971,1221,1663,3032,1246,1438,1378.00,2828,8421.07,8435.93,8537.54,8340.57,1008.27,1010.4,1022.55,1005.58
CN8,4G,2,12,4,955,1221,1631,1860,1268,1450,1390.73,2853,8899.59,9295.25,9004.23,8854.65,1069.56,1109.04,1078.29,1069.52
CN8,4G,2,12,5,988,1270,1729,2180,1272,1436,1372.55,2814,9190.31,9039.12,8804.8,9316.08,1101.5,1083.2,1059.45,1108.41
CN8,4G,2,24,1,996,1237,1663,3261,1278,1424,1364.73,2823,8406.2,8420.48,8471.11,9085.44,1008.18,1010.89,1017.47,1075.62
CN8,4G,2,24,2,955,1254,1614,3294,1288,1448,1394.20,2851,8069.38,8032.49,8227.12,8068.62,962.3,955.23,975.97,955.63
CN8,4G,2,24,3,988,1237,1614,1827,1268,1392,1344.42,2807,9033.47,8840.42,8609.04,9170.85,1077.97,1059.45,1037.92,1099.1
CN8,4G,2,24,4,971,1270,1893,6325,1276,1462,1379.40,2827,8631.06,8826.51,8405.47,8679.47,1031.32,1052.99,1009.58,1030.13
CN8,4G,2,24,5,971,1287,1844,5145,1298,1426,1372.00,2850,8422.78,8239.3,8229.3,8213.44,1006.28,978.44,977.55,983.8
CN8,4G,4,1,1,7963,14484,21365,32375,328,1512,506.22,2100,9029.24,9367.59,9038.07,9453.72,1105.95,1108.37,1103.08,1110.16
CN8,4G,4,1,2,7570,13960,20055,31327,350,1446,529.28,2184,9881.63,10385.52,10156.01,10652.34,1200.39,1252.17,1227.78,1277.4
CN8,4G,4,1,3,7963,14353,22676,50594,338,1450,505.89,2079,10054.6,10434.32,9989.7,10247.76,1218.55,1265.43,1210.08,1244.61
CN8,4G,4,1,4,7767,12649,20055,51643,214,1456,488.22,1643,10108.06,9738.9,9742.81,10181.09,1174.17,1185.56,1183.2,1188.58
CN8,4G,4,1,5,7898,13566,22152,52691,164,1544,449.64,1574,9692.42,9909.55,9701.39,9782.6,1126.88,1156.06,1182.13,1186.12
CN8,4G,4,2,1,8225,14484,22676,35914,316,1407,501.94,2092,9774.51,9868.41,9749.83,9859.4,1189.79,1188.64,1185.86,1187.79
CN8,4G,4,2,2,8291,14877,21890,36439,278,1526,515.77,2129,9792.51,9772.16,9782.17,9945.32,1187.7,1186.55,1185.95,1186.82
CN8,4G,4,2,3,8586,13435,20841,39584,178,1368,479.91,1772,9102.59,9136.58,9289.19,9176.99,1108.18,1106.61,1110.8,1108.12
CN8,4G,4,2,4,8586,13960,20841,31327,158,1338,483.63,1789,9754.03,9833.44,9852.93,9819.14,1187.11,1188.04,1188.46,1186.56
CN8,4G,4,2,5,8717,14091,20055,38011,142,1394,473.02,1756,9846.87,9806.13,9975.98,9873.73,1188.09,1186.12,1188.32,1185.06
CN8,4G,4,4,1,9110,16057,26870,39060,310,1384,504.16,2103,9742.81,10098.71,10135.69,9807.52,1185.66,1211.76,1225.18,1195.62
CN8,4G,4,4,2,9241,16450,22676,43779,290,1446,493.72,2041,10081.81,9797.11,9905.1,10013.6,1219.82,1191.44,1205.63,1211.84
CN8,4G,4,4,3,9372,16319,23200,35914,298,1362,496.72,2059,9951.42,10168.8,10178.92,10318.31,1212.48,1234.51,1230.99,1249.07
CN8,4G,4,4,4,9110,16057,22152,26608,302,1358,503.69,2098,10022.59,10344.07,10195.22,10249.97,1221.86,1243.82,1231.22,1237.12
CN8,4G,4,4,5,9372,17957,33817,49021,308,1406,494.47,2043,9986.3,10360.59,9917.86,10062.14,1202.36,1243.58,1203.63,1215.68
CN8,4G,4,8,1,9372,17171,25560,43779,312,1326,498.41,2071,9713.77,9792.84,10124.49,10187.16,1187.65,1193.81,1224.96,1234.49
CN8,4G,4,8,2,9241,15401,23462,35390,318,1376,496.81,2057,9594.47,9794.02,10061.37,9825.93,1171.84,1182.96,1200.22,1195.19
CN8,4G,4,8,3,9110,15926,27395,67634,276,1400,492.37,2033,9704.04,9643.7,9772.1,9609.26,1187.7,1165.02,1172.14,1164.35
CN8,4G,4,8,4,9765,17433,39060,58459,302,1414,492.91,2021,9778.42,9838.42,10012.82,9783.59,1189.33,1203.29,1213.05,1190.9
CN8,4G,4,8,5,9634,17695,24773,48497,292,1372,501.87,2071,9861.28,9794.12,9974.03,9738.95,1204.38,1198.65,1208.37,1189.77
CN8,4G,4,12,1,9372,17171,31327,40633,300,1380,499.73,2059,9342.65,9837.58,9889.63,9722.63,1140.81,1190.22,1202.57,1185.41
CN8,4G,4,12,2,9110,16450,27657,34341,298,1376,498.00,2054,9685.46,9982.61,9791.51,10003.97,1181.78,1209.06,1192.1,1216.18
CN8,4G,4,12,3,9372,16450,26608,33817,294,1484,488.41,2007,9746.7,9865.08,9638.06,9702.98,1190.61,1195.73,1176.48,1184.84
CN8,4G,4,12,4,9634,17171,32375,43779,292,1370,493.19,2036,9976.06,10205.36,9771.54,9844.19,1205.41,1223.64,1173.43,1201.41
CN8,4G,4,12,5,8848,16188,25560,43779,318,1336,501.32,2076,9721.71,10162.41,9725.9,10433.0,1177.62,1232.49,1177.4,1255.73
CN8,4G,4,24,1,9241,16188,24773,38536,290,1426,495.08,2051,10061.53,9949.53,9639.18,9992.76,1220.42,1202.46,1174.02,1210.69
CN8,4G,4,24,2,8979,15533,34341,45876,312,1366,492.88,2039,9718.5,9735.38,9851.47,9827.5,1184.03,1183.79,1189.8,1196.63
CN8,4G,4,24,3,9241,16450,26608,41157,316,1376,496.20,2045,9841.27,10039.8,9815.22,9730.8,1200.15,1224.56,1193.91,1191.15
CN8,4G,4,24,4,9110,17171,24511,49021,316,1386,495.20,2055,10011.83,10011.44,9991.04,10026.12,1220.36,1214.77,1216.79,1214.91
CN8,4G,4,24,5,9634,17957,32900,59507,288,1400,494.75,2043,9830.52,10042.18,9731.68,10229.12,1194.49,1216.63,1182.86,1240.88
CN8,4G,8,1,1,15270,22414,36439,55837,103,1480,227.51,1624,10465.21,10380.43,10358.66,10412.98,1271.83,1270.88,1269.07,1271.09
CN8,4G,8,1,2,16450,22152,39584,60031,146,1307,209.74,1746,10715.83,10762.35,10744.18,10793.4,1315.83,1311.8,1313.84,1317.16
CN8,4G,8,1,3,15664,22676,40633,63177,106,1526,223.88,1573,10388.11,10283.93,10289.55,10697.14,1268.11,1264.67,1264.31,1250.3
CN8,4G,8,1,4,15270,21365,28705,58459,110,1508,229.00,1584,10834.74,10802.52,10646.99,10793.86,1321.2,1320.74,1285.72,1297.65
CN8,4G,8,1,5,15795,22676,38536,49021,106,1494,222.95,1540,10813.37,10422.87,10297.47,10819.97,1320.28,1252.04,1255.96,1322.13
CN8,4G,8,2,1,18744,25035,44827,92799,1348,209.62,1523,,9805.21,10914.37,10449.7,10449.3,1191.77,1337.24,1270.94,1271.6
CN8,4G,8,2,2,17433,23725,35914,49546,1288,203.08,1567,,10401.46,10375.52,10416.87,10482.25,1271.33,1270.04,1270.97,1270.81
CN8,4G,8,2,3,16909,22938,42730,74974,1356,213.58,1560,,10720.92,10737.19,10803.1,10765.46,1311.97,1318.02,1321.04,1320.35
CN8,4G,8,2,4,16581,23462,49021,78119,102,1314,223.64,1597,10389.11,10423.78,10397.54,10409.23,1271.68,1270.52,1270.46,1269.98
CN8,4G,8,2,5,16581,23725,51643,100140,1286,210.79,1551,,10419.72,10339.45,10450.29,10391.45,1270.99,1267.52,1270.47,1268.9
CN8,4G,8,4,1,20055,28967,51119,103285,126,1224,204.53,1699,10583.28,10539.69,10558.9,10652.25,1289.95,1294.37,1293.51,1294.33
CN8,4G,8,4,2,20055,26346,41681,79168,152,1208,209.48,1754,10598.07,10563.33,10562.8,10515.9,1295.72,1292.07,1292.04,1284.45
CN8,4G,8,4,3,21103,29492,55837,86508,136,1234,205.02,1712,10583.62,10542.41,10602.15,10595.81,1298.13,1294.22,1297.83,1297.0
CN8,4G,8,4,4,20055,27395,54264,91751,142,1236,207.19,1734,10566.11,10565.88,10622.17,10611.23,1295.16,1295.57,1294.88,1296.28
CN8,4G,8,4,5,20055,27919,58459,85459,136,1242,202.92,1699,10572.16,10518.66,10690.84,10676.59,1297.08,1290.84,1306.85,1309.8
CN8,4G,8,8,1,20317,26870,46924,61080,146,1218,204.16,1704,10470.27,10402.25,10476.44,10480.04,1280.89,1270.84,1275.92,1282.07
CN8,4G,8,8,2,20579,28967,58459,95945,142,1194,202.75,1695,10519.66,10447.31,10575.14,10471.23,1287.32,1282.4,1290.67,1285.83
CN8,4G,8,8,3,19792,27395,51119,85459,137,1194,207.44,1728,10712.12,10552.97,10674.02,10695.25,1306.69,1295.79,1309.07,1306.83
CN8,4G,8,8,4,20841,29754,51643,88605,132,1224,206.13,1725,10534.46,10475.31,10710.72,10460.3,1287.25,1283.12,1309.47,1281.84
CN8,4G,8,8,5,20055,27919,43254,116917,138,1246,206.90,1731,10603.29,10419.51,10479.67,10500.05,1285.77,1278.81,1279.78,1288.69
CN8,4G,8,12,1,20317,26346,45876,63177,140,1238,209.15,1745,10641.26,10628.32,10632.56,10573.56,1303.0,1301.57,1302.12,1296.07
CN8,4G,8,12,2,20579,27657,47973,73925,132,1292,207.03,1727,10773.21,10586.55,10551.39,10649.83,1304.03,1288.74,1290.6,1292.79
CN8,4G,8,12,3,18744,25560,45351,80217,146,1202,206.52,1725,10845.39,10589.06,10729.79,10683.43,1321.89,1293.58,1314.07,1309.54
CN8,4G,8,12,4,20579,27919,55313,102237,150,1196,209.41,1746,10556.63,10541.74,10577.74,10596.25,1293.36,1285.3,1293.02,1290.89
CN8,4G,8,12,5,20317,28967,50070,69731,146,1238,207.00,1732,10670.62,10593.54,10531.38,10580.45,1307.05,1292.62,1291.05,1295.68
CN8,4G,8,24,1,20841,27395,57410,107480,128,1254,205.67,1722,10588.33,10524.39,10516.04,10559.08,1295.19,1282.27,1282.72,1286.71
CN8,4G,8,24,2,20579,28443,68682,130548,116,1243,206.09,1726,10677.85,10504.14,10475.79,10597.49,1302.71,1290.76,1285.38,1301.88
CN8,4G,8,24,3,20841,28967,49021,61080,122,1260,197.05,1624,10256.54,10455.25,10421.03,10576.83,1255.46,1278.13,1275.67,1293.51
CN8,4G,8,24,4,20579,28705,59507,88605,144,1229,206.03,1717,10369.44,10390.26,10382.0,10484.07,1268.86,1271.68,1271.0,1280.09
CN8,4G,8,24,5,19792,26870,52167,89654,140,1294,206.26,1718,10734.62,10486.97,10548.94,10697.82,1305.94,1285.51,1287.06,1303.13
CN8,4G,16,1,1,24249,31589,58459,88605,860,100.82,1540,,10876.98,10843.59,10738.28,10889.48,1319.71,1319.26,1316.86,1318.55
CN8,4G,16,1,2,24249,31065,47449,68682,878,108.09,1538,,10968.96,11058.69,11004.49,11115.77,1343.64,1344.5,1343.8,1345.63
CN8,4G,16,1,3,23987,31327,65799,102237,1286,102.92,1541,,10954.04,11014.64,11034.19,11006.7,1343.4,1345.85,1345.93,1345.7
CN8,4G,16,1,4,23200,31327,57410,89654,1506,97.79,1483,,10191.8,10253.65,10283.76,10467.04,1243.58,1243.74,1245.62,1246.81
CN8,4G,16,1,5,23987,30016,60031,110625,864,100.81,1543,,10934.12,10983.67,10933.92,11007.89,1343.54,1343.84,1343.41,1344.94
CN8,4G,16,2,1,25297,33424,59507,100140,856,103.60,1588,,10958.6,10987.93,11005.78,11029.02,1345.54,1345.1,1345.23,1345.76
CN8,4G,16,2,2,26084,35914,73925,126354,1048,99.45,1522,,10961.42,10979.71,10623.2,11324.36,1345.46,1345.25,1303.54,1387.02
CN8,4G,16,2,3,26084,39584,78119,110625,1286,101.39,1528,,10950.91,10956.01,10609.84,11280.74,1343.73,1343.42,1301.71,1384.9
CN8,4G,16,2,4,27395,39584,67634,83362,1074,103.17,1518,,11072.81,11047.92,11158.6,11166.48,1353.9,1356.32,1363.07,1372.69
CN8,4G,16,2,5,26084,36963,73925,106431,716,99.99,1539,,11000.17,11317.26,11027.61,10709.13,1346.89,1386.86,1346.55,1304.32
CN8,4G,16,4,1,35914,51643,92799,114820,678,94.78,1589,,10912.99,10946.1,10943.08,10993.38,1338.08,1341.24,1341.94,1348.58
CN8,4G,16,4,2,38536,53216,84411,110625,684,94.51,1584,,11000.13,11009.22,11007.43,10978.1,1346.81,1353.35,1351.11,1346.27
CN8,4G,16,4,3,36963,50594,104334,181404,658,93.95,1576,,10857.29,10856.71,10857.76,10864.66,1331.4,1331.52,1330.1,1330.64
CN8,4G,16,4,4,38011,52167,91751,152044,666,94.94,1594,,11014.97,11003.39,11048.68,10964.01,1351.29,1350.58,1349.26,1343.64
CN8,4G,16,4,5,38536,53216,98042,132645,662,94.76,1588,,11079.1,11054.31,11142.94,11089.64,1362.02,1356.02,1356.29,1360.04
CN8,4G,16,8,1,42730,57410,101188,121111,666,94.41,1583,,10781.21,10836.15,10870.74,10795.24,1323.53,1327.04,1331.37,1324.68
CN8,4G,16,8,2,40109,53216,85459,105382,650,95.13,1596,,10937.41,10976.71,10980.33,10964.16,1342.26,1342.21,1343.88,1343.54
CN8,4G,16,8,3,36963,48497,78119,110625,702,96.02,1608,,11005.58,11076.91,11043.45,11085.21,1349.99,1356.87,1353.38,1358.19
CN8,4G,16,8,4,36963,52167,104334,139461,664,95.28,1596,,10845.8,10926.54,10867.96,10863.82,1332.18,1338.57,1334.77,1331.39
CN8,4G,16,8,5,36439,50594,93848,120062,668,94.62,1587,,11019.25,11088.27,11057.39,11003.86,1349.81,1357.76,1355.93,1351.65
CN8,4G,16,12,1,38536,52167,78119,137364,648,94.76,1590,,10947.6,10941.36,10929.89,10939.19,1340.88,1341.28,1337.82,1340.69
CN8,4G,16,12,2,39060,51643,90702,166724,668,95.88,1575,,10841.15,11289.08,10806.21,10891.01,1325.28,1383.33,1320.43,1336.88
CN8,4G,16,12,3,40633,53216,84411,102237,684,95.41,1602,,11004.73,10952.12,10950.06,10888.38,1350.1,1343.82,1343.34,1335.71
CN8,4G,16,12,4,36439,52167,108528,160433,692,93.77,1572,,11031.46,11028.93,11021.22,11067.7,1350.5,1351.53,1348.88,1355.74
CN8,4G,16,12,5,41681,55313,95945,132645,674,94.71,1589,,10940.7,10904.59,10979.95,10866.57,1340.27,1337.1,1343.25,1333.69
CN8,4G,16,24,1,38536,52167,89654,126354,662,95.30,1595,,11008.5,11052.55,11100.57,11038.65,1352.36,1358.49,1354.54,1353.44
CN8,4G,16,24,2,38536,54789,87557,125305,674,94.59,1586,,10842.57,10929.01,10924.81,10859.44,1330.0,1339.17,1335.17,1332.63
CN8,4G,16,24,3,38011,51119,86508,106431,708,94.84,1590,,10892.93,10958.57,10939.86,10898.47,1336.96,1343.24,1340.59,1336.72
CN8,4G,16,24,4,42730,58983,92799,154141,666,94.82,1588,,10955.34,10997.69,10990.8,10979.16,1344.17,1350.51,1346.19,1347.11
CN8,4G,16,24,5,38536,51643,87557,130548,688,94.67,1588,,11075.86,11093.92,11061.18,11063.33,1357.69,1359.97,1359.18,1356.3
CN8,8G,1,1,1,832,1106,1713,2737,1264,1484,1409.73,1485,8086.97,7965.13,8077.31,7851.44,932.98,931.34,934.49,932.11
CN8,8G,1,1,2,807,1057,1647,2278,1290,1518,1440.73,1511,7424.08,7050.52,7345.89,7258.2,845.85,834.64,841.48,833.14
CN8,8G,1,1,3,816,1012,1696,7373,1284,1442,1397.73,1464,7365.54,7137.35,7203.82,7151.85,842.74,837.64,838.59,833.54
CN8,8G,1,1,4,775,1057,1991,2933,1340,1494,1424.91,1494,7356.89,7099.23,7069.9,6994.62,843.9,838.91,839.88,837.7
CN8,8G,1,1,5,857,1090,1713,77071,1002,1474,1388.45,1457,7122.5,7251.54,7131.2,7039.82,843.35,840.53,836.67,836.98
CN8,8G,1,2,1,906,1156,2245,68682,1150,1464,1363.45,1432,10227.2,4025.64,4021.51,10142.63,1250.26,428.14,429.29,1245.81
CN8,8G,1,2,2,848,1045,1860,4424,1230,1500,1415.09,1485,3941.54,10143.26,10141.82,4023.46,425.26,1239.58,1239.85,426.79
CN8,8G,1,2,3,840,1074,2409,5604,1346,1530,1410.73,1475,10228.11,4072.75,4033.02,10178.14,1249.58,430.88,429.68,1247.03
CN8,8G,1,2,4,865,1057,1500,4883,1288,1472,1404.00,1474,4001.59,10166.96,10144.54,3993.72,432.23,1243.99,1244.4,430.89
CN8,8G,1,2,5,840,1037,1893,3195,1214,1488,1421.55,1491,11302.8,4433.62,4391.59,11283.72,1388.1,473.49,469.04,1384.23
CN8,8G,1,4,1,857,1057,1319,31327,1181,1450,1390.55,1466,7810.36,7893.74,7839.26,7798.06,936.18,931.8,932.05,931.48
CN8,8G,1,4,2,832,1020,1418,2089,1317,1514,1437.82,1510,7721.93,7910.85,7864.71,7858.96,928.24,931.74,933.09,929.42
CN8,8G,1,4,3,889,1139,1582,1778,1301,1510,1399.36,1468,7063.24,6902.87,6994.24,7112.57,842.84,831.34,838.18,840.48
CN8,8G,1,4,4,898,1090,1532,3982,1292,1436,1388.64,1459,7121.74,7020.78,6996.75,6971.87,844.79,840.81,839.41,837.61
CN8,8G,1,4,5,922,1205,1811,2966,1326,1476,1414.18,1487,7071.65,7120.68,7010.75,7086.88,842.75,839.51,838.2,839.85
CN8,8G,1,8,1,865,1090,1565,1827,1300,1502,1431.73,1503,7062.69,7048.08,7051.0,7131.36,843.16,838.01,837.24,839.73
CN8,8G,1,8,2,799,979,1237,1745,1318,1486,1443.91,1515,7821.62,7785.33,7717.18,7803.21,934.58,923.51,930.0,931.35
CN8,8G,1,8,3,873,1090,1516,2769,1298,1520,1413.18,1486,7995.84,7826.78,7768.97,7738.33,937.31,932.08,931.31,927.06
CN8,8G,1,8,4,832,1037,1876,4015,1292,1472,1395.09,1466,7022.96,7143.01,7078.27,7280.5,843.42,839.56,840.19,840.36
CN8,8G,1,8,5,881,1090,1565,3195,1288,1488,1394.00,1463,7110.87,7024.21,7051.68,7064.31,841.78,838.77,839.46,839.95
CN8,8G,1,12,1,865,1057,1663,2409,1248,1528,1413.82,1485,7120.47,7195.61,7000.28,6995.01,839.75,839.68,840.2,837.78
CN8,8G,1,12,2,889,1221,1795,6063,1220,1462,1408.91,1480,7863.17,7874.56,7725.2,7687.81,933.17,929.67,928.12,925.22
CN8,8G,1,12,3,865,1057,1336,1860,1264,1512,1426.55,1498,7885.76,7847.92,7955.88,7792.24,934.47,928.22,935.13,929.58
CN8,8G,1,12,4,816,979,1205,2737,1306,1500,1435.82,1506,8109.76,7775.48,7877.89,7733.14,935.57,931.19,932.76,930.92
CN8,8G,1,12,5,799,955,1237,1876,1400,1508,1453.18,1524,7128.49,7170.64,7007.9,6999.03,843.97,838.75,838.46,838.95
CN8,8G,1,24,1,873,1037,1582,2769,1274,1468,1412.55,1479,8037.44,7887.71,8018.46,7804.93,938.1,928.52,933.83,930.97
CN8,8G,1,24,2,775,971,1303,1844,1407,1492,1461.18,1533,8043.0,7940.39,7814.91,7759.6,936.75,930.92,931.29,931.11
CN8,8G,1,24,3,881,1057,1450,2933,1306,1456,1402.36,1469,6970.3,7021.35,7018.12,7052.05,840.98,837.65,837.66,837.04
CN8,8G,1,24,4,840,1057,1532,6259,1332,1484,1428.18,1498,7820.45,7759.62,7797.92,7760.28,937.32,928.08,932.95,930.43
CN8,8G,1,24,5,889,1106,1614,1942,1294,1483,1411.09,1483,6983.01,7105.56,6999.03,7100.36,840.69,838.68,838.47,839.0
CN8,8G,2,1,1,3392,5932,11469,57410,658,1491,834.95,1728,9771.08,9806.76,9799.74,9779.76,1187.32,1186.17,1184.89,1186.03
CN8,8G,2,1,2,3294,5538,10290,25035,676,1484,849.58,1763,9736.83,9758.64,9769.15,9744.07,1186.74,1184.61,1185.07,1183.79
CN8,8G,2,1,3,3326,5800,11469,44303,658,1500,843.53,1759,9731.96,9755.49,9776.83,9784.49,1187.77,1186.29,1187.36,1184.32
CN8,8G,2,1,4,3294,5473,9765,26346,674,1480,843.63,1746,9737.6,9899.86,9769.23,9895.8,1186.56,1185.32,1185.22,1187.91
CN8,8G,2,1,5,3261,5669,13173,40633,606,1476,841.32,1743,9714.4,9749.51,9789.06,9839.22,1186.14,1185.43,1186.39,1185.49
CN8,8G,2,2,1,2376,7701,13566,31065,674,1512,1008.62,2097,9698.08,9870.32,9651.76,9847.88,1186.44,1184.55,1182.87,1185.31
CN8,8G,2,2,2,4080,8160,18482,50594,480,1450,754.81,1579,9819.42,9685.1,9809.37,9676.81,1175.14,1185.01,1171.0,1180.71
CN8,8G,2,2,3,2540,7242,14353,38536,512,1502,993.19,2041,10090.61,10238.74,9943.87,10110.66,1217.76,1242.22,1211.9,1226.44
CN8,8G,2,2,4,2245,7898,14091,31589,670,1498,1011.06,2093,9268.46,9017.86,9142.05,9057.99,1109.47,1104.9,1105.97,1105.01
CN8,8G,2,2,5,2704,7046,12125,28443,680,1514,1009.62,2103,10013.02,9982.74,9963.04,9861.4,1217.91,1210.51,1205.99,1201.27
CN8,8G,2,4,1,1958,6783,12911,36963,604,1436,1013.23,2061,9796.85,9737.0,9427.24,9843.99,1183.57,1176.1,1149.66,1199.29
CN8,8G,2,4,2,1614,7504,13698,19530,630,1428,1033.48,2107,10198.45,9612.42,9917.81,10025.75,1231.49,1176.33,1209.84,1215.37
CN8,8G,2,4,3,1450,7504,13829,22152,632,1440,1038.55,2103,9971.55,9821.02,9758.16,9932.43,1213.45,1194.39,1189.98,1201.98
CN8,8G,2,4,4,1729,8160,15664,28443,686,1414,1003.75,2089,9674.97,9551.85,9790.09,9906.84,1178.17,1162.26,1188.2,1202.3
CN8,8G,2,4,5,1795,7701,15270,33817,620,1434,988.47,2044,9707.66,9696.09,9847.79,9722.77,1176.5,1180.68,1191.76,1175.84
CN8,8G,2,8,1,1549,7832,15533,131597,488,1402,986.59,2034,9549.37,9689.09,9768.95,9704.05,1163.2,1174.51,1180.17,1173.31
CN8,8G,2,8,2,1483,9503,22152,55313,572,1434,970.36,1983,9534.0,9561.33,9441.13,9216.57,1158.76,1155.28,1144.08,1125.19
CN8,8G,2,8,3,1582,7767,17695,34866,628,1444,1005.81,2055,9883.7,9592.61,9686.58,9729.0,1203.74,1172.18,1179.17,1180.81
CN8,8G,2,8,4,1532,7242,13435,23987,620,1406,1019.03,2080,9678.02,9706.38,9687.12,9719.22,1179.53,1177.96,1175.92,1185.43
CN8,8G,2,8,5,1827,7832,15533,23725,642,1394,983.94,2033,9835.19,9450.14,9464.26,9484.43,1189.21,1149.86,1154.36,1156.91
CN8,8G,2,12,1,1876,6783,12780,19268,690,1408,1021.39,2100,9566.12,10056.01,9915.4,9797.93,1156.54,1212.63,1202.3,1194.64
CN8,8G,2,12,2,1713,6915,12387,29492,634,1446,1032.52,2122,9585.94,10082.65,9986.75,9763.82,1166.31,1222.62,1216.27,1188.43
CN8,8G,2,12,3,3589,7504,17433,29754,568,1400,838.84,1709,9036.96,9777.29,9182.07,10895.49,1085.61,1184.0,1087.83,1337.24
CN8,8G,2,12,4,1631,7504,14484,35390,652,1414,1011.23,2078,9951.48,9947.21,10071.85,9563.88,1201.43,1205.2,1219.85,1158.39
CN8,8G,2,12,5,1893,7373,13829,22414,632,1448,1025.06,2090,10183.47,9752.67,10127.1,9775.42,1225.7,1185.95,1225.92,1193.82
CN8,8G,2,24,1,1631,6980,13304,23725,662,1440,1020.65,2065,10253.47,9925.15,9964.03,9802.25,1234.67,1209.85,1205.5,1188.68
CN8,8G,2,24,2,1860,9372,17957,23200,680,1452,990.06,2055,10144.65,10088.32,9969.49,9694.41,1233.72,1223.97,1213.58,1184.61
CN8,8G,2,24,3,1500,7242,16712,40109,624,1418,1011.55,2063,10172.1,9827.75,9911.73,9774.42,1239.76,1192.95,1203.52,1183.71
CN8,8G,2,24,4,1958,7439,13042,17695,626,1560,1022.71,2106,10017.99,9890.87,10062.31,9648.63,1216.25,1198.04,1218.56,1176.96
CN8,8G,2,24,5,1680,7635,15926,31589,668,1426,1010.32,2080,10144.04,9905.02,9964.58,9731.11,1225.64,1192.51,1208.96,1179.93
CN8,8G,4,1,1,9241,15664,23725,106431,272,1454,421.90,1755,10701.86,10816.86,10375.67,10377.62,1261.24,1273.35,1268.02,1267.83
CN8,8G,4,1,2,8291,13566,23462,43779,208,1484,436.69,1541,10852.91,10907.27,10840.65,10846.15,1321.49,1269.21,1269.38,1319.45
CN8,8G,4,1,3,9241,15401,23462,39060,310,1490,425.92,1782,10448.96,10443.28,10429.32,10347.14,1271.26,1270.56,1270.26,1268.63
CN8,8G,4,1,4,7439,10159,19792,44827,292,1432,391.41,1630,10359.31,10541.87,10360.09,10540.9,1270.6,1271.04,1269.0,1271.24
CN8,8G,4,1,5,9372,15270,29230,110625,272,1424,399.32,1657,10133.58,10294.66,10503.45,10187.34,1245.17,1261.36,1281.28,1253.43
CN8,8G,4,2,1,9372,15401,26084,34341,220,1462,422.52,1589,10429.61,9341.65,10335.75,11520.72,1271.84,1113.66,1268.42,1410.3
CN8,8G,4,2,2,9372,16188,31589,50594,184,1466,391.19,1554,10329.33,10339.77,10608.07,10466.68,1268.02,1267.07,1272.49,1271.04
CN8,8G,4,2,3,9372,15795,26346,43779,292,1394,424.43,1771,10741.22,10827.37,10932.22,10693.58,1312.95,1327.71,1336.24,1306.21
CN8,8G,4,2,4,9503,16712,26608,53740,162,1487,426.07,1567,10782.51,10776.38,10906.17,10740.46,1320.03,1318.94,1310.18,1304.47
CN8,8G,4,2,5,9634,17957,28181,61080,140,1472,427.76,1575,10360.11,10381.33,10381.95,10353.76,1269.92,1270.29,1269.63,1268.91
CN8,8G,4,4,1,11207,18482,30278,51643,274,1396,410.75,1716,10319.72,10429.55,10508.57,10316.08,1262.84,1269.4,1275.51,1261.24
CN8,8G,4,4,2,11207,17957,27919,55837,294,1354,425.97,1764,10627.05,10661.38,10743.75,10767.42,1303.24,1307.7,1315.55,1319.47
CN8,8G,4,4,3,10814,17957,34341,89654,294,1334,420.41,1748,10599.35,10678.66,10809.23,10519.51,1297.21,1304.86,1314.3,1289.91
CN8,8G,4,4,4,11469,18744,34866,100140,284,1340,426.01,1756,10684.03,10696.71,10930.27,10602.7,1305.46,1310.01,1330.55,1296.51
CN8,8G,4,4,5,10945,18220,31327,68682,278,1358,417.92,1736,10328.31,10379.96,10654.33,10296.64,1263.26,1267.59,1296.24,1262.89
CN8,8G,4,8,1,11469,19006,40109,73925,280,1368,415.97,1734,10614.42,10749.95,10768.92,10569.38,1301.9,1313.8,1308.64,1296.56
CN8,8G,4,8,2,10683,17957,35390,73925,256,1368,417.75,1735,10479.76,10557.24,10576.25,10455.07,1284.39,1294.39,1290.77,1281.09
CN8,8G,4,8,3,11731,20579,39060,112722,248,1340,391.61,1630,9885.2,9960.62,9955.76,9890.49,1210.68,1213.86,1219.24,1208.66
CN8,8G,4,8,4,11469,19006,37487,101188,264,1342,416.83,1712,10257.34,10390.62,10574.01,10483.54,1261.21,1270.67,1284.39,1279.78
CN8,8G,4,8,5,11469,18482,35914,63701,282,1354,420.29,1736,10532.85,10581.71,10652.02,10530.62,1290.47,1297.62,1301.87,1287.98
CN8,8G,4,12,1,10814,18220,35914,82314,282,1336,414.18,1712,10444.64,10571.33,10641.44,10416.26,1281.9,1291.09,1288.19,1277.43
CN8,8G,4,12,2,12256,19006,32375,48497,280,1382,417.52,1750,10567.73,10605.83,10792.43,10491.3,1294.57,1297.21,1321.5,1283.33
CN8,8G,4,12,3,11338,18482,34866,60031,266,1366,415.17,1740,10492.54,10609.37,10703.73,10529.96,1283.8,1296.06,1302.19,1291.63
CN8,8G,4,12,4,11338,18482,39060,76022,276,1382,412.71,1715,10480.42,10535.76,10621.82,10488.8,1283.6,1290.07,1301.1,1284.07
CN8,8G,4,12,5,10552,17695,29230,53216,272,1350,416.52,1737,10481.32,10554.13,10580.23,10554.51,1284.96,1288.79,1292.68,1293.43
CN8,8G,4,24,1,11863,19268,45876,94897,282,1358,410.75,1705,10268.86,10301.78,10407.55,10257.61,1261.42,1262.13,1274.09,1258.38
CN8,8G,4,24,2,11731,18744,31065,108528,274,1384,422.67,1745,10387.98,10448.0,10552.48,10402.06,1270.13,1274.24,1285.47,1276.93
CN8,8G,4,24,3,10814,17957,35390,79168,264,1335,417.60,1730,10490.83,10576.67,10845.19,10629.12,1287.13,1297.74,1321.17,1298.54
CN8,8G,4,24,4,10945,17957,30278,58983,298,1354,420.91,1739,10489.65,10508.32,10711.68,10542.87,1284.03,1283.07,1310.4,1291.09
CN8,8G,4,24,5,11076,18220,31589,55837,286,1396,417.26,1731,10625.96,10650.63,10814.55,10598.81,1299.93,1303.4,1318.53,1297.29
CN8,8G,8,1,1,13042,18482,33424,52691,1508,208.40,1529,,11177.93,11278.75,11168.16,11190.45,1348.5,1357.67,1370.18,1369.91
CN8,8G,8,1,2,13304,18744,45351,70779,1453,191.62,1496,,11000.22,10745.4,10806.73,10970.66,1299.05,1317.2,1318.35,1320.16
CN8,8G,8,1,3,15401,22676,40633,77071,100,1444,213.61,1550,11037.66,11032.98,11125.6,10946.13,1358.87,1351.66,1362.65,1344.17
CN8,8G,8,1,4,15795,22414,45351,68682,1480,209.88,1539,,10965.79,10928.77,11102.47,11014.22,1345.15,1343.47,1344.33,1344.67
CN8,8G,8,1,5,15795,22676,44827,60556,1502,202.97,1520,,11111.6,10940.44,10943.56,11108.18,1346.11,1341.18,1342.75,1345.8
CN8,8G,8,2,1,16909,23725,46400,94897,1290,202.62,1508,,11712.16,10954.9,10942.12,10401.81,1430.39,1344.09,1340.81,1256.29
CN8,8G,8,2,2,16909,24773,53740,95945,1488,205.64,1497,,10720.99,10740.14,10715.14,10704.75,1316.75,1316.6,1316.74,1316.03
CN8,8G,8,2,3,18220,24249,61604,93848,1270,199.92,1532,,10358.61,11606.03,10956.17,10916.98,1261.22,1426.71,1344.02,1342.22
CN8,8G,8,2,4,15008,20579,55313,72877,1350,200.05,1533,,11125.72,11160.12,11189.63,11205.36,1364.16,1371.15,1358.69,1372.69
CN8,8G,8,2,5,14615,19530,40633,80217,968,214.92,1562,,10700.5,11580.66,11628.76,10284.35,1261.6,1426.53,1427.64,1259.71
CN8,8G,8,4,1,21890,29754,61604,87557,132,1230,191.73,1606,11029.72,11072.25,11091.74,11070.13,1355.08,1359.19,1362.18,1357.64
CN8,8G,8,4,2,20579,28443,54789,81265,138,1238,192.61,1613,11103.61,11136.3,11133.17,11113.75,1365.85,1365.46,1365.65,1364.78
CN8,8G,8,4,3,21103,29492,61080,120062,118,1260,190.14,1592,11038.32,11081.31,11064.61,10988.05,1353.4,1360.82,1358.91,1351.16
CN8,8G,8,4,4,21365,28967,65274,83362,122,1226,192.51,1610,11062.35,10996.71,11013.72,10952.91,1353.32,1349.91,1351.68,1345.15
CN8,8G,8,4,5,21103,29492,57934,92799,138,1286,190.80,1600,11074.77,11065.93,11082.98,11035.96,1359.4,1360.37,1361.32,1355.22
CN8,8G,8,8,1,20841,28705,52167,87557,130,1224,192.25,1610,10965.41,10999.62,11044.29,10970.96,1345.4,1349.61,1350.52,1344.98
CN8,8G,8,8,2,21103,29492,57410,94897,124,1260,190.79,1598,11065.22,11080.74,11052.43,10987.44,1353.12,1357.87,1354.78,1349.79
CN8,8G,8,8,3,20841,28443,62129,82314,130,1202,189.91,1591,11020.46,11040.58,11045.52,11049.81,1349.34,1355.15,1354.82,1358.77
CN8,8G,8,8,4,21890,32113,65274,141558,102,1280,185.62,1554,10817.0,10843.77,10820.15,10790.81,1327.49,1330.01,1327.85,1325.42
CN8,8G,8,8,5,21103,29492,68682,137364,120,1272,190.96,1602,10995.36,11082.26,10976.97,11007.2,1349.72,1359.13,1346.39,1351.93
CN8,8G,8,12,1,20579,28181,55313,81265,140,1220,192.41,1610,11135.69,11124.4,11168.55,11108.06,1367.69,1365.15,1368.91,1365.15
CN8,8G,8,12,2,22152,33817,68682,198181,1242,183.44,1536,,10798.55,10785.36,10807.04,10798.44,1324.24,1325.75,1323.82,1326.26
CN8,8G,8,12,3,20841,28443,57934,96994,118,1210,190.88,1580,11101.43,11073.81,11120.7,10883.73,1363.47,1362.18,1366.56,1335.35
CN8,8G,8,12,4,21627,30016,63177,106431,130,1242,188.02,1575,10953.02,10955.22,10968.09,10969.5,1345.3,1348.02,1347.07,1347.0
CN8,8G,8,12,5,21103,30016,61080,80217,136,1158,191.19,1601,11048.55,11074.06,11061.44,10997.28,1358.66,1359.61,1353.99,1351.7
CN8,8G,8,24,1,21103,28967,62653,90702,138,1274,192.62,1612,11068.92,11093.53,11082.1,11061.05,1362.55,1361.89,1362.43,1359.43
CN8,8G,8,24,2,20055,27657,54264,94897,142,1238,191.57,1604,10895.77,10949.96,10905.02,10940.3,1341.26,1341.66,1337.69,1340.12
CN8,8G,8,24,3,22152,31589,65274,127402,122,1266,186.88,1566,10748.26,10790.2,10775.48,10551.28,1320.71,1325.02,1323.97,1296.33
CN8,8G,8,24,4,20317,27657,45876,91751,142,1220,193.78,1624,11071.13,11093.34,11079.77,11056.28,1362.11,1359.83,1361.54,1358.73
CN8,8G,8,24,5,21103,29492,64750,111674,130,1230,190.16,1591,10873.04,10891.92,10907.18,10892.35,1336.94,1337.32,1337.55,1338.05
CN8,8G,16,1,1,23725,33817,76022,107480,1264,97.65,1484,,11082.1,10945.44,10942.21,10973.23,1331.99,1341.49,1340.53,1342.25
CN8,8G,16,1,2,23462,31851,74974,104334,1282,95.85,1521,,11344.17,11176.82,11197.3,11222.14,1373.1,1370.09,1370.58,1370.5
CN8,8G,16,1,3,24773,34341,72877,168821,842,96.27,1467,,10706.08,10722.38,10730.88,10791.64,1314.18,1315.35,1315.32,1316.51
CN8,8G,16,1,4,23987,31851,72877,106431,866,98.04,1492,,11386.33,11299.27,11275.88,11292.26,1385.27,1362.3,1384.38,1384.68
CN8,8G,16,1,5,23987,31589,61080,113771,1300,96.03,1502,,11044.83,11126.09,11180.4,11111.95,1356.57,1357.34,1357.41,1356.76
CN8,8G,16,2,1,30540,43254,74974,126354,1480,101.73,1506,,11929.03,10960.22,10787.36,11620.82,1467.45,1342.81,1303.61,1428.52
CN8,8G,16,2,2,26346,37487,246416,434111,1296,97.73,1412,,11921.85,14312.42,9156.07,7723.47,1452.32,1761.97,1059.78,895.72
CN8,8G,16,2,3,29754,44827,341836,438305,1320,81.53,1342,,8715.28,6507.21,11811.02,14731.36,1017.34,709.81,1436.99,1815.81
CN8,8G,16,2,4,25560,38536,408945,476054,616,85.47,1280,,14723.7,13602.81,4538.64,6354.32,1814.44,1671.83,481.94,701.77
CN8,8G,16,2,5,25822,41157,371196,455082,1520,90.08,1295,,2692.55,6653.13,15114.06,13195.3,286.42,747.56,1860.38,1616.47
CN8,8G,16,4,1,41157,56886,92799,115868,686,91.47,1534,,11271.4,11264.69,11298.19,11251.2,1381.57,1381.76,1382.37,1382.68
CN8,8G,16,4,2,40633,53740,98042,129500,662,91.70,1538,,11275.26,11266.07,11283.2,11264.35,1383.94,1382.75,1383.31,1382.08
CN8,8G,16,4,3,40633,55837,92799,137364,654,91.20,1530,,11245.09,11252.44,11262.58,11262.8,1380.33,1380.59,1383.31,1382.6
CN8,8G,16,4,4,38536,53216,89654,131597,704,92.11,1545,,11319.52,11308.33,11343.48,11335.48,1389.31,1388.44,1390.42,1389.21
CN8,8G,16,4,5,40633,55313,87557,139461,684,91.43,1535,,11223.35,11214.39,11248.32,11191.14,1376.58,1376.52,1378.59,1375.18
CN8,8G,16,8,1,39060,54789,96994,123208,688,91.63,1537,,11201.67,11183.93,11223.2,11203.18,1373.61,1372.14,1372.49,1374.91
CN8,8G,16,8,2,40109,54264,88605,124257,658,91.14,1528,,11200.81,11188.57,11224.68,11195.73,1374.12,1373.98,1377.34,1374.42
CN8,8G,16,8,3,40109,56886,99091,132645,662,91.39,1532,,11212.8,11181.4,11216.63,11199.43,1373.83,1371.69,1375.48,1372.08
CN8,8G,16,8,4,38536,52691,86508,119014,666,91.04,1528,,11114.14,11126.68,11143.54,11119.97,1364.38,1365.43,1365.34,1364.7
CN8,8G,16,8,5,37487,52691,80217,137364,666,91.18,1529,,11194.42,11187.87,11198.69,11216.71,1374.22,1372.08,1372.17,1377.06
CN8,8G,16,12,1,39584,54264,88605,127402,660,92.36,1549,,11296.49,11329.42,11298.1,11291.13,1386.58,1388.63,1386.3,1386.5
CN8,8G,16,12,2,40109,54264,85459,149947,656,90.84,1522,,11293.66,11288.11,11257.69,11285.85,1386.17,1385.23,1382.02,1385.16
CN8,8G,16,12,3,38011,54264,102237,131597,746,90.55,1519,,11097.43,11121.29,11100.91,11087.57,1360.36,1363.25,1361.73,1360.11
CN8,8G,16,12,4,38536,54789,112722,137364,690,89.82,1507,,10893.2,10907.6,10897.37,10877.4,1335.35,1338.07,1335.73,1335.21
CN8,8G,16,12,5,39060,53216,87557,116917,684,91.54,1535,,11287.26,11301.99,11297.55,11297.98,1386.67,1386.34,1387.86,1386.16
CN8,8G,16,24,1,40633,55313,103285,125305,672,90.63,1520,,11090.76,11094.46,11123.29,11060.77,1360.24,1361.2,1360.62,1359.27
CN8,8G,16,24,2,39060,53740,95945,131597,676,91.44,1535,,11200.22,11199.89,11267.18,11196.76,1373.95,1374.59,1381.35,1375.23
CN8,8G,16,24,3,38011,53740,96994,141558,682,90.70,1522,,11238.16,11249.93,11262.02,11234.55,1379.47,1381.54,1380.4,1378.78
CN8,8G,16,24,4,43254,61604,107480,158335,646,87.67,1471,,10677.94,10683.55,10668.47,10664.82,1310.09,1311.37,1308.29,1308.01
CN8,8G,16,24,5,41157,56886,93848,125305,670,91.07,1528,,11047.06,10965.38,10980.09,10963.46,1353.69,1346.38,1346.86,1345.58
CN8,16G,1,1,1,816,988,2474,3720,1264,1462,1408.30,1477,9315.74,9165.56,9288.95,9282.5,1111.4,1103.46,1103.1,1108.44
CN8,16G,1,1,2,791,1020,2376,4817,1240,1496,1413.35,1482,9503.62,9073.13,9451.91,9177.48,1113.31,1105.81,1107.48,1107.1
CN8,16G,1,1,3,791,988,1565,3032,1014,1442,1381.57,1450,9656.64,9200.01,9485.89,9250.3,1113.07,1106.21,1107.83,1106.64
CN8,16G,1,1,4,799,1004,1729,2507,1050,1520,1428.73,1498,10142.82,10058.44,10127.99,9895.82,1191.37,1187.24,1187.6,1187.07
CN8,16G,1,1,5,783,996,1860,3654,1244,1518,1449.18,1520,10180.91,9931.02,9962.66,9960.46,1191.81,1186.12,1186.18,1186.41
CN8,16G,1,2,1,857,1045,1811,8717,1126,1464,1409.83,1478,9185.26,9083.85,9232.93,9122.78,1108.1,1104.89,1106.85,1104.82
CN8,16G,1,2,2,840,1012,1254,2073,1202,1432,1401.57,1470,9680.79,9369.84,9364.89,9141.59,1114.12,1110.42,1108.72,1107.8
CN8,16G,1,2,3,816,1012,1532,2671,1304,1496,1418.74,1487,9392.93,9084.71,9316.09,9114.0,1112.42,1106.47,1106.44,1105.76
CN8,16G,1,2,4,807,1020,1762,2999,1266,1486,1433.95,1506,9315.74,9136.39,9280.37,9139.74,1111.1,1107.06,1104.51,1107.13
CN8,16G,1,2,5,824,1020,1418,1958,1188,1508,1441.23,1511,5339.28,13224.26,9340.51,9240.41,566.23,1634.25,1106.89,1107.46
CN8,16G,1,4,1,832,1037,1582,2147,1274,1466,1416.70,1486,9259.95,9099.94,9252.92,9137.22,1110.99,1105.93,1105.59,1108.1
CN8,16G,1,4,2,840,1045,1352,2343,1270,1450,1404.09,1473,9204.34,9121.26,9232.88,9145.8,1111.38,1106.92,1106.56,1103.18
CN8,16G,1,4,3,807,996,1418,3589,1326,1462,1411.96,1481,9171.38,9064.22,9353.53,9138.77,1108.87,1105.66,1109.5,1106.78
CN8,16G,1,4,4,848,1106,1909,2474,1238,1488,1414.78,1484,9150.77,9088.57,9251.54,9167.98,1109.96,1107.04,1105.2,1108.02
CN8,16G,1,4,5,832,988,1319,1991,1286,1490,1431.73,1500,8612.98,8546.35,8762.08,8516.74,1040.3,1037.22,1039.71,1037.02
CN8,16G,1,8,1,816,988,1221,2671,1244,1510,1452.27,1523,9826.13,9846.84,9931.74,9794.07,1189.22,1187.89,1187.0,1187.3
CN8,16G,1,8,2,816,979,1319,1991,1270,1472,1420.09,1489,8594.16,8659.24,8603.6,8569.99,1041.0,1039.15,1037.34,1038.79
CN8,16G,1,8,3,832,1012,1303,2114,1210,1440,1401.70,1470,8573.93,8621.88,8632.27,8572.11,1036.92,1037.81,1038.56,1037.44
CN8,16G,1,8,4,832,1029,1483,1926,1242,1492,1427.36,1497,9237.95,9157.61,9275.39,9094.02,1110.07,1107.69,1107.39,1106.26
CN8,16G,1,8,5,799,979,1270,6063,1268,1490,1423.13,1492,9224.5,9098.34,9325.23,9130.01,1108.92,1102.54,1107.86,1106.53
CN8,16G,1,12,1,783,914,1172,1975,1408,1500,1452.32,1524,9198.99,9157.11,9212.36,9090.89,1108.75,1105.94,1107.1,1105.73
CN8,16G,1,12,2,824,1004,1401,2376,1286,1469,1402.09,1470,9067.46,9119.48,9167.82,9075.71,1102.92,1100.38,1103.85,1098.54
CN8,16G,1,12,3,799,988,1303,1827,1274,1484,1429.05,1498,9200.64,9216.38,9190.89,9098.92,1111.07,1108.11,1107.49,1107.69
CN8,16G,1,12,4,816,988,1565,2343,1338,1480,1434.55,1505,9109.41,9098.96,9096.5,9093.19,1109.39,1106.65,1105.55,1107.18
CN8,16G,1,12,5,816,988,1303,1762,1250,1486,1437.82,1507,9142.32,9168.93,9201.1,9112.13,1107.57,1108.06,1107.67,1107.46
CN8,16G,1,24,1,791,947,1254,1860,1326,1496,1447.59,1518,9179.03,9106.34,9151.5,9123.98,1105.47,1105.53,1105.71,1107.22
CN8,16G,1,24,2,824,1004,1336,3261,1226,1480,1432.59,1503,9322.34,9178.81,9196.92,9154.15,1111.04,1105.67,1107.38,1106.93
CN8,16G,1,24,3,816,1004,1303,1729,1300,1472,1432.23,1501,9172.41,9150.82,9119.39,9139.89,1110.65,1107.91,1106.29,1107.69
CN8,16G,1,24,4,807,979,1303,1827,1350,1468,1416.00,1485,9125.49,9144.82,9110.67,9140.17,1110.51,1103.95,1106.44,1108.38
CN8,16G,1,24,5,865,1090,1647,3654,1270,1462,1404.61,1474,9162.41,9145.7,9137.1,9176.88,1109.59,1105.84,1106.14,1108.05
CN8,16G,2,1,1,3621,5997,12780,41157,614,1494,780.24,1624,10705.2,10796.62,10937.22,10820.53,1308.84,1321.12,1322.0,1320.51
CN8,16G,2,1,2,3687,6325,21627,83362,507,1506,750.12,1540,10348.47,10441.5,10524.62,10443.9,1269.63,1267.71,1270.38,1269.62
CN8,16G,2,1,3,3523,5997,16581,42206,566,1482,776.52,1624,10728.46,11015.26,11142.2,10741.1,1315.96,1326.83,1353.23,1318.4
CN8,16G,2,1,4,3621,6259,17957,38011,596,1444,768.31,1608,10409.15,10555.33,10511.42,10404.9,1272.04,1271.48,1271.39,1270.8
CN8,16G,2,1,5,3589,6128,15139,45876,630,1463,780.11,1613,10760.3,10654.29,10869.82,10827.09,1319.37,1304.06,1321.46,1321.05
CN8,16G,2,2,1,3687,8979,18744,66847,626,1500,849.92,1770,10452.32,10316.98,10352.42,10485.6,1271.13,1268.75,1267.48,1272.35
CN8,16G,2,2,2,3687,8979,20841,38011,604,1426,839.39,1747,10670.76,10827.15,10958.59,10805.22,1306.55,1326.08,1336.86,1312.07
CN8,16G,2,2,3,4228,7767,16909,40109,480,1478,742.57,1534,10734.65,10666.32,10794.8,10626.05,1320.59,1288.81,1321.16,1290.03
CN8,16G,2,2,4,3720,8586,16319,30802,580,1432,843.29,1763,10717.34,10723.53,10926.96,10724.62,1314.53,1316.01,1332.53,1314.97
CN8,16G,2,2,5,4113,7504,14877,45351,490,1432,745.31,1551,10497.09,10319.34,10506.28,10340.08,1272.26,1267.72,1270.75,1268.85
CN8,16G,2,4,1,3425,9896,20317,44827,606,1398,848.50,1744,10886.61,10583.99,10714.65,10480.89,1318.41,1296.67,1308.26,1286.33
CN8,16G,2,4,2,3326,9896,19530,52691,552,1400,849.05,1742,10904.59,10569.04,10716.3,10579.86,1325.61,1297.56,1307.01,1295.07
CN8,16G,2,4,3,3425,9503,19006,60031,606,1510,850.08,1751,10729.68,10526.97,10677.01,10540.45,1310.82,1290.72,1306.2,1293.16
CN8,16G,2,4,4,3654,9110,19006,50594,592,1422,839.42,1735,10908.67,10669.3,10782.18,10598.38,1325.29,1308.97,1315.94,1301.4
CN8,16G,2,4,5,3523,9765,21103,59507,558,1414,837.72,1726,10755.26,10634.6,10686.92,10526.59,1313.12,1298.88,1306.03,1288.84
CN8,16G,2,8,1,3589,9241,21890,41157,514,1364,825.64,1709,10682.51,10490.69,10700.26,10512.08,1303.25,1287.03,1307.59,1291.97
CN8,16G,2,8,2,3654,9241,17433,44303,594,1384,845.16,1754,10715.91,10722.14,10939.95,10594.57,1309.33,1315.66,1327.17,1294.1
CN8,16G,2,8,3,3589,8979,17695,27132,582,1476,857.42,1753,10673.99,10678.36,11022.91,10818.67,1307.31,1306.33,1339.57,1317.16
CN8,16G,2,8,4,3556,9241,16909,46924,624,1434,857.03,1769,10718.89,10613.1,10578.65,10615.87,1312.18,1294.4,1290.88,1297.49
CN8,16G,2,8,5,3294,9503,20317,58459,600,1458,847.76,1738,10587.84,10441.15,10479.05,10548.8,1287.29,1277.91,1278.38,1290.85
CN8,16G,2,12,1,3621,9241,19792,33817,622,1468,852.13,1755,10861.17,10584.88,10695.71,10633.11,1322.68,1298.59,1307.92,1298.05
CN8,16G,2,12,2,3589,9372,20841,45351,558,1400,846.95,1743,10664.74,10554.54,10639.85,10602.49,1301.39,1287.92,1303.75,1292.21
CN8,16G,2,12,3,4080,10552,24249,69731,538,1441,806.77,1666,10294.31,10228.67,10249.39,10213.42,1258.52,1251.77,1251.26,1249.59
CN8,16G,2,12,4,3720,9896,20317,45876,576,1454,826.52,1708,10590.94,10419.59,10522.06,10393.09,1294.07,1278.11,1279.71,1272.04
CN8,16G,2,12,5,3589,9503,18482,41681,604,1446,853.83,1753,10743.12,10705.31,10648.77,10606.23,1306.88,1308.82,1297.73,1299.08
CN8,16G,2,24,1,3687,9503,16712,34866,574,1446,846.12,1754,10582.1,10611.54,10649.28,10541.88,1292.51,1301.77,1296.04,1290.74
CN8,16G,2,24,2,3720,9372,19792,47449,606,1400,836.68,1730,10635.11,10567.25,10540.44,10498.24,1303.03,1294.08,1291.15,1288.03
CN8,16G,2,24,3,3621,9110,19792,34341,616,1440,849.51,1748,10612.46,10594.62,10612.42,10678.72,1296.7,1296.76,1299.83,1306.34
CN8,16G,2,24,4,3720,9634,21103,59507,568,1416,828.18,1707,10583.54,10414.22,10409.39,10476.64,1290.06,1272.89,1271.91,1274.21
CN8,16G,2,24,5,3556,9241,16057,27657,604,1428,855.13,1767,10599.59,10655.23,10727.33,10617.43,1296.52,1302.49,1313.19,1296.85
CN8,16G,4,1,1,7439,10683,27657,52691,266,1378,367.86,1550,11174.42,11165.65,11174.44,11205.78,1372.31,1371.09,1371.52,1371.99
CN8,16G,4,1,2,7308,10421,24511,47973,272,1298,377.05,1578,10950.48,10956.44,11166.59,11165.6,1343.99,1342.31,1345.91,1346.8
CN8,16G,4,1,3,9634,15664,26608,55837,294,1438,387.83,1619,11094.33,11223.76,11168.37,11259.52,1365.13,1376.83,1371.31,1374.58
CN8,16G,4,1,4,8455,13435,24511,68682,198,1430,417.91,1517,11049.03,11222.07,11354.41,11049.78,1343.87,1332.59,1342.05,1343.71
CN8,16G,4,1,5,9634,15664,28967,68682,286,1438,392.90,1644,11064.94,11269.53,11354.76,11073.72,1344.81,1345.84,1342.6,1345.58
CN8,16G,4,2,1,10028,15926,34341,77071,248,1366,388.82,1629,11093.83,11112.44,11289.16,11120.99,1364.54,1365.42,1378.91,1367.29
CN8,16G,4,2,2,9896,15926,31065,57934,266,1390,390.16,1632,11178.33,11140.29,11285.08,11159.32,1375.66,1370.27,1377.2,1371.81
CN8,16G,4,2,3,10290,16712,34341,94897,228,1400,386.99,1618,11149.39,11103.0,11178.87,11118.79,1369.76,1364.28,1371.69,1368.78
CN8,16G,4,2,4,10028,16057,30540,73925,240,1370,385.01,1609,11022.13,11050.51,11070.21,11100.56,1356.03,1358.67,1355.24,1361.58
CN8,16G,4,2,5,10421,16909,33162,76022,228,1354,383.56,1599,11070.45,11063.65,11124.55,11126.38,1359.7,1360.0,1366.65,1369.89
CN8,16G,4,4,1,12125,19006,39584,86508,276,1380,383.85,1605,11116.48,11078.94,11116.54,11131.88,1363.65,1362.79,1363.7,1368.79
CN8,16G,4,4,2,12256,19006,34341,72877,240,1362,388.59,1622,11036.53,11052.24,11089.88,11097.68,1356.13,1356.11,1359.93,1360.34
CN8,16G,4,4,3,12125,19268,39060,74974,234,1336,383.56,1601,10830.93,10834.21,10865.97,10877.29,1330.87,1332.42,1332.98,1333.54
CN8,16G,4,4,4,11338,18744,40109,64226,256,1354,387.88,1614,11081.15,11089.19,11119.88,11106.5,1363.52,1364.46,1362.4,1364.8
CN8,16G,4,4,5,12125,19006,39060,66323,262,1334,390.51,1612,11029.63,11037.52,11087.15,11039.93,1359.0,1357.03,1359.78,1357.43
CN8,16G,4,8,1,11994,19006,36963,78119,246,1418,389.99,1624,11063.62,11081.42,11109.87,11073.89,1361.74,1362.36,1364.34,1360.11
CN8,16G,4,8,2,11863,18744,34341,55313,288,1360,388.86,1618,11073.02,11072.98,11083.83,11071.62,1361.26,1361.95,1356.21,1360.41
CN8,16G,4,8,3,12518,19530,35914,69731,280,1350,388.50,1621,11187.63,11170.75,11205.69,11159.52,1373.78,1372.34,1374.94,1372.53
CN8,16G,4,8,4,11863,18744,36963,89654,274,1372,389.57,1624,11056.2,11127.11,11109.53,11058.74,1359.79,1366.28,1365.61,1360.35
CN8,16G,4,8,5,11863,18744,35914,66847,264,1336,388.24,1614,11161.04,11194.67,11179.12,11169.41,1373.85,1378.45,1371.85,1372.82
CN8,16G,4,12,1,11600,18744,34866,93848,264,1384,386.83,1620,11154.21,11178.74,11221.96,11128.41,1371.36,1372.15,1373.41,1369.76
CN8,16G,4,12,2,12125,19268,39584,71828,278,1466,387.93,1614,11112.0,11122.07,11175.78,11116.95,1362.33,1366.4,1367.91,1364.93
CN8,16G,4,12,3,12125,19268,38011,73925,266,1326,386.22,1604,11113.28,11122.24,11101.73,11053.08,1366.79,1365.86,1360.23,1357.96
CN8,16G,4,12,4,11863,19006,39060,77071,258,1338,383.41,1602,11139.44,11181.92,11089.04,11115.48,1367.81,1375.03,1366.99,1367.08
CN8,16G,4,12,5,11731,18744,36963,80217,240,1370,384.06,1601,11033.54,11012.08,11057.72,11035.64,1357.48,1351.47,1357.1,1355.57
CN8,16G,4,24,1,11731,18482,38536,116917,264,1340,385.74,1605,10865.71,10834.11,10893.89,10870.09,1333.74,1332.33,1333.64,1337.41
CN8,16G,4,24,2,12125,19268,49021,114820,210,1332,376.85,1579,10874.67,10875.38,10865.03,10849.76,1336.54,1333.44,1331.55,1332.0
CN8,16G,4,24,3,11994,19268,37487,98042,260,1442,380.79,1589,10961.27,10901.86,10932.1,10893.18,1346.29,1339.69,1344.18,1338.31
CN8,16G,4,24,4,11731,18482,35390,71828,262,1328,385.05,1611,11153.85,11148.54,11128.38,11090.12,1367.97,1368.7,1366.65,1363.44
CN8,16G,4,24,5,11731,18482,38011,85459,244,1336,391.05,1625,11093.94,11064.48,11139.56,11098.54,1361.47,1359.0,1363.7,1357.58
CN8,16G,8,1,1,14353,19006,46924,126354,114,1274,195.56,1542,11417.7,11089.11,11049.34,11137.6,1352.55,1356.47,1356.17,1357.18
CN8,16G,8,1,2,16057,22938,44303,83362,1494,207.70,1507,,11208.9,11252.62,11049.7,11321.8,1352.48,1358.58,1355.38,1358.89
CN8,16G,8,1,3,15664,22414,44827,90702,1520,208.15,1498,,11346.11,11354.47,11437.65,11309.54,1385.8,1384.76,1387.25,1375.21
CN8,16G,8,1,4,17695,23462,46924,83362,136,1314,186.92,1560,11491.34,11394.36,11427.99,11436.91,1410.54,1401.58,1404.98,1402.67
CN8,16G,8,1,5,17695,23462,47973,132645,108,1316,186.44,1560,11415.35,11373.47,11360.26,11365.26,1399.8,1397.92,1397.85,1397.98
CN8,16G,8,2,1,16057,23200,44303,84411,1434,204.22,1496,,11262.53,11225.97,11196.71,11196.05,1371.67,1370.93,1370.85,1371.03
CN8,16G,8,2,2,18220,24773,50594,110625,1304,202.76,1496,,11199.9,11205.48,11152.24,11190.72,1371.44,1370.83,1369.89,1371.02
CN8,16G,8,2,3,16188,23200,57410,103285,1300,200.54,1495,,11179.48,11189.87,11300.42,11246.97,1371.58,1371.5,1373.19,1372.02
CN8,16G,8,2,4,17957,23987,50070,88605,1298,188.18,1571,,11416.22,11437.32,11389.77,11423.3,1402.32,1403.64,1401.65,1401.78
CN8,16G,8,2,5,17957,24249,48497,96994,1326,205.77,1504,,11287.39,11346.14,11276.59,11238.39,1384.67,1384.75,1384.15,1383.33
CN8,16G,8,4,1,21103,30278,63177,94897,122,1248,183.35,1535,11336.14,11329.25,11367.41,11307.56,1392.89,1393.0,1394.12,1390.8
CN8,16G,8,4,2,21627,28967,73925,107480,130,1190,183.94,1542,11194.96,11153.79,11147.72,11127.9,1374.17,1369.09,1368.95,1368.28
CN8,16G,8,4,3,21365,29492,60031,101188,102,1274,185.43,1553,11326.8,11304.9,11303.09,11280.67,1389.49,1388.38,1388.55,1385.73
CN8,16G,8,4,4,21365,29492,68682,113771,128,1252,182.76,1534,11227.32,11211.66,11218.26,11197.17,1376.65,1377.86,1378.22,1377.35
CN8,16G,8,4,5,21627,30802,69731,102237,130,1218,181.32,1518,10949.06,10970.84,10971.5,10941.95,1343.87,1346.48,1348.5,1344.8
CN8,16G,8,8,1,21627,31065,60556,89654,120,1230,183.99,1541,11191.75,11157.91,11155.54,11163.62,1374.87,1368.72,1370.95,1371.04
CN8,16G,8,8,2,21627,29754,64226,103285,108,1274,184.01,1543,11317.81,11302.64,11297.0,11287.37,1389.8,1389.22,1388.21,1387.65
CN8,16G,8,8,3,21365,30802,68682,116917,106,1232,182.26,1526,11197.88,11179.92,11174.68,11189.89,1374.82,1374.38,1372.09,1374.09
CN8,16G,8,8,4,21627,30540,63701,115868,132,1180,185.38,1554,11328.38,11311.33,11291.45,11279.28,1388.85,1390.7,1388.38,1387.37
CN8,16G,8,8,5,21890,30802,64750,101188,120,1246,182.84,1532,11107.36,11072.22,11078.95,11045.65,1364.0,1358.74,1359.13,1358.41
CN8,16G,8,12,1,21103,28705,56886,107480,124,1257,186.15,1559,11373.51,11375.31,11394.72,11319.16,1397.8,1396.94,1396.96,1390.88
CN8,16G,8,12,2,21103,29230,62653,85459,130,1284,185.14,1551,11264.81,11300.71,11278.22,11285.2,1385.46,1389.02,1386.85,1387.37
CN8,16G,8,12,3,21890,31065,68682,100140,128,1228,184.37,1545,11076.05,11129.49,11073.68,11057.9,1363.49,1367.44,1361.97,1359.31
CN8,16G,8,12,4,21365,30278,62653,120062,102,1152,183.56,1538,11143.47,11156.73,11117.37,11126.28,1368.97,1370.0,1367.87,1367.87
CN8,16G,8,12,5,21103,29754,61080,105382,132,1276,185.22,1554,11284.37,11297.99,11310.74,11267.44,1386.9,1384.84,1389.65,1385.98
CN8,16G,8,24,1,21365,29492,62653,110625,116,1264,185.04,1550,11348.85,11369.69,11328.41,11314.39,1392.75,1394.56,1390.74,1392.56
CN8,16G,8,24,2,21103,30802,61604,110625,120,1268,183.64,1539,11318.2,11288.04,11354.78,11278.39,1390.22,1387.58,1395.89,1387.78
CN8,16G,8,24,3,21365,30016,68682,115868,128,1206,184.46,1546,11265.2,11259.03,11248.87,11250.5,1384.44,1384.16,1383.0,1383.08
CN8,16G,8,24,4,21890,30540,65799,107480,120,1258,183.47,1534,11175.75,11170.15,11134.52,11174.97,1371.8,1371.59,1370.14,1371.98
CN8,16G,8,24,5,21627,30016,56361,107480,132,1250,184.54,1546,11339.79,11326.12,11353.97,11334.86,1393.95,1391.87,1394.2,1391.71
CN8,32G,1,1,1,791,971,1762,2835,1236,1478,1403.96,1472,10444.79,10509.05,10288.55,10264.68,1227.38,1227.48,1226.6,1226.4
CN8,32G,1,1,2,783,873,2835,4293,1291,1472,1441.71,1512,10957.79,10671.1,10719.78,10463.51,1278.14,1273.83,1273.82,1271.99
CN8,32G,1,1,3,766,889,2638,5014,1358,1506,1466.48,1538,11042.37,10936.34,11083.52,10905.69,1324.83,1323.17,1324.59,1322.08
CN8,32G,1,1,4,807,996,2212,4621,1258,1502,1430.24,1499,10324.05,10269.07,10299.83,10196.91,1227.43,1224.5,1224.81,1225.23
CN8,32G,1,1,5,783,906,2606,5735,1302,1530,1442.73,1513,10683.64,10925.37,10536.63,10513.13,1274.02,1276.77,1272.8,1272.93
CN8,32G,1,2,1,816,971,1565,3195,1300,1476,1434.04,1504,10276.84,10198.94,10100.93,10070.82,1225.43,1224.45,1222.4,1224.12
CN8,32G,1,2,2,824,996,1745,3720,1066,1482,1425.53,1495,10676.52,10529.16,10475.81,10440.34,1273.63,1271.28,1269.78,1272.21
CN8,32G,1,2,3,799,971,1598,4015,1292,1458,1421.37,1490,10136.36,10304.14,10129.97,10161.78,1225.26,1227.05,1222.09,1225.76
CN8,32G,1,2,4,824,996,1614,3326,1313,1476,1414.72,1484,10134.34,10208.26,10163.89,10070.92,1226.44,1224.74,1226.04,1224.76
CN8,32G,1,2,5,807,963,1958,3458,1110,1490,1433.29,1503,10635.52,10416.76,10728.62,10562.69,1274.0,1271.41,1274.56,1273.0
CN8,32G,1,4,1,799,947,1450,3261,1018,1508,1453.27,1524,10367.87,10340.53,10383.6,10435.59,1266.48,1265.29,1267.23,1267.63
CN8,32G,1,4,2,840,1029,1418,2114,1238,1500,1424.82,1494,10473.61,10369.95,10385.11,10415.96,1272.72,1268.28,1270.28,1270.76
CN8,32G,1,4,3,840,1045,1582,2376,1245,1464,1391.57,1459,10150.28,10078.39,10010.94,10100.27,1227.12,1223.64,1223.13,1224.36
CN8,32G,1,4,4,832,1029,1565,2311,1288,1502,1435.62,1505,10102.11,10062.42,9992.71,10013.64,1226.21,1224.73,1222.47,1223.37
CN8,32G,1,4,5,832,1037,1598,2442,1242,1490,1435.89,1506,10157.55,10013.9,10043.52,9979.54,1226.66,1221.7,1224.08,1224.07
CN8,32G,1,8,1,840,1020,1434,2114,1254,1472,1418.00,1487,10016.12,10011.54,10014.97,10000.42,1223.36,1223.4,1223.64,1223.49
CN8,32G,1,8,2,857,1057,1614,2442,1243,1472,1407.00,1476,10126.76,10038.69,9969.97,10034.59,1225.87,1223.51,1221.93,1224.11
CN8,32G,1,8,3,857,1029,1729,2671,1230,1462,1419.13,1488,10082.54,10096.71,10012.4,10017.9,1226.12,1223.73,1223.43,1223.84
CN8,32G,1,8,4,832,1012,1532,2311,1294,1456,1416.28,1485,10199.88,10008.48,9977.45,10004.84,1228.15,1223.17,1221.85,1222.6
CN8,32G,1,8,5,807,971,1319,2245,1292,1492,1403.63,1472,10028.88,10073.76,10058.74,10016.28,1223.2,1225.27,1224.47,1223.23
CN8,32G,1,12,1,799,955,1303,2147,1246,1488,1432.38,1502,10148.29,10038.21,10050.61,10031.58,1226.57,1221.25,1223.49,1224.28
CN8,32G,1,12,2,824,1004,1565,2606,1324,1504,1439.36,1509,10403.41,10440.62,10361.04,10381.52,1271.37,1271.18,1269.08,1269.09
CN8,32G,1,12,3,816,988,1450,2147,1258,1494,1423.54,1493,10023.66,10050.91,10010.37,9970.16,1225.1,1224.61,1223.18,1220.98
CN8,32G,1,12,4,881,1139,1762,2573,1254,1478,1419.35,1488,10070.42,10016.41,9971.67,10003.79,1225.15,1224.07,1220.81,1223.39
CN8,32G,1,12,5,816,1004,1549,2245,1286,1518,1450.31,1520,10086.0,10020.07,9999.68,10034.91,1225.44,1223.83,1222.74,1223.62
CN8,32G,1,24,1,807,971,1500,2868,1342,1494,1437.31,1507,10044.78,10093.38,10003.07,10133.43,1225.39,1223.67,1223.85,1224.42
CN8,32G,1,24,2,807,988,1647,3130,1278,1486,1407.54,1476,10050.18,9977.55,10021.21,10003.43,1224.91,1222.55,1224.16,1223.26
CN8,32G,1,24,3,840,1057,1860,2606,1164,1472,1427.76,1497,10057.23,10035.97,10031.81,9967.4,1224.29,1222.97,1223.28,1221.48
CN8,32G,1,24,4,824,1004,1418,2474,1298,1456,1413.37,1482,10407.65,10487.4,10372.08,10379.77,1271.04,1271.19,1269.74,1268.72
CN8,32G,1,24,5,824,996,1336,2540,1256,1496,1416.72,1486,10022.78,9999.82,10050.74,10026.96,1224.19,1223.73,1223.52,1224.19
CN8,32G,2,1,1,3818,6587,21103,67634,518,1472,720.52,1505,10809.8,10823.07,10797.24,10714.47,1319.36,1319.39,1317.93,1317.16
CN8,32G,2,1,2,3687,6128,15270,52691,572,1474,751.94,1569,11286.72,11333.29,11133.76,11182.08,1374.45,1374.8,1371.42,1372.43
CN8,32G,2,1,3,3720,6259,19792,70779,560,1456,735.47,1539,11075.01,10969.81,11023.54,10940.93,1346.44,1345.23,1345.69,1344.15
CN8,32G,2,1,4,15664,18482,488637,599786,552,231.26,477,,16.18,14846.62,13.74,12.65,1.5,1819.06,1.21,1.21
CN8,32G,2,1,5,3458,7504,15926,68682,432,1504,804.14,1384,7967.36,40.96,15697.82,8024.63,982.51,2.58,1941.91,983.57
CN8,32G,2,2,1,7111,11076,15664,34341,424,1382,543.64,1134,9257.45,15915.12,2351.49,7082.94,1011.32,1969.8,253.48,759.29
CN8,32G,2,2,2,7767,11731,20579,69731,372,1020,526.69,1102,4698.74,6999.44,15804.31,7037.43,504.82,757.97,1954.99,758.38
CN8,32G,2,2,3,4228,9372,20579,47973,584,1476,780.84,1635,13594.52,9237.86,9222.71,13609.96,1677.72,1020.55,1018.79,1677.28
CN8,32G,2,2,4,4228,9503,18744,60556,548,1494,789.75,1650,11054.51,10953.76,11029.77,10916.02,1345.96,1343.79,1345.05,1343.44
CN8,32G,2,2,5,4424,9634,20841,63177,584,1482,771.48,1613,11066.6,11032.72,11002.26,11011.98,1357.7,1352.26,1352.12,1355.77
CN8,32G,2,4,1,4113,10159,23725,71828,500,1398,777.28,1609,11171.79,11128.71,11067.98,11037.43,1371.51,1368.94,1362.63,1358.47
CN8,32G,2,4,2,4080,10552,23462,61604,554,1464,774.67,1591,11051.78,11066.48,11032.7,10991.92,1356.68,1358.72,1354.65,1353.79
CN8,32G,2,4,3,4047,9765,19792,53216,608,1444,787.42,1632,11194.57,11188.46,11240.91,11129.72,1371.04,1373.16,1378.38,1370.09
CN8,32G,2,4,4,4015,9765,20317,47449,582,1423,787.16,1624,11230.29,11240.91,11232.72,11112.35,1379.29,1379.18,1375.25,1368.42
CN8,32G,2,4,5,3916,10159,20579,71828,492,1378,784.59,1634,11252.96,11293.57,11201.35,11136.9,1377.95,1384.85,1376.2,1370.75
CN8,32G,2,8,1,3916,9634,20841,53216,562,1444,796.22,1628,11171.73,11291.71,11139.57,11164.64,1374.2,1378.34,1368.65,1372.18
CN8,32G,2,8,2,4228,10421,26084,58459,464,1402,764.07,1579,11050.87,10992.47,10994.19,11017.74,1353.97,1351.89,1350.92,1353.29
CN8,32G,2,8,3,4293,10683,29492,76022,512,1502,753.66,1555,10900.13,10837.63,10841.65,10841.16,1341.09,1333.11,1333.72,1333.57
CN8,32G,2,8,4,4228,9896,21627,57934,530,1410,777.27,1617,11127.12,11174.33,11165.76,11057.37,1362.82,1373.95,1367.58,1361.06
CN8,32G,2,8,5,4015,10028,21627,55837,582,1410,784.05,1627,11087.09,11097.39,11091.44,11059.54,1362.57,1365.51,1362.2,1360.16
CN8,32G,2,12,1,4293,10159,22676,71828,506,1414,766.21,1595,10994.07,11034.36,11043.0,10953.41,1347.25,1348.13,1349.65,1347.51
CN8,32G,2,12,2,4178,9896,20317,47449,540,1410,782.62,1621,11125.58,11124.05,11108.14,11138.17,1366.53,1367.22,1364.41,1367.86
CN8,32G,2,12,3,4228,10290,26870,68682,456,1458,773.66,1608,11115.62,11121.13,11132.09,11093.73,1364.95,1367.23,1364.78,1365.69
CN8,32G,2,12,4,4293,10421,23725,55837,556,1472,759.65,1565,10996.05,10977.12,10983.3,10977.65,1349.88,1349.3,1350.05,1349.61
CN8,32G,2,12,5,4113,9896,21627,58983,510,1454,782.99,1605,11113.86,11047.5,11063.14,11046.34,1364.41,1360.48,1361.46,1357.14
CN8,32G,2,24,1,4178,9634,24249,61080,516,1398,768.40,1588,11035.58,11045.89,10994.58,11001.28,1356.11,1358.93,1352.47,1353.99
CN8,32G,2,24,2,4228,11076,22938,76022,446,1418,763.25,1580,10764.42,10780.53,10800.58,10758.51,1319.82,1321.92,1327.75,1321.39
CN8,32G,2,24,3,4146,10683,26084,81265,498,1404,764.78,1589,11106.86,11139.63,11091.1,11081.79,1364.92,1371.35,1366.35,1363.95
CN8,32G,2,24,4,3916,9765,21627,44303,498,1372,784.22,1622,11156.68,11129.98,11142.69,11115.08,1372.34,1364.97,1363.27,1364.88
CN8,32G,2,24,5,4080,10028,19530,62653,570,1478,785.45,1606,10973.97,10924.15,10938.71,10936.54,1347.35,1343.43,1341.87,1341.47
CN8,32G,4,1,1,9896,16319,33162,86508,238,1400,372.72,1555,11377.78,11358.59,11380.78,11398.44,1397.92,1399.42,1399.49,1402.99
CN8,32G,4,1,2,9765,15926,28967,71828,276,1428,382.51,1600,11446.62,11667.5,11678.14,11434.04,1387.03,1386.06,1382.52,1387.11
CN8,32G,4,1,3,8160,13435,25035,46924,200,1544,432.66,1609,8066.98,9990.63,7968.74,14638.21,911.97,1208.23,912.07,1807.04
CN8,32G,4,1,4,8455,14877,329253,574620,1542,318.87,945,,5788.78,4146.23,4034.58,14742.9,696.57,467.64,466.08,1806.33
CN8,32G,4,1,5,8717,15139,175113,574620,1540,326.83,1122,,6403.99,12661.06,14775.27,22.76,783.35,1562.92,1823.68,1.38
CN8,32G,4,2,1,11600,16909,316670,425722,552,229.23,958,,9701.32,4288.38,2139.95,14576.97,1117.1,457.68,228.28,1782.61
CN8,32G,4,2,2,8848,13829,278922,459277,1288,301.33,1259,,8062.93,14236.18,15300.85,1372.38,883.51,1744.81,1888.22,148.15
CN8,32G,4,2,3,11994,17171,396362,599786,728,254.89,1051,,14720.8,1153.18,1153.59,14715.03,1812.46,123.77,123.34,1812.55
CN8,32G,4,2,4,13435,23200,383779,557843,662,232.36,963,,18.71,14331.53,14359.22,16.4,1.47,1754.5,1754.5,1.18
CN8,32G,4,2,5,13566,19006,459277,583009,736,227.65,950,,14567.1,19.4,20.19,14613.36,1782.64,1.27,1.28,1783.24
CN8,32G,4,4,1,11994,18744,39584,80217,260,786,375.86,1567,11442.31,11523.12,11487.0,11511.84,1406.67,1414.28,1409.72,1410.28
CN8,32G,4,4,2,12387,19268,38011,69731,260,1350,377.94,1566,11421.35,11427.44,11408.13,11496.15,1401.93,1405.09,1400.93,1410.55
CN8,32G,4,4,3,12780,19792,40633,78119,280,1360,369.78,1549,11369.36,11387.76,11454.98,11363.42,1398.11,1398.77,1405.19,1396.96
CN8,32G,4,4,4,12518,19792,40633,77071,250,1358,369.44,1542,11329.32,11415.77,11312.87,11316.43,1392.77,1396.65,1389.67,1389.69
CN8,32G,4,4,5,12387,19268,40109,74974,262,1345,376.51,1570,11440.28,11455.84,11425.69,11452.31,1404.87,1406.4,1405.41,1406.39
CN8,32G,4,8,1,12125,19006,41157,85459,224,1338,371.34,1553,11274.93,11302.08,11315.33,11324.71,1387.03,1389.83,1385.93,1391.6
CN8,32G,4,8,2,12518,19268,39060,77071,264,1358,376.30,1564,11393.39,11383.93,11401.97,11384.97,1401.94,1400.6,1400.34,1398.19
CN8,32G,4,8,3,12125,19006,37487,79168,244,1374,376.81,1564,11264.89,11284.18,11297.73,11318.28,1385.43,1385.5,1385.91,1386.37
CN8,32G,4,8,4,12518,19530,38011,72877,250,1376,371.96,1553,11341.27,11331.98,11394.41,11358.22,1395.34,1395.17,1400.68,1397.75
CN8,32G,4,8,5,12256,19006,34866,78119,267,1320,376.70,1571,11458.81,11483.76,11543.29,11464.33,1410.52,1411.95,1413.48,1410.71
CN8,32G,4,12,1,12256,19268,38536,89654,218,1396,370.04,1544,11267.08,11265.88,11298.4,11272.22,1385.07,1382.63,1385.87,1383.39
CN8,32G,4,12,2,12518,19530,43254,77071,267,1334,370.81,1548,11403.43,11404.71,11430.78,11390.91,1403.18,1402.42,1400.79,1401.48
CN8,32G,4,12,3,12387,19006,41157,89654,270,1334,379.56,1575,11466.71,11417.91,11500.44,11455.18,1408.25,1404.47,1414.29,1408.76
CN8,32G,4,12,4,12649,19530,43779,89654,230,1372,372.77,1554,11351.2,11337.23,11427.08,11368.28,1396.93,1395.72,1401.69,1397.06
CN8,32G,4,12,5,11994,19006,37487,65274,274,1328,373.19,1561,11243.49,11228.2,11276.65,11241.52,1380.4,1381.29,1383.08,1379.35
CN8,32G,4,24,1,12256,19530,40633,74974,216,1368,368.01,1529,11226.13,11194.91,11205.4,11226.27,1380.03,1376.78,1377.89,1377.52
CN8,32G,4,24,2,12780,19792,43254,82314,274,1366,366.45,1527,11301.95,11299.01,11298.94,11285.15,1389.16,1390.25,1390.22,1388.14
CN8,32G,4,24,3,11863,18744,36963,74974,270,1294,376.76,1568,11351.85,11323.73,11312.35,11320.71,1393.39,1391.91,1389.26,1391.63
CN8,32G,4,24,4,12649,19530,41157,89654,216,1370,373.04,1558,11390.55,11380.08,11405.63,11383.8,1401.8,1399.24,1401.96,1401.11
CN8,32G,4,24,5,11994,19006,38011,76022,274,1304,374.68,1567,11379.58,11372.96,11389.06,11393.1,1398.38,1397.59,1399.35,1400.02
