0805-1503
CN7,4G,1,1,1,0,0,0,0,0,0,1476.93,1476.42,36.47,36.57,36.5,2947.09,4.72,4.73,4.72,368.18
CN7,4G,1,1,2,0,0,0,0,0,0,1453.88,1453.43,5599.2,132.91,132.67,134.66,699.93,17.31,17.28,17.33
CN7,4G,1,1,3,0,0,0,0,0,0,1450.62,1450.17,132.54,5599.57,132.67,132.83,17.27,699.97,17.28,17.3
CN7,4G,1,1,4,0,0,0,0,0,0,1514.87,1514.40,132.54,132.91,5599.5,132.82,17.27,17.31,699.95,17.3
CN7,4G,1,1,5,0,0,0,0,0,0,1447.55,1447.09,132.54,132.91,132.67,5341.48,17.27,17.31,17.28,667.74
CN7,4G,1,2,1,0,0,0,0,0,0,1408.38,1407.96,2736.53,2738.91,132.67,132.83,342.45,342.67,17.28,17.3
CN7,4G,1,2,2,0,0,0,0,0,0,1467.48,1466.97,132.53,132.91,2749.76,2749.9,17.27,17.31,344.11,344.12
CN7,4G,1,2,3,0,0,0,0,0,0,1428.11,1427.64,132.53,2732.74,2732.5,134.66,17.27,341.98,341.95,17.34
CN7,4G,1,2,4,0,0,0,0,0,0,1481.37,1480.89,3311.83,160.49,159.61,3309.18,414.33,20.81,20.76,414.11
CN7,4G,1,2,5,0,0,0,0,0,0,1595.88,1595.31,159.03,159.48,3311.0,3311.99,20.72,20.77,414.34,414.38
CN7,4G,1,4,1,0,0,0,0,0,0,1463.30,1462.85,1722.03,1718.28,1722.2,1722.99,215.92,215.45,215.94,215.98
CN7,4G,1,4,2,0,0,0,0,0,0,1509.88,1509.33,1502.86,1499.56,1499.34,1500.16,187.93,187.98,187.95,187.97
CN7,4G,1,4,3,0,0,0,0,0,0,1561.69,1561.09,1499.19,1499.56,1499.34,1499.49,187.93,187.98,187.95,187.97
CN7,4G,1,4,4,0,0,0,0,0,0,1389.65,1389.00,1436.19,1436.39,1435.5,1436.32,179.96,180.01,179.96,179.99
CN7,4G,1,4,5,0,0,0,0,0,0,1506.69,1506.17,1499.19,1499.73,1499.33,1499.49,187.93,187.98,187.95,187.97
CN7,4G,1,8,1,0,0,0,0,0,0,1458.02,1457.50,1499.35,1499.73,1500.17,1503.65,187.93,187.98,187.97,187.97
CN7,4G,1,8,2,0,0,0,0,0,0,1396.23,1395.79,1503.52,1503.73,1502.66,1500.15,187.95,188.0,187.95,187.99
CN7,4G,1,8,3,0,0,0,0,0,0,1561.10,1560.55,1499.85,1500.23,1503.0,1503.82,187.95,188.0,187.97,187.99
CN7,4G,1,8,4,0,0,0,0,0,0,1504.26,1503.71,1502.85,1503.06,1499.5,1501.15,187.93,187.98,187.95,188.0
CN7,4G,1,8,5,0,0,0,0,0,0,1495.88,1495.36,1737.42,1740.67,1735.0,1735.18,217.84,218.22,217.54,217.56
CN7,4G,1,16,1,0,0,0,0,0,0,1422.51,1422.01,1451.18,1451.89,1452.5,1449.48,181.9,181.99,181.99,181.71
CN7,4G,1,16,2,0,0,0,0,0,0,1365.44,1364.99,1446.81,1449.16,1446.94,1449.95,181.23,181.5,181.42,181.55
CN7,4G,1,16,3,0,0,0,0,0,0,1363.57,1363.11,1457.02,1456.89,1456.49,1458.65,182.6,182.64,182.61,182.67
CN7,4G,1,16,4,0,0,0,0,0,0,1425.48,1424.98,1435.01,1437.05,1436.99,1436.15,179.93,180.18,179.99,179.98
CN7,4G,1,16,5,0,0,0,0,0,0,1384.78,1384.30,1446.18,1446.05,1445.83,1442.48,181.29,181.31,181.28,180.8
CN7,4G,1,32,1,0,0,0,0,0,0,1326.25,1325.77,1457.01,1457.38,1457.32,1457.48,182.62,182.67,182.64,182.66
CN7,4G,1,32,2,0,0,0,0,0,0,1399.55,1398.95,1456.51,1456.88,1457.99,1457.98,182.6,182.64,182.61,182.65
CN7,4G,1,32,3,0,0,0,0,0,0,1360.57,1360.07,1457.01,1458.38,1456.49,1459.48,182.62,182.69,182.61,182.73
CN7,4G,1,32,4,0,0,0,0,0,0,1376.97,1376.46,1456.34,1457.55,1457.15,1457.64,182.6,182.69,182.66,182.66
CN7,4G,1,32,5,0,0,0,0,0,0,1333.38,1332.85,1456.84,1457.38,1456.49,1457.31,182.62,182.67,182.61,182.66
CN7,4G,1,64,1,0,0,0,0,0,0,1381.76,1381.11,1503.34,1503.21,1502.32,1500.14,187.97,188.01,187.98,188.02
CN7,4G,1,64,2,0,0,0,0,0,0,1449.58,1448.91,1499.84,1499.88,1499.98,1503.14,187.97,188.02,187.99,187.99
CN7,4G,1,64,3,0,0,0,0,0,0,1363.34,1362.72,1500.0,1500.05,1499.15,1502.81,187.97,188.01,187.95,188.02
CN7,4G,1,64,4,0,0,0,0,0,0,1382.61,1381.92,1499.84,1500.21,1501.98,1499.97,187.99,188.03,188.06,188.01
CN7,4G,1,64,5,0,0,0,0,0,0,1421.68,1420.99,1499.67,1500.04,1502.32,1500.14,187.95,188.0,187.97,188.01
CN7,4G,2,1,1,0,0,0,0,0,0,1843.43,1843.07,101.38,7987.41,99.49,101.1,13.0,997.73,12.96,13.01
CN7,4G,2,1,2,0,0,0,0,0,0,1776.09,1775.77,99.37,100.17,7978.11,99.6,12.95,13.02,996.76,12.97
CN7,4G,2,1,3,0,0,0,0,0,0,1806.77,1806.39,99.37,99.67,99.5,8010.6,12.94,12.98,12.96,1000.77
CN7,4G,2,1,4,0,0,0,0,0,0,2108.24,2107.74,9134.85,113.9,113.71,116.13,1141.3,14.84,14.81,14.91
CN7,4G,2,1,5,0,0,0,0,0,0,1816.29,1815.92,99.38,8034.79,99.49,99.61,12.95,1003.88,12.96,12.97
CN7,4G,2,2,1,0,0,0,0,0,0,1771.66,1771.26,4045.75,100.18,99.49,4043.85,505.74,13.02,12.96,505.5
CN7,4G,2,2,2,0,0,0,0,0,0,1784.81,1784.45,99.38,4031.92,4032.11,100.98,12.95,504.01,504.01,13.0
CN7,4G,2,2,3,0,0,0,0,0,0,1760.68,1760.35,4059.63,4061.43,99.49,99.61,507.47,507.54,12.96,12.97
CN7,4G,2,2,4,0,0,0,0,0,0,1710.70,1710.40,99.39,101.06,4066.24,4067.85,12.95,13.0,508.28,508.5
CN7,4G,2,2,5,0,0,0,0,0,0,1837.18,1836.79,99.38,4038.93,4039.74,100.98,12.95,504.88,504.98,13.0
CN7,4G,2,4,1,0,0,0,0,0,0,1808.12,1807.74,2081.13,2082.31,2083.0,2081.85,260.41,260.51,260.53,260.49
CN7,4G,2,4,2,0,0,0,0,0,0,2644.98,2644.19,2369.15,2366.07,2369.43,2366.12,296.45,296.01,296.49,296.0
CN7,4G,2,4,3,0,0,0,0,0,0,1758.18,1757.82,2081.51,2082.32,2081.63,2082.48,260.46,260.51,260.47,260.5
CN7,4G,2,4,4,0,0,0,0,0,0,1762.71,1762.36,2085.51,2087.69,2088.13,2087.36,260.96,261.02,261.29,261.01
CN7,4G,2,4,5,0,0,0,0,0,0,1909.15,1908.73,2077.51,2078.32,2077.63,2078.23,259.96,260.01,259.97,260.0
CN7,4G,2,8,1,0,0,0,0,0,0,1723.54,1723.18,2072.14,2071.57,2070.13,2071.36,259.29,259.02,258.99,259.01
CN7,4G,2,8,2,0,0,0,0,0,0,1688.19,1687.85,2090.39,2094.82,2089.76,2090.74,261.55,262.02,261.48,261.51
CN7,4G,2,8,3,0,0,0,0,0,0,1813.29,1812.86,2093.76,2094.44,2093.76,2094.61,261.97,262.01,261.98,262.0
CN7,4G,2,8,4,0,0,0,0,0,0,1749.31,1748.97,2101.76,2102.95,2101.88,2102.74,262.97,263.02,262.98,263.01
CN7,4G,2,8,5,0,0,0,0,0,0,1670.38,1670.07,2094.76,2090.57,2089.63,2093.99,261.99,261.51,261.48,261.92
CN7,4G,2,16,1,0,0,0,0,0,0,1741.90,1741.53,2109.52,2110.45,2105.76,2110.24,263.96,264.01,263.48,264.0
CN7,4G,2,16,2,0,0,0,0,0,0,1633.04,1632.73,2087.52,2096.32,2093.89,2090.99,261.02,262.15,261.95,261.52
CN7,4G,2,16,3,0,0,0,0,0,0,1651.65,1651.30,2085.89,2087.58,2086.14,2087.49,260.98,261.02,261.0,261.01
CN7,4G,2,16,4,0,0,0,0,0,0,1780.69,1780.29,2097.89,2099.83,2103.01,2096.12,262.51,262.56,263.13,262.16
CN7,4G,2,16,5,0,0,0,0,0,0,1877.26,1876.85,2102.89,2096.83,2094.01,2095.12,263.01,262.31,261.88,262.02
CN7,4G,2,32,1,0,0,0,0,0,0,1672.10,1671.71,2105.65,2102.58,2110.01,2094.62,263.47,263.01,264.01,262.0
CN7,4G,2,32,2,0,0,0,0,0,0,1766.72,1765.92,2111.9,2107.45,2114.27,2119.25,264.03,263.54,264.33,265.03
CN7,4G,2,32,3,0,0,0,0,0,0,1676.72,1676.31,2093.9,2104.21,2090.02,2096.0,261.99,263.06,261.5,262.03
CN7,4G,2,32,4,0,0,0,0,0,0,1682.47,1682.07,2099.03,2108.33,2090.02,2092.5,262.64,263.57,261.51,261.56
CN7,4G,2,32,5,0,0,0,0,0,0,1672.16,1671.78,2109.65,2113.08,2117.89,2102.25,263.96,264.37,264.98,263.0
CN7,4G,2,64,1,0,0,0,0,0,0,1797.05,1796.51,2141.78,2147.09,2141.89,2150.75,267.98,268.52,267.98,269.01
CN7,4G,2,64,2,0,0,0,0,0,0,1689.37,1688.90,2149.65,2143.59,2141.9,2147.0,268.97,268.04,267.99,268.53
CN7,4G,2,64,3,0,0,0,0,0,0,1710.42,1709.93,2146.4,2149.96,2142.4,2154.13,268.49,268.55,268.01,269.04
CN7,4G,2,64,4,0,0,0,0,0,0,1718.97,1718.46,2146.53,2151.09,2146.65,2143.88,268.52,269.05,268.53,268.07
CN7,4G,2,64,5,0,0,0,0,0,0,1719.31,1718.81,2137.66,2144.46,2146.4,2154.76,267.47,268.05,268.52,269.03
CN7,4G,4,1,1,0,0,0,0,0,0,1995.37,1995.15,9950.41,62.52,61.25,62.47,1242.72,8.02,7.98,8.01
CN7,4G,4,1,2,0,0,0,0,0,0,2113.86,2113.58,61.19,9516.61,61.24,61.31,7.97,1188.65,7.98,7.99
CN7,4G,4,1,3,0,0,0,0,0,0,1975.94,1975.53,62.27,62.46,9960.47,61.31,8.01,8.03,1244.14,7.98
CN7,4G,4,1,4,0,0,0,0,0,0,1949.29,1949.08,56.82,56.99,56.89,9241.14,7.4,7.42,7.41,1154.23
CN7,4G,4,1,5,0,0,0,0,0,0,2017.03,2016.80,9934.42,61.37,61.26,62.4,1240.87,7.99,7.98,8.03
CN7,4G,4,2,1,0,0,0,0,0,0,2073.89,2073.34,61.21,5018.14,5018.64,61.32,7.97,626.83,627.02,7.99
CN7,4G,4,2,2,0,0,0,0,0,0,1977.88,1977.63,5014.59,5015.23,61.26,61.32,626.51,626.52,7.98,7.99
CN7,4G,4,2,3,0,0,0,0,0,0,1928.81,1928.59,56.84,57.86,4635.81,4638.86,7.4,7.44,579.18,579.46
CN7,4G,4,2,4,0,0,0,0,0,0,2097.97,2097.74,61.21,4978.0,4978.73,62.32,7.97,621.88,622.01,8.01
CN7,4G,4,2,5,0,0,0,0,0,0,2081.17,2080.93,4973.9,62.32,61.28,4973.55,621.42,8.02,7.98,621.33
CN7,4G,4,4,1,0,0,0,0,0,0,2009.83,2009.59,2532.91,2535.78,2531.12,2532.94,316.61,316.94,316.33,316.55
CN7,4G,4,4,2,0,0,0,0,0,0,2105.57,2105.29,2532.91,2534.32,2535.43,2533.56,316.61,316.73,316.92,316.64
CN7,4G,4,4,3,0,0,0,0,0,0,2081.23,2080.98,2526.14,2526.86,2528.51,2528.64,315.71,315.8,316.02,316.02
CN7,4G,4,4,4,0,0,0,0,0,0,2017.32,2017.08,2545.3,2541.09,2542.82,2543.49,318.15,317.57,317.84,317.87
CN7,4G,4,4,5,0,0,0,0,0,0,2189.10,2188.83,2533.61,2533.79,2530.21,2533.88,316.63,316.65,316.26,316.64
CN7,4G,4,8,1,0,0,0,0,0,0,2135.92,2135.66,2525.46,2523.71,2523.67,2521.42,315.68,315.42,315.41,315.13
CN7,4G,4,8,2,0,0,0,0,0,0,2153.96,2153.68,2532.85,2538.56,2533.29,2536.42,316.61,317.27,316.64,317.0
CN7,4G,4,8,3,0,0,0,0,0,0,2080.42,2080.11,2526.16,2526.33,2525.99,2526.12,315.73,315.72,315.71,315.72
CN7,4G,4,8,4,0,0,0,0,0,0,2135.82,2135.57,2542.7,2543.57,2537.91,2540.05,317.84,317.88,317.22,317.43
CN7,4G,4,8,5,0,0,0,0,0,0,2240.31,2239.84,2739.34,2738.04,2745.58,2739.55,342.35,342.18,343.19,342.36
CN7,4G,4,16,1,0,0,0,0,0,0,2030.09,2029.85,2538.32,2533.65,2538.69,2539.44,317.27,316.65,317.26,317.36
CN7,4G,4,16,2,0,0,0,0,0,0,2147.81,2147.55,2542.86,2539.19,2540.38,2542.67,317.84,317.33,317.54,317.78
CN7,4G,4,16,3,0,0,0,0,0,0,2081.25,2080.98,2546.17,2546.04,2543.46,2543.75,318.18,318.19,317.87,317.87
CN7,4G,4,16,4,0,0,0,0,0,0,2131.87,2131.59,2542.87,2539.2,2542.85,2541.75,317.84,317.29,317.85,317.59
CN7,4G,4,16,5,0,0,0,0,0,0,2058.41,2058.14,2540.79,2542.43,2543.09,2544.83,317.57,317.73,317.87,318.04
CN7,4G,4,32,1,0,0,0,0,0,0,2129.62,2129.24,2574.95,2565.74,2571.32,2572.99,321.85,320.64,321.29,321.57
CN7,4G,4,32,2,0,0,0,0,0,0,2131.05,2130.71,2570.95,2578.51,2567.63,2563.38,321.35,322.2,320.93,320.34
CN7,4G,4,32,3,0,0,0,0,0,0,2060.24,2059.95,2569.19,2568.59,2573.09,2575.76,321.06,321.01,321.55,321.89
CN7,4G,4,32,4,0,0,0,0,0,0,2116.38,2116.05,2553.04,2551.29,2557.48,2570.92,319.1,318.81,319.67,321.28
CN7,4G,4,32,5,0,0,0,0,0,0,2055.30,2055.03,2576.12,2569.14,2575.87,2573.46,321.9,321.05,321.89,321.59
CN7,4G,4,64,1,0,0,0,0,0,0,2176.03,2175.60,2584.81,2580.76,2582.33,2580.7,323.08,322.51,322.78,322.5
CN7,4G,4,64,2,0,0,0,0,0,0,2150.34,2149.93,2577.51,2583.68,2585.03,2576.24,322.17,322.84,323.1,321.91
CN7,4G,4,64,3,0,0,0,0,0,0,2194.49,2194.06,2578.43,2578.46,2576.19,2580.78,322.2,322.21,321.9,322.51
CN7,4G,4,64,4,0,0,0,0,0,0,2218.93,2218.50,2582.51,2573.92,2584.96,2585.94,322.79,321.61,323.11,323.14
CN7,4G,4,64,5,0,0,0,0,0,0,2107.54,2107.17,2585.67,2578.38,2578.5,2578.32,323.12,322.2,322.2,322.2
CN7,4G,8,1,1,0,0,0,0,0,0,1959.92,1959.81,29.92,30.0,9166.02,30.05,3.85,3.86,1144.68,3.86
CN7,4G,8,1,2,0,0,0,0,0,0,2028.45,2028.35,31.87,31.96,32.64,9897.53,4.15,4.16,4.2,1236.03
CN7,4G,8,1,3,0,0,0,0,0,0,2043.54,2043.44,9591.25,30.8,30.77,31.45,1197.65,4.0,4.0,4.04
CN7,4G,8,1,4,0,0,0,0,0,0,2026.38,2026.27,30.77,9592.65,30.77,30.72,3.99,1197.88,4.0,4.0
CN7,4G,8,1,5,0,0,0,0,0,0,2007.71,2007.61,30.73,31.4,9606.84,30.71,3.99,4.04,1199.65,4.0
CN7,4G,8,2,1,0,0,0,0,0,0,2303.95,2303.82,5411.63,33.39,34.06,4955.98,675.75,4.34,4.37,618.91
CN7,4G,8,2,2,0,0,0,0,0,0,2256.05,2255.91,32.57,32.13,4827.17,5109.31,4.18,4.16,602.81,637.99
CN7,4G,8,2,3,0,0,0,0,0,0,2167.70,2166.92,4791.93,5277.01,31.94,32.52,598.37,658.94,4.16,4.18
CN7,4G,8,2,4,0,0,0,0,0,0,2264.55,2264.42,5380.27,33.85,33.27,4988.66,672.02,4.36,4.33,622.61
CN7,4G,8,2,5,0,0,0,0,0,0,2259.73,2259.59,33.82,4938.14,5319.98,33.34,4.35,616.28,664.36,4.34
CN7,4G,8,4,1,0,0,0,0,0,0,2388.34,2388.18,2279.19,2768.02,2770.15,2762.38,284.37,345.72,345.71,345.04
CN7,4G,8,4,2,0,0,0,0,0,0,2285.09,2284.95,2767.94,2325.24,2767.53,2767.67,345.68,290.42,345.71,345.71
CN7,4G,8,4,3,0,0,0,0,0,0,2244.09,2243.54,2767.45,2655.57,2540.83,2762.3,345.7,331.7,317.41,345.04
CN7,4G,8,4,4,0,0,0,0,0,0,2317.24,2316.95,2766.91,2767.91,2646.12,2441.05,345.68,345.71,330.54,304.92
CN7,4G,8,4,5,0,0,0,0,0,0,2350.00,2349.85,2622.0,2768.12,2767.17,2767.97,327.57,345.72,345.7,345.71
CN7,4G,8,8,1,0,0,0,0,0,0,2406.44,2405.34,2767.33,2519.13,2767.0,2768.81,345.69,314.58,345.69,345.71
CN7,4G,8,8,2,0,0,0,0,0,0,2355.28,2355.07,2827.74,2874.0,2660.1,2829.94,353.25,359.0,332.24,353.44
CN7,4G,8,8,3,0,0,0,0,0,0,2306.35,2305.05,2749.76,2748.42,2747.05,2490.07,343.5,343.35,343.19,311.05
CN7,4G,8,8,4,0,0,0,0,0,0,2357.62,2357.46,2606.32,2888.32,2824.1,2808.86,325.62,360.75,352.72,350.83
CN7,4G,8,8,5,0,0,0,0,0,0,2369.61,2369.08,2765.22,2532.02,2765.74,2766.75,345.45,316.22,345.51,345.5
CN7,4G,8,16,1,0,0,0,0,0,0,2277.69,2275.58,2558.7,2657.94,2548.94,2601.72,319.54,331.88,318.31,324.85
CN7,4G,8,16,2,0,0,0,0,0,0,2385.94,2384.81,2804.02,2800.02,2886.72,2799.26,350.13,349.61,360.6,349.48
CN7,4G,8,16,3,0,0,0,0,0,0,2311.49,2311.11,2673.99,2702.15,2658.86,2767.67,334.06,337.54,332.04,345.7
CN7,4G,8,16,4,0,0,0,0,0,0,2395.52,2395.34,2782.77,2744.81,2773.25,2823.66,347.67,342.85,346.45,352.74
CN7,4G,8,16,5,0,0,0,0,0,0,2410.93,2408.97,2730.26,2734.36,2635.96,2718.29,340.7,341.2,328.91,339.18
CN7,4G,8,32,1,0,0,0,0,0,0,2367.48,2366.58,2767.29,2728.16,2720.04,2637.89,345.54,340.57,339.59,329.41
CN7,4G,8,32,2,0,0,0,0,0,0,2359.51,2359.32,2677.21,2695.92,2749.5,2682.19,334.26,336.55,343.36,334.92
CN7,4G,8,32,3,0,0,0,0,0,0,2359.72,2359.52,2764.63,2678.59,2712.47,2684.98,345.2,334.43,338.74,335.26
CN7,4G,8,32,4,0,0,0,0,0,0,2330.24,2329.95,2627.53,2573.89,2589.13,2623.71,327.89,321.18,323.17,327.42
CN7,4G,8,32,5,0,0,0,0,0,0,2365.35,2365.15,2699.18,2762.14,2755.1,2571.57,337.04,344.88,344.07,321.1
CN7,4G,8,64,1,0,0,0,0,0,0,2334.41,2334.19,2744.97,2697.35,2709.89,2677.03,342.9,336.9,338.55,334.4
CN7,4G,8,64,2,0,0,0,0,0,0,2378.79,2378.51,2741.48,2702.43,2750.77,2675.87,342.16,337.28,343.39,333.91
CN7,4G,8,64,3,0,0,0,0,0,0,2383.23,2383.00,2689.18,2721.39,2696.13,2706.1,335.76,339.74,336.64,337.83
CN7,4G,8,64,4,0,0,0,0,0,0,2471.76,2471.05,2812.16,2821.68,2849.38,2756.66,351.04,352.11,355.71,343.99
CN7,4G,8,64,5,0,0,0,0,0,0,2313.85,2311.51,2504.71,2531.27,2640.47,2619.09,312.72,315.98,329.83,326.98
CN7,4G,16,1,1,0,0,0,0,0,0,1824.93,1824.74,10678.56,16.77,17.08,17.03,1333.44,2.18,2.18,2.18
CN7,4G,16,1,2,0,0,0,0,0,0,1833.71,1833.66,17.48,11134.82,17.5,17.5,2.27,1390.28,2.27,2.27
CN7,4G,16,1,3,0,0,0,0,0,0,1829.58,1829.53,17.12,17.72,10903.5,17.13,2.22,2.27,1361.46,2.22
CN7,4G,16,1,4,0,0,0,0,0,0,1854.33,1854.29,17.49,17.54,18.04,11157.02,2.27,2.27,2.31,1393.1
CN7,4G,16,1,5,0,0,0,0,0,0,1813.09,1813.01,10667.2,16.82,16.78,16.77,1331.9,2.18,2.17,2.18
CN7,4G,16,2,1,0,0,0,0,0,0,1943.60,1943.43,17.88,5620.72,5793.17,17.91,2.32,701.79,723.36,2.32
CN7,4G,16,2,2,0,0,0,0,0,0,1916.13,1916.06,5805.83,17.95,17.91,5635.57,724.88,2.32,2.32,703.64
CN7,4G,16,2,3,0,0,0,0,0,0,1909.55,1909.50,17.91,17.58,5484.28,5648.88,2.29,2.27,684.77,705.43
CN7,4G,16,2,4,0,0,0,0,0,0,1958.78,1958.35,5586.18,5848.9,18.28,17.91,697.54,730.24,2.34,2.32
CN7,4G,16,2,5,0,0,0,0,0,0,1945.10,1945.04,5847.12,18.36,17.92,5604.95,730.2,2.35,2.32,699.85
CN7,4G,16,4,1,0,0,0,0,0,0,1912.98,1911.06,2933.2,2933.18,2763.56,2904.74,366.12,366.2,345.13,362.54
CN7,4G,16,4,2,0,0,0,0,0,0,1994.13,1993.34,3001.23,3003.01,3000.81,2723.53,374.77,374.79,374.78,340.16
CN7,4G,16,4,3,0,0,0,0,0,0,1912.74,1912.59,2868.64,2764.43,2870.04,2771.19,358.28,345.26,358.24,346.09
CN7,4G,16,4,4,0,0,0,0,0,0,1911.53,1909.65,2933.75,2703.62,2933.06,2934.44,366.4,337.67,366.32,366.41
CN7,4G,16,4,5,0,0,0,0,0,0,1897.80,1897.05,2931.68,2859.53,2931.71,2712.4,366.13,357.07,366.14,338.76
CN7,4G,16,8,1,0,0,0,0,0,0,1960.07,1959.30,3000.11,2999.78,2995.64,2820.75,374.63,374.63,374.07,352.26
CN7,4G,16,8,2,0,0,0,0,0,0,1971.60,1970.80,2971.55,2851.37,3000.94,3000.78,371.14,356.05,374.79,374.78
CN7,4G,16,8,3,0,0,0,0,0,0,1872.43,1872.11,2866.23,2750.99,2864.97,2865.03,357.92,343.57,357.81,357.82
CN7,4G,16,8,4,0,0,0,0,0,0,1996.51,1996.43,3001.4,2964.83,2965.97,2917.52,374.78,370.23,370.43,364.32
CN7,4G,16,8,5,0,0,0,0,0,0,1942.26,1941.17,2840.55,2932.78,2921.67,2866.73,354.72,366.28,364.83,358.03
CN7,4G,16,16,1,0,0,0,0,0,0,1916.60,1916.38,2844.69,2929.78,2917.9,2930.51,355.18,365.8,364.33,365.91
CN7,4G,16,16,2,0,0,0,0,0,0,2005.43,2004.59,3000.78,2964.54,2965.93,2898.38,374.69,370.25,370.4,361.98
CN7,4G,16,16,3,0,0,0,0,0,0,1984.80,1984.69,2863.01,2934.61,2897.77,2866.75,357.56,366.45,361.85,357.93
CN7,4G,16,16,4,0,0,0,0,0,0,1962.56,1961.78,2891.34,2932.23,2870.75,2932.7,361.04,366.21,358.52,366.26
CN7,4G,16,16,5,0,0,0,0,0,0,1967.27,1964.42,2931.62,2911.22,2899.58,2865.04,365.92,363.36,361.93,357.58
CN7,4G,16,32,1,0,0,0,0,0,0,1892.41,1892.34,2892.27,2922.2,2922.01,2921.96,361.12,364.89,364.86,364.85
CN7,4G,16,32,2,0,0,0,0,0,0,2012.98,2012.80,2993.53,2930.37,2941.69,2938.28,373.79,365.88,367.29,366.87
CN7,4G,16,32,3,0,0,0,0,0,0,1969.37,1969.26,2992.05,2949.96,2989.21,2998.59,373.58,368.34,373.26,374.43
CN7,4G,16,32,4,0,0,0,0,0,0,1963.22,1961.24,2959.72,2987.95,2944.52,2993.79,369.62,373.16,367.7,373.88
CN7,4G,16,32,5,0,0,0,0,0,0,1861.40,1861.33,2788.42,2778.53,2762.9,2773.66,348.17,346.94,345.0,346.27
CN7,4G,16,64,1,0,0,0,0,0,0,2031.72,2031.63,2947.45,2968.32,2935.58,2935.25,367.99,370.62,366.51,366.39
CN7,4G,16,64,2,0,0,0,0,0,0,1986.69,1985.89,2938.46,2992.83,2984.81,2988.24,366.83,373.63,372.63,372.92
CN7,4G,16,64,3,0,0,0,0,0,0,2019.88,2019.24,3069.89,3029.11,2993.27,3053.64,383.31,378.22,373.75,381.17
CN7,4G,16,64,4,0,0,0,0,0,0,1942.36,1942.18,2983.26,2972.09,2907.25,2982.15,372.38,371.04,362.95,372.17
CN7,4G,16,64,5,0,0,0,0,0,0,2006.45,2006.36,3001.56,2933.14,2992.37,2950.34,374.75,366.23,373.64,368.27
CN7,8G,1,1,1,0,0,0,0,0,0,1522.99,1522.69,89.78,89.8,7379.03,89.8,11.68,11.68,921.93,11.69
CN7,8G,1,1,2,0,0,0,0,0,0,1513.65,1513.40,89.78,91.79,92.27,7382.35,11.68,11.75,11.8,921.97
CN7,8G,1,1,3,0,0,0,0,0,0,1533.84,1533.56,7382.11,89.79,89.71,91.59,921.96,11.68,11.67,11.75
CN7,8G,1,1,4,0,0,0,0,0,0,1509.87,1509.53,91.01,7379.56,89.71,89.8,11.72,921.94,11.67,11.69
CN7,8G,1,1,5,0,0,0,0,0,0,1505.16,1504.89,89.78,89.8,7379.37,89.8,11.68,11.69,921.93,11.69
CN7,8G,1,2,1,0,0,0,0,0,0,1482.86,1482.61,3735.11,3737.68,90.16,89.8,466.83,466.84,11.71,11.68
CN7,8G,1,2,2,0,0,0,0,0,0,1485.78,1485.54,82.11,81.12,3363.54,3361.62,10.55,10.53,420.15,420.14
CN7,8G,1,2,3,0,0,0,0,0,0,1552.25,1551.97,89.78,3735.02,3734.5,90.91,11.68,466.83,466.8,11.7
CN7,8G,1,2,4,0,0,0,0,0,0,1523.16,1522.89,3735.0,90.14,91.39,3735.02,466.82,11.71,11.73,466.83
CN7,8G,1,2,5,0,0,0,0,0,0,1543.68,1543.42,91.23,90.91,3736.61,3735.69,11.72,11.7,466.8,466.86
CN7,8G,1,4,1,0,0,0,0,0,0,1531.04,1530.77,1912.45,1912.35,1912.17,1912.25,239.25,239.25,239.24,239.25
CN7,8G,1,4,2,0,0,0,0,0,0,1637.65,1637.32,1912.67,1912.24,1912.72,1921.47,239.26,239.25,239.26,239.32
CN7,8G,1,4,3,0,0,0,0,0,0,1551.31,1550.99,1920.34,1912.69,1919.61,1912.7,239.28,239.27,239.26,239.26
CN7,8G,1,4,4,0,0,0,0,0,0,1548.94,1548.65,1912.67,1920.24,1913.06,1912.92,239.26,239.27,239.28,239.28
CN7,8G,1,4,5,0,0,0,0,0,0,1485.34,1485.09,1721.8,1722.52,1721.25,1723.43,215.35,215.37,215.33,215.34
CN7,8G,1,8,1,0,0,0,0,0,0,1549.58,1549.24,1913.56,1915.02,1913.39,1912.7,239.28,239.27,239.28,239.27
CN7,8G,1,8,2,0,0,0,0,0,0,1483.54,1483.28,1915.56,1913.36,1912.28,1912.59,239.26,239.28,239.24,239.26
CN7,8G,1,8,3,0,0,0,0,0,0,1494.85,1494.56,1912.78,1912.47,1914.4,1912.37,239.26,239.25,239.24,239.25
CN7,8G,1,8,4,0,0,0,0,0,0,1512.98,1512.71,1884.12,1880.91,1882.51,1883.7,235.7,235.28,235.55,235.7
CN7,8G,1,8,5,0,0,0,0,0,0,1517.26,1517.00,1884.45,1883.69,1883.62,1883.7,235.72,235.7,235.69,235.7
CN7,8G,1,16,1,0,0,0,0,0,0,1407.37,1407.15,1884.79,1883.8,1883.62,1883.7,235.71,235.7,235.69,235.7
CN7,8G,1,16,2,0,0,0,0,0,0,1405.57,1405.32,1898.56,1897.91,1898.18,1897.93,237.48,237.47,237.48,237.48
CN7,8G,1,16,3,0,0,0,0,0,0,1391.58,1391.35,1898.45,1898.14,1897.84,1898.15,237.48,237.48,237.47,237.48
CN7,8G,1,16,4,0,0,0,0,0,0,1398.03,1397.78,1884.9,1885.58,1883.62,1883.7,235.8,235.92,235.69,235.7
CN7,8G,1,16,5,0,0,0,0,0,0,1397.24,1397.00,1870.57,1870.69,1874.07,1869.48,233.94,234.07,234.37,233.92
CN7,8G,1,32,1,0,0,0,0,0,0,1378.15,1377.89,1696.31,1695.53,1695.26,1695.53,212.15,212.15,212.12,212.14
CN7,8G,1,32,2,0,0,0,0,0,0,1426.09,1425.60,1885.01,1883.7,1884.51,1883.93,235.72,235.7,235.72,235.7
CN7,8G,1,32,3,0,0,0,0,0,0,1381.42,1381.15,1909.35,1912.03,1908.07,1908.6,238.82,239.23,238.75,238.81
CN7,8G,1,32,4,0,0,0,0,0,0,1393.59,1393.25,1913.24,1912.14,1913.74,1912.15,239.28,239.26,239.3,239.26
CN7,8G,1,32,5,0,0,0,0,0,0,1378.86,1378.57,1721.81,1720.93,1721.26,1721.44,215.35,215.33,215.34,215.35
CN7,8G,1,64,1,0,0,0,0,0,0,1412.57,1412.24,1913.79,1912.81,1912.63,1912.71,239.3,239.28,239.27,239.28
CN7,8G,1,64,2,0,0,0,0,0,0,1381.17,1380.84,1913.68,1912.48,1912.3,1912.38,239.32,239.28,239.27,239.28
CN7,8G,1,64,3,0,0,0,0,0,0,1377.93,1377.59,1724.22,1721.43,1721.37,1723.24,215.37,215.35,215.34,215.35
CN7,8G,1,64,4,0,0,0,0,0,0,1398.16,1397.82,1910.19,1909.54,1909.02,1910.55,238.88,238.87,238.85,238.9
CN7,8G,1,64,5,0,0,0,0,0,0,1415.09,1414.55,1912.8,1912.26,1912.19,1912.38,239.27,239.26,239.25,239.26
CN7,8G,2,1,1,0,0,0,0,0,0,1807.65,1807.48,58.8,9273.67,58.55,58.82,7.54,1158.26,7.53,7.55
CN7,8G,2,1,2,0,0,0,0,0,0,1798.48,1798.30,57.72,57.76,9282.4,57.74,7.51,7.52,1159.44,7.51
CN7,8G,2,1,3,0,0,0,0,0,0,1755.09,1754.92,57.72,57.75,58.71,9251.31,7.51,7.51,7.55,1155.56
CN7,8G,2,1,4,0,0,0,0,0,0,1721.05,1720.88,9262.22,57.75,57.7,57.76,1156.88,7.51,7.51,7.52
CN7,8G,2,1,5,0,0,0,0,0,0,1794.81,1794.63,58.74,9254.03,57.7,57.75,7.55,1155.89,7.51,7.51
CN7,8G,2,2,1,0,0,0,0,0,0,1768.53,1768.33,53.88,54.85,4426.19,4429.23,7.01,7.05,552.96,553.17
CN7,8G,2,2,2,0,0,0,0,0,0,1730.34,1730.16,53.88,4426.65,4429.93,54.71,7.01,552.98,553.2,7.03
CN7,8G,2,2,3,0,0,0,0,0,0,1678.67,1678.51,4429.81,54.72,53.87,4427.64,553.18,7.04,7.01,552.97
CN7,8G,2,2,4,0,0,0,0,0,0,1711.06,1710.89,54.69,53.92,4351.33,4351.84,7.03,7.02,543.59,543.61
CN7,8G,2,2,5,0,0,0,0,0,0,1682.31,1682.16,4426.75,4428.11,53.87,53.92,552.98,553.18,7.01,7.02
CN7,8G,2,4,1,0,0,0,0,0,0,1891.85,1891.65,2401.67,2401.63,2402.36,2399.77,300.12,300.13,300.1,299.91
CN7,8G,2,4,2,0,0,0,0,0,0,1775.26,1775.08,2240.23,2241.39,2241.74,2240.99,279.91,280.11,280.11,280.1
CN7,8G,2,4,3,0,0,0,0,0,0,1794.67,1794.47,2241.83,2239.86,2240.87,2245.72,280.11,279.91,280.09,280.11
CN7,8G,2,4,4,0,0,0,0,0,0,1761.33,1761.15,2241.9,2242.53,2244.74,2241.72,280.11,280.1,279.94,280.13
CN7,8G,2,4,5,0,0,0,0,0,0,1758.01,1757.83,2247.03,2247.13,2240.88,2239.33,280.14,280.14,280.09,279.9
CN7,8G,2,8,1,0,0,0,0,0,0,1743.91,1743.74,2241.84,2241.87,2242.15,2241.0,279.91,280.12,280.09,280.1
CN7,8G,2,8,2,0,0,0,0,0,0,1750.44,1750.26,2241.84,2241.8,2241.42,2241.73,280.11,279.92,280.11,280.13
CN7,8G,2,8,3,0,0,0,0,0,0,1740.96,1740.79,2241.97,2242.0,2239.35,2242.33,280.12,280.12,279.89,280.1
CN7,8G,2,8,4,0,0,0,0,0,0,1809.87,1809.68,2402.05,2401.51,2401.02,2399.57,300.12,300.12,300.1,299.9
CN7,8G,2,8,5,0,0,0,0,0,0,1748.40,1748.22,2241.84,2241.87,2242.56,2242.87,279.92,280.12,280.12,280.12
CN7,8G,2,16,1,0,0,0,0,0,0,1735.44,1735.26,2242.85,2241.68,2241.49,2243.27,280.11,279.93,279.91,280.13
CN7,8G,2,16,2,0,0,0,0,0,0,1684.61,1684.43,2213.03,2215.0,2212.27,2211.31,276.53,276.87,276.43,276.32
CN7,8G,2,16,3,0,0,0,0,0,0,1629.25,1629.09,2242.45,2241.35,2242.56,2240.14,280.1,280.11,280.1,279.73
CN7,8G,2,16,4,0,0,0,0,0,0,1676.03,1675.88,2240.19,2241.48,2241.83,2242.21,279.92,279.93,280.12,280.12
CN7,8G,2,16,5,0,0,0,0,0,0,1657.84,1657.67,2242.52,2239.55,2243.23,2247.08,280.1,279.9,280.12,280.14
CN7,8G,2,32,1,0,0,0,0,0,0,1713.96,1713.73,2246.32,2243.69,2245.24,2242.28,280.14,279.92,279.94,279.93
CN7,8G,2,32,2,0,0,0,0,0,0,1701.28,1701.09,2243.79,2242.02,2242.17,2242.22,280.13,280.14,279.92,279.93
CN7,8G,2,32,3,0,0,0,0,0,0,1715.43,1715.22,2242.6,2241.16,2242.37,2243.56,279.93,279.9,279.94,280.12
CN7,8G,2,32,4,0,0,0,0,0,0,1683.40,1683.19,2243.73,2242.16,2241.44,2246.29,280.13,279.94,279.9,280.16
CN7,8G,2,32,5,0,0,0,0,0,0,1686.81,1686.60,2246.27,2244.76,2243.24,2243.43,280.14,279.94,279.76,280.12
CN7,8G,2,64,1,0,0,0,0,0,0,1802.96,1802.68,2402.72,2402.96,2402.69,2401.1,299.93,299.94,299.94,299.72
CN7,8G,2,64,2,0,0,0,0,0,0,1752.77,1752.10,2244.27,2245.7,2244.25,2244.36,279.95,280.16,279.96,279.96
CN7,8G,2,64,3,0,0,0,0,0,0,1698.01,1697.78,2242.87,2238.57,2242.72,2243.03,279.94,279.51,279.93,279.94
CN7,8G,2,64,4,0,0,0,0,0,0,1704.41,1704.17,2245.94,2243.37,2242.52,2242.84,280.15,280.16,279.75,279.76
CN7,8G,2,64,5,0,0,0,0,0,0,1730.78,1730.52,2242.48,2241.31,2242.12,2242.24,279.94,279.91,279.94,279.94
CN7,8G,4,1,1,0,0,0,0,0,0,1952.56,1952.45,31.66,31.18,31.99,10118.06,4.06,4.05,4.07,1263.57
CN7,8G,4,1,2,0,0,0,0,0,0,2027.73,2027.61,10529.13,32.46,32.43,33.25,1314.86,4.21,4.21,4.26
CN7,8G,4,1,3,0,0,0,0,0,0,1974.10,1973.99,33.11,10529.86,32.39,32.44,4.26,1314.86,4.21,4.22
CN7,8G,4,1,4,0,0,0,0,0,0,2060.57,2060.46,32.39,32.4,10524.51,32.4,4.21,4.22,1314.22,4.22
CN7,8G,4,1,5,0,0,0,0,0,0,1980.70,1980.59,32.54,32.48,33.21,10512.84,4.21,4.22,4.25,1312.77
CN7,8G,4,2,1,0,0,0,0,0,0,2092.76,2092.63,5499.98,5500.87,33.8,33.77,686.77,686.86,4.39,4.39
CN7,8G,4,2,2,0,0,0,0,0,0,1999.50,1999.40,5282.43,32.97,32.36,5280.9,659.65,4.24,4.21,659.49
CN7,8G,4,2,3,0,0,0,0,0,0,2152.35,2152.22,34.37,5500.59,5501.09,34.4,4.41,686.82,686.92,4.42
CN7,8G,4,2,4,0,0,0,0,0,0,2029.40,2029.28,5281.4,5282.3,32.93,32.42,659.46,659.65,4.23,4.22
CN7,8G,4,2,5,0,0,0,0,0,0,2089.82,2089.69,34.34,34.36,5501.51,5500.11,4.41,4.42,686.98,686.84
CN7,8G,4,4,1,0,0,0,0,0,0,2088.60,2088.35,2767.29,2766.19,2766.22,2766.04,345.53,345.4,345.54,345.54
CN7,8G,4,4,2,0,0,0,0,0,0,2022.18,2022.06,2657.65,2656.95,2656.78,2657.12,331.94,331.92,331.81,331.93
CN7,8G,4,4,3,0,0,0,0,0,0,2042.40,2042.28,2658.53,2657.07,2657.59,2654.92,331.94,331.93,331.93,331.65
CN7,8G,4,4,4,0,0,0,0,0,0,2093.36,2093.22,2765.64,2767.91,2768.2,2771.17,345.47,345.76,345.76,345.78
CN7,8G,4,4,5,0,0,0,0,0,0,2038.30,2038.19,2767.94,2767.66,2769.03,2767.88,345.77,345.63,345.75,345.77
CN7,8G,4,8,1,0,0,0,0,0,0,2114.74,2114.60,2771.32,2771.25,2768.79,2768.51,345.78,345.77,345.49,345.75
CN7,8G,4,8,2,0,0,0,0,0,0,2063.90,2063.77,2657.71,2658.32,2657.36,2655.97,331.94,331.93,331.93,331.8
CN7,8G,4,8,3,0,0,0,0,0,0,2077.77,2077.64,2767.03,2768.59,2769.17,2767.56,345.48,345.77,345.77,345.75
CN7,8G,4,8,4,0,0,0,0,0,0,2087.98,2087.86,2736.16,2734.27,2734.23,2733.83,341.8,341.56,341.55,341.54
CN7,8G,4,8,5,0,0,0,0,0,0,2087.79,2087.66,2769.58,2768.35,2766.89,2768.86,345.77,345.77,345.63,345.77
CN7,8G,4,16,1,0,0,0,0,0,0,2030.65,2030.53,2657.04,2658.26,2658.1,2655.91,331.93,331.94,331.93,331.66
CN7,8G,4,16,2,0,0,0,0,0,0,1991.41,1991.28,2656.2,2658.3,2657.66,2658.07,331.65,331.94,331.92,331.93
CN7,8G,4,16,3,0,0,0,0,0,0,2094.67,2094.54,2768.34,2765.82,2767.98,2769.33,345.65,345.48,345.76,345.78
CN7,8G,4,16,4,0,0,0,0,0,0,2023.73,2023.60,2630.77,2633.03,2626.67,2630.68,328.58,328.9,328.13,328.59
CN7,8G,4,16,5,0,0,0,0,0,0,2088.84,2088.14,2769.39,2767.66,2767.86,2768.42,345.77,345.75,345.76,345.65
CN7,8G,4,32,1,0,0,0,0,0,0,2152.86,2152.68,2766.78,2766.15,2769.03,2769.34,345.26,345.23,345.54,345.55
CN7,8G,4,32,2,0,0,0,0,0,0,2086.16,2085.99,2768.98,2764.04,2766.87,2769.76,345.77,345.17,345.47,345.78
CN7,8G,4,32,3,0,0,0,0,0,0,2168.21,2168.04,2769.53,2767.8,2766.79,2769.51,345.78,345.63,345.47,345.78
CN7,8G,4,32,4,0,0,0,0,0,0,2121.82,2121.66,2769.36,2768.76,2768.88,2764.73,345.77,345.76,345.76,345.2
CN7,8G,4,32,5,0,0,0,0,0,0,2084.53,2084.37,2768.45,2769.3,2770.63,2770.9,345.48,345.64,345.77,345.78
CN7,8G,4,64,1,0,0,0,0,0,0,2113.43,2113.23,2769.5,2762.14,2769.55,2767.15,345.78,344.89,345.77,345.5
CN7,8G,4,64,2,0,0,0,0,0,0,2074.35,2073.86,2659.56,2657.66,2657.22,2658.11,331.96,331.66,331.67,331.68
CN7,8G,4,64,3,0,0,0,0,0,0,2126.67,2126.45,2768.59,2762.82,2765.6,2765.08,345.79,345.12,345.45,345.43
CN7,8G,4,64,4,0,0,0,0,0,0,2150.19,2149.91,2764.34,2770.61,2771.52,2770.62,345.05,345.8,345.79,345.81
CN7,8G,4,64,5,0,0,0,0,0,0,2102.72,2102.51,2762.6,2767.2,2769.49,2768.0,344.91,345.5,345.78,345.61
CN7,8G,8,1,1,0,0,0,0,0,0,1786.61,1786.57,17.3,10730.89,17.29,17.0,2.21,1340.07,2.21,2.2
CN7,8G,8,1,2,0,0,0,0,0,0,1764.84,1764.80,16.66,17.18,10500.79,16.67,2.16,2.2,1311.28,2.16
CN7,8G,8,1,3,0,0,0,0,0,0,1815.08,1815.03,17.37,17.4,17.36,10900.9,2.25,2.25,2.25,1361.13
CN7,8G,8,1,4,0,0,0,0,0,0,1794.74,1794.67,10700.02,17.04,17.01,17.6,1336.17,2.21,2.2,2.25
CN7,8G,8,1,5,0,0,0,0,0,0,1759.51,1759.47,17.0,10691.64,17.01,17.04,2.2,1335.08,2.2,2.21
CN7,8G,8,2,1,0,0,0,0,0,0,1889.81,1889.66,17.76,18.3,5721.2,5721.8,2.3,2.35,714.41,714.4
CN7,8G,8,2,2,0,0,0,0,0,0,1923.06,1922.96,5847.89,5848.28,18.13,18.61,730.3,730.28,2.35,2.38
CN7,8G,8,2,3,0,0,0,0,0,0,1855.86,1855.78,5719.75,17.78,17.76,5722.48,714.29,2.3,2.3,714.51
CN7,8G,8,2,4,0,0,0,0,0,0,1854.13,1854.09,17.76,5720.73,5719.74,17.82,2.3,714.37,714.19,2.3
CN7,8G,8,2,5,0,0,0,0,0,0,1823.97,1823.92,5598.53,5598.33,17.75,17.46,699.06,699.14,2.27,2.25
CN7,8G,8,4,1,0,0,0,0,0,0,1875.98,1875.89,2932.34,2932.29,2932.89,2933.45,366.23,366.19,366.21,366.27
CN7,8G,8,4,2,0,0,0,0,0,0,1869.20,1869.11,2869.34,2869.24,2868.51,2868.43,358.36,358.35,358.21,358.25
CN7,8G,8,4,3,0,0,0,0,0,0,1901.91,1901.86,2932.51,2932.92,2932.39,2932.17,366.25,366.3,366.24,366.21
CN7,8G,8,4,4,0,0,0,0,0,0,1902.44,1902.38,2999.48,2998.94,2998.43,2998.18,374.55,374.54,374.49,374.44
CN7,8G,8,4,5,0,0,0,0,0,0,1880.87,1880.81,2868.89,2868.97,2869.04,2869.0,358.27,358.25,358.33,358.27
CN7,8G,8,8,1,0,0,0,0,0,0,1908.24,1908.19,2920.25,2931.95,2932.09,2888.63,364.49,365.93,366.08,360.57
CN7,8G,8,8,2,0,0,0,0,0,0,1872.78,1872.73,2931.32,2928.38,2932.01,2931.17,366.03,365.73,365.94,366.08
CN7,8G,8,8,3,0,0,0,0,0,0,1911.53,1911.47,2931.48,2931.85,2930.83,2931.8,366.1,366.07,365.91,366.1
CN7,8G,8,8,4,0,0,0,0,0,0,1883.17,1883.12,2927.73,2928.98,2931.18,2927.65,365.62,365.82,365.98,365.64
CN7,8G,8,8,5,0,0,0,0,0,0,1907.87,1907.82,2930.75,2930.28,2930.31,2929.38,365.96,365.98,365.92,365.87
CN7,8G,8,16,1,0,0,0,0,0,0,1923.83,1923.74,2995.51,2994.83,2989.08,2996.6,373.95,373.97,373.22,374.18
CN7,8G,8,16,2,0,0,0,0,0,0,1906.17,1906.12,2925.48,2924.68,2885.3,2924.53,365.23,365.2,360.25,365.15
CN7,8G,8,16,3,0,0,0,0,0,0,1985.77,1984.85,2878.33,2934.7,2934.81,2902.84,359.46,366.49,366.48,362.53
CN7,8G,8,16,4,0,0,0,0,0,0,1909.27,1909.18,2930.15,2929.81,2930.17,2931.2,365.9,365.85,365.9,365.99
CN7,8G,8,16,5,0,0,0,0,0,0,1923.10,1922.81,2929.34,2931.19,2930.75,2928.47,365.84,366.09,366.02,365.74
CN7,8G,8,32,1,0,0,0,0,0,0,1867.27,1866.87,2855.33,2858.74,2858.72,2857.42,356.41,356.83,356.82,356.66
CN7,8G,8,32,2,0,0,0,0,0,0,1891.87,1891.81,2860.62,2859.85,2832.35,2843.41,357.19,357.11,353.66,355.03
CN7,8G,8,32,3,0,0,0,0,0,0,1940.24,1940.05,2902.19,2881.85,2913.06,2921.11,362.38,359.83,363.72,364.67
CN7,8G,8,32,4,0,0,0,0,0,0,1921.94,1921.32,2919.22,2902.28,2912.54,2899.21,364.5,362.39,363.68,362.01
CN7,8G,8,32,5,0,0,0,0,0,0,1860.03,1859.97,2862.0,2860.95,2860.98,2860.2,357.22,357.1,357.14,357.0
CN7,8G,8,64,1,0,0,0,0,0,0,1964.31,1964.23,2976.58,2990.79,2974.8,2997.28,371.65,373.41,371.43,374.24
CN7,8G,8,64,2,0,0,0,0,0,0,1888.75,1888.36,2833.27,2832.87,2833.77,2829.6,353.7,353.65,353.72,353.22
CN7,8G,8,64,3,0,0,0,0,0,0,1902.13,1902.05,2908.46,2908.34,2908.28,2907.48,363.15,363.14,363.13,363.04
CN7,8G,8,64,4,0,0,0,0,0,0,1917.22,1917.14,2835.5,2851.47,2823.34,2851.17,353.96,355.95,352.41,355.89
CN7,8G,8,64,5,0,0,0,0,0,0,1945.95,1945.87,2995.59,2997.9,2954.97,2964.21,374.04,374.31,368.95,370.11
CN7,8G,16,1,1,0,0,0,0,0,0,1663.60,1663.56,9.35,9.38,9.32,11540.14,1.19,1.19,1.19,1440.91
CN7,8G,16,1,2,0,0,0,0,0,0,1690.18,1690.14,11657.92,9.29,9.26,9.76,1455.55,1.2,1.2,1.25
CN7,8G,16,1,3,0,0,0,0,0,0,1656.67,1656.65,9.08,11410.14,9.05,9.09,1.17,1424.54,1.17,1.17
CN7,8G,16,1,4,0,0,0,0,0,0,1672.62,1672.60,9.19,9.66,11524.92,9.19,1.19,1.23,1438.88,1.19
CN7,8G,16,1,5,0,0,0,0,0,0,1689.77,1689.75,9.28,9.3,9.27,11653.42,1.2,1.2,1.2,1455.02
CN7,8G,16,2,1,0,0,0,0,0,0,1733.39,1733.31,9.49,5924.68,6041.44,9.52,1.23,739.74,754.31,1.23
CN7,8G,16,2,2,0,0,0,0,0,0,1677.91,1677.84,5865.13,9.32,9.28,5778.83,732.32,1.2,1.2,721.49
CN7,8G,16,2,3,0,0,0,0,0,0,1695.72,1695.62,9.3,9.32,5790.72,5871.28,1.2,1.2,722.97,733.09
CN7,8G,16,2,4,0,0,0,0,0,0,1656.26,1656.09,5679.64,5751.42,9.08,9.41,709.16,718.1,1.17,1.2
CN7,8G,16,2,5,0,0,0,0,0,0,1653.98,1653.93,5746.56,9.11,9.09,5674.96,717.56,1.18,1.17,708.52
CN7,8G,16,4,1,0,0,0,0,0,0,1705.75,1705.63,2990.2,2958.4,2914.84,2990.58,373.4,369.34,363.89,373.42
CN7,8G,16,4,2,0,0,0,0,0,0,1679.89,1679.74,2956.05,2932.22,2955.5,2879.0,369.12,366.12,369.07,359.49
CN7,8G,16,4,3,0,0,0,0,0,0,1712.69,1712.58,2990.73,2990.84,2904.5,2960.88,373.44,373.47,362.68,369.66
CN7,8G,16,4,4,0,0,0,0,0,0,1710.11,1709.49,2966.68,2903.13,2989.24,2989.69,370.29,362.52,373.28,373.31
CN7,8G,16,4,5,0,0,0,0,0,0,1723.30,1722.55,3025.16,3024.88,2891.39,3024.8,377.67,377.73,361.04,377.68
CN7,8G,16,8,1,0,0,0,0,0,0,1716.95,1716.93,2915.81,2989.01,2988.58,2989.76,364.04,373.23,373.2,373.24
CN7,8G,16,8,2,0,0,0,0,0,0,1690.91,1690.67,2987.3,2986.98,2940.59,2986.93,372.94,372.87,367.09,372.93
CN7,8G,16,8,3,0,0,0,0,0,0,1664.35,1664.33,2921.39,2841.52,2922.62,2922.02,364.78,354.75,364.83,364.87
CN7,8G,16,8,4,0,0,0,0,0,0,1718.77,1718.54,3022.13,2969.51,3022.09,3022.3,377.39,370.79,377.36,377.39
CN7,8G,16,8,5,0,0,0,0,0,0,1667.75,1667.68,2852.54,2920.82,2920.99,2920.09,356.15,364.67,364.72,364.65
CN7,8G,16,16,1,0,0,0,0,0,0,1752.90,1752.67,3054.86,3032.69,3058.56,2996.49,381.45,378.68,381.91,374.11
CN7,8G,16,16,2,0,0,0,0,0,0,1723.11,1722.79,3021.16,3018.18,2992.76,3020.98,377.23,376.87,373.67,377.21
CN7,8G,16,16,3,0,0,0,0,0,0,1694.86,1694.77,2927.57,2943.7,2919.19,2948.93,365.55,367.54,364.44,368.25
CN7,8G,16,16,4,0,0,0,0,0,0,1687.35,1687.20,2927.58,2950.07,2943.72,2918.86,365.53,368.36,367.48,364.46
CN7,8G,16,16,5,0,0,0,0,0,0,1715.63,1715.33,2922.16,2984.14,2984.25,2984.06,364.87,372.64,372.6,372.62
CN7,8G,16,32,1,0,0,0,0,0,0,1663.18,1663.11,2879.26,2879.84,2868.57,2862.97,359.43,359.52,358.1,357.28
CN7,8G,16,32,2,0,0,0,0,0,0,1670.72,1670.70,2906.42,2907.0,2907.04,2880.42,362.91,362.95,362.98,359.56
CN7,8G,16,32,3,0,0,0,0,0,0,1691.42,1691.07,2908.67,2909.4,2886.5,2910.98,363.19,363.27,360.37,363.44
CN7,8G,16,32,4,0,0,0,0,0,0,1732.85,1732.54,3017.83,3003.92,3019.03,3018.92,376.83,374.94,376.96,376.94
CN7,8G,16,32,5,0,0,0,0,0,0,1690.99,1690.29,2977.28,2979.09,2970.99,2977.54,371.68,371.78,370.85,371.68
CN7,8G,16,64,1,0,0,0,0,0,0,1718.58,1718.54,2959.51,2961.1,2959.77,2947.53,369.53,369.57,369.54,367.87
CN7,8G,16,64,2,0,0,0,0,0,0,1735.49,1735.30,3013.25,3016.41,2995.31,3009.9,376.15,376.41,373.92,375.71
CN7,8G,16,64,3,0,0,0,0,0,0,1686.02,1685.79,2890.91,2886.65,2890.0,2891.23,360.96,360.29,360.87,360.98
CN7,8G,16,64,4,0,0,0,0,0,0,1721.30,1721.27,3001.11,3001.67,3000.92,2992.98,374.65,374.69,374.69,373.51
CN7,8G,16,64,5,0,0,0,0,0,0,1726.11,1725.98,2996.58,2983.25,2996.46,2996.85,374.13,372.46,374.13,374.18
CN7,16G,1,1,1,0,0,0,0,0,0,1486.06,1485.93,49.04,49.06,7768.19,49.18,6.37,6.37,970.23,6.39
CN7,16G,1,1,2,0,0,0,0,0,0,1537.08,1536.94,52.1,52.13,51.97,8253.38,6.77,6.77,6.75,1030.85
CN7,16G,1,1,3,0,0,0,0,0,0,1485.44,1485.32,7767.39,49.06,48.91,50.02,970.17,6.37,6.35,6.42
CN7,16G,1,1,4,0,0,0,0,0,0,1497.35,1497.22,52.86,8245.57,51.96,52.26,6.8,1029.91,6.75,6.79
CN7,16G,1,1,5,0,0,0,0,0,0,1476.02,1475.90,52.11,53.01,8174.4,52.26,6.77,6.81,1021.03,6.79
CN7,16G,1,2,1,0,0,0,0,0,0,1576.72,1576.58,4153.92,52.13,52.85,4154.26,518.79,6.77,6.78,518.82
CN7,16G,1,2,2,0,0,0,0,0,0,1643.09,1642.92,56.26,55.61,4429.24,4430.55,7.24,7.22,553.36,553.43
CN7,16G,1,2,3,0,0,0,0,0,0,1583.74,1583.60,4106.49,4106.5,52.66,53.02,513.04,513.04,6.77,6.81
CN7,16G,1,2,4,0,0,0,0,0,0,1509.30,1509.17,4152.87,52.82,51.98,4154.89,518.82,6.79,6.75,518.82
CN7,16G,1,2,5,0,0,0,0,0,0,1483.28,1483.16,49.06,3908.42,3908.27,49.85,6.37,488.28,488.26,6.41
CN7,16G,1,4,1,0,0,0,0,0,0,1523.42,1523.28,2102.37,2104.14,2102.67,2104.4,262.78,262.81,262.79,262.8
CN7,16G,1,4,2,0,0,0,0,0,0,1525.68,1525.55,2102.69,2102.33,2103.36,2103.15,262.8,262.78,262.76,262.82
CN7,16G,1,4,3,0,0,0,0,0,0,1505.21,1505.09,1978.65,1978.66,1978.51,1979.38,247.32,247.33,247.31,247.36
CN7,16G,1,4,4,0,0,0,0,0,0,1556.10,1555.97,2102.32,2102.83,2102.55,2102.97,262.78,262.8,262.78,262.82
CN7,16G,1,4,5,0,0,0,0,0,0,1533.25,1533.11,2102.69,2102.33,2102.17,2102.9,262.8,262.78,262.76,262.82
CN7,16G,1,8,1,0,0,0,0,0,0,1542.95,1542.81,2078.44,2078.34,2078.3,2079.66,259.79,259.79,259.77,259.84
CN7,16G,1,8,2,0,0,0,0,0,0,1632.10,1631.94,2107.45,2104.4,2102.93,2103.47,262.81,262.8,262.78,262.82
CN7,16G,1,8,3,0,0,0,0,0,0,1520.24,1520.11,2104.14,2107.9,2106.55,2104.72,262.81,262.84,262.78,262.84
CN7,16G,1,8,4,0,0,0,0,0,0,1577.49,1577.35,2214.75,2214.76,2216.99,2217.64,276.84,276.84,277.05,277.14
CN7,16G,1,8,5,0,0,0,0,0,0,1544.18,1544.01,2102.76,2103.66,2103.43,2103.1,262.8,262.79,262.77,262.82
CN7,16G,1,16,1,0,0,0,0,0,0,1467.11,1466.96,1980.49,1979.15,1978.64,1980.92,247.35,247.35,247.31,247.37
CN7,16G,1,16,2,0,0,0,0,0,0,1460.33,1460.20,2085.64,2086.91,2086.62,2085.11,260.7,260.8,260.79,260.57
CN7,16G,1,16,3,0,0,0,0,0,0,1469.91,1469.77,1979.9,1980.03,1980.47,1979.51,247.33,247.33,247.33,247.36
CN7,16G,1,16,4,0,0,0,0,0,0,1412.07,1411.95,1980.49,1979.45,1978.71,1980.69,247.35,247.35,247.31,247.36
CN7,16G,1,16,5,0,0,0,0,0,0,1457.05,1456.92,1978.84,1980.39,1980.12,1979.52,247.33,247.35,247.33,247.36
CN7,16G,1,32,1,0,0,0,0,0,0,1405.13,1404.99,1982.91,1983.69,1983.3,1983.87,247.35,247.37,247.35,247.39
CN7,16G,1,32,2,0,0,0,0,0,0,1403.31,1403.16,1979.73,1980.16,1979.83,1980.93,247.37,247.34,247.33,247.38
CN7,16G,1,32,3,0,0,0,0,0,0,1399.53,1399.40,1964.14,1964.04,1964.13,1964.81,245.47,245.47,245.46,245.5
CN7,16G,1,32,4,0,0,0,0,0,0,1427.39,1427.25,1979.91,1980.46,1980.42,1980.76,247.34,247.36,247.35,247.37
CN7,16G,1,32,5,0,0,0,0,0,0,1464.47,1464.32,1982.03,1982.75,1982.42,1983.64,247.35,247.35,247.33,247.39
CN7,16G,1,64,1,0,0,0,0,0,0,1448.48,1448.21,1979.56,1980.11,1979.84,1980.76,247.37,247.34,247.33,247.38
CN7,16G,1,64,2,0,0,0,0,0,0,1411.14,1410.97,1981.86,1982.75,1981.37,1982.94,247.35,247.37,247.34,247.39
CN7,16G,1,64,3,0,0,0,0,0,0,1423.99,1423.60,1980.98,1981.05,1979.61,1981.65,247.34,247.35,247.35,247.38
CN7,16G,1,64,4,0,0,0,0,0,0,1421.04,1420.87,1979.86,1979.29,1978.9,1980.06,247.39,247.38,247.34,247.4
CN7,16G,1,64,5,0,0,0,0,0,0,1424.24,1424.05,1981.45,1980.76,1980.31,1981.94,247.37,247.38,247.35,247.39
CN7,16G,2,1,1,0,0,0,0,0,0,1747.05,1746.96,9749.36,31.59,31.31,31.52,1217.59,4.03,4.02,4.03
CN7,16G,2,1,2,0,0,0,0,0,0,1805.63,1805.54,31.6,9749.81,30.9,31.07,4.06,1217.61,4.0,4.03
CN7,16G,2,1,3,0,0,0,0,0,0,1711.02,1710.94,29.97,29.94,9402.4,30.11,3.87,3.87,1174.08,3.88
CN7,16G,2,1,4,0,0,0,0,0,0,1725.47,1725.38,29.82,29.91,30.31,9402.78,3.87,3.87,3.9,1174.1
CN7,16G,2,1,5,0,0,0,0,0,0,1664.11,1664.03,9402.61,29.97,29.88,30.66,1174.1,3.87,3.86,3.92
CN7,16G,2,2,1,0,0,0,0,0,0,1668.68,1668.60,30.48,4715.83,4716.38,29.98,3.91,588.95,588.91,3.88
CN7,16G,2,2,2,0,0,0,0,0,0,1733.74,1733.66,4890.72,4891.24,30.88,31.05,610.75,610.89,4.01,4.03
CN7,16G,2,2,3,0,0,0,0,0,0,1762.79,1762.71,31.58,31.06,4888.17,4888.7,4.04,4.02,610.42,610.42
CN7,16G,2,2,4,0,0,0,0,0,0,1706.61,1706.52,29.91,4715.59,4716.18,30.41,3.88,588.95,589.05,3.9
CN7,16G,2,2,5,0,0,0,0,0,0,1638.06,1637.98,4715.95,30.39,30.4,4716.26,588.9,3.9,3.89,588.94
CN7,16G,2,4,1,0,0,0,0,0,0,1778.54,1778.45,2460.92,2461.18,2460.9,2461.02,307.44,307.45,307.32,307.45
CN7,16G,2,4,2,0,0,0,0,0,0,1928.71,1928.60,2658.03,2659.07,2658.33,2657.27,332.05,332.06,332.05,331.94
CN7,16G,2,4,3,0,0,0,0,0,0,1784.14,1784.04,2458.96,2460.04,2460.43,2459.88,307.18,307.3,307.28,307.3
CN7,16G,2,4,4,0,0,0,0,0,0,1847.95,1847.84,2555.85,2555.0,2555.48,2555.84,319.28,319.17,319.26,319.29
CN7,16G,2,4,5,0,0,0,0,0,0,1798.37,1798.28,2461.19,2461.3,2460.06,2461.22,307.45,307.46,307.33,307.46
CN7,16G,2,8,1,0,0,0,0,0,0,1811.99,1811.89,2556.66,2556.01,2555.52,2555.0,319.28,319.29,319.26,319.17
CN7,16G,2,8,2,0,0,0,0,0,0,1737.94,1737.85,2460.31,2461.34,2460.99,2464.15,307.34,307.46,307.44,307.47
CN7,16G,2,8,3,0,0,0,0,0,0,1719.86,1719.77,2463.68,2463.23,2461.77,2462.12,307.46,307.36,307.44,307.47
CN7,16G,2,8,4,0,0,0,0,0,0,1731.09,1731.01,2460.49,2459.97,2461.57,2460.11,307.28,307.3,307.18,307.3
CN7,16G,2,8,5,0,0,0,0,0,0,1751.40,1751.31,2461.17,2462.06,2461.74,2460.49,307.46,307.46,307.44,307.36
CN7,16G,2,16,1,0,0,0,0,0,0,1639.82,1639.74,2373.24,2373.41,2372.79,2374.37,296.37,296.48,296.37,296.5
CN7,16G,2,16,2,0,0,0,0,0,0,1677.90,1677.81,2373.38,2373.27,2373.93,2374.23,296.48,296.37,296.47,296.49
CN7,16G,2,16,3,0,0,0,0,0,0,1623.09,1623.02,2374.38,2374.24,2372.58,2374.38,296.48,296.48,296.26,296.49
CN7,16G,2,16,4,0,0,0,0,0,0,1679.99,1679.90,2373.89,2373.46,2373.08,2372.63,296.47,296.48,296.36,296.38
CN7,16G,2,16,5,0,0,0,0,0,0,1674.93,1674.84,2371.46,2374.14,2374.3,2373.95,296.25,296.48,296.48,296.48
CN7,16G,2,32,1,0,0,0,0,0,0,1680.36,1680.26,2374.72,2375.18,2373.37,2375.64,296.37,296.39,296.36,296.49
CN7,16G,2,32,2,0,0,0,0,0,0,1679.45,1679.35,2461.52,2461.45,2462.87,2461.07,307.45,307.35,307.35,307.46
CN7,16G,2,32,3,0,0,0,0,0,0,1654.95,1654.85,2374.58,2374.43,2374.31,2372.5,296.49,296.49,296.47,296.18
CN7,16G,2,32,4,0,0,0,0,0,0,1673.44,1673.33,2373.22,2374.4,2373.45,2374.82,296.37,296.48,296.36,296.5
CN7,16G,2,32,5,0,0,0,0,0,0,1670.20,1670.11,2375.44,2374.69,2373.56,2375.51,296.48,296.38,296.38,296.41
CN7,16G,2,64,1,0,0,0,0,0,0,1714.72,1714.59,2460.76,2461.57,2462.62,2461.08,307.35,307.48,307.35,307.26
CN7,16G,2,64,2,0,0,0,0,0,0,1735.94,1735.81,2462.39,2463.17,2459.59,2462.42,307.36,307.47,307.24,307.26
CN7,16G,2,64,3,0,0,0,0,0,0,1735.57,1735.44,2460.28,2460.76,2462.22,2463.24,307.26,307.37,307.35,307.48
CN7,16G,2,64,4,0,0,0,0,0,0,1773.36,1773.23,2463.17,2460.51,2461.37,2463.13,307.48,307.14,307.46,307.39
CN7,16G,2,64,5,0,0,0,0,0,0,1719.89,1719.77,2460.25,2462.14,2462.56,2463.35,307.25,307.48,307.36,307.5
CN7,16G,4,1,1,0,0,0,0,0,0,1744.89,1744.82,17.81,17.83,10952.53,17.91,2.27,2.27,1367.63,2.28
CN7,16G,4,1,2,0,0,0,0,0,0,1820.04,1819.97,17.91,17.91,18.43,11185.65,2.31,2.31,2.35,1396.72
CN7,16G,4,1,3,0,0,0,0,0,0,1716.97,1716.93,10727.34,17.18,17.15,17.22,1339.62,2.22,2.22,2.23
CN7,16G,4,1,4,0,0,0,0,0,0,1754.59,1754.55,17.54,10938.53,17.5,17.59,2.27,1366.0,2.26,2.27
CN7,16G,4,1,5,0,0,0,0,0,0,1745.60,1745.55,17.55,18.03,10950.9,17.59,2.27,2.31,1367.46,2.27
CN7,16G,4,2,1,0,0,0,0,0,0,1816.72,1816.66,5722.51,18.31,18.26,5723.07,714.6,2.37,2.36,714.64
CN7,16G,4,2,2,0,0,0,0,0,0,1774.81,1774.74,17.94,5599.26,5599.93,17.95,2.32,699.18,699.27,2.32
CN7,16G,4,2,3,0,0,0,0,0,0,1809.11,1809.07,5722.58,5722.41,18.27,18.36,714.6,714.64,2.36,2.37
CN7,16G,4,2,4,0,0,0,0,0,0,1788.01,1787.96,18.31,18.31,5599.27,5600.02,2.34,2.34,699.18,699.26
CN7,16G,4,2,5,0,0,0,0,0,0,1760.98,1760.94,17.98,5601.13,5600.93,17.96,2.32,699.39,699.47,2.32
CN7,16G,4,4,1,0,0,0,0,0,0,1775.07,1774.99,2870.31,2870.23,2870.4,2869.67,358.4,358.46,358.48,358.32
CN7,16G,4,4,2,0,0,0,0,0,0,1798.90,1798.78,2870.94,2870.26,2870.03,2870.92,358.5,358.47,358.42,358.49
CN7,16G,4,4,3,0,0,0,0,0,0,1747.27,1747.18,2809.25,2809.28,2809.53,2809.01,350.79,350.8,350.84,350.83
CN7,16G,4,4,4,0,0,0,0,0,0,1760.34,1760.30,2870.93,2869.46,2869.87,2870.03,358.52,358.36,358.42,358.44
CN7,16G,4,4,5,0,0,0,0,0,0,1798.68,1798.62,2870.76,2870.71,2869.83,2870.36,358.48,358.53,358.42,358.49
CN7,16G,4,8,1,0,0,0,0,0,0,1832.14,1832.09,2933.91,2932.55,2932.9,2932.84,366.4,366.23,366.29,366.29
CN7,16G,4,8,2,0,0,0,0,0,0,1831.31,1831.18,2933.78,2932.38,2932.77,2933.05,366.29,366.23,366.28,366.31
CN7,16G,4,8,3,0,0,0,0,0,0,1792.36,1792.31,2869.4,2869.52,2869.67,2871.09,358.31,358.32,358.34,358.36
CN7,16G,4,8,4,0,0,0,0,0,0,1755.73,1755.69,2870.6,2870.85,2869.82,2869.51,358.25,358.32,358.22,358.37
CN7,16G,4,8,5,0,0,0,0,0,0,1787.78,1787.73,2869.22,2870.03,2869.11,2869.49,358.26,358.36,358.33,358.31
CN7,16G,4,16,1,0,0,0,0,0,0,1779.30,1779.25,2866.31,2866.93,2866.46,2867.32,357.97,358.03,357.93,358.09
CN7,16G,4,16,2,0,0,0,0,0,0,1779.57,1779.50,2866.81,2867.95,2866.92,2867.46,357.97,358.11,358.05,358.06
CN7,16G,4,16,3,0,0,0,0,0,0,1779.26,1778.79,2867.81,2867.65,2867.64,2867.22,358.08,358.08,358.08,358.03
CN7,16G,4,16,4,0,0,0,0,0,0,1753.50,1753.35,2806.42,2806.64,2806.17,2806.29,350.44,350.43,350.39,350.48
CN7,16G,4,16,5,0,0,0,0,0,0,1712.48,1712.42,2747.52,2747.23,2746.43,2748.33,343.08,343.05,342.95,343.17
CN7,16G,4,32,1,0,0,0,0,0,0,1815.09,1815.03,2862.58,2863.63,2863.76,2863.33,357.43,357.56,357.59,357.42
CN7,16G,4,32,2,0,0,0,0,0,0,1774.18,1774.12,2863.97,2863.2,2863.18,2862.77,357.49,357.39,357.41,357.44
CN7,16G,4,32,3,0,0,0,0,0,0,1775.75,1775.69,2861.75,2861.74,2859.32,2861.53,357.32,357.33,357.04,357.3
CN7,16G,4,32,4,0,0,0,0,0,0,1815.35,1815.20,2865.14,2863.7,2864.95,2864.92,357.75,357.56,357.74,357.71
CN7,16G,4,32,5,0,0,0,0,0,0,1780.55,1780.49,2862.99,2862.96,2863.01,2862.83,357.48,357.5,357.48,357.36
CN7,16G,4,64,1,0,0,0,0,0,0,1756.24,1756.17,2806.36,2807.48,2807.45,2805.78,350.32,350.43,350.45,350.3
CN7,16G,4,64,2,0,0,0,0,0,0,1842.09,1841.94,2923.29,2926.51,2924.19,2924.56,365.0,365.4,365.09,365.09
CN7,16G,4,64,3,0,0,0,0,0,0,1848.99,1848.89,2848.68,2849.41,2847.14,2848.05,355.58,355.69,355.43,355.54
CN7,16G,4,64,4,0,0,0,0,0,0,1830.05,1829.24,2847.69,2846.74,2846.5,2847.92,355.55,355.43,355.39,355.57
CN7,16G,4,64,5,0,0,0,0,0,0,1825.02,1824.95,2920.99,2921.32,2919.58,2919.78,364.58,364.67,364.47,364.58
CN7,16G,8,1,1,0,0,0,0,0,0,1659.63,1659.61,11519.36,9.63,9.59,9.63,1438.39,1.22,1.22,1.23
CN7,16G,8,1,2,0,0,0,0,0,0,1627.64,1627.62,9.25,11305.92,9.23,9.26,1.19,1411.74,1.19,1.19
CN7,16G,8,1,3,0,0,0,0,0,0,1616.40,1616.36,9.25,9.26,11279.62,9.24,1.19,1.19,1408.42,1.19
CN7,16G,8,1,4,0,0,0,0,0,0,1605.75,1605.74,9.15,9.15,9.14,11179.19,1.18,1.18,1.18,1395.95
CN7,16G,8,1,5,0,0,0,0,0,0,1598.95,1598.92,11176.98,9.15,9.14,9.16,1395.62,1.18,1.18,1.18
CN7,16G,8,2,1,0,0,0,0,0,0,1675.76,1675.74,9.58,9.56,5905.2,5906.05,1.24,1.23,737.41,737.47
CN7,16G,8,2,2,0,0,0,0,0,0,1702.27,1702.25,5972.86,5972.7,9.67,9.99,745.84,745.8,1.25,1.27
CN7,16G,8,2,3,0,0,0,0,0,0,1718.47,1718.45,6042.14,10.09,9.77,6041.88,754.47,1.29,1.26,754.45
CN7,16G,8,2,4,0,0,0,0,0,0,1634.81,1634.79,9.65,5776.64,5776.5,9.38,1.23,721.31,721.32,1.21
CN7,16G,8,2,5,0,0,0,0,0,0,1686.44,1686.42,5905.48,5905.67,9.86,9.6,737.41,737.45,1.26,1.24
CN7,16G,8,4,1,0,0,0,0,0,0,1660.68,1660.66,2924.41,2924.33,2924.11,2924.47,365.15,365.17,365.14,365.16
CN7,16G,8,4,2,0,0,0,0,0,0,1638.98,1638.96,2892.21,2892.25,2892.02,2892.21,361.17,361.16,361.13,361.15
CN7,16G,8,4,3,0,0,0,0,0,0,1691.80,1691.76,2990.81,2990.66,2990.7,2990.64,373.48,373.46,373.46,373.44
CN7,16G,8,4,4,0,0,0,0,0,0,1653.15,1653.13,2924.26,2924.71,2924.58,2924.69,365.16,365.18,365.21,365.19
CN7,16G,8,4,5,0,0,0,0,0,0,1692.31,1692.23,2991.45,2991.21,2991.75,2991.1,373.55,373.52,373.57,373.51
CN7,16G,8,8,1,0,0,0,0,0,0,1701.58,1701.56,2991.49,2991.54,2991.54,2991.57,373.57,373.56,373.55,373.55
CN7,16G,8,8,2,0,0,0,0,0,0,1710.46,1710.34,3025.51,3024.96,3025.27,3024.83,377.74,377.74,377.77,377.73
CN7,16G,8,8,3,0,0,0,0,0,0,1655.21,1655.14,2924.36,2923.86,2923.6,2924.12,365.09,365.11,365.07,365.13
CN7,16G,8,8,4,0,0,0,0,0,0,1682.96,1682.89,2991.08,2990.7,2990.02,2991.36,373.35,373.34,373.35,373.43
CN7,16G,8,8,5,0,0,0,0,0,0,1675.70,1675.68,2957.14,2956.15,2956.52,2956.09,369.17,369.15,369.07,369.11
CN7,16G,8,16,1,0,0,0,0,0,0,1669.85,1669.83,2957.5,2955.23,2956.02,2955.43,369.17,369.01,369.1,369.07
CN7,16G,8,16,2,0,0,0,0,0,0,1676.58,1676.56,2955.28,2953.83,2954.86,2955.07,368.95,368.86,368.98,368.98
CN7,16G,8,16,3,0,0,0,0,0,0,1712.83,1712.76,2990.66,2989.53,2990.12,2989.9,373.39,373.28,373.36,373.33
CN7,16G,8,16,4,0,0,0,0,0,0,1691.24,1691.21,2989.66,2989.69,2989.5,2990.03,373.29,373.32,373.29,373.34
CN7,16G,8,16,5,0,0,0,0,0,0,1713.90,1713.88,2988.82,2988.41,2988.84,2988.79,373.18,373.17,373.22,373.22
CN7,16G,8,32,1,0,0,0,0,0,0,1673.59,1673.55,2950.23,2950.38,2949.33,2950.15,368.37,368.4,368.26,368.36
CN7,16G,8,32,2,0,0,0,0,0,0,1656.31,1656.29,2883.4,2882.81,2882.55,2882.85,359.91,359.9,359.87,359.89
CN7,16G,8,32,3,0,0,0,0,0,0,1698.72,1698.66,2986.68,2985.75,2986.9,2987.73,372.84,372.81,372.96,372.98
CN7,16G,8,32,4,0,0,0,0,0,0,1645.79,1645.54,2892.43,2891.89,2891.62,2893.03,361.08,361.09,361.06,361.14
CN7,16G,8,32,5,0,0,0,0,0,0,1661.50,1661.41,2917.92,2917.26,2916.77,2917.49,364.27,364.25,364.19,364.26
CN7,16G,8,64,1,0,0,0,0,0,0,1719.48,1719.42,3014.14,3013.12,3013.02,3013.89,376.22,376.17,376.15,376.19
CN7,16G,8,64,2,0,0,0,0,0,0,1687.68,1687.59,2944.38,2944.35,2944.16,2944.64,367.63,367.63,367.61,367.62
CN7,16G,8,64,3,0,0,0,0,0,0,1658.98,1658.63,2876.4,2876.48,2876.72,2877.39,359.09,359.13,359.16,359.1
CN7,16G,8,64,4,0,0,0,0,0,0,1636.60,1636.40,2850.92,2851.02,2850.65,2852.0,355.97,355.98,355.93,355.99
CN7,16G,8,64,5,0,0,0,0,0,0,1703.73,1703.66,2980.98,2980.3,2981.3,2981.38,372.15,372.08,372.18,372.04
CN7,16G,16,1,1,0,0,0,0,0,0,,,5.45,5.56,5.55,12515.83,0.7,0.71,0.71,1562.6
CN7,16G,16,1,2,0,0,0,0,0,0,,,12530.29,5.44,5.43,5.9,1564.24,0.7,0.7,0.75
CN7,16G,16,1,3,0,0,0,0,0,0,,,5.4,12375.02,5.36,5.39,0.7,1544.92,0.69,0.69
CN7,16G,16,1,4,0,0,0,0,0,0,,,5.58,6.01,12771.69,5.56,0.72,0.77,1594.34,0.72
CN7,16G,16,1,5,0,0,0,0,0,0,,,5.43,5.42,5.84,12371.71,0.7,0.7,0.75,1544.48
CN7,16G,16,2,1,0,0,0,0,0,0,1602.76,1602.73,5917.3,5965.07,4.91,5.34,738.81,744.75,0.63,0.68
CN7,16G,16,2,2,0,0,0,0,0,0,1581.30,1581.01,5901.97,5.12,4.86,5842.61,736.93,0.65,0.63,729.46
CN7,16G,16,2,3,0,0,0,0,0,0,1648.11,1647.94,5.34,6074.61,6143.89,5.1,0.68,758.44,767.09,0.66
CN7,16G,16,2,4,0,0,0,0,0,0,1641.52,1641.39,6083.64,6144.39,5.3,5.1,759.56,767.13,0.68,0.66
CN7,16G,16,2,5,0,0,0,0,0,0,1600.55,1600.49,4.96,5.19,5918.9,5955.23,0.64,0.66,738.99,743.5
CN7,16G,16,4,1,0,0,0,0,0,0,1630.64,1630.63,3054.05,3021.44,3056.06,3055.95,381.29,377.19,381.58,381.56
CN7,16G,16,4,2,0,0,0,0,0,0,1578.62,1578.47,2970.23,2969.75,2924.11,2969.69,370.8,370.81,365.06,370.79
CN7,16G,16,4,3,0,0,0,0,0,0,1634.63,1634.54,3073.82,3074.03,3019.0,3074.15,383.8,383.83,376.9,383.8
CN7,16G,16,4,4,0,0,0,0,0,0,1577.81,1577.72,2865.14,2897.13,2904.65,2888.19,357.73,361.7,362.67,360.44
CN7,16G,16,4,5,0,0,0,0,0,0,1559.37,1559.32,2883.21,2936.81,2936.94,2938.04,359.95,366.68,366.7,366.7
CN7,16G,16,8,1,0,0,0,0,0,0,1621.68,1621.67,3021.8,3057.12,3057.06,3058.06,377.25,381.74,381.72,381.75
CN7,16G,16,8,2,0,0,0,0,0,0,1626.24,1626.21,3037.12,3037.31,3007.33,3037.2,379.24,379.26,375.46,379.24
CN7,16G,16,8,3,0,0,0,0,0,0,1591.25,1590.88,2986.62,2986.01,2962.85,2985.84,372.9,372.85,369.88,372.83
CN7,16G,16,8,4,0,0,0,0,0,0,1591.02,1590.99,2969.37,2930.8,2968.99,2969.06,370.72,365.84,370.71,370.71
CN7,16G,16,8,5,0,0,0,0,0,0,1609.40,1609.37,3020.31,3020.84,3020.58,2992.17,377.11,377.15,377.13,373.49
CN7,16G,16,16,1,0,0,0,0,0,0,1590.36,1590.23,2984.76,2985.07,2985.56,2976.18,372.69,372.7,372.74,371.52
CN7,16G,16,16,2,0,0,0,0,0,0,1648.65,1648.57,3072.53,3089.78,3089.71,3089.43,383.5,385.79,385.76,385.77
CN7,16G,16,16,3,0,0,0,0,0,0,1614.25,1614.20,2996.18,3018.28,3018.31,3018.33,374.06,376.89,376.87,376.86
CN7,16G,16,16,4,0,0,0,0,0,0,1609.46,1609.40,3019.09,3019.17,3019.1,2998.95,376.97,376.97,376.97,374.36
CN7,16G,16,16,5,0,0,0,0,0,0,1621.25,1621.20,3038.38,3034.16,2999.73,3031.92,379.37,378.87,374.49,378.58
CN7,16G,16,32,1,0,0,0,0,0,0,1650.73,1650.71,3066.01,3065.97,3048.16,3066.03,382.81,382.82,380.51,382.82
CN7,16G,16,32,2,0,0,0,0,0,0,1624.33,1624.15,3030.99,3036.2,3035.58,3026.89,378.28,379.07,378.99,377.79
CN7,16G,16,32,3,0,0,0,0,0,0,1648.91,1648.73,3086.42,3086.93,3075.3,3086.32,385.36,385.43,383.9,385.36
CN7,16G,16,32,4,0,0,0,0,0,0,1632.93,1632.79,3049.99,3040.14,3049.17,3049.59,380.8,379.53,380.72,380.74
CN7,16G,16,32,5,0,0,0,0,0,0,1596.98,1596.85,2996.91,2981.45,2997.1,2996.89,374.17,372.21,374.19,374.19
CN7,16G,16,64,1,0,0,0,0,0,0,1640.44,1640.43,3024.06,3018.01,3024.58,3024.53,377.54,376.71,377.63,377.6
CN7,16G,16,64,2,0,0,0,0,0,0,1617.66,1617.60,3016.57,3016.73,3018.12,3008.69,376.65,376.67,376.84,375.63
CN7,16G,16,64,3,0,0,0,0,0,0,1607.61,1607.56,2973.33,2973.07,2973.2,2968.92,371.18,371.2,371.22,370.6
CN7,16G,16,64,4,0,0,0,0,0,0,1647.29,1647.00,3045.55,3056.44,3058.04,3057.94,380.19,381.64,381.82,381.82
CN7,16G,16,64,5,0,0,0,0,0,0,1636.85,1636.83,3025.2,3024.8,3022.64,3025.33,377.7,377.63,377.34,377.72
CN7,32G,1,1,1,0,0,0,0,0,0,1479.70,1479.64,28.68,8494.95,29.31,29.6,3.71,1060.87,3.75,3.78
CN7,32G,1,1,2,0,0,0,0,0,0,1509.52,1509.45,29.74,30.3,8777.95,29.75,3.83,3.86,1096.14,3.83
CN7,32G,1,1,3,0,0,0,0,0,0,1473.37,1473.31,28.68,28.61,29.04,8494.72,3.71,3.7,3.72,1060.78
CN7,32G,1,1,4,0,0,0,0,0,0,1499.19,1499.12,8491.47,28.74,28.58,29.32,1060.34,3.7,3.68,3.75
CN7,32G,1,1,5,0,0,0,0,0,0,1491.29,1491.23,29.27,8493.8,28.45,28.67,3.74,1060.77,3.68,3.71
CN7,32G,1,2,1,0,0,0,0,0,0,1485.81,1485.74,28.79,29.33,4262.06,4262.51,3.71,3.74,532.24,532.26
CN7,32G,1,2,2,0,0,0,0,0,0,1483.00,1482.93,28.65,4261.94,4261.58,29.16,3.71,532.24,532.25,3.73
CN7,32G,1,2,3,0,0,0,0,0,0,1491.29,1491.22,4262.52,29.05,28.85,4262.51,532.26,3.72,3.7,532.26
CN7,32G,1,2,4,0,0,0,0,0,0,1474.26,1474.20,29.11,28.66,4261.85,4261.81,3.73,3.7,532.22,532.28
CN7,32G,1,2,5,0,0,0,0,0,0,1471.80,1471.74,4403.75,4403.71,29.41,30.11,550.0,550.0,3.81,3.85
CN7,32G,1,4,1,0,0,0,0,0,0,1522.16,1522.09,2217.02,2216.95,2217.15,2216.68,276.94,276.93,276.89,276.92
CN7,32G,1,4,2,0,0,0,0,0,0,1529.35,1529.28,2216.92,2216.88,2216.41,2216.71,276.93,276.92,276.89,276.92
CN7,32G,1,4,3,0,0,0,0,0,0,1510.61,1510.54,2216.99,2216.89,2216.45,2216.68,276.93,276.92,276.89,276.92
CN7,32G,1,4,4,0,0,0,0,0,0,1599.30,1599.23,2294.16,2293.37,2292.88,2293.09,286.48,286.47,286.44,286.47
CN7,32G,1,4,5,0,0,0,0,0,0,1517.27,1517.20,2216.9,2216.89,2216.45,2216.65,276.93,276.92,276.89,276.92
CN7,32G,1,8,1,0,0,0,0,0,0,1547.76,1547.68,2216.96,2217.66,2216.49,2217.42,276.93,276.92,276.89,276.92
CN7,32G,1,8,2,0,0,0,0,0,0,1542.99,1542.92,2217.0,2216.93,2217.16,2216.72,276.93,276.92,276.89,276.92
CN7,32G,1,8,3,0,0,0,0,0,0,1569.08,1569.00,2293.38,2293.27,2292.93,2293.16,286.48,286.47,286.44,286.47
CN7,32G,1,8,4,0,0,0,0,0,0,1542.43,1542.36,2217.64,2216.9,2216.5,2216.7,276.93,276.92,276.89,276.92
CN7,32G,1,8,5,0,0,0,0,0,0,1617.37,1617.26,2295.66,2295.62,2292.93,2295.65,286.48,286.48,286.44,286.48
CN7,32G,1,16,1,0,0,0,0,0,0,1459.76,1459.69,2144.96,2145.0,2146.71,2145.15,267.94,267.93,267.91,267.93
CN7,32G,1,16,2,0,0,0,0,0,0,1466.42,1466.35,2145.95,2145.81,2145.59,2145.29,267.99,267.98,267.96,267.99
CN7,32G,1,16,3,0,0,0,0,0,0,1480.77,1480.65,2145.3,2145.37,2145.85,2145.94,267.99,267.99,267.97,267.99
CN7,32G,1,16,4,0,0,0,0,0,0,1506.26,1506.13,2217.38,2217.95,2216.94,2217.41,276.92,276.94,276.91,276.92
CN7,32G,1,16,5,0,0,0,0,0,0,1424.27,1424.21,2078.27,2078.67,2079.17,2078.35,259.61,259.63,259.61,259.62
CN7,32G,1,32,1,0,0,0,0,0,0,1471.20,1471.12,2146.12,2146.6,2146.27,2145.91,267.99,268.01,267.98,267.99
CN7,32G,1,32,2,0,0,0,0,0,0,1426.90,1426.70,2147.6,2147.73,2147.69,2147.63,268.0,268.01,268.0,268.01
CN7,32G,1,32,3,0,0,0,0,0,0,1476.16,1476.08,2217.63,2217.72,2217.69,2217.58,276.92,276.93,276.92,276.93
CN7,32G,1,32,4,0,0,0,0,0,0,1431.58,1431.51,2146.22,2146.12,2146.25,2145.86,267.99,267.99,267.98,267.99
CN7,32G,1,32,5,0,0,0,0,0,0,1443.04,1442.97,2146.09,2146.38,2146.12,2146.18,267.99,268.0,267.98,268.0
CN7,32G,1,64,1,0,0,0,0,0,0,1464.82,1464.73,2148.03,2147.54,2147.67,2148.05,268.02,268.0,268.0,268.03
CN7,32G,1,64,2,0,0,0,0,0,0,1446.23,1446.11,2146.61,2146.39,2146.51,2146.44,268.01,267.99,267.99,268.02
CN7,32G,1,64,3,0,0,0,0,0,0,1444.66,1444.57,2147.94,2147.13,2147.32,2147.74,268.03,268.01,267.99,268.04
CN7,32G,1,64,4,0,0,0,0,0,0,1436.83,1436.74,2146.81,2146.49,2146.52,2146.74,268.01,268.0,267.99,268.02
CN7,32G,1,64,5,0,0,0,0,0,0,1441.37,1441.28,2147.62,2147.59,2146.94,2147.55,268.03,268.0,267.99,268.03
CN7,32G,2,1,1,0,0,0,0,0,0,1596.51,1596.47,17.52,17.49,17.39,10308.26,2.26,2.26,2.24,1287.25
CN7,32G,2,1,2,0,0,0,0,0,0,1587.93,1587.89,10309.12,17.51,17.41,18.04,1287.35,2.26,2.24,2.3
CN7,32G,2,1,3,0,0,0,0,0,0,1559.55,1559.51,16.91,9920.06,16.79,16.94,2.18,1238.71,2.16,2.18
CN7,32G,2,1,4,0,0,0,0,0,0,1597.55,1597.51,17.55,18.02,10305.93,17.55,2.26,2.3,1286.93,2.26
CN7,32G,2,1,5,0,0,0,0,0,0,1604.97,1604.93,17.55,17.53,17.88,10306.45,2.26,2.26,2.29,1287.03
CN7,32G,2,2,1,0,0,0,0,0,0,1556.36,1556.33,5163.23,5163.64,17.43,18.09,644.79,644.79,2.25,2.31
CN7,32G,2,2,2,0,0,0,0,0,0,1494.69,1494.66,16.87,17.19,4968.92,4968.48,2.18,2.19,620.47,620.47
CN7,32G,2,2,3,0,0,0,0,0,0,1487.35,1487.31,16.89,4968.66,4968.23,17.25,2.18,620.43,620.43,2.2
CN7,32G,2,2,4,0,0,0,0,0,0,1494.12,1494.09,4968.68,17.2,17.1,4968.7,620.42,2.19,2.18,620.45
CN7,32G,2,2,5,0,0,0,0,0,0,1515.40,1515.37,16.88,16.88,4968.74,4968.46,2.18,2.17,620.42,620.45
CN7,32G,2,4,1,0,0,0,0,0,0,1576.32,1576.28,2590.52,2590.44,2589.98,2590.06,323.46,323.48,323.45,323.45
CN7,32G,2,4,2,0,0,0,0,0,0,1572.99,1572.95,2590.01,2590.01,2591.26,2590.26,323.46,323.45,323.54,323.5
CN7,32G,2,4,3,0,0,0,0,0,0,1603.57,1603.52,2642.0,2642.15,2641.66,2642.14,329.96,329.96,329.89,329.97
CN7,32G,2,4,4,0,0,0,0,0,0,1655.84,1655.80,2695.94,2696.47,2696.29,2696.44,336.71,336.75,336.73,336.76
CN7,32G,2,4,5,0,0,0,0,0,0,1554.67,1554.63,2590.49,2589.96,2590.03,2590.44,323.53,323.46,323.47,323.52
CN7,32G,2,8,1,0,0,0,0,0,0,1534.65,1534.62,2540.72,2539.72,2540.19,2540.67,317.26,317.19,317.21,317.24
CN7,32G,2,8,2,0,0,0,0,0,0,1538.42,1538.38,2539.76,2540.12,2539.73,2539.82,317.17,317.18,317.13,317.17
CN7,32G,2,8,3,0,0,0,0,0,0,1507.15,1507.12,2539.84,2539.49,2539.64,2539.98,317.21,317.15,317.18,317.22
CN7,32G,2,8,4,0,0,0,0,0,0,1575.51,1575.48,2589.96,2589.45,2590.04,2589.93,323.46,323.4,323.43,323.45
CN7,32G,2,8,5,0,0,0,0,0,0,1572.83,1572.79,2589.94,2589.84,2589.48,2590.97,323.41,323.44,323.36,323.41
CN7,32G,2,16,1,0,0,0,0,0,0,1448.70,1448.67,2446.47,2446.09,2446.1,2445.21,305.37,305.31,305.31,305.33
CN7,32G,2,16,2,0,0,0,0,0,0,1496.96,1496.93,2492.1,2491.16,2491.41,2491.34,311.18,311.12,311.1,311.14
CN7,32G,2,16,3,0,0,0,0,0,0,1484.70,1484.66,2491.18,2491.44,2491.02,2491.9,311.12,311.11,311.1,311.12
CN7,32G,2,16,4,0,0,0,0,0,0,1466.14,1466.10,2446.77,2446.53,2446.98,2447.17,305.51,305.49,305.5,305.52
CN7,32G,2,16,5,0,0,0,0,0,0,1491.43,1491.39,2540.25,2540.34,2540.24,2540.2,317.19,317.19,317.17,317.19
CN7,32G,2,32,1,0,0,0,0,0,0,1539.20,1539.16,2587.75,2587.35,2587.26,2588.09,323.11,323.07,323.07,323.12
CN7,32G,2,32,2,0,0,0,0,0,0,1433.32,1433.28,2444.03,2444.35,2444.23,2444.67,305.07,305.11,305.09,305.11
CN7,32G,2,32,3,0,0,0,0,0,0,1473.21,1473.17,2486.91,2486.99,2487.18,2487.51,310.53,310.52,310.55,310.57
CN7,32G,2,32,4,0,0,0,0,0,0,1541.37,1541.32,2587.48,2587.54,2586.65,2587.51,323.08,323.09,322.98,323.06
CN7,32G,2,32,5,0,0,0,0,0,0,1465.22,1465.18,2446.25,2445.99,2446.08,2446.37,305.44,305.43,305.43,305.44
CN7,32G,2,64,1,0,0,0,0,0,0,1559.10,1559.04,2584.55,2584.6,2584.59,2585.08,322.62,322.62,322.62,322.65
CN7,32G,2,64,2,0,0,0,0,0,0,1536.84,1536.79,2535.96,2535.56,2535.89,2536.78,316.66,316.61,316.66,316.66
CN7,32G,2,64,3,0,0,0,0,0,0,1536.26,1536.20,2535.85,2535.64,2535.34,2535.95,316.56,316.48,316.49,316.56
CN7,32G,2,64,4,0,0,0,0,0,0,1548.17,1548.12,2583.11,2584.06,2583.15,2583.92,322.55,322.62,322.57,322.61
CN7,32G,2,64,5,0,0,0,0,0,0,1537.69,1537.64,2590.23,2589.68,2590.04,2590.35,323.35,323.28,323.28,323.32
CN7,32G,4,1,1,0,0,0,0,0,0,1519.20,1519.18,9.3,10830.8,9.23,9.48,1.19,1352.46,1.19,1.2
CN7,32G,4,1,2,0,0,0,0,0,0,1580.38,1580.36,9.6,10.04,11176.73,9.62,1.23,1.28,1395.63,1.24
CN7,32G,4,1,3,0,0,0,0,0,0,1548.42,1548.39,9.39,9.4,9.34,10942.52,1.21,1.21,1.2,1366.36
CN7,32G,4,1,4,0,0,0,0,0,0,1595.12,1595.10,11297.82,9.69,9.64,9.73,1410.69,1.25,1.24,1.25
CN7,32G,4,1,5,0,0,0,0,0,0,1503.31,1503.29,9.64,10719.41,9.15,9.23,1.23,1338.55,1.18,1.19
CN7,32G,4,2,1,0,0,0,0,0,0,1583.43,1583.41,5653.77,10.15,9.64,5653.37,705.95,1.29,1.24,705.95
CN7,32G,4,2,2,0,0,0,0,0,0,1589.67,1589.64,9.71,5652.74,5652.82,9.75,1.25,705.84,705.85,1.25
CN7,32G,4,2,3,0,0,0,0,0,0,1627.44,1627.42,5762.77,5763.04,9.86,9.95,719.61,719.61,1.27,1.28
CN7,32G,4,2,4,0,0,0,0,0,0,1619.84,1619.82,9.93,9.94,5777.48,5777.58,1.28,1.28,721.45,721.46
CN7,32G,4,2,5,0,0,0,0,0,0,1607.08,1607.06,9.82,5715.18,5714.78,9.85,1.26,713.61,713.62,1.27
CN7,32G,4,4,1,0,0,0,0,0,0,1556.58,1556.52,2792.6,2792.26,2792.52,2793.08,348.73,348.68,348.72,348.79
CN7,32G,4,4,2,0,0,0,0,0,0,1607.84,1607.82,2893.4,2893.82,2893.75,2893.55,361.31,361.36,361.35,361.33
CN7,32G,4,4,3,0,0,0,0,0,0,1623.58,1623.49,2893.85,2894.07,2893.78,2893.88,361.37,361.39,361.34,361.38
CN7,32G,4,4,4,0,0,0,0,0,0,1650.43,1650.41,2958.05,2958.28,2958.63,2958.62,369.38,369.42,369.41,369.46
CN7,32G,4,4,5,0,0,0,0,0,0,1649.71,1649.69,2958.47,2958.59,2958.95,2958.49,369.44,369.45,369.47,369.44
CN7,32G,4,8,1,0,0,0,0,0,0,1614.76,1614.71,2894.1,2894.09,2894.23,2894.14,361.4,361.4,361.4,361.4
CN7,32G,4,8,2,0,0,0,0,0,0,1634.48,1634.13,2925.95,2925.22,2925.11,2925.53,365.34,365.26,365.26,365.3
CN7,32G,4,8,3,0,0,0,0,0,0,1643.21,1643.19,2958.19,2958.15,2958.14,2958.08,369.4,369.39,369.37,369.39
CN7,32G,4,8,4,0,0,0,0,0,0,1598.84,1598.82,2893.64,2893.7,2893.59,2893.72,361.33,361.35,361.34,361.35
CN7,32G,4,8,5,0,0,0,0,0,0,1626.09,1626.05,2883.63,2883.64,2883.82,2883.5,360.09,360.09,360.12,360.07
CN7,32G,4,16,1,0,0,0,0,0,0,1634.01,1633.97,2924.9,2924.95,2924.44,2924.97,365.13,365.15,365.09,365.14
CN7,32G,4,16,2,0,0,0,0,0,0,1682.83,1682.79,2991.71,2991.67,2991.69,2992.1,373.55,373.56,373.55,373.56
CN7,32G,4,16,3,0,0,0,0,0,0,1558.24,1558.09,2799.67,2798.99,2799.58,2799.16,349.57,349.52,349.57,349.54
CN7,32G,4,16,4,0,0,0,0,0,0,1565.46,1565.44,2830.0,2830.16,2830.51,2830.29,353.37,353.37,353.42,353.4
CN7,32G,4,16,5,0,0,0,0,0,0,1695.84,1695.77,3025.32,3024.58,3024.6,3024.72,377.71,377.64,377.66,377.67
CN7,32G,4,32,1,0,0,0,0,0,0,1686.00,1685.97,3024.16,3024.73,3024.75,3025.03,377.57,377.67,377.68,377.71
CN7,32G,4,32,2,0,0,0,0,0,0,1633.62,1633.57,2923.87,2922.92,2923.6,2923.8,364.95,364.9,364.97,364.99
CN7,32G,4,32,3,0,0,0,0,0,0,1616.67,1616.64,2890.96,2890.65,2890.59,2891.53,360.97,360.93,360.93,361.01
CN7,32G,4,32,4,0,0,0,0,0,0,1670.96,1670.87,2990.36,2990.82,2989.83,2990.4,373.38,373.43,373.32,373.37
CN7,32G,4,32,5,0,0,0,0,0,0,1607.21,1607.19,2890.34,2889.67,2889.76,2890.59,360.9,360.81,360.83,360.84
CN7,32G,4,64,1,0,0,0,0,0,0,1619.34,1619.18,2892.51,2890.96,2892.81,2893.04,361.2,361.01,361.23,361.22
CN7,32G,4,64,2,0,0,0,0,0,0,1659.80,1659.77,2950.86,2949.79,2950.27,2950.3,368.38,368.31,368.37,368.33
CN7,32G,4,64,3,0,0,0,0,0,0,1717.15,1717.09,3056.05,3055.92,3054.01,3054.23,381.46,381.53,381.27,381.28
CN7,32G,4,64,4,0,0,0,0,0,0,1636.51,1636.25,2920.32,2920.58,2920.64,2920.65,364.63,364.66,364.68,364.67
CN7,32G,4,64,5,0,0,0,0,0,0,1610.61,1610.53,2887.08,2887.16,2887.09,2887.62,360.43,360.43,360.42,360.46
CN7,32G,8,1,1,0,0,0,0,0,0,,,12436.13,5.94,5.79,5.83,1552.8,0.76,0.74,0.75
CN7,32G,8,1,2,0,0,0,0,0,0,,,6.2,12529.52,5.72,5.76,0.79,1564.38,0.73,0.74
CN7,32G,8,1,3,0,0,0,0,0,0,,,5.7,6.14,12230.73,5.69,0.73,0.78,1527.15,0.73
CN7,32G,8,1,4,0,0,0,0,0,0,,,5.73,5.75,6.13,12451.33,0.74,0.74,0.78,1554.61
CN7,32G,8,1,5,0,0,0,0,0,0,,,12073.39,5.57,5.53,5.99,1507.38,0.72,0.71,0.76
CN7,32G,8,2,1,0,0,0,0,0,0,1642.78,1642.77,5.79,6144.28,6144.02,5.37,0.74,767.19,767.17,0.69
CN7,32G,8,2,2,0,0,0,0,0,0,1594.84,1594.83,5969.32,5969.47,5.19,5.21,745.33,745.4,0.67,0.67
CN7,32G,8,2,3,0,0,0,0,0,0,1560.12,1560.11,5.15,5.38,5869.71,5869.8,0.66,0.68,732.92,732.92
CN7,32G,8,2,4,0,0,0,0,0,0,1649.37,1649.33,5.42,6174.67,6173.6,5.4,0.7,771.02,770.88,0.69
CN7,32G,8,2,5,0,0,0,0,0,0,1606.75,1606.75,6003.67,5.51,5.24,6003.21,749.62,0.7,0.67,749.59
CN7,32G,8,4,1,0,0,0,0,0,0,1631.49,1631.47,3074.74,3074.74,3074.7,3074.48,383.92,383.9,383.9,383.9
CN7,32G,8,4,2,0,0,0,0,0,0,1601.65,1601.64,3004.94,3004.89,3004.49,3004.75,375.19,375.19,375.16,375.19
CN7,32G,8,4,3,0,0,0,0,0,0,1627.75,1627.74,3057.05,3056.97,3056.82,3056.93,381.7,381.69,381.69,381.68
CN7,32G,8,4,4,0,0,0,0,0,0,1608.17,1608.16,3021.67,3021.64,3021.58,3021.61,377.28,377.28,377.27,377.29
CN7,32G,8,4,5,0,0,0,0,0,0,1595.56,1595.53,3004.77,3004.74,3005.07,3004.71,375.19,375.19,375.19,375.18
CN7,32G,8,8,1,0,0,0,0,0,0,1606.35,1606.30,3004.18,3003.64,3004.62,3004.02,375.1,375.05,375.05,375.09
CN7,32G,8,8,2,0,0,0,0,0,0,1610.30,1610.29,3021.36,3021.22,3021.45,3020.82,377.23,377.23,377.19,377.19
CN7,32G,8,8,3,0,0,0,0,0,0,1622.03,1622.02,3039.69,3039.84,3040.02,3039.8,379.55,379.56,379.56,379.55
CN7,32G,8,8,4,0,0,0,0,0,0,1598.15,1598.14,3003.78,3004.08,3003.83,3004.22,375.07,375.09,375.07,375.1
CN7,32G,8,8,5,0,0,0,0,0,0,1599.51,1599.50,3004.85,3004.98,3005.26,3005.04,375.2,375.2,375.2,375.21
CN7,32G,8,16,1,0,0,0,0,0,0,1627.14,1627.13,1990.55,1990.7,1990.27,1990.48,248.53,248.52,248.49,248.5
CN7,32G,8,16,2,0,0,0,0,0,0,1637.59,1637.58,3075.72,3075.24,3075.85,3075.37,384.0,383.99,384.0,384.0
CN7,32G,8,16,3,0,0,0,0,0,0,1535.93,1535.90,2889.5,2889.6,2889.47,2889.49,360.8,360.8,360.78,360.8
CN7,32G,8,16,4,0,0,0,0,0,0,1608.30,1608.28,3003.44,3003.11,3003.53,3003.17,375.01,374.99,375.02,374.98
CN7,32G,8,16,5,0,0,0,0,0,0,1626.89,1626.88,3038.01,3037.79,3037.49,3037.7,379.33,379.3,379.27,379.29
CN7,32G,8,32,1,0,0,0,0,0,0,1632.07,1632.05,3053.28,3053.4,3053.21,3053.12,381.24,381.24,381.22,381.21
CN7,32G,8,32,2,0,0,0,0,0,0,1594.56,1594.55,3002.08,3002.57,3001.8,3002.56,374.85,374.87,374.8,374.84
CN7,32G,8,32,3,0,0,0,0,0,0,1604.10,1604.09,3021.46,3021.32,3021.38,3021.65,377.24,377.24,377.2,377.23
CN7,32G,8,32,4,0,0,0,0,0,0,1622.91,1622.83,3037.18,3037.49,3037.17,3037.68,379.22,379.26,379.21,379.22
CN7,32G,8,32,5,0,0,0,0,0,0,1587.56,1587.50,2983.96,2983.75,2984.78,2984.79,372.58,372.56,372.58,372.58
CN7,32G,8,64,1,0,0,0,0,0,0,1579.30,1579.29,2971.34,2971.31,2971.59,2972.11,370.98,370.97,370.97,370.98
CN7,32G,8,64,2,0,0,0,0,0,0,1596.69,1596.65,3004.37,3005.16,3006.5,3005.1,375.11,375.23,375.24,375.14
CN7,32G,8,64,3,0,0,0,0,0,0,1625.77,1625.76,3033.99,3034.39,3034.7,3034.52,378.81,378.84,378.85,378.86
CN7,32G,8,64,4,0,0,0,0,0,0,1593.38,1593.36,2980.0,2980.52,2981.34,2980.34,372.08,372.14,372.1,372.12
CN7,32G,8,64,5,0,0,0,0,0,0,1595.24,1595.23,2960.22,2960.43,2961.84,2960.46,369.6,369.63,369.66,369.61
CN7,32G,16,1,1,0,0,0,0,0,0,,,5.99,6.0,12691.68,5.99,0.77,0.77,1584.23,0.77
CN7,32G,16,1,2,0,0,0,0,0,0,,,6.03,6.03,6.47,12606.07,0.77,0.77,0.82,1573.8
CN7,32G,16,1,3,0,0,0,0,0,0,,,12452.11,5.88,5.86,6.32,1554.54,0.75,0.75,0.8
CN7,32G,16,1,4,0,0,0,0,0,0,,,6.46,12691.26,5.97,6.0,0.82,1584.35,0.77,0.77
CN7,32G,16,1,5,0,0,0,0,0,0,,,5.87,6.31,12377.79,5.85,0.75,0.8,1544.99,0.75
CN7,32G,16,2,1,0,0,0,0,0,0,,,6284.76,2.98,3.2,6285.53,784.62,0.38,0.41,784.64
CN7,32G,16,2,2,0,0,0,0,0,0,,,3.23,3.0,6325.67,6320.37,0.41,0.38,789.65,789.65
CN7,32G,16,2,3,0,0,0,0,0,0,,,6226.16,6226.19,2.95,3.19,777.29,777.28,0.38,0.41
CN7,32G,16,2,4,0,0,0,0,0,0,,,6181.67,3.16,2.93,6187.93,772.51,0.4,0.38,772.49
CN7,32G,16,2,5,0,0,0,0,0,0,,,3.23,6284.58,6284.92,3.23,0.41,784.63,784.61,0.41
CN7,32G,16,4,1,0,0,0,0,0,0,1580.98,1580.98,3042.28,3049.47,3035.57,3057.62,379.83,381.06,379.36,381.7
CN7,32G,16,4,2,0,0,0,0,0,0,1601.61,1601.60,3091.22,3105.37,3108.47,3102.7,385.86,387.73,388.12,387.41
CN7,32G,16,4,3,0,0,0,0,0,0,1567.51,1567.50,3036.58,3036.77,3007.82,3036.74,379.14,379.16,375.5,379.14
CN7,32G,16,4,4,0,0,0,0,0,0,1569.60,1569.60,3045.72,3045.67,3045.52,3019.11,380.27,380.27,380.26,376.89
CN7,32G,16,4,5,0,0,0,0,0,0,1577.53,1577.51,3034.74,3043.73,3054.39,3054.37,378.91,379.97,381.35,381.38
CN7,32G,16,8,1,0,0,0,0,0,0,1607.90,1607.89,3117.7,3117.7,3106.12,3117.69,389.29,389.3,387.7,389.28
CN7,32G,16,8,2,0,0,0,0,0,0,1558.28,1558.17,3019.43,3019.44,2998.78,3019.37,377.01,377.01,374.17,377.01
CN7,32G,16,8,3,0,0,0,0,0,0,1577.82,1577.81,3044.73,3054.03,3055.47,3046.86,380.03,381.32,381.33,380.43
CN7,32G,16,8,4,0,0,0,0,0,0,1574.81,1574.76,3035.28,3053.95,3056.16,3054.13,378.91,381.32,381.33,381.33
CN7,32G,16,8,5,0,0,0,0,0,0,1547.13,1547.08,3001.98,2985.15,3002.68,3002.11,374.82,372.67,374.81,374.82
CN7,32G,16,16,1,0,0,0,0,0,0,1593.31,1593.31,3088.73,3088.55,3086.07,3088.86,385.66,385.64,384.79,385.67
CN7,32G,16,16,2,0,0,0,0,0,0,1552.56,1552.54,3008.83,3009.66,3010.03,3009.58,375.59,375.76,375.75,375.76
CN7,32G,16,16,3,0,0,0,0,0,0,1555.81,1555.79,2994.57,3009.9,3009.9,3009.91,373.81,375.82,375.81,375.82
CN7,32G,16,16,4,0,0,0,0,0,0,1577.10,1577.08,3054.36,3054.49,3054.53,3044.79,381.37,381.38,381.38,380.1
CN7,32G,16,16,5,0,0,0,0,0,0,1566.00,1565.97,3035.45,3035.21,3035.01,3032.1,378.96,378.96,378.96,378.52
CN7,32G,16,32,1,0,0,0,0,0,0,1609.23,1609.16,3113.86,3113.57,3109.96,3114.04,388.78,388.76,388.22,388.79
CN7,32G,16,32,2,0,0,0,0,0,0,1604.28,1604.25,3107.0,3103.87,3107.37,3107.04,387.93,387.47,387.96,387.94
CN7,32G,16,32,3,0,0,0,0,0,0,1545.36,1545.34,2989.96,2989.63,2990.13,2986.95,373.3,373.26,373.29,372.86
CN7,32G,16,32,4,0,0,0,0,0,0,1556.60,1556.48,3014.4,3017.38,3017.21,3017.39,376.2,376.75,376.72,376.72
CN7,32G,16,32,5,0,0,0,0,0,0,1561.70,1561.66,3024.58,3025.44,3024.29,3024.57,377.64,377.63,377.61,377.64
CN7,32G,16,64,1,0,0,0,0,0,0,1535.38,1535.31,2974.46,2968.35,2974.95,2974.08,371.37,370.52,371.31,371.31
CN7,32G,16,64,2,0,0,0,0,0,0,1589.90,1589.76,3074.21,3074.39,3068.95,3074.08,383.84,383.87,383.11,383.83
CN7,32G,16,64,3,0,0,0,0,0,0,1581.91,1581.88,3055.17,3055.31,3046.37,3047.88,381.45,381.45,380.29,380.54
CN7,32G,16,64,4,0,0,0,0,0,0,1596.37,1596.36,3078.99,3085.12,3086.19,3084.24,384.36,385.2,385.32,385.09
CN7,32G,16,64,5,0,0,0,0,0,0,1586.31,1586.23,3060.25,3067.89,3068.82,3067.56,382.03,383.01,382.98,382.98
