0805-0015
CN7,4G,1,1,1,0,0,0,0,0,0,1477.59,1477.09,5327.68,114.59,114.75,115.09,666.76,15.13,15.15,15.19
CN7,4G,1,1,2,0,0,0,0,0,0,1457.72,1457.24,114.85,5579.58,114.92,115.25,15.16,697.79,15.15,15.19
CN7,4G,1,1,3,0,0,0,0,0,0,1428.12,1427.71,116.51,114.59,5576.41,115.08,15.19,15.13,697.81,15.19
CN7,4G,1,1,4,0,0,0,0,0,0,1525.71,1525.18,114.84,114.59,116.26,5288.91,15.16,15.13,15.18,661.88
CN7,4G,1,1,5,0,0,0,0,0,0,1464.69,1464.26,5363.01,114.58,114.75,116.25,671.16,15.13,15.15,15.22
CN7,4G,1,2,1,0,0,0,0,0,0,1497.74,1497.24,114.85,114.58,2733.75,2737.09,15.16,15.13,342.52,342.94
CN7,4G,1,2,2,0,0,0,0,0,0,1472.98,1472.49,2706.84,2706.75,114.75,115.09,339.16,339.13,15.15,15.19
CN7,4G,1,2,3,0,0,0,0,0,0,1517.54,1517.02,3274.22,137.9,137.7,3268.5,410.08,18.17,18.18,409.53
CN7,4G,1,2,4,0,0,0,0,0,0,1553.70,1553.16,137.82,3273.49,3273.69,138.1,18.19,410.15,410.18,18.23
CN7,4G,1,2,5,0,0,0,0,0,0,1573.84,1573.30,3261.02,3261.1,138.1,138.1,408.59,408.58,18.2,18.23
CN7,4G,1,4,1,0,0,0,0,0,0,1482.80,1482.27,1699.42,1699.1,1699.29,1698.69,213.39,213.35,213.38,213.28
CN7,4G,1,4,2,0,0,0,0,0,0,1503.83,1503.31,1718.62,1719.3,1719.29,1720.09,215.79,215.76,215.78,215.84
CN7,4G,1,4,3,0,0,0,0,0,0,1531.64,1530.90,1705.82,1700.1,1700.89,1704.09,214.19,213.36,213.46,213.88
CN7,4G,1,4,4,0,0,0,0,0,0,1516.66,1516.13,1699.42,1700.1,1700.09,1700.49,213.39,213.36,213.38,213.43
CN7,4G,1,4,5,0,0,0,0,0,0,1642.17,1641.59,1725.02,1724.7,1725.09,1723.69,216.59,216.55,216.58,216.43
CN7,4G,1,8,1,0,0,0,0,0,0,1437.88,1437.38,1428.18,1427.75,1427.91,1428.25,179.2,179.15,179.17,179.21
CN7,4G,1,8,2,0,0,0,0,0,0,1480.44,1479.86,1699.42,1699.1,1699.29,1699.69,213.39,213.35,213.38,213.43
CN7,4G,1,8,3,0,0,0,0,0,0,1432.37,1431.89,1427.52,1429.25,1427.91,1429.58,179.2,179.21,179.17,179.27
CN7,4G,1,8,4,0,0,0,0,0,0,1471.11,1470.60,1712.42,1712.1,1712.09,1712.69,214.99,214.95,214.98,215.03
CN7,4G,1,8,5,0,0,0,0,0,0,1460.11,1459.63,1426.85,1427.25,1427.41,1427.08,179.16,179.13,179.15,179.19
CN7,4G,1,16,1,0,0,0,0,0,0,1400.28,1399.80,1437.52,1437.91,1438.07,1437.74,180.49,180.47,180.51,180.52
CN7,4G,1,16,2,0,0,0,0,0,0,1413.07,1412.56,1437.52,1437.25,1437.41,1438.58,180.49,180.46,180.48,180.54
CN7,4G,1,16,3,0,0,0,0,0,0,1385.09,1384.60,1459.52,1460.41,1460.24,1459.58,183.18,183.16,183.18,183.21
CN7,4G,1,16,4,0,0,0,0,0,0,1399.76,1399.21,1438.01,1437.75,1438.07,1438.24,180.51,180.48,180.5,180.54
CN7,4G,1,16,5,0,0,0,0,0,0,1345.70,1345.26,1481.51,1482.75,1483.57,1483.41,185.85,185.79,185.83,185.85
CN7,4G,1,32,1,0,0,0,0,0,0,1389.77,1389.25,1438.18,1439.75,1438.57,1438.24,180.53,180.54,180.51,180.56
CN7,4G,1,32,2,0,0,0,0,0,0,1400.14,1399.54,1437.51,1437.25,1437.4,1437.74,180.49,180.46,180.48,180.52
CN7,4G,1,32,3,0,0,0,0,0,0,1363.64,1363.14,1433.85,1433.41,1435.9,1439.74,179.87,179.87,180.18,180.59
CN7,4G,1,32,4,0,0,0,0,0,0,1447.44,1446.88,1439.35,1440.25,1440.74,1439.74,180.52,180.5,180.52,180.55
CN7,4G,1,32,5,0,0,0,0,0,0,1393.89,1393.03,1464.35,1464.25,1462.74,1460.74,183.83,183.8,183.16,183.4
CN7,4G,1,64,1,0,0,0,0,0,0,1342.26,1341.65,1483.68,1483.91,1480.9,1484.24,185.86,185.83,185.87,185.89
CN7,4G,1,64,2,0,0,0,0,0,0,1421.82,1421.13,1480.18,1483.74,1485.57,1482.74,185.82,185.79,185.81,185.85
CN7,4G,1,64,3,0,0,0,0,0,0,1378.73,1378.09,1482.84,1483.58,1480.74,1485.07,185.85,185.82,185.86,185.93
CN7,4G,1,64,4,0,0,0,0,0,0,1358.23,1357.62,1453.51,1457.91,1454.57,1453.74,182.49,182.99,182.5,182.52
CN7,4G,1,64,5,0,0,0,0,0,0,1337.09,1336.49,1480.18,1481.08,1480.4,1480.4,185.82,185.81,185.82,185.85
CN7,4G,2,1,1,0,0,0,0,0,0,1750.87,1750.54,87.63,87.68,87.55,8035.93,11.41,11.36,11.38,1004.96
CN7,4G,2,1,2,0,0,0,0,0,0,1938.60,1938.16,8004.5,85.93,86.05,86.32,1001.12,11.34,11.36,11.39
CN7,4G,2,1,3,0,0,0,0,0,0,1817.24,1816.87,86.15,7970.43,86.04,87.82,11.37,996.85,11.36,11.43
CN7,4G,2,1,4,0,0,0,0,0,0,1775.27,1774.93,87.64,87.44,7956.42,86.31,11.41,11.38,995.1,11.39
CN7,4G,2,1,5,0,0,0,0,0,0,1786.60,1786.23,86.14,85.94,87.56,7977.68,11.37,11.34,11.4,997.76
CN7,4G,2,2,1,0,0,0,0,0,0,1671.20,1670.88,4030.14,4030.56,86.06,86.33,504.34,504.37,11.36,11.39
CN7,4G,2,2,2,0,0,0,0,0,0,1722.92,1722.61,4006.64,87.32,86.05,4006.7,501.41,11.37,11.36,501.41
CN7,4G,2,2,3,0,0,0,0,0,0,1745.98,1745.65,86.15,4030.31,4030.42,86.33,11.37,504.37,504.38,11.39
CN7,4G,2,2,4,0,0,0,0,0,0,1676.81,1676.47,4046.52,4046.82,87.43,86.33,506.39,506.38,11.38,11.39
CN7,4G,2,2,5,0,0,0,0,0,0,1724.91,1724.52,86.15,87.33,4066.55,4070.7,11.37,11.37,508.88,509.41
CN7,4G,2,4,1,0,0,0,0,0,0,1923.41,1922.98,2054.9,2054.2,2055.06,2054.58,257.4,257.36,257.39,257.41
CN7,4G,2,4,2,0,0,0,0,0,0,1774.42,1774.04,2062.4,2063.83,2062.81,2062.58,258.38,258.38,258.38,258.41
CN7,4G,2,4,3,0,0,0,0,0,0,1810.14,1809.77,2057.96,2059.52,2059.48,2058.11,257.83,257.83,257.84,257.85
CN7,4G,2,4,4,0,0,0,0,0,0,1818.16,1817.80,2062.53,2063.08,2064.82,2066.59,258.38,258.42,258.63,258.91
CN7,4G,2,4,5,0,0,0,0,0,0,1844.15,1843.76,2066.41,2064.08,2064.19,2065.46,258.88,258.38,258.41,258.77
CN7,4G,2,8,1,0,0,0,0,0,0,1777.32,1776.96,2054.41,2054.71,2051.07,2054.59,257.38,257.37,256.91,257.41
CN7,4G,2,8,2,0,0,0,0,0,0,1832.20,1831.79,2086.91,2086.59,2087.44,2083.72,261.41,261.29,261.4,260.96
CN7,4G,2,8,3,0,0,0,0,0,0,1758.36,1757.99,2073.79,2075.84,2075.95,2075.97,259.78,259.88,259.9,259.93
CN7,4G,2,8,4,0,0,0,0,0,0,1837.34,1836.96,2038.41,2038.72,2038.82,2039.22,255.39,255.39,255.39,255.44
CN7,4G,2,8,5,0,0,0,0,0,0,1697.35,1696.98,2070.42,2070.72,2068.45,2071.1,259.39,259.37,259.03,259.39
CN7,4G,2,16,1,0,0,0,0,0,0,1725.98,1725.60,2084.67,2087.22,2090.83,2083.1,261.17,261.39,261.89,260.92
CN7,4G,2,16,2,0,0,0,0,0,0,1703.44,1703.08,2078.42,2081.97,2086.33,2083.23,260.39,260.75,261.34,260.92
CN7,4G,2,16,3,0,0,0,0,0,0,1652.62,1652.27,2070.42,2071.6,2071.33,2071.48,259.39,259.39,259.4,259.43
CN7,4G,2,16,4,0,0,0,0,0,0,1665.00,1664.66,2063.05,2067.85,2063.46,2063.36,258.47,258.9,258.41,258.42
CN7,4G,2,16,5,0,0,0,0,0,0,1667.60,1667.29,2070.43,2071.23,2071.46,2072.61,259.39,259.38,259.39,259.44
CN7,4G,2,32,1,0,0,0,0,0,0,1638.21,1637.73,2086.55,2078.98,2086.84,2087.36,261.39,260.38,261.34,261.42
CN7,4G,2,32,2,0,0,0,0,0,0,1625.30,1624.92,1842.05,1840.65,1840.75,1840.99,230.62,230.57,230.59,230.62
CN7,4G,2,32,3,0,0,0,0,0,0,1639.25,1638.81,2113.06,2107.98,2102.97,2115.74,264.7,263.99,263.38,264.93
CN7,4G,2,32,4,0,0,0,0,0,0,1855.52,1855.01,2070.68,2071.48,2071.72,2071.86,259.39,259.38,259.46,259.43
CN7,4G,2,32,5,0,0,0,0,0,0,1720.60,1720.21,2071.06,2079.74,2071.84,2076.12,259.43,260.41,259.42,259.95
CN7,4G,2,64,1,0,0,0,0,0,0,1704.19,1703.72,2136.81,2132.36,2128.22,2132.62,267.42,266.94,266.45,266.99
CN7,4G,2,64,2,0,0,0,0,0,0,1730.59,1729.30,2131.94,2133.61,2127.22,2138.24,266.94,266.89,266.4,267.46
CN7,4G,2,64,3,0,0,0,0,0,0,1714.11,1713.62,2137.19,2134.74,2130.85,2131.12,267.4,267.4,266.92,266.95
CN7,4G,2,64,4,0,0,0,0,0,0,1773.99,1773.43,2128.82,2132.12,2138.1,2138.5,266.49,266.91,267.43,267.46
CN7,4G,2,64,5,0,0,0,0,0,0,1726.01,1725.50,2131.07,2132.24,2133.85,2136.63,266.92,266.94,266.95,267.49
CN7,4G,4,1,1,0,0,0,0,0,0,1941.78,1941.58,49.47,9248.78,50.27,50.57,6.51,1156.3,6.52,6.54
CN7,4G,4,1,2,0,0,0,0,0,0,2028.23,2028.01,53.04,54.02,9940.22,53.15,7.0,7.03,1242.84,7.01
CN7,4G,4,1,3,0,0,0,0,0,0,1975.26,1975.05,53.04,52.94,54.09,9930.15,7.0,6.99,7.04,1241.57
CN7,4G,4,1,4,0,0,0,0,0,0,2024.71,2024.49,9873.5,52.94,53.01,54.25,1234.53,6.99,7.0,7.06
CN7,4G,4,1,5,0,0,0,0,0,0,2028.12,2027.89,53.06,9852.09,53.0,53.17,7.0,1231.77,7.0,7.02
CN7,4G,4,2,1,0,0,0,0,0,0,2904.99,2904.51,62.7,63.77,5884.91,5889.02,8.27,8.31,735.96,736.53
CN7,4G,4,2,2,0,0,0,0,0,0,2273.98,2273.69,57.47,5346.7,5351.43,58.61,7.58,668.63,669.24,7.63
CN7,4G,4,2,3,0,0,0,0,0,0,2067.15,2066.92,4952.05,53.89,53.94,4952.56,619.34,7.01,7.02,619.37
CN7,4G,4,2,4,0,0,0,0,0,0,2003.95,2003.72,53.06,52.96,4989.48,4989.88,7.0,6.99,623.99,624.0
CN7,4G,4,2,5,0,0,0,0,0,0,2195.79,2195.53,4966.44,4968.5,53.95,54.12,621.15,621.39,7.02,7.04
CN7,4G,4,4,1,0,0,0,0,0,0,2064.04,2063.81,2502.07,2495.74,2498.87,2495.65,313.11,312.26,312.66,312.27
CN7,4G,4,4,2,0,0,0,0,0,0,2154.90,2154.62,2512.53,2510.59,2513.18,2514.43,314.4,314.1,314.42,314.58
CN7,4G,4,4,3,0,0,0,0,0,0,2052.63,2052.38,2524.92,2522.83,2522.8,2523.97,315.9,315.64,315.65,315.78
CN7,4G,4,4,4,0,0,0,0,0,0,2074.44,2074.19,2521.0,2522.83,2520.34,2520.59,315.47,315.64,315.34,315.36
CN7,4G,4,4,5,0,0,0,0,0,0,2227.91,2227.64,2515.39,2515.45,2515.58,2512.98,314.73,314.72,314.73,314.42
CN7,4G,4,8,1,0,0,0,0,0,0,2101.20,2100.95,2515.09,2515.68,2515.58,2515.21,314.71,314.72,314.73,314.73
CN7,4G,4,8,2,0,0,0,0,0,0,2077.52,2077.28,2517.4,2517.99,2517.89,2517.52,315.02,315.03,315.03,315.04
CN7,4G,4,8,3,0,0,0,0,0,0,2091.82,2091.57,2537.86,2540.0,2536.67,2537.22,317.51,317.8,317.38,317.5
CN7,4G,4,8,4,0,0,0,0,0,0,2042.45,2042.20,2515.1,2516.08,2517.83,2515.22,314.73,314.75,315.03,314.74
CN7,4G,4,8,5,0,0,0,0,0,0,2129.75,2129.49,2503.49,2495.85,2508.75,2510.07,313.21,312.26,313.84,314.05
CN7,4G,4,16,1,0,0,0,0,0,0,2134.05,2133.75,2534.72,2535.24,2534.68,2539.23,317.18,317.18,317.17,317.69
CN7,4G,4,16,2,0,0,0,0,0,0,2082.01,2081.76,2532.03,2532.78,2527.99,2531.16,316.84,316.88,316.34,316.6
CN7,4G,4,16,3,0,0,0,0,0,0,2117.51,2117.25,2530.42,2535.25,2530.46,2528.08,316.59,317.19,316.59,316.29
CN7,4G,4,16,4,0,0,0,0,0,0,2050.63,2050.36,2527.43,2528.33,2529.38,2533.24,316.26,316.26,316.51,316.91
CN7,4G,4,16,5,0,0,0,0,0,0,2046.13,2045.85,2535.51,2535.41,2535.39,2543.02,317.2,317.19,317.2,318.14
CN7,4G,4,32,1,0,0,0,0,0,0,2072.93,2072.62,2566.74,2569.72,2559.31,2564.4,321.18,321.5,320.26,320.89
CN7,4G,4,32,2,0,0,0,0,0,0,2179.19,2178.84,2547.13,2543.19,2539.78,2533.48,318.74,318.14,317.81,316.93
CN7,4G,4,32,3,0,0,0,0,0,0,2173.94,2173.52,2568.67,2571.81,2570.24,2572.03,321.34,321.75,321.53,321.82
CN7,4G,4,32,4,0,0,0,0,0,0,2132.65,2132.17,2573.44,2565.27,2564.4,2563.03,321.81,320.9,320.89,320.62
CN7,4G,4,32,5,0,0,0,0,0,0,2021.81,2021.52,2555.22,2555.04,2535.33,2561.19,319.67,319.65,317.21,320.36
CN7,4G,4,64,1,0,0,0,0,0,0,2191.63,2190.59,2574.3,2572.89,2562.87,2565.65,322.13,321.84,320.61,320.94
CN7,4G,4,64,2,0,0,0,0,0,0,2156.85,2156.45,2564.46,2570.36,2574.18,2575.35,320.88,321.51,322.11,322.15
CN7,4G,4,64,3,0,0,0,0,0,0,2207.97,2207.54,2571.46,2574.13,2575.57,2570.66,321.55,321.84,322.14,321.56
CN7,4G,4,64,4,0,0,0,0,0,0,2093.73,2093.36,2574.23,2572.6,2569.27,2572.74,321.81,321.51,321.5,321.54
CN7,4G,4,64,5,0,0,0,0,0,0,2250.13,2249.69,2577.16,2567.91,2571.89,2575.59,322.15,320.92,321.82,321.87
CN7,4G,8,1,1,0,0,0,0,0,0,1988.19,1988.08,27.04,27.07,27.18,9538.46,3.52,3.51,3.52,1191.19
CN7,4G,8,1,2,0,0,0,0,0,0,2026.34,2026.23,9901.68,27.79,27.7,28.49,1236.66,3.64,3.65,3.7
CN7,4G,8,1,3,0,0,0,0,0,0,2019.80,2019.69,26.6,9543.3,26.56,26.7,3.51,1191.84,3.5,3.52
CN7,4G,8,1,4,0,0,0,0,0,0,1982.02,1981.81,26.6,27.17,9514.63,26.66,3.51,3.54,1188.42,3.52
CN7,4G,8,1,5,0,0,0,0,0,0,1991.06,1990.95,26.67,26.7,27.35,9599.93,3.51,3.5,3.55,1198.87
CN7,4G,8,2,1,0,0,0,0,0,0,2279.71,2279.56,4885.14,5349.97,28.87,29.66,610.23,668.22,3.8,3.85
CN7,4G,8,2,2,0,0,0,0,0,0,2297.22,2297.09,28.82,28.77,4894.04,5326.03,3.8,3.8,611.33,665.19
CN7,4G,8,2,3,0,0,0,0,0,0,2294.61,2294.43,28.9,4903.31,5453.55,29.5,3.8,612.49,681.18,3.84
CN7,4G,8,2,4,0,0,0,0,0,0,2276.10,2275.97,5151.03,29.45,29.52,4924.33,643.43,3.82,3.82,615.03
CN7,4G,8,2,5,0,0,0,0,0,0,2241.35,2241.21,28.83,28.86,4926.68,5295.17,3.8,3.8,615.35,661.37
CN7,4G,8,4,1,0,0,0,0,0,0,2221.69,2221.56,2741.24,2622.27,2713.15,2740.06,342.49,327.65,338.99,342.29
CN7,4G,8,4,2,0,0,0,0,0,0,2336.53,2336.37,2745.33,2611.9,2590.32,2740.77,343.0,326.33,323.65,342.36
CN7,4G,8,4,3,0,0,0,0,0,0,2309.48,2307.33,2748.21,2741.45,2690.49,2739.74,343.34,342.5,336.16,342.19
CN7,4G,8,4,4,0,0,0,0,0,0,2275.80,2275.26,2686.62,2864.95,2866.21,2864.08,335.65,357.92,358.09,357.76
CN7,4G,8,4,5,0,0,0,0,0,0,2242.61,2241.48,2745.68,2408.13,2740.34,2743.25,343.01,300.84,342.35,342.69
CN7,4G,8,8,1,0,0,0,0,0,0,2413.82,2413.44,2782.97,2868.44,2615.49,2837.7,347.66,358.39,326.78,354.46
CN7,4G,8,8,2,0,0,0,0,0,0,2392.94,2392.77,2744.72,2870.71,2870.14,2683.35,342.95,358.62,358.57,335.21
CN7,4G,8,8,3,0,0,0,0,0,0,2327.20,2327.04,2517.07,2754.93,2755.77,2718.76,314.5,344.17,344.28,339.66
CN7,4G,8,8,4,0,0,0,0,0,0,2382.53,2382.38,2745.65,2557.31,2652.31,2703.68,343.02,319.5,331.38,337.71
CN7,4G,8,8,5,0,0,0,0,0,0,2229.85,2227.85,2733.87,2745.94,2629.11,2743.35,341.52,343.02,328.49,342.7
CN7,4G,8,16,1,0,0,0,0,0,0,2396.98,2396.80,2694.87,2673.61,2741.2,2636.61,336.68,334.01,342.5,329.36
CN7,4G,8,16,2,0,0,0,0,0,0,2308.04,2305.91,2658.09,2625.09,2757.06,2726.93,332.06,327.93,344.47,340.69
CN7,4G,8,16,3,0,0,0,0,0,0,2246.55,2245.67,2760.13,2709.79,2709.58,2693.78,344.84,338.51,338.51,336.53
CN7,4G,8,16,4,0,0,0,0,0,0,2444.30,2444.06,2871.53,2873.3,2723.22,2759.82,358.78,358.95,340.23,344.73
CN7,4G,8,16,5,0,0,0,0,0,0,2383.60,2383.42,2792.1,2808.18,2826.05,2765.22,348.86,350.79,353.06,345.42
CN7,4G,8,32,1,0,0,0,0,0,0,2353.75,2353.56,2713.6,2720.59,2685.8,2707.34,339.02,339.84,335.52,338.19
CN7,4G,8,32,2,0,0,0,0,0,0,2331.07,2330.86,2587.46,2599.25,2585.18,2551.97,323.24,324.68,322.92,318.77
CN7,4G,8,32,3,0,0,0,0,0,0,2351.73,2350.72,2845.55,2809.72,2833.98,2812.67,355.5,350.98,354.08,351.34
CN7,4G,8,32,4,0,0,0,0,0,0,2384.88,2382.78,2810.51,2876.81,2827.2,2758.8,350.98,359.32,353.22,344.55
CN7,4G,8,32,5,0,0,0,0,0,0,2398.08,2397.76,2798.35,2812.64,2774.81,2852.72,349.52,351.31,346.63,356.2
CN7,4G,8,64,1,0,0,0,0,0,0,2383.25,2382.99,2821.48,2869.56,2809.51,2796.03,352.54,358.46,350.99,349.26
CN7,4G,8,64,2,0,0,0,0,0,0,2362.39,2362.03,2687.34,2696.7,2695.79,2704.74,335.68,336.67,336.7,337.7
CN7,4G,8,64,3,0,0,0,0,0,0,2377.60,2377.35,2753.39,2717.38,2655.5,2701.0,344.02,339.37,331.71,337.39
CN7,4G,8,64,4,0,0,0,0,0,0,2429.51,2429.26,2820.23,2815.88,2861.7,2808.0,352.18,351.67,357.42,350.64
CN7,4G,8,64,5,0,0,0,0,0,0,2400.10,2399.68,2658.81,2730.59,2667.26,2732.96,332.2,341.04,333.21,341.38
CN7,4G,16,1,1,0,0,0,0,0,0,1867.31,1867.26,15.12,10898.37,15.03,14.94,1.96,1360.88,1.96,1.96
CN7,4G,16,1,2,0,0,0,0,0,0,1862.04,1861.91,15.18,15.73,11119.88,15.29,1.99,2.04,1388.57,2.0
CN7,4G,16,1,3,0,0,0,0,0,0,1867.13,1867.07,15.16,15.19,15.69,11106.78,1.99,1.99,2.04,1386.92
CN7,4G,16,1,4,0,0,0,0,0,0,1848.89,1848.51,11119.29,15.16,15.2,15.25,1388.49,1.99,1.99,2.0
CN7,4G,16,1,5,0,0,0,0,0,0,1846.60,1846.55,14.86,10877.29,14.88,14.94,1.95,1358.31,1.95,1.96
CN7,4G,16,2,1,0,0,0,0,0,0,1952.51,1952.41,5944.22,15.88,15.89,5705.14,742.35,2.09,2.08,712.43
CN7,4G,16,2,2,0,0,0,0,0,0,1962.66,1962.56,15.89,5776.72,5981.46,15.99,2.09,721.35,746.86,2.09
CN7,4G,16,2,3,0,0,0,0,0,0,1947.74,1947.68,5612.82,5795.16,15.53,15.66,700.86,723.69,2.04,2.05
CN7,4G,16,2,4,0,0,0,0,0,0,1941.38,1941.04,15.92,15.55,5590.39,5798.28,2.06,2.04,698.16,724.04
CN7,4G,16,2,5,0,0,0,0,0,0,1938.70,1938.06,15.57,5661.77,5694.92,16.05,2.04,707.07,711.23,2.07
CN7,4G,16,4,1,0,0,0,0,0,0,1967.22,1966.76,2761.88,2985.7,2985.99,2985.56,344.91,372.91,372.94,372.85
CN7,4G,16,4,2,0,0,0,0,0,0,1955.04,1954.70,2998.31,2809.19,2896.14,2998.89,374.47,350.87,361.72,374.48
CN7,4G,16,4,3,0,0,0,0,0,0,1938.61,1938.24,2972.2,2932.95,2995.48,2923.51,371.22,366.33,374.14,365.07
CN7,4G,16,4,4,0,0,0,0,0,0,1929.44,1928.75,2931.09,2930.91,2930.99,2704.48,366.08,366.08,366.08,337.74
CN7,4G,16,4,5,0,0,0,0,0,0,1998.65,1998.25,2889.17,2835.21,2916.72,2998.09,360.85,354.13,364.3,374.4
CN7,4G,16,8,1,0,0,0,0,0,0,1981.29,1979.60,2983.85,2925.96,2984.5,2947.32,372.68,365.41,372.76,368.05
CN7,4G,16,8,2,0,0,0,0,0,0,1950.93,1950.87,2932.11,2931.79,2853.36,2868.28,366.18,366.17,356.38,358.18
CN7,4G,16,8,3,0,0,0,0,0,0,1957.43,1956.86,2988.96,2909.68,2998.56,2928.88,373.31,363.4,374.49,365.77
CN7,4G,16,8,4,0,0,0,0,0,0,1920.47,1920.21,2864.77,2787.52,2865.15,2808.74,357.8,348.16,357.86,350.78
CN7,4G,16,8,5,0,0,0,0,0,0,1958.97,1957.39,2933.65,2958.57,2996.98,2964.91,366.41,369.5,374.32,370.23
CN7,4G,16,16,1,0,0,0,0,0,0,1990.76,1990.70,2915.54,2993.24,2907.1,2986.39,364.14,373.85,363.06,372.95
CN7,4G,16,16,2,0,0,0,0,0,0,1981.31,1981.23,2896.59,2962.77,2995.53,2986.9,361.77,370.05,374.14,373.04
CN7,4G,16,16,3,0,0,0,0,0,0,1987.33,1987.07,2895.91,2935.41,2971.54,2997.45,361.69,366.6,371.13,374.32
CN7,4G,16,16,4,0,0,0,0,0,0,1905.64,1905.57,2928.9,2929.46,2862.37,2929.67,365.74,365.81,357.49,365.8
CN7,4G,16,16,5,0,0,0,0,0,0,1980.44,1979.62,2915.93,2997.8,2957.56,2958.85,364.19,374.38,369.39,369.55
CN7,4G,16,32,1,0,0,0,0,0,0,1975.61,1975.42,2947.91,3066.09,3068.73,3059.34,368.17,382.94,383.22,382.09
CN7,4G,16,32,2,0,0,0,0,0,0,2026.47,2025.63,2924.35,2998.68,2954.24,2985.79,365.23,374.51,368.96,372.89
CN7,4G,16,32,3,0,0,0,0,0,0,1945.72,1944.50,2983.21,2985.62,2920.64,2994.21,372.6,372.88,364.77,373.96
CN7,4G,16,32,4,0,0,0,0,0,0,2042.67,2042.34,3012.83,3067.26,3036.88,3015.98,376.21,383.0,379.22,376.58
CN7,4G,16,32,5,0,0,0,0,0,0,2022.11,2021.39,2978.16,3038.16,3056.89,3000.67,371.87,379.4,381.72,374.69
CN7,4G,16,64,1,0,0,0,0,0,0,1931.86,1931.78,2927.4,2921.71,2899.19,2885.73,365.62,364.85,362.09,360.4
CN7,4G,16,64,2,0,0,0,0,0,0,2011.96,2011.68,3063.06,3067.87,3013.28,2991.65,382.47,383.13,376.28,373.55
CN7,4G,16,64,3,0,0,0,0,0,0,1957.48,1957.39,2977.7,2992.75,2927.77,2997.92,371.9,373.78,365.62,374.41
CN7,4G,16,64,4,0,0,0,0,0,0,2013.02,2011.80,3069.3,3038.02,2999.43,3060.29,383.24,379.33,374.52,382.13
CN7,4G,16,64,5,0,0,0,0,0,0,1964.72,1964.05,2910.78,2930.16,2894.37,2897.2,363.54,365.94,361.5,361.71
CN7,8G,1,1,1,0,0,0,0,0,0,1520.78,1520.52,7200.16,78.14,79.43,78.34,899.65,10.3,10.36,10.32
CN7,8G,1,1,2,0,0,0,0,0,0,1526.85,1526.60,78.06,7369.69,78.1,78.34,10.29,920.55,10.29,10.32
CN7,8G,1,1,3,0,0,0,0,0,0,1497.16,1496.94,78.06,78.59,7225.65,78.33,10.29,10.33,902.82,10.32
CN7,8G,1,1,4,0,0,0,0,0,0,1482.57,1482.29,78.06,79.37,78.11,7229.11,10.29,10.33,10.29,903.24
CN7,8G,1,1,5,0,0,0,0,0,0,1463.16,1462.91,7221.94,78.14,79.33,78.9,902.34,10.3,10.32,10.36
CN7,8G,1,2,1,0,0,0,0,0,0,1476.82,1476.56,79.07,3616.14,3616.1,79.68,10.32,452.09,452.09,10.35
CN7,8G,1,2,2,0,0,0,0,0,0,1528.15,1527.89,3723.29,3722.81,78.11,78.34,465.43,465.43,10.29,10.32
CN7,8G,1,2,3,0,0,0,0,0,0,1494.06,1493.79,79.18,79.37,3630.77,3630.78,10.31,10.33,453.88,453.89
CN7,8G,1,2,4,0,0,0,0,0,0,1612.83,1612.55,78.07,3725.04,3722.89,78.34,10.29,465.43,465.42,10.32
CN7,8G,1,2,5,0,0,0,0,0,0,1639.23,1638.91,3619.84,78.15,79.56,3620.45,452.53,10.3,10.33,452.58
CN7,8G,1,4,1,0,0,0,0,0,0,1581.89,1581.61,1859.07,1860.82,1857.89,1858.01,232.65,232.87,232.53,232.56
CN7,8G,1,4,2,0,0,0,0,0,0,1589.82,1589.48,1851.18,1850.71,1850.67,1851.57,231.64,231.64,231.64,231.69
CN7,8G,1,4,3,0,0,0,0,0,0,1537.71,1537.43,1900.74,1901.38,1901.01,1900.79,237.86,237.89,237.88,237.89
CN7,8G,1,4,4,0,0,0,0,0,0,1497.28,1497.04,1872.52,1868.49,1869.34,1870.57,234.31,233.86,233.97,234.04
CN7,8G,1,4,5,0,0,0,0,0,0,1637.94,1637.63,2078.59,2078.05,2078.51,2078.27,260.1,260.1,260.11,260.13
CN7,8G,1,8,1,0,0,0,0,0,0,1527.44,1527.17,1851.08,1850.71,1850.68,1850.91,231.64,231.64,231.64,231.67
CN7,8G,1,8,2,0,0,0,0,0,0,1480.04,1479.78,1872.52,1872.05,1872.79,1872.24,234.31,234.31,234.33,234.33
CN7,8G,1,8,3,0,0,0,0,0,0,1481.13,1480.88,1865.64,1864.94,1865.01,1865.13,233.43,233.42,233.42,233.44
CN7,8G,1,8,4,0,0,0,0,0,0,1558.64,1558.32,1858.19,1857.83,1855.01,1857.47,232.53,232.53,232.18,232.49
CN7,8G,1,8,5,0,0,0,0,0,0,1644.38,1644.07,2106.59,2106.18,2106.14,2106.53,263.6,263.6,263.59,263.63
CN7,8G,1,16,1,0,0,0,0,0,0,1478.16,1477.61,1873.64,1872.28,1872.24,1873.69,234.35,234.33,234.33,234.38
CN7,8G,1,16,2,0,0,0,0,0,0,1435.73,1435.47,1872.53,1872.5,1872.02,1872.8,234.31,234.32,234.31,234.34
CN7,8G,1,16,3,0,0,0,0,0,0,1395.39,1395.14,1886.75,1886.28,1886.24,1886.58,236.09,236.09,236.08,236.11
CN7,8G,1,16,4,0,0,0,0,0,0,1393.12,1392.89,1863.87,1864.95,1865.02,1863.59,233.21,233.37,233.42,233.17
CN7,8G,1,16,5,0,0,0,0,0,0,1478.66,1478.41,1876.2,1877.06,1878.47,1879.36,234.76,234.94,235.11,235.23
CN7,8G,1,32,1,0,0,0,0,0,0,1385.40,1385.11,1903.2,1901.06,1902.58,1903.03,237.87,237.59,237.87,237.91
CN7,8G,1,32,2,0,0,0,0,0,0,1387.51,1387.16,1873.32,1873.51,1872.03,1872.26,234.34,234.34,234.31,234.34
CN7,8G,1,32,3,0,0,0,0,0,0,1381.54,1381.29,1684.78,1684.86,1684.82,1685.03,210.87,210.88,210.88,210.9
CN7,8G,1,32,4,0,0,0,0,0,0,1359.84,1359.59,1681.51,1682.48,1682.55,1682.63,210.4,210.59,210.58,210.61
CN7,8G,1,32,5,0,0,0,0,0,0,1421.24,1420.96,1886.43,1885.62,1888.03,1888.59,236.09,235.99,236.1,236.13
CN7,8G,1,64,1,0,0,0,0,0,0,1376.04,1375.72,1710.59,1711.86,1711.93,1710.83,214.09,214.14,214.1,214.13
CN7,8G,1,64,2,0,0,0,0,0,0,1386.74,1386.42,1902.77,1902.51,1902.37,1900.82,237.86,237.87,237.87,237.9
CN7,8G,1,64,3,0,0,0,0,0,0,1389.24,1388.92,1710.59,1713.56,1711.93,1711.04,214.08,214.12,214.08,214.13
CN7,8G,1,64,4,0,0,0,0,0,0,1369.74,1369.42,1712.49,1710.57,1712.33,1710.74,214.08,214.09,214.08,214.11
CN7,8G,1,64,5,0,0,0,0,0,0,1385.14,1384.81,1901.99,1902.63,1902.15,1900.93,237.92,237.89,237.89,237.92
CN7,8G,2,1,1,0,0,0,0,0,0,1741.31,1741.16,46.86,46.91,8633.56,47.96,6.17,6.18,1078.37,6.22
CN7,8G,2,1,2,0,0,0,0,0,0,1688.60,1688.44,47.53,47.58,46.91,8660.49,6.19,6.19,6.18,1081.79
CN7,8G,2,1,3,0,0,0,0,0,0,1704.05,1703.89,8674.59,46.91,46.91,47.98,1083.55,6.18,6.18,6.23
CN7,8G,2,1,4,0,0,0,0,0,0,1710.65,1710.48,51.23,9284.47,50.25,50.4,6.66,1159.74,6.62,6.64
CN7,8G,2,1,5,0,0,0,0,0,0,1766.84,1766.67,50.22,51.27,9247.11,50.4,6.62,6.66,1155.08,6.64
CN7,8G,2,2,1,0,0,0,0,0,0,1738.28,1738.10,4669.22,50.27,50.27,4666.25,583.39,6.62,6.62,583.02
CN7,8G,2,2,2,0,0,0,0,0,0,2376.68,2376.38,58.6,58.65,5424.31,5424.47,7.72,7.73,677.76,677.78
CN7,8G,2,2,3,0,0,0,0,0,0,1730.10,1729.93,4647.16,4648.05,50.28,50.41,580.64,580.75,6.62,6.64
CN7,8G,2,2,4,0,0,0,0,0,0,1704.97,1704.80,4361.95,47.79,46.92,4361.65,544.9,6.2,6.18,544.91
CN7,8G,2,2,5,0,0,0,0,0,0,1751.63,1751.44,50.25,4644.49,4645.5,50.42,6.62,580.31,580.44,6.64
CN7,8G,2,4,1,0,0,0,0,0,0,1837.18,1836.99,2347.74,2348.78,2348.78,2347.85,293.46,293.53,293.53,293.51
CN7,8G,2,4,2,0,0,0,0,0,0,2044.58,2044.36,2528.27,2528.31,2528.31,2528.45,316.07,316.07,316.07,316.09
CN7,8G,2,4,3,0,0,0,0,0,0,1783.75,1783.55,2354.54,2355.15,2355.15,2355.78,294.35,294.38,294.38,294.39
CN7,8G,2,4,4,0,0,0,0,0,0,1797.04,1796.85,2339.54,2338.58,2338.58,2338.43,292.37,292.35,292.36,292.31
CN7,8G,2,4,5,0,0,0,0,0,0,1913.48,1913.27,2356.83,2357.08,2358.51,2359.29,294.64,294.67,294.85,294.94
CN7,8G,2,8,1,0,0,0,0,0,0,1752.01,1751.82,2193.58,2193.89,2193.89,2193.21,274.19,274.19,274.19,274.19
CN7,8G,2,8,2,0,0,0,0,0,0,1702.37,1702.20,2201.78,2202.42,2201.75,2202.41,275.26,275.34,275.25,275.3
CN7,8G,2,8,3,0,0,0,0,0,0,1732.18,1732.02,2191.12,2191.88,2191.89,2191.41,273.93,273.98,273.96,273.95
CN7,8G,2,8,4,0,0,0,0,0,0,1741.27,1741.09,2352.77,2353.45,2354.52,2354.66,294.09,294.22,294.36,294.37
CN7,8G,2,8,5,0,0,0,0,0,0,1713.35,1713.18,2197.52,2193.89,2195.42,2196.22,274.73,274.27,274.47,274.51
CN7,8G,2,16,1,0,0,0,0,0,0,1703.16,1702.98,2199.79,2200.83,2201.89,2201.02,275.01,275.05,275.19,275.06
CN7,8G,2,16,2,0,0,0,0,0,0,1659.37,1659.20,2213.26,2212.5,2214.7,2212.69,276.63,276.6,276.87,276.62
CN7,8G,2,16,3,0,0,0,0,0,0,1657.11,1656.96,2203.4,2204.03,2204.03,2212.03,275.46,275.54,275.54,276.49
CN7,8G,2,16,4,0,0,0,0,0,0,1705.71,1705.52,2208.53,2204.57,2204.04,2206.23,276.11,275.56,275.51,275.82
CN7,8G,2,16,5,0,0,0,0,0,0,1699.06,1698.88,2200.34,2199.77,2199.91,2199.83,275.02,275.0,275.01,275.02
CN7,8G,2,32,1,0,0,0,0,0,0,1669.81,1669.61,2206.14,2214.78,2212.64,2207.1,275.8,276.87,276.61,275.85
CN7,8G,2,32,2,0,0,0,0,0,0,1661.33,1661.13,2223.28,2226.18,2223.45,2225.71,277.95,278.22,277.87,278.25
CN7,8G,2,32,3,0,0,0,0,0,0,1653.16,1652.97,2202.88,2199.85,2201.98,2202.91,275.3,275.01,275.28,275.4
CN7,8G,2,32,4,0,0,0,0,0,0,1665.00,1664.80,2207.61,2204.18,2204.18,2202.98,275.98,275.54,275.54,275.34
CN7,8G,2,32,5,0,0,0,0,0,0,1639.12,1638.95,2223.28,2230.79,2226.99,2228.11,277.94,278.69,278.23,278.38
CN7,8G,2,64,1,0,0,0,0,0,0,1769.15,1768.87,2385.38,2393.7,2394.78,2393.84,298.13,299.24,299.28,299.26
CN7,8G,2,64,2,0,0,0,0,0,0,1739.34,1739.08,2235.16,2233.13,2235.06,2230.85,279.28,279.01,279.28,278.8
CN7,8G,2,64,3,0,0,0,0,0,0,1760.54,1760.27,2231.89,2231.86,2234.13,2234.19,279.02,278.79,279.07,279.31
CN7,8G,2,64,4,0,0,0,0,0,0,1729.84,1729.60,2232.76,2231.87,2235.2,2231.19,279.04,279.01,279.28,278.76
CN7,8G,2,64,5,0,0,0,0,0,0,1829.21,1828.93,2386.89,2393.79,2392.57,2396.28,298.39,299.25,299.0,299.3
CN7,8G,4,1,1,0,0,0,0,0,0,2002.62,2002.52,10407.7,28.84,28.72,28.72,1299.79,3.73,3.73,3.73
CN7,8G,4,1,2,0,0,0,0,0,0,2009.17,2009.05,28.25,10433.88,28.28,28.36,3.72,1303.07,3.71,3.72
CN7,8G,4,1,3,0,0,0,0,0,0,2004.77,2004.66,28.28,28.35,10426.04,28.39,3.72,3.72,1302.03,3.72
CN7,8G,4,1,4,0,0,0,0,0,0,2001.53,2001.41,28.2,28.3,28.22,10417.83,3.71,3.72,3.72,1301.06
CN7,8G,4,1,5,0,0,0,0,0,0,2027.31,2027.20,10407.88,28.22,28.22,28.3,1299.72,3.72,3.72,3.73
CN7,8G,4,2,1,0,0,0,0,0,0,2062.84,2062.70,30.19,5421.77,5420.77,29.47,3.92,677.19,677.1,3.88
CN7,8G,4,2,2,0,0,0,0,0,0,2130.47,2130.34,5496.65,29.41,29.41,5496.26,686.39,3.87,3.87,686.41
CN7,8G,4,2,3,0,0,0,0,0,0,2015.56,2015.46,28.71,28.23,5276.83,5276.82,3.74,3.72,658.99,659.12
CN7,8G,4,2,4,0,0,0,0,0,0,2039.66,2039.54,5277.47,5278.46,28.84,28.91,659.01,659.13,3.74,3.75
CN7,8G,4,2,5,0,0,0,0,0,0,2095.95,2095.81,5449.67,29.54,29.5,5448.74,680.67,3.87,3.87,680.57
CN7,8G,4,4,1,0,0,0,0,0,0,2030.32,2030.20,2653.77,2650.23,2652.63,2652.88,331.43,331.1,331.3,331.44
CN7,8G,4,4,2,0,0,0,0,0,0,2090.01,2089.87,2652.66,2652.64,2652.64,2651.57,331.42,331.42,331.42,331.17
CN7,8G,4,4,3,0,0,0,0,0,0,2021.92,2021.80,2653.18,2652.8,2652.84,2654.61,331.32,331.43,331.43,331.45
CN7,8G,4,4,4,0,0,0,0,0,0,2095.80,2095.67,2727.44,2726.51,2727.47,2728.23,340.74,340.61,340.74,340.76
CN7,8G,4,4,5,0,0,0,0,0,0,2089.02,2088.90,2763.82,2763.51,2762.01,2763.73,345.25,345.24,344.95,345.26
CN7,8G,4,8,1,0,0,0,0,0,0,2087.93,2087.81,2761.86,2761.72,2761.72,2759.7,345.03,345.02,345.02,344.75
CN7,8G,4,8,2,0,0,0,0,0,0,2058.15,2058.01,2651.96,2653.1,2653.1,2653.31,331.16,331.44,331.44,331.45
CN7,8G,4,8,3,0,0,0,0,0,0,2122.98,2122.86,2763.55,2763.11,2763.19,2764.16,345.24,345.1,345.23,345.24
CN7,8G,4,8,4,0,0,0,0,0,0,2031.15,2031.01,2653.49,2652.87,2652.67,2653.2,331.44,331.43,331.31,331.45
CN7,8G,4,8,5,0,0,0,0,0,0,2050.67,2050.55,2742.6,2741.79,2741.83,2740.5,342.59,342.56,342.56,342.37
CN7,8G,4,16,1,0,0,0,0,0,0,1979.94,1979.82,2654.26,2653.96,2653.52,2656.17,331.18,331.44,331.42,331.46
CN7,8G,4,16,2,0,0,0,0,0,0,2063.66,2063.44,2654.18,2653.64,2655.32,2653.17,331.45,331.17,331.43,331.45
CN7,8G,4,16,3,0,0,0,0,0,0,2067.32,2067.19,2654.15,2651.81,2651.33,2654.1,331.45,331.16,331.14,331.45
CN7,8G,4,16,4,0,0,0,0,0,0,1991.35,1991.22,2653.47,2652.77,2652.77,2652.22,331.45,331.42,331.42,331.33
CN7,8G,4,16,5,0,0,0,0,0,0,2063.05,2062.67,2734.37,2734.89,2735.14,2734.4,341.53,341.67,341.73,341.59
CN7,8G,4,32,1,0,0,0,0,0,0,2080.17,2080.01,2765.29,2763.86,2764.36,2763.91,345.26,345.13,345.24,345.15
CN7,8G,4,32,2,0,0,0,0,0,0,2095.05,2094.89,2766.59,2762.49,2762.03,2766.41,345.28,344.96,344.95,345.27
CN7,8G,4,32,3,0,0,0,0,0,0,2055.77,2055.61,2654.33,2655.83,2653.58,2652.16,331.44,331.46,331.18,331.18
CN7,8G,4,32,4,0,0,0,0,0,0,2124.00,2123.84,2762.76,2764.87,2764.79,2763.92,344.97,345.26,345.26,345.15
CN7,8G,4,32,5,0,0,0,0,0,0,2129.78,2129.62,2760.94,2757.21,2754.5,2759.59,344.92,344.43,344.1,344.76
CN7,8G,4,64,1,0,0,0,0,0,0,2141.28,2140.76,2762.94,2764.34,2762.8,2766.64,344.83,345.0,344.82,345.29
CN7,8G,4,64,2,0,0,0,0,0,0,2097.81,2097.59,2765.65,2762.72,2762.43,2760.69,345.28,344.97,344.96,344.7
CN7,8G,4,64,3,0,0,0,0,0,0,2132.68,2132.49,2764.28,2763.81,2765.72,2763.9,344.99,344.99,345.27,344.99
CN7,8G,4,64,4,0,0,0,0,0,0,2118.88,2118.70,2762.66,2764.14,2764.43,2762.99,344.97,345.14,345.27,344.99
CN7,8G,4,64,5,0,0,0,0,0,0,2052.18,2052.00,2764.08,2763.94,2762.69,2758.78,345.28,345.27,345.11,344.63
CN7,8G,8,1,1,0,0,0,0,0,0,1800.81,1800.77,15.15,15.14,10901.87,15.47,1.99,1.99,1361.39,2.0
CN7,8G,8,1,2,0,0,0,0,0,0,1814.87,1814.83,15.17,15.16,15.17,10935.29,1.99,1.99,1.99,1365.49
CN7,8G,8,1,3,0,0,0,0,0,0,1811.59,1811.55,10873.41,15.16,15.19,15.21,1357.84,1.99,1.99,1.99
CN7,8G,8,1,4,0,0,0,0,0,0,1785.45,1785.41,14.86,10699.06,14.87,14.92,1.95,1336.06,1.95,1.95
CN7,8G,8,1,5,0,0,0,0,0,0,1746.06,1746.01,14.88,14.85,10683.1,14.91,1.95,1.95,1334.07,1.95
CN7,8G,8,2,1,0,0,0,0,0,0,1874.47,1874.42,5846.84,5846.63,15.86,15.9,730.09,730.11,2.08,2.08
CN7,8G,8,2,2,0,0,0,0,0,0,1886.07,1886.02,15.86,16.2,5821.2,5823.51,2.08,2.1,726.96,727.28
CN7,8G,8,2,3,0,0,0,0,0,0,1858.51,1858.45,15.53,5697.74,5698.44,15.57,2.03,711.57,711.64,2.04
CN7,8G,8,2,4,0,0,0,0,0,0,1916.62,1916.57,5954.87,16.22,16.25,5956.41,743.69,2.13,2.13,743.89
CN7,8G,8,2,5,0,0,0,0,0,0,1856.25,1856.21,15.52,15.53,5693.8,5693.86,2.03,2.03,711.08,711.09
CN7,8G,8,4,1,0,0,0,0,0,0,1898.11,1897.79,2918.89,2916.67,2915.43,2913.9,364.56,364.28,364.14,363.94
CN7,8G,8,4,2,0,0,0,0,0,0,1860.60,1860.55,2920.4,2923.59,2919.33,2918.01,364.76,365.15,364.61,364.45
CN7,8G,8,4,3,0,0,0,0,0,0,1853.46,1853.41,2853.07,2856.81,2853.48,2855.57,356.34,356.76,356.38,356.65
CN7,8G,8,4,4,0,0,0,0,0,0,1900.09,1900.03,2929.59,2928.24,2929.24,2929.59,365.89,365.72,365.86,365.8
CN7,8G,8,4,5,0,0,0,0,0,0,1852.57,1852.53,2919.82,2919.9,2918.99,2920.38,364.67,364.69,364.55,364.71
CN7,8G,8,8,1,0,0,0,0,0,0,1901.76,1901.67,2921.89,2921.57,2915.95,2915.57,364.94,364.89,364.21,364.12
CN7,8G,8,8,2,0,0,0,0,0,0,1858.68,1858.63,2856.25,2857.58,2860.34,2855.49,356.74,356.91,357.26,356.63
CN7,8G,8,8,3,0,0,0,0,0,0,1872.33,1872.28,2923.1,2924.49,2923.87,2926.81,365.08,365.27,365.2,365.47
CN7,8G,8,8,4,0,0,0,0,0,0,1897.29,1897.21,2986.63,2987.14,2986.62,2988.07,372.94,373.09,372.98,373.18
CN7,8G,8,8,5,0,0,0,0,0,0,1845.33,1845.15,2855.65,2857.73,2858.19,2854.58,356.63,356.94,356.98,356.54
CN7,8G,8,16,1,0,0,0,0,0,0,1877.70,1877.63,2918.45,2918.28,2920.88,2866.22,364.49,364.49,364.81,357.97
CN7,8G,8,16,2,0,0,0,0,0,0,1887.94,1887.72,2924.68,2920.36,2923.93,2923.64,365.2,364.73,365.17,365.14
CN7,8G,8,16,3,0,0,0,0,0,0,1856.62,1856.48,2860.8,2859.53,2859.72,2859.72,357.29,357.15,357.15,357.14
CN7,8G,8,16,4,0,0,0,0,0,0,1906.87,1905.88,2924.56,2925.68,2924.77,2923.79,365.27,365.38,365.3,365.18
CN7,8G,8,16,5,0,0,0,0,0,0,1900.19,1899.50,2925.69,2924.66,2915.08,2910.19,365.41,365.28,364.09,363.48
CN7,8G,8,32,1,0,0,0,0,0,0,1856.42,1856.35,2856.25,2854.56,2854.96,2855.91,356.67,356.48,356.56,356.61
CN7,8G,8,32,2,0,0,0,0,0,0,1908.63,1907.95,2984.08,2982.71,2981.21,2984.66,372.63,372.45,372.32,372.7
CN7,8G,8,32,3,0,0,0,0,0,0,1954.71,1954.65,2980.45,2961.37,2996.5,2965.32,372.0,369.67,374.03,370.17
CN7,8G,8,32,4,0,0,0,0,0,0,1858.12,1858.03,2846.59,2845.65,2852.95,2851.99,355.4,355.33,356.25,356.17
CN7,8G,8,32,5,0,0,0,0,0,0,1907.68,1906.77,2906.99,2907.64,2907.11,2906.06,362.99,363.05,363.0,362.87
CN7,8G,8,64,1,0,0,0,0,0,0,1920.39,1920.30,2853.18,2847.71,2829.67,2853.49,356.29,355.66,353.4,356.37
CN7,8G,8,64,2,0,0,0,0,0,0,1914.35,1913.99,2911.98,2916.08,2879.17,2894.63,363.54,364.1,359.55,361.48
CN7,8G,8,64,3,0,0,0,0,0,0,1882.29,1881.01,2890.54,2891.1,2889.02,2892.55,361.0,361.08,360.82,361.16
CN7,8G,8,64,4,0,0,0,0,0,0,1849.69,1849.61,2842.83,2833.22,2842.41,2833.32,355.01,353.77,354.95,353.69
CN7,8G,8,64,5,0,0,0,0,0,0,1840.86,1840.07,2802.93,2802.13,2801.28,2803.45,350.02,349.98,349.87,350.13
CN7,8G,16,1,1,0,0,0,0,0,0,1662.97,1662.95,8.1,11403.8,8.11,8.12,1.04,1423.93,1.05,1.05
CN7,8G,16,1,2,0,0,0,0,0,0,1672.69,1672.66,8.02,8.5,11521.34,8.06,1.05,1.1,1438.54,1.05
CN7,8G,16,1,3,0,0,0,0,0,0,1676.74,1676.69,8.03,8.04,8.06,11513.33,1.05,1.05,1.05,1437.51
CN7,8G,16,1,4,0,0,0,0,0,0,1628.68,1628.66,11393.1,7.95,7.97,8.44,1422.51,1.04,1.04,1.09
CN7,8G,16,1,5,0,0,0,0,0,0,1659.60,1659.54,8.04,11515.32,8.06,8.07,1.05,1437.83,1.05,1.05
CN7,8G,16,2,1,0,0,0,0,0,0,1704.10,1704.00,8.13,8.62,5776.99,5905.45,1.06,1.11,721.32,737.29
CN7,8G,16,2,2,0,0,0,0,0,0,1707.08,1707.06,8.22,5892.11,5937.63,8.26,1.07,735.74,741.36,1.08
CN7,8G,16,2,3,0,0,0,0,0,0,1670.74,1670.72,5819.69,8.1,8.37,5752.65,726.62,1.05,1.08,718.31
CN7,8G,16,2,4,0,0,0,0,0,0,1630.74,1630.46,8.25,8.0,5712.34,5706.93,1.06,1.04,713.28,712.59
CN7,8G,16,2,5,0,0,0,0,0,0,1705.65,1705.61,5786.58,5887.52,8.18,8.21,722.5,735.14,1.07,1.07
CN7,8G,16,4,1,0,0,0,0,0,0,1703.95,1703.85,2988.97,2989.19,2871.51,2968.64,373.25,373.28,358.48,370.69
CN7,8G,16,4,2,0,0,0,0,0,0,1674.19,1674.14,2942.43,2955.62,2878.09,2954.9,367.44,369.06,359.35,369.0
CN7,8G,16,4,3,0,0,0,0,0,0,1698.44,1698.31,2989.62,2989.34,2989.12,2858.0,373.28,373.28,373.26,356.87
CN7,8G,16,4,4,0,0,0,0,0,0,1702.71,1702.48,2988.36,2971.01,2990.11,2913.31,373.18,370.95,373.24,363.78
CN7,8G,16,4,5,0,0,0,0,0,0,1706.53,1705.96,2988.93,2988.69,2988.79,2875.96,373.23,373.21,373.19,359.08
CN7,8G,16,8,1,0,0,0,0,0,0,1651.25,1651.08,2888.19,2835.13,2888.44,2887.73,360.6,353.98,360.61,360.61
CN7,8G,16,8,2,0,0,0,0,0,0,1704.28,1703.51,2985.03,2957.63,2932.71,2985.76,372.76,369.33,365.98,372.86
CN7,8G,16,8,3,0,0,0,0,0,0,1730.26,1730.05,2980.01,3021.15,2996.45,3013.98,372.09,377.28,374.08,376.38
CN7,8G,16,8,4,0,0,0,0,0,0,1706.49,1706.47,2926.99,2986.77,2987.62,2986.67,365.4,372.97,373.07,372.96
CN7,8G,16,8,5,0,0,0,0,0,0,1714.84,1714.58,2945.16,3021.45,3021.28,3021.79,367.74,377.3,377.29,377.35
CN7,8G,16,16,1,0,0,0,0,0,0,1714.37,1713.48,3017.62,3018.08,2980.11,3017.56,376.8,376.84,372.06,376.81
CN7,8G,16,16,2,0,0,0,0,0,0,1710.87,1710.82,3016.0,3017.28,2975.41,3016.0,376.61,376.69,371.5,376.59
CN7,8G,16,16,3,0,0,0,0,0,0,1690.61,1689.06,2946.93,2946.55,2924.31,2947.74,368.0,367.83,365.18,368.05
CN7,8G,16,16,4,0,0,0,0,0,0,1680.44,1680.41,2934.84,2930.27,2929.28,2947.83,366.46,365.84,365.8,368.1
CN7,8G,16,16,5,0,0,0,0,0,0,1653.11,1652.95,2882.78,2882.97,2882.92,2863.15,359.98,359.92,360.02,357.36
CN7,8G,16,32,1,0,0,0,0,0,0,1738.62,1738.59,2950.29,2986.84,2987.0,2987.1,368.37,372.99,373.01,373.01
CN7,8G,16,32,2,0,0,0,0,0,0,1705.41,1705.12,2972.37,2960.07,2971.99,2972.07,371.19,369.62,371.14,371.14
CN7,8G,16,32,3,0,0,0,0,0,0,1730.42,1730.35,3048.85,3051.1,3047.22,3011.7,380.73,381.0,380.51,376.04
CN7,8G,16,32,4,0,0,0,0,0,0,1670.99,1669.41,2898.45,2910.08,2908.39,2909.97,361.87,363.36,363.14,363.36
CN7,8G,16,32,5,0,0,0,0,0,0,1657.33,1656.89,2876.06,2875.24,2875.49,2857.52,359.13,359.06,359.06,356.79
CN7,8G,16,64,1,0,0,0,0,0,0,1737.78,1737.44,2945.71,2976.12,2979.26,2977.92,367.82,371.64,371.96,371.67
CN7,8G,16,64,2,0,0,0,0,0,0,1690.78,1690.35,2964.83,2967.45,2967.28,2955.15,370.21,370.51,370.49,368.89
CN7,8G,16,64,3,0,0,0,0,0,0,1661.97,1661.67,2864.34,2862.94,2855.55,2863.32,357.65,357.52,356.53,357.55
CN7,8G,16,64,4,0,0,0,0,0,0,1682.99,1682.95,2931.32,2931.17,2928.33,2928.61,366.01,365.98,365.6,365.66
CN7,8G,16,64,5,0,0,0,0,0,0,1688.26,1688.23,2918.95,2901.49,2921.8,2920.96,364.5,362.25,364.69,364.75
CN7,16G,1,1,1,0,0,0,0,0,0,1470.93,1470.80,44.1,43.23,43.26,7680.55,5.73,5.68,5.68,959.37
CN7,16G,1,1,2,0,0,0,0,0,0,1488.25,1488.12,8247.85,45.93,45.97,46.92,1030.05,6.03,6.04,6.08
CN7,16G,1,1,3,0,0,0,0,0,0,1508.64,1508.51,46.68,8195.11,45.96,46.04,6.05,1023.65,6.04,6.05
CN7,16G,1,1,4,0,0,0,0,0,0,1578.97,1578.84,45.8,46.82,8248.27,46.04,6.02,6.07,1030.1,6.05
CN7,16G,1,1,5,0,0,0,0,0,0,1558.72,1558.58,45.8,45.94,46.79,8234.53,6.02,6.03,6.07,1028.58
CN7,16G,1,2,1,0,0,0,0,0,0,1582.05,1581.91,4098.11,4098.25,45.98,46.87,512.04,512.05,6.04,6.08
CN7,16G,1,2,2,0,0,0,0,0,0,1499.76,1499.64,4084.81,46.63,45.97,4084.42,510.32,6.05,6.04,510.32
CN7,16G,1,2,3,0,0,0,0,0,0,1497.14,1497.01,45.81,4138.26,4138.72,46.81,6.02,517.05,517.06,6.07
CN7,16G,1,2,4,0,0,0,0,0,0,1499.05,1498.93,4146.44,4148.26,46.73,46.05,518.05,518.09,6.06,6.05
CN7,16G,1,2,5,0,0,0,0,0,0,1605.66,1605.50,46.57,45.96,4100.6,4100.36,6.04,6.04,512.32,512.32
CN7,16G,1,4,1,0,0,0,0,0,0,1607.35,1607.19,2096.13,2096.27,2096.73,2096.81,262.03,262.05,262.08,262.09
CN7,16G,1,4,2,0,0,0,0,0,0,1507.18,1507.05,2097.88,2096.71,2096.74,2096.31,262.05,262.06,262.06,262.06
CN7,16G,1,4,3,0,0,0,0,0,0,1582.77,1582.63,2072.95,2074.21,2074.11,2072.75,259.13,259.3,259.29,259.08
CN7,16G,1,4,4,0,0,0,0,0,0,1574.80,1574.64,2078.01,2078.71,2078.3,2078.69,259.78,259.82,259.8,259.83
CN7,16G,1,4,5,0,0,0,0,0,0,1611.22,1611.07,2072.64,2072.59,2072.93,2072.44,259.05,259.05,259.07,259.06
CN7,16G,1,8,1,0,0,0,0,0,0,1581.10,1580.95,2070.02,2070.16,2068.68,2069.57,258.78,258.8,258.57,258.68
CN7,16G,1,8,2,0,0,0,0,0,0,1529.66,1529.51,2078.04,2078.61,2078.27,2078.65,259.78,259.82,259.81,259.83
CN7,16G,1,8,3,0,0,0,0,0,0,1502.46,1502.32,2096.4,2096.66,2096.75,2096.39,262.05,262.07,262.07,262.06
CN7,16G,1,8,4,0,0,0,0,0,0,1635.03,1634.87,2214.43,2213.37,2214.94,2215.02,276.84,276.7,276.87,276.89
CN7,16G,1,8,5,0,0,0,0,0,0,1589.83,1589.68,2205.16,2204.38,2204.14,2204.55,275.63,275.54,275.5,275.55
CN7,16G,1,16,1,0,0,0,0,0,0,1461.30,1461.17,1973.56,1973.39,1973.42,1973.08,246.64,246.66,246.66,246.65
CN7,16G,1,16,2,0,0,0,0,0,0,1422.68,1422.56,1965.32,1965.51,1965.83,1965.85,245.68,245.7,245.72,245.74
CN7,16G,1,16,3,0,0,0,0,0,0,1436.84,1436.71,1958.91,1958.22,1958.07,1958.73,244.87,244.78,244.77,244.79
CN7,16G,1,16,4,0,0,0,0,0,0,1430.67,1430.55,1973.51,1974.81,1974.43,1974.62,246.65,246.67,246.65,246.65
CN7,16G,1,16,5,0,0,0,0,0,0,1414.82,1414.71,1950.27,1950.4,1950.84,1950.56,243.8,243.82,243.84,243.83
CN7,16G,1,32,1,0,0,0,0,0,0,1393.47,1393.33,1974.39,1974.41,1974.72,1975.03,246.65,246.64,246.66,246.67
CN7,16G,1,32,2,0,0,0,0,0,0,1403.43,1403.29,1958.45,1958.53,1958.02,1958.09,244.76,244.78,244.77,244.77
CN7,16G,1,32,3,0,0,0,0,0,0,1412.19,1412.04,1976.63,1977.65,1977.38,1976.62,246.64,246.68,246.68,246.68
CN7,16G,1,32,4,0,0,0,0,0,0,1429.98,1429.81,1957.81,1958.0,1957.97,1958.8,244.75,244.76,244.77,244.8
CN7,16G,1,32,5,0,0,0,0,0,0,1410.97,1410.80,1958.17,1959.77,1959.56,1959.92,244.77,244.99,244.98,245.01
CN7,16G,1,64,1,0,0,0,0,0,0,1427.42,1427.24,1977.82,1977.36,1977.15,1977.28,246.69,246.7,246.7,246.68
CN7,16G,1,64,2,0,0,0,0,0,0,1439.67,1439.49,1974.29,1975.42,1975.62,1974.16,246.66,246.7,246.7,246.71
CN7,16G,1,64,3,0,0,0,0,0,0,1423.66,1423.49,1973.82,1973.19,1974.09,1973.34,246.68,246.66,246.69,246.68
CN7,16G,1,64,4,0,0,0,0,0,0,1438.81,1438.36,1973.0,1973.89,1973.15,1973.23,246.64,246.68,246.66,246.67
CN7,16G,1,64,5,0,0,0,0,0,0,1430.32,1430.14,1973.12,1974.31,1974.16,1973.58,246.65,246.7,246.7,246.69
CN7,16G,2,1,1,0,0,0,0,0,0,1706.77,1706.70,26.72,9397.47,26.31,26.85,3.46,1173.68,3.45,3.47
CN7,16G,2,1,2,0,0,0,0,0,0,1684.07,1683.99,26.21,26.96,9346.81,26.35,3.44,3.49,1167.25,3.46
CN7,16G,2,1,3,0,0,0,0,0,0,1718.46,1718.38,26.35,26.49,27.08,9327.24,3.44,3.46,3.5,1164.9
CN7,16G,2,1,4,0,0,0,0,0,0,1724.32,1724.24,9625.11,27.36,27.38,28.01,1202.05,3.58,3.59,3.63
CN7,16G,2,1,5,0,0,0,0,0,0,1689.78,1689.70,26.27,9315.15,26.4,26.44,3.44,1163.35,3.46,3.46
CN7,16G,2,2,1,0,0,0,0,0,0,1666.63,1666.56,26.3,26.97,4668.47,4669.47,3.44,3.49,583.07,583.2
CN7,16G,2,2,2,0,0,0,0,0,0,1716.66,1716.57,4842.2,4841.93,27.83,27.87,604.8,604.8,3.61,3.61
CN7,16G,2,2,3,0,0,0,0,0,0,1698.37,1698.28,4852.21,27.43,27.38,4851.54,606.04,3.59,3.59,605.99
CN7,16G,2,2,4,0,0,0,0,0,0,1685.82,1685.73,26.25,4664.95,4665.0,26.88,3.45,582.66,582.7,3.48
CN7,16G,2,2,5,0,0,0,0,0,0,1680.23,1680.15,4850.47,4851.21,27.83,27.43,605.83,605.92,3.61,3.59
CN7,16G,2,4,1,0,0,0,0,0,0,1791.94,1791.85,2524.93,2525.08,2525.17,2525.25,315.44,315.46,315.44,315.45
CN7,16G,2,4,2,0,0,0,0,0,0,1807.02,1806.92,2527.28,2527.5,2527.13,2527.53,315.74,315.76,315.74,315.76
CN7,16G,2,4,3,0,0,0,0,0,0,1952.90,1952.79,2628.17,2627.37,2627.58,2628.55,328.36,328.23,328.29,328.39
CN7,16G,2,4,4,0,0,0,0,0,0,1810.93,1810.83,2550.57,2550.76,2549.51,2550.82,318.65,318.67,318.53,318.67
CN7,16G,2,4,5,0,0,0,0,0,0,1787.73,1787.64,2438.39,2438.72,2438.92,2437.56,304.64,304.66,304.66,304.51
CN7,16G,2,8,1,0,0,0,0,0,0,1696.26,1696.17,2433.69,2434.2,2433.74,2433.93,304.05,304.07,304.06,304.07
CN7,16G,2,8,2,0,0,0,0,0,0,1804.29,1804.20,2532.11,2530.74,2532.03,2532.39,316.34,316.19,316.33,316.37
CN7,16G,2,8,3,0,0,0,0,0,0,1726.66,1726.57,2442.1,2442.06,2441.23,2441.83,305.09,305.1,304.97,305.06
CN7,16G,2,8,4,0,0,0,0,0,0,1744.08,1743.99,2442.96,2443.07,2443.08,2443.42,305.23,305.24,305.24,305.26
CN7,16G,2,8,5,0,0,0,0,0,0,1713.56,1713.47,2433.74,2433.81,2433.86,2433.98,304.05,304.06,304.06,304.07
CN7,16G,2,16,1,0,0,0,0,0,0,1667.44,1667.34,2349.04,2347.96,2349.12,2349.34,293.48,293.35,293.49,293.5
CN7,16G,2,16,2,0,0,0,0,0,0,1627.34,1627.26,2287.73,2287.21,2285.99,2287.86,285.7,285.62,285.57,285.72
CN7,16G,2,16,3,0,0,0,0,0,0,1661.00,1660.91,2354.62,2355.54,2356.49,2355.24,294.19,294.27,294.36,294.22
CN7,16G,2,16,4,0,0,0,0,0,0,1663.60,1663.51,2351.16,2351.47,2353.85,2354.96,293.75,293.79,294.08,294.21
CN7,16G,2,16,5,0,0,0,0,0,0,1691.49,1691.41,2440.35,2438.5,2438.51,2438.74,304.9,304.66,304.66,304.67
CN7,16G,2,32,1,0,0,0,0,0,0,1661.29,1661.19,2364.91,2365.27,2361.96,2363.15,295.47,295.5,295.07,295.22
CN7,16G,2,32,2,0,0,0,0,0,0,1704.59,1704.49,2445.99,2445.99,2449.26,2446.01,305.59,305.56,305.98,305.56
CN7,16G,2,32,3,0,0,0,0,0,0,1675.72,1675.61,2351.24,2351.92,2351.68,2351.91,293.77,293.8,293.79,293.8
CN7,16G,2,32,4,0,0,0,0,0,0,1680.17,1680.06,2362.71,2358.6,2359.37,2359.73,295.19,294.64,294.76,294.79
CN7,16G,2,32,5,0,0,0,0,0,0,1696.12,1696.02,2445.89,2447.77,2446.27,2445.95,305.59,305.79,305.56,305.56
CN7,16G,2,64,1,0,0,0,0,0,0,1679.28,1679.16,2369.83,2370.25,2368.27,2366.84,296.07,296.09,295.81,295.67
CN7,16G,2,64,2,0,0,0,0,0,0,1742.71,1742.59,2453.12,2456.63,2458.2,2457.84,306.44,306.9,307.05,307.05
CN7,16G,2,64,3,0,0,0,0,0,0,1767.80,1767.66,2456.35,2455.75,2458.21,2456.88,306.89,306.76,307.05,306.91
CN7,16G,2,64,4,0,0,0,0,0,0,1713.96,1713.65,2456.65,2456.64,2456.77,2455.44,306.89,306.9,306.9,306.76
CN7,16G,2,64,5,0,0,0,0,0,0,1759.98,1759.83,2457.8,2458.02,2457.29,2454.45,307.03,307.05,306.91,306.61
CN7,16G,4,1,1,0,0,0,0,0,0,1735.64,1735.57,15.36,15.42,15.18,10666.04,1.98,1.99,1.98,1331.97
CN7,16G,4,1,2,0,0,0,0,0,0,1715.78,1715.74,10904.49,15.51,15.5,16.11,1361.69,2.03,2.02,2.07
CN7,16G,4,1,3,0,0,0,0,0,0,1732.89,1732.85,16.02,10897.44,15.45,15.53,2.06,1360.84,2.02,2.03
CN7,16G,4,1,4,0,0,0,0,0,0,1744.61,1744.56,15.47,16.07,10898.08,15.55,2.02,2.07,1360.92,2.03
CN7,16G,4,1,5,0,0,0,0,0,0,1789.17,1789.12,15.8,15.86,15.85,11124.55,2.06,2.07,2.07,1389.21
CN7,16G,4,2,1,0,0,0,0,0,0,1807.23,1807.19,16.14,5696.92,5697.1,16.22,2.11,711.45,711.49,2.12
CN7,16G,4,2,2,0,0,0,0,0,0,1790.24,1790.20,5691.18,16.19,16.59,5690.0,710.7,2.12,2.14,710.55
CN7,16G,4,2,3,0,0,0,0,0,0,1849.23,1849.18,16.5,16.21,5680.96,5680.68,2.13,2.12,709.46,709.41
CN7,16G,4,2,4,0,0,0,0,0,0,1739.24,1739.20,5450.93,5451.43,15.52,15.57,680.74,680.79,2.03,2.04
CN7,16G,4,2,5,0,0,0,0,0,0,1836.58,1836.53,5815.79,16.56,16.57,5816.52,726.32,2.16,2.16,726.4
CN7,16G,4,4,1,0,0,0,0,0,0,1797.98,1797.94,2853.44,2854.26,2852.99,2852.65,356.36,356.49,356.33,356.26
CN7,16G,4,4,2,0,0,0,0,0,0,1780.78,1780.74,2867.76,2867.6,2868.56,2867.94,358.11,358.15,358.28,358.2
CN7,16G,4,4,3,0,0,0,0,0,0,1785.14,1785.05,2852.86,2852.95,2851.74,2852.66,356.3,356.33,356.17,356.3
CN7,16G,4,4,4,0,0,0,0,0,0,1773.21,1773.16,2852.43,2852.41,2852.09,2852.34,356.26,356.24,356.21,356.23
CN7,16G,4,4,5,0,0,0,0,0,0,1711.79,1711.74,2807.21,2806.81,2807.65,2807.31,350.6,350.51,350.62,350.63
CN7,16G,4,8,1,0,0,0,0,0,0,1815.97,1815.92,2930.58,2930.3,2930.68,2930.87,366.02,365.98,366.01,366.04
CN7,16G,4,8,2,0,0,0,0,0,0,1720.97,1720.92,2746.19,2746.91,2747.15,2748.4,342.99,343.08,343.06,343.21
CN7,16G,4,8,3,0,0,0,0,0,0,1762.58,1762.50,2805.0,2806.11,2806.26,2805.16,350.28,350.41,350.44,350.36
CN7,16G,4,8,4,0,0,0,0,0,0,1784.20,1783.98,2850.15,2849.91,2850.38,2848.17,355.96,355.93,355.95,355.72
CN7,16G,4,8,5,0,0,0,0,0,0,1796.48,1796.36,2855.52,2855.9,2856.04,2855.8,356.62,356.7,356.71,356.68
CN7,16G,4,16,1,0,0,0,0,0,0,1795.00,1794.95,2863.92,2865.16,2866.0,2865.74,357.68,357.76,357.89,357.92
CN7,16G,4,16,2,0,0,0,0,0,0,1798.13,1797.93,2865.86,2866.3,2865.31,2865.88,357.86,357.94,357.87,357.88
CN7,16G,4,16,3,0,0,0,0,0,0,1786.34,1785.95,2789.38,2792.94,2791.48,2789.23,348.38,348.77,348.65,348.33
CN7,16G,4,16,4,0,0,0,0,0,0,1767.72,1767.64,2855.17,2854.72,2854.47,2853.1,356.58,356.53,356.51,356.35
CN7,16G,4,16,5,0,0,0,0,0,0,1788.21,1788.16,2851.5,2850.9,2848.65,2853.37,356.14,356.07,355.78,356.35
CN7,16G,4,32,1,0,0,0,0,0,0,1806.03,1805.93,2861.05,2861.71,2860.13,2860.05,357.23,357.34,357.15,357.13
CN7,16G,4,32,2,0,0,0,0,0,0,1793.14,1793.08,2863.04,2863.02,2861.9,2863.42,357.58,357.56,357.43,357.62
CN7,16G,4,32,3,0,0,0,0,0,0,1807.04,1806.81,2854.72,2856.02,2855.6,2856.36,356.52,356.67,356.66,356.74
CN7,16G,4,32,4,0,0,0,0,0,0,1779.96,1779.86,2861.07,2862.38,2862.52,2861.74,357.25,357.41,357.33,357.34
CN7,16G,4,32,5,0,0,0,0,0,0,1777.43,1777.34,2861.12,2858.84,2857.52,2859.09,357.32,357.01,356.88,357.09
CN7,16G,4,64,1,0,0,0,0,0,0,1812.81,1812.75,2841.3,2840.95,2840.96,2842.18,354.86,354.8,354.81,354.96
CN7,16G,4,64,2,0,0,0,0,0,0,1809.06,1808.95,2844.47,2848.24,2843.92,2844.67,355.26,355.69,355.13,355.27
CN7,16G,4,64,3,0,0,0,0,0,0,1766.94,1766.87,2791.72,2792.56,2790.72,2792.3,348.67,348.73,348.55,348.73
CN7,16G,4,64,4,0,0,0,0,0,0,1729.74,1729.66,2743.74,2743.61,2744.66,2742.21,342.66,342.56,342.77,342.49
CN7,16G,4,64,5,0,0,0,0,0,0,1794.76,1794.63,2857.99,2857.82,2859.85,2858.27,356.94,356.9,357.13,356.97
CN7,16G,8,1,1,0,0,0,0,0,0,1607.08,1607.06,8.23,8.1,11167.2,8.26,1.06,1.06,1394.42,1.07
CN7,16G,8,1,2,0,0,0,0,0,0,1620.40,1620.38,8.16,8.18,8.22,11277.67,1.06,1.07,1.07,1408.28
CN7,16G,8,1,3,0,0,0,0,0,0,1659.49,1659.47,11499.52,8.36,8.38,8.89,1435.97,1.09,1.09,1.14
CN7,16G,8,1,4,0,0,0,0,0,0,1649.44,1649.43,8.71,11378.63,8.29,8.33,1.12,1420.77,1.08,1.08
CN7,16G,8,1,5,0,0,0,0,0,0,1576.64,1576.56,7.92,7.95,10927.56,7.97,1.03,1.04,1364.54,1.04
CN7,16G,8,2,1,0,0,0,0,0,0,1701.51,1701.49,5964.77,8.58,8.61,5962.63,744.85,1.12,1.12,744.59
CN7,16G,8,2,2,0,0,0,0,0,0,1667.77,1667.75,8.67,8.38,5829.27,5829.73,1.11,1.09,727.91,727.98
CN7,16G,8,2,3,0,0,0,0,0,0,1707.65,1707.63,5961.07,5962.57,8.61,8.63,744.39,744.57,1.12,1.12
CN7,16G,8,2,4,0,0,0,0,0,0,1679.42,1679.40,5893.59,8.49,8.52,5895.26,735.96,1.11,1.11,736.17
CN7,16G,8,2,5,0,0,0,0,0,0,1668.46,1668.44,8.67,5826.84,5827.0,8.45,1.12,727.63,727.65,1.1
CN7,16G,8,4,1,0,0,0,0,0,0,1698.14,1698.12,2985.22,2984.8,2983.6,2985.49,372.79,372.73,372.59,372.82
CN7,16G,8,4,2,0,0,0,0,0,0,1708.55,1708.53,3019.99,3018.91,3016.92,3020.09,377.12,376.99,376.74,377.14
CN7,16G,8,4,3,0,0,0,0,0,0,1676.91,1676.89,2951.97,2952.5,2953.03,2951.53,368.62,368.71,368.76,368.58
CN7,16G,8,4,4,0,0,0,0,0,0,1712.22,1712.20,2989.99,2989.46,2989.83,2990.09,373.38,373.3,373.32,373.36
CN7,16G,8,4,5,0,0,0,0,0,0,1631.79,1631.77,2891.95,2891.66,2891.53,2891.31,361.13,361.06,361.09,361.06
CN7,16G,8,8,1,0,0,0,0,0,0,1670.49,1670.06,2949.36,2948.99,2951.63,2948.86,368.3,368.25,368.55,368.25
CN7,16G,8,8,2,0,0,0,0,0,0,1685.33,1685.31,2951.11,2951.27,2949.53,2951.01,368.51,368.55,368.31,368.46
CN7,16G,8,8,3,0,0,0,0,0,0,1693.77,1693.71,2983.25,2983.71,2983.65,2982.8,372.54,372.6,372.53,372.47
CN7,16G,8,8,4,0,0,0,0,0,0,1680.33,1680.25,2950.23,2951.36,2953.67,2952.27,368.42,368.56,368.81,368.61
CN7,16G,8,8,5,0,0,0,0,0,0,1716.49,1716.47,3019.24,3021.17,3019.1,3021.0,377.03,377.28,377.01,377.23
CN7,16G,8,16,1,0,0,0,0,0,0,1668.70,1668.67,2952.62,2953.05,2952.06,2952.9,368.72,368.73,368.65,368.76
CN7,16G,8,16,2,0,0,0,0,0,0,1678.65,1678.61,2987.78,2987.58,2989.1,2988.03,373.11,373.04,373.27,373.14
CN7,16G,8,16,3,0,0,0,0,0,0,1635.56,1635.45,2885.83,2886.48,2887.06,2886.71,360.38,360.42,360.47,360.47
CN7,16G,8,16,4,0,0,0,0,0,0,1653.40,1653.37,2921.1,2921.88,2922.34,2920.62,364.74,364.67,364.73,364.72
CN7,16G,8,16,5,0,0,0,0,0,0,1658.70,1658.63,2951.96,2952.0,2949.88,2951.88,368.64,368.61,368.33,368.59
CN7,16G,8,32,1,0,0,0,0,0,0,1696.60,1696.54,2981.01,2980.87,2981.27,2981.6,372.25,372.25,372.25,372.29
CN7,16G,8,32,2,0,0,0,0,0,0,1694.29,1694.26,2984.13,2984.51,2984.39,2984.22,372.6,372.61,372.65,372.62
CN7,16G,8,32,3,0,0,0,0,0,0,1698.68,1698.63,3014.92,3015.14,3014.54,3015.19,376.5,376.42,376.4,376.51
CN7,16G,8,32,4,0,0,0,0,0,0,1651.88,1651.83,2884.73,2884.93,2884.76,2885.39,360.2,360.21,360.22,360.29
CN7,16G,8,32,5,0,0,0,0,0,0,1705.21,1705.14,3020.62,3020.66,3020.6,3021.15,377.16,377.2,377.17,377.21
CN7,16G,8,64,1,0,0,0,0,0,0,1699.94,1699.86,2976.63,2976.34,2976.91,2976.87,371.71,371.66,371.7,371.73
CN7,16G,8,64,2,0,0,0,0,0,0,1685.24,1685.07,2944.04,2944.12,2944.31,2944.89,367.62,367.65,367.62,367.62
CN7,16G,8,64,3,0,0,0,0,0,0,1688.99,1688.91,2946.72,2946.32,2945.83,2945.62,367.91,367.89,367.85,367.78
CN7,16G,8,64,4,0,0,0,0,0,0,1713.67,1713.62,3011.69,3011.97,3012.38,3012.31,376.05,376.13,376.18,376.0
CN7,16G,8,64,5,0,0,0,0,0,0,1664.73,1664.64,2944.43,2944.46,2944.49,2945.01,367.65,367.66,367.66,367.64
CN7,16G,16,1,1,0,0,0,0,0,0,,,12684.48,4.89,4.91,4.92,1583.43,0.64,0.64,0.64
CN7,16G,16,1,2,0,0,0,0,0,0,,,5.4,12771.86,4.94,4.95,0.69,1594.27,0.64,0.64
CN7,16G,16,1,3,0,0,0,0,0,0,,,4.89,5.33,12608.93,4.89,0.64,0.69,1574.08,0.64
CN7,16G,16,1,4,0,0,0,0,0,0,,,4.86,4.86,5.31,12531.29,0.63,0.63,0.68,1564.29
CN7,16G,16,1,5,0,0,0,0,0,0,,,12688.61,4.92,4.93,5.39,1584.07,0.64,0.64,0.69
CN7,16G,16,2,1,0,0,0,0,0,0,1616.70,1616.66,4.46,5976.71,6025.17,4.46,0.58,746.22,752.21,0.58
CN7,16G,16,2,2,0,0,0,0,0,0,1633.97,1633.95,6053.13,6099.16,4.76,4.51,755.79,761.53,0.61,0.59
CN7,16G,16,2,3,0,0,0,0,0,0,1595.89,1595.85,4.42,4.65,5917.38,5938.34,0.57,0.6,738.79,741.38
CN7,16G,16,2,4,0,0,0,0,0,0,1638.57,1638.53,4.52,6036.31,6104.6,4.52,0.59,753.7,762.22,0.59
CN7,16G,16,2,5,0,0,0,0,0,0,1653.53,1653.49,6173.28,4.58,4.84,6118.49,770.83,0.6,0.62,763.94
CN7,16G,16,4,1,0,0,0,0,0,0,1570.66,1570.53,2940.88,2942.04,2952.26,2952.85,367.21,367.29,368.62,368.71
CN7,16G,16,4,2,0,0,0,0,0,0,1547.20,1547.07,2919.74,2919.76,2880.94,2919.4,364.57,364.56,359.62,364.51
CN7,16G,16,4,3,0,0,0,0,0,0,1636.57,1636.56,3021.14,3073.88,3073.49,3073.48,376.98,383.74,383.74,383.77
CN7,16G,16,4,4,0,0,0,0,0,0,1616.47,1616.45,3038.93,3026.5,3024.07,3036.58,379.41,377.78,377.43,379.08
CN7,16G,16,4,5,0,0,0,0,0,0,1638.97,1638.92,3008.0,3073.07,3073.64,3073.44,375.53,383.71,383.68,383.75
CN7,16G,16,8,1,0,0,0,0,0,0,1637.96,1637.88,3072.78,3072.7,3074.06,3029.53,383.66,383.67,383.65,378.22
CN7,16G,16,8,2,0,0,0,0,0,0,1560.33,1560.29,2936.64,2913.46,2938.66,2936.37,366.67,363.72,366.69,366.66
CN7,16G,16,8,3,0,0,0,0,0,0,1635.59,1635.46,3053.86,3072.58,3071.67,3072.35,381.27,383.55,383.54,383.62
CN7,16G,16,8,4,0,0,0,0,0,0,1594.60,1594.50,3002.47,3004.51,2968.21,3002.35,374.88,374.89,370.41,374.88
CN7,16G,16,8,5,0,0,0,0,0,0,1628.35,1628.34,3027.67,3054.82,3053.6,3053.65,378.0,381.28,381.27,381.29
CN7,16G,16,16,1,0,0,0,0,0,0,1644.31,1643.81,3064.85,3071.7,3067.54,3071.28,382.68,383.52,382.94,383.51
CN7,16G,16,16,2,0,0,0,0,0,0,1568.75,1568.74,2953.35,2953.48,2954.27,2944.11,368.78,368.8,368.82,367.56
CN7,16G,16,16,3,0,0,0,0,0,0,1637.30,1637.16,3070.68,3070.67,3070.94,3051.42,383.42,383.43,383.43,380.88
CN7,16G,16,16,4,0,0,0,0,0,0,1600.31,1600.26,2992.42,3004.46,3004.56,3004.12,373.52,375.1,375.12,375.1
CN7,16G,16,16,5,0,0,0,0,0,0,1600.71,1600.69,3001.49,3002.52,2974.44,3002.57,374.78,374.75,371.36,374.79
CN7,16G,16,32,1,0,0,0,0,0,0,1637.19,1637.05,3066.87,3044.97,3068.3,3069.17,382.95,379.99,383.0,383.0
CN7,16G,16,32,2,0,0,0,0,0,0,1606.74,1606.63,2997.85,2989.35,2999.11,3000.29,374.34,373.17,374.35,374.36
CN7,16G,16,32,3,0,0,0,0,0,0,1642.11,1642.03,3085.31,3085.15,3072.32,3086.65,385.22,385.19,383.57,385.21
CN7,16G,16,32,4,0,0,0,0,0,0,1637.36,1637.16,3068.11,3068.42,3055.74,3069.81,383.11,383.1,381.47,383.1
CN7,16G,16,32,5,0,0,0,0,0,0,1605.73,1605.72,2984.09,2999.74,3001.5,3002.5,372.58,374.56,374.73,374.71
CN7,16G,16,64,1,0,0,0,0,0,0,1647.50,1647.49,3085.01,3084.54,3085.74,3075.72,385.2,385.16,385.16,383.77
CN7,16G,16,64,2,0,0,0,0,0,0,1655.47,1655.46,3076.34,3075.56,3072.88,3072.84,384.03,384.04,383.51,383.5
CN7,16G,16,64,3,0,0,0,0,0,0,1641.76,1641.73,3044.91,3060.64,3060.71,3061.08,380.14,382.15,382.15,382.11
CN7,16G,16,64,4,0,0,0,0,0,0,1607.84,1607.81,3007.75,2996.09,3007.42,3008.18,375.5,374.1,375.53,375.51
CN7,16G,16,64,5,0,0,0,0,0,0,1622.16,1622.06,3017.02,3017.03,3012.34,3017.79,376.69,376.71,375.97,376.72
CN7,32G,1,1,1,0,0,0,0,0,0,1600.09,1600.02,27.59,28.43,9009.5,27.55,3.59,3.66,1125.17,3.59
CN7,32G,1,1,2,0,0,0,0,0,0,1560.20,1560.14,27.58,27.53,28.18,9029.37,3.59,3.59,3.64,1127.66
CN7,32G,1,1,3,0,0,0,0,0,0,1555.74,1555.67,8711.94,26.61,26.67,27.21,1088.0,3.47,3.48,3.51
CN7,32G,1,1,4,0,0,0,0,0,0,1492.45,1492.39,25.76,8491.88,25.81,25.81,3.36,1060.46,3.37,3.36
CN7,32G,1,1,5,0,0,0,0,0,0,1552.82,1552.76,27.56,28.1,9024.31,27.52,3.6,3.63,1127.03,3.6
CN7,32G,1,2,1,0,0,0,0,0,0,1627.87,1627.80,4688.69,28.53,29.2,4687.97,585.61,3.72,3.77,585.52
CN7,32G,1,2,2,0,0,0,0,0,0,1502.88,1502.81,27.05,4403.39,4403.38,27.11,3.49,549.65,549.66,3.49
CN7,32G,1,2,3,0,0,0,0,0,0,1629.23,1629.16,4681.02,4681.32,29.24,28.65,584.63,584.69,3.75,3.72
CN7,32G,1,2,4,0,0,0,0,0,0,1612.34,1612.27,28.02,27.49,4553.23,4552.94,3.62,3.59,568.61,568.58
CN7,32G,1,2,5,0,0,0,0,0,0,1618.75,1618.67,27.61,4552.9,4552.24,28.15,3.6,568.58,568.59,3.62
CN7,32G,1,4,1,0,0,0,0,0,0,1656.86,1656.78,2356.83,2357.47,2356.88,2356.79,294.45,294.48,294.46,294.45
CN7,32G,1,4,2,0,0,0,0,0,0,1631.71,1631.63,2356.24,2355.66,2355.79,2356.23,294.33,294.27,294.32,294.33
CN7,32G,1,4,3,0,0,0,0,0,0,1560.20,1560.13,2276.09,2276.19,2274.87,2275.99,284.32,284.32,284.21,284.31
CN7,32G,1,4,4,0,0,0,0,0,0,1586.22,1586.15,2273.55,2273.82,2273.43,2273.54,284.04,284.04,284.03,284.03
CN7,32G,1,4,5,0,0,0,0,0,0,1546.68,1546.60,2213.76,2214.03,2213.68,2214.06,276.53,276.57,276.57,276.58
CN7,32G,1,8,1,0,0,0,0,0,0,1586.67,1586.58,2290.38,2289.51,2288.92,2289.93,286.12,285.97,285.97,286.05
CN7,32G,1,8,2,0,0,0,0,0,0,1634.30,1634.22,2360.79,2360.75,2360.38,2360.36,294.9,294.9,294.89,294.89
CN7,32G,1,8,3,0,0,0,0,0,0,1615.27,1615.19,2359.48,2359.8,2359.25,2359.62,294.75,294.76,294.75,294.76
CN7,32G,1,8,4,0,0,0,0,0,0,1537.14,1537.07,2290.22,2290.76,2290.75,2291.14,286.11,286.11,286.11,286.11
CN7,32G,1,8,5,0,0,0,0,0,0,1540.22,1540.14,2274.88,2274.94,2274.58,2274.97,284.17,284.18,284.17,284.19
CN7,32G,1,16,1,0,0,0,0,0,0,1458.57,1458.34,2134.34,2134.49,2133.9,2134.2,266.62,266.62,266.6,266.62
CN7,32G,1,16,2,0,0,0,0,0,0,1485.20,1485.13,2210.22,2210.01,2209.4,2209.68,276.05,276.05,276.04,276.04
CN7,32G,1,16,3,0,0,0,0,0,0,1465.48,1465.28,2201.59,2201.22,2200.87,2201.32,274.98,274.98,274.97,274.98
CN7,32G,1,16,4,0,0,0,0,0,0,1472.41,1472.35,2205.96,2205.69,2205.61,2205.69,275.53,275.51,275.52,275.52
CN7,32G,1,16,5,0,0,0,0,0,0,1462.13,1462.02,2130.45,2130.44,2130.14,2130.09,266.11,266.11,266.11,266.11
CN7,32G,1,32,1,0,0,0,0,0,0,1428.43,1428.36,2134.64,2134.64,2134.24,2134.25,266.63,266.63,266.63,266.62
CN7,32G,1,32,2,0,0,0,0,0,0,1434.42,1434.35,2138.45,2138.77,2138.28,2138.7,267.14,267.15,267.14,267.17
CN7,32G,1,32,3,0,0,0,0,0,0,1464.96,1464.88,2205.8,2205.26,2205.15,2205.1,275.52,275.51,275.51,275.5
CN7,32G,1,32,4,0,0,0,0,0,0,1439.64,1439.56,2138.94,2138.58,2138.12,2138.23,267.16,267.15,267.13,267.14
CN7,32G,1,32,5,0,0,0,0,0,0,1462.88,1462.80,2134.27,2134.23,2134.06,2134.2,266.62,266.62,266.62,266.63
CN7,32G,1,64,1,0,0,0,0,0,0,1432.14,1432.05,2142.72,2142.78,2142.48,2142.43,267.66,267.67,267.66,267.65
CN7,32G,1,64,2,0,0,0,0,0,0,1464.88,1464.79,2143.18,2142.78,2142.51,2142.43,267.69,267.66,267.67,267.66
CN7,32G,1,64,3,0,0,0,0,0,0,1461.01,1460.92,2214.55,2213.81,2213.93,2213.81,276.6,276.57,276.58,276.58
CN7,32G,1,64,4,0,0,0,0,0,0,1448.41,1448.32,2143.21,2142.37,2142.84,2142.47,267.69,267.66,267.68,267.66
CN7,32G,1,64,5,0,0,0,0,0,0,1459.65,1459.49,2214.67,2213.34,2214.16,2213.37,276.47,276.46,276.47,276.45
CN7,32G,2,1,1,0,0,0,0,0,0,1577.96,1577.93,10257.22,15.97,16.08,15.76,1280.84,2.05,2.06,2.05
CN7,32G,2,1,2,0,0,0,0,0,0,1552.51,1552.48,15.48,10068.34,15.54,15.47,2.01,1257.31,2.01,2.01
CN7,32G,2,1,3,0,0,0,0,0,0,1572.88,1572.85,15.8,15.74,10253.51,15.75,2.05,2.05,1280.41,2.05
CN7,32G,2,1,4,0,0,0,0,0,0,1539.18,1539.15,15.49,15.47,15.5,10067.24,2.01,2.01,2.02,1257.18
CN7,32G,2,1,5,0,0,0,0,0,0,1588.66,1588.63,10261.7,15.77,15.83,15.79,1281.45,2.05,2.06,2.05
CN7,32G,2,2,1,0,0,0,0,0,0,1522.52,1522.48,15.5,15.45,5038.98,5039.76,2.02,2.01,629.29,629.36
CN7,32G,2,2,2,0,0,0,0,0,0,1584.51,1584.48,5140.74,5140.61,15.81,15.78,641.97,641.96,2.06,2.05
CN7,32G,2,2,3,0,0,0,0,0,0,1508.09,1508.06,5039.95,15.5,15.57,5040.48,629.41,2.01,2.02,629.46
CN7,32G,2,2,4,0,0,0,0,0,0,1560.04,1560.01,16.17,5139.8,5139.38,15.79,2.08,641.85,641.81,2.05
CN7,32G,2,2,5,0,0,0,0,0,0,1483.83,1483.80,4942.93,4942.7,15.56,15.21,617.26,617.25,2.0,1.98
CN7,32G,2,4,1,0,0,0,0,0,0,1608.57,1608.54,2629.12,2628.91,2628.93,2629.38,328.35,328.34,328.34,328.4
CN7,32G,2,4,2,0,0,0,0,0,0,1618.16,1618.12,2682.42,2681.77,2682.06,2681.78,334.99,334.94,334.96,334.94
CN7,32G,2,4,3,0,0,0,0,0,0,1592.56,1592.45,2629.41,2628.36,2628.06,2628.41,328.37,328.25,328.23,328.28
CN7,32G,2,4,4,0,0,0,0,0,0,1592.35,1592.31,2628.5,2628.99,2628.67,2628.11,328.28,328.35,328.29,328.24
CN7,32G,2,4,5,0,0,0,0,0,0,1625.93,1625.89,2684.04,2684.3,2683.99,2684.41,335.21,335.24,335.19,335.27
CN7,32G,2,8,1,0,0,0,0,0,0,1535.31,1535.28,2579.38,2578.58,2579.07,2578.34,322.15,322.05,322.11,322.0
CN7,32G,2,8,2,0,0,0,0,0,0,1524.19,1524.15,2528.18,2526.33,2526.54,2527.1,315.75,315.53,315.55,315.63
CN7,32G,2,8,3,0,0,0,0,0,0,1506.39,1506.35,2525.67,2525.98,2526.41,2526.28,315.45,315.48,315.53,315.52
CN7,32G,2,8,4,0,0,0,0,0,0,1584.62,1584.58,2631.22,2631.11,2631.59,2631.83,328.62,328.61,328.68,328.68
CN7,32G,2,8,5,0,0,0,0,0,0,1508.04,1508.00,2530.9,2530.11,2530.17,2530.98,316.11,316.0,316.01,316.1
CN7,32G,2,16,1,0,0,0,0,0,0,1502.38,1502.35,2530.56,2529.18,2529.94,2530.0,316.05,315.88,315.98,315.98
CN7,32G,2,16,2,0,0,0,0,0,0,1523.18,1523.14,2526.58,2526.98,2527.0,2526.47,315.56,315.61,315.6,315.55
CN7,32G,2,16,3,0,0,0,0,0,0,1556.91,1556.88,2576.6,2576.63,2576.95,2577.09,321.82,321.81,321.84,321.87
CN7,32G,2,16,4,0,0,0,0,0,0,1490.16,1490.13,2484.77,2484.18,2484.67,2484.86,310.33,310.24,310.33,310.34
CN7,32G,2,16,5,0,0,0,0,0,0,1501.61,1501.57,2528.85,2528.03,2528.63,2528.5,315.83,315.73,315.79,315.81
CN7,32G,2,32,1,0,0,0,0,0,0,1455.82,1455.78,2433.87,2433.96,2432.94,2433.24,303.97,303.99,303.87,303.9
CN7,32G,2,32,2,0,0,0,0,0,0,1513.55,1513.51,2528.89,2529.6,2528.7,2528.26,315.84,315.92,315.8,315.75
CN7,32G,2,32,3,0,0,0,0,0,0,1441.35,1441.32,2437.38,2437.45,2437.41,2437.1,304.41,304.41,304.43,304.37
CN7,32G,2,32,4,0,0,0,0,0,0,1479.36,1479.32,2491.32,2491.2,2491.2,2491.11,310.98,310.97,310.98,310.97
CN7,32G,2,32,5,0,0,0,0,0,0,1474.76,1474.73,2478.97,2479.4,2478.78,2478.82,309.6,309.66,309.56,309.59
CN7,32G,2,64,1,0,0,0,0,0,0,1529.52,1529.47,2531.08,2531.27,2531.69,2530.95,316.02,316.03,316.11,316.01
CN7,32G,2,64,2,0,0,0,0,0,0,1543.55,1543.50,2581.73,2582.1,2582.45,2581.87,322.43,322.47,322.5,322.44
CN7,32G,2,64,3,0,0,0,0,0,0,1621.90,1621.85,2691.67,2692.01,2691.8,2691.85,336.09,336.12,336.11,336.1
CN7,32G,2,64,4,0,0,0,0,0,0,1541.07,1541.02,2580.64,2580.09,2580.75,2580.29,322.3,322.22,322.29,322.25
CN7,32G,2,64,5,0,0,0,0,0,0,1527.18,1527.13,2532.64,2532.09,2532.61,2532.15,316.31,316.21,316.26,316.23
CN7,32G,4,1,1,0,0,0,0,0,0,1557.09,1557.07,8.48,8.62,8.49,10911.63,1.1,1.1,1.1,1362.54
CN7,32G,4,1,2,0,0,0,0,0,0,1567.83,1567.81,11026.3,8.54,8.56,9.02,1376.88,1.11,1.11,1.16
CN7,32G,4,1,3,0,0,0,0,0,0,1592.28,1592.26,8.78,11261.41,8.76,8.77,1.14,1406.19,1.13,1.14
CN7,32G,4,1,4,0,0,0,0,0,0,1605.84,1605.81,8.88,8.85,11384.18,8.86,1.15,1.15,1421.55,1.15
CN7,32G,4,1,5,0,0,0,0,0,0,1572.03,1572.01,8.6,8.58,8.59,11056.92,1.11,1.11,1.11,1380.71
CN7,32G,4,2,1,0,0,0,0,0,0,1606.07,1606.05,5765.42,5765.69,8.97,8.97,719.95,719.99,1.16,1.16
CN7,32G,4,2,2,0,0,0,0,0,0,1649.02,1649.00,5819.67,9.34,9.07,5819.25,726.73,1.2,1.17,726.67
CN7,32G,4,2,3,0,0,0,0,0,0,1593.93,1593.91,8.89,5697.25,5698.25,8.88,1.15,711.45,711.56,1.15
CN7,32G,4,2,4,0,0,0,0,0,0,1601.69,1601.66,5699.06,5698.88,8.87,8.88,711.66,711.64,1.15,1.15
CN7,32G,4,2,5,0,0,0,0,0,0,1617.68,1617.67,9.0,8.97,5764.96,5766.16,1.17,1.16,719.89,720.02
CN7,32G,4,4,1,0,0,0,0,0,0,1595.78,1595.72,2884.85,2884.95,2884.34,2884.2,360.26,360.26,360.19,360.17
CN7,32G,4,4,2,0,0,0,0,0,0,1590.76,1590.75,2853.99,2853.9,2854.69,2853.98,356.4,356.39,356.47,356.39
CN7,32G,4,4,3,0,0,0,0,0,0,1601.71,1601.69,2884.5,2885.02,2885.22,2885.43,360.21,360.28,360.29,360.31
CN7,32G,4,4,4,0,0,0,0,0,0,1697.84,1697.82,3055.58,3055.39,3054.91,3054.41,381.57,381.53,381.47,381.43
CN7,32G,4,4,5,0,0,0,0,0,0,1638.39,1638.37,2951.75,2952.26,2951.93,2951.46,368.61,368.67,368.62,368.57
CN7,32G,4,8,1,0,0,0,0,0,0,1588.05,1588.02,2855.48,2854.54,2855.31,2855.68,356.58,356.46,356.54,356.6
CN7,32G,4,8,2,0,0,0,0,0,0,1592.74,1592.71,2883.99,2884.05,2885.25,2885.13,360.14,360.15,360.3,360.28
CN7,32G,4,8,3,0,0,0,0,0,0,1612.74,1612.72,2889.82,2888.41,2888.61,2888.66,360.87,360.7,360.72,360.73
CN7,32G,4,8,4,0,0,0,0,0,0,1612.17,1612.15,2883.5,2883.78,2883.73,2884.15,360.08,360.11,360.1,360.16
CN7,32G,4,8,5,0,0,0,0,0,0,1634.33,1634.30,2883.1,2883.48,2884.39,2883.07,360.03,360.08,360.18,360.03
CN7,32G,4,16,1,0,0,0,0,0,0,1673.10,1673.07,2982.54,2982.25,2982.48,2983.26,372.46,372.43,372.44,372.55
CN7,32G,4,16,2,0,0,0,0,0,0,1619.72,1619.70,2885.7,2885.39,2885.21,2885.59,360.36,360.32,360.28,360.34
CN7,32G,4,16,3,0,0,0,0,0,0,1649.91,1649.88,2948.81,2946.29,2947.08,2949.31,368.23,367.93,368.01,368.3
CN7,32G,4,16,4,0,0,0,0,0,0,1656.33,1656.26,2950.53,2950.34,2950.77,2950.31,368.44,368.38,368.48,368.42
CN7,32G,4,16,5,0,0,0,0,0,0,1620.48,1620.46,2917.16,2917.9,2919.6,2919.16,364.29,364.36,364.57,364.49
CN7,32G,4,32,1,0,0,0,0,0,0,1628.40,1628.38,2886.26,2885.6,2886.76,2885.38,360.43,360.35,360.49,360.32
CN7,32G,4,32,2,0,0,0,0,0,0,1653.21,1653.18,2951.74,2952.22,2951.91,2951.48,368.61,368.66,368.62,368.56
CN7,32G,4,32,3,0,0,0,0,0,0,1623.35,1623.29,2887.76,2888.59,2887.39,2887.9,360.62,360.72,360.56,360.57
CN7,32G,4,32,4,0,0,0,0,0,0,1675.91,1675.88,2982.64,2982.64,2983.69,2983.3,372.46,372.45,372.51,372.46
CN7,32G,4,32,5,0,0,0,0,0,0,1625.29,1625.22,2888.42,2889.95,2890.27,2889.71,360.69,360.89,360.86,360.79
CN7,32G,4,64,1,0,0,0,0,0,0,1626.28,1626.25,2890.36,2890.04,2889.7,2888.9,360.89,360.86,360.76,360.71
CN7,32G,4,64,2,0,0,0,0,0,0,1578.65,1578.61,2857.16,2857.2,2856.43,2857.62,356.69,356.68,356.59,356.74
CN7,32G,4,64,3,0,0,0,0,0,0,1605.23,1605.20,2888.19,2888.21,2889.34,2888.88,360.65,360.65,360.73,360.7
CN7,32G,4,64,4,0,0,0,0,0,0,1599.86,1599.83,2857.15,2856.56,2857.42,2857.5,356.79,356.65,356.72,356.75
CN7,32G,4,64,5,0,0,0,0,0,0,1701.66,1701.36,3022.69,3022.73,3023.15,3023.53,377.43,377.47,377.43,377.47
CN7,32G,8,1,1,0,0,0,0,0,0,,,5.29,12386.38,5.28,5.28,0.68,1546.58,0.68,0.68
CN7,32G,8,1,2,0,0,0,0,0,0,,,5.18,5.63,12450.45,5.18,0.67,0.72,1554.45,0.67
CN7,32G,8,1,3,0,0,0,0,0,0,,,5.12,5.13,5.57,12296.71,0.66,0.67,0.71,1535.25
CN7,32G,8,1,4,0,0,0,0,0,0,,,12000.19,5.01,5.01,5.44,1498.27,0.65,0.65,0.7
CN7,32G,8,1,5,0,0,0,0,0,0,,,5.48,12073.3,5.04,5.05,0.7,1507.44,0.65,0.65
CN7,32G,8,2,1,0,0,0,0,0,0,1573.23,1573.22,4.68,5.09,5902.06,5902.24,0.61,0.65,736.95,736.98
CN7,32G,8,2,2,0,0,0,0,0,0,1632.74,1632.73,4.84,6101.69,6101.6,4.85,0.63,761.9,761.89,0.63
CN7,32G,8,2,3,0,0,0,0,0,0,1626.68,1626.65,6065.89,4.84,4.83,6066.77,757.43,0.63,0.63,757.54
CN7,32G,8,2,4,0,0,0,0,0,0,1621.56,1621.55,5.07,4.84,6067.12,6066.2,0.65,0.63,757.58,757.45
CN7,32G,8,2,5,0,0,0,0,0,0,1568.28,1568.27,5896.52,5896.54,4.7,4.94,736.29,736.29,0.61,0.63
