
-1 -1
START----------
1.0133 1.0545
1.0129 1.0592
1.0263 1.0318
1.0294 1.0287
1.0481 1.0647
1.0469 1.0650
1.0783 1.0522
1.0820 1.0521
1.1376 1.0686
1.1308 1.0683
1.0919 1.0183
1.0897 1.0229
1.1032 1.0745
1.1108 1.0721
1.0768 1.0865
1.0698 1.0892
1.0654 1.0572
1.0710 1.0572
1.0975 1.0731
1.0947 1.0731
END----------
1.2074 1.7015
1.2074 1.7015
START----------
2.0398 1.1621
2.0398 1.1621
1.0324 1.0818
1.0330 1.0808
1.0798 1.0957
1.0798 1.0963
1.0465 1.0733
1.0465 1.0742
1.0479 1.0654
1.0481 1.0651
1.0620 1.0706
1.0621 1.0705
1.0790 1.0649
1.0790 1.0651
1.0313 1.0627
1.0313 1.0629
1.0643 1.0372
1.0645 1.0372
1.0036 1.0679
1.0036 1.0675
END----------
1.2061 1.0753
1.2067 1.0753
1.2641 1.1022
1.2642 1.1023
1.2724 1.0950
1.2729 1.0949
START----------
1.1709 1.2019
1.1712 1.2026
1.2845 1.0999
1.2844 1.0998
1.1773 1.1463
1.1776 1.1460
1.2132 1.1211
1.2130 1.1214
1.1263 1.0939
1.1266 1.0942
1.1702 1.1280
1.1703 1.1279
1.0755 1.2147
1.0753 1.2150
1.1664 1.1565
1.1674 1.1562
1.2774 1.0614
1.2767 1.0614
1.2944 1.2178
1.2944 1.2173
END----------
1.2746 1.1755
1.2746 1.1755
1.3875 1.1829
1.3868 1.1830
1.2833 1.0929
1.2829 1.0928
1.2595 1.1433
1.2599 1.1433
1.2610 1.1036
1.2609 1.1035
