
-1 -1
START----------
1.0245 1.0637
1.0268 1.0624
1.0390 1.0727
1.0376 1.0739
1.0784 1.0736
1.0824 1.0717
1.1083 1.0865
1.1066 1.0877
1.0953 1.1352
1.0992 1.1390
1.1749 1.1183
1.1668 1.1148
1.1099 1.1550
1.1174 1.1588
1.1481 1.1634
1.1367 1.1700
1.1663 1.2508
1.1766 1.2536
1.0976 1.2301
1.0901 1.2171
END----------
1.0861 1.1737
1.1183 1.1778
START----------
1.2400 1.1403
1.2400 1.1476
1.0846 1.2714
1.0851 1.2657
1.1280 1.2195
1.1273 1.2179
1.0713 1.1730
1.0714 1.1727
1.0881 1.1013
1.0879 1.1013
1.0667 1.1758
1.0666 1.1754
1.0536 1.2370
1.0537 1.2374
1.0882 1.1046
1.0882 1.1045
1.0439 1.1671
1.0442 1.1670
1.0360 1.2327
1.0359 1.2328
END----------
1.2660 1.2371
1.2659 1.2367
1.1665 1.2323
1.1669 1.2318
1.2267 1.1691
1.2270 1.1693
START----------
1.1432 1.2418
1.1428 1.2418
1.3418 1.2604
1.3418 1.2602
1.1349 1.2009
1.1352 1.2003
1.2534 1.3912
1.2534 1.3912
1.2190 1.2749
1.2189 1.2751
1.0674 1.3368
1.0676 1.3372
1.1486 1.1716
1.1482 1.1717
1.2317 1.2024
1.2313 1.2022
1.3543 1.3560
1.3545 1.3560
1.3169 1.2360
1.3170 1.2362
END----------
1.2173 1.2716
1.2176 1.2718
1.2224 1.4738
1.2216 1.4721
1.2196 1.1952
1.2196 1.1953
1.0949 1.1952
1.0952 1.1951
1.1176 1.1829
1.1173 1.1830
