
CN10,4G,16,48,1,15401,32113,4211082,4999611,871
CN10,4G,16,48,2,11863,21890,4328522,5200937,968
CN10,4G,16,48,3,16057,27657,4932502,5469373,720
CN10,4G,16,48,4,16450,28967,3841983,5335155,691
CN10,4G,16,48,5,17171,35390,3841983,6543115,625
CN10,4G,16,48,6,15664,27395,3875537,6073353,714
CN10,4G,16,48,7,11207,22676,3439330,6744441,884
CN10,4G,16,48,8,15270,25560,4865393,5939135,690
CN10,4G,16,48,9,14091,26084,4731175,5402264,702
CN10,4G,16,48,10,14615,24249,3472884,4596958,846
CN10,4G,16,48,11,14091,35914,4664067,5737808,770
CN10,4G,16,48,12,16188,25297,4244636,4932502,786
CN10,4G,16,48,13,12518,25035,4731175,5335155,838
CN10,4G,16,48,14,10159,26084,2868904,3338666,1015
CN10,4G,16,48,15,12780,23987,4395631,4932502,879
CN10,4G,16,48,16,14615,26084,4731175,5200937,818
CN10,4G,16,48,17,12387,23987,3640656,4395631,796
CN10,4G,16,48,18,9765,38536,3472884,4076864,840
CN10,4G,16,48,19,12911,23725,3707765,7281312,786
CN10,4G,16,48,20,10290,23725,4395631,5402264,857
CN10,4G,16,48,21,10814,26608,3607102,4462740,975
CN10,4G,16,48,22,12387,25822,4278191,4865393,835
CN10,4G,16,48,23,10814,23725,4865393,5200937,958
CN10,4G,16,48,24,10945,27132,3372221,4211082,1016
CN10,4G,16,48,25,7701,26870,2902459,3942646,908
CN10,4G,16,48,26,15795,27132,4009755,5737808,632
CN10,4G,16,48,27,14484,26346,3607102,6140462,755
CN10,4G,16,48,28,12125,25297,3841983,4395631,832
CN10,4G,16,48,29,11600,23987,5469373,5939135,884
CN10,4G,16,48,30,9896,34341,3003122,3439330,896
CN10,4G,16,48,31,7832,22414,5200937,5603591,877
CN10,4G,16,48,32,16188,27919,4043310,4462740,704
CN10,4G,16,48,33,17171,32113,4009755,5066720,645
CN10,4G,16,48,34,17171,28443,4278191,6878659,650
CN10,4G,16,48,35,14615,27132,3707765,4143973,721
CN10,4G,16,48,36,11207,21890,3539993,6006244,993
CN10,4G,16,48,37,13435,32113,4328522,5536482,748
CN10,4G,16,48,38,13566,166724,2868904,4529849,938
CN10,4G,16,48,39,10683,98042,3640656,4211082,901
CN10,4G,16,48,40,14091,31327,4009755,6006244,757
CN10,4G,16,48,41,10028,21365,2533360,3539993,1361
CN10,4G,16,1,1,77071,108528,204473,767558,407
CN10,4G,16,1,2,56886,65799,85459,132645,744
CN10,4G,16,1,1,74974,104334,198181,400557,405
CN10,4G,16,1,2,78119,108528,200279,308282,418
CN10,4G,16,1,3,71828,99091,173016,287310,414
CN10,4G,16,1,4,77071,106431,198181,254804,398
CN10,4G,16,1,5,85459,131597,325059,784335,388
CN10,4G,16,1,6,85459,141558,333448,901776,330
CN10,4G,16,1,7,81265,122160,244319,641729,374
CN10,4G,16,1,8,92799,149947,329253,1954546,352
CN10,4G,16,1,9,102237,149947,350225,809501,332
CN10,4G,16,1,10,80217,112722,196084,308282,386
CN10,4G,16,1,11,81265,126354,214959,599786,380
CN10,4G,16,1,12,96994,137364,248513,759170,353
CN10,4G,16,1,13,77071,123208,200279,367002,373
CN10,4G,16,1,14,84411,124257,204473,1400898,378
CN10,4G,16,1,15,80217,115868,208667,541066,364
CN10,4G,16,1,16,89654,139461,333448,549454,360
CN10,4G,16,1,17,84411,131597,329253,675283,364
CN10,4G,16,1,18,82314,133694,261096,767558,355
CN10,4G,16,1,19,83362,131597,400557,1199571,363

CN10,4G,16,48,1,15401,32113,4211082,4999611,871
CN10,4G,16,48,2,11863,21890,4328522,5200937,968
CN10,4G,16,48,3,16057,27657,4932502,5469373,720
CN10,4G,16,48,4,16450,28967,3841983,5335155,691
CN10,4G,16,48,5,17171,35390,3841983,6543115,625
CN10,4G,16,48,6,15664,27395,3875537,6073353,714
CN10,4G,16,48,7,11207,22676,3439330,6744441,884
CN10,4G,16,48,8,15270,25560,4865393,5939135,690
CN10,4G,16,48,9,14091,26084,4731175,5402264,702
CN10,4G,16,48,10,14615,24249,3472884,4596958,846
CN10,4G,16,48,11,14091,35914,4664067,5737808,770
CN10,4G,16,48,12,16188,25297,4244636,4932502,786
CN10,4G,16,48,13,12518,25035,4731175,5335155,838
CN10,4G,16,48,14,10159,26084,2868904,3338666,1015
CN10,4G,16,48,15,12780,23987,4395631,4932502,879
CN10,4G,16,48,16,14615,26084,4731175,5200937,818
CN10,4G,16,48,17,12387,23987,3640656,4395631,796
CN10,4G,16,48,18,9765,38536,3472884,4076864,840
CN10,4G,16,48,19,12911,23725,3707765,7281312,786
CN10,4G,16,48,20,10290,23725,4395631,5402264,857
CN10,4G,16,48,21,10814,26608,3607102,4462740,975
CN10,4G,16,48,22,12387,25822,4278191,4865393,835
CN10,4G,16,48,23,10814,23725,4865393,5200937,958
CN10,4G,16,48,24,10945,27132,3372221,4211082,1016
CN10,4G,16,48,25,7701,26870,2902459,3942646,908
CN10,4G,16,48,26,15795,27132,4009755,5737808,632
CN10,4G,16,48,27,14484,26346,3607102,6140462,755
CN10,4G,16,48,28,12125,25297,3841983,4395631,832
CN10,4G,16,48,29,11600,23987,5469373,5939135,884
CN10,4G,16,48,30,9896,34341,3003122,3439330,896
CN10,4G,16,48,31,7832,22414,5200937,5603591,877
CN10,4G,16,48,32,16188,27919,4043310,4462740,704
CN10,4G,16,48,33,17171,32113,4009755,5066720,645
CN10,4G,16,48,34,17171,28443,4278191,6878659,650
CN10,4G,16,48,35,14615,27132,3707765,4143973,721
CN10,4G,16,48,36,11207,21890,3539993,6006244,993
CN10,4G,16,48,37,13435,32113,4328522,5536482,748
CN10,4G,16,48,38,13566,166724,2868904,4529849,938
CN10,4G,16,48,39,10683,98042,3640656,4211082,901
CN10,4G,16,48,40,14091,31327,4009755,6006244,757
CN10,4G,16,48,41,10028,21365,2533360,3539993,1361
CN10,4G,16,1,1,77071,108528,204473,767558,407
CN10,4G,16,1,2,56886,65799,85459,132645,744
CN10,4G,16,1,1,74974,104334,198181,400557,405
CN10,4G,16,1,2,78119,108528,200279,308282,418
CN10,4G,16,1,3,71828,99091,173016,287310,414
CN10,4G,16,1,4,77071,106431,198181,254804,398
CN10,4G,16,1,5,85459,131597,325059,784335,388
CN10,4G,16,1,6,85459,141558,333448,901776,330
CN10,4G,16,1,7,81265,122160,244319,641729,374
CN10,4G,16,1,8,92799,149947,329253,1954546,352
CN10,4G,16,1,9,102237,149947,350225,809501,332
CN10,4G,16,1,10,80217,112722,196084,308282,386
CN10,4G,16,1,11,81265,126354,214959,599786,380
CN10,4G,16,1,12,96994,137364,248513,759170,353
CN10,4G,16,1,13,77071,123208,200279,367002,373
CN10,4G,16,1,14,84411,124257,204473,1400898,378
CN10,4G,16,1,15,80217,115868,208667,541066,364
CN10,4G,16,1,16,89654,139461,333448,549454,360
CN10,4G,16,1,17,84411,131597,329253,675283,364
CN10,4G,16,1,18,82314,133694,261096,767558,355
CN10,4G,16,1,19,83362,131597,400557,1199571,363
CN10,4G,16,1,1,54789,74974,143655,206570,900
CN10,4G,16,1,2,53216,73925,103285,128451,891
CN10,4G,16,1,3,56361,79168,111674,145753,882
CN10,4G,16,1,4,57934,76022,103285,204473,849
CN10,4G,16,1,5,54264,76022,103285,131597,881
CN10,4G,16,1,6,56886,79168,103285,127402,898
CN10,4G,16,1,7,57934,82314,107480,137364,884
CN10,4G,16,1,8,56361,79168,110625,204473,871
CN10,4G,16,1,9,54789,74974,104334,206570,913
CN10,4G,16,1,10,64750,85459,200279,977273,806
CN10,4G,16,1,11,68682,143655,666895,1518339,613
CN10,4G,16,1,12,68682,117965,240124,851444,626
CN10,4G,16,1,13,78119,154141,574620,1300235,539
CN10,4G,16,1,14,74974,141558,513803,1635779,536
CN10,4G,16,1,15,61080,86508,320865,1551893,817
CN10,4G,16,1,16,81265,170918,557843,851444,603
CN10,4G,16,1,17,76022,164627,910164,1635779,573
CN10,4G,16,1,18,85459,177210,675283,1753220,478
CN10,4G,16,1,19,57934,85459,141558,202376,851
CN10,4G,16,1,20,109577,200279,624952,2332034,497
CN10,4G,16,1,21,82314,164627,599786,2701132,476
CN10,4G,16,1,22,76022,149947,557843,1082131,597
CN10,4G,16,1,23,70779,114820,299893,1266680,645
CN10,4G,16,1,24,70779,131597,400557,1182794,594
CN10,4G,16,1,25,86508,200279,650118,1199571,534
CN10,4G,16,1,26,66323,130548,1115685,2533360,629
CN10,4G,16,1,27,116917,231736,910164,1568670,436
CN10,4G,16,1,28,76022,143655,541066,1887437,601
CN10,4G,16,1,29,73925,173016,526386,1333789,650
CN10,4G,16,1,30,77071,145753,400557,1920992,614
CN10,4G,16,1,31,82314,152044,826278,1216349,535
CN10,4G,16,1,32,95945,202376,717226,1518339,485
CN10,4G,16,1,33,57410,80217,320865,801113,1068
