CN7,4G,1,1,1,906,1074,1221,7570,1270,1468,1402.80,1482
CN7,4G,1,1,2,840,1074,1434,1893,1308,1482,1427.20,1502
CN7,4G,1,1,3,832,1045,1287,1876,1394,1502,1455.20,1528
CN7,4G,1,1,4,807,1029,1614,1909,1386,1485,1446.20,1521
CN7,4G,1,1,5,832,1074,1270,1876,1322,1478,1428.80,1503
CN7,4G,1,2,1,873,1090,1352,2540,1282,1506,1423.20,1498
CN7,4G,1,2,2,873,1090,1516,2180,1276,1500,1421.60,1493
CN7,4G,1,2,3,873,1090,1582,1860,1334,1478,1415.60,1488
CN7,4G,1,2,4,906,1090,1598,2474,1294,1500,1405.00,1484
CN7,4G,1,2,5,873,1074,1205,1778,1280,1470,1413.20,1491
CN7,4G,1,4,1,824,1045,1467,2376,1334,1476,1432.00,1506
CN7,4G,1,4,2,832,1045,1336,1860,1358,1472,1430.80,1504
CN7,4G,1,4,3,865,1045,1237,1893,1270,1486,1412.40,1489
CN7,4G,1,4,4,824,1037,1696,2212,1348,1500,1440.80,1514
CN7,4G,1,4,5,832,1074,1205,1795,1362,1462,1400.00,1484
CN7,4G,1,8,1,775,1057,1778,2114,1378,1488,1444.40,1514
CN7,4G,1,8,2,816,1057,1549,2343,1354,1478,1433.20,1510
CN7,4G,1,8,3,832,1037,1270,1909,1298,1484,1437.60,1512
CN7,4G,1,8,4,881,1090,1401,1876,1342,1466,1412.80,1488
CN7,4G,1,8,5,857,1057,1401,1893,1372,1470,1422.20,1498
CN7,4G,1,12,1,898,1090,1303,1893,1298,1478,1404.80,1484
CN7,4G,1,12,2,881,1106,1450,1876,1336,1452,1407.40,1492
CN7,4G,1,12,3,865,1074,1319,1860,1268,1520,1426.40,1513
CN7,4G,1,12,4,865,1090,1565,1893,1282,1506,1429.00,1507
CN7,4G,1,12,5,816,1029,1188,1909,1264,1495,1438.20,1514
CN7,4G,1,24,1,799,1012,1188,1893,1298,1486,1445.60,1520
CN7,4G,1,24,2,881,1090,1762,2245,1314,1504,1407.60,1493
CN7,4G,1,24,3,824,1057,1319,1893,1394,1484,1435.20,1510
CN7,4G,1,24,4,873,1074,1287,1893,1362,1532,1431.20,1513
CN7,4G,1,24,5,824,1057,1221,1811,1266,1490,1441.00,1516
CN7,4G,2,1,1,1106,1450,3687,9241,1175,1350,1275.17,2620
CN7,4G,2,1,2,1172,1582,4047,29492,1006,1322,1203.17,2515
CN7,4G,2,1,3,1172,1516,3359,102237,992,1436,1245.17,2521
CN7,4G,2,1,4,1369,1778,79168,131597,658,1390,976.67,2070
CN7,4G,2,1,5,1221,1893,4359,91751,908,1402,1174.31,2396
CN7,4G,2,2,1,1303,2311,5342,22676,956,1408,1220.00,2526
CN7,4G,2,2,2,1188,1532,4359,168821,788,1360,1205.83,2504
CN7,4G,2,2,3,1205,1532,4293,173016,710,1436,1145.50,2410
CN7,4G,2,2,4,1237,1713,7111,379585,652,1426,1074.14,2271
CN7,4G,2,2,5,1205,1696,4359,225444,542,1350,1216.92,2424
CN7,4G,2,4,1,1188,1598,5014,158335,914,1392,1168.46,2448
CN7,4G,2,4,2,963,1123,1860,7701,1140,1286,1245.00,2647
CN7,4G,2,4,3,1188,1516,4359,333448,776,1492,1096.29,2299
CN7,4G,2,4,4,1352,1795,4752,221250,566,1416,1127.14,2383
CN7,4G,2,4,5,1205,1549,3884,200279,698,1426,1106.00,2333
CN7,4G,2,8,1,988,1237,1811,9241,1208,1298,1261.42,2624
CN7,4G,2,8,2,1237,1614,19268,287310,690,1528,1057.14,2227
CN7,4G,2,8,3,1319,1827,5866,901776,1340,934.50,1975,
CN7,4G,2,8,4,1205,1549,4113,312476,486,1454,1110.86,2339
CN7,4G,2,8,5,1172,1549,4752,179307,860,1446,1140.86,2369
CN7,4G,2,12,1,1369,1942,105382,128451,650,1376,900.35,1896
CN7,4G,2,12,2,1352,1827,106431,147850,570,1432,899.56,1880
CN7,4G,2,12,3,1369,1778,102237,143655,634,1506,927.44,1958
CN7,4G,2,12,4,1139,1532,3326,8455,1100,1492,1265.42,2596
CN7,4G,2,12,5,1205,1582,4424,173016,716,1494,1160.14,2422
CN7,4G,2,24,1,1188,1516,3687,102237,894,1342,1177.38,2453
CN7,4G,2,24,2,1237,1549,4113,166724,844,1435,1103.00,2323
CN7,4G,2,24,3,1205,1565,3949,208667,696,1392,1153.57,2416
CN7,4G,2,24,4,1237,1631,4948,225444,878,1384,1118.14,2325
CN7,4G,2,24,5,1139,1450,3621,295699,842,1422,1158.00,2420
CN7,4G,4,1,1,3326,4359,14615,675283,1306,568.21,2360,
CN7,4G,4,1,2,2868,3589,168821,467665,336,1098,526.70,2191
CN7,4G,4,1,3,2966,4015,183501,480248,328,1070,490.94,2048
CN7,4G,4,1,4,2900,3425,9241,22938,412,1250,607.71,2512
CN7,4G,4,1,5,2769,3458,149947,308282,386,1124,560.54,2331
CN7,4G,4,2,1,2704,3163,5800,19006,458,1294,636.37,2621
CN7,4G,4,2,2,3228,5604,12780,25560,358,1242,597.94,2441
CN7,4G,4,2,3,3097,4948,117965,354419,222,1080,546.21,2271
CN7,4G,4,2,4,3359,5276,107480,350225,354,1104,534.37,2236
CN7,4G,4,2,5,3294,4424,22414,149947,358,1078,586.31,2439
CN7,4G,4,4,1,2999,4293,16581,583009,312,1074,625.12,2430
CN7,4G,4,4,2,2966,4359,19006,557843,1192,581.74,2384,
CN7,4G,4,4,3,3195,4047,8160,20579,348,1226,575.18,2389
CN7,4G,4,4,4,3195,4146,73925,488637,1066,551.61,2305,
CN7,4G,4,4,5,2540,3851,83362,362808,326,1090,579.36,2423
CN7,4G,4,8,1,3228,5276,139461,379585,349,970,549.68,2270
CN7,4G,4,8,2,3261,4178,22938,526386,230,1156,540.74,2258
CN7,4G,4,8,3,3392,4490,12649,362808,412,1092,586.76,2444
CN7,4G,4,8,4,3392,4080,83362,350225,254,1094,561.25,2301
CN7,4G,4,8,5,2671,3294,5473,19268,408,1255,638.56,2631
CN7,4G,4,12,1,2802,3818,168821,387974,326,1082,535.20,2227
CN7,4G,4,12,2,2769,4490,104334,367002,305,1086,571.52,2384
CN7,4G,4,12,3,2606,4555,152044,467665,458,1182,605.62,2527
CN7,4G,4,12,4,3163,4490,132645,400557,372,1072,564.36,2328
CN7,4G,4,12,5,3261,4948,11600,22152,366,1218,595.65,2443
CN7,4G,4,24,1,2966,4883,160433,291505,328,1160,545.52,2278
CN7,4G,4,24,2,2835,4178,149947,225444,418,1152,590.89,2440
CN7,4G,4,24,3,3032,4883,19268,497026,428,1112,594.19,2481
CN7,4G,4,24,4,2704,3589,45351,434111,222,1082,591.35,2461
CN7,4G,4,24,5,2540,3916,170918,350225,352,1087,577.45,2418
CN7,4G,8,1,1,5538,7635,20841,26870,187,822,257.10,2154
CN7,4G,8,1,2,5669,7963,20841,28705,176,798,259.62,2169
CN7,4G,8,1,3,5473,10028,132645,608175,626,260.56,2111,
CN7,4G,8,1,4,6194,9110,189793,295699,160,534,245.31,2059
CN7,4G,8,1,5,5342,7242,19792,25297,188,824,270.33,2266
CN7,4G,8,2,1,5145,6063,19530,38011,182,812,272.40,2284
CN7,4G,8,2,2,5473,6259,20579,26870,184,802,267.62,2245
CN7,4G,8,2,3,5538,7177,19530,30802,182,838,260.81,2183
CN7,4G,8,2,4,5276,6259,18744,50594,184,822,270.58,2267
CN7,4G,8,2,5,5866,6587,20055,29230,172,790,252.63,2121
CN7,4G,8,4,1,5276,6128,22676,50070,180,756,267.64,2239
CN7,4G,8,4,2,5538,6259,20841,25560,180,808,260.64,2181
CN7,4G,8,4,3,5211,5997,20579,108528,192,752,270.19,2266
CN7,4G,8,4,4,5538,7111,20055,26870,182,770,260.79,2186
CN7,4G,8,4,5,5276,6063,19792,25297,182,798,272.05,2280
CN7,4G,8,8,1,5538,7767,20055,27919,182,812,268.40,2245
CN7,4G,8,8,2,5473,6194,20055,23987,182,812,267.21,2235
CN7,4G,8,8,3,5538,6259,20579,27395,176,824,258.23,2154
CN7,4G,8,8,4,5276,6194,20317,24773,182,802,266.28,2227
CN7,4G,8,8,5,5735,6521,19530,27919,172,818,248.58,2079
CN7,4G,8,12,1,5735,8586,210764,350225,166,576,253.20,2116
CN7,4G,8,12,2,5735,8848,20317,26346,176,750,265.21,2214
CN7,4G,8,12,3,5342,6063,19792,27657,190,796,255.12,2138
CN7,4G,8,12,4,5473,7111,19792,27919,184,820,260.45,2184
CN7,4G,8,12,5,5342,8291,22152,26608,194,770,268.75,2244
CN7,4G,8,24,1,5735,7570,23200,38536,174,790,256.28,2155
CN7,4G,8,24,2,5735,8094,168821,387974,122,624,250.27,2096
CN7,4G,8,24,3,5407,6194,22152,62653,187,756,259.81,2179
CN7,4G,8,24,4,5407,6456,21627,31589,188,784,256.17,2141
CN7,4G,8,24,5,5932,7767,31851,408945,680,255.51,2137,
CN7,8G,1,1,1,791,1020,1500,2638,1263,1506,1444.27,1516
CN7,8G,1,1,2,775,1020,1860,2999,1408,1546,1451.45,1520
CN7,8G,1,1,3,766,1012,2040,2900,1398,1512,1447.64,1519
CN7,8G,1,1,4,783,1045,1582,2606,1383,1484,1434.18,1505
CN7,8G,1,1,5,783,1045,1582,1975,1256,1488,1433.91,1506
CN7,8G,1,2,1,734,1012,1729,3326,1374,1480,1456.27,1527
CN7,8G,1,2,2,791,1037,1418,1811,1254,1496,1429.64,1500
CN7,8G,1,2,3,783,1020,1549,2507,1275,1488,1438.82,1510
CN7,8G,1,2,4,693,881,1500,2671,1422,1512,1487.00,1559
CN7,8G,1,2,5,799,1037,1418,2180,1262,1506,1447.91,1519
CN7,8G,1,4,1,734,1020,1811,2999,1328,1502,1464.09,1535
CN7,8G,1,4,2,750,1029,1663,2180,1338,1490,1453.45,1524
CN7,8G,1,4,3,734,1012,1811,2638,1336,1486,1455.45,1527
CN7,8G,1,4,4,840,1057,1663,2114,1274,1504,1421.09,1492
CN7,8G,1,4,5,742,1004,1827,3359,1362,1504,1457.09,1528
CN7,8G,1,8,1,734,996,1860,2671,1406,1512,1469.64,1541
CN7,8G,1,8,2,783,1029,1958,3392,1282,1496,1444.09,1516
CN7,8G,1,8,3,734,963,1811,2474,1370,1492,1469.36,1541
CN7,8G,1,8,4,725,1004,1598,2180,1350,1506,1466.00,1538
CN7,8G,1,8,5,766,1012,1418,1893,1342,1522,1450.73,1521
CN7,8G,1,12,1,725,1012,1893,3032,1380,1484,1463.00,1535
CN7,8G,1,12,2,775,1020,1811,2474,1266,1536,1439.64,1513
CN7,8G,1,12,3,775,1020,1729,2671,1268,1508,1446.91,1517
CN7,8G,1,12,4,725,1004,1778,2900,1260,1494,1458.27,1530
CN7,8G,1,12,5,725,1004,1876,3097,1330,1512,1467.55,1538
CN7,8G,1,24,1,734,996,1401,2868,1277,1510,1461.18,1532
CN7,8G,1,24,2,791,1057,1811,2507,1260,1512,1444.91,1517
CN7,8G,1,24,3,799,1045,1827,2245,1304,1542,1440.18,1511
CN7,8G,1,24,4,783,1020,1696,2409,1332,1504,1439.36,1510
CN7,8G,1,24,5,799,1057,1893,3032,1336,1484,1441.91,1514
CN7,8G,2,1,1,1614,2114,3195,233833,692,1368,1075.20,2240
CN7,8G,2,1,2,1287,1745,2868,15139,798,1332,1178.37,2438
CN7,8G,2,1,3,1434,1860,78119,112722,632,1402,1040.07,2151
CN7,8G,2,1,4,1336,1795,10814,198181,698,1456,1101.29,2312
CN7,8G,2,1,5,1254,1729,66847,320865,600,1418,1030.30,2159
CN7,8G,2,2,1,1090,1418,3195,123208,826,1354,1234.00,2543
CN7,8G,2,2,2,1254,1663,58459,263193,672,1436,1041.00,2187
CN7,8G,2,2,3,1467,1958,3195,341836,672,1374,1100.38,2272
CN7,8G,2,2,4,1287,1778,5342,130548,832,1371,1157.64,2416
CN7,8G,2,2,5,1221,1745,68682,278922,624,1410,1037.33,2185
CN7,8G,2,4,1,1205,1663,4178,183501,658,1410,1180.67,2431
CN7,8G,2,4,2,1352,1729,3785,316670,598,1410,1097.46,2295
CN7,8G,2,4,3,1172,1696,3523,19006,856,1356,1208.88,2503
CN7,8G,2,4,4,1450,1926,3720,16319,790,1422,1133.00,2355
CN7,8G,2,4,5,1598,2114,7504,16188,722,1380,1096.07,2261
CN7,8G,2,8,1,1254,1582,4359,34341,942,1394,1201.46,2472
CN7,8G,2,8,2,1270,1762,86508,177210,614,1434,1056.47,2198
CN7,8G,2,8,3,1352,2114,4228,63177,818,1356,1152.41,2381
CN7,8G,2,8,4,1287,1680,3916,15533,860,1366,1193.42,2454
CN7,8G,2,8,5,1319,1844,4948,183501,796,1360,1145.71,2383
CN7,8G,2,12,1,1369,1827,3982,20055,798,1377,1162.44,2398
CN7,8G,2,12,2,1270,1762,3458,17433,794,1348,1192.00,2459
CN7,8G,2,12,3,1532,2180,8094,152044,682,1412,1100.07,2238
CN7,8G,2,12,4,1303,1827,42730,183501,664,1424,1072.48,2249
CN7,8G,2,12,5,1139,1500,3097,55837,976,1398,1218.88,2501
CN7,8G,2,24,1,1172,1614,8225,442500,444,1360,1144.32,2374
CN7,8G,2,24,2,1287,1663,5211,137364,870,1406,1147.04,2371
CN7,8G,2,24,3,1500,2180,4948,15008,692,1426,1129.64,2340
CN7,8G,2,24,4,1319,1696,3556,14877,846,1376,1157.59,2398
CN7,8G,2,24,5,1254,1745,3458,14746,836,1446,1210.00,2471
CN7,8G,4,1,1,3163,3916,17433,497026,354,1064,501.32,2087
CN7,8G,4,1,2,3064,3818,16909,27132,360,1240,524.57,2194
CN7,8G,4,1,3,3064,4015,14484,17695,336,1234,526.12,2195
CN7,8G,4,1,4,3097,3884,15401,26346,340,1310,524.77,2195
CN7,8G,4,1,5,3228,3818,13960,24773,364,1300,520.18,2171
CN7,8G,4,2,1,3359,4178,14484,23987,338,1414,504.69,2115
CN7,8G,4,2,2,2868,3982,13304,26084,362,1392,537.63,2242
CN7,8G,4,2,3,3130,4490,15533,23462,347,1330,532.82,2234
CN7,8G,4,2,4,3064,3851,15139,25822,348,1226,525.90,2195
CN7,8G,4,2,5,2966,3687,16319,21103,356,1270,526.90,2203
CN7,8G,4,4,1,3032,4555,152044,387974,288,1148,489.02,2050
CN7,8G,4,4,2,3163,4424,15926,22938,354,1245,521.98,2183
CN7,8G,4,4,3,3130,3884,15795,24773,358,1230,523.06,2186
CN7,8G,4,4,4,3097,4686,15664,22938,354,1230,531.96,2220
CN7,8G,4,4,5,3064,3752,14484,19006,370,1222,517.13,2162
CN7,8G,4,8,1,2966,5080,15533,23200,370,1280,549.89,2278
CN7,8G,4,8,2,2868,3589,15664,26870,404,1340,534.37,2234
CN7,8G,4,8,3,3261,3949,8455,23725,340,1276,515.16,2162
CN7,8G,4,8,4,2999,4424,15533,24511,348,1324,538.22,2250
CN7,8G,4,8,5,3097,4047,15926,26608,344,1260,519.98,2180
CN7,8G,4,12,1,3130,4178,15795,24773,350,1254,526.10,2194
CN7,8G,4,12,2,3228,4293,15139,26608,354,1418,529.56,2206
CN7,8G,4,12,3,2835,5407,129500,480248,114,1068,515.22,2150
CN7,8G,4,12,4,2966,3884,12518,22152,364,1276,528.35,2215
CN7,8G,4,12,5,2933,3490,11994,18220,390,1416,534.26,2240
CN7,8G,4,24,1,2737,4359,15926,30016,400,1294,547.19,2282
CN7,8G,4,24,2,3228,4293,12780,23725,368,1334,512.25,2146
CN7,8G,4,24,3,2868,3556,15139,20579,362,1266,533.51,2211
CN7,8G,4,24,4,2737,3884,13173,26084,386,1268,556.55,2324
CN7,8G,4,24,5,2933,3523,12518,25297,366,1256,538.83,2248
CN7,8G,8,1,1,5276,6783,22676,53740,182,804,252.29,2110
CN7,8G,8,1,2,5866,9110,33424,392168,156,570,243.71,2043
CN7,8G,8,1,3,5735,6521,21627,34866,170,756,237.01,1989
CN7,8G,8,1,4,5276,6521,23987,32637,188,760,249.19,2089
CN7,8G,8,1,5,5407,8717,173016,557843,542,241.76,2028,
CN7,8G,8,2,1,5669,6849,25297,683672,606,241.38,2020,
CN7,8G,8,2,2,5473,6521,25560,60556,174,798,244.60,2051
CN7,8G,8,2,3,5276,6915,21103,27919,178,786,254.93,2139
CN7,8G,8,2,4,5735,8455,23987,29492,154,822,247.59,2077
CN7,8G,8,2,5,5538,7767,23200,42730,188,812,252.97,2115
CN7,8G,8,4,1,5473,7832,23462,31589,178,742,248.07,2075
CN7,8G,8,4,2,5145,6259,23725,40633,182,746,255.60,2141
CN7,8G,8,4,3,5800,7046,23462,30802,172,762,238.21,1998
CN7,8G,8,4,4,5407,7242,22414,30278,182,808,250.76,2101
CN7,8G,8,4,5,5538,6718,25035,641729,666,244.70,2023,
CN7,8G,8,8,1,5473,6194,23200,29492,178,802,243.54,2041
CN7,8G,8,8,2,5407,6456,23462,35914,175,804,248.34,2082
CN7,8G,8,8,3,5538,7439,26346,358613,169,572,245.95,2064
CN7,8G,8,8,4,5604,6390,22938,29230,182,794,240.98,2022
CN7,8G,8,8,5,5735,6521,21890,26608,174,820,236.61,1985
CN7,8G,8,12,1,5276,6259,21365,26346,194,798,248.12,2081
CN7,8G,8,12,2,5997,9372,30802,463471,572,244.34,2050,
CN7,8G,8,12,3,5866,9503,28705,392168,572,243.47,2043,
CN7,8G,8,12,4,5211,6587,22938,471860,824,251.59,2108,
CN7,8G,8,12,5,5145,6718,168821,446694,160,624,244.75,2050
CN7,8G,8,24,1,5866,8356,26084,278922,178,578,248.08,2081
CN7,8G,8,24,2,5473,8455,168821,480248,150,536,245.36,2056
CN7,8G,8,24,3,5473,7963,26870,591397,566,249.21,2088,
CN7,8G,8,24,4,5669,7373,25035,41681,176,762,245.41,2058
CN7,8G,8,24,5,5669,6718,22414,33817,170,814,243.54,2042
CN7,16G,1,1,1,758,963,1811,4490,1340,1502,1442.27,1513
CN7,16G,1,1,2,758,914,1401,1811,1330,1488,1439.73,1510
CN7,16G,1,1,3,725,988,1614,2900,1286,1492,1453.59,1525
CN7,16G,1,1,4,750,979,1663,3425,1358,1492,1451.68,1524
CN7,16G,1,1,5,758,963,1893,3163,1336,1504,1444.64,1517
CN7,16G,1,2,1,783,1020,1500,2606,1192,1476,1426.23,1499
CN7,16G,1,2,2,758,955,1827,2573,1338,1510,1437.50,1508
CN7,16G,1,2,3,758,971,1893,2540,1272,1479,1437.14,1508
CN7,16G,1,2,4,758,914,1876,4621,1352,1502,1441.95,1512
CN7,16G,1,2,5,758,922,1844,3163,1358,1474,1438.09,1507
CN7,16G,1,4,1,734,914,1860,2606,1378,1498,1456.64,1528
CN7,16G,1,4,2,693,848,1729,2868,1416,1498,1480.00,1552
CN7,16G,1,4,3,685,783,1909,3261,1422,1508,1481.32,1553
CN7,16G,1,4,4,693,914,1942,2606,1338,1516,1473.05,1545
CN7,16G,1,4,5,758,996,1663,2180,1348,1498,1442.68,1513
CN7,16G,1,8,1,701,947,1844,3884,1378,1522,1474.05,1546
CN7,16G,1,8,2,750,979,1795,2671,1317,1490,1451.09,1523
CN7,16G,1,8,3,766,979,1385,2040,1334,1518,1437.68,1508
CN7,16G,1,8,4,734,979,1614,2474,1258,1504,1467.36,1539
CN7,16G,1,8,5,758,971,1483,2704,1350,1488,1445.50,1516
CN7,16G,1,12,1,758,955,1631,2212,1340,1484,1439.00,1510
CN7,16G,1,12,2,717,938,1876,2966,1274,1504,1468.23,1540
CN7,16G,1,12,3,709,955,1680,2999,1378,1506,1467.09,1539
CN7,16G,1,12,4,758,963,1663,2147,1346,1494,1445.59,1516
CN7,16G,1,12,5,693,799,1893,2933,1416,1506,1483.05,1555
CN7,16G,1,24,1,750,971,1893,2671,1274,1512,1456.05,1527
CN7,16G,1,24,2,734,979,1663,2999,1318,1494,1451.86,1524
CN7,16G,1,24,3,709,963,1598,3064,1278,1488,1464.45,1536
CN7,16G,1,24,4,758,947,1713,3359,1254,1480,1441.18,1511
CN7,16G,1,24,5,766,1012,1762,3589,1272,1502,1442.09,1513
CN7,16G,2,1,1,1549,1942,4178,21890,774,1346,1023.97,2131
CN7,16G,2,1,2,1549,2073,6718,21890,748,1348,1036.85,2160
CN7,16G,2,1,3,1483,1991,6456,24773,740,1378,1059.48,2198
CN7,16G,2,1,4,1631,2180,4555,19792,686,1362,1000.68,2078
CN7,16G,2,1,5,1516,1942,5735,19268,696,1370,1026.95,2124
CN7,16G,2,2,1,1418,1795,7373,23987,784,1354,1087.86,2260
CN7,16G,2,2,2,1598,2057,4359,18482,692,1354,1027.14,2136
CN7,16G,2,2,3,1450,1876,5276,20579,738,1394,1065.80,2213
CN7,16G,2,2,4,1614,2212,7832,22938,664,1466,1019.41,2113
CN7,16G,2,2,5,1369,1713,5145,18744,868,1371,1080.53,2236
CN7,16G,2,4,1,1467,1975,7046,22414,762,1338,1061.72,2213
CN7,16G,2,4,2,1631,2180,6783,19530,710,1348,1002.05,2093
CN7,16G,2,4,3,1483,2040,5800,21627,722,1386,1057.97,2191
CN7,16G,2,4,4,1450,1991,4948,23200,784,1378,1056.44,2185
CN7,16G,2,4,5,1565,2040,6325,21627,746,1462,1018.48,2131
CN7,16G,2,8,1,1418,1827,6063,22938,824,1422,1065.78,2224
CN7,16G,2,8,2,1680,2180,6587,22676,720,1356,1005.82,2080
CN7,16G,2,8,3,1516,2114,8455,22414,720,1368,1045.84,2174
CN7,16G,2,8,4,1500,1893,5997,23200,738,1362,1056.34,2196
CN7,16G,2,8,5,1631,2114,4293,20317,710,1392,1000.44,2084
CN7,16G,2,12,1,1565,2147,4752,23987,678,1380,1036.62,2151
CN7,16G,2,12,2,1598,2114,7439,22152,704,1358,1003.72,2095
CN7,16G,2,12,3,1598,2089,4146,23462,690,1368,1028.77,2147
CN7,16G,2,12,4,1549,1926,3654,22414,750,1330,1024.81,2136
CN7,16G,2,12,5,1418,1778,6849,19268,802,1396,1084.75,2257
CN7,16G,2,24,1,1450,2040,6194,22938,826,1440,1067.41,2208
CN7,16G,2,24,2,1532,2114,7832,22676,746,1496,1062.08,2200
CN7,16G,2,24,3,1434,2114,5080,16712,678,1448,1095.48,2283
CN7,16G,2,24,4,1483,1876,3687,21365,704,1336,1060.02,2206
CN7,16G,2,24,5,1598,2040,6325,22938,708,1394,1023.98,2121
CN7,16G,4,1,1,3032,5342,23200,283116,320,1066,488.42,2033
CN7,16G,4,1,2,3130,3884,15270,25560,346,1286,489.31,2043
CN7,16G,4,1,3,3032,3752,16188,28967,366,1332,492.75,2060
CN7,16G,4,1,4,3228,3949,16450,26608,356,1298,483.00,2021
CN7,16G,4,1,5,3294,4293,15926,28181,340,1336,482.30,2018
CN7,16G,4,2,1,3163,4015,17433,25297,350,1244,490.73,2052
CN7,16G,4,2,2,2966,4178,16712,26870,296,1402,504.44,2109
CN7,16G,4,2,3,3163,4359,16909,26608,344,1318,489.46,2048
CN7,16G,4,2,4,3261,4047,16909,27132,330,1280,482.03,2020
CN7,16G,4,2,5,3130,4178,16319,25035,344,1312,482.70,2017
CN7,16G,4,4,1,2933,3621,16909,25560,372,1330,504.25,2104
CN7,16G,4,4,2,3097,3851,15795,22938,342,1258,489.89,2051
CN7,16G,4,4,3,3294,5342,17695,28181,336,1226,486.40,2031
CN7,16G,4,4,4,3261,4228,16909,26346,334,1284,472.36,1976
CN7,16G,4,4,5,3228,4047,16319,27132,352,1360,481.04,2011
CN7,16G,4,8,1,3261,4228,15664,25560,326,1444,480.52,2011
CN7,16G,4,8,2,3326,4113,16319,25297,358,1378,469.47,1962
CN7,16G,4,8,3,3458,4883,16188,24773,313,1290,466.87,1950
CN7,16G,4,8,4,3294,4146,17695,28705,330,1290,472.55,1978
CN7,16G,4,8,5,3294,4146,16712,24511,341,1240,472.72,1981
CN7,16G,4,12,1,3326,4293,16450,24249,340,1286,476.84,1988
CN7,16G,4,12,2,3163,3884,16450,27657,344,1410,490.75,2055
CN7,16G,4,12,3,3032,3916,16909,25560,332,1360,494.51,2070
CN7,16G,4,12,4,3228,4359,17433,26346,360,1286,487.07,2039
CN7,16G,4,12,5,3195,3752,15533,25035,364,1390,479.94,2013
CN7,16G,4,24,1,3064,3785,15926,23987,336,1254,495.78,2064
CN7,16G,4,24,2,3097,3851,16319,28443,368,1332,484.87,2029
CN7,16G,4,24,3,3294,5145,16581,26608,342,1348,485.66,2038
CN7,16G,4,24,4,3228,4293,16909,27132,348,1264,488.66,2040
CN7,16G,4,24,5,2999,3752,17433,31851,368,1348,498.36,2083
CN7,16G,8,1,1,5473,6521,26346,145753,172,788,239.53,2006
CN7,16G,8,1,2,5669,6521,26870,488637,810,236.16,1972,
CN7,16G,8,1,3,5407,6390,111674,299893,122,632,242.26,2033
CN7,16G,8,1,4,5407,6456,26346,145753,162,776,241.11,2016
CN7,16G,8,1,5,5407,6259,25560,145753,154,772,241.33,2017
CN7,16G,8,2,1,5407,7570,25297,160433,178,800,247.03,2069
CN7,16G,8,2,2,5538,6718,125305,299893,154,540,240.85,2018
CN7,16G,8,2,3,5407,6849,26346,135267,182,790,242.80,2038
CN7,16G,8,2,4,5669,6915,26870,131597,172,786,238.55,2002
CN7,16G,8,2,5,5276,6849,26346,143655,134,794,247.24,2078
CN7,16G,8,4,1,5407,6718,28443,175113,178,580,241.93,2029
CN7,16G,8,4,2,5473,7046,25822,193987,148,776,242.87,2034
CN7,16G,8,4,3,5407,6456,27395,325059,604,244.93,2042,
CN7,16G,8,4,4,5866,10421,29230,304088,148,582,240.33,2017
CN7,16G,8,4,5,5473,6259,24773,166724,172,828,242.84,2035
CN7,16G,8,8,1,5538,7373,26870,208667,122,630,241.45,2019
CN7,16G,8,8,2,5866,9765,28181,421528,168,600,238.80,2006
CN7,16G,8,8,3,5145,6652,27395,114820,182,786,250.25,2092
CN7,16G,8,8,4,5473,8160,27919,308282,590,243.53,2044,
CN7,16G,8,8,5,5473,9503,27395,143655,170,814,245.93,2065
CN7,16G,8,12,1,5473,6849,27395,221250,180,538,242.04,2031
CN7,16G,8,12,2,5342,7373,143655,304088,164,560,240.85,2022
CN7,16G,8,12,3,5604,6718,24773,137364,158,750,238.22,1994
CN7,16G,8,12,4,5604,8160,137364,283116,144,550,243.16,2024
CN7,16G,8,12,5,5604,9110,27657,131597,168,750,244.82,2056
CN7,16G,8,24,1,5342,7439,29230,295699,630,244.97,2053,
CN7,16G,8,24,2,5669,8356,120062,270533,164,536,240.02,2015
CN7,16G,8,24,3,5473,7373,25035,173016,136,780,245.03,2057
CN7,16G,8,24,4,5538,7439,26870,149947,116,792,243.45,2037
CN7,16G,8,24,5,5538,6783,28967,358613,132,596,242.66,2034
CN7,32G,1,1,1,750,906,1483,2180,1258,1506,1443.38,1514
CN7,32G,1,1,2,750,873,1385,2212,1262,1518,1449.38,1520
CN7,32G,1,1,3,750,922,1598,2999,1244,1504,1448.13,1519
CN7,32G,1,1,4,734,865,1795,3163,1342,1538,1466.23,1538
CN7,32G,1,1,5,685,775,2245,3556,1424,1522,1490.84,1564
CN7,32G,1,2,1,750,857,1778,3556,1286,1494,1444.64,1515
CN7,32G,1,2,2,734,914,1631,2638,1282,1512,1459.93,1531
CN7,32G,1,2,3,693,857,1549,2474,1374,1504,1478.59,1551
CN7,32G,1,2,4,742,922,1680,3261,1284,1500,1457.73,1529
CN7,32G,1,2,5,734,947,1500,2769,1358,1493,1456.39,1528
CN7,32G,1,4,1,701,889,1729,2474,1300,1512,1483.09,1555
CN7,32G,1,4,2,750,865,1188,2008,1260,1498,1447.11,1518
CN7,32G,1,4,3,693,840,1713,2900,1350,1500,1477.30,1549
CN7,32G,1,4,4,717,873,1418,4228,1338,1528,1471.73,1544
CN7,32G,1,4,5,693,873,2147,4178,1310,1504,1479.30,1551
CN7,32G,1,8,1,701,922,1827,4817,1264,1526,1478.75,1551
CN7,32G,1,8,2,734,922,2024,4490,1322,1536,1458.00,1530
CN7,32G,1,8,3,725,922,1745,4621,1272,1504,1463.23,1535
CN7,32G,1,8,4,750,857,2147,3851,1312,1536,1444.42,1515
CN7,32G,1,8,5,717,938,1909,3523,1242,1518,1461.14,1532
CN7,32G,1,12,1,734,906,1844,2999,1356,1494,1456.25,1527
CN7,32G,1,12,2,742,898,1876,3589,1364,1520,1452.87,1524
CN7,32G,1,12,3,758,922,1745,2868,1252,1490,1435.20,1506
CN7,32G,1,12,4,725,873,2245,3523,1385,1520,1469.30,1541
CN7,32G,1,12,5,717,873,2376,4621,1320,1500,1463.70,1534
CN7,32G,1,24,1,709,840,2376,4490,1400,1510,1478.64,1551
CN7,32G,1,24,2,693,824,2180,6063,1294,1524,1479.50,1551
CN7,32G,1,24,3,750,988,2245,3228,1262,1550,1455.76,1527
CN7,32G,1,24,4,742,906,1975,3392,1274,1552,1471.14,1543
CN7,32G,1,24,5,742,971,1909,2999,1334,1522,1467.48,1538
CN7,32G,2,1,1,1762,2343,5866,22152,644,1502,941.32,1943
CN7,32G,2,1,2,1663,2147,7439,22152,698,1326,968.87,2027
CN7,32G,2,1,3,1614,2114,7111,21627,668,1339,989.14,2071
CN7,32G,2,1,4,1680,2442,9634,19792,638,1330,965.12,2007
CN7,32G,2,1,5,1631,2573,10814,20579,684,1358,984.54,2053
CN7,32G,2,2,1,1582,2073,6063,23987,684,1342,982.50,2019
CN7,32G,2,2,2,1582,2212,7963,21365,718,1412,1006.06,2076
CN7,32G,2,2,3,1549,2008,7570,22152,720,1358,999.30,2053
CN7,32G,2,2,4,1549,2147,6849,20841,730,1376,997.68,2085
CN7,32G,2,2,5,1598,2114,7177,21627,698,1372,981.27,2027
CN7,32G,2,4,1,1663,2245,7635,22938,716,1440,960.22,1981
CN7,32G,2,4,2,1647,2245,6521,25560,678,1362,983.39,2061
CN7,32G,2,4,3,1663,2311,6915,21365,672,1366,970.98,2035
CN7,32G,2,4,4,1598,2024,6587,19530,718,1414,987.18,2030
CN7,32G,2,4,5,1614,2057,4359,21365,648,1502,995.70,2052
CN7,32G,2,8,1,1680,2114,5014,23987,676,1350,959.51,2010
CN7,32G,2,8,2,1663,2073,3097,24511,682,1396,962.53,2008
CN7,32G,2,8,3,1663,2089,4555,22938,692,1354,963.87,2015
CN7,32G,2,8,4,1745,2278,6194,24249,662,1526,959.48,1982
CN7,32G,2,8,5,1598,2245,7701,23987,636,1418,994.15,2086
CN7,32G,2,12,1,1598,2114,4948,25297,680,1366,997.06,2053
CN7,32G,2,12,2,1631,2114,6980,22152,738,1482,991.17,2050
CN7,32G,2,12,3,1500,1991,6652,24249,726,1368,1020.27,2136
CN7,32G,2,12,4,1532,2212,8848,22152,684,1407,1019.79,2088
CN7,32G,2,12,5,1663,2147,5473,23462,656,1536,973.82,2011
CN7,32G,2,24,1,1565,2278,8455,21627,732,1460,1019.17,2092
CN7,32G,2,24,2,1549,2114,7635,20317,650,1348,1015.20,2086
CN7,32G,2,24,3,1696,2245,7308,22676,702,1354,967.81,2033
CN7,32G,2,24,4,1582,2147,6980,24511,702,1360,997.75,2092
CN7,32G,2,24,5,1549,2024,7570,21627,706,1360,995.82,2042
CN7,32G,4,1,1,3032,4146,17957,86508,298,1218,485.34,2034
CN7,32G,4,1,2,3032,3884,21627,185598,354,1120,486.77,2041
CN7,32G,4,1,3,3064,3884,20841,173016,352,1054,486.50,2040
CN7,32G,4,1,4,2966,4228,20841,122160,290,1194,497.70,2078
CN7,32G,4,1,5,3130,4555,21627,158335,308,1062,485.32,2027
CN7,32G,4,2,1,2933,4752,23725,196084,350,1072,492.49,2061
CN7,32G,4,2,2,3195,5538,23725,177210,1152,484.28,2000,
CN7,32G,4,2,3,2868,3589,19006,258999,300,1184,493.60,2064
CN7,32G,4,2,4,3130,4948,23987,158335,306,1066,485.20,2027
CN7,32G,4,2,5,3064,4015,23462,223347,236,1080,481.10,2018
CN7,32G,4,4,1,3032,4228,20317,102237,330,1240,496.40,2083
CN7,32G,4,4,2,3130,3851,21627,156238,216,1194,476.65,1997
CN7,32G,4,4,3,3195,4490,19268,132645,346,1082,479.77,2010
CN7,32G,4,4,4,2999,3720,25297,162530,326,1108,481.92,2021
CN7,32G,4,4,5,3294,4228,18744,87557,334,1200,472.20,1981
CN7,32G,4,8,1,3228,4621,23987,189793,1134,474.12,1992,
CN7,32G,4,8,2,3097,3949,24511,185598,1142,481.24,2000,
CN7,32G,4,8,3,3163,5473,23987,187696,232,1182,484.31,2028
CN7,32G,4,8,4,3228,4817,23200,164627,266,1126,477.91,2004
CN7,32G,4,8,5,3064,3851,23462,166724,328,1231,486.36,2031
CN7,32G,4,12,1,3097,3884,19530,77071,340,1258,489.63,2047
CN7,32G,4,12,2,3294,6063,23200,164627,310,1072,482.55,2029
CN7,32G,4,12,3,3163,4817,20841,185598,268,1064,489.80,2045
CN7,32G,4,12,4,3064,3851,19792,110625,318,1232,490.63,2059
CN7,32G,4,12,5,3326,4883,25297,191890,326,1056,464.06,1947
CN7,32G,4,24,1,2999,3818,19530,122160,279,1273,495.15,2075
CN7,32G,4,24,2,2966,3916,21627,185598,1206,489.44,2051,
CN7,32G,4,24,3,3097,3949,21103,154141,218,1190,486.37,2034
CN7,32G,4,24,4,3097,4178,19006,95945,344,1242,492.54,2068
CN7,32G,4,24,5,3130,3982,19268,95945,348,1278,486.82,2035
CN7,32G,8,1,1,5145,9241,497026,675283,666,222.63,1838,
CN7,32G,8,1,2,5145,8455,446694,624952,612,227.25,1858,
CN7,32G,8,1,3,5407,10159,455082,608175,530,225.09,1859,
CN7,32G,8,1,4,5211,10683,455082,641729,510,224.28,1846,
CN7,32G,8,1,5,5211,8848,467665,616563,804,225.07,1860,
CN7,32G,8,2,1,5407,10552,463471,616563,720,223.45,1846,
CN7,32G,8,2,2,5080,9372,438305,599786,520,228.24,1884,
CN7,32G,8,2,3,5342,12256,476054,599786,554,221.97,1851,
CN7,32G,8,2,4,5211,8291,471860,624952,508,220.37,1814,
CN7,32G,8,2,5,5080,8291,484443,658506,768,225.12,1835,
CN7,32G,8,4,1,5014,8979,467665,616563,708,225.59,1864,
CN7,32G,8,4,2,5473,10421,463471,608175,674,218.19,1816,
CN7,32G,8,4,3,4948,8455,450888,608175,710,225.13,1868,
CN7,32G,8,4,4,5211,9110,459277,566232,716,224.33,1881,
CN7,32G,8,4,5,5145,8848,471860,624952,484,225.81,1857,
CN7,32G,8,8,1,5145,8225,492831,616563,534,219.61,1825,
CN7,32G,8,8,2,5014,9241,488637,641729,720,228.32,1867,
CN7,32G,8,8,3,5145,9110,471860,616563,542,224.31,1853,
CN7,32G,8,8,4,5145,8717,488637,591397,726,226.78,1849,
CN7,32G,8,8,5,5145,10814,471860,616563,532,225.00,1857,
CN7,32G,8,12,1,5342,11207,463471,574620,520,220.82,1838,
CN7,32G,8,12,2,4883,8717,484443,616563,530,224.25,1864,
CN7,32G,8,12,3,5145,8586,450888,616563,516,225.77,1844,
CN7,32G,8,12,4,5080,7701,501220,599786,514,220.43,1828,
CN7,32G,8,12,5,5014,7570,476054,624952,604,223.45,1858,
CN7,32G,8,24,1,5473,12387,471860,608175,510,220.44,1828,
CN7,32G,8,24,2,5080,9372,501220,641729,534,221.22,1822,
CN7,32G,8,24,3,5276,10945,480248,616563,538,220.48,1830,
CN7,32G,8,24,4,5669,10945,480248,583009,732,225.11,1860,
CN7,32G,8,24,5,5211,8848,463471,700449,504,218.21,1822,
