0623-1549
PM1,4G,1,1,1,873,1139,1860,7504,1193,1274,1253.83,1311,5731.74,240.26,239.93,239.0,620.37,27.63,27.63,27.48
PM1,4G,1,1,2,922,1254,1713,2278,1175,1270,1244.83,1303,5769.6,240.26,239.93,239.0,625.16,27.63,27.63,27.48
PM1,4G,1,1,3,873,1123,1418,1991,1225,1282,1268.17,1328,5620.17,240.26,239.93,239.0,616.59,27.63,27.63,27.48
PM1,4G,1,1,4,988,1418,2024,2573,1198,1270,1243.67,1301,5679.74,240.25,239.92,238.99,621.14,27.63,27.63,27.48
PM1,4G,1,1,5,1037,1614,2507,3458,1166,1244,1221.33,1278,5602.17,240.25,239.92,238.99,616.49,27.63,27.63,27.48
PM1,4G,1,2,1,1106,1631,2573,3294,1173,1230,1210.17,1265,5663.17,240.24,239.92,238.99,621.33,27.63,27.63,27.48
PM1,4G,1,2,2,1172,1696,2704,3523,1172,1228,1211.33,1267,5694.89,240.24,239.91,238.98,623.58,27.63,27.63,27.48
PM1,4G,1,2,3,1205,1762,2540,3097,1156,1216,1192.33,1249,5742.75,240.24,239.91,238.98,618.46,27.63,27.63,27.48
PM1,4G,1,2,4,1172,1745,2638,3654,1173,1220,1202.50,1260,5724.75,240.23,239.9,238.97,623.79,27.63,27.63,27.48
PM1,4G,1,2,5,1205,2024,2999,4228,1142,1215,1185.83,1245,5751.04,240.23,239.9,238.97,624.22,27.63,27.63,27.48
PM1,4G,1,4,1,1045,1483,2540,3490,1185,1262,1231.50,1290,5714.89,240.23,239.9,238.97,618.33,27.63,27.63,27.48
PM1,4G,1,4,2,1057,1549,2671,3064,1173,1240,1223.17,1280,5741.9,240.22,239.89,238.96,623.84,27.63,27.63,27.48
PM1,4G,1,4,3,1106,1795,2933,4621,1160,1238,1206.33,1264,5717.61,240.22,239.89,238.96,621.18,27.63,27.63,27.48
PM1,4G,1,4,4,1188,1663,2868,3294,1153,1230,1208.83,1265,5755.56,240.21,239.89,238.96,625.03,27.63,27.63,27.48
PM1,4G,1,4,5,1237,1647,2966,3752,1184,1229,1211.17,1270,5709.76,240.21,239.88,238.95,624.52,27.63,27.63,27.48
PM1,4G,1,8,1,1237,1893,3228,7570,1142,1224,1186.33,1243,5687.05,240.21,239.88,238.95,618.26,27.63,27.63,27.48
PM1,4G,1,8,2,1139,1795,2638,3884,1168,1232,1214.00,1271,5747.05,240.2,239.87,238.95,621.0,27.63,27.63,27.48
PM1,4G,1,8,3,1045,1631,2671,5211,1188,1238,1222.33,1282,6663.22,280.23,279.85,278.76,721.32,32.23,32.23,32.06
PM1,4G,1,8,4,1037,1614,2900,4015,1169,1246,1222.67,1280,6654.56,280.23,279.84,278.76,722.45,32.23,32.23,32.06
PM1,4G,1,8,5,1037,1565,2114,2573,1198,1242,1228.33,1286,6646.89,280.22,279.84,278.76,725.0,32.23,32.23,32.06
PM1,4G,1,16,1,898,1287,2147,2343,1216,1278,1260.00,1319,6727.9,280.22,279.84,278.75,726.5,32.23,32.23,32.06
PM1,4G,1,16,2,1029,1516,2180,3458,1172,1246,1225.67,1283,6807.9,280.22,279.83,278.75,729.83,32.23,32.23,32.05
PM1,4G,1,16,3,1123,1713,2900,3720,1170,1226,1205.83,1263,5777.34,240.18,239.85,238.92,622.56,27.62,27.62,27.48
PM1,4G,1,16,4,1123,1713,2802,3851,1153,1230,1204.50,1261,5717.77,240.18,239.85,238.92,618.58,27.62,27.62,27.47
PM1,4G,1,16,5,1156,1713,2671,4047,1160,1220,1200.33,1258,5823.49,240.17,239.85,238.92,624.84,27.62,27.62,27.47
PM1,4G,1,32,1,1172,1647,2704,3687,1133,1212,1193.50,1249,5856.49,240.17,239.84,238.91,618.75,27.62,27.62,27.47
PM1,4G,1,32,2,1139,1614,2442,4359,1131,1240,1209.50,1267,5974.92,240.17,239.84,238.91,623.91,27.62,27.62,27.47
PM1,4G,1,32,3,1020,1500,2474,2835,1155,1256,1223.50,1280,5884.21,240.16,239.83,238.9,627.52,27.62,27.62,27.47
PM1,4G,1,32,4,947,1467,2180,3458,1163,1258,1231.83,1288,6670.08,280.19,279.8,278.72,723.28,32.23,32.23,32.05
PM1,4G,1,32,5,1156,1549,2024,2966,1179,1236,1221.17,1278,5761.93,240.16,239.83,238.9,620.02,27.62,27.62,27.47
PM1,4G,1,64,1,1090,1450,2245,3425,1121,1220,1197.17,1255,6055.36,240.15,239.82,238.89,624.16,27.62,27.62,27.47
PM1,4G,1,64,2,1004,1434,2089,3163,1144,1256,1226.67,1285,6839.75,280.17,279.79,278.7,729.45,32.22,32.22,32.05
PM1,4G,1,64,3,898,1319,1958,3032,1166,1266,1244.00,1301,6986.92,280.17,279.79,278.7,728.72,32.22,32.22,32.05
PM1,4G,1,64,4,1156,1549,2540,3687,1115,1234,1197.67,1254,5807.65,240.14,239.81,238.88,625.5,27.62,27.62,27.47
PM1,4G,1,64,5,914,1418,2147,3064,1176,1270,1242.67,1299,6979.76,280.16,279.78,278.69,728.58,32.22,32.22,32.05
PM1,4G,2,1,1,914,1926,5800,104334,1874,2568,2340.00,2463,9846.22,240.13,239.81,238.88,1205.12,27.62,27.62,27.47
PM1,4G,2,1,2,1172,1926,7242,20579,2052,2518,2285.33,2418,9860.09,240.13,239.8,238.87,1205.19,27.62,27.62,27.47
PM1,4G,2,1,3,1237,2040,9503,23725,1978,2383,2222.29,2307,9863.23,240.13,239.8,238.87,1205.21,27.62,27.62,27.47
PM1,4G,2,1,4,1090,2114,24511,98042,1464,2468,2119.14,2210,9941.81,240.12,239.79,238.86,1203.07,27.62,27.62,27.47
PM1,4G,2,1,5,1270,2114,9765,459277,444,2492,1920.39,2006,9879.25,240.12,239.79,238.86,1205.8,27.62,27.62,27.47
PM1,4G,2,2,1,1221,2573,8356,49546,1810,2506,2202.71,2289,9801.97,240.11,239.79,238.86,1203.65,27.62,27.62,27.47
PM1,4G,2,2,2,914,1729,5932,11207,2338,2510,2423.83,2526,9833.97,240.11,239.78,238.85,1203.71,27.62,27.62,27.47
PM1,4G,2,2,3,922,1401,4948,158335,1726,2550,2305.00,2427,9877.55,240.11,239.78,238.85,1206.64,27.62,27.62,27.47
PM1,4G,2,2,4,898,1663,4015,254804,1742,2558,2255.50,2402,9834.41,240.1,239.77,238.84,1204.3,27.62,27.62,27.47
PM1,4G,2,2,5,1020,1909,93848,219153,1348,2600,1984.71,2093,9725.84,240.1,239.77,238.84,1177.5,27.61,27.61,27.47
PM1,4G,2,4,1,947,2040,7242,111674,2100,2550,2328.00,2429,9803.85,240.09,239.77,238.84,1200.56,27.61,27.61,27.47
PM1,4G,2,4,2,1287,2008,9503,40633,1778,2550,2215.86,2304,9853.0,240.09,239.76,238.83,1205.33,27.61,27.61,27.46
PM1,4G,2,4,3,1123,2245,79168,123208,1208,2580,1940.88,2018,9302.86,240.09,239.76,238.83,1128.86,27.61,27.61,27.46
PM1,4G,2,4,4,1020,1631,5014,16581,2198,2522,2362.00,2456,9781.26,240.08,239.75,238.82,1198.05,27.61,27.61,27.46
PM1,4G,2,4,5,1221,1975,5407,19792,1886,2482,2248.93,2357,9796.02,240.08,239.75,238.82,1203.6,27.61,27.61,27.46
PM1,4G,2,8,1,889,1270,3818,11600,2264,2472,2417.00,2527,9776.31,240.07,239.75,238.82,1203.07,27.61,27.61,27.46
PM1,4G,2,8,2,1020,1860,55837,141558,1366,2580,2026.43,2161,9359.45,240.07,239.74,238.81,1134.83,27.61,27.61,27.46
PM1,4G,2,8,3,1188,2900,91751,152044,1380,2480,1873.12,1973,9310.75,240.07,239.74,238.81,1128.1,27.61,27.61,27.46
PM1,4G,2,8,4,1385,2057,8979,133694,1412,2372,1969.16,2070,9204.61,240.06,239.73,238.8,1114.45,27.61,27.61,27.46
PM1,4G,2,8,5,955,1582,3818,13698,2258,2510,2390.33,2497,9877.76,240.06,239.73,238.8,1205.55,27.61,27.61,27.46
PM1,4G,2,16,1,1172,1958,7635,14877,2068,2398,2230.86,2294,9889.48,240.05,239.72,238.8,1205.15,27.61,27.61,27.46
PM1,4G,2,16,2,1336,2114,9503,16712,1940,2292,2159.43,2257,10000.91,240.05,239.72,238.79,1207.81,27.61,27.61,27.46
PM1,4G,2,16,3,1090,1827,8225,12911,2204,2560,2300.33,2395,9884.2,240.05,239.72,238.79,1204.1,27.61,27.61,27.46
PM1,4G,2,16,4,1172,2180,54789,90702,1562,2562,2026.57,2133,9851.07,240.04,239.71,238.78,1186.04,27.61,27.61,27.46
PM1,4G,2,16,5,914,1385,4490,13304,2255,2510,2404.83,2509,9900.5,240.04,239.71,238.78,1205.09,27.61,27.61,27.46
PM1,4G,2,32,1,955,1729,9634,25297,2196,2520,2345.00,2442,9945.65,240.03,239.7,238.78,1206.14,27.61,27.61,27.46
PM1,4G,2,32,2,914,1418,4146,10552,2292,2532,2387.33,2494,9858.37,240.03,239.7,238.77,1201.39,27.61,27.61,27.46
PM1,4G,2,32,3,1156,1893,9896,27919,2128,2406,2260.86,2363,9876.34,240.03,239.7,238.77,1204.56,27.61,27.61,27.46
PM1,4G,2,32,4,1336,1909,6128,14746,1964,2398,2196.14,2299,9915.67,240.02,239.69,238.76,1205.55,27.61,27.61,27.46
PM1,4G,2,32,5,1139,1958,12649,114820,1330,2478,2029.29,2165,9960.96,240.02,239.69,238.76,1195.66,27.61,27.61,27.46
PM1,4G,2,64,1,1287,2409,8455,25822,1854,2388,2173.43,2232,9963.25,240.01,239.68,238.76,1205.39,27.6,27.61,27.46
PM1,4G,2,64,2,1434,2540,8094,29754,1998,2274,2160.43,2221,9951.68,240.01,239.68,238.75,1204.39,27.6,27.6,27.46
PM1,4G,2,64,3,1287,2245,11731,113771,1520,2308,2036.43,2118,9876.97,240.0,239.68,238.75,1167.88,27.6,27.6,27.45
PM1,4G,2,64,4,1336,2245,35390,113771,1384,2394,2013.04,2082,10065.69,240.0,239.67,238.74,1181.27,27.6,27.6,27.45
PM1,4G,2,64,5,1221,2704,32113,103285,1396,2410,2036.00,2154,9948.56,240.0,239.67,238.74,1170.16,27.6,27.6,27.45
PM1,4G,4,1,1,2606,6128,100140,383779,746,4254,2365.69,2487,12253.09,168.0,167.77,167.12,1512.45,19.32,19.32,19.22
PM1,4G,4,1,2,2442,5538,73925,358613,1686,3721,2414.38,2565,12641.1,167.99,167.76,167.11,1556.65,19.32,19.32,19.22
PM1,4G,4,1,3,2474,5342,27132,37487,1737,4437,2593.67,2704,13125.98,186.65,186.4,185.68,1626.91,21.47,21.47,21.35
PM1,4G,4,1,4,2507,4948,22152,32113,1542,4712,2581.50,2753,13269.03,186.65,186.39,185.67,1642.9,21.47,21.47,21.35
PM1,4G,4,1,5,2212,5276,100140,267387,1784,3656,2507.58,2617,12978.13,167.98,167.75,167.1,1600.1,19.32,19.32,19.22
PM1,4G,4,2,1,2409,5669,58459,417334,1735,3808,2566.67,2620,12878.64,167.98,167.75,167.1,1586.02,19.32,19.32,19.22
PM1,4G,4,2,2,2409,5014,15270,46924,1664,4680,2679.27,2824,13355.43,186.64,186.38,185.66,1651.68,21.47,21.47,21.35
PM1,4G,4,2,3,2343,6194,74974,346031,1345,3850,2514.00,2594,12979.76,167.97,167.74,167.09,1598.84,19.32,19.32,19.21
PM1,4G,4,2,4,2474,5276,19792,38011,1855,4160,2649.36,2695,13216.53,186.63,186.37,185.65,1636.18,21.47,21.47,21.35
PM1,4G,4,2,5,2540,5669,135267,484443,810,4160,2323.23,2436,12272.18,167.96,167.73,167.08,1511.59,19.32,19.32,19.21
PM1,4G,4,4,1,2376,3490,23462,51643,1802,3924,2623.58,2763,13392.43,186.62,186.37,185.64,1656.49,21.46,21.46,21.35
PM1,4G,4,4,2,2409,5866,102237,379585,1852,3787,2391.62,2523,12491.8,167.96,167.73,167.08,1536.29,19.32,19.32,19.21
PM1,4G,4,4,3,2540,5407,27657,33162,1700,4766,2585.75,2748,13284.57,186.61,186.36,185.64,1644.36,21.46,21.46,21.35
PM1,4G,4,4,4,2409,5800,16909,55837,1545,4032,2729.33,2780,13452.36,186.61,186.35,185.63,1664.08,21.46,21.46,21.35
PM1,4G,4,4,5,2671,6259,166724,320865,1264,3962,2180.21,2295,12289.3,152.68,152.47,151.88,1505.19,17.56,17.56,17.47
PM1,4G,4,8,1,2474,4424,17695,57934,1794,4635,2626.70,2768,13462.74,167.94,167.71,167.06,1663.22,19.32,19.32,19.21
PM1,4G,4,8,2,2442,4686,20055,112722,1892,4312,2664.14,2792,13442.25,167.94,167.71,167.06,1662.08,19.32,19.32,19.21
PM1,4G,4,8,3,2474,5735,19006,40633,1640,4682,2591.67,2742,13296.26,167.93,167.7,167.05,1646.04,19.31,19.32,19.21
PM1,4G,4,8,4,2507,5473,25035,50070,1504,4460,2623.08,2754,13289.07,167.93,167.7,167.05,1644.63,19.31,19.31,19.21
PM1,4G,4,8,5,2507,5669,25822,58983,1412,4592,2560.42,2721,13433.48,167.93,167.7,167.05,1662.26,19.31,19.31,19.21
PM1,4G,4,16,1,2474,5735,24773,55837,1592,4574,2591.50,2737,13581.33,186.58,186.33,185.6,1680.15,21.46,21.46,21.34
PM1,4G,4,16,2,2507,4883,26870,55837,1851,4644,2600.75,2744,13136.19,167.92,167.69,167.04,1623.47,19.31,19.31,19.21
PM1,4G,4,16,3,2540,5735,22676,34341,1756,4452,2598.58,2749,13304.92,186.57,186.32,185.6,1643.34,21.46,21.46,21.34
PM1,4G,4,16,4,2507,5211,14877,57410,1532,4417,2635.58,2780,13202.61,167.91,167.68,167.03,1633.51,19.31,19.31,19.21
PM1,4G,4,16,5,2474,5080,24249,47973,1636,4511,2615.25,2763,13307.26,186.57,186.31,185.59,1645.49,21.46,21.46,21.34
PM1,4G,4,32,1,2671,6587,109577,295699,1632,3910,2367.85,2496,12847.74,167.91,167.68,167.03,1575.48,19.31,19.31,19.21
PM1,4G,4,32,2,2442,5735,15401,54264,1572,3850,2614.70,2691,13372.95,167.9,167.67,167.02,1651.71,19.31,19.31,19.21
PM1,4G,4,32,3,2507,6128,22676,35914,1894,4460,2597.17,2739,13487.63,186.55,186.3,185.58,1665.8,21.46,21.46,21.34
PM1,4G,4,32,4,2442,5669,26084,57934,1868,4195,2666.59,2710,13422.38,186.55,186.29,185.57,1657.14,21.46,21.46,21.34
PM1,4G,4,32,5,2671,6259,47973,312476,1422,3622,2362.54,2487,12740.1,167.89,167.66,167.01,1561.33,19.31,19.31,19.21
PM1,4G,4,64,1,2540,6194,19006,41681,1590,3996,2621.69,2624,13354.19,167.89,167.66,167.01,1642.52,19.31,19.31,19.21
PM1,4G,4,64,2,2442,5276,30016,62653,1734,4028,2597.21,2631,13514.9,167.88,167.66,167.0,1662.28,19.31,19.31,19.2
PM1,4G,4,64,3,2376,4883,19530,33424,1838,4308,2629.33,2765,13316.57,186.53,186.28,185.56,1636.04,21.45,21.45,21.34
PM1,4G,4,64,4,2802,6390,66323,446694,1450,3439,2401.31,2516,12607.02,167.88,167.65,167.0,1538.18,19.31,19.31,19.2
PM1,4G,4,64,5,2671,6325,25560,400557,1686,3584,2563.22,2592,13066.03,167.87,167.64,166.99,1590.24,19.31,19.31,19.2
PM1,4G,8,1,1,6456,16581,189793,350225,1228,4242,2138.26,2258,13969.69,93.26,93.13,92.77,1719.62,10.73,10.73,10.67
PM1,4G,8,1,2,5800,14746,131597,299893,860,4205,2253.65,2346,14301.9,93.26,93.13,92.77,1767.44,10.73,10.73,10.67
PM1,4G,8,1,3,5800,17695,196084,1837106,825,4169,2110.45,2037,13436.94,83.93,83.81,83.49,1652.47,9.65,9.65,9.6
PM1,4G,8,1,4,5866,14484,104334,429917,1315,4615,2218.67,2338,14377.73,93.25,93.12,92.76,1779.37,10.73,10.73,10.67
PM1,4G,8,1,5,5604,15139,46924,65274,1456,5272,2310.51,2420,14722.38,93.25,93.12,92.76,1824.62,10.72,10.73,10.67
PM1,4G,8,2,1,5735,16188,62129,278922,1210,3826,2254.71,2378,14556.97,93.25,93.12,92.76,1798.51,10.72,10.72,10.67
PM1,4G,8,2,2,5932,13698,74974,408945,936,3853,2261.93,2372,14512.28,93.24,93.12,92.75,1792.7,10.72,10.72,10.67
PM1,4G,8,2,3,5538,13042,71828,252707,1258,3860,2221.26,2329,14382.22,93.24,93.11,92.75,1777.9,10.72,10.72,10.67
PM1,4G,8,2,4,5145,14615,109577,295699,1168,4061,2254.68,2374,14474.72,93.24,93.11,92.75,1787.21,10.72,10.72,10.67
PM1,4G,8,2,5,5866,15270,90702,244319,1378,3623,2226.61,2349,14452.08,93.23,93.11,92.75,1784.88,10.72,10.72,10.67
PM1,4G,8,4,1,6194,16319,170918,250610,1324,4510,2187.93,2301,14034.53,88.32,88.2,87.86,1727.57,10.16,10.16,10.1
PM1,4G,8,4,2,5800,16909,156238,480248,1108,3984,2264.39,2346,14844.88,93.23,93.1,92.74,1834.15,10.72,10.72,10.66
PM1,4G,8,4,3,6063,15533,115868,252707,1260,3853,2278.76,2394,14634.3,93.22,93.1,92.74,1805.25,10.72,10.72,10.66
PM1,4G,8,4,4,6587,15664,46924,82314,1230,5581,2322.41,2453,15003.02,98.71,98.57,98.19,1857.98,11.35,11.35,11.29
PM1,4G,8,4,5,4621,14353,181404,1736442,504,3697,2132.42,2101,13490.52,83.9,83.78,83.46,1654.96,9.65,9.65,9.6
PM1,4G,8,8,1,5932,14484,78119,312476,1541,3677,2260.96,2374,14615.61,93.22,93.09,92.73,1804.86,10.72,10.72,10.66
PM1,4G,8,8,2,5669,15139,52691,93848,1578,5078,2323.00,2429,14775.83,93.21,93.09,92.72,1828.69,10.72,10.72,10.66
PM1,4G,8,8,3,6521,15401,49021,59507,1403,5444,2326.48,2430,14921.51,98.69,98.56,98.18,1847.72,11.35,11.35,11.29
PM1,4G,8,8,4,5866,15795,49021,105382,1283,5364,2305.89,2419,14700.52,93.21,93.08,92.72,1820.87,10.72,10.72,10.66
PM1,4G,8,8,5,5342,15401,61080,147850,1470,5375,2282.59,2410,14615.48,93.2,93.08,92.72,1808.95,10.72,10.72,10.66
PM1,4G,8,16,1,5997,15270,49021,103285,1230,5132,2281.74,2408,14840.58,98.68,98.55,98.17,1833.69,11.35,11.35,11.29
PM1,4G,8,16,2,6325,15664,42206,106431,1114,4732,2330.33,2451,15044.47,98.68,98.55,98.16,1859.16,11.35,11.35,11.29
PM1,4G,8,16,3,6259,15139,45876,83362,1249,4734,2296.60,2405,14695.91,93.2,93.07,92.71,1813.65,10.72,10.72,10.66
PM1,4G,8,16,4,6915,16319,55837,103285,1493,4888,2326.81,2435,14816.91,93.19,93.06,92.7,1831.18,10.72,10.72,10.66
PM1,4G,8,16,5,6325,17695,189793,1132463,1077,4194,2146.90,2143,13936.25,88.28,88.16,87.82,1707.31,10.15,10.15,10.1
PM1,4G,8,32,1,6456,16581,54789,467665,1124,4694,2303.38,2416,14886.11,93.19,93.06,92.7,1830.18,10.72,10.72,10.66
PM1,4G,8,32,2,4817,10814,48497,417334,442,4546,2286.05,2418,14892.5,93.18,93.06,92.69,1828.95,10.72,10.72,10.66
PM1,4G,8,32,3,5211,11731,44827,408945,1376,4460,2271.26,2391,14604.03,93.18,93.05,92.69,1796.25,10.72,10.72,10.66
PM1,4G,8,32,4,6915,17695,208667,1501561,158,3785,2068.43,2073,13745.73,83.86,83.75,83.42,1656.19,9.65,9.65,9.59
PM1,4G,8,32,5,6456,15795,291505,346031,922,4453,2134.37,2263,14173.3,88.27,88.15,87.81,1738.31,10.15,10.15,10.1
PM1,4G,8,64,1,7046,16450,55837,145753,1239,4448,2240.63,2345,14657.99,93.17,93.04,92.68,1785.98,10.72,10.72,10.66
PM1,4G,8,64,2,6980,17695,244319,1266680,310,3878,1963.98,2001,13293.58,79.86,79.75,79.44,1577.05,9.18,9.18,9.14
PM1,4G,8,64,3,6915,16057,63701,501220,776,4467,2142.48,2241,14081.08,88.26,88.14,87.8,1717.96,10.15,10.15,10.1
PM1,4G,8,64,4,7308,18220,187696,1002439,852,3931,2029.97,2028,13567.98,83.85,83.73,83.41,1620.59,9.64,9.64,9.59
PM1,4G,8,64,5,7308,16057,156238,522191,4431,2129.08,2233,,14095.78,88.26,88.13,87.79,1715.54,10.15,10.15,10.1
PM1,4G,16,1,1,165,288,1364,4093,2078.61,2180,,,15028.49,47.91,47.84,47.66,1855.96,5.51,5.51,5.48
PM1,4G,16,1,2,11600,30278,73925,100140,1092,4830,2141.70,2256,15485.34,49.32,49.25,49.06,1917.42,5.67,5.67,5.64
PM1,4G,16,1,3,124,249,1266,4013,2118.02,2225,,,15322.04,49.31,49.25,49.05,1895.36,5.67,5.67,5.64
PM1,4G,16,1,4,11207,33817,193987,350225,898,4601,2079.69,2187,15043.84,47.9,47.84,47.65,1858.18,5.51,5.51,5.48
PM1,4G,16,1,5,10945,31327,121111,312476,1178,4004,2111.55,2218,15198.44,49.31,49.24,49.05,1878.57,5.67,5.67,5.64
PM1,4G,16,2,1,11338,30016,81265,99091,1226,4821,2155.73,2262,15431.03,49.31,49.24,49.05,1909.34,5.67,5.67,5.64
PM1,4G,16,2,2,9765,34866,354419,591397,3904,2111.54,2183,,15030.89,47.89,47.83,47.64,1853.97,5.51,5.51,5.48
PM1,4G,16,2,3,10683,30540,80217,121111,1245,4643,2177.10,2289,15650.84,49.3,49.23,49.04,1936.58,5.67,5.67,5.64
PM1,4G,16,2,4,101,439,1177,4341,2137.25,2248,,,15399.06,49.3,49.23,49.04,1906.19,5.67,5.67,5.64
PM1,4G,16,2,5,10552,30540,79168,105382,1382,4725,2157.37,2252,15441.24,49.3,49.23,49.04,1913.34,5.67,5.67,5.64
PM1,4G,16,4,1,9765,28181,404751,1451230,102,3986,2092.00,2124,14659.63,46.55,46.49,46.31,1807.67,5.35,5.35,5.33
PM1,4G,16,4,2,10290,30278,76022,106431,1369,4858,2130.91,2247,15405.07,49.29,49.22,49.03,1906.78,5.67,5.67,5.64
PM1,4G,16,4,3,12518,36439,329253,1820328,353,4004,2096.90,2080,14544.76,46.55,46.49,46.31,1788.86,5.35,5.35,5.32
PM1,4G,16,4,4,11731,31589,371196,1904215,684,4055,2060.99,2071,14367.38,45.29,45.23,45.05,1771.64,5.21,5.21,5.18
PM1,4G,16,4,5,12387,32900,387974,1233126,520,3871,2082.30,2118,14760.29,46.54,46.48,46.3,1822.51,5.35,5.35,5.32
PM1,4G,16,8,1,192,300,1052,4041,2049.83,2154,,,14996.23,47.87,47.81,47.62,1843.72,5.51,5.51,5.48
PM1,4G,16,8,2,11338,27132,170918,256902,1357,4024,2088.04,2191,15237.57,47.87,47.8,47.62,1881.96,5.51,5.51,5.48
PM1,4G,16,8,3,435,1308,4374,2103.51,2213,,,,15243.39,47.87,47.8,47.62,1881.93,5.51,5.51,5.48
PM1,4G,16,8,4,11076,30802,130548,278922,1340,4151,2107.69,2216,15284.0,49.27,49.21,49.01,1885.17,5.67,5.67,5.64
PM1,4G,16,8,5,12518,34341,225444,2021655,580,3590,2064.18,2066,14446.89,45.28,45.21,45.04,1768.96,5.21,5.21,5.18
PM1,4G,16,16,1,12911,33817,200279,261096,1110,3950,2051.49,2151,14940.91,46.53,46.47,46.29,1829.12,5.35,5.35,5.32
PM1,4G,16,16,2,12780,30540,392168,700449,836,4107,2099.95,2137,14811.87,46.53,46.46,46.28,1818.15,5.35,5.35,5.32
PM1,4G,16,16,3,13960,29754,70779,100140,1340,4483,2125.70,2233,15377.63,49.26,49.2,49.0,1895.51,5.67,5.67,5.64
PM1,4G,16,16,4,13698,32113,124257,217056,1426,3933,2090.52,2190,15197.16,47.85,47.79,47.6,1867.33,5.5,5.5,5.47
PM1,4G,16,16,5,14484,31327,250610,400557,942,4050,2033.30,2129,14866.67,46.52,46.46,46.28,1817.95,5.35,5.35,5.32
PM1,4G,16,32,1,13173,30540,133694,383779,876,4222,2079.67,2182,15236.95,47.85,47.78,47.6,1862.41,5.5,5.5,5.47
PM1,4G,16,32,2,12911,45876,396362,1988101,562,4206,1893.07,1888,13937.1,41.86,41.81,41.65,1651.32,4.82,4.82,4.79
PM1,4G,16,32,3,13304,30540,82314,557843,832,4151,2102.99,2201,15309.94,47.84,47.78,47.59,1869.27,5.5,5.5,5.47
PM1,4G,16,32,4,13829,29230,79168,112722,1312,4369,2102.68,2209,15420.86,49.25,49.18,48.99,1888.76,5.66,5.66,5.63
PM1,4G,16,32,5,14353,32375,233833,1719665,138,4127,2028.16,2065,14640.48,45.25,45.19,45.02,1766.28,5.2,5.2,5.18
PM1,4G,16,64,1,13829,31065,106431,312476,1354,3671,2058.02,2149,15341.59,47.84,47.77,47.58,1844.0,5.5,5.5,5.47
PM1,4G,16,64,2,14222,30278,270533,1736442,792,3641,2015.03,2022,14810.8,45.25,45.19,45.01,1745.19,5.2,5.2,5.18
PM1,4G,16,64,3,118,1218,4019,2055.80,2157,,,,15301.31,47.83,47.77,47.58,1844.84,5.5,5.5,5.47
PM1,4G,16,64,4,224,1569,528,3696,1942.77,1982,,,14757.56,44.05,43.99,43.82,1707.93,5.07,5.07,5.04
PM1,4G,16,64,5,15008,32375,77071,143655,1222,4023,2073.14,2168,15471.54,47.83,47.76,47.57,1862.65,5.5,5.5,5.47
PM1,8G,1,1,1,848,1106,1418,1991,1234,1290,1265.08,1324,7880.25,167.38,167.15,166.5,850.45,19.25,19.25,19.15
PM1,8G,1,1,2,865,1172,1467,1926,1223,1278,1260.08,1319,7837.35,167.38,167.15,166.5,850.25,19.25,19.25,19.15
PM1,8G,1,1,3,1057,1401,1909,3294,1197,1260,1231.77,1290,7937.25,167.37,167.15,166.5,851.01,19.25,19.25,19.15
PM1,8G,1,1,4,898,1254,1532,1844,1217,1294,1261.58,1321,7882.56,167.37,167.14,166.49,846.59,19.25,19.25,19.15
PM1,8G,1,1,5,996,1418,1860,2638,1192,1248,1236.15,1294,7815.86,167.37,167.14,166.49,845.76,19.25,19.25,19.15
PM1,8G,1,2,1,873,1172,1696,2311,1221,1282,1262.08,1320,7769.97,167.36,167.13,166.49,845.97,19.25,19.25,19.15
PM1,8G,1,2,2,898,1319,1860,2376,1202,1272,1249.33,1308,7810.27,167.36,167.13,166.48,850.17,19.25,19.25,19.14
PM1,8G,1,2,3,889,1254,2073,3097,1169,1280,1251.08,1308,7850.08,167.36,167.13,166.48,845.08,19.25,19.25,19.14
PM1,8G,1,2,4,865,1172,1663,2073,1214,1280,1256.33,1316,7887.98,167.35,167.13,166.48,851.95,19.25,19.25,19.14
PM1,8G,1,2,5,865,1254,1631,2245,1218,1274,1259.50,1319,7744.38,167.35,167.12,166.47,847.09,19.25,19.25,19.14
PM1,8G,1,4,1,857,1221,1909,2442,1227,1278,1258.08,1317,7903.99,167.35,167.12,166.47,857.09,19.25,19.25,19.14
PM1,8G,1,4,2,865,1221,2057,2606,1234,1276,1258.00,1319,7872.79,167.34,167.12,166.47,854.25,19.25,19.25,19.14
PM1,8G,1,4,3,873,1205,2008,3425,1207,1270,1255.17,1314,7935.8,167.34,167.11,166.46,856.89,19.25,19.25,19.14
PM1,8G,1,4,4,840,1106,1762,2245,1210,1296,1278.17,1338,7722.4,167.34,167.11,166.46,851.48,19.25,19.25,19.14
PM1,8G,1,4,5,848,1139,1860,2638,1210,1284,1267.08,1325,7990.61,167.33,167.11,166.46,860.59,19.25,19.25,19.14
PM1,8G,1,8,1,857,1139,1795,2442,1212,1288,1263.00,1322,7814.61,167.33,167.1,166.45,852.58,19.25,19.25,19.14
PM1,8G,1,8,2,865,1172,1778,2278,1198,1294,1261.83,1322,7878.11,167.33,167.1,166.45,854.49,19.25,19.25,19.14
PM1,8G,1,8,3,947,1303,2180,3458,1174,1280,1248.08,1309,7948.02,167.32,167.1,166.45,854.28,19.24,19.24,19.14
PM1,8G,1,8,4,914,1319,1958,3326,1180,1286,1248.33,1308,7816.82,167.32,167.09,166.44,848.24,19.24,19.24,19.14
PM1,8G,1,8,5,873,1270,1975,2835,1186,1278,1255.42,1314,7858.93,167.32,167.09,166.44,850.46,19.24,19.24,19.14
PM1,8G,1,16,1,881,1254,2147,2540,1186,1298,1260.17,1320,8010.1,167.31,167.09,166.44,856.94,19.24,19.24,19.14
PM1,8G,1,16,2,922,1352,2409,3163,1191,1262,1242.08,1302,7988.64,167.31,167.08,166.44,854.82,19.24,19.24,19.14
PM1,8G,1,16,3,881,1287,2212,2409,1191,1274,1253.42,1313,7824.04,167.31,167.08,166.43,850.58,19.24,19.24,19.14
PM1,8G,1,16,4,881,1172,2114,3261,1167,1288,1262.25,1322,7938.34,167.31,167.08,166.43,849.55,19.24,19.24,19.14
PM1,8G,1,16,5,898,1287,1991,3326,1193,1272,1253.33,1312,7840.75,167.3,167.07,166.43,849.11,19.24,19.24,19.14
PM1,8G,1,32,1,1037,1532,2442,3163,1183,1244,1228.23,1286,8047.25,167.3,167.07,166.42,856.41,19.24,19.24,19.14
PM1,8G,1,32,2,906,1303,1909,2606,1173,1254,1236.25,1295,8074.46,167.3,167.07,166.42,861.67,19.24,19.24,19.14
PM1,8G,1,32,3,1074,1582,2040,3097,1175,1242,1214.15,1271,8041.86,167.29,167.06,166.42,857.24,19.24,19.24,19.14
PM1,8G,1,32,4,881,1303,2114,3654,1175,1282,1252.75,1312,7981.27,167.29,167.06,166.41,856.94,19.24,19.24,19.14
PM1,8G,1,32,5,922,1352,2024,2409,1166,1258,1239.58,1298,8052.77,167.28,167.06,166.41,859.47,19.24,19.24,19.14
PM1,8G,1,64,1,955,1369,2147,2802,1130,1252,1220.31,1277,8122.18,167.28,167.05,166.41,855.13,19.24,19.24,19.14
PM1,8G,1,64,2,930,1319,1975,2311,1141,1246,1223.31,1280,8089.38,167.28,167.05,166.4,849.0,19.24,19.24,19.14
PM1,8G,1,64,3,914,1287,1778,2737,1132,1262,1231.46,1288,8029.89,167.28,167.05,166.4,855.86,19.24,19.24,19.14
PM1,8G,1,64,4,1254,1811,3130,3654,1116,1196,1176.77,1232,8201.09,167.27,167.04,166.4,857.54,19.24,19.24,19.13
PM1,8G,1,64,5,1106,1778,2868,5276,1088,1254,1194.38,1250,7930.19,167.27,167.04,166.39,854.58,19.24,19.24,19.13
PM1,8G,2,1,1,1057,1532,6128,76022,1574,2626,2356.00,2473,12307.1,167.27,167.04,166.39,1514.22,19.24,19.24,19.13
PM1,8G,2,1,2,922,1450,4686,27395,1705,2526,2382.00,2483,12524.11,167.26,167.03,166.39,1548.77,19.24,19.24,19.13
PM1,8G,2,1,3,889,1287,3752,20579,2260,2500,2419.85,2531,12436.22,167.26,167.03,166.38,1538.18,19.24,19.24,19.13
PM1,8G,2,1,4,1123,2442,7963,29230,1879,2468,2235.14,2297,12069.41,152.05,151.84,151.25,1490.82,17.49,17.49,17.39
PM1,8G,2,1,5,1106,1500,6587,36963,1930,2538,2284.00,2382,12217.49,152.05,151.84,151.25,1511.04,17.49,17.49,17.39
PM1,8G,2,2,1,898,1270,4293,20317,2222,2504,2403.08,2511,12505.45,167.25,167.02,166.37,1546.0,19.24,19.24,19.13
PM1,8G,2,2,2,963,1696,19530,147850,1272,2578,2126.93,2254,11546.69,152.04,151.83,151.24,1417.02,17.49,17.49,17.39
PM1,8G,2,2,3,1090,1827,15533,308282,1036,2520,2099.13,2208,11608.79,152.04,151.83,151.24,1421.97,17.49,17.49,17.39
PM1,8G,2,2,4,1090,2147,25035,270533,878,2538,2024.13,2138,11565.02,152.03,151.82,151.24,1417.72,17.49,17.49,17.39
PM1,8G,2,2,5,898,1434,7635,21365,1952,2530,2368.23,2475,12208.99,167.23,167.0,166.36,1508.24,19.23,19.23,19.13
PM1,8G,2,4,1,889,1352,4228,22152,2235,2536,2421.46,2526,12596.9,167.23,167.0,166.35,1553.65,19.23,19.23,19.13
PM1,8G,2,4,2,996,2008,66847,198181,1340,2561,2034.00,2152,11640.0,152.02,151.81,151.23,1422.69,17.48,17.49,17.39
PM1,8G,2,4,3,889,1057,4015,20317,2318,2540,2411.46,2529,12547.72,167.22,166.99,166.34,1551.64,19.23,19.23,19.13
PM1,8G,2,4,4,1045,1745,6521,24511,1718,2500,2293.36,2401,12245.39,152.02,151.81,151.22,1511.9,17.48,17.48,17.39
PM1,8G,2,4,5,898,1369,5276,20317,2086,2544,2426.15,2526,12540.13,167.21,166.98,166.34,1551.39,19.23,19.23,19.13
PM1,8G,2,8,1,930,1762,6063,154141,1404,2520,2291.31,2408,12053.94,167.21,166.98,166.33,1482.18,19.23,19.23,19.13
PM1,8G,2,8,2,906,1532,4752,33162,2284,2560,2421.15,2494,12517.75,167.21,166.98,166.33,1546.66,19.23,19.23,19.13
PM1,8G,2,8,3,906,1598,4228,21627,1912,2538,2390.23,2503,12351.06,167.2,166.97,166.33,1525.54,19.23,19.23,19.13
PM1,8G,2,8,4,1352,2040,19006,114820,1366,2486,2032.93,2129,11682.34,152.0,151.79,151.2,1430.99,17.48,17.48,17.39
PM1,8G,2,8,5,1037,1483,9765,147850,1316,2504,2130.36,2254,11902.53,152.0,151.79,151.2,1457.61,17.48,17.48,17.39
PM1,8G,2,16,1,1139,1975,47449,246416,1144,2484,1983.12,2071,11352.48,139.33,139.14,138.6,1386.22,16.02,16.02,15.94
PM1,8G,2,16,2,898,1270,3490,20579,2280,2500,2400.08,2509,12544.6,167.19,166.96,166.31,1547.33,19.23,19.23,19.13
PM1,8G,2,16,3,1090,2245,10683,35914,1812,2510,2206.36,2244,12187.92,151.99,151.78,151.19,1501.53,17.48,17.48,17.39
PM1,8G,2,16,4,1156,2040,17957,131597,1138,2570,2072.47,2178,11477.11,151.98,151.77,151.19,1400.7,17.48,17.48,17.39
PM1,8G,2,16,5,1336,2442,10945,26870,1608,2636,2168.56,2223,12269.21,151.98,151.77,151.18,1511.8,17.48,17.48,17.39
PM1,8G,2,32,1,971,1713,7111,162530,1460,2528,2274.93,2376,12281.14,151.98,151.77,151.18,1511.09,17.48,17.48,17.38
PM1,8G,2,32,2,1074,1745,33817,129500,1424,2456,2073.00,2170,11912.01,151.97,151.76,151.18,1448.56,17.48,17.48,17.38
PM1,8G,2,32,3,947,1713,5538,18744,1963,2456,2341.85,2433,12405.06,167.17,166.94,166.29,1529.62,19.23,19.23,19.12
PM1,8G,2,32,4,914,1336,4948,270533,1316,2498,2307.38,2421,12160.88,151.96,151.76,151.17,1495.57,17.48,17.48,17.38
PM1,8G,2,32,5,1090,1926,7898,26084,1878,2464,2247.79,2350,12099.76,151.96,151.75,151.17,1488.45,17.48,17.48,17.38
PM1,8G,2,64,1,1336,2245,19792,166724,1084,2428,1994.80,2076,11452.66,139.29,139.1,138.56,1389.84,16.02,16.02,15.93
PM1,8G,2,64,2,955,1631,7963,26084,1943,2538,2324.38,2407,12283.7,167.15,166.92,166.27,1507.34,19.22,19.22,19.12
PM1,8G,2,64,3,1156,1795,7898,27395,1958,2429,2268.50,2376,12110.55,151.95,151.74,151.16,1485.21,17.48,17.48,17.38
PM1,8G,2,64,4,1287,2114,16450,139461,1236,2388,2038.40,2121,11830.02,151.95,151.74,151.15,1435.16,17.48,17.48,17.38
PM1,8G,2,64,5,1057,1713,25297,235930,1126,2474,1999.47,2118,11637.24,151.94,151.74,151.15,1406.89,17.48,17.48,17.38
PM1,8G,4,1,1,2638,7635,145753,1652556,790,3760,2052.61,2008,13409.47,83.57,83.45,83.13,1647.78,9.61,9.61,9.56
PM1,8G,4,1,2,2671,6259,43779,337642,872,4063,2223.39,2295,14335.75,92.85,92.72,92.36,1772.21,10.68,10.68,10.62
PM1,8G,4,1,3,2606,5997,31065,72877,1226,4347,2258.14,2385,14428.25,92.85,92.72,92.36,1788.99,10.68,10.68,10.62
PM1,8G,4,1,4,2540,4178,35914,57934,1757,3681,2273.93,2389,14439.61,92.84,92.72,92.36,1789.87,10.68,10.68,10.62
PM1,8G,4,1,5,2638,5800,26084,68682,1323,4229,2274.11,2388,14526.07,92.84,92.71,92.35,1799.93,10.68,10.68,10.62
PM1,8G,4,2,1,2638,6521,31589,47973,876,4396,2266.51,2376,14516.75,92.84,92.71,92.35,1797.67,10.68,10.68,10.62
PM1,8G,4,2,2,2671,6718,46924,354419,1229,3296,2177.03,2285,14162.46,92.83,92.71,92.35,1749.46,10.68,10.68,10.62
PM1,8G,4,2,3,2835,7046,129500,1434452,4406,1984.06,2014,,13439.74,83.55,83.43,83.11,1652.88,9.61,9.61,9.56
PM1,8G,4,2,4,2638,6063,33817,434111,1196,3772,2173.27,2268,14080.43,87.94,87.82,87.48,1739.38,10.11,10.11,10.06
PM1,8G,4,2,5,2638,5080,34341,242222,1272,3904,2224.07,2342,14396.24,92.82,92.7,92.34,1780.25,10.68,10.68,10.62
PM1,8G,4,4,1,2573,6652,108528,450888,496,4009,2109.57,2236,13929.78,87.94,87.82,87.48,1712.19,10.11,10.11,10.06
PM1,8G,4,4,2,2671,6915,45876,333448,1320,3946,2162.69,2268,14079.74,92.82,92.69,92.33,1739.88,10.68,10.68,10.62
PM1,8G,4,4,3,2606,7242,145753,1870660,132,4468,2011.71,2022,13478.2,83.53,83.42,83.1,1653.67,9.61,9.61,9.56
PM1,8G,4,4,4,2606,6652,38011,450888,206,4199,2187.66,2305,14218.51,92.81,92.69,92.33,1758.16,10.67,10.67,10.62
PM1,8G,4,4,5,2573,7046,128451,471860,1064,3979,2037.10,2151,13552.52,87.93,87.81,87.46,1666.49,10.11,10.11,10.06
PM1,8G,4,8,1,2802,6063,40109,320865,1184,4024,2157.05,2259,14036.56,87.92,87.8,87.46,1734.24,10.11,10.11,10.06
PM1,8G,4,8,2,2737,7242,147850,421528,634,4335,2047.55,2173,13682.26,87.92,87.8,87.46,1681.05,10.11,10.11,10.06
PM1,8G,4,8,3,2671,6783,53740,278922,1138,4008,2163.24,2276,14080.57,92.8,92.67,92.31,1739.13,10.67,10.67,10.62
PM1,8G,4,8,4,2769,6783,44303,270533,1234,4510,2173.45,2282,14094.77,92.8,92.67,92.31,1738.99,10.67,10.67,10.62
PM1,8G,4,8,5,2606,7373,52691,358613,1258,3516,2172.90,2274,14111.47,92.8,92.67,92.31,1743.09,10.67,10.67,10.62
PM1,8G,4,16,1,2704,6521,147850,308282,1329,4102,2086.11,2175,13723.67,87.91,87.79,87.45,1683.79,10.11,10.11,10.06
PM1,8G,4,16,2,2737,7111,38011,400557,1429,3686,2171.94,2266,14046.21,87.91,87.79,87.44,1730.87,10.11,10.11,10.06
PM1,8G,4,16,3,2638,8094,162530,1602225,4064,1975.81,1966,,12874.78,79.53,79.42,79.11,1574.92,9.15,9.15,9.1
PM1,8G,4,16,4,2802,6456,35390,337642,1092,3945,2174.72,2282,14146.99,92.78,92.66,92.3,1745.01,10.67,10.67,10.61
PM1,8G,4,16,5,2769,7635,145753,329253,1192,4258,2067.85,2189,13744.19,87.9,87.78,87.44,1687.99,10.11,10.11,10.05
PM1,8G,4,32,1,2835,7570,158335,1837106,1226,3423,2039.97,1975,12910.94,79.52,79.41,79.11,1575.86,9.15,9.15,9.1
PM1,8G,4,32,2,2769,7111,115868,1920992,956,3406,2105.07,1990,12880.81,79.52,79.41,79.1,1575.89,9.15,9.15,9.1
PM1,8G,4,32,3,2868,7242,40109,429917,1276,3471,2141.87,2244,13895.91,87.89,87.77,87.43,1709.02,10.11,10.11,10.05
PM1,8G,4,32,4,2933,7832,139461,278922,1126,3625,2074.13,2199,13701.3,87.88,87.76,87.42,1677.9,10.11,10.11,10.05
PM1,8G,4,32,5,2671,7308,33162,223347,1288,4112,2267.18,2363,14424.7,92.76,92.64,92.28,1781.68,10.67,10.67,10.61
PM1,8G,4,64,1,2868,7242,44827,1149240,430,3726,2066.33,2100,13503.32,83.49,83.37,83.05,1653.38,9.6,9.6,9.55
PM1,8G,4,64,2,2671,6325,42206,193987,1442,3586,2204.97,2302,14467.11,92.76,92.63,92.27,1770.65,10.67,10.67,10.61
PM1,8G,4,64,3,2868,7635,160433,1585447,290,3514,1977.91,1941,13074.25,79.5,79.4,79.09,1575.28,9.14,9.14,9.09
PM1,8G,4,64,4,2769,6456,39060,252707,1337,3454,2216.66,2326,14430.42,92.75,92.63,92.27,1769.51,10.67,10.67,10.61
PM1,8G,4,64,5,3064,7111,39060,442500,1220,3948,2164.17,2284,14431.43,92.75,92.62,92.26,1769.51,10.67,10.67,10.61
PM1,8G,8,1,1,5604,16319,80217,624952,648,4215,2117.18,2215,15323.5,49.1,49.03,48.84,1893.16,5.65,5.65,5.62
PM1,8G,8,1,2,5145,14746,60031,121111,1138,5462,2136.15,2251,15427.52,49.1,49.03,48.84,1911.4,5.65,5.65,5.62
PM1,8G,8,1,3,5669,15926,80217,429917,1356,3811,2098.21,2210,15268.94,49.1,49.03,48.84,1888.54,5.65,5.65,5.62
PM1,8G,8,1,4,5473,15008,48497,95945,1268,5487,2145.15,2260,15422.44,49.09,49.03,48.84,1910.04,5.65,5.65,5.62
PM1,8G,8,1,5,5211,14222,57410,110625,1128,4867,2131.03,2234,15415.54,49.09,49.02,48.83,1910.1,5.65,5.65,5.62
PM1,8G,8,2,1,5407,15926,160433,985662,786,4240,2107.97,2178,15026.63,47.69,47.62,47.44,1856.87,5.48,5.48,5.45
PM1,8G,8,2,2,4686,14746,187696,1602225,704,3714,2022.23,2058,14331.86,45.11,45.04,44.87,1763.05,5.19,5.19,5.16
PM1,8G,8,2,3,5342,15401,77071,325059,1220,3603,2121.00,2220,15259.15,49.08,49.02,48.83,1887.49,5.65,5.65,5.61
PM1,8G,8,2,4,5473,15139,92799,392168,656,4122,2122.82,2228,15350.12,49.08,49.01,48.82,1898.22,5.65,5.65,5.61
PM1,8G,8,2,5,5538,16057,74974,442500,1114,3736,2113.13,2215,15280.84,49.08,49.01,48.82,1889.96,5.64,5.64,5.61
PM1,8G,8,4,1,5997,17957,196084,1484784,192,4060,2013.68,2022,14225.2,45.1,45.04,44.86,1746.41,5.19,5.19,5.16
PM1,8G,8,4,2,5866,19268,299893,1619002,688,3978,1935.66,1918,13683.05,42.78,42.72,42.56,1681.26,4.92,4.92,4.89
PM1,8G,8,4,3,5407,15008,64226,459277,1015,5147,2141.32,2253,15482.92,49.07,49.0,48.81,1916.19,5.64,5.64,5.61
PM1,8G,8,4,4,5735,16909,227541,1803551,4058,2022.95,2047,,14317.84,45.09,45.03,44.85,1761.53,5.19,5.19,5.16
PM1,8G,8,4,5,6063,19530,173016,1686111,182,3990,2050.31,2083,14536.31,46.34,46.28,46.1,1785.8,5.33,5.33,5.3
PM1,8G,8,8,1,5932,16712,210764,1786774,116,3608,1991.99,1951,13841.12,42.77,42.71,42.55,1693.57,4.92,4.92,4.89
PM1,8G,8,8,2,5800,15270,63177,517997,496,5431,2116.25,2230,15377.37,49.06,48.99,48.8,1903.06,5.64,5.64,5.61
PM1,8G,8,8,3,5080,14877,66323,333448,1290,3930,2117.52,2225,15361.38,49.06,48.99,48.8,1898.49,5.64,5.64,5.61
PM1,8G,8,8,4,5932,16581,392168,1736442,168,4104,2052.52,1997,14092.81,43.89,43.83,43.66,1735.46,5.05,5.05,5.02
PM1,8G,8,8,5,5997,15795,56886,421528,194,5324,2145.30,2255,15503.72,49.05,48.99,48.8,1916.09,5.64,5.64,5.61
PM1,8G,8,16,1,6390,16581,86508,320865,1098,3987,2097.20,2202,15278.5,49.05,48.98,48.79,1883.11,5.64,5.64,5.61
PM1,8G,8,16,2,5800,15270,333448,1719665,372,3856,2039.63,1957,13972.18,43.89,43.83,43.66,1708.63,5.05,5.05,5.02
PM1,8G,8,16,3,5932,15664,58459,396362,1104,5117,2129.43,2244,15443.64,49.05,48.98,48.79,1907.38,5.64,5.64,5.61
PM1,8G,8,16,4,6587,17957,191890,1753220,660,3846,1986.00,2023,14208.35,43.88,43.82,43.65,1737.36,5.05,5.05,5.02
PM1,8G,8,16,5,5866,16057,229639,1920992,3713,2013.37,1967,,13982.25,43.88,43.82,43.65,1710.89,5.05,5.05,5.02
PM1,8G,8,32,1,6849,16188,59507,79168,1194,4757,2131.20,2238,15459.24,49.04,48.97,48.78,1906.41,5.64,5.64,5.61
PM1,8G,8,32,2,6980,17171,63177,210764,1242,4270,2112.37,2219,15411.88,49.04,48.97,48.78,1897.7,5.64,5.64,5.61
PM1,8G,8,32,3,7111,17171,57410,89654,1231,4754,2132.71,2235,15494.33,49.03,48.97,48.78,1909.99,5.64,5.64,5.61
PM1,8G,8,32,4,7308,16581,63701,128451,1377,3793,2103.02,2195,15255.13,47.63,47.57,47.38,1875.6,5.48,5.48,5.45
PM1,8G,8,32,5,6915,16712,74974,127402,1146,4622,2110.14,2216,15352.72,49.03,48.96,48.77,1890.61,5.64,5.64,5.61
PM1,8G,8,64,1,7635,16909,60031,742392,990,4308,2126.17,2193,15316.85,47.63,47.56,47.38,1870.32,5.48,5.48,5.45
PM1,8G,8,64,2,6849,16712,270533,1719665,960,4015,1981.68,1941,14143.83,42.74,42.68,42.51,1684.42,4.92,4.92,4.89
PM1,8G,8,64,3,7635,16909,60556,476054,1420,3716,2075.74,2178,15220.06,47.62,47.56,47.37,1858.21,5.48,5.48,5.45
PM1,8G,8,64,4,7635,17171,149947,358613,924,3783,2006.64,2103,14940.62,46.3,46.23,46.05,1804.95,5.32,5.32,5.3
PM1,8G,8,64,5,7504,17171,126354,304088,1092,3912,2024.65,2117,15016.51,46.29,46.23,46.05,1814.93,5.32,5.32,5.3
PM1,8G,16,1,1,300,1804,304,4026,2014.76,2035,,,14928.3,23.47,23.44,23.35,1839.84,2.7,2.7,2.68
PM1,8G,16,1,2,243,1687,158,3722,2013.10,2064,,,15114.85,23.8,23.77,23.68,1863.45,2.74,2.74,2.72
PM1,8G,16,1,3,153,376,264,4177,2069.78,2177,,,15802.82,24.87,24.83,24.74,1953.69,2.86,2.86,2.84
PM1,8G,16,1,4,334,1552,364,4157,2032.46,2076,,,15235.84,24.15,24.11,24.02,1878.09,2.78,2.78,2.76
PM1,8G,16,1,5,117,514,978,4551,2067.08,2172,,,15824.29,24.86,24.83,24.73,1959.19,2.86,2.86,2.84
PM1,8G,16,2,1,180,1291,4667,2100.63,2204,,,,16065.26,25.63,25.59,25.49,1988.0,2.95,2.95,2.93
PM1,8G,16,2,2,182,1210,4716,2094.46,2198,,,,15967.95,25.24,25.2,25.1,1976.38,2.9,2.9,2.89
PM1,8G,16,2,3,205,1703,1100,3190,2036.14,2086,,,15309.75,24.14,24.1,24.01,1886.96,2.78,2.78,2.76
PM1,8G,16,2,4,201,1157,4628,2084.19,2190,,,,15959.48,25.23,25.2,25.1,1975.17,2.9,2.9,2.89
PM1,8G,16,2,5,211,1854,534,4149,2057.64,2114,,,15507.29,24.49,24.45,24.36,1913.35,2.82,2.82,2.8
PM1,8G,16,4,1,188,726,420,4337,2049.29,2135,,,15647.29,24.49,24.45,24.36,1928.47,2.82,2.82,2.8
PM1,8G,16,4,2,199,988,4652,2071.66,2176,,,,15826.6,24.85,24.82,24.72,1955.99,2.86,2.86,2.84
PM1,8G,16,4,3,203,1156,4597,2078.74,2185,,,,15931.82,25.22,25.19,25.09,1969.66,2.9,2.9,2.89
PM1,8G,16,4,4,163,1166,4824,2075.35,2180,,,,15906.42,25.22,25.19,25.09,1966.88,2.9,2.9,2.89
PM1,8G,16,4,5,106,435,1000,4006,2070.22,2174,,,15901.68,25.22,25.18,25.09,1965.42,2.9,2.9,2.88
PM1,8G,16,8,1,197,1253,4636,2085.86,2191,,,,15986.42,25.22,25.18,25.08,1973.42,2.9,2.9,2.88
PM1,8G,16,8,2,111,489,998,4040,2064.45,2165,,,15827.08,24.84,24.8,24.71,1952.96,2.86,2.86,2.84
PM1,8G,16,8,3,209,1989,958,3895,2015.41,2067,,,15274.36,23.77,23.74,23.65,1875.44,2.73,2.73,2.72
PM1,8G,16,8,4,197,1787,980,4141,2051.61,2092,,,15457.38,24.11,24.08,23.99,1901.5,2.77,2.77,2.76
PM1,8G,16,8,5,186,426,464,4100,2064.33,2152,,,15828.37,24.83,24.8,24.7,1951.18,2.86,2.86,2.84
PM1,8G,16,16,1,205,1821,384,3920,2009.76,2080,,,15399.11,24.11,24.08,23.98,1885.06,2.77,2.77,2.76
PM1,8G,16,16,2,100,207,924,4380,2072.93,2165,,,15975.08,25.2,25.17,25.07,1965.35,2.9,2.9,2.88
PM1,8G,16,16,3,330,1938,904,4417,2009.96,2033,,,15072.27,23.43,23.39,23.3,1841.87,2.69,2.69,2.68
PM1,8G,16,16,4,182,1015,4593,2071.82,2174,,,,16016.63,25.2,25.17,25.07,1971.19,2.9,2.9,2.88
PM1,8G,16,16,5,207,953,546,4333,2027.68,2112,,,15589.83,24.46,24.42,24.33,1914.35,2.81,2.81,2.8
PM1,8G,16,32,1,100,489,618,4221,2035.49,2127,,,15824.83,24.45,24.42,24.33,1930.77,2.81,2.81,2.8
PM1,8G,16,32,2,121,262,1143,3914,2032.07,2123,,,15734.14,24.45,24.42,24.32,1922.25,2.81,2.81,2.8
PM1,8G,16,32,3,247,1787,116,4494,2002.59,2038,,,15302.03,23.42,23.38,23.29,1848.4,2.69,2.69,2.68
PM1,8G,16,32,4,101,186,1136,4303,2053.64,2153,,,15870.15,24.45,24.41,24.32,1936.73,2.81,2.81,2.8
PM1,8G,16,32,5,201,1804,106,4145,2006.16,2072,,,15523.55,23.75,23.71,23.62,1874.81,2.73,2.73,2.72
PM1,8G,16,64,1,174,1770,3823,1979.46,2048,,,,15737.93,23.41,23.38,23.29,1855.77,2.69,2.69,2.68
PM1,8G,16,64,2,13304,28705,87557,683672,577,4814,2073.14,2150,16231.35,24.81,24.77,24.68,1947.41,2.85,2.85,2.84
PM1,8G,16,64,3,205,1636,658,3797,1956.19,2012,,,15469.85,23.08,23.05,22.96,1829.68,2.65,2.65,2.64
PM1,8G,16,64,4,148,1134,3854,2018.11,2116,,,,15961.23,24.44,24.4,24.31,1916.76,2.81,2.81,2.8
PM1,8G,16,64,5,186,1804,1142,3949,1982.89,2038,,,15656.72,23.4,23.37,23.28,1847.56,2.69,2.69,2.68
