0623-2108
PM1,4G,1,1,1,914,1221,1762,6063,1217,1260,1242.83,1302,5538.97,235.5,235.18,234.27,616.5,27.09,27.09,26.94
PM1,4G,1,1,2,881,1156,1549,4228,1226,1282,1264.00,1323,284.12,5473.79,235.18,234.27,32.96,611.36,27.09,26.94
PM1,4G,1,1,3,898,1172,1598,2900,1194,1262,1244.00,1302,284.11,235.5,5419.32,234.26,32.96,27.09,607.14,26.94
PM1,4G,1,1,4,1123,1352,2040,2868,1204,1246,1227.00,1285,331.46,274.75,274.37,6412.64,38.45,31.6,31.6,716.18
PM1,4G,1,1,5,865,1188,1549,1942,1234,1276,1252.50,1311,5586.25,235.92,235.6,234.69,617.97,27.09,27.09,26.94
PM1,4G,1,2,1,1123,1713,2474,5604,1185,1242,1212.83,1268,284.11,235.49,2888.46,2863.69,32.96,27.08,319.61,318.31
PM1,4G,1,2,2,947,1205,1876,2089,1181,1294,1250.50,1307,2907.67,2913.35,235.17,234.26,325.19,320.53,27.09,26.94
PM1,4G,1,2,3,996,1467,1844,2540,1203,1256,1234.17,1294,2963.24,235.49,235.17,2894.68,326.31,27.08,27.08,319.63
PM1,4G,1,2,4,988,1467,2212,6194,1230,1252,1243.00,1298,284.1,2910.2,2910.59,234.25,32.96,319.7,319.6,26.94
PM1,4G,1,2,5,979,1401,1827,2245,1222,1250,1237.83,1297,2955.52,2874.06,235.16,234.25,327.35,319.61,27.08,26.94
PM1,4G,1,4,1,1106,1680,2474,3064,1191,1254,1223.83,1280,1560.23,1480.05,1509.87,1480.39,172.94,165.15,165.9,164.87
PM1,4G,1,4,2,1123,2245,3163,3261,1148,1206,1190.67,1252,1546.66,1489.48,1482.58,1511.67,172.29,166.07,165.6,166.03
PM1,4G,1,4,3,1254,1958,3589,5932,1156,1252,1203.83,1261,1543.94,1482.48,1473.3,1481.67,171.81,165.3,164.78,165.29
PM1,4G,1,4,4,1045,1647,2966,4113,1108,1258,1213.67,1273,1524.65,1491.76,1476.01,1479.95,170.81,166.57,164.82,164.79
PM1,4G,1,4,5,873,1221,1795,4146,1262,1312,1278.00,1340,1794.76,1716.39,1731.17,1735.44,199.8,192.68,193.59,192.86
PM1,4G,1,8,1,979,1450,2606,5735,1152,1264,1235.00,1292,1863.42,1829.55,1805.34,1832.27,207.51,202.11,201.74,202.97
PM1,4G,1,8,2,1029,1500,2900,6980,1137,1260,1222.17,1278,1893.25,1838.72,1803.5,1809.94,209.96,201.86,200.91,200.99
PM1,4G,1,8,3,898,1418,2147,2835,1167,1306,1264.17,1321,1854.75,1832.71,1841.17,1795.1,207.53,203.06,202.58,200.81
PM1,4G,1,8,4,1074,1467,1958,3425,1167,1282,1234.83,1291,1887.08,1801.54,1806.83,1818.77,207.63,199.54,201.34,201.04
PM1,4G,1,8,5,988,1385,1942,3752,1215,1308,1265.17,1324,1871.58,1829.71,1854.83,1829.43,208.15,202.21,203.24,200.94
PM1,4G,1,16,1,1020,1500,3687,12256,1182,1276,1235.67,1294,1878.41,1810.54,1829.16,1821.26,208.2,201.58,202.71,202.12
PM1,4G,1,16,2,955,1532,2474,7046,1195,1242,1227.83,1287,1875.9,1823.2,1828.99,1795.09,208.26,201.02,202.69,200.33
PM1,4G,1,16,3,906,1369,2540,3392,1231,1302,1266.83,1324,1872.07,1828.03,1791.32,1814.59,208.45,202.35,200.5,200.5
PM1,4G,1,16,4,1029,1663,2933,4424,1140,1262,1214.33,1268,1592.2,1549.45,1544.13,1545.36,177.98,172.05,172.39,171.46
PM1,4G,1,16,5,1057,1778,3326,5276,1166,1270,1208.83,1265,1596.19,1570.31,1568.7,1550.36,177.81,172.11,173.7,172.42
PM1,4G,1,32,1,1139,2868,4228,9765,1140,1202,1170.17,1225,1586.48,1559.74,1589.41,1536.07,177.89,172.7,174.72,171.72
PM1,4G,1,32,2,1012,1713,3228,8586,1087,1268,1214.33,1273,1612.19,1594.16,1563.98,1583.07,177.42,173.37,172.53,172.99
PM1,4G,1,32,3,971,1582,2606,6980,1195,1240,1222.33,1280,1605.47,1556.73,1602.41,1550.92,178.05,172.37,175.37,172.39
PM1,4G,1,32,4,1020,1663,2573,6587,1159,1258,1219.83,1279,1885.55,1839.19,1830.81,1823.24,208.66,202.31,202.57,201.83
PM1,4G,1,32,5,865,1385,2040,5276,1191,1312,1262.17,1319,1872.88,1822.02,1824.8,1797.41,208.18,201.54,202.79,200.36
PM1,4G,1,64,1,1106,1500,4359,8717,1134,1274,1218.33,1274,1580.89,1547.15,1575.97,1571.06,174.69,169.63,171.91,171.02
PM1,4G,1,64,2,947,1434,2278,4293,1210,1274,1240.83,1296,1867.87,1803.01,1808.47,1834.07,205.37,199.29,200.28,200.53
PM1,4G,1,64,3,1123,1696,2933,10290,1087,1236,1187.50,1243,1581.46,1539.86,1568.11,1555.2,174.83,169.13,170.94,169.47
PM1,4G,1,64,4,1139,1631,2507,5145,1106,1237,1205.17,1263,1594.45,1524.29,1509.97,1559.77,176.39,169.5,169.35,172.09
PM1,4G,1,64,5,1139,2073,2835,14484,1087,1230,1195.17,1247,1591.31,1539.86,1597.25,1547.77,175.98,169.78,172.32,169.76
PM1,4G,2,1,1,1106,1532,2147,3294,2250,2374,2339.33,2431,5620.31,235.86,235.53,5504.76,616.95,27.08,27.08,611.13
PM1,4G,2,1,2,955,1270,1680,2040,2364,2482,2429.83,2536,284.02,5573.0,5548.82,234.2,32.95,614.17,614.54,26.93
PM1,4G,2,1,3,1057,1434,2024,3195,2303,2436,2384.83,2495,5525.3,235.43,235.1,5476.91,618.07,27.08,27.08,609.52
PM1,4G,2,1,4,1057,1434,1876,3097,2308,2468,2395.17,2507,284.02,5500.57,5493.81,234.19,32.95,611.96,615.39,26.93
PM1,4G,2,1,5,971,1303,2008,3425,2428,2464,2447.17,2559,5544.16,235.43,235.1,5475.76,618.25,27.08,27.08,609.88
PM1,4G,2,2,1,1139,1647,2606,5342,2180,2426,2331.33,2405,2897.58,2867.56,2891.53,2877.48,325.14,318.76,320.31,319.39
PM1,4G,2,2,2,1500,2212,3359,4490,2119,2226,2156.43,2250,2908.44,2920.42,2850.81,2929.9,324.89,319.99,319.15,321.77
PM1,4G,2,2,3,1450,2278,3032,4146,2092,2464,2191.29,2260,2907.72,2851.13,2844.38,2890.33,324.64,318.79,318.55,320.12
PM1,4G,2,2,4,1434,2057,2966,4752,2121,2302,2203.31,2176,2953.72,2850.13,2848.24,2886.9,326.16,319.03,319.13,319.3
PM1,4G,2,2,5,1156,1745,2606,7963,2199,2382,2323.50,2439,2895.72,2816.7,2842.52,2888.62,324.78,318.55,319.29,319.65
PM1,4G,2,4,1,1090,1582,2409,4293,2296,2431,2385.00,2494,2895.29,2842.56,2861.38,2853.47,323.06,317.27,318.41,317.42
PM1,4G,2,4,2,1123,1532,2343,5604,2229,2390,2353.50,2458,2901.57,2862.27,2867.8,2849.33,323.75,318.81,317.17,317.51
PM1,4G,2,4,3,1156,1680,2442,5080,2184,2398,2322.67,2424,2962.14,2845.41,2854.09,2857.18,325.38,316.9,317.82,317.58
PM1,4G,2,4,4,1532,2802,4424,6587,2076,2290,2156.00,2259,2904.65,2830.02,2838.67,2853.57,322.34,316.35,317.4,316.6
PM1,4G,2,4,5,1303,2024,3097,4817,2189,2292,2250.43,2355,2921.0,2847.41,2851.09,2872.75,322.53,317.73,318.17,317.45
PM1,4G,2,8,1,1565,2507,3720,6915,2069,2234,2160.43,2252,2936.42,2880.55,2884.94,2892.32,324.25,316.96,317.53,317.16
PM1,4G,2,8,2,1369,2442,4293,15401,2085,2358,2266.69,2297,2930.28,2873.98,2901.09,2879.75,323.05,318.16,319.31,319.31
PM1,4G,2,8,3,1385,2180,3458,6652,2098,2296,2222.57,2300,2954.99,2856.12,2868.51,2858.61,325.33,317.77,317.6,316.5
PM1,4G,2,8,4,1631,2802,4948,7242,2040,2200,2116.43,2213,2933.31,2855.0,2849.03,2884.36,323.38,317.41,317.14,318.05
PM1,4G,2,8,5,1876,3064,5145,13042,2002,2086,2041.00,2140,2933.56,2854.12,2858.8,2869.89,325.38,317.48,318.29,317.09
PM1,4G,2,16,1,1811,3130,5800,16319,1990,2076,2027.43,2125,2917.99,2880.41,2876.37,2880.03,323.48,317.62,317.72,318.52
PM1,4G,2,16,2,1565,2540,3949,15795,2053,2214,2155.86,2249,3006.41,2916.12,2901.08,2873.17,325.09,318.01,316.54,316.46
PM1,4G,2,16,3,1483,2311,3785,7635,2106,2274,2219.14,2296,3006.84,2891.4,2900.79,2865.32,325.42,317.46,317.97,317.77
PM1,4G,2,16,4,1352,2245,4113,7439,2058,2358,2236.88,2295,2941.41,2944.83,2873.22,2901.6,323.94,319.88,317.63,319.96
PM1,4G,2,16,5,1188,1778,2966,15270,2078,2396,2297.67,2405,2931.41,2898.54,2921.22,2890.31,323.52,317.57,319.58,319.35
PM1,4G,2,32,1,1319,2507,6521,12256,2020,2376,2190.86,2239,2934.98,2925.83,3009.65,2889.74,318.77,313.72,322.55,320.13
PM1,4G,2,32,2,1254,1876,3916,12256,1993,2384,2266.83,2376,3010.69,2869.26,2921.93,2860.03,328.04,313.22,314.74,314.7
PM1,4G,2,32,3,1467,2376,3720,15008,1999,2228,2153.00,2250,2994.55,2863.83,2948.5,2883.6,327.02,313.97,320.96,321.15
PM1,4G,2,32,4,1631,2606,4359,13435,2054,2176,2122.86,2217,3064.11,2940.54,2923.36,2829.6,329.7,313.87,315.11,313.54
PM1,4G,2,32,5,1516,3032,4490,19006,2022,2238,2163.43,2187,2932.11,2999.25,2988.93,2862.6,318.71,322.36,322.0,313.21
PM1,4G,2,64,1,1401,2180,3359,8225,1976,2286,2219.71,2311,3066.97,3018.25,3060.64,2951.74,326.28,321.58,321.82,320.8
PM1,4G,2,64,2,1172,1745,3130,8586,2109,2404,2306.17,2415,3089.82,3038.39,3023.21,2877.31,327.19,322.07,322.66,314.09
PM1,4G,2,64,3,1303,1942,3359,7767,1958,2406,2269.14,2359,3086.25,3014.97,2937.5,2927.59,327.99,323.0,315.26,320.42
PM1,4G,2,64,4,1532,2540,5735,15270,1941,2246,2130.43,2168,3050.96,3057.96,2927.78,2929.73,326.75,322.66,313.34,320.77
PM1,4G,2,64,5,1237,1762,4015,10683,2054,2340,2263.93,2355,3091.53,3024.96,2986.07,2943.45,329.26,321.37,314.78,321.45
PM1,4G,4,1,1,1385,2245,5473,9765,4068,4428,4250.57,4434,5610.82,5543.11,5554.35,5550.16,620.28,609.49,611.78,614.57
PM1,4G,4,1,2,1598,2180,3392,6390,3638,4176,3901.43,4013,5525.1,5499.28,5672.41,5499.04,615.93,609.67,619.02,610.44
PM1,4G,4,1,3,1467,1991,3163,4178,4052,4380,4214.36,4129,5693.25,5537.82,5602.07,5648.31,622.9,611.68,615.66,613.85
PM1,4G,4,1,4,1336,3097,7111,15139,4019,4532,4306.43,4451,5618.39,5536.39,5687.5,5535.45,617.53,610.6,616.26,608.34
PM1,4G,4,1,5,1631,2311,4178,6390,3728,4500,4096.46,3743,4933.72,4887.72,4910.19,4861.15,541.37,535.43,540.26,534.01
PM1,4G,4,2,1,1876,3228,7242,17171,3247,4456,3707.52,3444,4969.09,4872.35,4952.69,4869.65,541.87,535.97,539.82,534.96
PM1,4G,4,2,2,1958,3130,5538,12780,3255,4526,3643.10,3435,4968.97,4940.47,4999.94,4842.15,540.79,536.67,539.38,533.87
PM1,4G,4,2,3,1762,2835,4948,12256,3578,3998,3805.38,3973,5692.1,5643.11,5609.36,5595.74,619.63,613.89,611.85,610.73
PM1,4G,4,2,4,1483,2835,5604,8356,3904,4338,4143.29,4279,5721.68,5587.83,5598.93,5720.74,622.7,611.44,609.88,617.92
PM1,4G,4,2,5,1631,2835,5538,11338,3724,4351,4012.36,4036,5685.53,5688.83,5642.65,5770.17,620.44,615.05,612.76,618.91
PM1,4G,4,4,1,1795,3326,7046,11338,3540,4543,3855.44,3461,5114.59,5037.85,4971.44,4896.65,545.78,539.84,540.27,538.28
PM1,4G,4,4,2,1827,3195,5735,13304,3509,4398,3865.52,3501,5019.84,5007.6,4944.94,4872.4,546.31,537.81,537.13,534.52
PM1,4G,4,4,3,1876,3261,6194,9765,3282,4369,3748.74,3537,5002.59,4931.85,4994.32,4876.15,544.47,532.88,541.69,535.58
PM1,4G,4,4,4,1467,3621,7898,12256,3832,4278,4085.89,4161,5877.39,5658.55,5725.51,5638.6,628.91,615.15,618.62,616.97
PM1,4G,4,4,5,1893,3195,6456,17957,3394,4389,3827.92,3473,4993.59,5000.11,5052.2,4917.78,541.93,542.5,543.45,536.48
PM1,4G,4,8,1,1745,4228,9241,17171,3596,4286,3944.45,3991,5822.68,5727.69,5718.66,5713.89,626.5,618.91,620.26,615.86
PM1,4G,4,8,2,1795,3425,6783,12911,3488,4398,3855.32,3609,5132.22,5031.61,5017.7,4924.16,550.74,542.71,540.38,534.63
PM1,4G,4,8,3,1876,3425,6980,15008,3230,4375,3800.09,3508,5095.22,5017.99,5029.83,4931.66,546.48,537.09,538.49,533.9
PM1,4G,4,8,4,1680,4178,9110,12518,3507,4309,3938.75,3849,5073.35,5116.11,5011.08,4952.03,544.67,546.33,542.77,538.24
PM1,4G,4,8,5,1860,3490,7767,21890,3556,4348,3809.83,3427,5099.22,4906.61,5011.95,4944.16,547.6,534.19,542.27,536.01
PM1,4G,4,16,1,1827,3589,7898,11600,3261,4478,3834.44,3686,5176.97,5138.86,5084.58,5105.29,544.27,545.17,538.12,541.1
PM1,4G,4,16,2,1795,3326,7570,17957,3502,4424,3839.84,3499,5126.72,5104.86,5076.71,4976.41,545.66,542.7,543.92,535.21
PM1,4G,4,16,3,1745,3687,8029,11863,3339,4140,3825.75,3861,5151.6,5111.86,5054.71,5027.16,546.21,540.09,540.98,537.81
PM1,4G,4,16,4,1680,3720,8848,18482,3496,4327,3904.12,3735,5089.97,5168.24,5096.71,5126.16,545.62,542.99,539.19,541.42
PM1,4G,4,16,5,1926,3785,7832,12256,3435,4409,3730.80,3377,5153.22,5118.24,5079.21,5045.17,548.4,541.46,540.29,536.44
PM1,4G,4,32,1,1647,4146,9503,11469,3592,4387,3949.27,4073,6062.97,5949.71,5918.81,6003.48,630.94,616.03,619.12,617.09
PM1,4G,4,32,2,1696,4359,8848,15795,3582,4080,3830.75,3979,6072.11,6109.85,5947.39,6074.05,626.46,624.72,613.13,620.79
PM1,4G,4,32,3,2089,4113,8455,13435,2644,4209,3544.71,3458,5144.22,5173.37,5147.34,5185.3,541.08,541.62,542.3,541.76
PM1,4G,4,32,4,1483,3556,7832,11600,3533,4482,4119.29,4267,6039.4,5905.43,5877.82,5905.34,626.93,623.25,615.17,613.76
PM1,4G,4,32,5,1434,3785,8979,15270,3787,4390,4119.00,4300,6052.26,5932.29,5994.25,6096.77,624.13,616.28,617.67,625.86
PM1,4G,4,64,1,2343,4424,10028,20055,2809,4265,3315.56,3060,4740.69,4792.48,4743.54,4798.91,486.11,481.73,479.58,482.77
PM1,4G,4,64,2,2474,4490,12125,21627,2473,4080,3201.38,2998,4914.66,4885.21,4788.43,4897.14,490.57,481.44,482.3,481.88
PM1,4G,4,64,3,2376,4424,10683,18744,2559,4236,3315.47,3047,4757.11,4769.16,4663.03,4716.66,483.9,480.87,476.42,479.61
PM1,4G,4,64,4,2442,4359,10421,21365,2665,4146,3245.76,3021,4838.08,4771.71,4804.01,4863.09,482.67,479.54,480.62,482.53
PM1,4G,4,64,5,1844,4621,10290,21365,2968,4222,3827.38,3938,5297.48,5322.38,5358.72,5379.43,545.06,545.4,541.99,544.92
PM1,4G,8,1,1,5800,12387,24773,39584,1708,6360,3720.09,3812,6615.32,6612.09,6556.9,6573.04,711.49,708.68,707.5,708.58
PM1,4G,8,1,2,6194,12387,24249,33817,1771,6852,3588.26,3653,6047.76,6040.39,6063.06,5957.34,656.57,655.37,654.72,649.19
PM1,4G,8,1,3,5866,11600,21365,27132,2154,7050,3750.14,3531,6073.22,6018.86,6042.99,5983.04,656.27,649.37,652.98,651.5
PM1,4G,8,1,4,5997,11863,22676,34341,1838,6933,3699.94,3635,6006.99,6084.24,6025.68,6021.58,654.02,654.34,655.37,650.31
PM1,4G,8,1,5,5997,12518,22152,35914,2124,6829,3720.79,3807,6056.99,6026.48,6083.92,6051.43,655.78,651.49,655.0,653.73
PM1,4G,8,2,1,6456,13960,25822,37487,1730,6161,3677.17,3741,6053.88,5975.47,6118.42,6040.39,657.4,649.06,655.33,651.77
PM1,4G,8,2,2,6718,13960,25297,37487,1920,6816,3701.34,3697,6095.9,6037.14,6131.2,6173.78,656.92,651.49,655.08,655.77
PM1,4G,8,2,3,6456,13698,25035,32900,1830,6244,3621.78,3642,6142.15,6095.87,6101.08,6133.52,659.58,652.97,654.57,654.9
PM1,4G,8,2,4,6128,13960,24249,32113,2093,6748,3889.42,3922,6615.42,6548.53,6655.09,6640.56,711.44,710.99,711.35,707.94
PM1,4G,8,2,5,6128,13173,21627,30278,2112,6520,3870.73,3604,6154.0,6134.24,6110.0,6063.64,660.79,655.59,653.61,648.79
PM1,4G,8,4,1,7111,15139,28443,40109,1942,6294,3583.89,3572,6154.01,6150.34,6172.55,6178.37,661.02,658.16,656.84,655.14
PM1,4G,8,4,2,7111,14484,26346,35914,1671,6642,3672.73,3723,6650.09,6644.12,6626.77,6628.9,716.14,713.34,711.28,708.3
PM1,4G,8,4,3,7570,15926,29754,45351,1707,6220,3432.78,3527,6123.69,6132.02,6087.05,6206.34,658.73,656.75,654.6,656.47
PM1,4G,8,4,4,6980,14615,23725,38011,2002,6131,3666.43,3734,6099.48,6080.66,6149.25,6222.3,656.25,654.62,656.79,659.14
PM1,4G,8,4,5,7242,15008,27919,38536,1930,6418,3571.87,3592,6172.71,6082.66,6072.56,6166.15,659.0,651.94,656.21,657.96
PM1,4G,8,8,1,7439,14877,25560,34866,1987,6443,3621.74,3628,6117.25,6147.2,6123.57,6237.54,658.33,656.7,654.58,657.11
PM1,4G,8,8,2,7111,15008,28443,42730,1824,6237,3661.41,3360,5850.81,5778.26,5757.31,5775.15,616.8,611.34,608.42,608.6
PM1,4G,8,8,3,7242,14746,28181,43254,1796,6491,3593.96,3616,6195.25,6151.82,6084.57,6199.16,659.91,653.36,656.92,655.73
PM1,4G,8,8,4,6521,14222,26084,45351,2154,5924,3780.26,3862,6645.06,6724.52,6629.79,6766.98,709.07,710.37,710.83,709.8
PM1,4G,8,8,5,6849,15401,31589,48497,1839,6567,3596.90,3675,6264.13,6110.4,6107.75,6227.34,659.37,654.84,651.18,657.31
PM1,4G,8,16,1,6521,13960,23987,32637,1681,7010,3678.99,3524,6349.03,6149.22,6216.35,6298.86,661.66,651.75,654.38,655.77
PM1,4G,8,16,2,7177,15139,25560,35914,1772,6462,3571.09,3499,6311.42,6224.83,6249.66,6348.33,662.5,654.77,652.68,656.32
PM1,4G,8,16,3,7504,15795,27919,47973,1742,6688,3490.36,3619,6147.79,6260.57,6206.09,6251.95,654.01,655.17,653.46,657.59
PM1,4G,8,16,4,7439,15008,25297,34866,1980,6278,3548.19,3621,6240.5,6320.53,6254.51,6271.87,656.05,659.11,654.37,656.63
PM1,4G,8,16,5,7111,15533,28705,40109,1840,6992,3564.84,3497,6267.37,6316.01,6265.22,6238.17,659.77,652.29,653.32,655.09
PM1,4G,8,32,1,7111,14615,26084,50594,1789,6040,3467.22,3482,6338.12,6419.14,6440.62,6420.5,658.59,654.01,656.53,655.45
PM1,4G,8,32,2,7439,14877,25297,34341,1940,6189,3528.38,3608,6440.23,6470.1,6509.24,6487.31,659.91,652.5,656.56,655.93
PM1,4G,8,32,3,7701,14746,27395,43779,1726,6146,3408.84,3436,6355.01,6337.6,6445.24,6487.92,655.65,651.03,654.91,658.68
PM1,4G,8,32,4,7504,14615,26608,35390,1781,6896,3509.97,3392,5892.05,5955.3,5921.56,5978.61,610.54,606.25,607.42,611.9
PM1,4G,8,32,5,7308,14615,28443,46924,1810,6434,3501.86,3555,6383.05,6350.09,6338.61,6382.74,659.05,653.17,651.96,654.59
PM1,4G,8,64,1,7898,16319,31327,46924,1661,6161,3278.06,3184,6049.91,6025.8,5984.71,5941.19,611.33,608.2,610.07,606.4
PM1,4G,8,64,2,7963,15795,28967,39060,1576,6506,3369.88,3234,6226.48,6116.3,6114.36,6137.12,611.41,609.99,607.33,606.25
PM1,4G,8,64,3,7963,16909,28443,50594,1754,6738,3316.54,3353,6053.57,6046.29,6002.02,5979.81,608.75,610.62,606.39,607.35
PM1,4G,8,64,4,6915,13435,25822,39060,2167,6100,3658.52,3236,6200.2,6162.95,6045.93,6115.05,610.38,610.15,604.29,605.8
PM1,4G,8,64,5,7177,14484,27132,43254,1951,5954,3597.88,3364,6225.06,6181.95,6227.94,6133.41,612.16,610.89,611.63,610.47
PM1,4G,16,1,1,11731,19792,36439,48497,1924,8378,3266.85,3391,6513.7,6527.98,6480.05,6481.78,700.85,701.14,700.58,699.6
PM1,4G,16,1,2,11731,19268,33162,56886,2004,8248,3283.30,3373,6482.36,6494.37,6547.67,6504.92,700.78,700.5,701.7,701.66
PM1,4G,16,1,3,11731,19268,33817,55837,2181,7580,3388.66,3461,6498.9,6498.09,6506.99,6478.67,701.56,702.15,702.95,700.7
PM1,4G,16,1,4,11731,19268,33424,47449,1987,8236,3348.38,3386,6569.08,6485.8,6511.8,6489.94,704.83,701.55,700.25,700.9
PM1,4G,16,1,5,11994,19792,33817,51119,2085,7784,3285.39,3412,6463.0,6560.07,6451.29,6556.44,700.57,701.41,698.28,702.28
PM1,4G,16,2,1,14615,22938,38536,51643,1966,7714,3245.68,3358,6580.88,6581.79,6581.48,6559.44,703.46,705.31,702.89,700.61
PM1,4G,16,2,2,13829,21365,33817,51643,2130,8148,3312.80,3438,6586.56,6568.92,6538.36,6585.81,703.51,702.53,702.43,703.8
PM1,4G,16,2,3,14615,22676,35914,52167,1905,8735,3256.04,3319,6563.1,6570.94,6531.26,6501.87,701.47,702.08,699.16,702.54
PM1,4G,16,2,4,15008,23725,38536,50594,2107,7871,3219.30,3301,6550.98,6520.34,6574.66,6554.98,704.44,701.37,702.16,703.03
PM1,4G,16,2,5,13829,20841,33424,46924,2072,8504,3306.40,3462,6888.26,6809.26,6920.08,6839.86,736.61,732.24,730.46,732.25
PM1,4G,16,4,1,19530,28705,41157,111674,2050,7315,3256.59,3366,6621.74,6615.12,6653.28,6636.43,705.63,705.16,707.7,706.91
PM1,4G,16,4,2,20579,30016,42730,60031,1863,7415,3184.60,3322,6597.43,6603.74,6602.81,6664.07,706.35,705.14,702.69,704.63
PM1,4G,16,4,3,20317,28443,39584,52691,2093,7344,3231.95,3331,6585.61,6649.44,6719.52,6693.1,706.55,704.3,706.26,708.32
PM1,4G,16,4,4,19530,27657,40633,52691,2142,7721,3303.20,3447,6599.0,6565.49,6640.35,6770.42,707.65,703.82,704.66,708.55
PM1,4G,16,4,5,17957,24773,35390,47449,2441,7396,3383.93,3520,6899.23,6854.42,6917.49,6900.41,737.32,737.73,734.65,734.31
PM1,4G,16,8,1,19530,27657,39584,50070,1836,7445,3195.81,3315,6575.62,6463.64,6478.88,6477.12,682.94,676.39,677.44,675.72
PM1,4G,16,8,2,19530,28181,41681,58459,2025,7258,3181.32,3276,6431.37,6439.16,6461.87,6519.25,677.26,675.89,678.55,682.14
PM1,4G,16,8,3,19792,28967,42730,53216,1930,7338,3186.80,3294,6749.18,6720.93,6787.46,6762.83,707.51,704.06,704.38,706.76
PM1,4G,16,8,4,20317,28705,43254,60556,2116,7393,3142.98,3259,6658.94,6736.94,6688.27,6593.17,699.44,705.27,701.02,697.16
PM1,4G,16,8,5,19268,27395,39060,53216,2102,7714,3276.04,3389,6774.27,6757.6,6732.75,6805.78,706.56,706.14,704.33,707.28
PM1,4G,16,16,1,20317,28181,40633,53216,2002,6786,3140.91,3278,6588.67,6580.45,6475.04,6597.78,680.13,679.6,674.6,679.24
PM1,4G,16,16,2,20055,28181,44303,57934,1842,7809,3249.86,3266,6679.62,6720.1,6726.16,6620.58,678.01,681.37,679.54,674.29
PM1,4G,16,16,3,20055,28967,43254,66847,2002,6884,3129.16,3239,6615.67,6556.09,6558.84,6510.92,680.56,679.57,677.56,673.21
PM1,4G,16,16,4,19792,28443,40633,62129,1834,7926,3154.89,3235,6836.43,6625.74,6684.39,6700.73,679.54,673.22,677.18,677.03
PM1,4G,16,16,5,20055,28181,38536,55313,2049,6479,3192.47,3299,6561.56,6544.43,6568.54,6568.77,679.87,676.57,675.9,676.83
PM1,4G,16,32,1,19792,28181,41681,74974,1661,8191,3152.63,3172,6643.08,6619.59,6640.55,6649.34,676.63,673.6,674.38,676.35
PM1,4G,16,32,2,20055,28181,42730,64226,1866,7761,3184.95,3250,6847.18,6882.44,6903.08,6887.5,677.7,674.09,673.27,672.94
PM1,4G,16,32,3,19268,27132,40633,57934,1792,7992,3225.01,3271,7086.51,7002.39,7246.9,7101.38,707.23,699.54,706.15,702.03
PM1,4G,16,32,4,19792,28705,44303,60556,1741,6452,3151.10,3187,6631.55,6609.56,6684.6,6802.85,675.82,673.41,676.15,678.48
PM1,4G,16,32,5,18482,26084,36963,57410,1936,7261,3269.28,3282,7204.33,7210.44,7210.54,7167.01,707.01,702.43,703.09,703.45
PM1,4G,16,64,1,19792,28967,41681,64750,1713,8594,3173.41,3233,6830.19,6778.43,6708.2,6787.59,677.3,676.0,672.13,673.05
PM1,4G,16,64,2,20055,29230,50594,534774,1014,8691,3104.02,3129,6477.12,6518.0,6494.37,6537.98,648.51,648.98,645.46,648.3
PM1,4G,16,64,3,20317,28967,42730,60556,1760,7847,3117.06,3171,6765.52,6826.6,6760.8,6758.68,674.48,673.92,673.72,674.74
PM1,4G,16,64,4,21365,29754,43779,63701,1649,7697,3039.79,3102,6751.76,6827.7,6807.09,6717.71,648.35,650.21,649.62,647.51
PM1,4G,16,64,5,20055,28443,43779,89654,1765,7690,3135.51,3203,7014.83,7072.75,7095.69,7006.02,675.41,676.64,676.05,674.37
PM1,8G,1,1,1,1205,1614,2474,4555,1178,1234,1212.92,1269,199.2,187.1,7755.08,164.44,23.09,19.07,846.59,18.9
PM1,8G,1,1,2,881,1237,1729,2147,1210,1274,1256.25,1315,199.19,165.3,165.08,7707.14,23.09,19.0,19.0,845.1
PM1,8G,1,1,3,996,1254,1827,3163,1213,1302,1257.50,1316,7770.29,165.29,165.08,164.44,850.32,19.0,19.0,18.9
PM1,8G,1,1,4,824,914,1139,1860,1264,1318,1307.33,1369,199.19,7749.09,165.07,164.44,23.09,841.03,19.0,18.9
PM1,8G,1,1,5,1057,1532,2376,3294,1196,1234,1217.08,1274,199.19,165.3,7690.77,164.44,23.09,19.0,840.63,18.9
PM1,8G,1,2,1,889,1287,1876,2573,1216,1276,1262.83,1323,3955.29,165.29,165.07,3978.64,432.8,19.0,19.0,428.88
PM1,8G,1,2,2,848,1156,1778,2278,1229,1302,1281.08,1341,199.19,3954.69,3924.47,164.44,23.09,427.94,428.1,18.9
PM1,8G,1,2,3,979,1663,2638,2933,1179,1284,1229.92,1288,3942.28,3934.19,165.07,164.43,433.36,428.73,19.0,18.9
PM1,8G,1,2,4,824,955,1188,1778,1262,1310,1300.17,1361,199.18,165.29,3910.27,3979.93,23.09,19.0,429.46,428.95
PM1,8G,1,2,5,971,1401,1795,2212,1184,1262,1238.75,1297,199.18,3940.19,3854.57,164.43,23.09,429.52,427.41,18.9
PM1,8G,1,4,1,1106,1958,2966,4080,1144,1252,1213.23,1270,2079.68,2030.69,2006.97,2083.23,229.1,223.78,223.98,224.48
PM1,8G,1,4,2,1106,1532,2008,2868,1224,1288,1253.42,1312,2089.27,2048.09,2011.27,2093.23,229.43,223.9,224.74,225.39
PM1,8G,1,4,3,1237,2114,3163,3752,1168,1248,1203.62,1260,2080.97,2037.69,1991.37,2093.63,230.06,223.35,223.8,224.11
PM1,8G,1,4,4,1172,2180,3064,5473,1160,1234,1199.69,1256,2079.27,2038.88,2035.57,2084.72,230.19,223.44,223.45,224.66
PM1,8G,1,4,5,1057,1975,3523,6915,1124,1276,1209.00,1265,2086.57,2054.98,2045.57,2095.62,230.09,224.48,224.33,225.4
PM1,8G,1,8,1,1074,1926,3261,6652,1158,1266,1208.15,1265,2053.67,2042.58,2032.67,2084.52,227.1,223.22,223.22,224.31
PM1,8G,1,8,2,906,1401,2114,2900,1224,1286,1256.33,1317,2051.16,2040.58,2032.26,2068.32,227.54,222.69,223.07,223.98
PM1,8G,1,8,3,930,1254,1713,5473,1237,1304,1277.75,1336,2035.46,2055.28,2021.46,2072.52,226.75,223.18,222.03,223.89
PM1,8G,1,8,4,971,1696,2868,4621,1125,1278,1236.23,1293,2037.56,2035.18,2033.86,2067.42,227.33,222.31,223.13,222.46
PM1,8G,1,8,5,857,1188,1827,2671,1236,1324,1290.17,1351,2030.06,2042.18,2052.56,2066.42,226.92,222.67,224.02,224.41
PM1,8G,1,16,1,889,1434,2073,7308,1169,1314,1256.42,1314,2048.06,2041.98,2028.36,2068.82,227.65,223.04,222.87,223.22
PM1,8G,1,16,2,1156,1893,3490,4883,1166,1255,1211.54,1268,2043.05,2042.47,2048.16,2078.91,226.84,221.85,222.44,222.74
PM1,8G,1,16,3,988,1450,2147,3916,1227,1284,1263.08,1321,2042.35,2050.37,2015.46,2084.51,227.25,221.82,221.65,223.81
PM1,8G,1,16,4,898,1483,2409,6456,1156,1296,1251.92,1313,2049.15,2044.27,2023.36,2078.71,227.62,222.52,222.21,223.51
PM1,8G,1,16,5,1037,2057,3458,11207,1155,1264,1219.08,1275,2025.55,2077.87,2035.05,2065.11,226.91,224.75,222.82,223.11
PM1,8G,1,32,1,1237,2507,3654,6456,1132,1220,1185.77,1244,2070.05,2042.17,2038.35,2059.51,227.84,223.79,222.25,222.79
PM1,8G,1,32,2,1074,2147,3589,11207,1108,1254,1199.00,1257,2051.84,2056.67,2041.95,2060.51,227.48,224.08,222.88,222.13
PM1,8G,1,32,3,1172,1680,2835,4948,1164,1258,1232.69,1290,2047.14,2030.07,2046.85,2060.91,227.01,221.95,222.52,222.09
PM1,8G,1,32,4,1139,2671,5604,10028,1110,1216,1164.23,1220,2070.84,2033.57,2039.85,2089.01,228.72,222.31,223.13,223.62
PM1,8G,1,32,5,938,1680,4228,10683,1153,1300,1231.77,1289,2081.04,2059.77,2040.55,2061.9,228.0,224.51,222.87,222.82
PM1,8G,1,64,1,1139,1991,3097,6325,1091,1231,1200.00,1253,2077.94,2066.06,2027.15,2085.2,229.57,224.96,219.52,225.35
PM1,8G,1,64,2,996,1647,2802,16712,1121,1246,1216.85,1274,2019.73,2003.76,2061.14,2091.0,223.62,219.92,225.55,225.58
PM1,8G,1,64,3,938,1500,2089,6783,1108,1272,1237.38,1294,2081.93,2072.26,2045.14,2072.2,229.32,225.47,219.92,219.72
PM1,8G,1,64,4,1029,1647,3064,17695,1095,1268,1222.31,1278,2105.13,2058.96,2067.64,2064.8,230.82,220.22,224.63,221.31
PM1,8G,1,64,5,971,1500,2278,8455,1138,1268,1230.00,1286,2043.33,2064.26,2104.24,2101.1,224.45,225.26,225.72,224.95
PM1,8G,2,1,1,1106,1369,1860,2999,2304,2430,2377.69,2468,7733.53,7737.86,177.14,178.8,849.58,841.63,19.03,18.93
PM1,8G,2,1,2,1172,1450,2311,3294,2165,2346,2281.26,2331,181.03,150.24,6998.22,7098.9,20.99,17.27,764.1,768.28
PM1,8G,2,1,3,1205,1450,2278,3228,2267,2440,2399.62,2509,7728.53,7636.36,165.04,164.4,847.86,839.97,19.0,18.89
PM1,8G,2,1,4,1057,1401,1942,2376,2301,2466,2412.38,2520,199.13,165.26,7677.84,7750.39,23.09,19.0,839.74,839.45
PM1,8G,2,1,5,1237,1450,2180,3326,2290,2442,2383.54,2487,7830.43,7664.36,165.04,164.4,847.11,841.39,19.0,18.89
PM1,8G,2,2,1,1106,1500,1975,2671,2261,2426,2360.23,2470,4044.53,3952.96,3925.04,3933.2,434.57,429.07,428.8,427.97
PM1,8G,2,2,2,1156,1647,2540,3425,2225,2396,2338.23,2447,3960.23,3934.16,3912.64,3966.7,431.92,429.88,429.5,429.82
PM1,8G,2,2,3,1516,2180,3064,4047,2101,2234,2162.36,2261,3601.21,3589.42,3563.94,3579.72,391.73,389.03,389.47,387.88
PM1,8G,2,2,4,1516,2311,3294,4883,2084,2463,2236.84,2200,3612.12,3562.79,3546.49,3567.0,393.94,387.56,389.11,388.35
PM1,8G,2,2,5,1172,1696,2737,5407,2113,2409,2332.69,2436,3964.13,3959.76,3891.84,3955.3,432.51,429.54,426.86,427.41
PM1,8G,2,4,1,1418,2343,4047,6456,2070,2338,2194.76,2250,3582.66,3562.88,3512.22,3617.82,391.31,388.68,386.92,387.4
PM1,8G,2,4,2,1483,2606,4047,6390,2102,2402,2227.02,2224,3594.21,3556.6,3598.22,3571.63,392.85,389.28,392.7,387.5
PM1,8G,2,4,3,1713,2704,4293,5473,1985,2138,2060.33,2155,3661.02,3540.24,3542.85,3614.91,396.54,387.51,387.55,388.5
PM1,8G,2,4,4,1172,1811,2769,3949,2177,2388,2326.38,2433,3962.72,3878.66,3918.94,3982.4,432.44,426.05,427.37,428.38
PM1,8G,2,4,5,1270,1975,3556,5342,2154,2394,2306.48,2379,3584.48,3533.88,3565.4,3591.09,391.31,387.51,387.28,388.63
PM1,8G,2,8,1,1631,2540,4228,6849,2044,2158,2106.67,2208,3650.39,3591.7,3558.13,3623.91,393.42,389.16,387.69,389.29
PM1,8G,2,8,2,1172,1762,2835,6849,2145,2408,2336.85,2445,4008.12,3927.07,3984.84,3989.0,436.46,426.81,432.14,426.48
PM1,8G,2,8,3,1188,1827,2769,5080,2106,2372,2305.25,2410,3646.57,3561.06,3535.4,3687.45,393.22,388.26,386.88,393.85
PM1,8G,2,8,4,1139,1614,2311,5538,2213,2394,2345.77,2453,3970.22,3976.67,3893.64,3993.4,430.82,429.14,427.61,428.95
PM1,8G,2,8,5,1106,1582,2343,3523,2232,2432,2368.31,2471,3971.92,3922.47,3885.04,3949.0,431.75,426.93,426.98,426.19
PM1,8G,2,16,1,1106,1516,2409,5211,2186,2447,2367.69,2477,4027.52,3907.87,3876.44,3958.3,439.08,427.55,427.49,427.22
PM1,8G,2,16,2,1106,1549,2474,6325,2171,2440,2363.15,2466,3986.82,3941.47,3868.14,3945.4,434.22,427.83,426.37,427.54
PM1,8G,2,16,3,1401,2376,3785,8291,2047,2311,2214.36,2259,3606.47,3543.88,3539.04,3635.37,396.83,387.43,388.11,392.53
PM1,8G,2,16,4,1123,1565,2278,5014,2199,2410,2361.46,2467,3952.02,3934.47,3865.74,3947.8,430.87,427.25,426.61,428.53
PM1,8G,2,16,5,1139,1614,2704,8160,2158,2400,2341.38,2443,4048.62,3908.47,3861.54,3899.7,435.11,427.0,425.93,427.55
PM1,8G,2,32,1,1156,1598,2376,5604,2127,2382,2331.77,2436,4010.92,3963.27,3950.14,4003.0,431.93,428.01,432.9,433.11
PM1,8G,2,32,2,1090,1532,2606,9503,2178,2448,2373.08,2479,4020.62,3915.37,3874.04,3947.2,432.58,425.83,427.03,428.85
PM1,8G,2,32,3,1139,1598,2638,4883,2174,2392,2332.15,2441,4053.25,3966.6,3907.44,3941.61,434.17,426.61,428.37,427.39
PM1,8G,2,32,4,1139,1598,2835,8848,2197,2400,2339.15,2444,4052.02,3943.67,3947.24,4031.71,433.15,428.1,429.08,432.19
PM1,8G,2,32,5,1287,1844,3163,11469,2128,2348,2279.29,2378,3637.77,3660.92,3581.33,3644.43,391.25,393.36,391.82,387.53
PM1,8G,2,64,1,1156,1614,2671,6521,2083,2400,2317.62,2425,4142.42,4061.57,4025.65,4180.21,436.36,431.97,432.43,432.98
PM1,8G,2,64,2,1139,1565,2507,11731,2095,2396,2334.38,2437,4119.32,4054.37,4046.95,4146.31,437.61,432.31,431.89,433.07
PM1,8G,2,64,3,1156,1647,2802,7898,2056,2386,2318.92,2427,4088.12,4082.97,3995.85,4145.21,437.2,433.16,431.91,432.76
PM1,8G,2,64,4,1205,1713,2704,8455,1983,2362,2297.36,2398,3718.74,3725.88,3621.77,3724.1,396.59,393.85,390.95,392.58
PM1,8G,2,64,5,1434,2245,3818,9110,1971,2421,2220.20,2249,3674.65,3709.79,3646.86,3729.92,396.63,393.54,393.88,391.89
PM1,8G,4,1,1,2114,3032,4621,9372,2146,4683,3624.24,3443,6076.4,6033.29,5974.04,6057.16,653.16,649.1,647.7,650.48
PM1,8G,4,1,2,2114,3261,4883,8291,2229,4666,3518.31,3441,6026.72,6074.14,5948.94,6053.36,651.5,647.44,646.72,646.09
PM1,8G,4,1,3,2376,3392,5997,12649,2139,4578,3476.89,3420,6085.86,6058.52,5966.66,6068.4,651.13,648.09,650.08,648.35
PM1,8G,4,1,4,2278,3163,5407,9372,2200,4697,3586.57,3387,5565.16,5561.27,5556.4,5642.3,604.13,600.8,602.81,602.73
PM1,8G,4,1,5,1876,2769,4424,5669,2328,4370,3758.36,3899,6553.02,6485.85,6466.4,6502.56,708.35,700.86,703.5,701.73
PM1,8G,4,2,1,2376,3425,6063,10552,2188,4299,3493.71,3556,6020.79,5988.99,5946.82,6070.17,649.89,649.82,646.64,649.01
PM1,8G,4,2,2,2442,3785,7504,12387,2088,4551,3502.91,3574,6060.04,6067.47,6007.53,5971.33,651.65,648.4,648.86,646.1
PM1,8G,4,2,3,2474,3687,6325,10552,2088,4621,3361.94,3267,5574.38,5622.09,5574.08,5606.22,603.37,601.3,601.13,602.84
PM1,8G,4,2,4,2540,3589,5997,10159,1935,4401,3334.98,3284,5653.88,5643.43,5574.34,5589.24,605.85,602.11,603.58,601.35
PM1,8G,4,2,5,2540,3752,7111,16319,2128,4586,3372.96,3209,5642.39,5607.86,5589.84,5608.39,605.83,602.43,601.61,601.06
PM1,8G,4,4,1,2573,3884,7373,12780,1946,4185,3282.47,3138,5663.96,5593.65,5591.13,5627.32,604.55,603.2,601.26,604.1
PM1,8G,4,4,2,2606,3916,7570,13042,2098,4416,3268.61,3108,5664.39,5638.29,5623.63,5608.03,608.02,604.32,603.83,604.02
PM1,8G,4,4,3,2737,4686,8848,14877,2079,4296,3313.63,3305,5608.96,5647.51,5571.13,5619.18,604.9,600.96,603.73,606.42
PM1,8G,4,4,4,2606,4146,8225,16450,2011,4356,3246.70,3235,5610.21,5568.61,5569.48,5654.14,603.59,603.52,602.91,604.13
PM1,8G,4,4,5,2638,4015,7898,11207,2134,4378,3272.43,3197,5568.76,5557.42,5547.52,5567.87,604.96,599.77,602.27,603.22
PM1,8G,4,8,1,2802,4883,11076,19006,1928,4202,3180.03,3196,5632.89,5698.27,5610.56,5630.11,608.91,605.26,604.99,605.9
PM1,8G,4,8,2,2737,4817,10552,14615,1688,4326,3225.27,3184,5754.18,5640.38,5637.14,5600.76,608.95,606.56,605.73,606.48
PM1,8G,4,8,3,2737,4817,10028,17695,1790,4302,3126.85,3256,5716.83,5698.52,5706.0,5600.4,609.71,607.21,609.25,606.16
PM1,8G,4,8,4,2606,4293,8979,16057,1982,4316,3289.52,3110,5630.33,5638.67,5698.51,5655.26,608.7,603.84,607.33,608.16
PM1,8G,4,8,5,2507,4047,8356,13698,2206,4101,3317.79,3464,6143.36,5969.03,6084.47,6127.9,656.76,651.46,651.62,653.32
PM1,8G,4,16,1,2573,5080,12649,22152,1530,4324,3255.41,3354,5747.98,5595.17,5681.08,5736.41,610.32,604.1,605.24,609.25
PM1,8G,4,16,2,2802,5276,10814,23200,1869,4325,3146.05,3255,5673.34,5656.2,5698.47,5795.44,605.17,604.0,603.56,608.7
PM1,8G,4,16,3,2638,4490,10421,21365,2088,4157,3207.31,3276,5668.69,5700.75,5678.16,5785.28,607.99,605.79,605.98,608.65
PM1,8G,4,16,4,2606,4080,9110,13698,2101,4396,3287.02,3155,5655.19,5669.45,5756.77,5658.26,609.5,604.44,607.02,606.36
PM1,8G,4,16,5,2704,4817,9765,18744,2047,4347,3153.29,3039,5285.82,5306.49,5279.91,5253.28,566.22,564.19,563.65,562.01
PM1,8G,4,32,1,2737,4490,10290,17171,1997,4265,3076.52,3166,5760.38,5835.59,5867.13,5829.76,608.92,605.99,609.08,605.91
PM1,8G,4,32,2,2704,4686,10552,19530,2028,4298,3104.96,3022,5402.52,5416.78,5346.49,5369.87,569.47,566.82,564.41,564.55
PM1,8G,4,32,3,2835,5932,15795,28967,1173,4414,2998.38,3113,5825.7,5745.9,5778.89,5756.0,611.92,603.22,608.29,605.51
PM1,8G,4,32,4,2638,5342,11731,20579,1444,4346,3194.66,3340,5836.8,5706.09,5777.85,5817.55,608.38,608.19,606.96,606.64
PM1,8G,4,32,5,2671,4424,9372,12780,2096,4034,3156.02,2996,5469.13,5408.52,5349.1,5373.21,567.52,566.59,565.21,562.53
PM1,8G,4,64,1,2769,5014,10552,20055,1656,4271,2962.09,2884,5684.55,5592.76,5511.43,5547.16,575.41,566.07,567.2,565.01
PM1,8G,4,64,2,2802,5342,12125,22414,1310,4208,3043.47,2841,5571.93,5533.52,5548.24,5666.5,569.25,565.66,566.27,568.09
PM1,8G,4,64,3,2507,4621,9110,15533,1842,4081,3219.50,3213,5869.71,5937.99,5918.61,6097.87,610.9,606.2,611.99,612.81
PM1,8G,4,64,4,2704,4424,11338,18744,1940,4270,3060.32,2900,5593.27,5534.46,5586.44,5661.88,569.74,565.6,565.97,568.03
PM1,8G,4,64,5,2704,4883,9503,17171,2023,4020,3170.01,2884,5570.4,5558.33,5645.64,5569.22,566.6,567.18,567.12,567.05
PM1,8G,8,1,1,7308,14353,26870,39584,1543,7349,3204.66,3256,6405.3,6445.31,6442.63,6474.92,699.62,697.87,696.71,698.47
PM1,8G,8,1,2,6849,14091,25560,42730,1811,7090,3443.54,3486,6822.03,6703.3,6789.37,6783.29,732.58,728.18,728.99,729.65
PM1,8G,8,1,3,7046,14746,26346,38011,2081,6742,3443.13,3506,6809.26,6723.3,6787.99,6808.32,732.86,725.94,727.92,730.67
PM1,8G,8,1,4,6587,12911,25035,34866,1766,6692,3453.82,3331,6420.27,6443.75,6565.89,6470.83,699.13,695.43,699.38,696.83
PM1,8G,8,1,5,6849,13960,25297,36439,1849,7178,3498.67,3533,6797.94,6735.39,6810.81,6807.96,732.57,728.02,727.16,728.62
PM1,8G,8,2,1,7439,14353,25822,43254,1600,6890,3484.59,3580,6868.84,6838.0,6886.29,6804.57,731.44,728.12,726.56,728.77
PM1,8G,8,2,2,7373,14484,26084,40109,1808,6646,3454.33,3537,6828.72,6858.37,6915.19,6830.26,732.6,731.36,729.06,729.82
PM1,8G,8,2,3,7701,15664,28181,43779,1835,6407,3375.73,3432,6511.07,6526.53,6603.43,6609.08,699.1,697.75,697.07,701.72
PM1,8G,8,2,4,7373,14615,26084,42730,2022,6425,3472.23,3613,7244.75,7177.38,7137.66,7283.34,765.45,763.11,762.24,763.75
PM1,8G,8,2,5,7439,14484,28705,43779,1815,6378,3388.60,3435,6560.46,6565.82,6558.03,6575.88,700.87,699.52,698.25,698.85
PM1,8G,8,4,1,8160,16057,27395,38536,1968,6676,3456.64,3544,6875.12,6861.61,6950.57,7021.72,734.87,730.35,730.46,733.39
PM1,8G,8,4,2,8225,15270,27395,42206,1568,6148,3377.66,3518,6857.49,6876.94,7219.96,6853.92,733.88,729.19,732.81,731.47
PM1,8G,8,4,3,8717,16188,28967,41157,1707,6438,3376.39,3472,7093.79,6876.31,6958.91,6974.81,734.18,731.73,731.85,733.67
PM1,8G,8,4,4,8029,14877,26084,39060,1887,6248,3481.82,3608,7431.44,7231.93,7194.68,7345.31,768.37,763.43,761.66,764.85
PM1,8G,8,4,5,8356,15664,28443,39584,2045,6256,3436.87,3562,6957.88,6837.23,6925.48,7009.16,735.94,732.69,731.83,731.52
PM1,8G,8,8,1,8979,17695,33817,50070,1882,6704,3272.68,3355,6812.75,6641.93,6772.4,6622.03,707.79,702.56,703.95,704.03
PM1,8G,8,8,2,8455,15270,25560,34341,1878,6337,3349.71,3431,7012.71,6892.66,7155.94,7063.04,736.3,734.06,738.99,737.85
PM1,8G,8,8,3,9110,18220,33817,51119,1738,6775,3078.29,3106,6142.71,6204.47,6285.48,6150.27,651.18,652.21,648.95,649.44
PM1,8G,8,8,4,8586,15533,28181,46400,1707,6156,3359.69,3476,7090.81,7088.73,7152.59,7118.18,738.28,737.57,737.73,737.02
PM1,8G,8,8,5,9503,17957,32375,46400,1804,6701,3216.94,3295,6441.16,6773.54,6346.29,6441.49,677.67,677.96,676.42,676.83
PM1,8G,8,16,1,8848,16712,27919,42730,1837,6694,3297.27,3419,7017.25,7161.39,7091.6,7182.54,734.44,736.52,736.79,737.18
PM1,8G,8,16,2,8586,15533,27919,40109,1737,6802,3264.63,3365,6818.21,6898.98,6826.9,6875.26,707.0,706.83,705.11,704.85
PM1,8G,8,16,3,8586,16450,29230,45876,1938,7149,3309.64,3341,6828.09,6818.03,6768.26,6910.13,705.46,705.81,703.99,707.76
PM1,8G,8,16,4,8455,15795,28181,39060,1788,6818,3349.34,3393,6840.97,6820.38,6901.54,6926.0,705.67,706.21,708.01,707.56
PM1,8G,8,16,5,8225,14746,25822,40109,1977,6630,3378.90,3455,7032.22,6975.94,7059.1,7018.33,735.71,734.01,735.72,733.9
PM1,8G,8,32,1,8979,17171,30016,47973,1513,6489,3141.33,3142,6768.71,6715.96,6752.96,6985.44,679.27,674.56,674.49,675.5
PM1,8G,8,32,2,9372,17957,32113,45876,1673,6889,3103.93,3183,6696.81,6743.62,6733.33,6719.49,676.22,674.17,679.01,676.94
PM1,8G,8,32,3,8717,15401,26870,42730,1690,6690,3264.83,3272,6846.73,6832.05,6928.36,6963.5,679.52,675.16,677.88,676.12
PM1,8G,8,32,4,9241,17433,29230,49546,1820,6891,3137.58,3173,6630.0,6786.56,6856.14,6573.23,674.47,675.83,676.02,673.16
PM1,8G,8,32,5,8717,16057,28967,45351,1750,6485,3238.13,3185,6635.9,6748.05,6651.43,6718.75,677.54,676.57,675.22,673.86
PM1,8G,8,64,1,8586,15401,27919,42206,1692,6130,3222.19,3222,7160.19,7005.8,7105.78,7099.62,675.99,673.96,677.79,674.29
PM1,8G,8,64,2,8979,15926,27132,39060,1724,6633,3179.90,3223,7371.3,6991.14,6888.44,6967.48,675.09,677.36,674.51,673.76
PM1,8G,8,64,3,8717,16188,29230,44303,1864,6114,3219.41,3192,7300.4,6713.43,6899.62,6643.11,677.3,673.05,677.09,673.81
PM1,8G,8,64,4,8717,15795,28705,46400,1737,6109,3208.95,3235,7416.27,7054.5,7184.47,6876.81,676.59,674.58,680.56,674.05
PM1,8G,8,64,5,8848,15795,26870,41681,1545,6677,3191.02,3210,7936.46,6991.81,6926.69,7065.66,678.91,674.77,676.71,677.08
PM1,8G,16,1,1,11863,19006,33162,48497,2163,9249,3140.94,3248,7163.63,6885.63,7041.59,6958.73,728.21,726.63,726.33,726.46
PM1,8G,16,1,2,11863,18744,33424,48497,2067,8266,3155.49,3285,7386.18,7039.11,7099.5,7174.49,742.43,742.14,743.22,743.02
PM1,8G,16,1,3,13042,19268,29754,40633,1955,8011,2855.25,2959,6611.27,6397.46,6292.61,6296.76,668.56,669.71,669.75,669.64
PM1,8G,16,1,4,12387,19792,33424,51119,2032,7791,3069.82,3186,7039.97,6761.36,6706.16,6828.73,712.69,709.7,711.11,710.74
PM1,8G,16,1,5,12780,19792,32375,48497,1819,8425,2972.01,3062,6642.92,6667.93,6744.67,6625.93,697.51,695.75,696.05,696.93
PM1,8G,16,2,1,15664,23462,37487,55837,1899,7625,2982.87,3117,6723.2,6671.84,6668.31,6631.71,697.73,697.64,697.97,698.69
PM1,8G,16,2,2,15270,22676,34341,48497,1859,8641,3040.35,3168,6879.39,6956.25,6954.0,6945.37,713.03,713.23,713.99,714.58
PM1,8G,16,2,3,14353,21103,32637,44303,2395,7384,3137.35,3260,6933.5,7044.01,6995.25,7009.25,729.69,728.75,728.87,728.32
PM1,8G,16,2,4,15401,22938,35914,52167,1985,7444,3032.22,3137,6936.15,6789.64,6774.81,6855.83,713.99,711.05,711.86,712.67
PM1,8G,16,2,5,15270,22938,35390,50070,1934,7848,3027.95,3153,6907.64,6780.53,6796.4,6834.49,713.04,712.19,711.91,713.69
PM1,8G,16,4,1,20841,29754,40109,56361,2138,7382,3013.53,3150,6905.98,6837.63,6890.0,7041.5,719.35,715.5,717.87,717.02
PM1,8G,16,4,2,20055,28181,38536,51119,2312,7740,3077.98,3201,6810.83,6976.04,6924.55,6923.63,716.85,716.73,716.71,716.32
PM1,8G,16,4,3,20579,28967,40633,56886,2093,7029,3073.84,3211,7122.2,7131.08,7189.52,7067.85,734.82,731.43,732.27,729.7
PM1,8G,16,4,4,21103,29230,39060,51643,2148,7410,3051.18,3183,6942.34,6856.19,6927.59,6760.91,716.58,716.1,716.24,715.72
PM1,8G,16,4,5,20317,28181,39584,53216,2198,7768,3084.78,3226,7041.66,7202.96,7067.15,7158.92,732.16,732.85,732.4,730.49
PM1,8G,16,8,1,20841,29230,39584,52167,2167,7244,3048.10,3194,7055.03,7171.32,7132.26,7068.2,724.95,724.09,722.42,724.11
PM1,8G,16,8,2,21890,30540,40633,50070,1946,8652,2987.04,3120,7035.93,7127.02,6984.46,7078.74,724.22,723.32,722.77,723.51
PM1,8G,16,8,3,21890,30802,41157,56361,2010,7467,2966.54,3092,6894.66,6920.93,6933.25,6887.94,712.68,708.03,708.55,708.68
PM1,8G,16,8,4,20055,27395,39060,53216,2090,7835,3068.02,3215,7342.84,7180.01,7092.81,7228.39,739.72,737.66,738.46,738.87
PM1,8G,16,8,5,20841,28967,38536,48497,2355,6823,3006.10,3149,7005.23,7074.65,6930.49,7194.54,725.22,724.62,722.64,725.02
PM1,8G,16,16,1,20841,28967,42206,57410,1918,7756,2950.30,3058,7122.35,7125.83,7052.51,7059.23,705.4,705.63,704.92,704.81
PM1,8G,16,16,2,21365,29492,40109,56886,1878,7639,2980.69,3091,7136.42,7046.94,7151.82,7057.92,706.01,706.92,705.93,707.46
PM1,8G,16,16,3,21365,29754,42730,62129,1879,7880,2972.70,3083,6890.47,6898.2,7030.32,7181.63,706.99,704.78,705.31,707.48
PM1,8G,16,16,4,21627,29492,41157,58983,2053,6873,3008.75,3113,7139.1,7142.94,7181.68,7010.16,705.98,706.1,706.09,706.34
PM1,8G,16,16,5,21103,29230,40633,54789,1882,7308,2998.16,3098,7109.0,6875.11,7083.22,7216.28,705.61,704.39,708.52,708.18
PM1,8G,16,32,1,21103,28967,40633,53216,1859,7524,2959.65,3039,7135.69,7028.28,7149.43,7075.71,688.9,688.35,689.04,690.06
PM1,8G,16,32,2,25035,34341,45876,57410,1753,7509,2592.48,2685,6254.85,6233.42,6189.74,6174.77,612.5,611.74,614.02,613.62
PM1,8G,16,32,3,21103,28967,42206,58459,1633,7252,2950.69,3037,7034.0,7111.94,6992.12,7153.02,688.53,688.09,689.03,691.21
PM1,8G,16,32,4,23462,33424,45876,58983,1816,7618,2767.85,2872,6767.9,6765.07,6936.73,6829.73,660.99,661.37,662.85,662.2
PM1,8G,16,32,5,21103,30016,41681,809501,546,7934,2970.60,3057,7246.94,7189.65,7285.06,7427.36,689.96,687.83,688.26,690.42
PM1,8G,16,64,1,21365,30278,41681,54789,1812,7496,2945.74,3058,7061.6,7328.14,7021.06,7069.34,686.48,687.27,684.09,688.01
PM1,8G,16,64,2,21103,29492,42206,387974,1416,7675,2916.69,2996,7763.52,7213.13,7396.92,7291.06,689.37,686.56,689.33,687.96
PM1,8G,16,64,3,22152,30802,42206,59507,1715,7553,2891.06,2984,7598.61,7019.16,7113.95,7120.15,675.62,671.75,673.06,673.34
PM1,8G,16,64,4,22938,33424,49546,557843,192,8233,2768.24,2872,7403.49,7130.54,6873.31,6932.01,663.42,658.3,660.72,660.23
PM1,8G,16,64,5,22152,30802,42730,65799,1813,8409,2906.22,3006,7887.49,7069.53,7090.23,7130.18,689.24,686.38,685.59,688.25
PM1,16G,1,1,1,881,1237,1795,2442,1169,1278,1253.80,1312,125.18,9813.74,103.97,103.58,14.49,1050.21,11.95,11.89
PM1,16G,1,1,2,857,1221,1663,2245,1228,1288,1266.96,1327,125.18,104.12,9826.03,103.58,14.49,11.95,1042.15,11.89
PM1,16G,1,1,3,971,1418,2147,3163,1217,1286,1244.88,1304,117.81,97.99,97.86,9255.42,13.64,11.25,11.25,982.3
PM1,16G,1,1,4,922,1221,1827,4146,1172,1298,1257.88,1318,9861.42,104.11,114.73,103.58,1046.62,11.95,12.29,11.89
PM1,16G,1,1,5,873,1237,1745,2868,1195,1280,1259.00,1318,125.18,9554.79,103.97,103.58,14.49,1043.38,11.95,11.89
PM1,16G,1,2,1,1090,1795,2737,3294,1175,1240,1214.73,1272,117.81,97.99,4693.85,4704.78,13.64,11.25,497.9,498.52
PM1,16G,1,2,2,1057,1696,2507,3359,1136,1252,1225.54,1283,4696.93,4608.81,97.86,97.48,500.69,496.02,11.25,11.19
PM1,16G,1,2,3,922,1336,1811,2057,1193,1278,1254.08,1313,5020.17,104.12,103.97,4959.39,530.54,11.95,11.95,527.79
PM1,16G,1,2,4,963,1401,2040,2769,1200,1280,1245.19,1304,117.81,4615.17,4654.26,97.48,13.64,498.8,498.35,11.19
PM1,16G,1,2,5,832,1123,1582,3032,1221,1318,1288.24,1349,5015.51,4861.85,103.97,103.57,529.83,526.09,11.95,11.88
PM1,16G,1,4,1,1123,1614,2212,2802,1180,1298,1245.77,1304,2362.57,2321.76,2354.2,2365.24,253.77,251.78,252.1,252.72
PM1,16G,1,4,2,963,1450,2245,2704,1197,1312,1260.64,1319,2547.3,2463.56,2517.78,2511.51,271.07,267.74,268.47,268.53
PM1,16G,1,4,3,988,1418,1975,2933,1210,1300,1260.60,1321,2551.3,2451.37,2501.15,2552.13,271.95,267.23,268.29,270.66
PM1,16G,1,4,4,938,1631,2769,4424,1158,1276,1237.81,1297,2363.04,2336.58,2335.67,2354.77,255.14,252.76,251.56,251.93
PM1,16G,1,4,5,1221,2212,3687,4752,1152,1224,1193.11,1249,2385.81,2322.46,2341.08,2357.36,255.55,252.33,252.42,252.41
PM1,16G,1,8,1,1287,1778,3425,4948,1151,1266,1219.42,1278,2350.04,2349.11,2352.38,2341.59,253.06,252.02,252.37,251.67
PM1,16G,1,8,2,865,1287,2212,2835,1202,1314,1281.04,1341,2486.86,2442.37,2484.21,2500.01,270.46,266.98,267.68,267.54
PM1,16G,1,8,3,1037,1598,2343,5735,1139,1302,1249.62,1308,2356.86,2284.7,2341.55,2363.24,254.63,251.46,251.35,252.77
PM1,16G,1,8,4,914,1549,3064,6456,1160,1302,1247.04,1306,2364.21,2329.64,2369.08,2381.71,253.79,251.94,251.01,252.38
PM1,16G,1,8,5,947,1860,3261,4817,1160,1304,1238.46,1297,2349.15,2288.52,2360.91,2344.36,253.25,251.63,251.49,252.36
PM1,16G,1,16,1,824,1106,2245,5080,1168,1320,1290.44,1351,2466.41,2428.99,2524.09,2495.88,269.71,267.27,267.67,268.44
PM1,16G,1,16,2,971,1663,2671,3785,1168,1284,1229.96,1289,2350.21,2280.34,2345.61,2334.94,254.85,251.67,251.11,251.77
PM1,16G,1,16,3,979,2180,3785,6652,1144,1268,1214.04,1272,2332.56,2286.05,2348.73,2336.89,253.55,251.78,252.66,251.72
PM1,16G,1,16,4,881,1745,3326,5080,1184,1312,1246.23,1305,2383.67,2292.07,2345.2,2372.62,255.97,251.5,251.53,252.36
PM1,16G,1,16,5,938,1418,2212,3261,1164,1312,1261.88,1321,2464.53,2420.74,2496.52,2499.07,269.92,267.21,267.67,268.83
PM1,16G,1,32,1,1045,2606,4293,8225,1145,1226,1189.04,1246,2371.31,2279.19,2364.35,2332.81,254.99,251.88,252.27,252.78
PM1,16G,1,32,2,938,1483,2540,5473,1190,1278,1239.23,1298,2331.38,2289.93,2349.43,2347.12,254.32,251.62,251.62,252.81
PM1,16G,1,32,3,938,2024,3458,4555,1138,1256,1215.88,1273,2329.62,2309.16,2344.9,2325.65,254.81,252.03,251.69,252.28
PM1,16G,1,32,4,947,2114,3884,6063,1151,1277,1201.77,1261,2316.62,2302.63,2371.78,2316.94,253.61,251.36,251.34,251.22
PM1,16G,1,32,5,979,1729,2966,5342,1160,1266,1224.85,1283,2305.91,2295.75,2351.02,2292.82,253.69,251.14,251.61,250.83
PM1,16G,1,64,1,955,1598,2573,3490,1147,1264,1232.00,1289,2328.56,2353.04,2364.84,2348.12,254.23,251.97,251.42,251.78
PM1,16G,1,64,2,1045,2114,3654,5735,1103,1238,1201.63,1258,2316.67,2353.57,2383.67,2369.47,253.76,251.6,251.54,251.86
PM1,16G,1,64,3,1188,1893,3261,5538,1142,1260,1210.19,1267,2314.02,2367.87,2383.02,2379.88,253.79,252.18,252.44,251.53
PM1,16G,1,64,4,1020,1811,3032,4178,1136,1268,1218.00,1276,2335.73,2329.28,2368.96,2309.35,253.97,251.91,251.25,250.72
PM1,16G,1,64,5,857,1172,1827,5473,1142,1296,1269.04,1329,2463.65,2453.86,2483.64,2519.06,269.66,269.87,267.72,270.52
PM1,16G,2,1,1,1237,1876,2606,3163,1854,2492,2317.47,2291,8518.3,98.09,100.74,8700.0,929.17,10.64,10.64,931.46
PM1,16G,2,1,2,1188,2073,3032,4359,1747,2484,2283.91,2304,111.41,8661.59,8677.07,92.23,12.88,930.02,929.05,10.56
PM1,16G,2,1,3,1106,1598,2507,3458,1758,2664,2478.96,2546,9084.43,98.16,98.02,9126.35,988.19,11.25,11.24,985.0
PM1,16G,2,1,4,1074,1893,2737,3818,1712,2658,2424.12,2522,118.15,8946.28,9038.6,97.83,13.64,984.71,982.73,11.18
PM1,16G,2,1,5,1090,1483,1991,2638,1758,2666,2465.69,2556,8973.55,98.17,104.61,9072.36,986.58,11.25,11.26,981.91
PM1,16G,2,2,1,1287,1860,2606,3687,1954,2400,2301.52,2322,4340.75,4351.77,4346.96,4395.51,470.51,469.0,468.01,470.21
PM1,16G,2,2,2,1369,1975,2933,4686,1790,2444,2247.21,2204,4112.76,4160.09,4131.44,4150.85,446.53,445.45,443.29,444.28
PM1,16G,2,2,3,1549,2278,3163,4490,1682,2424,2101.77,2122,3909.53,3924.34,3914.42,3925.26,423.42,421.28,421.29,420.73
PM1,16G,2,2,4,1500,2474,3556,4883,1488,2456,2119.87,2151,4124.56,4123.04,4166.6,4185.75,445.62,444.67,444.32,446.66
PM1,16G,2,2,5,1631,2311,3556,5145,1662,2248,2005.44,2105,3963.08,3946.59,3960.82,3971.76,424.5,421.51,421.74,422.06
PM1,16G,2,4,1,1663,2769,4178,7046,1504,2436,2049.02,2126,3910.53,3900.69,3918.52,3947.47,422.56,420.72,420.39,420.12
PM1,16G,2,4,2,1680,2802,4080,5997,1510,2444,2042.65,2149,4151.24,4125.63,4128.97,4149.33,445.14,444.43,443.62,444.02
PM1,16G,2,4,3,1401,2311,3523,5997,1890,2438,2247.06,2218,4139.18,4086.83,4150.76,4108.39,444.52,443.01,443.86,443.11
PM1,16G,2,4,4,1663,2442,3654,5080,1602,2346,2029.39,2131,4147.98,4087.81,4145.98,4156.48,444.25,442.52,443.55,443.25
PM1,16G,2,4,5,1795,2737,4113,5342,1570,2348,1993.91,2094,3941.58,3919.05,3914.98,3950.82,422.72,420.41,421.23,422.05
PM1,16G,2,8,1,1713,2933,4359,6128,1542,2336,2007.62,2102,3931.18,3932.2,3915.83,3973.52,423.84,421.72,421.81,423.15
PM1,16G,2,8,2,1778,3130,5014,6980,1552,2389,1998.62,2096,3938.63,3877.4,3945.93,3921.52,423.08,421.98,422.55,423.23
PM1,16G,2,8,3,1500,2966,4686,9896,1464,2434,2072.26,2155,4160.67,4146.16,4111.72,4119.66,446.57,445.87,442.32,442.84
PM1,16G,2,8,4,1647,3032,4883,8848,1554,2362,2024.81,2121,4125.67,4066.13,4102.15,4178.56,445.87,442.22,443.3,444.38
PM1,16G,2,8,5,1778,2966,4883,7701,1552,2304,1988.47,2087,3903.99,3908.21,3902.83,3964.48,423.32,421.52,421.32,420.65
PM1,16G,2,16,1,1483,2868,4359,8291,1544,2396,2053.58,2154,4193.67,4152.38,4097.35,4155.19,447.13,445.08,445.72,443.48
PM1,16G,2,16,2,1352,2474,4047,6194,1490,2384,2219.12,2292,4382.04,4360.29,4384.04,4367.7,471.15,470.43,471.04,469.74
PM1,16G,2,16,3,1713,2769,4490,9241,1618,2226,2012.75,2107,3919.89,3930.66,3960.44,3920.23,423.99,423.01,422.02,422.24
PM1,16G,2,16,4,1696,2835,4817,9241,1608,2293,2028.27,2116,3965.09,3904.76,3938.49,3952.98,424.61,422.09,421.44,422.36
PM1,16G,2,16,5,1696,3064,5014,9634,1488,2419,1998.19,2096,3972.76,3948.58,3927.18,3938.85,424.54,422.93,422.84,422.01
PM1,16G,2,32,1,1532,3032,4686,7570,1508,2394,2020.50,2111,4005.84,3979.91,3921.24,4070.43,425.48,422.86,422.09,422.72
PM1,16G,2,32,2,1483,2966,4686,7898,1499,2392,2035.10,2135,4237.88,4172.7,4214.31,4215.51,450.11,444.88,446.65,444.13
PM1,16G,2,32,3,1500,2900,4817,9634,1538,2394,2051.10,2153,4147.23,4290.7,4285.8,4297.5,445.18,446.88,448.22,449.19
PM1,16G,2,32,4,1598,2704,4424,7111,1628,2332,2062.23,2154,4204.41,4141.33,4290.58,4222.57,446.43,444.95,447.43,446.68
PM1,16G,2,32,5,1450,3032,5080,12911,1498,2378,2034.03,2131,4025.84,4032.27,3992.35,3965.99,423.43,424.98,423.03,421.46
PM1,16G,2,64,1,1434,3097,5211,10683,1396,2408,2060.81,2143,4298.15,4227.02,4354.79,4298.1,450.42,447.48,447.62,446.54
PM1,16G,2,64,2,1582,3228,5276,11076,1331,2412,2012.91,2100,4132.39,4081.17,4055.0,4096.04,428.12,424.82,424.62,425.02
PM1,16G,2,64,3,1713,3163,4686,7308,1456,2388,1976.09,2072,4023.04,4079.87,4065.7,4043.64,426.13,424.38,426.34,424.47
PM1,16G,2,64,4,1467,2540,4883,9503,1614,2334,2139.70,2211,4263.57,4257.29,4288.48,4263.47,449.17,448.52,447.35,446.41
PM1,16G,2,64,5,1418,2966,5669,11076,1456,2377,2058.32,2137,4210.36,4252.5,4275.22,4317.52,448.6,446.86,447.38,446.17
PM1,16G,4,1,1,2057,3490,10421,21627,2142,4760,3735.07,3597,7214.45,7189.71,7337.6,7311.14,763.54,759.78,764.25,760.22
PM1,16G,4,1,2,2278,3720,9634,19530,2026,4557,3518.73,3257,6568.5,6602.11,6546.59,6602.92,700.73,698.44,700.9,697.42
PM1,16G,4,1,3,2147,3425,7504,16188,2124,4651,3683.08,3478,6882.48,6849.6,6932.54,6842.27,731.17,727.46,734.61,726.44
PM1,16G,4,1,4,2311,3884,9372,17433,2169,4626,3477.53,3437,6868.84,6880.97,6849.25,6880.9,730.07,728.43,727.57,727.45
PM1,16G,4,1,5,2278,3621,9503,23200,2118,4609,3462.32,3417,6840.96,6827.68,6871.35,6858.16,728.94,727.33,727.05,726.8
PM1,16G,4,2,1,2474,4228,11076,23200,1893,4496,3372.63,3158,6308.45,6296.04,6398.26,6298.26,672.66,670.01,672.07,668.31
PM1,16G,4,2,2,2245,4178,12780,25297,1988,4876,3503.89,3270,6348.5,6282.52,6322.83,6359.81,671.18,670.24,668.65,668.28
PM1,16G,4,2,3,2474,4293,11207,21365,1883,4507,3356.00,3184,6331.36,6311.6,6376.5,6339.81,671.1,667.68,672.17,669.2
PM1,16G,4,2,4,2474,4228,11731,20055,2017,4565,3381.06,3211,6274.77,6282.73,6423.75,6367.34,672.24,670.26,673.55,668.93
PM1,16G,4,2,5,2442,4883,11994,23462,1967,4553,3386.70,3364,6521.99,6611.22,6591.59,6610.06,697.67,698.34,700.26,696.47
PM1,16G,4,4,1,2442,5276,14877,26608,1750,4648,3427.71,3525,6796.47,6903.78,6979.78,6925.05,729.55,728.52,735.6,729.73
PM1,16G,4,4,2,2442,4621,12518,21103,1987,4669,3432.17,3156,6278.06,6493.59,6487.08,6448.45,669.99,670.39,672.59,669.65
PM1,16G,4,4,3,2474,4621,12649,21103,1916,4664,3408.94,3259,6584.25,6549.48,6619.36,6692.54,698.77,695.89,700.82,697.41
PM1,16G,4,4,4,2442,4883,13304,21627,1544,4560,3367.23,3199,6314.73,6302.0,6369.8,6334.89,673.4,671.58,674.96,671.35
PM1,16G,4,4,5,2114,4424,14222,21890,2180,4593,3635.16,3651,7200.55,7206.31,7225.48,7183.47,764.73,763.42,763.48,761.03
PM1,16G,4,8,1,2278,4555,13960,25822,1912,4621,3506.72,3159,6395.11,6335.98,6407.86,6236.78,673.05,671.9,675.24,669.56
PM1,16G,4,8,2,2606,5145,11600,20841,2108,4211,3212.97,3195,6371.34,6531.71,6482.09,6392.98,674.19,674.37,673.38,671.86
PM1,16G,4,8,3,2606,5276,14091,25822,1836,4388,3173.19,3043,6100.19,6075.17,6181.72,6130.96,648.34,646.11,647.86,646.05
PM1,16G,4,8,4,2409,5276,14877,28967,2119,4502,3327.57,3277,6651.15,6670.04,6783.25,6739.64,700.33,699.98,699.49,701.52
PM1,16G,4,8,5,2409,5866,14746,24249,1566,4539,3350.13,3379,6681.31,6684.89,6675.25,6771.08,703.89,702.06,702.9,698.15
PM1,16G,4,16,1,2311,5604,15401,27132,2031,4384,3394.85,3409,6651.4,6752.64,6862.46,6663.54,707.3,702.27,707.18,704.77
PM1,16G,4,16,2,2573,5669,15926,30016,1413,4557,3231.98,3054,6259.49,6182.71,6216.66,6088.85,653.98,647.46,653.0,648.63
PM1,16G,4,16,3,2343,5014,14746,27657,2002,4576,3259.69,3324,6743.45,6763.99,6699.18,6659.21,702.83,705.04,705.29,703.37
PM1,16G,4,16,4,2343,4686,12387,24249,2080,4248,3359.19,3383,6673.87,6631.96,6742.28,6647.77,704.84,702.13,705.5,701.99
PM1,16G,4,16,5,2638,6521,17433,31327,1506,4433,3213.44,3174,6389.68,6429.17,6524.56,6506.07,675.23,676.74,675.77,676.05
PM1,16G,4,32,1,2057,4424,12256,23725,1950,4402,3474.21,3254,6819.15,6795.95,7042.86,6942.66,707.67,704.82,706.82,704.13
PM1,16G,4,32,2,2573,6128,15664,25822,1395,4394,3166.33,3088,6323.96,6455.34,6277.14,6356.2,654.05,648.66,652.36,649.34
PM1,16G,4,32,3,2671,6390,17171,31065,1480,4420,3088.09,3084,6402.16,6348.2,6368.53,6353.41,653.2,649.62,651.46,649.18
PM1,16G,4,32,4,2540,6063,16057,28181,1345,4570,3227.47,3132,6577.72,6667.71,6492.74,6515.36,678.03,676.8,675.06,674.25
PM1,16G,4,32,5,2606,5866,15401,34866,1566,4393,3181.82,3138,6526.22,6573.54,6539.16,6641.39,677.67,675.82,679.33,674.45
PM1,16G,4,64,1,2474,5342,12649,22676,1992,4362,3196.46,3004,6652.99,6504.03,6597.37,6549.67,651.17,650.53,652.04,649.86
PM1,16G,4,64,2,2606,5866,15008,26608,1834,4525,3253.65,2891,6293.23,6259.33,6472.23,6312.8,625.74,623.74,626.52,624.47
PM1,16G,4,64,3,2671,5800,15401,28443,1703,4330,3042.02,2904,6461.84,6353.25,6501.72,6382.41,629.61,628.05,629.41,626.69
PM1,16G,4,64,4,2769,6259,15533,29754,1423,4561,3089.74,3036,6385.81,6384.52,6661.95,6552.52,651.3,649.64,650.08,649.62
PM1,16G,4,64,5,2573,5014,12125,23987,1488,4392,3124.50,3061,6699.39,6506.6,6603.69,6525.05,652.76,649.85,651.6,650.49
PM1,16G,8,1,1,8094,15795,27919,46400,1659,7196,3069.16,3149,6727.25,6681.68,6749.85,6702.37,709.01,708.39,709.99,708.18
PM1,16G,8,1,2,7373,15008,26084,36963,2164,6838,3387.33,3511,7454.23,7565.58,7513.38,7537.86,793.36,794.61,793.79,791.7
PM1,16G,8,1,3,7767,15270,27657,41681,1891,7128,3260.42,3335,6918.2,6951.6,6975.44,7031.63,739.83,742.02,741.38,739.74
PM1,16G,8,1,4,7242,14484,26608,42730,1881,6539,3398.01,3496,7278.75,7317.04,7352.79,7338.91,774.67,776.0,775.47,773.98
PM1,16G,8,1,5,7373,15008,26870,40633,2445,7339,3477.65,3610,7599.09,7768.68,7724.16,7662.78,812.59,814.26,812.88,811.66
PM1,16G,8,2,1,8291,16057,28443,41157,2061,6456,3288.08,3428,7278.89,7258.59,7343.61,7178.16,761.46,758.41,759.03,757.27
PM1,16G,8,2,2,7898,15270,26346,41157,2185,6544,3406.24,3534,7551.07,7593.1,7630.26,7523.28,796.05,795.27,796.52,793.86
PM1,16G,8,2,3,8291,16319,31065,46400,1854,6564,3234.69,3334,7111.16,7085.07,7078.24,7033.2,744.12,743.11,742.59,742.94
PM1,16G,8,2,4,8094,15795,28705,42730,2176,6368,3355.39,3435,7266.24,7222.38,7184.0,7209.11,758.68,759.87,759.34,758.56
PM1,16G,8,2,5,8225,16188,29230,41157,2037,6820,3344.51,3460,7293.56,7401.86,7360.02,7418.23,777.07,777.47,776.86,777.33
PM1,16G,8,4,1,9241,16909,29230,43779,1801,6810,3211.30,3311,7202.39,7039.02,7125.05,7145.06,745.64,742.89,742.46,744.72
PM1,16G,8,4,2,8979,16581,28443,41157,2046,6639,3286.42,3421,7283.49,7212.31,7387.32,7419.78,763.43,760.18,761.42,762.91
PM1,16G,8,4,3,9503,17957,30278,41157,2152,6144,3214.83,3292,7087.07,7093.61,7078.76,7147.36,744.89,743.56,744.4,745.12
PM1,16G,8,4,4,9503,17957,31065,46924,2002,6351,3167.89,3309,7157.86,7113.71,7223.53,7125.22,745.56,743.09,747.28,743.19
PM1,16G,8,4,5,9241,17433,30540,45351,2153,6505,3262.08,3372,7237.7,7206.0,7274.12,7412.99,761.58,760.17,760.91,760.93
PM1,16G,8,8,1,9765,18220,31065,43779,1985,6567,3164.16,3206,6966.04,7002.53,7176.08,7030.37,731.68,731.74,732.12,731.51
PM1,16G,8,8,2,9503,18482,33424,47973,1586,6557,3117.41,3206,6998.47,6997.52,7114.72,7001.71,732.83,730.75,731.42,731.73
PM1,16G,8,8,3,9634,17433,30802,49546,2041,6322,3173.70,3312,7313.83,7204.95,7189.59,7258.85,750.7,746.54,748.48,748.47
PM1,16G,8,8,4,9503,17957,30278,44303,1934,6440,3156.01,3262,7062.84,6960.15,7048.99,7023.1,732.95,731.79,732.4,731.62
PM1,16G,8,8,5,9896,18220,30016,43779,1959,6684,3106.99,3218,6970.51,6996.69,7111.94,7099.13,734.51,730.96,732.17,730.41
PM1,16G,8,16,1,10028,18220,31851,44827,1589,6322,3029.56,3090,6891.87,6872.34,6882.28,6860.1,709.72,707.78,706.8,707.04
PM1,16G,8,16,2,9765,17695,31065,46400,1910,6609,3087.37,3194,6979.71,7105.04,7095.54,7011.25,725.12,721.92,723.93,721.74
PM1,16G,8,16,3,10028,17957,32113,47449,1897,6590,3058.89,3130,7016.76,7048.82,7165.83,7224.61,724.48,720.71,723.18,723.16
PM1,16G,8,16,4,9765,18220,32113,50594,1885,6684,3092.21,3186,7166.96,7266.36,7023.61,7138.02,723.16,722.56,722.72,722.15
PM1,16G,8,16,5,10028,18744,32900,55313,1644,6725,2994.80,3086,7046.12,6803.1,6865.63,6991.32,710.78,707.03,707.5,708.63
PM1,16G,8,32,1,9634,17433,30016,46400,1987,7257,3101.97,3176,7248.55,7094.95,7271.55,7596.07,723.31,719.72,720.49,720.96
PM1,16G,8,32,2,9372,16909,28705,42730,1777,6634,3115.58,3232,7432.7,7604.22,7654.49,7548.56,738.46,736.23,736.71,737.15
PM1,16G,8,32,3,9372,16712,28967,42206,1777,6574,3154.40,3249,7448.73,7898.66,7455.82,7675.35,738.87,737.51,736.41,738.52
PM1,16G,8,32,4,9765,17433,30016,50594,1894,5822,3049.09,3164,7689.61,7321.16,7344.51,7693.22,721.5,719.58,720.17,723.89
PM1,16G,8,32,5,9896,17433,30540,45351,1834,6817,3004.55,3079,7820.48,7170.73,6968.22,7167.61,708.85,706.69,708.5,707.23
PM1,16G,8,64,1,10028,17433,29230,47973,1811,6580,2972.65,3053,7929.44,6933.63,7240.11,7027.62,689.85,688.05,689.04,689.01
PM1,16G,8,64,2,9503,17433,31589,59507,1390,6928,3053.42,3094,8007.86,7185.36,7350.94,7094.88,704.52,702.25,701.56,702.0
PM1,16G,8,64,3,9503,16909,28181,41157,1587,6248,3085.65,3202,8592.7,7526.97,7485.25,7629.27,734.57,734.3,731.82,732.76
PM1,16G,8,64,4,9765,16909,28967,41157,1850,6600,3051.31,3142,8515.45,7812.55,7535.25,7424.49,719.02,718.04,718.2,717.86
PM1,16G,8,64,5,10028,17695,29754,44827,1731,6155,2982.51,3023,7855.26,7076.49,7062.52,7101.32,689.7,689.09,687.57,689.23
PM1,16G,16,1,1,11994,18744,31589,49546,2116,8395,3009.46,3138,7272.01,6975.23,6947.81,7177.3,732.94,731.63,730.98,733.86
PM1,16G,16,1,2,12125,19006,31065,47449,2232,8317,3003.90,3137,7117.98,7113.17,7025.12,7076.27,733.46,732.66,732.97,733.2
PM1,16G,16,1,3,13042,18744,28705,40109,1871,7926,2720.20,2827,6408.19,6365.83,6412.0,6460.68,667.11,667.03,666.28,667.3
PM1,16G,16,1,4,11863,18744,31851,47449,1963,8264,3047.07,3186,7015.94,7074.71,7212.37,7169.79,741.45,741.15,740.31,741.61
PM1,16G,16,1,5,12387,18744,30802,46924,1903,8464,2944.92,3049,6816.62,6865.69,7028.36,6869.61,709.56,709.11,709.62,710.34
PM1,16G,16,2,1,15008,21890,32637,44827,2248,7882,2978.54,3109,7017.43,6898.1,7353.21,7112.77,727.14,728.84,726.77,728.67
PM1,16G,16,2,2,15401,22938,34341,50070,2169,7699,2965.76,3095,7105.11,7158.37,7315.59,7007.15,727.39,728.12,727.76,726.35
PM1,16G,16,2,3,17171,25035,36439,49021,1886,7858,2781.52,2910,6661.34,6589.47,6773.16,6751.86,683.19,682.03,682.33,683.57
PM1,16G,16,2,4,15270,22414,32900,47449,2016,8543,2956.66,3086,6931.36,6949.43,7181.71,7138.57,719.55,718.34,718.23,719.82
PM1,16G,16,2,5,15401,22414,35390,50070,2195,8695,2973.19,3102,7088.09,6981.61,7324.67,7312.18,727.18,726.51,726.84,727.28
PM1,16G,16,4,1,22414,31589,41681,52167,2006,7473,2882.06,3018,6991.23,7004.9,7297.72,6870.03,708.12,708.63,708.02,707.8
PM1,16G,16,4,2,22152,30802,42730,54264,2037,7510,2921.83,3056,6962.34,7040.51,7329.46,7095.06,716.17,716.14,715.41,716.65
PM1,16G,16,4,3,22414,31065,41681,52691,2068,7416,2889.46,3021,6896.99,7040.78,7230.78,6928.87,706.85,708.13,706.88,707.9
PM1,16G,16,4,4,22414,31065,41157,56886,2203,7724,2910.28,3045,7129.1,6942.87,6947.22,6944.07,715.82,713.92,715.89,715.94
PM1,16G,16,4,5,22676,31327,42730,66323,2023,7444,2887.51,3021,6980.33,6825.77,6937.52,6966.98,709.03,707.66,708.01,707.81
PM1,16G,16,8,1,22676,30802,42206,57934,1994,7998,2806.70,2943,6889.87,7028.41,6962.64,6943.05,700.39,699.55,701.05,699.88
PM1,16G,16,8,2,21890,30540,41681,56361,2105,7371,2873.62,3009,7188.77,7037.38,7135.94,7166.21,715.35,713.95,715.38,715.32
PM1,16G,16,8,3,22152,30016,40633,53216,2054,7424,2848.80,2983,6924.28,7094.5,6927.52,6932.13,707.75,707.02,708.3,707.21
PM1,16G,16,8,4,23462,32113,44303,60031,1915,7194,2792.52,2921,6750.78,6750.06,6788.4,6799.41,693.54,692.24,693.79,694.26
PM1,16G,16,8,5,21627,29492,41681,58983,2015,8135,2890.22,3027,7117.1,7173.34,7242.59,7234.83,722.08,721.52,723.99,722.1
PM1,16G,16,16,1,22676,30802,42206,64226,2067,7379,2859.06,2980,7134.78,7163.93,7220.38,7192.17,715.83,715.71,716.01,716.2
PM1,16G,16,16,2,22152,30016,40633,54789,1995,7219,2843.48,2981,7058.53,7124.36,7086.76,7701.61,713.53,713.27,714.43,713.57
PM1,16G,16,16,3,22938,30802,40633,51643,1996,7935,2840.58,2970,7401.16,7116.14,7159.4,7693.46,715.05,714.51,714.15,716.61
PM1,16G,16,16,4,23200,31065,41157,54789,2057,7312,2804.03,2935,7065.31,7257.55,7115.23,7181.52,707.42,708.19,708.17,708.65
PM1,16G,16,16,5,22414,30278,41681,56361,1890,7910,2822.69,2937,7139.47,7472.25,7171.18,7163.61,707.81,708.7,708.17,707.86
PM1,16G,16,32,1,22414,30802,42206,55837,1952,8269,2787.51,2905,7219.23,7824.25,7088.97,7162.32,695.26,692.82,693.09,694.54
PM1,16G,16,32,2,22152,30278,42206,63701,1645,9036,2828.47,2932,7152.57,7947.74,7289.09,7202.57,701.35,700.85,701.14,700.48
PM1,16G,16,32,3,22152,30278,41681,55837,1909,7795,2827.51,2942,7285.68,8058.38,7090.15,7056.33,700.91,700.84,701.14,701.12
PM1,16G,16,32,4,22938,31065,41681,62129,1892,7625,2794.67,2907,7486.69,7962.02,7079.94,7072.1,697.72,695.02,694.46,694.24
PM1,16G,16,32,5,22938,31589,43779,67634,1192,9049,2799.26,2897,7164.95,8045.73,7218.28,7168.74,687.09,687.85,688.17,687.28
PM1,16G,16,64,1,22676,31327,44827,69731,235,7760,2747.06,2860,7133.61,8144.05,7126.56,7143.1,675.6,675.22,676.95,677.23
PM1,16G,16,64,2,23462,31851,43254,60031,1132,7743,2742.17,2852,7350.35,8158.58,7259.4,7122.4,676.39,675.61,677.79,676.47
PM1,16G,16,64,3,22938,31589,42206,56361,1772,8177,2772.39,2892,7239.6,8144.52,7423.92,7265.64,689.43,688.03,689.94,687.79
PM1,16G,16,64,4,23200,31589,43254,65274,1204,8388,2779.60,2902,7209.82,8107.03,7470.84,7258.51,691.06,689.28,690.37,691.12
PM1,16G,16,64,5,22414,30540,41681,64226,972,9186,2812.45,2924,7244.88,8146.28,7282.82,7382.36,691.56,688.51,688.78,689.54
PM1,32G,1,1,1,996,1942,3097,3752,924,1296,1184.84,1241,65.67,54.92,10062.85,54.62,7.56,6.26,1075.85,6.23
PM1,32G,1,1,2,1020,1680,2835,3916,918,1302,1197.24,1254,68.15,57.24,54.73,10227.13,7.57,6.26,6.26,1073.69
PM1,32G,1,1,3,1029,1926,2966,4293,932,1294,1174.58,1230,10225.6,57.52,60.25,59.53,1076.43,6.26,6.38,6.35
PM1,32G,1,1,4,1029,1958,2999,4359,944,1276,1167.24,1223,65.57,10454.13,60.34,59.75,7.56,1076.2,6.38,6.35
PM1,32G,1,1,5,971,1369,2704,3851,934,1304,1235.56,1294,73.82,62.75,10305.61,59.61,7.94,6.6,1113.08,6.44
PM1,32G,1,2,1,1156,2180,3392,4424,936,1262,1125.96,1181,4742.83,56.95,51.44,4699.1,509.41,5.99,5.88,506.81
PM1,32G,1,2,2,1106,2008,2999,4146,946,1252,1154.80,1209,63.52,53.2,4898.33,4914.29,7.32,6.06,523.61,523.75
PM1,32G,1,2,3,1029,1827,3326,4178,932,1282,1180.95,1236,4999.11,5001.07,54.73,54.53,540.87,538.28,6.26,6.23
PM1,32G,1,2,4,1074,2212,3294,4178,912,1278,1145.77,1200,4901.61,53.1,58.61,4891.9,524.72,6.06,6.18,523.07
PM1,32G,1,2,5,1156,2180,3392,4555,928,1268,1139.75,1192,68.55,4874.71,4868.48,57.57,7.44,523.11,523.21,6.15
PM1,32G,1,4,1,1205,2114,3294,4621,890,1282,1155.11,1211,2468.47,2449.25,2428.29,2398.9,265.61,264.05,263.96,263.5
PM1,32G,1,4,2,1319,2409,3687,5014,922,1238,1105.12,1158,2379.9,2377.37,2353.69,2364.31,257.0,255.95,255.7,256.7
PM1,32G,1,4,3,1123,2311,3687,5276,924,1260,1112.50,1166,2386.99,2366.37,2352.87,2369.46,257.31,256.16,255.87,255.44
PM1,32G,1,4,4,1106,2212,3556,4817,960,1288,1150.98,1206,2448.67,2438.26,2428.99,2454.26,264.97,263.79,264.29,263.99
PM1,32G,1,4,5,1450,2474,3720,5866,708,1244,1080.32,1132,2305.1,2298.36,2290.87,2309.51,249.56,248.79,248.03,248.46
PM1,32G,1,8,1,1123,2638,4178,5800,920,1278,1117.36,1172,2381.92,2360.19,2369.9,2386.13,257.29,256.27,256.66,256.11
PM1,32G,1,8,2,1270,2278,2966,4555,966,1264,1140.72,1195,2469.36,2440.45,2453.46,2438.57,264.93,264.35,264.2,263.47
PM1,32G,1,8,3,1139,2343,2966,4621,944,1306,1169.71,1220,2429.44,2469.27,2488.21,2441.8,265.22,264.74,265.82,263.77
PM1,32G,1,8,4,1074,1909,2671,3654,576,1320,1224.87,1274,2620.88,2625.97,2621.62,2599.81,282.39,281.43,282.14,281.82
PM1,32G,1,8,5,1254,2278,3589,4883,526,1288,1123.67,1176,2409.56,2372.83,2386.96,2363.83,256.94,256.2,255.75,256.17
PM1,32G,1,16,1,1057,2376,3032,6587,966,1284,1155.07,1209,2498.42,2460.6,2452.43,2412.01,266.01,264.09,263.78,263.39
PM1,32G,1,16,2,1188,2606,4113,6325,940,1238,1116.10,1169,2394.86,2373.31,2376.62,2340.34,257.6,256.66,255.33,255.65
PM1,32G,1,16,3,1172,2147,3982,5407,856,1300,1160.84,1215,2477.29,2448.82,2449.89,2405.7,264.76,263.98,263.96,263.7
PM1,32G,1,16,4,1139,2540,4178,6980,892,1256,1118.55,1170,2384.81,2367.91,2359.31,2359.38,256.61,255.4,255.89,256.05
PM1,32G,1,16,5,1123,2073,4146,5669,902,1292,1161.50,1216,2485.7,2474.51,2444.52,2445.42,265.15,264.63,264.07,264.46
PM1,32G,1,32,1,1090,2376,3097,4817,896,1286,1142.46,1196,2494.17,2455.6,2466.49,2460.42,266.62,264.54,265.67,265.07
PM1,32G,1,32,2,1074,2024,4015,7111,778,1306,1162.82,1216,2467.29,2447.26,2458.02,2441.01,266.49,264.11,265.19,264.46
PM1,32G,1,32,3,1090,2245,4490,6783,900,1280,1159.59,1213,2449.16,2461.71,2433.3,2449.2,265.83,265.01,264.23,264.5
PM1,32G,1,32,4,1123,2507,3032,5145,944,1272,1130.63,1183,2453.33,2447.4,2448.41,2464.85,265.44,264.63,265.28,264.53
PM1,32G,1,32,5,1074,1795,3130,5473,876,1282,1204.81,1260,2572.04,2521.3,2568.15,2523.56,274.27,272.03,274.26,272.1
PM1,32G,1,64,1,1106,2474,2999,5932,910,1285,1134.96,1185,2465.85,2457.91,2515.33,2447.38,265.17,264.49,267.22,264.1
PM1,32G,1,64,2,1123,2311,3752,5473,900,1270,1143.26,1197,2480.51,2514.17,2491.46,2476.26,265.12,265.6,265.34,264.43
PM1,32G,1,64,3,1123,2376,2933,5211,870,1286,1141.18,1194,2483.79,2476.17,2516.05,2477.45,265.44,264.35,264.54,265.14
PM1,32G,1,64,4,1369,2737,4621,6783,680,1292,1081.28,1129,2359.01,2332.29,2378.29,2324.24,250.85,249.34,251.28,248.91
PM1,32G,1,64,5,1057,2114,4293,8717,894,1278,1149.70,1206,2486.01,2485.0,2482.54,2474.06,265.42,264.93,265.65,264.24
PM1,32G,2,1,1,1352,2212,3621,7439,1552,2498,2125.55,2214,8877.85,8873.17,51.33,51.38,951.53,949.48,5.55,5.52
PM1,32G,2,1,2,1483,2147,3490,8160,1624,2374,2025.95,2117,61.29,52.24,8718.71,8666.76,6.61,5.5,929.84,926.51
PM1,32G,2,1,3,1516,2180,3589,8848,1528,2396,2013.83,2113,8725.84,8712.57,52.13,51.46,929.62,928.28,5.5,5.47
PM1,32G,2,1,4,1467,2507,4293,9241,1502,2498,2088.65,2178,62.73,53.99,8948.88,8910.81,6.8,5.65,957.14,954.35
PM1,32G,2,1,5,1369,2507,4113,8291,1474,2465,2082.65,2175,8957.96,8941.79,53.6,53.3,954.51,954.48,5.65,5.62
PM1,32G,2,2,1,1532,2573,3949,7046,1406,2378,2027.50,2095,61.6,4358.55,8699.19,4333.65,6.61,465.2,927.97,464.64
PM1,32G,2,2,2,1565,2376,3982,8094,1488,2370,2021.11,2104,4402.5,52.22,4322.64,8679.2,466.79,5.49,465.47,927.02
PM1,32G,2,2,3,1434,2638,4752,10552,1343,2464,2083.62,2168,8919.7,4453.37,52.23,4461.37,953.92,478.97,5.55,479.15
PM1,32G,2,2,4,1532,2376,4178,9896,1562,2350,2029.61,2121,4340.33,8688.61,4342.61,47.28,465.57,928.3,464.66,5.36
PM1,32G,2,2,5,1434,2606,4113,8848,1490,2450,2103.61,2203,58.25,4440.96,8976.52,4463.78,6.69,478.64,956.71,478.24
PM1,32G,2,4,1,1319,2638,4555,10814,1446,2460,2142.87,2235,4607.07,4603.59,4590.66,4576.98,494.85,492.68,493.67,493.52
PM1,32G,2,4,2,1483,2606,4015,8455,1452,2456,2053.58,2126,4386.97,4353.92,4315.76,4325.53,466.69,464.93,465.08,464.06
PM1,32G,2,4,3,1516,2343,3720,6521,1380,2472,2114.48,2127,4352.38,4335.01,4319.45,4339.36,465.84,464.9,464.05,465.5
PM1,32G,2,4,4,1565,2573,4490,7701,1342,2387,2029.72,2125,4333.53,4367.73,4380.6,4246.03,464.66,464.54,465.69,463.49
PM1,32G,2,4,5,1467,2704,4752,8356,1462,2448,2076.01,2165,4525.77,4528.7,4588.28,4443.75,479.4,478.64,478.88,477.16
PM1,32G,2,8,1,1483,2769,4883,9896,1526,2384,2059.92,2155,4585.12,4583.14,4520.39,4473.6,479.9,478.53,478.19,478.19
PM1,32G,2,8,2,1500,2737,5145,8848,1532,2414,2044.40,2144,4532.26,4484.33,4433.57,4484.92,479.64,477.95,478.8,479.57
PM1,32G,2,8,3,1467,2737,4948,10028,1530,2394,2055.00,2153,4554.86,4495.33,4528.91,4512.61,479.93,478.01,478.19,478.29
PM1,32G,2,8,4,1631,2606,4424,8455,1626,2292,2030.11,2125,4372.09,4395.01,4369.52,4378.35,466.14,464.76,465.27,464.7
PM1,32G,2,8,5,1565,2671,5342,10945,1546,2318,2043.41,2131,4310.06,4347.9,4372.43,4344.75,465.48,464.79,466.83,465.66
PM1,32G,2,16,1,1500,2704,5473,11207,1458,2422,2060.48,2154,4506.65,4472.62,4506.66,4507.14,480.37,478.29,480.05,479.5
PM1,32G,2,16,2,1500,2835,6325,16450,1427,2400,2053.71,2134,4467.51,4511.92,4332.92,4361.99,467.24,467.69,467.68,466.85
PM1,32G,2,16,3,1450,2671,5014,10552,1370,2418,2102.95,2173,4607.24,4567.18,4567.45,4488.93,481.23,479.25,479.72,480.15
PM1,32G,2,16,4,1532,2802,5211,9503,1350,2370,2052.51,2125,4407.77,4368.23,4340.73,4354.11,468.08,466.69,466.11,466.55
PM1,32G,2,16,5,1418,2737,5669,10421,1308,2418,2090.44,2184,4518.12,4575.45,4497.54,4611.87,479.96,481.15,479.67,480.71
PM1,32G,2,32,1,1483,2606,5735,10683,1457,2362,2069.83,2168,4560.9,4506.01,4608.03,4537.76,483.58,483.45,482.04,481.04
PM1,32G,2,32,2,1549,2835,5669,10421,1530,2335,2028.59,2121,4466.11,4393.08,4422.56,4362.1,469.34,468.44,468.54,468.47
PM1,32G,2,32,3,1467,2769,6194,12125,1528,2334,2029.94,2122,4428.83,4374.63,4418.31,4378.36,472.03,467.18,468.63,468.17
PM1,32G,2,32,4,1483,2704,5211,11338,1377,2346,2059.98,2151,4477.47,4383.45,4482.98,4486.93,469.48,468.8,471.6,469.1
PM1,32G,2,32,5,1598,2802,5866,10814,1404,2341,1998.57,2065,4319.73,4287.21,4272.32,4275.39,456.87,457.2,455.48,456.85
PM1,32G,2,64,1,1483,2540,5342,13829,1462,2368,2064.66,2155,4685.63,4618.13,4688.91,4795.33,485.43,483.36,483.76,485.07
PM1,32G,2,64,2,1450,2835,6587,10552,1514,2356,2039.54,2132,4509.54,4456.62,4440.06,4494.16,471.47,470.04,468.36,469.15
PM1,32G,2,64,3,1582,2966,5342,12387,1474,2362,2001.09,2092,4408.5,4440.61,4464.48,4453.07,469.81,468.62,468.47,469.82
PM1,32G,2,64,4,1434,2704,5080,9896,1382,2404,2067.28,2145,4693.29,4571.07,4578.87,4618.73,484.58,483.7,482.42,482.59
PM1,32G,2,64,5,1549,2638,5276,10159,1454,2286,2008.09,2094,4670.96,4549.2,4498.19,4496.38,471.39,469.57,468.84,470.12
PM1,32G,4,1,1,1958,3982,12518,24511,1922,4628,3549.97,3270,6997.28,6997.78,6984.01,7054.08,741.13,739.06,740.22,740.61
PM1,32G,4,1,2,2073,4424,13698,22938,2148,4800,3590.79,3474,7334.96,7327.78,7313.04,7379.47,775.77,777.07,777.57,777.89
PM1,32G,4,1,3,2245,4293,12780,26084,1584,4801,3541.52,3601,7502.45,7432.58,7450.99,7495.77,794.72,795.85,795.11,795.44
PM1,32G,4,1,4,2180,4015,10683,23462,1874,4664,3461.31,3260,6797.14,6803.55,6813.41,6822.62,726.5,724.15,727.13,724.9
PM1,32G,4,1,5,1876,3359,9110,20841,2256,4562,3678.72,3713,7660.85,7643.87,7637.94,7675.28,813.95,813.77,816.13,815.13
PM1,32G,4,2,1,2540,5276,14222,28967,1321,4622,3299.13,3103,3316.99,8929.64,9320.98,3252.81,350.68,1035.8,1037.63,348.35
PM1,32G,4,2,2,2376,4883,13829,25297,1921,4642,3360.19,3335,9813.89,3514.23,3492.18,9815.23,1107.74,371.5,372.26,1106.45
PM1,32G,4,2,3,2507,5473,14615,27657,1827,4543,3309.70,3205,3419.28,9415.45,9653.8,3455.68,364.62,1081.19,1084.26,365.16
PM1,32G,4,2,4,2474,5604,15008,30540,1651,4565,3304.47,3273,9919.5,3503.49,3460.83,9692.32,1109.34,372.9,373.35,1106.69
PM1,32G,4,2,5,2507,4948,12780,29492,1773,4538,3287.71,3200,3350.43,9218.98,9388.52,3384.15,355.91,1057.94,1060.83,356.64
PM1,32G,4,4,1,2376,5735,15401,27395,1869,4718,3296.48,3158,6713.61,6670.98,6658.9,6739.89,712.01,710.85,711.11,710.47
PM1,32G,4,4,2,2474,5800,15533,25297,1793,4739,3191.59,3123,6593.6,6583.01,6548.1,6550.26,696.78,695.48,696.09,694.24
PM1,32G,4,4,3,2507,5866,16581,33162,1887,4440,3158.69,3200,6683.84,6750.11,6756.32,6698.16,711.06,709.69,709.73,711.29
PM1,32G,4,4,4,2442,5800,15401,27132,1810,4347,3204.10,3113,6669.49,6710.95,6719.71,6669.18,696.51,695.26,694.42,696.1
PM1,32G,4,4,5,2573,6063,16581,29754,1941,4503,3172.65,3179,6701.36,6724.46,6700.44,6709.52,711.23,710.71,712.46,712.18
PM1,32G,4,8,1,2343,5473,16909,27919,2078,4578,3294.69,3284,7017.87,7049.28,7054.5,7011.81,743.49,744.54,744.78,745.07
PM1,32G,4,8,2,2573,6587,17695,28443,1572,4388,3127.44,3068,6623.44,6629.07,6591.23,6642.53,698.39,698.01,698.11,697.43
PM1,32G,4,8,3,2606,6718,17957,31589,1766,4646,3105.93,3034,6593.15,6549.14,6559.84,6394.65,684.26,682.73,683.21,682.09
PM1,32G,4,8,4,2474,6063,16581,30278,1541,4766,3226.07,3081,6598.21,6625.63,6671.84,6635.1,697.6,696.43,697.1,697.49
PM1,32G,4,8,5,2311,5866,15401,29492,1856,4511,3298.85,3197,6884.46,6833.42,6902.95,6898.25,727.82,727.82,730.17,727.98
PM1,32G,4,16,1,2507,6325,17433,30540,1757,4630,3154.82,3086,6765.21,6795.28,6803.29,6725.45,701.95,702.45,700.92,702.87
PM1,32G,4,16,2,2606,7177,18744,32375,1666,4509,3099.81,3039,6538.65,6673.21,6539.95,6713.04,687.81,687.7,686.08,688.39
PM1,32G,4,16,3,2573,7635,19006,31851,1535,4501,3117.94,3135,6973.61,6926.14,6870.09,6846.89,717.26,717.47,716.0,715.21
PM1,32G,4,16,4,2606,7898,19792,32900,1270,4554,3177.95,3229,7097.49,7139.95,7200.57,7132.71,732.62,732.04,734.09,732.54
PM1,32G,4,16,5,2573,6783,18220,28705,1702,4602,3125.34,3054,6624.66,6730.71,6778.87,6681.69,686.8,686.55,688.27,687.3
PM1,32G,4,32,1,2704,7504,19006,32375,1315,4711,3051.65,3022,6787.21,6776.57,6918.11,6791.53,693.62,692.52,693.57,693.24
PM1,32G,4,32,2,2638,7701,19268,31327,1675,4632,3120.56,3189,7112.08,7008.73,7313.77,7091.86,723.29,721.81,725.4,721.3
PM1,32G,4,32,3,2540,6456,18220,30802,1584,4405,3129.77,2925,6562.34,6553.16,6461.42,6489.78,668.16,666.24,667.33,666.69
PM1,32G,4,32,4,2671,7635,19006,32375,1390,4498,3025.37,3048,6713.43,6704.84,6747.03,6637.34,694.65,693.62,694.67,692.0
PM1,32G,4,32,5,2507,6718,17957,30540,1700,4485,3107.76,3152,6990.53,7020.77,7164.57,7047.01,724.23,722.09,722.8,723.51
PM1,32G,4,64,1,2868,7963,18220,32900,1396,4570,2971.80,2963,6705.55,6933.66,6820.7,6832.49,677.61,678.53,679.1,677.73
PM1,32G,4,64,2,2737,7111,17171,29230,1384,4183,2968.55,2981,6753.51,6727.25,6951.65,6759.27,679.97,678.18,679.04,680.36
PM1,32G,4,64,3,2769,6587,16909,30802,1500,4608,3000.15,2790,6377.29,6298.77,6330.27,6285.83,640.5,639.61,639.56,641.38
PM1,32G,4,64,4,2638,6980,18744,31589,1942,4377,3104.98,2990,6879.11,6722.21,6826.77,6689.89,679.58,678.69,679.23,676.75
PM1,32G,4,64,5,2704,7308,17957,31589,1645,4258,3033.45,2926,6545.9,6444.49,6670.32,6551.28,664.06,663.79,665.71,664.62
PM1,32G,8,1,1,8029,15795,27919,41681,1970,7033,3224.93,3345,7432.65,7392.1,7401.26,7414.25,774.25,774.07,773.72,775.03
PM1,32G,8,1,2,5276,19006,417334,530580,4838,1805.35,1888,,15.17,14.08,12.85,14311.83,1.61,1.34,1.34,1756.83
PM1,32G,8,1,3,8717,16909,30540,49546,1556,6474,2895.53,2973,6788.48,6661.33,6627.34,6426.79,694.93,694.19,692.95,694.64
PM1,32G,8,1,4,7898,15270,27132,40109,1639,6684,3253.15,3371,7710.33,7522.2,7604.63,7290.85,784.77,782.14,782.88,783.66
PM1,32G,8,1,5,7767,15008,27132,40109,2111,6886,3258.49,3406,7612.4,7568.2,7566.59,7386.93,794.88,792.65,791.37,793.5
PM1,32G,8,2,1,8717,16712,30016,44303,1931,6380,3189.39,3319,7384.78,7422.19,7404.14,7221.32,776.14,775.46,774.41,776.45
PM1,32G,8,2,2,8717,16319,28705,43254,1994,6314,3191.31,3316,7396.91,7383.22,7448.33,7252.88,777.22,774.91,776.08,776.95
PM1,32G,8,2,3,8455,16057,33817,58459,1711,5044,2993.34,3133,7017.07,5161.57,1753.35,11761.35,733.48,549.13,184.11,1446.47
PM1,32G,8,2,4,8848,16450,28967,41157,2053,6480,3144.29,3267,7221.33,7232.79,7289.3,7092.46,759.66,757.46,757.69,759.68
PM1,32G,8,2,5,8979,16909,29230,43779,1920,6174,3155.62,3280,7291.78,7365.71,7292.51,7165.57,765.63,766.92,767.06,767.42
PM1,32G,8,4,1,10290,18744,31851,47449,1825,5932,3023.24,3156,6966.97,7014.43,7199.18,6909.72,736.07,734.1,735.63,735.72
PM1,32G,8,4,2,10552,19006,31851,46400,1670,6938,2965.18,3098,6988.8,7059.61,6987.16,6805.96,726.62,726.8,727.46,727.69
PM1,32G,8,4,3,10421,18744,32637,47449,2002,6359,3007.58,3116,7048.7,7053.22,7138.92,6900.7,734.77,734.31,735.09,735.18
PM1,32G,8,4,4,10159,19006,33162,49546,1995,5830,3074.12,3202,7212.71,7258.93,7259.69,7028.82,752.36,750.86,750.36,750.89
PM1,32G,8,4,5,10290,18482,31851,45876,1658,6464,3009.51,3113,7026.47,7147.81,7100.06,7018.76,735.41,736.73,736.02,735.35
PM1,32G,8,8,1,10159,18220,31327,46400,1978,6654,3032.51,3159,7321.57,7290.71,7409.24,7245.84,746.44,746.2,748.32,747.38
PM1,32G,8,8,2,10814,19530,33424,47449,1834,6604,2911.89,3037,6946.71,7030.59,6982.62,7005.38,715.63,715.6,715.7,716.65
PM1,32G,8,8,3,10552,18744,32375,49021,1820,7104,2967.60,3077,7090.35,7086.57,7080.79,7109.52,723.27,722.26,724.0,723.06
PM1,32G,8,8,4,10290,18482,32113,47449,1920,6188,2938.41,3064,7001.42,7067.3,7049.45,7102.31,723.06,723.61,723.99,723.38
PM1,32G,8,8,5,10552,19268,33424,47973,1853,6780,2970.29,3091,6994.29,7038.4,7134.9,6999.18,722.1,722.26,724.24,723.32
PM1,32G,8,16,1,10552,19268,33817,50594,1626,6850,2882.69,2972,7042.62,7183.88,7219.29,7126.52,708.31,708.64,708.7,707.41
PM1,32G,8,16,2,10552,18482,32113,46924,1668,6375,2904.20,3029,7174.96,7110.12,7110.22,7181.91,723.52,722.41,726.19,723.69
PM1,32G,8,16,3,10552,18482,32900,47973,1740,7098,2915.18,3030,7210.1,7060.36,7108.46,7159.91,723.43,722.65,723.39,722.61
PM1,32G,8,16,4,10290,17957,32113,53740,1811,6589,2914.37,3011,7003.54,7185.09,7112.91,7134.72,714.77,714.48,715.8,716.37
PM1,32G,8,16,5,10945,20579,35914,51119,1550,6445,2711.46,2792,6594.57,6586.64,6665.9,6572.74,665.33,665.42,665.85,666.28
PM1,32G,8,32,1,10552,18220,30540,43779,1631,6572,2872.54,2969,7001.54,7131.13,7109.76,7177.73,714.31,715.11,716.3,716.56
PM1,32G,8,32,2,10945,19530,33817,50594,1598,6138,2808.27,2883,6780.53,6857.15,6997.17,6926.7,693.45,693.0,695.45,695.91
PM1,32G,8,32,3,10683,19268,33817,51119,1560,6218,2817.30,2933,6986.7,7001.19,7110.85,7033.47,707.53,706.68,709.11,708.76
PM1,32G,8,32,4,10683,18744,31851,45876,1835,6698,2845.73,2952,7121.39,7041.87,7079.58,6949.75,708.74,707.75,709.37,709.58
PM1,32G,8,32,5,10421,18220,31327,45876,1862,6936,2912.13,3036,7254.28,7464.3,7428.52,7213.88,729.95,731.69,730.45,730.84
PM1,32G,8,64,1,10683,18744,32637,52167,1134,6796,2811.92,2887,7252.1,7123.07,7065.63,7156.35,687.42,687.74,688.41,689.58
PM1,32G,8,64,2,10814,18744,31589,47973,1478,6448,2822.04,2938,7211.15,7158.26,7200.18,7091.83,701.98,700.18,701.2,700.35
PM1,32G,8,64,3,10814,19268,32900,51119,1515,6562,2792.32,2910,7189.0,7285.93,7197.42,7119.9,694.44,693.66,694.95,693.11
PM1,32G,8,64,4,10814,18482,31851,51119,614,6660,2800.26,2914,7258.09,7163.1,7788.1,7098.87,695.46,694.58,695.73,694.48
PM1,32G,8,64,5,10683,18482,31589,47449,1701,6667,2829.50,2941,7280.24,7222.02,7995.82,7203.42,701.87,700.75,702.09,701.39
PM1,32G,16,1,1,12780,19268,31589,46400,1815,8282,2832.90,2955,6879.31,6713.59,6918.95,6923.84,701.61,701.07,701.09,701.6
PM1,32G,16,1,2,443,575,4659,1800.10,1884,,,,16.37,14345.99,14.38,14.62,1.63,1757.53,1.38,1.37
PM1,32G,16,1,3,12911,20317,35914,608175,1258,7535,3298.94,2777,4770.49,9.9,9070.68,10678.76,496.29,1.01,991.43,1155.74
PM1,32G,16,1,4,12780,20841,187696,505414,1316,8635,3274.63,2573,7294.51,10670.25,10.05,4373.67,776.08,1211.85,0.93,467.49
PM1,32G,16,1,5,12387,18744,31327,44827,2025,7379,2905.42,3023,7332.2,6786.09,6974.59,6895.19,721.02,721.52,721.88,720.34
PM1,32G,16,2,1,15926,22938,34341,52167,1952,7993,2857.98,2983,7188.63,6764.43,6946.49,6848.69,710.19,711.26,711.37,710.43
PM1,32G,16,2,2,16712,23987,35914,50070,1881,8166,2775.87,2900,6984.21,6653.26,6704.66,6696.45,692.38,692.77,694.24,691.8
PM1,32G,16,2,3,14353,21103,32375,46400,1930,8646,3109.56,2927,10082.39,7637.78,9187.8,11.3,1046.49,787.31,963.24,1.05
PM1,32G,16,2,4,18744,32637,53216,79168,953,5816,2688.44,2818,11518.4,12.24,10.82,11518.59,1331.1,1.04,1.02,1331.79
PM1,32G,16,2,5,18744,33424,54264,85459,704,6001,2673.31,2804,13.73,11353.01,11294.43,13.27,1.23,1324.19,1324.33,1.08
PM1,32G,16,4,1,23200,31327,41157,50594,2170,6618,2793.52,2926,7285.24,6779.05,6789.16,7552.14,705.93,705.58,705.58,706.87
PM1,32G,16,4,2,22938,31851,42206,53740,1835,7950,2797.85,2930,7349.83,6737.32,6741.64,7542.45,705.55,704.04,704.26,705.94
PM1,32G,16,4,3,23200,31589,42206,53216,2053,7865,2797.96,2930,7350.41,6863.1,6829.83,7568.45,704.94,704.36,704.62,705.7
PM1,32G,16,4,4,22938,31589,42206,55313,1951,8021,2789.93,2925,7447.69,6907.63,6898.77,7533.87,704.0,703.73,704.54,704.5
PM1,32G,16,4,5,23725,32900,44303,60031,1694,7448,2775.26,2909,7231.28,6893.17,6920.18,7224.4,700.98,699.96,700.21,699.97
PM1,32G,16,8,1,22676,30540,40633,54789,1999,9098,2790.87,2926,7611.12,7587.97,7774.82,7823.83,713.13,712.01,712.65,711.98
PM1,32G,16,8,2,23462,31589,42730,58983,1946,7518,2730.77,2857,7797.11,7787.1,7604.03,7709.11,698.45,694.53,694.33,694.19
PM1,32G,16,8,3,23462,31851,43254,55313,2012,7172,2721.12,2854,7858.79,7873.34,7609.08,7771.62,697.69,694.2,694.36,693.55
PM1,32G,16,8,4,22676,30540,41157,56361,2064,7685,2796.35,2927,8121.02,7759.64,7259.45,7999.72,713.68,711.33,712.02,712.54
PM1,32G,16,8,5,22676,30540,42206,65799,1741,8121,2774.16,2906,7666.07,7566.54,7118.39,7916.28,704.18,703.71,704.03,704.5
PM1,32G,16,16,1,22938,31327,43254,57934,1696,8120,2720.68,2843,7815.04,7916.33,7076.0,8185.38,697.75,696.73,697.07,698.24
PM1,32G,16,16,2,23200,31065,42206,56886,1816,7096,2718.51,2844,8131.1,7847.02,7101.67,8151.33,698.34,696.47,697.11,697.68
PM1,32G,16,16,3,23725,31851,42206,56361,1804,8121,2698.23,2821,8278.74,7799.1,7408.42,8218.76,698.25,694.77,694.47,695.31
PM1,32G,16,16,4,23987,32375,43254,61604,1711,7132,2681.31,2807,8223.12,7976.73,7240.66,7936.04,692.68,691.82,691.91,691.79
PM1,32G,16,16,5,23200,31327,42206,57410,1858,7571,2719.13,2846,8274.76,7924.86,7586.04,8023.92,699.09,698.11,699.87,698.33
PM1,32G,16,32,1,23462,31589,42206,56361,1719,8024,2717.94,2839,8348.06,7982.65,8029.54,8337.26,704.19,703.73,708.56,705.32
PM1,32G,16,32,2,23725,31851,42730,64750,699,8858,2684.31,2803,8194.94,7889.7,7944.91,7922.41,695.66,692.8,693.5,693.76
PM1,32G,16,32,3,23462,31589,42730,60556,410,9204,2716.18,2833,8239.66,7960.39,7964.26,8090.61,701.09,698.56,700.21,700.59
PM1,32G,16,32,4,23987,32375,43254,59507,1667,7442,2673.25,2795,8256.43,7845.33,7887.58,7943.53,693.98,691.83,693.74,693.92
PM1,32G,16,32,5,23462,31851,43254,62653,172,9276,2684.85,2802,8259.67,7025.29,8035.61,7862.16,694.64,691.71,697.59,693.06
PM1,32G,16,64,1,23725,32637,44303,270533,261,8822,2669.61,2762,8330.51,7687.65,7470.81,8134.09,665.18,678.01,677.48,669.67
PM1,32G,16,64,2,23725,31851,42730,69731,157,7795,2687.86,2810,8394.85,8500.24,7440.42,8308.09,685.73,687.14,684.95,686.23
PM1,32G,16,64,3,23725,31851,43254,66847,558,8562,2677.57,2795,8204.18,8155.48,7167.82,8123.15,684.24,683.46,682.41,682.87
PM1,32G,16,64,4,23462,31589,41681,66847,612,8653,2689.31,2808,8268.76,8249.69,7566.88,8278.36,685.47,685.3,685.95,685.81
PM1,32G,16,64,5,23987,32375,43254,66847,539,9447,2662.62,2776,8232.79,7274.24,8316.41,8222.43,676.31,676.03,676.59,677.13
