0704-2047
CN7,4G,1,1,1,947,1106,1467,7439,1260,1472,1370.80,1452,9835.2,10210.5,9895.29,9778.03,1013.13,1011.61,1012.56,1011.82
CN7,4G,1,1,2,930,1074,1237,4621,1270,1456,1375.20,1457,9835.2,10210.5,9895.29,9778.03,1013.13,1011.61,1012.56,1011.82
CN7,4G,1,1,3,865,1057,1631,4359,1302,1474,1412.80,1490,9835.2,10210.5,9895.29,9778.03,1013.13,1011.61,1012.56,1011.82
CN7,4G,1,1,4,865,1037,1287,3294,1290,1450,1400.40,1477,9835.2,10210.5,9895.29,9778.03,1013.13,1011.61,1012.56,1011.82
CN7,4G,1,1,5,832,1057,1467,2008,1334,1460,1418.00,1492,9835.2,10210.5,9895.29,9778.03,1013.13,1011.61,1012.56,1011.82
CN7,4G,1,2,1,857,1037,1123,1827,1334,1476,1425.00,1500,9835.2,10210.5,9895.29,9778.03,1013.13,1011.61,1012.56,1011.82
CN7,4G,1,2,2,816,1029,1139,1958,1324,1502,1429.60,1502,9835.2,10210.5,9895.29,9778.03,1013.13,1011.61,1012.56,1011.82
CN7,4G,1,2,3,898,1045,1156,1926,1226,1480,1389.00,1467,9835.2,10210.5,9895.29,9778.03,1013.13,1011.61,1012.56,1011.82
CN7,4G,1,2,4,922,1074,1287,1745,1218,1460,1381.60,1460,9835.2,10210.5,9895.29,9778.03,1013.13,1011.61,1012.56,1011.82
CN7,4G,1,2,5,914,1057,1172,1860,1250,1456,1379.60,1459,9835.2,10210.5,9895.29,9778.03,1013.13,1011.61,1012.56,1011.82
CN7,4G,1,4,1,848,1037,1287,1811,1338,1466,1411.60,1489,9835.2,10210.5,9895.29,9778.03,1013.13,1011.61,1012.56,1011.82
CN7,4G,1,4,2,799,988,1123,1811,1360,1514,1444.00,1519,9835.2,10210.5,9895.29,9778.03,1013.13,1011.61,1012.56,1011.82
CN7,4G,1,4,3,848,1020,1221,1991,1329,1478,1413.40,1490,9835.2,10210.5,9895.29,9778.03,1013.13,1011.61,1012.56,1011.82
CN7,4G,1,4,4,848,1045,1254,1860,1393,1472,1422.20,1499,9835.2,10210.5,9895.29,9778.03,1013.13,1011.61,1012.56,1011.82
CN7,4G,1,4,5,840,1020,1270,1795,1234,1496,1432.80,1510,9835.2,10210.5,9895.29,9778.03,1013.13,1011.61,1012.56,1011.82
CN7,4G,1,8,1,848,1020,1713,1991,1186,1462,1404.40,1482,9835.2,10210.5,9895.29,9778.03,1013.13,1011.61,1012.56,1011.82
CN7,4G,1,8,2,963,1090,1663,1958,1196,1484,1352.80,1438,9835.2,10210.5,9895.29,9778.03,1013.13,1011.61,1012.56,1011.82
CN7,4G,1,8,3,832,1004,1680,2057,1336,1484,1421.20,1497,9835.2,10210.5,9895.29,9778.03,1013.13,1011.61,1012.56,1011.82
CN7,4G,1,8,4,857,1029,1860,2008,1311,1478,1405.80,1485,9835.2,10210.5,9895.29,9778.03,1013.13,1011.61,1012.56,1011.82
CN7,4G,1,8,5,914,1045,1778,2040,1270,1474,1393.60,1473,9835.2,10210.5,9895.29,9778.03,1013.13,1011.61,1012.56,1011.82
CN7,4G,1,16,1,816,1037,1811,2073,1300,1484,1422.40,1498,9835.2,10210.5,9895.29,9778.03,1013.13,1011.61,1012.56,1011.82
CN7,4G,1,16,2,922,1090,1778,2057,1212,1463,1377.00,1459,9835.2,10210.5,9895.29,9778.03,1013.13,1011.61,1012.56,1011.82
CN7,4G,1,16,3,881,1057,1795,2089,1322,1438,1393.00,1475,9835.2,10210.5,9895.29,9778.03,1013.13,1011.61,1012.56,1011.82
CN7,4G,1,16,4,865,1037,1762,1926,1156,1480,1402.80,1480,9835.2,10210.5,9895.29,9778.03,1013.13,1011.61,1012.56,1011.82
CN7,4G,1,16,5,881,1074,1762,1860,1238,1484,1388.00,1469,9835.2,10210.5,9895.29,9778.03,1013.13,1011.61,1012.56,1011.82
CN7,4G,1,32,1,889,1123,1729,1860,1316,1456,1389.40,1468,9835.2,10210.5,9895.29,9778.03,1013.13,1011.61,1012.56,1011.82
CN7,4G,1,32,2,848,1123,1795,2024,1166,1474,1408.40,1486,9835.2,10210.5,9895.29,9778.03,1013.13,1011.61,1012.56,1011.82
CN7,4G,1,32,3,906,1106,1778,1893,1280,1454,1364.80,1446,9835.2,10210.5,9895.29,9778.03,1013.13,1011.61,1012.56,1011.82
CN7,4G,1,32,4,889,1123,1696,1926,1240,1486,1393.60,1471,9835.2,10210.5,9895.29,9778.03,1013.13,1011.61,1012.56,1011.82
CN7,4G,1,32,5,758,1037,1811,1975,1372,1498,1429.60,1501,9835.2,10210.5,9895.29,9778.03,1013.13,1011.61,1012.56,1011.82
CN7,4G,1,64,1,914,1303,1631,1991,1222,1432,1363.80,1442,9835.2,10210.5,9895.29,9778.03,1013.13,1011.61,1012.56,1011.82
CN7,4G,1,64,2,889,1270,1795,2057,1248,1442,1371.40,1451,9835.2,10210.5,9895.29,9778.03,1013.13,1011.61,1012.56,1011.82
CN7,4G,1,64,3,824,1205,1647,1844,1320,1502,1413.60,1487,9835.2,10210.5,9895.29,9778.03,1013.13,1011.61,1012.56,1011.82
CN7,4G,1,64,4,930,1319,1860,1991,1160,1450,1359.40,1444,9835.2,10210.5,9895.29,9778.03,1013.13,1011.61,1012.56,1011.82
CN7,4G,1,64,5,889,1270,1713,2024,1328,1472,1395.00,1471,9835.2,10210.5,9895.29,9778.03,1013.13,1011.61,1012.56,1011.82
CN7,4G,2,1,1,807,1004,1270,1778,1292,1404,1372.80,2868,9835.2,10210.5,9895.29,9778.03,1013.13,1011.61,1012.56,1011.82
CN7,4G,2,1,2,832,1004,1205,1958,1250,1412,1348.67,2817,9835.2,10210.5,9895.29,9778.03,1013.13,1011.61,1012.56,1011.82
CN7,4G,2,1,3,807,1020,1614,2114,1330,1468,1408.00,2950,9835.2,10210.5,9895.29,9778.03,1013.13,1011.61,1012.56,1011.82
CN7,4G,2,1,4,832,1012,1172,1827,1280,1386,1366.73,2852,9835.2,10210.5,9895.29,9778.03,1013.13,1011.61,1012.56,1011.82
CN7,4G,2,1,5,807,1012,1582,1827,1278,1464,1385.40,2882,9835.2,10210.5,9895.29,9778.03,1013.13,1011.61,1012.56,1011.82
CN7,4G,2,2,1,799,971,1139,1926,1260,1428,1379.40,2871,9835.2,10210.5,9895.29,9778.03,1013.13,1011.61,1012.56,1011.82
CN7,4G,2,2,2,816,947,1123,1795,1288,1378,1345.33,2817,9835.2,10210.5,9895.29,9778.03,1013.13,1011.61,1012.56,1011.82
CN7,4G,2,2,3,791,971,1139,1893,1308,1458,1392.50,2872,9835.2,10210.5,9895.29,9778.03,1013.13,1011.61,1012.56,1011.82
CN7,4G,2,2,4,799,971,1123,1942,1264,1412,1361.82,2855,9835.2,10210.5,9895.29,9778.03,1013.13,1011.61,1012.56,1011.82
CN7,4G,2,2,5,791,963,1123,1795,1310,1446,1396.40,2898,9835.2,10210.5,9895.29,9778.03,1013.13,1011.61,1012.56,1011.82
CN7,4G,2,4,1,824,979,1614,1942,1248,1398,1367.64,2859,9835.2,10210.5,9895.29,9778.03,1013.13,1011.61,1012.56,1011.82
CN7,4G,2,4,2,832,979,1369,1975,1244,1368,1344.00,2809,9835.2,10210.5,9895.29,9778.03,1013.13,1011.61,1012.56,1011.82
CN7,4G,2,4,3,832,979,1172,2008,1262,1384,1359.67,2841,9835.2,10210.5,9895.29,9778.03,1013.13,1011.61,1012.56,1011.82
CN7,4G,2,4,4,840,1020,1270,1860,1290,1454,1381.60,2867,9835.2,10210.5,9895.29,9778.03,1013.13,1011.61,1012.56,1011.82
CN7,4G,2,4,5,865,1029,1352,2114,1244,1356,1319.00,2757,9835.2,10210.5,9895.29,9778.03,1013.13,1011.61,1012.56,1011.82
CN7,4G,2,8,1,807,979,1680,1876,1268,1448,1394.50,2915,9835.2,10210.5,9895.29,9778.03,1013.13,1011.61,1012.56,1011.82
CN7,4G,2,8,2,832,988,1729,2024,1250,1402,1354.00,2830,9835.2,10210.5,9895.29,9778.03,1013.13,1011.61,1012.56,1011.82
CN7,4G,2,8,3,840,979,1745,2343,1270,1380,1346.67,2816,9835.2,10210.5,9895.29,9778.03,1013.13,1011.61,1012.56,1011.82
CN7,4G,2,8,4,840,988,1729,1827,1244,1408,1361.27,2842,9835.2,10210.5,9895.29,9778.03,1013.13,1011.61,1012.56,1011.82
CN7,4G,2,8,5,832,988,1663,2040,1254,1396,1360.73,2846,9835.2,10210.5,9895.29,9778.03,1013.13,1011.61,1012.56,1011.82
CN7,4G,2,16,1,848,996,1663,2008,1258,1360,1339.00,2793,9835.2,10210.5,9895.29,9778.03,1013.13,1011.61,1012.56,1011.82
CN7,4G,2,16,2,848,1012,1680,1860,1226,1378,1337.00,2793,9835.2,10210.5,9895.29,9778.03,1013.13,1011.61,1012.56,1011.82
CN7,4G,2,16,3,832,1004,1729,2008,1236,1386,1355.17,2835,9835.2,10210.5,9895.29,9778.03,1013.13,1011.61,1012.56,1011.82
CN7,4G,2,16,4,840,996,1762,2376,1224,1359,1338.17,2791,9835.2,10210.5,9895.29,9778.03,1013.13,1011.61,1012.56,1011.82
CN7,4G,2,16,5,865,1074,1729,2376,1214,1370,1333.00,2784,9835.2,10210.5,9895.29,9778.03,1013.13,1011.61,1012.56,1011.82
CN7,4G,2,32,1,848,1172,1713,1909,1220,1390,1343.17,2815,9835.2,10210.5,9895.29,9778.03,1013.13,1011.61,1012.56,1011.82
CN7,4G,2,32,2,832,1106,1680,2343,1230,1366,1346.00,2815,9835.2,10210.5,9895.29,9778.03,1013.13,1011.61,1012.56,1011.82
CN7,4G,2,32,3,807,1029,1729,1893,1276,1426,1386.60,2902,9835.2,10210.5,9895.29,9778.03,1013.13,1011.61,1012.56,1011.82
CN7,4G,2,32,4,824,1029,1729,1876,1262,1362,1336.83,2803,9835.2,10210.5,9895.29,9778.03,1013.13,1011.61,1012.56,1011.82
CN7,4G,2,32,5,857,1139,1795,2409,1236,1400,1332.83,2792,9835.2,10210.5,9895.29,9778.03,1013.13,1011.61,1012.56,1011.82
CN7,4G,2,64,1,848,1254,1680,2114,1203,1362,1332.92,2787,9835.2,10210.5,9895.29,9778.03,1013.13,1011.61,1012.56,1011.82
CN7,4G,2,64,2,857,1237,1844,2147,1194,1382,1338.83,2797,9835.2,10210.5,9895.29,9778.03,1013.13,1011.61,1012.56,1011.82
CN7,4G,2,64,3,906,1270,1795,2180,1151,1294,1270.67,2656,9835.2,10210.5,9895.29,9778.03,1013.13,1011.61,1012.56,1011.82
CN7,4G,2,64,4,848,1287,1713,2008,1194,1400,1339.67,2799,9835.2,10210.5,9895.29,9778.03,1013.13,1011.61,1012.56,1011.82
CN7,4G,2,64,5,840,1303,1958,3064,1160,1378,1334.33,2784,9835.2,10210.5,9895.29,9778.03,1013.13,1011.61,1012.56,1011.82
CN7,4G,4,1,1,824,979,1205,1893,1318,1438,1401.05,5786,9835.2,10210.5,9895.29,9778.03,1013.13,1011.61,1012.56,1011.82
CN7,4G,4,1,2,840,996,1303,1844,1264,1438,1374.36,5631,9835.2,10210.5,9895.29,9778.03,1013.13,1011.61,1012.56,1011.82
CN7,4G,4,1,3,832,1004,1221,1893,1262,1464,1395.50,5657,9835.2,10210.5,9895.29,9778.03,1013.13,1011.61,1012.56,1011.82
CN7,4G,4,1,4,807,988,1188,1713,1302,1472,1428.15,5896,9835.2,10210.5,9895.29,9778.03,1013.13,1011.61,1012.56,1011.82
CN7,4G,4,1,5,832,988,1205,1680,1270,1434,1375.24,5640,9835.2,10210.5,9895.29,9778.03,1013.13,1011.61,1012.56,1011.82
CN7,4G,4,2,1,963,1172,1483,2040,1200,1374,1325.50,5418,9835.2,10210.5,9895.29,9778.03,1013.13,1011.61,1012.56,1011.82
CN7,4G,4,2,2,963,1156,1450,1975,1218,1378,1322.83,5392,9835.2,10210.5,9895.29,9778.03,1013.13,1011.61,1012.56,1011.82
CN7,4G,4,2,3,947,1139,1483,1844,1242,1436,1337.61,5471,9835.2,10210.5,9895.29,9778.03,1013.13,1011.61,1012.56,1011.82
CN7,4G,4,2,4,930,1106,1434,1926,1226,1416,1331.91,5430,9835.2,10210.5,9895.29,9778.03,1013.13,1011.61,1012.56,1011.82
CN7,4G,4,2,5,930,1123,1418,2040,1183,1426,1325.67,5391,9835.2,10210.5,9895.29,9778.03,1013.13,1011.61,1012.56,1011.82
CN7,4G,4,4,1,963,1156,1614,2737,1202,1360,1325.42,5432,9835.2,10210.5,9895.29,9778.03,1013.13,1011.61,1012.56,1011.82
CN7,4G,4,4,2,979,1172,1598,2999,1164,1378,1301.08,5357,9835.2,10210.5,9895.29,9778.03,1013.13,1011.61,1012.56,1011.82
CN7,4G,4,4,3,1004,1205,1582,3458,1194,1344,1274.83,5225,9835.2,10210.5,9895.29,9778.03,1013.13,1011.61,1012.56,1011.82
CN7,4G,4,4,4,979,1172,1516,2933,1254,1364,1304.58,5379,9835.2,10210.5,9895.29,9778.03,1013.13,1011.61,1012.56,1011.82
CN7,4G,4,4,5,979,1172,1549,3097,1164,1350,1280.92,5275,9835.2,10210.5,9895.29,9778.03,1013.13,1011.61,1012.56,1011.82
CN7,4G,4,8,1,988,1237,1696,2376,1196,1396,1308.58,5306,9835.2,10210.5,9895.29,9778.03,1013.13,1011.61,1012.56,1011.82
CN7,4G,4,8,2,979,1221,1811,3228,1186,1412,1309.46,5374,9835.2,10210.5,9895.29,9778.03,1013.13,1011.61,1012.56,1011.82
CN7,4G,4,8,3,988,1254,1745,4047,1246,1358,1309.58,5420,9835.2,10210.5,9895.29,9778.03,1013.13,1011.61,1012.56,1011.82
CN7,4G,4,8,4,988,1254,1795,2868,1272,1360,1311.33,5420,9835.2,10210.5,9895.29,9778.03,1013.13,1011.61,1012.56,1011.82
CN7,4G,4,8,5,1012,1287,1827,2474,1192,1350,1291.50,5267,9835.2,10210.5,9895.29,9778.03,1013.13,1011.61,1012.56,1011.82
CN7,4G,4,16,1,1029,1369,2311,3097,1198,1340,1275.88,5286,9835.2,10210.5,9895.29,9778.03,1013.13,1011.61,1012.56,1011.82
CN7,4G,4,16,2,1020,1352,2089,3228,1200,1372,1295.17,5317,9835.2,10210.5,9895.29,9778.03,1013.13,1011.61,1012.56,1011.82
CN7,4G,4,16,3,1004,1336,1958,2900,1198,1422,1311.79,5289,9835.2,10210.5,9895.29,9778.03,1013.13,1011.61,1012.56,1011.82
CN7,4G,4,16,4,996,1319,1876,3949,1186,1368,1303.67,5173,9835.2,10210.5,9895.29,9778.03,1013.13,1011.61,1012.56,1011.82
CN7,4G,4,16,5,1012,1319,2245,3851,1202,1372,1293.71,5420,9835.2,10210.5,9895.29,9778.03,1013.13,1011.61,1012.56,1011.82
CN7,4G,4,32,1,1037,1467,2180,3720,1154,1354,1294.17,5360,9835.2,10210.5,9895.29,9778.03,1013.13,1011.61,1012.56,1011.82
CN7,4G,4,32,2,1045,1467,2147,4178,1210,1374,1278.67,5312,9835.2,10210.5,9895.29,9778.03,1013.13,1011.61,1012.56,1011.82
CN7,4G,4,32,3,1037,1467,2409,3294,1208,1366,1303.58,5442,9835.2,10210.5,9895.29,9778.03,1013.13,1011.61,1012.56,1011.82
CN7,4G,4,32,4,1057,1450,2024,2606,1210,1360,1289.08,5325,9835.2,10210.5,9895.29,9778.03,1013.13,1011.61,1012.56,1011.82
CN7,4G,4,32,5,1037,1450,2507,4146,1172,1360,1282.75,5272,9835.2,10210.5,9895.29,9778.03,1013.13,1011.61,1012.56,1011.82
CN7,4G,4,64,1,1074,1598,2900,10028,1090,1350,1279.12,5247,9835.2,10210.5,9895.29,9778.03,1013.13,1011.61,1012.56,1011.82
CN7,4G,4,64,2,1090,1729,5211,9241,1044,1318,1268.71,5170,9835.2,10210.5,9895.29,9778.03,1013.13,1011.61,1012.56,1011.82
CN7,4G,4,64,3,1090,1565,2835,12387,1044,1364,1244.00,5138,9835.2,10210.5,9895.29,9778.03,1013.13,1011.61,1012.56,1011.82
CN7,4G,4,64,4,1106,1598,2540,8586,1050,1292,1231.75,5165,9835.2,10210.5,9895.29,9778.03,1013.13,1011.61,1012.56,1011.82
CN7,4G,4,64,5,1074,1516,3589,9241,1014,1360,1242.33,5093,9835.2,10210.5,9895.29,9778.03,1013.13,1011.61,1012.56,1011.82
CN7,4G,8,1,1,5014,7373,10290,12387,524,1394,637.26,5276,9835.2,10210.5,9895.29,9778.03,1013.13,1011.61,1012.56,1011.82
CN7,4G,8,1,2,4621,6521,9241,11469,538,1280,695.64,5736,9835.2,10210.5,9895.29,9778.03,1013.13,1011.61,1012.56,1011.82
CN7,4G,8,1,3,4752,6652,8848,11469,542,1350,674.62,5627,9835.2,10210.5,9895.29,9778.03,1013.13,1011.61,1012.56,1011.82
CN7,4G,8,1,4,4621,6652,9765,12125,562,1352,694.29,5715,9835.2,10210.5,9895.29,9778.03,1013.13,1011.61,1012.56,1011.82
CN7,4G,8,1,5,4752,6718,9503,12649,528,1322,671.52,5607,9835.2,10210.5,9895.29,9778.03,1013.13,1011.61,1012.56,1011.82
CN7,4G,8,2,1,5276,7701,11207,14877,490,1316,624.23,5201,9835.2,10210.5,9895.29,9778.03,1013.13,1011.61,1012.56,1011.82
CN7,4G,8,2,2,5276,7898,10552,11731,492,1264,623.13,5186,9835.2,10210.5,9895.29,9778.03,1013.13,1011.61,1012.56,1011.82
CN7,4G,8,2,3,5473,8094,11994,15139,494,1312,623.03,5163,9835.2,10210.5,9895.29,9778.03,1013.13,1011.61,1012.56,1011.82
CN7,4G,8,2,4,5080,7111,9765,11731,540,1314,665.27,5524,9835.2,10210.5,9895.29,9778.03,1013.13,1011.61,1012.56,1011.82
CN7,4G,8,2,5,5014,7308,10552,12125,514,1302,653.31,5432,9835.2,10210.5,9895.29,9778.03,1013.13,1011.61,1012.56,1011.82
CN7,4G,8,4,1,6390,9503,11994,13435,486,1222,618.46,5141,9835.2,10210.5,9895.29,9778.03,1013.13,1011.61,1012.56,1011.82
CN7,4G,8,4,2,6259,9503,12780,15139,482,1228,623.99,5182,9835.2,10210.5,9895.29,9778.03,1013.13,1011.61,1012.56,1011.82
CN7,4G,8,4,3,6194,9110,12780,14484,502,1232,638.82,5246,9835.2,10210.5,9895.29,9778.03,1013.13,1011.61,1012.56,1011.82
CN7,4G,8,4,4,6390,9241,11731,15139,480,1244,635.31,5260,9835.2,10210.5,9895.29,9778.03,1013.13,1011.61,1012.56,1011.82
CN7,4G,8,4,5,6521,9372,12125,13960,496,1244,618.00,5141,9835.2,10210.5,9895.29,9778.03,1013.13,1011.61,1012.56,1011.82
CN7,4G,8,8,1,6915,10290,13829,17957,460,1252,599.15,4981,9835.2,10210.5,9895.29,9778.03,1013.13,1011.61,1012.56,1011.82
CN7,4G,8,8,2,6718,10290,13829,17695,464,1220,605.58,5015,9835.2,10210.5,9895.29,9778.03,1013.13,1011.61,1012.56,1011.82
CN7,4G,8,8,3,7046,10290,14877,17957,454,1260,594.99,4924,9835.2,10210.5,9895.29,9778.03,1013.13,1011.61,1012.56,1011.82
CN7,4G,8,8,4,6063,8979,12518,14615,486,1236,638.41,5276,9835.2,10210.5,9895.29,9778.03,1013.13,1011.61,1012.56,1011.82
CN7,4G,8,8,5,6521,9503,12911,15008,496,1208,616.15,5133,9835.2,10210.5,9895.29,9778.03,1013.13,1011.61,1012.56,1011.82
CN7,4G,8,16,1,7570,10945,14484,16057,442,1216,563.79,4641,9835.2,10210.5,9895.29,9778.03,1013.13,1011.61,1012.56,1011.82
CN7,4G,8,16,2,7046,10552,13435,15008,472,1212,592.22,4902,9835.2,10210.5,9895.29,9778.03,1013.13,1011.61,1012.56,1011.82
CN7,4G,8,16,3,7504,10683,14484,16712,454,1192,577.33,4822,9835.2,10210.5,9895.29,9778.03,1013.13,1011.61,1012.56,1011.82
CN7,4G,8,16,4,6849,10159,14353,20579,468,1194,583.19,4852,9835.2,10210.5,9895.29,9778.03,1013.13,1011.61,1012.56,1011.82
CN7,4G,8,16,5,7111,10552,13829,17433,466,1176,587.22,4876,9835.2,10210.5,9895.29,9778.03,1013.13,1011.61,1012.56,1011.82
CN7,4G,8,32,1,7832,11338,14615,16188,440,1136,559.30,4638,9835.2,10210.5,9895.29,9778.03,1013.13,1011.61,1012.56,1011.82
CN7,4G,8,32,2,7373,10945,14091,18744,450,1150,563.07,4686,9835.2,10210.5,9895.29,9778.03,1013.13,1011.61,1012.56,1011.82
CN7,4G,8,32,3,7832,11207,15533,17695,432,1152,559.69,4651,9835.2,10210.5,9895.29,9778.03,1013.13,1011.61,1012.56,1011.82
CN7,4G,8,32,4,7177,10552,13829,16450,452,1154,565.95,4691,9835.2,10210.5,9895.29,9778.03,1013.13,1011.61,1012.56,1011.82
CN7,4G,8,32,5,7504,10683,13698,16057,456,1148,564.38,4701,9835.2,10210.5,9895.29,9778.03,1013.13,1011.61,1012.56,1011.82
CN7,4G,8,64,1,7635,10814,13698,15664,440,1136,557.29,4620,9835.2,10210.5,9895.29,9778.03,1013.13,1011.61,1012.56,1011.82
CN7,4G,8,64,2,7832,11207,15533,17695,434,1118,546.77,4540,9835.2,10210.5,9895.29,9778.03,1013.13,1011.61,1012.56,1011.82
CN7,4G,8,64,3,7898,11207,14877,17957,434,1094,554.90,4623,9835.2,10210.5,9895.29,9778.03,1013.13,1011.61,1012.56,1011.82
CN7,4G,8,64,4,7242,10552,14484,15401,466,1132,569.88,4756,9835.2,10210.5,9895.29,9778.03,1013.13,1011.61,1012.56,1011.82
CN7,4G,8,64,5,8455,11600,15795,19530,446,1116,549.54,4562,9835.2,10210.5,9895.29,9778.03,1013.13,1011.61,1012.56,1011.82
CN7,4G,16,1,1,8717,11207,14484,16909,228,878,283.70,4741,9835.2,10210.5,9895.29,9778.03,1013.13,1011.61,1012.56,1011.82
CN7,4G,16,1,2,8455,10683,13042,14746,224,854,288.71,4818,9835.2,10210.5,9895.29,9778.03,1013.13,1011.61,1012.56,1011.82
CN7,4G,16,1,3,8094,10159,12780,14484,250,858,300.74,5020,9835.2,10210.5,9895.29,9778.03,1013.13,1011.61,1012.56,1011.82
CN7,4G,16,1,4,8160,10159,12518,14222,232,894,299.62,4997,9835.2,10210.5,9895.29,9778.03,1013.13,1011.61,1012.56,1011.82
CN7,4G,16,1,5,8356,10683,13435,16581,236,880,294.35,4909,9835.2,10210.5,9895.29,9778.03,1013.13,1011.61,1012.56,1011.82
CN7,4G,16,2,1,10421,13173,16450,19006,226,852,271.68,4537,9835.2,10210.5,9895.29,9778.03,1013.13,1011.61,1012.56,1011.82
CN7,4G,16,2,2,10814,13829,17433,20055,220,884,265.19,4424,9835.2,10210.5,9895.29,9778.03,1013.13,1011.61,1012.56,1011.82
CN7,4G,16,2,3,10683,13304,16450,20579,224,870,270.48,4521,9835.2,10210.5,9895.29,9778.03,1013.13,1011.61,1012.56,1011.82
CN7,4G,16,2,4,10290,12780,15664,19006,220,850,277.10,4634,9835.2,10210.5,9895.29,9778.03,1013.13,1011.61,1012.56,1011.82
CN7,4G,16,2,5,10290,13173,16319,18220,220,940,271.99,4521,9835.2,10210.5,9895.29,9778.03,1013.13,1011.61,1012.56,1011.82
CN7,4G,16,4,1,15008,19006,24511,71828,210,846,269.13,4503,9835.2,10210.5,9895.29,9778.03,1013.13,1011.61,1012.56,1011.82
CN7,4G,16,4,2,14222,18482,22414,26346,230,878,269.54,4512,9835.2,10210.5,9895.29,9778.03,1013.13,1011.61,1012.56,1011.82
CN7,4G,16,4,3,14746,18744,22938,26084,224,868,272.72,4564,9835.2,10210.5,9895.29,9778.03,1013.13,1011.61,1012.56,1011.82
CN7,4G,16,4,4,14091,17695,21627,24249,220,874,272.74,4566,9835.2,10210.5,9895.29,9778.03,1013.13,1011.61,1012.56,1011.82
CN7,4G,16,4,5,14091,17695,21365,24511,230,840,277.88,4655,9835.2,10210.5,9895.29,9778.03,1013.13,1011.61,1012.56,1011.82
CN7,4G,16,8,1,14484,18482,23462,25822,224,874,263.95,4415,9835.2,10210.5,9895.29,9778.03,1013.13,1011.61,1012.56,1011.82
CN7,4G,16,8,2,15008,19006,23200,26870,228,838,272.41,4555,9835.2,10210.5,9895.29,9778.03,1013.13,1011.61,1012.56,1011.82
CN7,4G,16,8,3,15270,19530,22938,25822,223,808,261.31,4380,9835.2,10210.5,9895.29,9778.03,1013.13,1011.61,1012.56,1011.82
CN7,4G,16,8,4,14615,18482,22676,24773,216,860,263.18,4402,9835.2,10210.5,9895.29,9778.03,1013.13,1011.61,1012.56,1011.82
CN7,4G,16,8,5,14484,18482,22414,25560,231,888,268.94,4496,9835.2,10210.5,9895.29,9778.03,1013.13,1011.61,1012.56,1011.82
CN7,4G,16,16,1,15533,19792,23725,26608,214,818,252.23,4224,9835.2,10210.5,9895.29,9778.03,1013.13,1011.61,1012.56,1011.82
CN7,4G,16,16,2,15533,20055,24249,28443,212,840,254.95,4262,9835.2,10210.5,9895.29,9778.03,1013.13,1011.61,1012.56,1011.82
CN7,4G,16,16,3,14746,18744,22152,25822,217,832,263.73,4403,9835.2,10210.5,9895.29,9778.03,1013.13,1011.61,1012.56,1011.82
CN7,4G,16,16,4,15533,19268,23200,25822,214,840,256.14,4285,9835.2,10210.5,9895.29,9778.03,1013.13,1011.61,1012.56,1011.82
CN7,4G,16,16,5,15401,19792,23462,26346,219,830,256.14,4281,9835.2,10210.5,9895.29,9778.03,1013.13,1011.61,1012.56,1011.82
CN7,4G,16,32,1,14877,18744,22152,25560,212,714,253.67,4242,9835.2,10210.5,9895.29,9778.03,1013.13,1011.61,1012.56,1011.82
CN7,4G,16,32,2,15664,20317,25297,28705,208,684,249.91,4184,9835.2,10210.5,9895.29,9778.03,1013.13,1011.61,1012.56,1011.82
CN7,4G,16,32,3,15139,19268,23987,26084,212,812,251.73,4209,9835.2,10210.5,9895.29,9778.03,1013.13,1011.61,1012.56,1011.82
CN7,4G,16,32,4,15401,19792,23987,27395,212,796,251.39,4212,9835.2,10210.5,9895.29,9778.03,1013.13,1011.61,1012.56,1011.82
CN7,4G,16,32,5,15533,19530,22938,26608,218,800,255.68,4272,9835.2,10210.5,9895.29,9778.03,1013.13,1011.61,1012.56,1011.82
CN7,4G,16,64,1,16057,20579,25035,28443,208,530,251.20,4206,9835.2,10210.5,9895.29,9778.03,1013.13,1011.61,1012.56,1011.82
CN7,4G,16,64,2,15008,19792,23987,27395,212,556,245.71,4118,9835.2,10210.5,9895.29,9778.03,1013.13,1011.61,1012.56,1011.82
CN7,4G,16,64,3,15926,20055,24773,26870,209,586,248.54,4158,9835.2,10210.5,9895.29,9778.03,1013.13,1011.61,1012.56,1011.82
CN7,4G,16,64,4,15139,19530,24511,29230,214,632,251.74,4213,9835.2,10210.5,9895.29,9778.03,1013.13,1011.61,1012.56,1011.82
CN7,4G,16,64,5,15008,19530,24249,27657,210,586,250.78,4195,9835.2,10210.5,9895.29,9778.03,1013.13,1011.61,1012.56,1011.82
CN7,8G,1,1,1,750,1004,1598,1942,1306,1454,1425.18,1495,9835.2,10210.5,9895.29,9778.03,1013.13,1011.61,1012.56,1011.82
CN7,8G,1,1,2,775,996,1221,1860,1334,1462,1422.82,1492,9835.2,10210.5,9895.29,9778.03,1013.13,1011.61,1012.56,1011.82
CN7,8G,1,1,3,873,1074,1467,2278,1268,1473,1418.64,1488,9835.2,10210.5,9895.29,9778.03,1013.13,1011.61,1012.56,1011.82
CN7,8G,1,1,4,816,1037,1205,1926,1320,1462,1409.00,1479,9835.2,10210.5,9895.29,9778.03,1013.13,1011.61,1012.56,1011.82
CN7,8G,1,1,5,750,988,1385,2278,1328,1462,1428.55,1499,9835.2,10210.5,9895.29,9778.03,1013.13,1011.61,1012.56,1011.82
CN7,8G,1,2,1,832,1020,1123,1876,1278,1472,1420.09,1491,9835.2,10210.5,9895.29,9778.03,1013.13,1011.61,1012.56,1011.82
CN7,8G,1,2,2,857,1029,1156,1975,1192,1470,1406.00,1475,9835.2,10210.5,9895.29,9778.03,1013.13,1011.61,1012.56,1011.82
CN7,8G,1,2,3,799,1012,1156,1860,1310,1480,1425.00,1496,9835.2,10210.5,9895.29,9778.03,1013.13,1011.61,1012.56,1011.82
CN7,8G,1,2,4,791,1020,1156,1860,1268,1472,1421.09,1491,9835.2,10210.5,9895.29,9778.03,1013.13,1011.61,1012.56,1011.82
CN7,8G,1,2,5,816,1029,1139,1942,1318,1455,1409.91,1481,9835.2,10210.5,9895.29,9778.03,1013.13,1011.61,1012.56,1011.82
CN7,8G,1,4,1,758,971,1123,1926,1286,1478,1440.55,1512,9835.2,10210.5,9895.29,9778.03,1013.13,1011.61,1012.56,1011.82
CN7,8G,1,4,2,816,1029,1188,1991,1309,1472,1421.27,1493,9835.2,10210.5,9895.29,9778.03,1013.13,1011.61,1012.56,1011.82
CN7,8G,1,4,3,816,1029,1156,2073,1310,1459,1411.73,1482,9835.2,10210.5,9895.29,9778.03,1013.13,1011.61,1012.56,1011.82
CN7,8G,1,4,4,791,1012,1123,1926,1248,1460,1419.27,1489,9835.2,10210.5,9895.29,9778.03,1013.13,1011.61,1012.56,1011.82
CN7,8G,1,4,5,758,988,1139,1942,1296,1454,1419.36,1489,9835.2,10210.5,9895.29,9778.03,1013.13,1011.61,1012.56,1011.82
CN7,8G,1,8,1,783,996,1303,2040,1302,1472,1431.36,1503,9835.2,10210.5,9895.29,9778.03,1013.13,1011.61,1012.56,1011.82
CN7,8G,1,8,2,832,1037,1385,1991,1292,1478,1419.00,1490,9835.2,10210.5,9895.29,9778.03,1013.13,1011.61,1012.56,1011.82
CN7,8G,1,8,3,816,1020,1270,1991,1296,1459,1413.73,1486,9835.2,10210.5,9895.29,9778.03,1013.13,1011.61,1012.56,1011.82
CN7,8G,1,8,4,807,1020,1254,1975,1232,1484,1428.09,1498,9835.2,10210.5,9895.29,9778.03,1013.13,1011.61,1012.56,1011.82
CN7,8G,1,8,5,758,979,1303,2089,1320,1472,1436.73,1507,9835.2,10210.5,9895.29,9778.03,1013.13,1011.61,1012.56,1011.82
CN7,8G,1,16,1,758,979,1631,1860,1289,1468,1429.27,1501,9835.2,10210.5,9895.29,9778.03,1013.13,1011.61,1012.56,1011.82
CN7,8G,1,16,2,807,1004,1565,1827,1302,1458,1414.82,1485,9835.2,10210.5,9895.29,9778.03,1013.13,1011.61,1012.56,1011.82
CN7,8G,1,16,3,824,1037,1647,2089,1310,1466,1417.27,1488,9835.2,10210.5,9895.29,9778.03,1013.13,1011.61,1012.56,1011.82
CN7,8G,1,16,4,807,1037,1631,2024,1230,1476,1426.55,1498,9835.2,10210.5,9895.29,9778.03,1013.13,1011.61,1012.56,1011.82
CN7,8G,1,16,5,816,1029,1663,2040,1296,1456,1408.73,1478,9835.2,10210.5,9895.29,9778.03,1013.13,1011.61,1012.56,1011.82
CN7,8G,1,32,1,865,1074,1680,2073,1210,1460,1403.09,1469,9835.2,10210.5,9895.29,9778.03,1013.13,1011.61,1012.56,1011.82
CN7,8G,1,32,2,766,1020,1713,1975,1352,1524,1436.82,1506,9835.2,10210.5,9895.29,9778.03,1013.13,1011.61,1012.56,1011.82
CN7,8G,1,32,3,816,1057,1696,2008,1260,1442,1405.55,1476,9835.2,10210.5,9895.29,9778.03,1013.13,1011.61,1012.56,1011.82
CN7,8G,1,32,4,766,1012,1614,2040,1290,1448,1413.45,1483,9835.2,10210.5,9895.29,9778.03,1013.13,1011.61,1012.56,1011.82
CN7,8G,1,32,5,742,947,1663,1860,1200,1452,1422.09,1492,9835.2,10210.5,9895.29,9778.03,1013.13,1011.61,1012.56,1011.82
CN7,8G,1,64,1,775,1090,1680,1860,1317,1434,1398.73,1469,9835.2,10210.5,9895.29,9778.03,1013.13,1011.61,1012.56,1011.82
CN7,8G,1,64,2,857,1123,1614,1991,1252,1468,1403.64,1467,9835.2,10210.5,9895.29,9778.03,1013.13,1011.61,1012.56,1011.82
CN7,8G,1,64,3,742,1045,1631,1942,1328,1464,1423.55,1494,9835.2,10210.5,9895.29,9778.03,1013.13,1011.61,1012.56,1011.82
CN7,8G,1,64,4,791,1106,1647,1975,1238,1442,1397.73,1468,9835.2,10210.5,9895.29,9778.03,1013.13,1011.61,1012.56,1011.82
CN7,8G,1,64,5,742,1074,1647,1778,1186,1454,1418.64,1490,9835.2,10210.5,9895.29,9778.03,1013.13,1011.61,1012.56,1011.82
CN7,8G,2,1,1,799,947,1188,1762,1262,1460,1376.13,2862,9835.2,10210.5,9895.29,9778.03,1013.13,1011.61,1012.56,1011.82
CN7,8G,2,1,2,791,922,1106,1876,1276,1488,1382.36,2859,9835.2,10210.5,9895.29,9778.03,1013.13,1011.61,1012.56,1011.82
CN7,8G,2,1,3,791,947,1237,1876,1286,1444,1380.55,2866,9835.2,10210.5,9895.29,9778.03,1013.13,1011.61,1012.56,1011.82
CN7,8G,2,1,4,775,922,1221,1680,1298,1478,1394.64,2887,9835.2,10210.5,9895.29,9778.03,1013.13,1011.61,1012.56,1011.82
CN7,8G,2,1,5,791,930,1139,1975,1262,1474,1389.27,2883,9835.2,10210.5,9895.29,9778.03,1013.13,1011.61,1012.56,1011.82
CN7,8G,2,2,1,848,988,1287,1876,1236,1368,1332.83,2793,9835.2,10210.5,9895.29,9778.03,1013.13,1011.61,1012.56,1011.82
CN7,8G,2,2,2,848,971,1188,2024,1250,1374,1333.42,2785,9835.2,10210.5,9895.29,9778.03,1013.13,1011.61,1012.56,1011.82
CN7,8G,2,2,3,840,979,1254,1926,1246,1378,1338.33,2792,9835.2,10210.5,9895.29,9778.03,1013.13,1011.61,1012.56,1011.82
CN7,8G,2,2,4,840,979,1205,1926,1238,1402,1340.92,2805,9835.2,10210.5,9895.29,9778.03,1013.13,1011.61,1012.56,1011.82
CN7,8G,2,2,5,824,1020,1549,1975,1286,1414,1377.18,2880,9835.2,10210.5,9895.29,9778.03,1013.13,1011.61,1012.56,1011.82
CN7,8G,2,4,1,848,971,1188,1860,1290,1424,1348.00,2807,9835.2,10210.5,9895.29,9778.03,1013.13,1011.61,1012.56,1011.82
CN7,8G,2,4,2,824,938,1172,1713,1224,1376,1349.46,2823,9835.2,10210.5,9895.29,9778.03,1013.13,1011.61,1012.56,1011.82
CN7,8G,2,4,3,824,938,1139,1811,1250,1380,1351.25,2827,9835.2,10210.5,9895.29,9778.03,1013.13,1011.61,1012.56,1011.82
CN7,8G,2,4,4,816,930,1123,1860,1254,1415,1378.36,2881,9835.2,10210.5,9895.29,9778.03,1013.13,1011.61,1012.56,1011.82
CN7,8G,2,4,5,832,988,1188,1991,1228,1388,1351.00,2832,9835.2,10210.5,9895.29,9778.03,1013.13,1011.61,1012.56,1011.82
CN7,8G,2,8,1,807,930,1369,1745,1308,1414,1379.32,2887,9835.2,10210.5,9895.29,9778.03,1013.13,1011.61,1012.56,1011.82
CN7,8G,2,8,2,816,930,1467,1811,1252,1390,1361.33,2850,9835.2,10210.5,9895.29,9778.03,1013.13,1011.61,1012.56,1011.82
CN7,8G,2,8,3,824,938,1450,1860,1260,1402,1362.17,2851,9835.2,10210.5,9895.29,9778.03,1013.13,1011.61,1012.56,1011.82
CN7,8G,2,8,4,832,971,1516,1958,1232,1388,1355.58,2841,9835.2,10210.5,9895.29,9778.03,1013.13,1011.61,1012.56,1011.82
CN7,8G,2,8,5,832,971,1319,1942,1248,1396,1351.25,2828,9835.2,10210.5,9895.29,9778.03,1013.13,1011.61,1012.56,1011.82
CN7,8G,2,16,1,824,963,1713,1942,1230,1376,1349.67,2825,9835.2,10210.5,9895.29,9778.03,1013.13,1011.61,1012.56,1011.82
CN7,8G,2,16,2,816,938,1500,1729,1294,1436,1378.91,2883,9835.2,10210.5,9895.29,9778.03,1013.13,1011.61,1012.56,1011.82
CN7,8G,2,16,3,832,963,1663,2540,1219,1380,1354.88,2833,9835.2,10210.5,9895.29,9778.03,1013.13,1011.61,1012.56,1011.82
CN7,8G,2,16,4,824,947,1598,1844,1252,1386,1352.08,2830,9835.2,10210.5,9895.29,9778.03,1013.13,1011.61,1012.56,1011.82
CN7,8G,2,16,5,832,963,1565,2057,1210,1382,1352.00,2828,9835.2,10210.5,9895.29,9778.03,1013.13,1011.61,1012.56,1011.82
CN7,8G,2,32,1,832,971,1680,2008,1210,1377,1342.33,2809,9835.2,10210.5,9895.29,9778.03,1013.13,1011.61,1012.56,1011.82
CN7,8G,2,32,2,848,988,1647,2024,1230,1382,1332.08,2786,9835.2,10210.5,9895.29,9778.03,1013.13,1011.61,1012.56,1011.82
CN7,8G,2,32,3,832,971,1745,2343,1186,1382,1337.50,2799,9835.2,10210.5,9895.29,9778.03,1013.13,1011.61,1012.56,1011.82
CN7,8G,2,32,4,865,1020,1696,2311,1192,1368,1315.58,2747,9835.2,10210.5,9895.29,9778.03,1013.13,1011.61,1012.56,1011.82
CN7,8G,2,32,5,832,971,1696,1926,1210,1382,1340.58,2811,9835.2,10210.5,9895.29,9778.03,1013.13,1011.61,1012.56,1011.82
CN7,8G,2,64,1,816,988,1532,1811,1238,1413,1357.83,2846,9835.2,10210.5,9895.29,9778.03,1013.13,1011.61,1012.56,1011.82
CN7,8G,2,64,2,848,1074,1598,1745,1202,1376,1336.50,2793,9835.2,10210.5,9895.29,9778.03,1013.13,1011.61,1012.56,1011.82
CN7,8G,2,64,3,857,1106,1713,2040,1175,1356,1318.75,2759,9835.2,10210.5,9895.29,9778.03,1013.13,1011.61,1012.56,1011.82
CN7,8G,2,64,4,857,1123,1729,2008,1179,1356,1329.08,2780,9835.2,10210.5,9895.29,9778.03,1013.13,1011.61,1012.56,1011.82
CN7,8G,2,64,5,832,1057,1991,2245,1198,1396,1348.50,2823,9835.2,10210.5,9895.29,9778.03,1013.13,1011.61,1012.56,1011.82
CN7,8G,4,1,1,807,930,1139,1647,1232,1494,1411.14,5686,9835.2,10210.5,9895.29,9778.03,1013.13,1011.61,1012.56,1011.82
CN7,8G,4,1,2,881,2180,5473,7177,1100,1502,1359.06,5663,9835.2,10210.5,9895.29,9778.03,1013.13,1011.61,1012.56,1011.82
CN7,8G,4,1,3,971,2474,4948,6652,1114,1514,1312.65,5451,9835.2,10210.5,9895.29,9778.03,1013.13,1011.61,1012.56,1011.82
CN7,8G,4,1,4,996,2540,5932,10159,1114,1480,1315.60,5470,9835.2,10210.5,9895.29,9778.03,1013.13,1011.61,1012.56,1011.82
CN7,8G,4,1,5,906,2114,4752,7767,1140,1462,1324.79,5485,9835.2,10210.5,9895.29,9778.03,1013.13,1011.61,1012.56,1011.82
CN7,8G,4,2,1,1516,3982,9896,58983,814,1436,1133.86,4510,9835.2,10210.5,9895.29,9778.03,1013.13,1011.61,1012.56,1011.82
CN7,8G,4,2,2,1106,3032,14615,83362,584,1422,1144.64,4542,9835.2,10210.5,9895.29,9778.03,1013.13,1011.61,1012.56,1011.82
CN7,8G,4,2,3,1004,2573,8160,16909,1050,1438,1264.04,5140,9835.2,10210.5,9895.29,9778.03,1013.13,1011.61,1012.56,1011.82
CN7,8G,4,2,4,1205,3523,7963,26870,896,1384,1181.80,4765,9835.2,10210.5,9895.29,9778.03,1013.13,1011.61,1012.56,1011.82
CN7,8G,4,2,5,1074,2540,8586,103285,724,1434,1189.28,4646,9835.2,10210.5,9895.29,9778.03,1013.13,1011.61,1012.56,1011.82
CN7,8G,4,4,1,938,1139,1500,2737,1200,1414,1345.38,5354,9835.2,10210.5,9895.29,9778.03,1013.13,1011.61,1012.56,1011.82
CN7,8G,4,4,2,979,1237,4752,8717,1126,1402,1293.94,5280,9835.2,10210.5,9895.29,9778.03,1013.13,1011.61,1012.56,1011.82
CN7,8G,4,4,3,1029,2073,6587,9765,1008,1374,1254.33,5197,9835.2,10210.5,9895.29,9778.03,1013.13,1011.61,1012.56,1011.82
CN7,8G,4,4,4,1012,2089,5342,7635,1062,1422,1274.20,5181,9835.2,10210.5,9895.29,9778.03,1013.13,1011.61,1012.56,1011.82
CN7,8G,4,4,5,1004,1450,4752,7963,1066,1392,1289.40,5293,9835.2,10210.5,9895.29,9778.03,1013.13,1011.61,1012.56,1011.82
CN7,8G,4,8,1,1020,1303,3523,8455,1152,1350,1274.84,5256,9835.2,10210.5,9895.29,9778.03,1013.13,1011.61,1012.56,1011.82
CN7,8G,4,8,2,1020,1369,4817,9110,1086,1348,1267.90,5160,9835.2,10210.5,9895.29,9778.03,1013.13,1011.61,1012.56,1011.82
CN7,8G,4,8,3,1045,1975,5604,8160,1062,1350,1255.08,5188,9835.2,10210.5,9895.29,9778.03,1013.13,1011.61,1012.56,1011.82
CN7,8G,4,8,4,1045,2311,6783,10028,1020,1398,1241.41,5072,9835.2,10210.5,9895.29,9778.03,1013.13,1011.61,1012.56,1011.82
CN7,8G,4,8,5,1090,3195,6652,9241,948,1408,1227.96,5093,9835.2,10210.5,9895.29,9778.03,1013.13,1011.61,1012.56,1011.82
CN7,8G,4,16,1,1057,1696,5932,8455,1028,1352,1241.38,5087,9835.2,10210.5,9895.29,9778.03,1013.13,1011.61,1012.56,1011.82
CN7,8G,4,16,2,1012,1287,1745,3556,1136,1412,1297.86,5041,9835.2,10210.5,9895.29,9778.03,1013.13,1011.61,1012.56,1011.82
CN7,8G,4,16,3,1029,1516,5800,10945,1020,1385,1263.58,5194,9835.2,10210.5,9895.29,9778.03,1013.13,1011.61,1012.56,1011.82
CN7,8G,4,16,4,1123,2835,6194,8455,1036,1346,1212.19,4987,9835.2,10210.5,9895.29,9778.03,1013.13,1011.61,1012.56,1011.82
CN7,8G,4,16,5,1074,2376,6587,9765,1022,1394,1236.33,5113,9835.2,10210.5,9895.29,9778.03,1013.13,1011.61,1012.56,1011.82
CN7,8G,4,32,1,1172,3752,7308,9372,988,1368,1200.21,4928,9835.2,10210.5,9895.29,9778.03,1013.13,1011.61,1012.56,1011.82
CN7,8G,4,32,2,1074,1729,5604,8356,998,1350,1234.94,5113,9835.2,10210.5,9895.29,9778.03,1013.13,1011.61,1012.56,1011.82
CN7,8G,4,32,3,1188,3523,7832,11863,948,1350,1195.65,4965,9835.2,10210.5,9895.29,9778.03,1013.13,1011.61,1012.56,1011.82
CN7,8G,4,32,4,1221,3818,8586,12911,904,1354,1163.66,4851,9835.2,10210.5,9895.29,9778.03,1013.13,1011.61,1012.56,1011.82
CN7,8G,4,32,5,1123,2606,6390,12780,960,1370,1202.68,4856,9835.2,10210.5,9895.29,9778.03,1013.13,1011.61,1012.56,1011.82
CN7,8G,4,64,1,1303,4359,9372,11863,934,1322,1132.79,4687,9835.2,10210.5,9895.29,9778.03,1013.13,1011.61,1012.56,1011.82
CN7,8G,4,64,2,1237,3589,7177,9634,970,1334,1171.64,4756,9835.2,10210.5,9895.29,9778.03,1013.13,1011.61,1012.56,1011.82
CN7,8G,4,64,3,1188,3261,7177,10290,952,1354,1183.26,4899,9835.2,10210.5,9895.29,9778.03,1013.13,1011.61,1012.56,1011.82
CN7,8G,4,64,4,1352,4424,9503,12649,918,1356,1126.88,4692,9835.2,10210.5,9895.29,9778.03,1013.13,1011.61,1012.56,1011.82
CN7,8G,4,64,5,1270,3818,7439,9634,908,1364,1151.75,4782,9835.2,10210.5,9895.29,9778.03,1013.13,1011.61,1012.56,1011.82
CN7,8G,8,1,1,5276,7504,10421,13173,494,1368,584.92,4856,9835.2,10210.5,9895.29,9778.03,1013.13,1011.61,1012.56,1011.82
CN7,8G,8,1,2,5014,7111,9765,11338,506,1374,605.18,5058,9835.2,10210.5,9895.29,9778.03,1013.13,1011.61,1012.56,1011.82
CN7,8G,8,1,3,4883,6718,9372,11600,520,1342,622.54,5193,9835.2,10210.5,9895.29,9778.03,1013.13,1011.61,1012.56,1011.82
CN7,8G,8,1,4,5014,7046,9503,11207,492,1374,611.49,5093,9835.2,10210.5,9895.29,9778.03,1013.13,1011.61,1012.56,1011.82
CN7,8G,8,1,5,5276,7767,10683,14484,486,1324,573.18,4795,9835.2,10210.5,9895.29,9778.03,1013.13,1011.61,1012.56,1011.82
CN7,8G,8,2,1,5932,8586,11469,13698,470,1314,573.45,4792,9835.2,10210.5,9895.29,9778.03,1013.13,1011.61,1012.56,1011.82
CN7,8G,8,2,2,5538,7767,10421,11600,492,1300,602.71,5012,9835.2,10210.5,9895.29,9778.03,1013.13,1011.61,1012.56,1011.82
CN7,8G,8,2,3,5669,8225,11469,15270,440,1320,568.79,4741,9835.2,10210.5,9895.29,9778.03,1013.13,1011.61,1012.56,1011.82
CN7,8G,8,2,4,5407,7570,10290,11863,508,1322,608.83,5057,9835.2,10210.5,9895.29,9778.03,1013.13,1011.61,1012.56,1011.82
CN7,8G,8,2,5,5538,7963,10814,12911,452,1306,590.66,4931,9835.2,10210.5,9895.29,9778.03,1013.13,1011.61,1012.56,1011.82
CN7,8G,8,4,1,6587,9503,12649,15270,486,1256,572.71,4782,9835.2,10210.5,9895.29,9778.03,1013.13,1011.61,1012.56,1011.82
CN7,8G,8,4,2,6915,9896,12780,16057,440,1236,556.19,4625,9835.2,10210.5,9895.29,9778.03,1013.13,1011.61,1012.56,1011.82
CN7,8G,8,4,3,6652,9896,12780,15008,462,1226,574.52,4803,9835.2,10210.5,9895.29,9778.03,1013.13,1011.61,1012.56,1011.82
CN7,8G,8,4,4,7046,10028,12780,15401,450,1240,558.11,4651,9835.2,10210.5,9895.29,9778.03,1013.13,1011.61,1012.56,1011.82
CN7,8G,8,4,5,6390,9110,11994,15008,466,1224,585.18,4876,9835.2,10210.5,9895.29,9778.03,1013.13,1011.61,1012.56,1011.82
CN7,8G,8,8,1,7373,10552,13960,17171,458,1198,547.34,4552,9835.2,10210.5,9895.29,9778.03,1013.13,1011.61,1012.56,1011.82
CN7,8G,8,8,2,7177,10290,13435,15664,452,1238,542.42,4543,9835.2,10210.5,9895.29,9778.03,1013.13,1011.61,1012.56,1011.82
CN7,8G,8,8,3,7373,10683,13960,16188,456,1248,553.40,4623,9835.2,10210.5,9895.29,9778.03,1013.13,1011.61,1012.56,1011.82
CN7,8G,8,8,4,7308,10290,13829,18482,458,1220,557.74,4668,9835.2,10210.5,9895.29,9778.03,1013.13,1011.61,1012.56,1011.82
CN7,8G,8,8,5,6915,10159,13304,15533,449,1246,549.76,4594,9835.2,10210.5,9895.29,9778.03,1013.13,1011.61,1012.56,1011.82
CN7,8G,8,16,1,7308,10290,13304,16188,442,1190,547.05,4562,9835.2,10210.5,9895.29,9778.03,1013.13,1011.61,1012.56,1011.82
CN7,8G,8,16,2,7635,10814,14222,16581,434,1192,532.57,4441,9835.2,10210.5,9895.29,9778.03,1013.13,1011.61,1012.56,1011.82
CN7,8G,8,16,3,7570,10683,14091,16319,442,1188,538.04,4487,9835.2,10210.5,9895.29,9778.03,1013.13,1011.61,1012.56,1011.82
CN7,8G,8,16,4,7701,10814,14222,16319,452,1196,538.36,4494,9835.2,10210.5,9895.29,9778.03,1013.13,1011.61,1012.56,1011.82
CN7,8G,8,16,5,7504,10683,14091,17171,428,1182,529.90,4435,9835.2,10210.5,9895.29,9778.03,1013.13,1011.61,1012.56,1011.82
CN7,8G,8,32,1,7898,11076,15008,18744,434,1142,522.27,4351,9835.2,10210.5,9895.29,9778.03,1013.13,1011.61,1012.56,1011.82
CN7,8G,8,32,2,8160,11338,15139,21627,436,1156,518.08,4331,9835.2,10210.5,9895.29,9778.03,1013.13,1011.61,1012.56,1011.82
CN7,8G,8,32,3,7898,11207,14746,17171,430,1144,515.75,4299,9835.2,10210.5,9895.29,9778.03,1013.13,1011.61,1012.56,1011.82
CN7,8G,8,32,4,7635,10814,14484,16450,452,1122,537.23,4481,9835.2,10210.5,9895.29,9778.03,1013.13,1011.61,1012.56,1011.82
CN7,8G,8,32,5,7963,11207,14353,17695,406,1128,518.08,4335,9835.2,10210.5,9895.29,9778.03,1013.13,1011.61,1012.56,1011.82
CN7,8G,8,64,1,8029,11207,14877,18482,424,1136,506.54,4235,9835.2,10210.5,9895.29,9778.03,1013.13,1011.61,1012.56,1011.82
CN7,8G,8,64,2,7832,11076,14615,17433,414,1124,517.47,4324,9835.2,10210.5,9895.29,9778.03,1013.13,1011.61,1012.56,1011.82
CN7,8G,8,64,3,7767,11207,14484,16712,424,1104,513.78,4291,9835.2,10210.5,9895.29,9778.03,1013.13,1011.61,1012.56,1011.82
CN7,8G,8,64,4,8160,11469,15270,17433,432,1158,510.65,4262,9835.2,10210.5,9895.29,9778.03,1013.13,1011.61,1012.56,1011.82
CN7,8G,8,64,5,7177,10290,13566,16450,446,1254,541.40,4527,9835.2,10210.5,9895.29,9778.03,1013.13,1011.61,1012.56,1011.82
CN7,8G,16,1,1,8717,11207,13698,15795,228,912,272.72,4557,9835.2,10210.5,9895.29,9778.03,1013.13,1011.61,1012.56,1011.82
CN7,8G,16,1,2,8455,10683,13435,15926,232,874,279.83,4671,9835.2,10210.5,9895.29,9778.03,1013.13,1011.61,1012.56,1011.82
CN7,8G,16,1,3,8717,11207,13960,16188,218,836,272.05,4540,9835.2,10210.5,9895.29,9778.03,1013.13,1011.61,1012.56,1011.82
CN7,8G,16,1,4,8586,11076,13698,15926,230,846,277.85,4649,9835.2,10210.5,9895.29,9778.03,1013.13,1011.61,1012.56,1011.82
CN7,8G,16,1,5,8717,11207,13698,15401,230,928,274.25,4588,9835.2,10210.5,9895.29,9778.03,1013.13,1011.61,1012.56,1011.82
CN7,8G,16,2,1,10683,13173,16319,19530,220,874,259.79,4346,9835.2,10210.5,9895.29,9778.03,1013.13,1011.61,1012.56,1011.82
CN7,8G,16,2,2,10552,13173,16581,20055,226,894,262.12,4389,9835.2,10210.5,9895.29,9778.03,1013.13,1011.61,1012.56,1011.82
CN7,8G,16,2,3,10683,13304,16909,20317,216,890,255.97,4285,9835.2,10210.5,9895.29,9778.03,1013.13,1011.61,1012.56,1011.82
CN7,8G,16,2,4,10552,13173,16581,18482,220,900,262.92,4388,9835.2,10210.5,9895.29,9778.03,1013.13,1011.61,1012.56,1011.82
CN7,8G,16,2,5,10552,13304,16712,19006,220,934,263.04,4393,9835.2,10210.5,9895.29,9778.03,1013.13,1011.61,1012.56,1011.82
CN7,8G,16,4,1,14484,18220,22152,24773,224,854,263.42,4412,9835.2,10210.5,9895.29,9778.03,1013.13,1011.61,1012.56,1011.82
CN7,8G,16,4,2,14091,17695,21103,23200,226,902,265.85,4456,9835.2,10210.5,9895.29,9778.03,1013.13,1011.61,1012.56,1011.82
CN7,8G,16,4,3,14353,18482,22676,25035,216,920,260.62,4367,9835.2,10210.5,9895.29,9778.03,1013.13,1011.61,1012.56,1011.82
CN7,8G,16,4,4,14353,18220,22152,24511,220,810,259.83,4351,9835.2,10210.5,9895.29,9778.03,1013.13,1011.61,1012.56,1011.82
CN7,8G,16,4,5,14484,18482,22938,25822,226,862,257.88,4324,9835.2,10210.5,9895.29,9778.03,1013.13,1011.61,1012.56,1011.82
CN7,8G,16,8,1,14484,18744,23200,26608,216,848,250.12,4191,9835.2,10210.5,9895.29,9778.03,1013.13,1011.61,1012.56,1011.82
CN7,8G,16,8,2,15139,19268,23462,26870,212,842,252.23,4225,9835.2,10210.5,9895.29,9778.03,1013.13,1011.61,1012.56,1011.82
CN7,8G,16,8,3,15270,19268,23200,25560,215,908,254.39,4267,9835.2,10210.5,9895.29,9778.03,1013.13,1011.61,1012.56,1011.82
CN7,8G,16,8,4,15008,18744,22676,25560,216,838,257.15,4312,9835.2,10210.5,9895.29,9778.03,1013.13,1011.61,1012.56,1011.82
CN7,8G,16,8,5,14484,18220,22414,25560,224,850,255.93,4287,9835.2,10210.5,9895.29,9778.03,1013.13,1011.61,1012.56,1011.82
CN7,8G,16,16,1,15270,19268,23200,26346,216,846,249.77,4187,9835.2,10210.5,9895.29,9778.03,1013.13,1011.61,1012.56,1011.82
CN7,8G,16,16,2,15533,19530,23725,26870,210,862,245.69,4118,9835.2,10210.5,9895.29,9778.03,1013.13,1011.61,1012.56,1011.82
CN7,8G,16,16,3,14877,19006,23200,26870,210,860,244.42,4101,9835.2,10210.5,9895.29,9778.03,1013.13,1011.61,1012.56,1011.82
CN7,8G,16,16,4,15139,19268,23200,27132,210,860,247.55,4144,9835.2,10210.5,9895.29,9778.03,1013.13,1011.61,1012.56,1011.82
CN7,8G,16,16,5,14746,18744,22938,26084,216,824,250.27,4196,9835.2,10210.5,9895.29,9778.03,1013.13,1011.61,1012.56,1011.82
CN7,8G,16,32,1,15795,19792,24249,27657,214,716,243.78,4082,9835.2,10210.5,9895.29,9778.03,1013.13,1011.61,1012.56,1011.82
CN7,8G,16,32,2,15795,20055,24249,26870,208,776,239.45,4012,9835.2,10210.5,9895.29,9778.03,1013.13,1011.61,1012.56,1011.82
CN7,8G,16,32,3,15533,19792,23987,27132,200,742,241.72,4051,9835.2,10210.5,9895.29,9778.03,1013.13,1011.61,1012.56,1011.82
CN7,8G,16,32,4,15664,19792,23725,26608,206,790,240.48,4024,9835.2,10210.5,9895.29,9778.03,1013.13,1011.61,1012.56,1011.82
CN7,8G,16,32,5,15401,19530,23987,27395,212,778,242.85,4070,9835.2,10210.5,9895.29,9778.03,1013.13,1011.61,1012.56,1011.82
CN7,8G,16,64,1,15795,20055,25035,27919,200,564,236.24,3962,9835.2,10210.5,9895.29,9778.03,1013.13,1011.61,1012.56,1011.82
CN7,8G,16,64,2,15401,19792,23987,27395,204,518,239.99,4016,9835.2,10210.5,9895.29,9778.03,1013.13,1011.61,1012.56,1011.82
CN7,8G,16,64,3,15533,19792,24249,28181,206,602,237.67,3978,9835.2,10210.5,9895.29,9778.03,1013.13,1011.61,1012.56,1011.82
CN7,8G,16,64,4,15401,19530,23200,26608,210,590,242.43,4060,9835.2,10210.5,9895.29,9778.03,1013.13,1011.61,1012.56,1011.82
CN7,8G,16,64,5,14877,19006,23200,26084,206,574,242.18,4060,9835.2,10210.5,9895.29,9778.03,1013.13,1011.61,1012.56,1011.82
CN7,16G,1,1,1,750,979,1713,2343,1298,1490,1441.64,1511,9835.2,10210.5,9895.29,9778.03,1013.13,1011.61,1012.56,1011.82
CN7,16G,1,1,2,734,971,2147,3359,1310,1473,1449.09,1520,9835.2,10210.5,9895.29,9778.03,1013.13,1011.61,1012.56,1011.82
CN7,16G,1,1,3,734,955,1663,2900,1222,1488,1450.95,1522,9835.2,10210.5,9895.29,9778.03,1013.13,1011.61,1012.56,1011.82
CN7,16G,1,1,4,766,996,2114,4359,1349,1500,1439.05,1511,9835.2,10210.5,9895.29,9778.03,1013.13,1011.61,1012.56,1011.82
CN7,16G,1,1,5,750,955,1926,3032,1298,1474,1441.45,1513,9835.2,10210.5,9895.29,9778.03,1013.13,1011.61,1012.56,1011.82
CN7,16G,1,2,1,758,922,1123,1680,1226,1492,1431.55,1502,9835.2,10210.5,9895.29,9778.03,1013.13,1011.61,1012.56,1011.82
CN7,16G,1,2,2,742,881,1074,1778,1338,1487,1447.77,1519,9835.2,10210.5,9895.29,9778.03,1013.13,1011.61,1012.56,1011.82
CN7,16G,1,2,3,734,857,1074,1827,1288,1498,1453.41,1524,9835.2,10210.5,9895.29,9778.03,1013.13,1011.61,1012.56,1011.82
CN7,16G,1,2,4,742,914,1106,1811,1298,1492,1437.23,1507,9835.2,10210.5,9895.29,9778.03,1013.13,1011.61,1012.56,1011.82
CN7,16G,1,2,5,742,898,1106,1844,1324,1488,1434.91,1505,9835.2,10210.5,9895.29,9778.03,1013.13,1011.61,1012.56,1011.82
CN7,16G,1,4,1,742,922,1123,1762,1300,1490,1448.95,1520,9835.2,10210.5,9895.29,9778.03,1013.13,1011.61,1012.56,1011.82
CN7,16G,1,4,2,758,947,1123,2040,1306,1478,1425.09,1495,9835.2,10210.5,9895.29,9778.03,1013.13,1011.61,1012.56,1011.82
CN7,16G,1,4,3,725,898,1106,1876,1334,1528,1462.05,1534,9835.2,10210.5,9895.29,9778.03,1013.13,1011.61,1012.56,1011.82
CN7,16G,1,4,4,750,906,1123,1876,1354,1478,1441.68,1511,9835.2,10210.5,9895.29,9778.03,1013.13,1011.61,1012.56,1011.82
CN7,16G,1,4,5,758,938,1156,1827,1246,1476,1428.14,1498,9835.2,10210.5,9895.29,9778.03,1013.13,1011.61,1012.56,1011.82
CN7,16G,1,8,1,758,963,1139,2089,1306,1506,1460.59,1532,9835.2,10210.5,9895.29,9778.03,1013.13,1011.61,1012.56,1011.82
CN7,16G,1,8,2,734,914,1139,1795,1289,1490,1451.86,1523,9835.2,10210.5,9895.29,9778.03,1013.13,1011.61,1012.56,1011.82
CN7,16G,1,8,3,758,971,1156,1827,1316,1491,1442.91,1513,9835.2,10210.5,9895.29,9778.03,1013.13,1011.61,1012.56,1011.82
CN7,16G,1,8,4,742,914,1156,1942,1278,1486,1447.23,1518,9835.2,10210.5,9895.29,9778.03,1013.13,1011.61,1012.56,1011.82
CN7,16G,1,8,5,734,857,1123,1893,1314,1546,1473.86,1546,9835.2,10210.5,9895.29,9778.03,1013.13,1011.61,1012.56,1011.82
CN7,16G,1,16,1,725,848,1385,1762,1228,1498,1456.64,1527,9835.2,10210.5,9895.29,9778.03,1013.13,1011.61,1012.56,1011.82
CN7,16G,1,16,2,734,881,1221,1926,1364,1560,1482.00,1554,9835.2,10210.5,9895.29,9778.03,1013.13,1011.61,1012.56,1011.82
CN7,16G,1,16,3,734,807,1172,1860,1338,1482,1448.14,1518,9835.2,10210.5,9895.29,9778.03,1013.13,1011.61,1012.56,1011.82
CN7,16G,1,16,4,742,914,1319,1778,1281,1524,1460.86,1532,9835.2,10210.5,9895.29,9778.03,1013.13,1011.61,1012.56,1011.82
CN7,16G,1,16,5,742,889,1254,1893,1286,1486,1437.36,1508,9835.2,10210.5,9895.29,9778.03,1013.13,1011.61,1012.56,1011.82
CN7,16G,1,32,1,742,865,1500,1827,1216,1470,1429.45,1499,9835.2,10210.5,9895.29,9778.03,1013.13,1011.61,1012.56,1011.82
CN7,16G,1,32,2,750,938,1401,1958,1264,1514,1450.23,1521,9835.2,10210.5,9895.29,9778.03,1013.13,1011.61,1012.56,1011.82
CN7,16G,1,32,3,742,906,1467,1844,1291,1526,1454.36,1528,9835.2,10210.5,9895.29,9778.03,1013.13,1011.61,1012.56,1011.82
CN7,16G,1,32,4,734,840,1467,1827,1364,1490,1451.32,1522,9835.2,10210.5,9895.29,9778.03,1013.13,1011.61,1012.56,1011.82
CN7,16G,1,32,5,742,898,1598,1860,1348,1480,1439.91,1508,9835.2,10210.5,9895.29,9778.03,1013.13,1011.61,1012.56,1011.82
CN7,16G,1,64,1,750,947,1500,1844,1240,1480,1444.41,1515,9835.2,10210.5,9895.29,9778.03,1013.13,1011.61,1012.56,1011.82
CN7,16G,1,64,2,750,930,1565,1844,1244,1466,1423.39,1493,9835.2,10210.5,9895.29,9778.03,1013.13,1011.61,1012.56,1011.82
CN7,16G,1,64,3,742,832,1532,1844,1266,1488,1447.55,1518,9835.2,10210.5,9895.29,9778.03,1013.13,1011.61,1012.56,1011.82
CN7,16G,1,64,4,742,914,1631,1844,1290,1482,1439.14,1509,9835.2,10210.5,9895.29,9778.03,1013.13,1011.61,1012.56,1011.82
CN7,16G,1,64,5,742,996,1450,1729,1178,1474,1436.27,1507,9835.2,10210.5,9895.29,9778.03,1013.13,1011.61,1012.56,1011.82
CN7,16G,2,1,1,832,938,1254,1663,1270,1446,1342.47,2761,9835.2,10210.5,9895.29,9778.03,1013.13,1011.61,1012.56,1011.82
CN7,16G,2,1,2,807,930,1614,2278,1302,1486,1394.35,2902,9835.2,10210.5,9895.29,9778.03,1013.13,1011.61,1012.56,1011.82
CN7,16G,2,1,3,807,922,1614,2180,1330,1480,1396.52,2922,9835.2,10210.5,9895.29,9778.03,1013.13,1011.61,1012.56,1011.82
CN7,16G,2,1,4,816,947,1614,2278,1302,1490,1390.67,2876,9835.2,10210.5,9895.29,9778.03,1013.13,1011.61,1012.56,1011.82
CN7,16G,2,1,5,791,906,1663,2409,1282,1492,1401.70,2938,9835.2,10210.5,9895.29,9778.03,1013.13,1011.61,1012.56,1011.82
CN7,16G,2,2,1,848,971,1352,1795,1288,1430,1352.23,2833,9835.2,10210.5,9895.29,9778.03,1013.13,1011.61,1012.56,1011.82
CN7,16G,2,2,2,857,1004,1434,1909,1216,1406,1339.25,2806,9835.2,10210.5,9895.29,9778.03,1013.13,1011.61,1012.56,1011.82
CN7,16G,2,2,3,857,988,1319,1745,1266,1400,1341.46,2812,9835.2,10210.5,9895.29,9778.03,1013.13,1011.61,1012.56,1011.82
CN7,16G,2,2,4,840,963,1369,1909,1232,1434,1356.42,2836,9835.2,10210.5,9895.29,9778.03,1013.13,1011.61,1012.56,1011.82
CN7,16G,2,2,5,816,938,1401,1926,1294,1414,1372.70,2879,9835.2,10210.5,9895.29,9778.03,1013.13,1011.61,1012.56,1011.82
CN7,16G,2,4,1,807,906,1123,1876,1236,1470,1391.00,2914,9835.2,10210.5,9895.29,9778.03,1013.13,1011.61,1012.56,1011.82
CN7,16G,2,4,2,807,914,1106,1827,1256,1412,1372.30,2875,9835.2,10210.5,9895.29,9778.03,1013.13,1011.61,1012.56,1011.82
CN7,16G,2,4,3,840,938,1172,1795,1226,1418,1358.17,2846,9835.2,10210.5,9895.29,9778.03,1013.13,1011.61,1012.56,1011.82
CN7,16G,2,4,4,816,914,1106,1745,1328,1462,1388.26,2907,9835.2,10210.5,9895.29,9778.03,1013.13,1011.61,1012.56,1011.82
CN7,16G,2,4,5,824,914,1123,1713,1254,1450,1370.74,2873,9835.2,10210.5,9895.29,9778.03,1013.13,1011.61,1012.56,1011.82
CN7,16G,2,8,1,832,930,1172,1713,1248,1426,1360.67,2853,9835.2,10210.5,9895.29,9778.03,1013.13,1011.61,1012.56,1011.82
CN7,16G,2,8,2,799,898,1139,1795,1272,1450,1385.80,2904,9835.2,10210.5,9895.29,9778.03,1013.13,1011.61,1012.56,1011.82
CN7,16G,2,8,3,816,922,1156,1991,1284,1432,1382.96,2895,9835.2,10210.5,9895.29,9778.03,1013.13,1011.61,1012.56,1011.82
CN7,16G,2,8,4,857,996,1319,1745,1258,1375,1332.08,2773,9835.2,10210.5,9895.29,9778.03,1013.13,1011.61,1012.56,1011.82
CN7,16G,2,8,5,807,914,1172,1876,1314,1436,1387.24,2912,9835.2,10210.5,9895.29,9778.03,1013.13,1011.61,1012.56,1011.82
CN7,16G,2,16,1,824,922,1303,1762,1268,1420,1360.50,2847,9835.2,10210.5,9895.29,9778.03,1013.13,1011.61,1012.56,1011.82
CN7,16G,2,16,2,832,930,1418,1991,1220,1440,1365.32,2862,9835.2,10210.5,9895.29,9778.03,1013.13,1011.61,1012.56,1011.82
CN7,16G,2,16,3,824,930,1385,1663,1278,1426,1371.00,2872,9835.2,10210.5,9895.29,9778.03,1013.13,1011.61,1012.56,1011.82
CN7,16G,2,16,4,816,938,1434,1680,1228,1396,1365.26,2858,9835.2,10210.5,9895.29,9778.03,1013.13,1011.61,1012.56,1011.82
CN7,16G,2,16,5,840,930,1434,1958,1212,1416,1358.40,2848,9835.2,10210.5,9895.29,9778.03,1013.13,1011.61,1012.56,1011.82
CN7,16G,2,32,1,840,938,1467,1827,1204,1430,1354.13,2840,9835.2,10210.5,9895.29,9778.03,1013.13,1011.61,1012.56,1011.82
CN7,16G,2,32,2,816,922,1418,1811,1288,1432,1378.43,2888,9835.2,10210.5,9895.29,9778.03,1013.13,1011.61,1012.56,1011.82
CN7,16G,2,32,3,840,947,1434,1762,1220,1346,1317.10,2762,9835.2,10210.5,9895.29,9778.03,1013.13,1011.61,1012.56,1011.82
CN7,16G,2,32,4,824,938,1467,1729,1194,1426,1366.64,2862,9835.2,10210.5,9895.29,9778.03,1013.13,1011.61,1012.56,1011.82
CN7,16G,2,32,5,840,971,1582,1909,1222,1422,1349.94,2827,9835.2,10210.5,9895.29,9778.03,1013.13,1011.61,1012.56,1011.82
CN7,16G,2,64,1,840,988,1450,1778,1182,1426,1346.90,2817,9835.2,10210.5,9895.29,9778.03,1013.13,1011.61,1012.56,1011.82
CN7,16G,2,64,2,857,988,1450,1680,1198,1396,1320.44,2753,9835.2,10210.5,9895.29,9778.03,1013.13,1011.61,1012.56,1011.82
CN7,16G,2,64,3,840,963,1483,1991,1214,1428,1346.58,2825,9835.2,10210.5,9895.29,9778.03,1013.13,1011.61,1012.56,1011.82
CN7,16G,2,64,4,848,947,1647,2073,1220,1414,1342.25,2817,9835.2,10210.5,9895.29,9778.03,1013.13,1011.61,1012.56,1011.82
CN7,16G,2,64,5,832,947,1582,1827,1320,1464,1365.13,2862,9835.2,10210.5,9895.29,9778.03,1013.13,1011.61,1012.56,1011.82
CN7,16G,4,1,1,1139,2474,5145,7635,980,1502,1261.24,5273,9835.2,10210.5,9895.29,9778.03,1013.13,1011.61,1012.56,1011.82
CN7,16G,4,1,2,1418,3032,6128,8291,982,1440,1204.39,5011,9835.2,10210.5,9895.29,9778.03,1013.13,1011.61,1012.56,1011.82
CN7,16G,4,1,3,1336,2868,5669,7570,1028,1478,1245.08,5190,9835.2,10210.5,9895.29,9778.03,1013.13,1011.61,1012.56,1011.82
CN7,16G,4,1,4,1319,2835,5997,8225,974,1510,1219.07,5098,9835.2,10210.5,9895.29,9778.03,1013.13,1011.61,1012.56,1011.82
CN7,16G,4,1,5,1237,2802,5800,7832,1002,1504,1244.73,5193,9835.2,10210.5,9895.29,9778.03,1013.13,1011.61,1012.56,1011.82
CN7,16G,4,2,1,1221,3425,8979,26608,778,1384,1143.62,4449,9835.2,10210.5,9895.29,9778.03,1013.13,1011.61,1012.56,1011.82
CN7,16G,4,2,2,1156,3916,12387,32637,656,1466,1128.61,4457,9835.2,10210.5,9895.29,9778.03,1013.13,1011.61,1012.56,1011.82
CN7,16G,4,2,3,1172,3163,10028,24773,754,1396,1162.97,4545,9835.2,10210.5,9895.29,9778.03,1013.13,1011.61,1012.56,1011.82
CN7,16G,4,2,4,1188,3097,9503,32113,728,1406,1152.50,4501,9835.2,10210.5,9895.29,9778.03,1013.13,1011.61,1012.56,1011.82
CN7,16G,4,2,5,1139,2966,11863,34866,830,1420,1166.07,4539,9835.2,10210.5,9895.29,9778.03,1013.13,1011.61,1012.56,1011.82
CN7,16G,4,4,1,1205,2802,6128,8356,847,1356,1155.16,4685,9835.2,10210.5,9895.29,9778.03,1013.13,1011.61,1012.56,1011.82
CN7,16G,4,4,2,1156,1909,5080,8225,928,1350,1192.47,4879,9835.2,10210.5,9895.29,9778.03,1013.13,1011.61,1012.56,1011.82
CN7,16G,4,4,3,1237,3326,6456,9372,942,1406,1162.47,4827,9835.2,10210.5,9895.29,9778.03,1013.13,1011.61,1012.56,1011.82
CN7,16G,4,4,4,1172,2573,5997,8979,962,1370,1189.32,4856,9835.2,10210.5,9895.29,9778.03,1013.13,1011.61,1012.56,1011.82
CN7,16G,4,4,5,1254,3359,6390,8848,882,1376,1154.97,4703,9835.2,10210.5,9895.29,9778.03,1013.13,1011.61,1012.56,1011.82
CN7,16G,4,8,1,1270,3261,7046,10421,918,1380,1153.08,4789,9835.2,10210.5,9895.29,9778.03,1013.13,1011.61,1012.56,1011.82
CN7,16G,4,8,2,1287,3589,7504,11863,932,1364,1141.10,4733,9835.2,10210.5,9895.29,9778.03,1013.13,1011.61,1012.56,1011.82
CN7,16G,4,8,3,1254,2999,7046,9634,904,1394,1169.15,4822,9835.2,10210.5,9895.29,9778.03,1013.13,1011.61,1012.56,1011.82
CN7,16G,4,8,4,1270,3163,6521,8848,966,1366,1161.71,4845,9835.2,10210.5,9895.29,9778.03,1013.13,1011.61,1012.56,1011.82
CN7,16G,4,8,5,1156,1500,3654,6521,968,1376,1214.52,4926,9835.2,10210.5,9895.29,9778.03,1013.13,1011.61,1012.56,1011.82
CN7,16G,4,16,1,1352,3687,7570,10945,898,1388,1130.58,4663,9835.2,10210.5,9895.29,9778.03,1013.13,1011.61,1012.56,1011.82
CN7,16G,4,16,2,1418,4015,7308,10028,918,1374,1112.61,4540,9835.2,10210.5,9895.29,9778.03,1013.13,1011.61,1012.56,1011.82
CN7,16G,4,16,3,1385,3851,7767,9765,920,1390,1119.36,4561,9835.2,10210.5,9895.29,9778.03,1013.13,1011.61,1012.56,1011.82
CN7,16G,4,16,4,1336,3851,7373,11600,934,1374,1118.90,4611,9835.2,10210.5,9895.29,9778.03,1013.13,1011.61,1012.56,1011.82
CN7,16G,4,16,5,1401,4113,7898,10290,896,1332,1098.62,4481,9835.2,10210.5,9895.29,9778.03,1013.13,1011.61,1012.56,1011.82
CN7,16G,4,32,1,1450,4555,8717,11076,892,1360,1083.03,4500,9835.2,10210.5,9895.29,9778.03,1013.13,1011.61,1012.56,1011.82
CN7,16G,4,32,2,1369,4047,8455,11863,886,1334,1106.61,4563,9835.2,10210.5,9895.29,9778.03,1013.13,1011.61,1012.56,1011.82
CN7,16G,4,32,3,1434,4359,8586,11863,844,1386,1079.30,4496,9835.2,10210.5,9895.29,9778.03,1013.13,1011.61,1012.56,1011.82
CN7,16G,4,32,4,1483,4359,8225,10421,834,1384,1096.77,4507,9835.2,10210.5,9895.29,9778.03,1013.13,1011.61,1012.56,1011.82
CN7,16G,4,32,5,1352,3687,7242,10814,898,1384,1123.99,4648,9835.2,10210.5,9895.29,9778.03,1013.13,1011.61,1012.56,1011.82
CN7,16G,4,64,1,1369,3720,7439,10159,864,1330,1105.90,4607,9835.2,10210.5,9895.29,9778.03,1013.13,1011.61,1012.56,1011.82
CN7,16G,4,64,2,1565,4686,8586,11731,842,1384,1070.38,4365,9835.2,10210.5,9895.29,9778.03,1013.13,1011.61,1012.56,1011.82
CN7,16G,4,64,3,1549,5211,9110,12780,856,1380,1044.93,4356,9835.2,10210.5,9895.29,9778.03,1013.13,1011.61,1012.56,1011.82
CN7,16G,4,64,4,1500,4555,8848,11863,858,1314,1069.61,4447,9835.2,10210.5,9895.29,9778.03,1013.13,1011.61,1012.56,1011.82
CN7,16G,4,64,5,1582,4883,8455,12649,886,1354,1047.69,4333,9835.2,10210.5,9895.29,9778.03,1013.13,1011.61,1012.56,1011.82
CN7,16G,8,1,1,5211,7308,10159,12256,481,1369,574.70,4794,9835.2,10210.5,9895.29,9778.03,1013.13,1011.61,1012.56,1011.82
CN7,16G,8,1,2,5211,7373,10290,12780,484,1376,572.41,4777,9835.2,10210.5,9895.29,9778.03,1013.13,1011.61,1012.56,1011.82
CN7,16G,8,1,3,5407,7635,10421,12518,466,1380,560.82,4695,9835.2,10210.5,9895.29,9778.03,1013.13,1011.61,1012.56,1011.82
CN7,16G,8,1,4,5276,7635,10159,11731,470,1366,566.45,4721,9835.2,10210.5,9895.29,9778.03,1013.13,1011.61,1012.56,1011.82
CN7,16G,8,1,5,5145,7242,10028,12518,482,1307,579.33,4828,9835.2,10210.5,9895.29,9778.03,1013.13,1011.61,1012.56,1011.82
CN7,16G,8,2,1,5800,8291,11338,14222,458,1314,552.54,4616,9835.2,10210.5,9895.29,9778.03,1013.13,1011.61,1012.56,1011.82
CN7,16G,8,2,2,5604,7898,10683,13304,444,1290,563.00,4698,9835.2,10210.5,9895.29,9778.03,1013.13,1011.61,1012.56,1011.82
CN7,16G,8,2,3,5800,8356,11469,13566,468,1290,550.17,4604,9835.2,10210.5,9895.29,9778.03,1013.13,1011.61,1012.56,1011.82
CN7,16G,8,2,4,5735,8225,10814,13566,466,1294,553.72,4627,9835.2,10210.5,9895.29,9778.03,1013.13,1011.61,1012.56,1011.82
CN7,16G,8,2,5,5604,7963,10683,12780,470,1300,563.47,4714,9835.2,10210.5,9895.29,9778.03,1013.13,1011.61,1012.56,1011.82
CN7,16G,8,4,1,7111,10290,13304,15533,460,1246,550.62,4613,9835.2,10210.5,9895.29,9778.03,1013.13,1011.61,1012.56,1011.82
CN7,16G,8,4,2,7242,10290,13698,17171,456,1262,536.21,4480,9835.2,10210.5,9895.29,9778.03,1013.13,1011.61,1012.56,1011.82
CN7,16G,8,4,3,7308,10290,13698,16581,456,1234,533.17,4448,9835.2,10210.5,9895.29,9778.03,1013.13,1011.61,1012.56,1011.82
CN7,16G,8,4,4,7177,10159,13173,15795,441,1234,537.56,4499,9835.2,10210.5,9895.29,9778.03,1013.13,1011.61,1012.56,1011.82
CN7,16G,8,4,5,7242,10290,13566,16581,448,1250,534.36,4455,9835.2,10210.5,9895.29,9778.03,1013.13,1011.61,1012.56,1011.82
CN7,16G,8,8,1,7570,10814,14484,17695,440,1232,525.85,4401,9835.2,10210.5,9895.29,9778.03,1013.13,1011.61,1012.56,1011.82
CN7,16G,8,8,2,7439,10552,14222,17433,444,1222,521.90,4371,9835.2,10210.5,9895.29,9778.03,1013.13,1011.61,1012.56,1011.82
CN7,16G,8,8,3,7439,10683,14222,17171,424,1214,525.10,4395,9835.2,10210.5,9895.29,9778.03,1013.13,1011.61,1012.56,1011.82
CN7,16G,8,8,4,7504,10814,13960,15926,448,1248,520.33,4338,9835.2,10210.5,9895.29,9778.03,1013.13,1011.61,1012.56,1011.82
CN7,16G,8,8,5,7308,10290,13566,15926,458,1230,532.94,4457,9835.2,10210.5,9895.29,9778.03,1013.13,1011.61,1012.56,1011.82
CN7,16G,8,16,1,7832,10945,14746,17433,440,1212,513.56,4300,9835.2,10210.5,9895.29,9778.03,1013.13,1011.61,1012.56,1011.82
CN7,16G,8,16,2,8029,11338,14615,16909,400,1184,507.35,4244,9835.2,10210.5,9895.29,9778.03,1013.13,1011.61,1012.56,1011.82
CN7,16G,8,16,3,7635,10945,14353,17433,432,1176,512.40,4279,9835.2,10210.5,9895.29,9778.03,1013.13,1011.61,1012.56,1011.82
CN7,16G,8,16,4,7832,11207,14746,17433,432,1175,505.46,4227,9835.2,10210.5,9895.29,9778.03,1013.13,1011.61,1012.56,1011.82
CN7,16G,8,16,5,7701,10814,13829,16188,442,1174,520.28,4349,9835.2,10210.5,9895.29,9778.03,1013.13,1011.61,1012.56,1011.82
CN7,16G,8,32,1,8160,11469,15270,17957,430,1118,498.88,4184,9835.2,10210.5,9895.29,9778.03,1013.13,1011.61,1012.56,1011.82
CN7,16G,8,32,2,8094,11469,15008,17433,430,1138,496.63,4165,9835.2,10210.5,9895.29,9778.03,1013.13,1011.61,1012.56,1011.82
CN7,16G,8,32,3,8029,11338,14877,17171,430,1120,501.08,4184,9835.2,10210.5,9895.29,9778.03,1013.13,1011.61,1012.56,1011.82
CN7,16G,8,32,4,8225,11469,14484,17433,426,1126,495.63,4145,9835.2,10210.5,9895.29,9778.03,1013.13,1011.61,1012.56,1011.82
CN7,16G,8,32,5,8029,11338,14746,18744,432,1140,505.30,4225,9835.2,10210.5,9895.29,9778.03,1013.13,1011.61,1012.56,1011.82
CN7,16G,8,64,1,8291,11600,15270,18220,426,1146,490.81,4111,9835.2,10210.5,9895.29,9778.03,1013.13,1011.61,1012.56,1011.82
CN7,16G,8,64,2,7767,11076,14746,17695,432,1240,509.11,4255,9835.2,10210.5,9895.29,9778.03,1013.13,1011.61,1012.56,1011.82
CN7,16G,8,64,3,8160,11469,15401,17957,424,1110,487.71,4068,9835.2,10210.5,9895.29,9778.03,1013.13,1011.61,1012.56,1011.82
CN7,16G,8,64,4,8455,11863,15795,18482,400,1124,483.06,4027,9835.2,10210.5,9895.29,9778.03,1013.13,1011.61,1012.56,1011.82
CN7,16G,8,64,5,8356,11863,15926,19268,416,1084,489.42,4080,9835.2,10210.5,9895.29,9778.03,1013.13,1011.61,1012.56,1011.82
CN7,16G,16,1,1,8848,11207,13960,16450,226,958,264.92,4422,9835.2,10210.5,9895.29,9778.03,1013.13,1011.61,1012.56,1011.82
CN7,16G,16,1,2,8586,10945,13566,15533,234,834,270.85,4508,9835.2,10210.5,9895.29,9778.03,1013.13,1011.61,1012.56,1011.82
CN7,16G,16,1,3,8848,11207,13960,16057,224,844,266.76,4458,9835.2,10210.5,9895.29,9778.03,1013.13,1011.61,1012.56,1011.82
CN7,16G,16,1,4,8717,11207,13829,16909,228,920,269.44,4500,9835.2,10210.5,9895.29,9778.03,1013.13,1011.61,1012.56,1011.82
CN7,16G,16,1,5,8717,11207,13829,16319,226,844,266.72,4464,9835.2,10210.5,9895.29,9778.03,1013.13,1011.61,1012.56,1011.82
CN7,16G,16,2,1,10814,13435,16712,19268,218,840,254.77,4265,9835.2,10210.5,9895.29,9778.03,1013.13,1011.61,1012.56,1011.82
CN7,16G,16,2,2,10552,13173,16188,19006,220,854,257.76,4317,9835.2,10210.5,9895.29,9778.03,1013.13,1011.61,1012.56,1011.82
CN7,16G,16,2,3,10683,13173,15926,17957,220,874,256.71,4300,9835.2,10210.5,9895.29,9778.03,1013.13,1011.61,1012.56,1011.82
CN7,16G,16,2,4,10814,13566,16909,19530,212,902,254.72,4261,9835.2,10210.5,9895.29,9778.03,1013.13,1011.61,1012.56,1011.82
CN7,16G,16,2,5,10945,13829,17171,19530,212,874,251.73,4208,9835.2,10210.5,9895.29,9778.03,1013.13,1011.61,1012.56,1011.82
CN7,16G,16,4,1,14746,18744,22414,25560,216,896,249.67,4183,9835.2,10210.5,9895.29,9778.03,1013.13,1011.61,1012.56,1011.82
CN7,16G,16,4,2,15008,19006,22938,26608,212,826,249.72,4186,9835.2,10210.5,9895.29,9778.03,1013.13,1011.61,1012.56,1011.82
CN7,16G,16,4,3,15139,19006,22938,26084,224,852,254.25,4264,9835.2,10210.5,9895.29,9778.03,1013.13,1011.61,1012.56,1011.82
CN7,16G,16,4,4,14484,18482,22414,25297,216,850,253.80,4253,9835.2,10210.5,9895.29,9778.03,1013.13,1011.61,1012.56,1011.82
CN7,16G,16,4,5,15533,19268,22938,25822,216,844,250.37,4200,9835.2,10210.5,9895.29,9778.03,1013.13,1011.61,1012.56,1011.82
CN7,16G,16,8,1,15008,19006,23200,26084,215,866,247.89,4156,9835.2,10210.5,9895.29,9778.03,1013.13,1011.61,1012.56,1011.82
CN7,16G,16,8,2,15533,19792,23987,27919,210,856,244.78,4106,9835.2,10210.5,9895.29,9778.03,1013.13,1011.61,1012.56,1011.82
CN7,16G,16,8,3,14746,18482,22414,25560,216,842,246.16,4129,9835.2,10210.5,9895.29,9778.03,1013.13,1011.61,1012.56,1011.82
CN7,16G,16,8,4,15401,19530,23462,26346,208,862,246.11,4123,9835.2,10210.5,9895.29,9778.03,1013.13,1011.61,1012.56,1011.82
CN7,16G,16,8,5,14353,18482,22676,25822,212,824,248.08,4161,9835.2,10210.5,9895.29,9778.03,1013.13,1011.61,1012.56,1011.82
CN7,16G,16,16,1,15795,19792,24249,27919,200,838,240.15,4024,9835.2,10210.5,9895.29,9778.03,1013.13,1011.61,1012.56,1011.82
CN7,16G,16,16,2,15139,19268,23200,26870,204,882,242.88,4073,9835.2,10210.5,9895.29,9778.03,1013.13,1011.61,1012.56,1011.82
CN7,16G,16,16,3,15533,19792,23987,26870,212,834,241.02,4043,9835.2,10210.5,9895.29,9778.03,1013.13,1011.61,1012.56,1011.82
CN7,16G,16,16,4,15926,20055,24249,28443,208,846,241.74,4050,9835.2,10210.5,9895.29,9778.03,1013.13,1011.61,1012.56,1011.82
CN7,16G,16,16,5,15795,20055,23987,27132,208,840,243.47,4083,9835.2,10210.5,9895.29,9778.03,1013.13,1011.61,1012.56,1011.82
CN7,16G,16,32,1,15664,20055,24773,27919,206,704,234.38,3933,9835.2,10210.5,9895.29,9778.03,1013.13,1011.61,1012.56,1011.82
CN7,16G,16,32,2,15926,20317,24773,28443,207,662,236.49,3966,9835.2,10210.5,9895.29,9778.03,1013.13,1011.61,1012.56,1011.82
CN7,16G,16,32,3,15795,20055,24511,28181,200,742,235.81,3954,9835.2,10210.5,9895.29,9778.03,1013.13,1011.61,1012.56,1011.82
CN7,16G,16,32,4,15795,20055,24773,28705,202,772,238.32,3996,9835.2,10210.5,9895.29,9778.03,1013.13,1011.61,1012.56,1011.82
CN7,16G,16,32,5,16450,20841,25297,29230,208,730,235.99,3959,9835.2,10210.5,9895.29,9778.03,1013.13,1011.61,1012.56,1011.82
CN7,16G,16,64,1,16057,20579,24773,28967,194,624,232.37,3900,9835.2,10210.5,9895.29,9778.03,1013.13,1011.61,1012.56,1011.82
CN7,16G,16,64,2,15926,20317,25035,29492,204,596,234.88,3935,9835.2,10210.5,9895.29,9778.03,1013.13,1011.61,1012.56,1011.82
CN7,16G,16,64,3,16057,20579,25035,28181,204,598,233.46,3915,9835.2,10210.5,9895.29,9778.03,1013.13,1011.61,1012.56,1011.82
CN7,16G,16,64,4,16188,20579,25035,27919,198,566,235.72,3950,9835.2,10210.5,9895.29,9778.03,1013.13,1011.61,1012.56,1011.82
CN7,16G,16,64,5,16909,21365,25822,30016,194,562,233.15,3910,9835.2,10210.5,9895.29,9778.03,1013.13,1011.61,1012.56,1011.82
CN7,32G,1,1,1,725,898,2114,2900,1282,1486,1448.84,1520,9835.2,10210.5,9895.29,9778.03,1013.13,1011.61,1012.56,1011.82
CN7,32G,1,1,2,725,889,1369,1942,1336,1496,1461.16,1531,9835.2,10210.5,9895.29,9778.03,1013.13,1011.61,1012.56,1011.82
CN7,32G,1,1,3,742,906,2180,3490,1286,1504,1444.64,1515,9835.2,10210.5,9895.29,9778.03,1013.13,1011.61,1012.56,1011.82
CN7,32G,1,1,4,742,922,1909,3752,1248,1548,1445.69,1516,9835.2,10210.5,9895.29,9778.03,1013.13,1011.61,1012.56,1011.82
CN7,32G,1,1,5,725,848,2008,2835,1344,1480,1446.49,1517,9835.2,10210.5,9895.29,9778.03,1013.13,1011.61,1012.56,1011.82
CN7,32G,1,2,1,725,832,1106,1205,1315,1550,1459.80,1531,9835.2,10210.5,9895.29,9778.03,1013.13,1011.61,1012.56,1011.82
CN7,32G,1,2,2,742,865,1106,1237,1266,1538,1445.78,1516,9835.2,10210.5,9895.29,9778.03,1013.13,1011.61,1012.56,1011.82
CN7,32G,1,2,3,734,832,1074,1450,1324,1540,1456.05,1528,9835.2,10210.5,9895.29,9778.03,1013.13,1011.61,1012.56,1011.82
CN7,32G,1,2,4,734,898,1106,1254,1257,1536,1451.24,1522,9835.2,10210.5,9895.29,9778.03,1013.13,1011.61,1012.56,1011.82
CN7,32G,1,2,5,742,816,1090,1221,1316,1482,1435.84,1506,9835.2,10210.5,9895.29,9778.03,1013.13,1011.61,1012.56,1011.82
CN7,32G,1,4,1,734,881,1106,1811,1276,1510,1461.32,1533,9835.2,10210.5,9895.29,9778.03,1013.13,1011.61,1012.56,1011.82
CN7,32G,1,4,2,734,840,1106,1778,1218,1512,1453.09,1524,9835.2,10210.5,9895.29,9778.03,1013.13,1011.61,1012.56,1011.82
CN7,32G,1,4,3,742,848,1074,1647,1268,1488,1441.38,1511,9835.2,10210.5,9895.29,9778.03,1013.13,1011.61,1012.56,1011.82
CN7,32G,1,4,4,734,865,1106,1811,1328,1489,1453.82,1525,9835.2,10210.5,9895.29,9778.03,1013.13,1011.61,1012.56,1011.82
CN7,32G,1,4,5,734,799,1029,1696,1230,1490,1439.87,1510,9835.2,10210.5,9895.29,9778.03,1013.13,1011.61,1012.56,1011.82
CN7,32G,1,8,1,734,816,1074,1827,1260,1484,1447.04,1518,9835.2,10210.5,9895.29,9778.03,1013.13,1011.61,1012.56,1011.82
CN7,32G,1,8,2,717,791,1029,1713,1364,1498,1464.30,1535,9835.2,10210.5,9895.29,9778.03,1013.13,1011.61,1012.56,1011.82
CN7,32G,1,8,3,734,816,1074,1729,1300,1510,1453.67,1525,9835.2,10210.5,9895.29,9778.03,1013.13,1011.61,1012.56,1011.82
CN7,32G,1,8,4,742,824,1090,1860,1324,1534,1450.38,1521,9835.2,10210.5,9895.29,9778.03,1013.13,1011.61,1012.56,1011.82
CN7,32G,1,8,5,725,807,1037,1795,1367,1498,1463.25,1535,9835.2,10210.5,9895.29,9778.03,1013.13,1011.61,1012.56,1011.82
CN7,32G,1,16,1,734,799,1045,1713,1316,1494,1454.18,1525,9835.2,10210.5,9895.29,9778.03,1013.13,1011.61,1012.56,1011.82
CN7,32G,1,16,2,734,816,1057,1844,1318,1494,1439.49,1509,9835.2,10210.5,9895.29,9778.03,1013.13,1011.61,1012.56,1011.82
CN7,32G,1,16,3,734,799,1123,1647,1346,1478,1442.56,1513,9835.2,10210.5,9895.29,9778.03,1013.13,1011.61,1012.56,1011.82
CN7,32G,1,16,4,734,799,1090,1762,1312,1494,1449.84,1521,9835.2,10210.5,9895.29,9778.03,1013.13,1011.61,1012.56,1011.82
CN7,32G,1,16,5,734,824,1074,1795,1242,1486,1445.22,1516,9835.2,10210.5,9895.29,9778.03,1013.13,1011.61,1012.56,1011.82
CN7,32G,1,32,1,725,799,1237,1778,1366,1554,1487.82,1560,9835.2,10210.5,9895.29,9778.03,1013.13,1011.61,1012.56,1011.82
CN7,32G,1,32,2,734,881,1237,1680,1262,1522,1457.09,1528,9835.2,10210.5,9895.29,9778.03,1013.13,1011.61,1012.56,1011.82
CN7,32G,1,32,3,734,791,1221,1860,1352,1486,1438.00,1508,9835.2,10210.5,9895.29,9778.03,1013.13,1011.61,1012.56,1011.82
CN7,32G,1,32,4,734,832,1188,1762,1340,1494,1452.73,1523,9835.2,10210.5,9895.29,9778.03,1013.13,1011.61,1012.56,1011.82
CN7,32G,1,32,5,734,824,1303,1762,1268,1506,1455.95,1527,9835.2,10210.5,9895.29,9778.03,1013.13,1011.61,1012.56,1011.82
CN7,32G,1,64,1,742,832,1385,1893,1224,1474,1433.36,1504,9835.2,10210.5,9895.29,9778.03,1013.13,1011.61,1012.56,1011.82
CN7,32G,1,64,2,742,807,1319,1860,1310,1486,1443.29,1513,9835.2,10210.5,9895.29,9778.03,1013.13,1011.61,1012.56,1011.82
CN7,32G,1,64,3,734,865,1369,1795,1238,1490,1444.36,1515,9835.2,10210.5,9895.29,9778.03,1013.13,1011.61,1012.56,1011.82
CN7,32G,1,64,4,750,865,1401,1745,1296,1470,1418.96,1488,9835.2,10210.5,9895.29,9778.03,1013.13,1011.61,1012.56,1011.82
CN7,32G,1,64,5,750,840,1401,1844,1306,1498,1419.46,1489,9835.2,10210.5,9895.29,9778.03,1013.13,1011.61,1012.56,1011.82
CN7,32G,2,1,1,832,922,1270,1827,1242,1460,1356.16,2823,9835.2,10210.5,9895.29,9778.03,1013.13,1011.61,1012.56,1011.82
CN7,32G,2,1,2,824,930,1467,1860,1260,1492,1365.61,2842,9835.2,10210.5,9895.29,9778.03,1013.13,1011.61,1012.56,1011.82
CN7,32G,2,1,3,824,922,1418,2089,1205,1440,1362.00,2846,9835.2,10210.5,9895.29,9778.03,1013.13,1011.61,1012.56,1011.82
CN7,32G,2,1,4,807,906,1418,2040,1244,1504,1375.21,2870,9835.2,10210.5,9895.29,9778.03,1013.13,1011.61,1012.56,1011.82
CN7,32G,2,1,5,832,930,1336,1942,1244,1438,1357.54,2834,9835.2,10210.5,9895.29,9778.03,1013.13,1011.61,1012.56,1011.82
CN7,32G,2,2,1,1012,1188,1434,1827,910,1376,1276.43,2672,9835.2,10210.5,9895.29,9778.03,1013.13,1011.61,1012.56,1011.82
CN7,32G,2,2,2,963,1139,1418,1926,980,1422,1318.76,2731,9835.2,10210.5,9895.29,9778.03,1013.13,1011.61,1012.56,1011.82
CN7,32G,2,2,3,971,1156,1401,1729,970,1416,1303.78,2734,9835.2,10210.5,9895.29,9778.03,1013.13,1011.61,1012.56,1011.82
CN7,32G,2,2,4,955,1123,1401,1876,994,1420,1319.67,2768,9835.2,10210.5,9895.29,9778.03,1013.13,1011.61,1012.56,1011.82
CN7,32G,2,2,5,963,1139,1385,1942,962,1424,1307.56,2732,9835.2,10210.5,9895.29,9778.03,1013.13,1011.61,1012.56,1011.82
CN7,32G,2,4,1,1106,1418,1729,1909,788,1458,1302.71,2706,9835.2,10210.5,9895.29,9778.03,1013.13,1011.61,1012.56,1011.82
CN7,32G,2,4,2,1139,1450,1680,1876,816,1424,1273.05,2662,9835.2,10210.5,9895.29,9778.03,1013.13,1011.61,1012.56,1011.82
CN7,32G,2,4,3,1106,1401,1598,1745,840,1420,1298.34,2706,9835.2,10210.5,9895.29,9778.03,1013.13,1011.61,1012.56,1011.82
CN7,32G,2,4,4,1156,1418,1631,1844,840,1422,1279.99,2667,9835.2,10210.5,9895.29,9778.03,1013.13,1011.61,1012.56,1011.82
CN7,32G,2,4,5,1037,1418,1663,1811,762,1416,1297.27,2662,9835.2,10210.5,9895.29,9778.03,1013.13,1011.61,1012.56,1011.82
CN7,32G,2,8,1,1156,1385,1598,1745,892,1512,1279.92,2680,9835.2,10210.5,9895.29,9778.03,1013.13,1011.61,1012.56,1011.82
CN7,32G,2,8,2,1090,1418,1631,1827,792,1422,1292.48,2665,9835.2,10210.5,9895.29,9778.03,1013.13,1011.61,1012.56,1011.82
CN7,32G,2,8,3,1139,1450,1713,1975,814,1444,1282.85,2687,9835.2,10210.5,9895.29,9778.03,1013.13,1011.61,1012.56,1011.82
CN7,32G,2,8,4,1123,1450,1680,1811,804,1436,1286.02,2680,9835.2,10210.5,9895.29,9778.03,1013.13,1011.61,1012.56,1011.82
CN7,32G,2,8,5,1172,1418,1598,1729,904,1456,1293.40,2713,9835.2,10210.5,9895.29,9778.03,1013.13,1011.61,1012.56,1011.82
CN7,32G,2,16,1,1123,1434,1631,1893,830,1456,1293.30,2673,9835.2,10210.5,9895.29,9778.03,1013.13,1011.61,1012.56,1011.82
CN7,32G,2,16,2,1188,1483,1713,1827,824,1434,1274.78,2660,9835.2,10210.5,9895.29,9778.03,1013.13,1011.61,1012.56,1011.82
CN7,32G,2,16,3,1123,1401,1647,1876,826,1442,1290.17,2692,9835.2,10210.5,9895.29,9778.03,1013.13,1011.61,1012.56,1011.82
CN7,32G,2,16,4,1090,1450,1729,1942,790,1422,1289.82,2701,9835.2,10210.5,9895.29,9778.03,1013.13,1011.61,1012.56,1011.82
CN7,32G,2,16,5,1123,1450,1713,1942,788,1454,1289.75,2679,9835.2,10210.5,9895.29,9778.03,1013.13,1011.61,1012.56,1011.82
CN7,32G,2,32,1,1106,1401,1614,1795,772,1422,1285.93,2666,9835.2,10210.5,9895.29,9778.03,1013.13,1011.61,1012.56,1011.82
CN7,32G,2,32,2,1139,1418,1631,1975,840,1428,1287.94,2688,9835.2,10210.5,9895.29,9778.03,1013.13,1011.61,1012.56,1011.82
CN7,32G,2,32,3,1156,1450,1680,1926,788,1392,1261.23,2627,9835.2,10210.5,9895.29,9778.03,1013.13,1011.61,1012.56,1011.82
CN7,32G,2,32,4,1156,1401,1598,1827,922,1406,1280.00,2684,9835.2,10210.5,9895.29,9778.03,1013.13,1011.61,1012.56,1011.82
CN7,32G,2,32,5,1090,1434,1696,1876,794,1452,1298.85,2707,9835.2,10210.5,9895.29,9778.03,1013.13,1011.61,1012.56,1011.82
CN7,32G,2,64,1,1156,1483,1713,1909,754,1459,1233.55,2544,9835.2,10210.5,9895.29,9778.03,1013.13,1011.61,1012.56,1011.82
CN7,32G,2,64,2,1090,1418,1647,1811,788,1456,1294.42,2670,9835.2,10210.5,9895.29,9778.03,1013.13,1011.61,1012.56,1011.82
CN7,32G,2,64,3,1139,1418,1631,1844,828,1426,1283.07,2675,9835.2,10210.5,9895.29,9778.03,1013.13,1011.61,1012.56,1011.82
CN7,32G,2,64,4,1139,1418,1647,1827,844,1428,1278.91,2681,9835.2,10210.5,9895.29,9778.03,1013.13,1011.61,1012.56,1011.82
CN7,32G,2,64,5,1188,1450,1663,1876,896,1420,1256.11,2629,9835.2,10210.5,9895.29,9778.03,1013.13,1011.61,1012.56,1011.82
CN7,32G,4,1,1,1319,2769,5538,7570,1000,1502,1203.00,5022,9835.2,10210.5,9895.29,9778.03,1013.13,1011.61,1012.56,1011.82
CN7,32G,4,1,2,1663,3261,5932,7898,990,1518,1153.21,4802,9835.2,10210.5,9895.29,9778.03,1013.13,1011.61,1012.56,1011.82
CN7,32G,4,1,3,1450,2966,5604,8225,946,1480,1181.28,4939,9835.2,10210.5,9895.29,9778.03,1013.13,1011.61,1012.56,1011.82
CN7,32G,4,1,4,1500,3032,5735,8586,1020,1456,1172.18,4895,9835.2,10210.5,9895.29,9778.03,1013.13,1011.61,1012.56,1011.82
CN7,32G,4,1,5,1483,3163,6194,8848,954,1462,1156.69,4843,9835.2,10210.5,9895.29,9778.03,1013.13,1011.61,1012.56,1011.82
CN7,32G,4,2,1,1237,3884,13304,49546,550,1500,1086.96,4326,9835.2,10210.5,9895.29,9778.03,1013.13,1011.61,1012.56,1011.82
CN7,32G,4,2,2,1254,4080,13698,38536,678,1508,1093.49,4462,9835.2,10210.5,9895.29,9778.03,1013.13,1011.61,1012.56,1011.82
CN7,32G,4,2,3,1270,3785,13566,38011,708,1467,1075.87,4301,9835.2,10210.5,9895.29,9778.03,1013.13,1011.61,1012.56,1011.82
CN7,32G,4,2,4,1205,3359,13435,51643,680,1440,1097.70,4330,9835.2,10210.5,9895.29,9778.03,1013.13,1011.61,1012.56,1011.82
CN7,32G,4,2,5,1139,2999,13042,22676,740,1450,1152.62,4562,9835.2,10210.5,9895.29,9778.03,1013.13,1011.61,1012.56,1011.82
CN7,32G,4,4,1,1303,3064,6325,8848,932,1374,1124.55,4681,9835.2,10210.5,9895.29,9778.03,1013.13,1011.61,1012.56,1011.82
CN7,32G,4,4,2,1287,2573,6063,8717,902,1376,1118.48,4555,9835.2,10210.5,9895.29,9778.03,1013.13,1011.61,1012.56,1011.82
CN7,32G,4,4,3,1287,2868,5932,9241,930,1384,1132.38,4699,9835.2,10210.5,9895.29,9778.03,1013.13,1011.61,1012.56,1011.82
CN7,32G,4,4,4,1303,2966,6063,8586,930,1350,1116.42,4598,9835.2,10210.5,9895.29,9778.03,1013.13,1011.61,1012.56,1011.82
CN7,32G,4,4,5,1336,3261,6325,8029,940,1344,1106.55,4618,9835.2,10210.5,9895.29,9778.03,1013.13,1011.61,1012.56,1011.82
CN7,32G,4,8,1,1352,3523,7111,10028,866,1386,1103.91,4584,9835.2,10210.5,9895.29,9778.03,1013.13,1011.61,1012.56,1011.82
CN7,32G,4,8,2,1467,4113,7832,11469,876,1352,1069.10,4412,9835.2,10210.5,9895.29,9778.03,1013.13,1011.61,1012.56,1011.82
CN7,32G,4,8,3,1434,4047,7832,10945,896,1390,1078.89,4466,9835.2,10210.5,9895.29,9778.03,1013.13,1011.61,1012.56,1011.82
CN7,32G,4,8,4,1401,3949,7570,10552,894,1390,1088.21,4489,9835.2,10210.5,9895.29,9778.03,1013.13,1011.61,1012.56,1011.82
CN7,32G,4,8,5,1352,3228,6915,10028,872,1390,1110.30,4567,9835.2,10210.5,9895.29,9778.03,1013.13,1011.61,1012.56,1011.82
CN7,32G,4,16,1,1483,4293,7767,11207,878,1324,1068.26,4462,9835.2,10210.5,9895.29,9778.03,1013.13,1011.61,1012.56,1011.82
CN7,32G,4,16,2,1500,4424,7701,10159,874,1388,1062.36,4443,9835.2,10210.5,9895.29,9778.03,1013.13,1011.61,1012.56,1011.82
CN7,32G,4,16,3,1516,4359,8094,10290,862,1350,1049.11,4388,9835.2,10210.5,9895.29,9778.03,1013.13,1011.61,1012.56,1011.82
CN7,32G,4,16,4,1532,4490,8225,11076,894,1374,1058.63,4408,9835.2,10210.5,9895.29,9778.03,1013.13,1011.61,1012.56,1011.82
CN7,32G,4,16,5,1500,4293,7898,11338,850,1336,1053.76,4298,9835.2,10210.5,9895.29,9778.03,1013.13,1011.61,1012.56,1011.82
CN7,32G,4,32,1,1647,4686,8225,10945,872,1350,1028.66,4260,9835.2,10210.5,9895.29,9778.03,1013.13,1011.61,1012.56,1011.82
CN7,32G,4,32,2,1483,4293,8160,11076,860,1361,1052.87,4330,9835.2,10210.5,9895.29,9778.03,1013.13,1011.61,1012.56,1011.82
CN7,32G,4,32,3,1631,4817,8586,11076,868,1338,1036.95,4326,9835.2,10210.5,9895.29,9778.03,1013.13,1011.61,1012.56,1011.82
CN7,32G,4,32,4,1647,4686,8094,11076,868,1332,1036.89,4329,9835.2,10210.5,9895.29,9778.03,1013.13,1011.61,1012.56,1011.82
CN7,32G,4,32,5,1565,4555,8029,10552,804,1356,1043.86,4348,9835.2,10210.5,9895.29,9778.03,1013.13,1011.61,1012.56,1011.82
CN7,32G,4,64,1,1631,5211,8979,12125,830,1376,1008.51,4125,9835.2,10210.5,9895.29,9778.03,1013.13,1011.61,1012.56,1011.82
CN7,32G,4,64,2,1647,4948,8291,12780,856,1358,1019.26,4224,9835.2,10210.5,9895.29,9778.03,1013.13,1011.61,1012.56,1011.82
CN7,32G,4,64,3,1795,5407,9372,12518,834,1356,992.04,4116,9835.2,10210.5,9895.29,9778.03,1013.13,1011.61,1012.56,1011.82
CN7,32G,4,64,4,1713,5014,8586,11338,872,1324,1009.20,4178,9835.2,10210.5,9895.29,9778.03,1013.13,1011.61,1012.56,1011.82
CN7,32G,4,64,5,1713,5276,9241,12387,808,1324,1005.16,4164,9835.2,10210.5,9895.29,9778.03,1013.13,1011.61,1012.56,1011.82
CN7,32G,8,1,1,5276,7439,10159,12387,476,1298,561.55,4694,9835.2,10210.5,9895.29,9778.03,1013.13,1011.61,1012.56,1011.82
CN7,32G,8,1,2,5211,7373,10159,12256,476,1366,560.48,4688,9835.2,10210.5,9895.29,9778.03,1013.13,1011.61,1012.56,1011.82
CN7,32G,8,1,3,5473,7832,10814,12649,462,1358,543.21,4530,9835.2,10210.5,9895.29,9778.03,1013.13,1011.61,1012.56,1011.82
CN7,32G,8,1,4,5276,7439,10290,12387,482,1378,560.46,4681,9835.2,10210.5,9895.29,9778.03,1013.13,1011.61,1012.56,1011.82
CN7,32G,8,1,5,5211,7373,10028,12125,484,1374,561.86,4693,9835.2,10210.5,9895.29,9778.03,1013.13,1011.61,1012.56,1011.82
CN7,32G,8,2,1,5997,8586,11469,13829,442,1270,529.63,4427,9835.2,10210.5,9895.29,9778.03,1013.13,1011.61,1012.56,1011.82
CN7,32G,8,2,2,5866,8291,11076,13698,458,1298,536.50,4482,9835.2,10210.5,9895.29,9778.03,1013.13,1011.61,1012.56,1011.82
CN7,32G,8,2,3,5932,8586,11600,14091,448,1314,532.41,4450,9835.2,10210.5,9895.29,9778.03,1013.13,1011.61,1012.56,1011.82
CN7,32G,8,2,4,6063,8586,11731,13960,442,1272,522.15,4369,9835.2,10210.5,9895.29,9778.03,1013.13,1011.61,1012.56,1011.82
CN7,32G,8,2,5,5997,8586,11731,14091,448,1314,529.83,4427,9835.2,10210.5,9895.29,9778.03,1013.13,1011.61,1012.56,1011.82
CN7,32G,8,4,1,7177,10290,13698,16909,440,1206,522.12,4349,9835.2,10210.5,9895.29,9778.03,1013.13,1011.61,1012.56,1011.82
CN7,32G,8,4,2,7177,10159,13042,15270,426,1218,525.31,4372,9835.2,10210.5,9895.29,9778.03,1013.13,1011.61,1012.56,1011.82
CN7,32G,8,4,3,7308,10421,13829,17171,420,1232,524.18,4384,9835.2,10210.5,9895.29,9778.03,1013.13,1011.61,1012.56,1011.82
CN7,32G,8,4,4,7308,10290,13304,15795,434,1226,524.37,4381,9835.2,10210.5,9895.29,9778.03,1013.13,1011.61,1012.56,1011.82
CN7,32G,8,4,5,7242,10290,13566,15795,448,1234,527.93,4410,9835.2,10210.5,9895.29,9778.03,1013.13,1011.61,1012.56,1011.82
CN7,32G,8,8,1,7701,10814,14484,17433,442,1202,508.93,4249,9835.2,10210.5,9895.29,9778.03,1013.13,1011.61,1012.56,1011.82
CN7,32G,8,8,2,7832,10945,14353,17433,428,1246,503.81,4213,9835.2,10210.5,9895.29,9778.03,1013.13,1011.61,1012.56,1011.82
CN7,32G,8,8,3,7701,10814,14222,17695,422,1213,510.61,4265,9835.2,10210.5,9895.29,9778.03,1013.13,1011.61,1012.56,1011.82
CN7,32G,8,8,4,7570,10683,13960,16450,434,1246,509.05,4245,9835.2,10210.5,9895.29,9778.03,1013.13,1011.61,1012.56,1011.82
CN7,32G,8,8,5,7767,10945,14222,16909,438,1200,510.15,4269,9835.2,10210.5,9895.29,9778.03,1013.13,1011.61,1012.56,1011.82
CN7,32G,8,16,1,8029,11076,14484,17433,424,1202,497.19,4152,9835.2,10210.5,9895.29,9778.03,1013.13,1011.61,1012.56,1011.82
CN7,32G,8,16,2,8029,11207,14615,17695,432,1196,497.77,4144,9835.2,10210.5,9895.29,9778.03,1013.13,1011.61,1012.56,1011.82
CN7,32G,8,16,3,8029,11338,14877,17957,426,1186,497.07,4157,9835.2,10210.5,9895.29,9778.03,1013.13,1011.61,1012.56,1011.82
CN7,32G,8,16,4,7898,11076,14353,17433,418,1218,499.96,4184,9835.2,10210.5,9895.29,9778.03,1013.13,1011.61,1012.56,1011.82
CN7,32G,8,16,5,8094,11469,15008,17957,414,1188,491.36,4095,9835.2,10210.5,9895.29,9778.03,1013.13,1011.61,1012.56,1011.82
CN7,32G,8,32,1,8455,11863,15795,19006,406,1118,480.20,4018,9835.2,10210.5,9895.29,9778.03,1013.13,1011.61,1012.56,1011.82
CN7,32G,8,32,2,8160,11338,14746,17171,412,1132,485.34,4058,9835.2,10210.5,9895.29,9778.03,1013.13,1011.61,1012.56,1011.82
CN7,32G,8,32,3,8160,11600,15270,18220,418,1110,488.50,4080,9835.2,10210.5,9895.29,9778.03,1013.13,1011.61,1012.56,1011.82
CN7,32G,8,32,4,8291,11469,15008,18482,403,1154,489.14,4082,9835.2,10210.5,9895.29,9778.03,1013.13,1011.61,1012.56,1011.82
CN7,32G,8,32,5,8356,11731,15270,19792,416,1122,484.05,4059,9835.2,10210.5,9895.29,9778.03,1013.13,1011.61,1012.56,1011.82
CN7,32G,8,64,1,8586,11994,15795,20055,390,1126,472.92,3960,9835.2,10210.5,9895.29,9778.03,1013.13,1011.61,1012.56,1011.82
CN7,32G,8,64,2,8586,11994,15533,18220,422,1138,480.49,4020,9835.2,10210.5,9895.29,9778.03,1013.13,1011.61,1012.56,1011.82
CN7,32G,8,64,3,8586,12125,16188,20055,400,1130,473.74,3959,9835.2,10210.5,9895.29,9778.03,1013.13,1011.61,1012.56,1011.82
CN7,32G,8,64,4,8586,12125,15664,18482,384,1109,473.26,3960,9835.2,10210.5,9895.29,9778.03,1013.13,1011.61,1012.56,1011.82
CN7,32G,8,64,5,8291,11731,15533,17957,412,1284,483.25,4041,9835.2,10210.5,9895.29,9778.03,1013.13,1011.61,1012.56,1011.82
CN7,32G,16,1,1,8848,11338,14091,16319,220,866,262.33,4383,9835.2,10210.5,9895.29,9778.03,1013.13,1011.61,1012.56,1011.82
CN7,32G,16,1,2,8848,11338,14222,17433,222,884,261.00,4366,9835.2,10210.5,9895.29,9778.03,1013.13,1011.61,1012.56,1011.82
CN7,32G,16,1,3,8979,11469,14222,16319,218,864,260.59,4355,9835.2,10210.5,9895.29,9778.03,1013.13,1011.61,1012.56,1011.82
CN7,32G,16,1,4,8848,11338,14091,16581,216,840,262.42,4384,9835.2,10210.5,9895.29,9778.03,1013.13,1011.61,1012.56,1011.82
CN7,32G,16,1,5,8717,11207,13960,16057,214,926,263.87,4404,9835.2,10210.5,9895.29,9778.03,1013.13,1011.61,1012.56,1011.82
CN7,32G,16,2,1,10814,13566,16581,19006,210,850,252.07,4222,9835.2,10210.5,9895.29,9778.03,1013.13,1011.61,1012.56,1011.82
CN7,32G,16,2,2,10814,13435,16450,19006,210,924,252.89,4227,9835.2,10210.5,9895.29,9778.03,1013.13,1011.61,1012.56,1011.82
CN7,32G,16,2,3,10814,13435,16712,19268,215,902,252.97,4234,9835.2,10210.5,9895.29,9778.03,1013.13,1011.61,1012.56,1011.82
CN7,32G,16,2,4,10945,13566,16581,19530,216,970,250.15,4194,9835.2,10210.5,9895.29,9778.03,1013.13,1011.61,1012.56,1011.82
CN7,32G,16,2,5,10683,13304,16450,19006,216,894,251.10,4199,9835.2,10210.5,9895.29,9778.03,1013.13,1011.61,1012.56,1011.82
CN7,32G,16,4,1,15139,19006,22938,26346,208,866,247.26,4145,9835.2,10210.5,9895.29,9778.03,1013.13,1011.61,1012.56,1011.82
CN7,32G,16,4,2,15139,19006,22676,25560,208,838,248.27,4160,9835.2,10210.5,9895.29,9778.03,1013.13,1011.61,1012.56,1011.82
CN7,32G,16,4,3,14877,18744,22938,26346,212,838,247.07,4138,9835.2,10210.5,9895.29,9778.03,1013.13,1011.61,1012.56,1011.82
CN7,32G,16,4,4,14615,18482,22414,25560,216,856,249.31,4179,9835.2,10210.5,9895.29,9778.03,1013.13,1011.61,1012.56,1011.82
CN7,32G,16,4,5,15795,19792,23725,26870,210,818,247.72,4155,9835.2,10210.5,9895.29,9778.03,1013.13,1011.61,1012.56,1011.82
CN7,32G,16,8,1,15533,19530,23462,26870,208,882,243.03,4075,9835.2,10210.5,9895.29,9778.03,1013.13,1011.61,1012.56,1011.82
CN7,32G,16,8,2,15664,19530,23725,27132,207,868,241.14,4038,9835.2,10210.5,9895.29,9778.03,1013.13,1011.61,1012.56,1011.82
CN7,32G,16,8,3,15270,19268,23200,26084,207,902,241.51,4049,9835.2,10210.5,9895.29,9778.03,1013.13,1011.61,1012.56,1011.82
CN7,32G,16,8,4,15401,19530,23462,26870,208,824,239.68,4016,9835.2,10210.5,9895.29,9778.03,1013.13,1011.61,1012.56,1011.82
CN7,32G,16,8,5,15533,19530,23987,26870,206,856,239.48,4016,9835.2,10210.5,9895.29,9778.03,1013.13,1011.61,1012.56,1011.82
CN7,32G,16,16,1,16057,20317,24773,28443,206,848,236.19,3961,9835.2,10210.5,9895.29,9778.03,1013.13,1011.61,1012.56,1011.82
CN7,32G,16,16,2,15926,20055,24511,28443,200,792,236.87,3971,9835.2,10210.5,9895.29,9778.03,1013.13,1011.61,1012.56,1011.82
CN7,32G,16,16,3,15401,19530,23462,26870,204,912,235.43,3945,9835.2,10210.5,9895.29,9778.03,1013.13,1011.61,1012.56,1011.82
CN7,32G,16,16,4,15926,20317,24511,28181,202,860,236.49,3964,9835.2,10210.5,9895.29,9778.03,1013.13,1011.61,1012.56,1011.82
CN7,32G,16,16,5,15401,19530,23987,27395,202,824,236.75,3969,9835.2,10210.5,9895.29,9778.03,1013.13,1011.61,1012.56,1011.82
CN7,32G,16,32,1,16450,20841,25560,30802,184,734,233.99,3921,9835.2,10210.5,9895.29,9778.03,1013.13,1011.61,1012.56,1011.82
CN7,32G,16,32,2,16188,20579,25035,28181,202,770,231.91,3890,9835.2,10210.5,9895.29,9778.03,1013.13,1011.61,1012.56,1011.82
CN7,32G,16,32,3,16319,20841,25560,28967,203,770,233.57,3917,9835.2,10210.5,9895.29,9778.03,1013.13,1011.61,1012.56,1011.82
CN7,32G,16,32,4,16188,20579,24773,29230,200,694,232.79,3900,9835.2,10210.5,9895.29,9778.03,1013.13,1011.61,1012.56,1011.82
CN7,32G,16,32,5,16188,20579,25297,29492,206,720,233.14,3909,9835.2,10210.5,9895.29,9778.03,1013.13,1011.61,1012.56,1011.82
CN7,32G,16,64,1,16319,20579,24773,29230,198,602,231.96,3890,9835.2,10210.5,9895.29,9778.03,1013.13,1011.61,1012.56,1011.82
CN7,32G,16,64,2,16057,20317,24773,28181,200,626,231.52,3881,9835.2,10210.5,9895.29,9778.03,1013.13,1011.61,1012.56,1011.82
CN7,32G,16,64,3,16450,20841,25297,29754,188,542,231.44,3877,9835.2,10210.5,9895.29,9778.03,1013.13,1011.61,1012.56,1011.82
CN7,32G,16,64,4,16319,20841,25560,29492,200,550,229.52,3847,9835.2,10210.5,9895.29,9778.03,1013.13,1011.61,1012.56,1011.82
CN7,32G,16,64,5,16712,21103,25560,30278,190,556,230.15,3858,9835.2,10210.5,9895.29,9778.03,1013.13,1011.61,1012.56,1011.82
