1022-1040
CN9,4G,1,12,1,791,1106,1598,3982,1362,1538,1437.40,1504,2245.94,2259.6,2261.27,2242.72,235.02,234.51,233.21,235.81,2222.26,2226.97,2261.83,2221.41,234.69,236.11,233.15,236.32,2214.78,2220.7,2159.11,2232.22,235.11,235.32,234.39,235.06
CN9,4G,1,12,2,832,1139,1762,2147,1292,1494,1412.80,1497,1872.09,1916.94,1909.09,1851.33,198.53,198.69,198.74,197.08,1822.54,1832.08,1870.97,1825.38,196.73,198.56,197.44,198.17,1857.53,1853.32,1798.09,1878.19,199.0,198.42,197.14,199.22
CN9,4G,1,12,3,824,1139,1680,1893,1294,1546,1431.20,1511,1865.95,1865.66,1856.52,1883.05,197.47,196.99,197.1,196.97,1844.74,1820.94,1883.88,1835.84,198.44,198.79,197.37,197.96,1889.96,1871.46,1797.52,1934.76,198.35,198.97,198.14,200.1
CN9,4G,1,12,4,807,1012,1745,1860,1352,1530,1426.80,1500,1902.95,1858.23,1844.95,1889.33,198.25,198.02,196.93,197.23,1827.88,1833.65,1839.31,1834.27,198.46,198.92,196.89,197.55,1893.67,1845.89,1785.81,1850.76,198.65,198.0,197.23,197.83
CN9,4G,1,12,5,807,1090,1680,1893,1318,1508,1424.00,1495,1847.67,1871.09,1849.38,1883.9,198.67,198.92,197.47,197.94,1865.88,1843.8,1854.6,1854.41,198.27,199.19,198.41,198.71,1842.53,1859.18,1786.81,1890.9,197.53,199.22,197.56,199.13
CN9,4G,2,12,1,848,1004,1827,4228,1234,1398,1348.00,2871,4389.78,4319.32,4448.32,4411.15,466.57,456.36,466.84,462.93,4318.2,4404.1,3839.86,4904.65,465.37,471.5,401.57,520.83,3699.25,3736.89,3689.52,3814.05,392.56,399.73,399.85,403.59
CN9,4G,2,12,2,881,1106,1713,2180,1180,1498,1370.91,2830,4304.61,4375.94,4439.11,4326.89,458.52,465.41,467.13,456.99,4225.53,4391.1,4374.7,4335.15,457.27,469.41,463.99,459.15,3692.39,3722.89,3637.95,3711.77,392.9,398.99,400.07,393.67
CN9,4G,2,12,3,898,1106,1844,2212,1192,1448,1338.75,2784,3682.96,3681.1,3799.1,3751.2,391.3,398.21,396.95,399.11,3682.6,3720.52,3679.03,3742.56,391.67,403.33,390.89,400.2,3284.72,3191.79,3189.46,3322.8,349.21,342.83,345.35,348.86
CN9,4G,2,12,4,865,1020,1745,2114,1292,1410,1357.00,2843,3722.96,3669.1,3760.96,3768.49,398.47,398.43,394.83,396.43,3160.32,3751.81,4170.89,3746.85,342.5,402.77,442.77,399.1,3246.22,3269.41,3226.09,3352.93,343.61,350.73,349.55,351.24
CN9,4G,2,12,5,873,1090,1680,1844,1240,1446,1357.45,2840,3697.39,3763.82,3794.82,3736.35,393.07,398.57,402.82,398.08,3736.32,3767.24,3741.18,3659.29,400.0,403.9,398.98,392.82,3253.98,3238.79,3089.47,3285.68,348.17,348.06,341.02,348.39
CN9,4G,4,12,1,979,1156,1680,2311,1178,1346,1286.96,5263,6622.11,6642.96,6539.25,6708.49,789.85,788.54,783.67,790.55,6675.7,6596.17,6731.29,6686.84,789.18,787.67,786.53,790.11,6084.01,6178.63,5942.32,6100.43,688.04,686.29,689.65,688.05
CN9,4G,4,12,2,996,1172,1663,2376,1172,1344,1269.25,5145,6646.69,6227.11,6651.54,6618.93,788.85,740.41,789.73,788.52,6614.91,7048.25,6754.91,6727.44,789.86,837.78,789.26,790.54,6140.11,6197.55,5945.85,6309.32,692.06,687.38,691.98,694.25
CN9,4G,4,12,3,996,1188,1975,2311,1136,1346,1272.75,5312,7697.15,7660.97,7806.31,7718.76,922.09,919.83,924.16,919.98,6569.77,6583.4,6664.35,6613.59,788.35,789.18,789.63,790.85,6845.71,6958.93,6788.27,6959.08,790.19,792.59,789.99,787.2
CN9,4G,4,12,4,1004,1221,1713,1926,1186,1346,1279.29,5289,6647.42,6668.13,6623.28,6597.52,790.9,789.82,790.79,786.33,6904.35,6806.41,7092.64,7084.03,789.07,786.63,790.96,795.86,5736.25,5908.82,5652.99,5767.58,689.69,691.31,682.03,690.22
CN9,4G,4,12,5,988,1254,1680,2147,1206,1336,1291.71,5406,6633.43,6695.71,6724.85,6611.81,789.65,789.29,791.0,781.48,6672.36,6581.85,6684.08,7014.89,789.55,788.18,787.7,840.56,5719.16,5761.94,5722.88,5467.61,688.79,687.86,688.23,644.26
CN9,4G,8,12,1,1188,18744,32375,45876,384,1316,797.54,6442,8577.62,9033.96,8562.07,8718.49,1003.19,1034.67,1006.45,1031.3,8015.14,8292.45,8333.96,8079.76,968.56,1000.38,999.92,971.53,7570.41,7548.81,7566.22,7573.87,913.75,914.07,914.22,915.09
CN9,4G,8,12,2,1287,26870,50594,71828,308,1308,647.95,5242,9107.52,9104.92,9050.52,8851.09,1100.68,1100.95,1100.48,1066.73,9048.97,9104.21,8810.77,8770.54,1098.86,1101.69,1067.35,1066.65,9226.23,9433.08,9317.62,9178.39,1101.68,1136.08,1128.72,1102.25
CN9,4G,8,12,3,1188,31589,33162,33817,414,1368,795.53,6501,9317.92,9315.04,9179.29,9118.25,1110.4,1101.4,1092.98,1093.03,9066.03,8952.99,8994.06,8910.7,1091.9,1078.73,1082.9,1081.35,9357.49,9719.55,9269.7,9600.89,1119.23,1136.16,1111.67,1148.76
CN9,4G,8,12,4,1467,26346,57934,74974,284,1340,614.75,4953,9138.75,9342.49,9145.56,8828.96,1099.64,1131.95,1099.98,1062.87,9206.8,9371.74,9000.8,9125.27,1095.13,1104.86,1075.39,1074.93,8046.68,8349.46,8344.95,8420.56,968.28,1000.86,1001.84,1001.47
CN9,4G,8,12,5,2073,26084,44827,52167,276,1328,619.16,4890,8624.42,8542.87,8312.96,8647.39,1033.3,1032.6,1000.43,1031.62,7586.27,9119.92,7861.31,8585.86,874.27,1065.33,938.0,1031.28,7603.14,7648.35,7589.38,7565.94,914.8,918.02,916.74,916.52
CN9,4G,16,12,1,26346,53740,88605,132645,120,1102,290.94,4485,9860.3,9506.04,9636.72,9479.6,1193.16,1156.2,1174.38,1156.3,9660.87,9587.26,9431.75,9374.12,1129.03,1132.57,1127.92,1131.48,9401.73,9656.28,9480.14,9612.18,1137.32,1174.42,1154.76,1157.34
CN9,4G,16,12,2,25035,62129,94897,120062,108,1094,268.65,4293,9538.49,9732.09,9535.98,9556.9,1140.1,1174.36,1141.43,1156.4,9682.39,9420.73,9722.66,9591.91,1173.98,1138.77,1174.18,1172.2,9063.5,9238.09,9113.14,9053.84,1081.21,1115.79,1097.63,1081.77
CN9,4G,16,12,3,24511,58983,88605,116917,100,1108,274.86,4108,9205.17,9096.0,9114.16,9289.81,1113.67,1112.41,1113.13,1130.12,8780.91,9040.18,8841.62,8913.85,1016.87,1033.6,1033.42,1049.74,8556.08,8602.17,8707.07,8658.81,1027.63,1043.64,1043.03,1043.28
CN9,4G,16,12,4,26608,62129,91751,119014,104,1062,267.71,4302,9240.08,8994.35,8876.2,8985.32,1116.19,1095.22,1077.55,1081.51,9264.6,9343.92,9477.45,9321.29,1100.59,1102.79,1118.41,1117.84,9174.76,9025.55,8639.9,9174.69,1113.48,1095.53,1044.6,1112.93
CN9,4G,16,12,5,28443,62129,86508,96994,1116,264.64,4206,,9227.0,9142.11,8973.3,9029.51,1101.23,1100.12,1081.18,1082.65,9109.54,9010.27,9210.56,8785.14,1098.34,1096.94,1099.77,1063.24,9602.78,9487.1,9619.15,9380.49,1117.66,1117.55,1133.46,1099.28
CN9,8G,1,12,1,734,799,1663,1827,1344,1522,1478.45,1551,2974.46,2994.67,2957.56,2874.31,311.56,309.96,311.67,310.3,2985.07,2979.56,2877.4,2994.15,313.5,310.76,311.11,312.29,2934.02,2937.08,2938.46,2947.75,310.27,312.25,310.62,312.3
CN9,8G,1,12,2,783,979,1729,1893,1298,1546,1454.09,1523,2941.35,2894.57,2985.68,2853.2,310.32,310.03,311.03,310.89,2917.07,2992.01,2912.29,2945.49,310.65,312.46,311.59,310.74,2904.13,2898.3,2924.01,2964.42,309.44,310.67,310.54,311.21
CN9,8G,1,12,3,742,988,1729,1860,1304,1542,1470.00,1542,2898.35,2896.68,3006.12,2879.31,310.14,309.94,309.85,310.39,2894.3,2992.46,2926.96,2893.6,311.32,310.05,308.99,311.39,2932.25,2924.53,2928.79,2919.09,309.01,310.94,310.41,310.62
CN9,8G,1,12,4,799,1037,1614,1975,1212,1499,1411.27,1482,2639.12,2612.41,2661.81,2640.78,279.89,278.59,279.41,279.85,2608.47,2632.21,2627.77,2674.64,279.78,278.49,279.68,283.07,2670.52,2680.18,2615.72,2727.09,279.25,281.63,279.94,279.79
CN9,8G,1,12,5,799,1045,1713,2024,1308,1508,1432.91,1494,2578.92,2541.42,2579.62,2625.39,273.28,274.67,279.92,279.72,2598.57,2635.72,2653.77,2620.14,279.02,278.72,279.73,279.89,2630.43,2640.98,2617.62,2650.89,279.54,278.93,279.52,278.68
CN9,8G,2,12,1,840,996,1860,19792,1134,1490,1378.64,2887,5880.36,5839.3,5788.96,5810.98,617.79,616.68,616.8,617.32,5801.86,5867.46,5971.19,6037.05,613.39,614.84,618.77,630.9,5299.63,5269.28,5326.22,5564.79,554.7,556.14,555.5,557.5
CN9,8G,2,12,2,799,971,1565,1827,1166,1496,1420.91,2965,5264.13,5300.92,5273.42,5217.99,552.05,559.33,555.31,556.64,5198.68,5237.12,5258.78,5219.25,553.68,554.93,555.55,557.99,5217.34,5138.89,5215.83,5240.4,553.99,553.75,554.33,554.6
CN9,8G,2,12,3,816,963,1631,1860,1234,1508,1393.68,2909,5298.14,5188.83,5285.23,5281.6,556.01,556.36,556.16,559.53,5338.32,5202.26,5231.63,5195.64,553.97,554.44,554.51,553.86,5279.64,5104.8,5420.03,5204.7,555.32,554.61,555.49,556.26
CN9,8G,2,12,4,848,996,1598,1811,1160,1472,1380.18,2871,5882.6,5747.38,5910.38,5786.68,619.32,617.69,615.93,618.04,6003.99,5758.82,5887.11,5784.85,616.38,614.2,618.58,618.16,5230.75,5140.8,5263.24,5209.41,554.84,555.29,557.32,553.87
CN9,8G,2,12,5,848,1020,1647,1926,1218,1464,1365.18,2873,5291.15,5304.24,5277.44,5256.91,556.95,559.7,553.09,558.17,5338.8,5120.84,5324.7,5253.47,555.37,555.0,555.16,557.08,5243.06,5263.61,5188.55,5355.72,554.43,557.3,552.53,557.64
CN9,8G,4,12,1,971,1172,1598,2278,1226,1372,1310.98,5486,9172.22,9316.77,9196.19,8985.77,1108.29,1120.58,1105.43,1085.44,9141.51,9011.85,8992.61,9124.58,1073.27,1070.47,1051.13,1071.33,9275.6,9084.89,9328.63,9103.62,1093.51,1094.38,1101.45,1098.39
CN9,8G,4,12,2,1004,1647,25822,46400,576,1390,1144.07,4682,8985.57,9151.06,8954.26,9020.83,1047.61,1086.86,1069.02,1076.9,8417.83,8553.06,8320.29,8189.3,1001.07,1002.12,999.26,943.25,8412.89,8410.12,8313.24,8341.67,1000.23,1001.75,1000.63,1002.65
CN9,8G,4,12,3,1020,2073,22676,32375,652,1364,1140.54,4560,8249.67,8693.32,9102.37,8222.79,938.62,1004.33,1065.46,943.57,7626.67,8210.02,7727.58,7737.52,915.77,974.04,916.12,913.4,8104.41,8023.87,8127.4,7420.96,921.5,922.15,975.65,859.43
CN9,8G,4,12,4,963,1139,1631,3097,1198,1370,1300.42,5368,9160.68,9072.73,9206.61,9111.15,1100.46,1100.01,1101.54,1100.76,9165.95,9248.6,9340.73,9253.44,1098.44,1100.05,1101.37,1103.02,9298.93,9179.86,9042.99,9137.33,1101.54,1100.45,1093.28,1096.29
CN9,8G,4,12,5,1004,1221,1614,1975,1218,1328,1286.44,5347,9536.68,9179.56,9693.67,9325.53,1148.51,1111.66,1172.77,1124.49,9306.24,9368.52,9389.93,9384.13,1100.55,1102.94,1100.24,1104.59,9087.01,9080.43,9027.2,9084.09,1099.53,1098.81,1099.64,1101.38
CN9,8G,8,12,1,1303,25297,26084,27132,480,1326,676.84,5605,10213.14,10142.39,10256.32,10070.62,1240.56,1239.59,1249.99,1230.41,10574.16,10365.72,10450.04,10341.32,1291.91,1269.02,1270.72,1263.09,10415.96,10501.58,10372.25,10638.76,1252.41,1273.65,1263.98,1286.61
CN9,8G,8,12,2,4146,24249,47973,68682,335,1336,609.40,5002,10060.15,9999.09,9867.51,9716.45,1221.93,1221.23,1204.43,1182.09,10116.79,9973.74,10318.71,9961.23,1220.07,1218.24,1258.0,1219.67,9451.12,9440.05,9715.94,9222.11,1152.86,1155.29,1190.79,1119.5
CN9,8G,8,12,3,5211,30278,47973,66847,276,1342,549.44,4474,9832.6,10099.1,10211.71,9994.47,1184.17,1222.03,1236.52,1220.28,9763.79,9818.65,9794.57,9678.56,1159.12,1160.0,1160.9,1158.8,9560.57,9586.28,9515.09,9601.5,1156.39,1158.58,1156.75,1157.64
CN9,8G,8,12,4,6128,30278,41681,60556,254,1328,535.98,4364,9567.08,9471.33,9471.3,9441.78,1155.85,1155.95,1155.61,1155.02,9284.08,9275.82,9146.32,9222.77,1100.85,1101.59,1099.62,1101.78,9756.52,9486.26,9135.67,9358.95,1135.87,1103.39,1069.35,1102.22
CN9,8G,8,12,5,4555,23987,42730,90702,342,1334,597.31,4939,9826.35,9737.44,9603.92,9769.91,1169.37,1173.4,1159.79,1179.03,10140.73,9961.01,9865.68,9974.6,1220.3,1210.48,1191.49,1208.11,10081.52,10218.39,9973.01,10099.32,1205.57,1217.54,1199.84,1212.44
CN9,8G,16,12,1,23200,60031,100140,121111,124,1150,276.76,4431,10187.6,10438.6,10438.93,10453.94,1235.35,1273.32,1273.22,1274.08,10517.52,10212.3,10204.69,10057.06,1290.04,1252.43,1252.43,1233.02,9855.74,9649.14,9951.06,9957.09,1199.82,1180.46,1217.05,1217.99
CN9,8G,16,12,2,24773,64226,110625,143655,1048,267.14,4307,,9982.83,10105.57,9487.96,9945.13,1218.57,1236.63,1160.2,1216.61,10093.64,9953.96,9783.7,9933.4,1236.94,1217.61,1198.05,1216.89,9623.8,10020.85,9563.12,10028.96,1166.85,1223.06,1166.9,1222.21
CN9,8G,16,12,3,20579,62653,105382,139461,106,1235,284.98,4534,10699.85,10628.66,10716.96,10228.09,1293.76,1292.71,1310.99,1251.03,10559.37,10751.22,10506.19,10518.68,1290.23,1311.07,1289.07,1289.38,10591.28,10544.82,10542.77,10563.28,1290.65,1289.61,1290.77,1290.89
CN9,8G,16,12,4,18482,55313,96994,117965,1106,291.11,4526,,9960.83,10116.99,10076.02,10409.76,1214.14,1232.93,1232.81,1272.64,10400.45,10416.81,10398.65,10238.0,1274.25,1274.12,1273.9,1253.81,9579.03,9846.52,9577.85,9844.15,1162.64,1198.48,1162.32,1198.29
CN9,8G,16,12,5,20841,53216,100140,143655,1130,268.19,4327,,9830.89,9962.33,10048.54,10093.79,1200.18,1217.49,1219.42,1237.59,10090.6,9785.97,9929.19,10081.57,1236.51,1198.28,1217.5,1236.51,9815.47,10107.56,9967.11,9815.71,1199.27,1237.28,1219.13,1199.44
CN9,16G,1,12,1,766,881,1450,1860,1346,1526,1451.91,1523,3584.96,3508.83,3513.76,3472.74,375.29,370.5,373.36,371.1,3306.69,3326.9,3278.94,3290.29,348.18,347.6,347.62,348.53,3254.16,3217.44,3281.21,3287.26,346.19,345.49,346.86,345.99
CN9,16G,1,12,2,734,775,1172,1827,1320,1520,1469.05,1540,3530.1,3505.96,3475.76,3484.34,370.14,370.64,370.79,370.16,3499.41,3530.23,3481.6,3517.98,370.44,369.87,370.64,370.32,3238.66,3280.76,3340.03,3234.76,348.75,346.85,346.96,347.15
CN9,16G,1,12,3,742,865,1369,1893,1324,1524,1465.05,1536,3566.64,3444.43,3462.03,3521.55,370.3,369.37,369.54,371.12,3535.68,3559.04,3456.21,3551.45,370.7,369.99,369.53,370.67,3360.35,3264.39,3262.41,3250.52,351.62,347.13,346.52,346.51
CN9,16G,1,12,4,750,857,1303,1893,1320,1560,1471.09,1543,3850.47,3640.97,3853.26,3796.52,397.85,397.02,398.96,401.21,3520.28,3592.97,3400.21,3489.46,370.62,371.84,370.44,370.49,3492.18,3508.95,3498.04,3463.95,370.94,369.86,369.72,372.78
CN9,16G,1,12,5,758,881,1369,1909,1338,1574,1467.45,1537,3527.58,3399.18,3571.04,3510.95,369.72,369.42,369.68,372.12,3326.77,3322.86,3208.39,3273.87,347.2,348.07,346.5,347.43,3271.11,3258.52,3327.1,3215.65,346.3,347.14,348.07,347.31
CN9,16G,2,12,1,840,955,1287,1811,1176,1496,1384.46,2889,6683.73,6468.73,6607.17,7409.52,697.29,693.59,693.49,782.88,5727.27,6686.61,6552.89,6580.19,604.85,694.27,693.67,695.96,6554.93,6564.46,6615.61,6573.21,695.79,695.98,694.21,698.44
CN9,16G,2,12,2,816,938,1221,1795,1274,1526,1398.00,2901,7210.84,6981.67,7186.72,7029.54,739.4,740.95,740.14,739.89,7001.03,7075.33,7025.96,6977.94,738.99,740.48,740.91,740.85,7057.6,7002.03,6881.86,7139.24,744.48,742.79,738.4,741.49
CN9,16G,2,12,3,824,947,1205,1778,1256,1486,1388.74,2894,6551.38,6553.0,6639.69,6473.79,691.55,692.87,695.76,694.4,6617.77,6591.39,6544.57,6624.49,695.16,691.38,691.75,696.19,6625.61,6500.78,6594.25,6544.86,695.66,693.43,698.65,692.33
CN9,16G,2,12,4,824,955,1352,1778,1240,1488,1391.26,2888,7020.61,6945.55,7054.86,7886.27,739.91,739.66,738.94,837.2,6943.38,7031.48,7010.32,6247.36,739.02,741.18,739.47,649.32,7034.57,7030.28,7137.87,7016.26,739.02,743.08,743.4,743.18
CN9,16G,2,12,5,881,1037,1369,1713,1242,1430,1331.06,2787,6551.84,6467.46,6646.83,6575.44,693.55,693.96,694.24,696.53,6485.99,6733.02,6613.74,6749.85,693.46,697.24,694.88,698.03,6262.85,6194.29,6197.08,6166.71,655.77,657.14,655.07,654.0
CN9,16G,4,12,1,1237,1958,19792,30016,698,1362,1088.70,4434,9658.16,9501.08,9595.97,9088.92,1157.84,1155.99,1157.0,1084.5,9718.58,10146.52,9600.78,9605.94,1157.27,1227.71,1156.34,1156.35,8975.62,8641.18,9507.01,8996.38,1097.35,1029.53,1165.09,1097.14
CN9,16G,4,12,2,1254,5014,28705,42206,618,1374,1016.24,4127,9055.59,9039.57,9014.03,8988.94,1096.52,1099.41,1097.77,1095.55,9088.61,9323.31,9010.0,8629.68,1097.56,1100.43,1097.4,1031.88,9079.61,8655.88,8646.51,8783.45,1109.87,1045.46,1045.33,1048.64
CN9,16G,4,12,3,1221,1795,16712,30540,698,1404,1143.55,4693,10025.07,9764.28,9756.28,9703.84,1157.75,1145.1,1138.39,1140.65,9651.4,9577.17,9537.91,9601.46,1158.08,1155.4,1154.76,1155.58,9551.51,9625.4,9535.17,9534.58,1155.46,1157.91,1156.02,1156.04
CN9,16G,4,12,4,1188,1582,2180,3982,880,1348,1195.89,4881,10005.69,9942.53,9948.32,9961.82,1219.66,1219.21,1218.99,1219.21,9887.99,9969.63,9993.88,10071.31,1205.28,1207.31,1213.81,1211.4,9429.93,9548.47,9420.58,9539.43,1154.36,1155.78,1154.17,1155.21
CN9,16G,4,12,5,1237,1696,2311,2900,828,1410,1193.36,4927,10219.86,10152.41,9985.03,10087.32,1211.76,1211.59,1204.98,1206.27,10040.33,10065.55,10044.99,10131.3,1216.97,1218.22,1218.33,1220.69,9791.2,9965.35,9757.09,9978.07,1161.38,1163.85,1158.16,1166.93
CN9,16G,8,12,1,7635,29492,52167,81265,250,1322,523.60,4221,10067.75,10579.91,10261.47,9964.3,1220.1,1294.36,1255.65,1218.09,10241.86,9558.55,9610.37,9847.11,1254.73,1144.52,1146.2,1182.31,9870.69,10032.27,9737.88,9698.5,1189.08,1223.29,1186.43,1184.51
CN9,16G,8,12,2,7177,27919,49546,63701,336,1308,526.61,4400,10393.7,10312.03,10277.15,10314.07,1254.59,1255.84,1254.3,1254.83,10222.67,10222.2,10213.75,10240.21,1253.63,1253.5,1253.48,1253.65,10185.29,10313.55,10320.47,10266.08,1225.34,1228.05,1235.81,1228.69
CN9,16G,8,12,3,6980,27657,60031,85459,294,1308,541.84,4349,10288.0,10212.03,10531.35,10229.11,1254.05,1252.48,1292.16,1254.39,9671.98,9916.91,9931.12,9961.69,1180.52,1216.83,1218.39,1217.53,9922.72,9910.29,9914.7,9908.38,1218.05,1217.3,1218.03,1216.28
CN9,16G,8,12,4,5276,24511,46924,71828,359,1332,587.87,4911,9801.8,10275.23,10015.94,10018.69,1183.02,1255.1,1218.18,1219.02,10088.59,10113.13,10095.72,10169.56,1219.19,1220.42,1218.72,1218.81,9963.08,9954.63,9961.54,9969.9,1217.31,1217.06,1217.63,1217.06
CN9,16G,8,12,5,7504,25297,47973,64750,274,1330,530.84,4371,9978.74,9157.58,9948.19,9912.24,1194.61,1086.99,1194.24,1193.89,9277.48,9045.89,9217.27,8901.67,1126.04,1092.27,1124.67,1060.99,9795.34,9599.69,9141.63,9332.39,1194.67,1161.29,1092.26,1126.32
CN9,16G,16,12,1,25297,63701,106431,143655,1253,263.31,4180,,10395.97,10417.81,10413.29,10235.14,1271.03,1271.99,1271.06,1251.23,10092.53,10294.56,10405.17,10251.44,1234.0,1253.99,1272.9,1253.26,10421.26,10150.36,10276.48,10436.65,1272.91,1235.15,1253.13,1272.94
CN9,16G,16,12,2,20317,50594,87557,115868,114,1100,274.78,4458,10554.17,10716.88,11004.65,10513.36,1289.44,1308.67,1349.03,1287.6,10414.58,10710.74,10361.55,10727.28,1268.59,1308.83,1267.85,1309.26,10730.52,10731.57,10697.16,10734.37,1309.41,1310.08,1309.54,1309.9
CN9,16G,16,12,3,20579,52691,87557,113771,1420,279.72,4254,,10769.2,10758.81,10849.53,10031.56,1311.69,1310.85,1312.41,1197.52,10528.43,10455.67,10179.37,10576.36,1273.21,1272.83,1233.21,1274.78,10500.35,10325.31,10150.44,10288.96,1274.34,1255.07,1234.49,1254.22
CN9,16G,16,12,4,22938,50070,84411,110625,100,1196,256.32,4192,10244.94,10257.1,10365.31,10405.79,1237.5,1253.44,1255.96,1272.58,10242.37,10276.36,10372.22,10202.05,1252.5,1253.95,1271.63,1236.02,10349.34,10350.92,10237.77,10493.33,1255.15,1255.46,1237.05,1274.1
CN9,16G,16,12,5,21103,44827,73925,100140,104,1394,273.16,4240,10518.08,10044.61,10090.58,10757.49,1255.61,1197.75,1199.13,1293.89,10422.72,10464.1,10340.83,10610.52,1257.36,1273.53,1254.64,1293.03,10307.69,10461.32,10222.68,10508.22,1254.56,1274.14,1236.35,1275.25
CN9,32G,1,12,1,775,947,1319,1795,1290,1568,1450.24,1521,4036.99,3978.37,4098.14,4102.24,425.59,424.83,427.78,427.32,3988.39,3990.91,4005.27,4049.84,427.1,426.48,427.7,427.82,3888.55,3885.79,3881.09,3888.12,410.42,411.46,409.81,410.46
CN9,32G,1,12,2,742,832,1221,1811,1286,1574,1478.77,1551,4252.03,4175.75,4200.31,4261.05,445.07,444.26,444.38,445.37,4163.49,4267.87,4205.49,4272.96,443.66,447.39,444.6,446.03,4062.3,4127.75,3968.49,4085.48,427.79,430.38,426.02,428.54
CN9,32G,1,12,3,742,824,1205,1827,1264,1562,1457.00,1528,4047.11,4016.11,4044.11,4093.56,426.03,427.41,427.43,426.38,4061.17,4070.57,4020.13,4188.46,426.69,428.17,426.47,430.88,4058.46,4031.25,4064.18,4003.75,427.59,426.88,427.93,425.18
CN9,32G,1,12,4,758,832,1156,1745,1286,1538,1457.66,1528,4223.69,3992.0,4041.43,4109.33,427.73,427.11,427.2,426.96,4068.52,4020.65,4078.75,4145.82,427.7,426.01,427.16,431.98,3868.71,3949.8,3875.89,3840.88,412.31,414.33,411.68,410.49
CN9,32G,1,12,5,750,824,1205,1795,1340,1536,1462.45,1534,4294.81,4205.16,4238.85,4188.19,444.65,444.65,444.12,443.92,4069.75,4030.62,3967.52,4044.36,425.94,425.91,425.3,427.18,4040.76,4104.6,4036.48,4005.67,427.58,428.27,425.48,425.85
CN9,32G,2,12,1,1188,1795,2245,2474,670,1510,1280.24,2669,7399.06,7217.02,7263.08,7260.49,769.09,765.26,767.48,768.61,7302.06,7282.46,7271.27,7353.64,767.22,766.62,766.2,771.49,7015.35,7084.83,7098.21,7136.67,744.11,745.03,742.79,747.18
CN9,32G,2,12,2,1020,1680,2008,2212,656,1456,1289.53,2653,7348.85,7291.81,7375.4,7249.39,766.75,768.46,768.07,767.64,7408.42,7294.67,7258.48,7334.1,768.12,765.13,766.91,769.57,6980.47,7163.6,6996.13,7071.88,741.95,741.67,741.3,741.76
CN9,32G,2,12,3,1221,1860,2278,2540,632,1458,1259.12,2645,7091.47,6928.79,7113.67,7059.42,739.63,739.71,742.38,741.43,7054.58,7012.76,7031.91,7014.44,740.61,739.93,741.71,744.01,7041.83,7154.24,7017.87,7038.98,743.93,744.65,740.69,741.46
CN9,32G,2,12,4,1139,1729,2073,2245,684,1478,1267.78,2647,7289.67,7223.8,7317.29,7318.62,767.5,764.99,768.11,768.15,7057.36,7090.76,7021.7,7049.9,740.97,743.81,741.33,741.01,7137.74,7129.15,7025.06,7142.68,743.13,742.82,741.91,743.64
CN9,32G,2,12,5,1205,1827,2180,2376,682,1510,1283.38,2608,6991.6,6977.22,7024.69,6927.55,739.14,739.73,741.02,740.44,6701.78,6819.19,6761.85,6769.79,714.6,717.69,715.63,719.89,6839.57,6846.62,6829.11,6900.72,719.4,718.32,718.7,719.36
CN9,32G,4,12,1,1500,8717,30540,43779,584,1405,917.81,3772,9559.46,9165.06,8826.02,9201.68,1164.6,1098.15,1032.53,1099.69,9090.17,9072.97,9140.34,9046.83,1097.52,1098.32,1097.37,1096.74,8855.53,8882.46,8935.43,8868.92,1070.76,1072.01,1072.01,1071.37
CN9,32G,4,12,2,1369,1942,10159,28443,742,1380,1097.95,4501,10613.69,10520.55,10582.75,10603.43,1290.77,1289.04,1290.28,1291.28,10505.91,10585.62,10597.42,10468.06,1270.83,1268.53,1277.74,1270.54,10314.03,10465.72,10454.14,10359.43,1254.03,1256.39,1255.8,1254.26
CN9,32G,4,12,3,1385,1876,2704,4752,736,1362,1106.11,4498,9929.71,9785.94,9908.17,9813.03,1188.71,1187.34,1187.23,1188.05,9876.13,9855.96,9818.2,9410.1,1187.51,1188.36,1187.95,1115.81,9511.61,9657.64,10069.76,9634.95,1154.98,1156.93,1225.59,1157.43
CN9,32G,4,12,4,1336,2180,17695,34866,678,1353,1041.90,4290,10365.2,10289.44,10330.3,10304.99,1254.8,1254.46,1254.6,1253.78,10315.36,10291.89,10317.9,10157.62,1253.99,1252.87,1253.02,1249.81,10210.58,10315.21,10317.6,10281.28,1220.14,1222.79,1223.4,1222.55
CN9,32G,4,12,5,1385,1991,5407,26084,662,1355,1099.64,4575,9844.66,9992.6,9830.55,9953.97,1187.06,1189.34,1187.28,1189.1,9299.37,10085.97,9624.82,9497.64,1087.52,1226.9,1156.32,1154.99,9526.24,9396.47,9577.48,10113.06,1155.24,1088.23,1156.02,1227.66
CN9,32G,8,12,1,7439,28705,51643,71828,264,1310,521.41,4177,10726.94,10453.28,10519.75,10404.55,1311.41,1272.52,1273.9,1271.3,10311.29,10599.91,9847.91,10200.43,1254.15,1292.15,1178.22,1252.16,10513.93,10023.72,10239.57,10263.19,1290.32,1215.64,1253.08,1253.64
CN9,32G,8,12,2,7242,25822,49021,74974,342,1306,534.75,4441,10877.13,10725.51,10785.65,10741.13,1318.44,1311.4,1311.17,1311.48,10834.33,10830.24,10827.07,10818.91,1328.3,1327.45,1327.84,1327.95,10824.4,10916.28,10863.77,10912.57,1328.89,1330.57,1329.39,1330.68
CN9,32G,8,12,3,6849,27919,56886,77071,336,1338,529.68,4432,10856.5,10831.11,10866.97,10827.94,1329.34,1324.01,1325.63,1328.91,10692.96,10663.21,10670.65,10587.23,1295.13,1295.99,1297.94,1294.12,10767.94,10590.98,10715.48,10754.91,1310.79,1295.05,1301.6,1307.31
CN9,32G,8,12,4,5866,25822,52691,82314,276,1328,560.27,4545,10420.0,10209.41,10432.6,10444.54,1271.24,1234.15,1272.03,1271.97,10494.95,10154.37,10450.25,10692.77,1272.96,1232.97,1272.97,1310.41,10084.34,10843.57,10640.21,10162.35,1217.1,1330.47,1293.34,1218.64
CN9,32G,8,12,5,6521,25297,54264,79168,306,1370,550.68,4564,11016.72,11002.49,11026.72,10984.5,1337.83,1343.89,1337.95,1340.72,11229.47,11194.29,11230.66,11183.19,1370.15,1369.68,1369.73,1369.45,11233.52,11102.54,11170.17,11262.65,1370.57,1362.81,1368.68,1371.6
CN9,32G,16,12,1,19792,53216,94897,124257,1386,285.86,4425,,10970.98,10631.5,10962.66,10838.36,1339.74,1298.91,1339.64,1319.92,10090.14,11160.4,10466.81,11304.14,1218.12,1359.66,1277.95,1380.1,11081.94,10865.68,10935.07,10251.21,1349.87,1328.64,1330.21,1248.54
CN9,32G,16,12,2,26870,65799,103285,128451,100,1282,252.58,4040,10642.99,10457.36,10662.54,10422.23,1285.21,1265.19,1285.62,1264.05,10398.2,10352.81,10545.35,10100.97,1256.26,1255.11,1275.03,1218.02,10404.48,10254.73,10317.41,10378.43,1256.7,1253.09,1239.21,1255.97
CN9,32G,16,12,3,20055,47449,84411,109577,1225,285.99,4437,,10919.85,10412.67,10195.7,10783.05,1331.58,1253.8,1232.51,1311.58,10685.09,10683.99,10685.12,10470.73,1292.04,1292.18,1292.29,1271.66,10746.25,10905.8,10727.48,10469.62,1310.46,1329.57,1309.64,1271.47
CN9,32G,16,12,4,23987,65274,107480,143655,1192,261.57,4188,,10830.29,10588.19,10612.83,10493.59,1302.74,1281.15,1280.96,1279.56,10987.9,10671.19,10966.9,10947.82,1339.64,1299.99,1339.52,1339.11,10755.17,10280.28,10743.48,10560.96,1301.26,1258.01,1301.04,1280.68
CN9,32G,16,12,5,24511,65799,104334,139461,1297,264.22,4225,,10950.7,10745.41,10884.24,10737.47,1329.91,1310.4,1329.42,1309.78,10581.12,10732.4,10626.16,11046.21,1289.65,1309.88,1290.79,1349.89,10629.7,10425.31,10532.02,10701.44,1299.43,1278.08,1280.49,1300.56
