0815-0340
CN7,1M,1,1,1,0,0,0,0,0,0,515.52,341.83,0.07,0.08,0.07,0.57,1.02,1.02,1.02,1.02
CN7,1M,1,1,2,0,0,0,0,0,0,662.40,412.58,0.57,0.08,0.07,0.07,1.02,1.02,1.02,1.02
CN7,1M,1,1,3,0,0,0,0,0,0,657.52,406.74,1.07,0.58,0.07,0.07,1.04,1.02,1.02,1.02
CN7,1M,1,1,4,0,0,0,0,0,0,689.06,428.95,0.07,0.08,0.57,0.07,1.02,1.02,1.02,1.02
CN7,1M,1,1,5,0,0,0,0,0,0,608.75,390.35,0.07,0.08,0.07,0.07,1.02,1.02,1.02,1.02
CN7,1M,1,4,1,0,0,0,0,0,0,621.56,403.22,9.57,0.08,0.07,0.07,1.02,1.02,1.02,1.02
CN7,1M,1,4,2,0,0,0,0,0,0,655.26,410.00,1.07,0.58,0.07,0.07,1.04,1.02,1.02,1.02
CN7,1M,1,4,3,0,0,0,0,0,0,688.38,405.29,0.07,0.08,0.57,0.07,1.02,1.02,1.02,1.02
CN7,1M,1,4,4,0,0,0,0,0,0,647.77,413.11,0.07,0.08,0.07,9.57,1.02,1.02,1.02,1.02
CN7,1M,1,4,5,0,0,0,0,0,0,693.85,416.27,0.57,0.08,0.07,0.07,1.02,1.02,1.02,1.02
CN7,1M,1,16,1,0,0,0,0,0,0,674.22,422.51,0.07,9.58,0.07,0.07,1.02,1.02,1.02,1.02
CN7,1M,1,16,2,0,0,0,0,0,0,714.90,435.68,0.07,0.08,0.57,0.07,1.02,1.02,1.02,1.02
CN7,1M,1,16,3,0,0,0,0,0,0,684.23,416.51,0.07,0.08,1.07,0.57,1.02,1.02,1.04,1.02
CN7,1M,1,16,4,0,0,0,0,0,0,684.00,418.34,0.57,0.08,0.07,0.07,1.02,1.02,1.02,1.02
CN7,1M,1,16,5,0,0,0,0,0,0,674.22,411.85,1.07,0.08,0.07,0.07,1.04,1.02,1.02,1.02
CN7,1M,2,1,1,0,0,0,0,0,0,345.44,297.52,0.07,0.08,5.08,0.07,1.02,1.02,1.52,1.02
CN7,1M,2,1,2,0,0,0,0,0,0,326.44,282.12,0.07,0.08,1.07,0.07,1.02,1.02,1.04,1.02
CN7,1M,2,1,3,0,0,0,0,0,0,327.19,285.22,5.08,0.08,0.07,0.07,1.52,1.02,1.02,1.02
CN7,1M,2,1,4,0,0,0,0,0,0,320.37,276.20,0.07,5.08,0.07,0.07,1.02,1.52,1.02,1.02
CN7,1M,2,1,5,0,0,0,0,0,0,328.32,283.30,0.07,0.08,4.58,0.07,1.02,1.02,1.52,1.02
CN7,1M,2,4,1,0,0,0,0,0,0,337.12,290.05,0.07,0.08,0.07,4.58,1.02,1.02,1.02,1.52
CN7,1M,2,4,2,0,0,0,0,0,0,341.93,295.00,0.07,0.08,0.07,0.07,1.02,1.02,1.02,1.02
CN7,1M,2,4,3,0,0,0,0,0,0,354.61,303.44,0.07,0.08,0.07,0.07,1.02,1.02,1.02,1.02
CN7,1M,2,4,4,0,0,0,0,0,0,344.35,295.39,0.07,0.08,0.07,0.07,1.02,1.02,1.02,1.02
CN7,1M,2,4,5,0,0,0,0,0,0,336.54,290.35,0.07,0.08,0.07,4.58,1.02,1.02,1.02,1.52
CN7,1M,2,16,1,0,0,0,0,0,0,344.67,296.57,4.58,0.08,0.07,0.07,1.52,1.02,1.02,1.02
CN7,1M,2,16,2,0,0,0,0,0,0,328.19,284.48,0.07,4.58,0.07,0.07,1.02,1.52,1.02,1.02
CN7,1M,2,16,3,0,0,0,0,0,0,333.41,289.87,0.07,4.08,13.57,0.07,1.02,1.04,1.52,1.02
CN7,1M,2,16,4,0,0,0,0,0,0,357.34,305.22,0.07,0.08,0.07,0.07,1.02,1.02,1.02,1.02
CN7,1M,2,16,5,0,0,0,0,0,0,342.91,294.02,0.07,0.08,0.07,0.07,1.02,1.02,1.02,1.02
CN7,1M,4,1,1,0,0,0,0,0,0,630.15,546.70,4.08,0.08,0.07,0.07,1.04,1.02,1.02,1.02
CN7,1M,4,1,2,0,0,0,0,0,0,633.89,549.64,0.07,1.08,4.58,0.07,1.02,1.02,1.52,1.02
CN7,1M,4,1,3,0,0,0,0,0,0,634.23,547.88,0.07,0.08,0.07,4.58,1.02,1.02,1.02,1.52
CN7,1M,4,1,4,0,0,0,0,0,0,628.78,547.85,4.58,0.08,0.07,0.07,1.52,1.02,1.02,1.02
CN7,1M,4,1,5,0,0,0,0,0,0,640.33,559.15,4.08,4.58,0.07,0.07,1.04,1.52,1.02,1.02
CN7,1M,4,4,1,0,0,0,0,0,0,644.26,559.88,0.07,0.08,0.07,0.07,1.02,1.02,1.02,1.02
CN7,1M,4,4,2,0,0,0,0,0,0,625.36,542.95,0.07,0.08,0.07,0.07,1.02,1.02,1.02,1.02
CN7,1M,4,4,3,0,0,0,0,0,0,629.47,549.89,0.07,0.08,0.07,4.08,1.02,1.02,1.02,1.04
CN7,1M,4,4,4,0,0,0,0,0,0,656.87,569.05,0.07,0.08,0.07,0.07,1.02,1.02,1.02,1.02
CN7,1M,4,4,5,0,0,0,0,0,0,635.36,552.77,0.07,1.08,4.58,0.07,1.02,1.02,1.52,1.02
CN7,1M,4,16,1,0,0,0,0,0,0,636.20,558.11,0.07,0.08,0.07,0.07,1.02,1.02,1.02,1.02
CN7,1M,4,16,2,0,0,0,0,0,0,624.04,545.39,0.07,0.08,0.07,1.07,1.02,1.02,1.02,1.02
CN7,1M,4,16,3,0,0,0,0,0,0,634.01,549.96,0.07,0.08,0.07,0.07,1.02,1.02,1.02,1.02
CN7,1M,4,16,4,0,0,0,0,0,0,676.77,586.27,0.07,4.08,1.57,0.07,1.02,1.04,1.03,1.02
CN7,1M,4,16,5,0,0,0,0,0,0,650.18,559.30,0.07,0.08,0.07,0.07,1.02,1.02,1.02,1.02
CN7,1M,8,1,1,0,0,0,0,0,0,1162.62,1016.74,0.07,0.08,0.07,0.07,1.02,1.02,1.02,1.02
CN7,1M,8,1,2,0,0,0,0,0,0,1053.58,930.72,4.08,0.08,0.07,0.07,1.04,1.02,1.02,1.02
CN7,1M,8,1,3,0,0,0,0,0,0,1124.25,986.46,0.07,0.08,0.07,0.07,1.02,1.02,1.02,1.02
CN7,1M,8,1,4,0,0,0,0,0,0,1116.25,982.73,0.07,0.08,0.07,0.07,1.02,1.02,1.02,1.02
CN7,1M,8,1,5,0,0,0,0,0,0,1120.91,997.93,0.07,0.08,0.07,4.08,1.02,1.02,1.02,1.04
CN7,1M,8,4,1,0,0,0,0,0,0,1171.80,1028.52,4.08,0.08,0.07,0.07,1.04,1.02,1.02,1.02
CN7,1M,8,4,2,0,0,0,0,0,0,1176.85,1023.69,0.07,1.08,0.07,0.07,1.02,1.02,1.02,1.02
CN7,1M,8,4,3,0,0,0,0,0,0,1066.17,947.60,0.07,0.08,0.07,0.07,1.02,1.02,1.02,1.02
CN7,1M,8,4,4,0,0,0,0,0,0,1064.81,948.70,0.07,0.08,0.07,4.08,1.02,1.02,1.02,1.04
CN7,1M,8,4,5,0,0,0,0,0,0,1164.24,1021.29,0.07,0.08,0.07,0.07,1.02,1.02,1.02,1.02
CN7,1M,8,16,1,0,0,0,0,0,0,1170.29,1023.84,0.07,0.08,2.08,0.07,1.02,1.02,1.03,1.02
CN7,1M,8,16,2,0,0,0,0,0,0,1128.18,996.15,0.07,0.08,0.07,0.07,1.02,1.02,1.02,1.02
CN7,1M,8,16,3,0,0,0,0,0,0,1052.75,931.94,0.07,0.08,0.07,0.07,1.02,1.02,1.02,1.02
CN7,1M,8,16,4,0,0,0,0,0,0,1149.01,1014.46,0.07,0.08,0.07,0.07,1.02,1.02,1.02,1.02
CN7,1M,8,16,5,0,0,0,0,0,0,1211.09,1059.47,0.07,4.08,0.07,0.07,1.02,1.04,1.02,1.02
CN7,1M,16,1,1,0,0,0,0,0,0,1457.27,1342.31,0.07,0.08,0.07,0.07,1.02,1.02,1.02,1.02
CN7,1M,16,1,2,0,0,0,0,0,0,1245.62,1135.01,0.07,0.08,0.07,1.07,1.02,1.02,1.02,1.02
CN7,1M,16,1,3,0,0,0,0,0,0,1390.05,1274.40,4.08,0.08,0.07,0.07,1.04,1.02,1.02,1.02
CN7,1M,16,1,4,0,0,0,0,0,0,1520.85,1385.29,0.07,0.08,0.07,0.07,1.02,1.02,1.02,1.02
CN7,1M,16,1,5,0,0,0,0,0,0,1521.88,1382.55,0.07,0.08,0.07,0.07,1.02,1.02,1.02,1.02
CN7,1M,16,4,1,0,0,0,0,0,0,1490.28,1365.97,0.07,0.08,0.07,4.08,1.02,1.02,1.02,1.04
CN7,1M,16,4,2,0,0,0,0,0,0,1241.31,1134.63,0.07,0.08,0.07,0.07,1.02,1.02,1.02,1.02
CN7,1M,16,4,3,0,0,0,0,0,0,1452.73,1294.34,0.07,4.08,0.07,0.07,1.02,1.04,1.02,1.02
CN7,1M,16,4,4,0,0,0,0,0,0,1434.53,1329.52,0.07,0.08,0.07,0.07,1.02,1.02,1.02,1.02
CN7,1M,16,4,5,0,0,0,0,0,0,994.51,919.55,0.07,0.08,0.07,1.07,1.02,1.02,1.02,1.02
CN7,1M,16,16,1,0,0,0,0,0,0,1344.81,1181.70,4.08,0.08,0.07,0.07,1.04,1.02,1.02,1.02
CN7,1M,16,16,2,0,0,0,0,0,0,1377.47,1195.36,0.07,0.08,4.58,0.07,1.02,1.02,1.52,1.02
CN7,1M,16,16,3,0,0,0,0,0,0,942.74,893.38,0.07,0.08,0.07,0.07,1.02,1.02,1.02,1.02
CN7,1M,16,16,4,0,0,0,0,0,0,1580.45,1438.93,4.58,0.08,0.07,4.08,1.52,1.02,1.02,1.04
CN7,1M,16,16,5,0,0,0,0,0,0,914.29,863.49,0.07,0.08,0.07,0.07,1.02,1.02,1.02,1.02
CN7,1M,32,1,1,0,0,0,0,0,0,694.73,677.75,0.05,2.72,65.72,0.05,0.68,0.69,7.9,0.68
CN7,1M,32,1,2,0,0,0,0,0,0,520.18,513.13,0.05,0.05,0.05,52.72,0.68,0.68,0.68,6.6
CN7,1M,32,1,3,0,0,0,0,0,0,552.26,541.86,48.38,0.05,0.05,2.72,5.97,0.68,0.68,0.69
CN7,1M,32,1,4,0,0,0,0,0,0,710.50,695.96,2.72,52.72,0.05,0.05,0.69,6.18,0.68,0.68
CN7,1M,32,1,5,0,0,0,0,0,0,639.68,622.95,0.05,2.72,3.05,0.05,0.68,0.69,1.01,0.68
CN7,1M,32,4,1,0,0,0,0,0,0,746.55,724.36,0.05,0.05,0.05,54.38,0.68,0.68,0.68,7.4
CN7,1M,32,4,2,0,0,0,0,0,0,439.83,432.61,65.38,0.05,0.05,1.38,8.69,0.68,0.68,0.69
CN7,1M,32,4,3,0,0,0,0,0,0,530.03,518.18,2.72,60.05,0.05,0.05,0.69,7.23,0.68,0.68
CN7,1M,32,4,4,0,0,0,0,0,0,573.05,560.12,0.05,2.72,65.05,0.05,0.68,0.69,8.66,0.68
CN7,1M,32,4,5,0,0,0,0,0,0,734.82,715.16,0.05,0.05,0.05,9.05,0.68,0.68,0.68,1.01
CN7,1M,32,16,1,0,0,0,0,0,0,620.05,600.07,9.05,0.05,0.05,2.72,1.01,0.68,0.68,0.69
CN7,1M,32,16,2,0,0,0,0,0,0,562.12,557.98,1.39,3.05,0.05,0.05,0.69,1.01,0.68,0.68
CN7,1M,32,16,3,0,0,0,0,0,0,707.25,552.73,0.05,2.72,3.05,0.05,0.68,0.69,1.01,0.68
CN7,1M,32,16,4,0,0,0,0,0,0,611.70,593.50,0.05,0.05,0.05,56.72,0.68,0.68,0.68,7.54
CN7,1M,32,16,5,0,0,0,0,0,0,616.70,549.82,69.05,0.05,0.05,2.72,9.21,0.68,0.68,0.69
CN7,1M,64,1,1,0,0,0,0,0,0,825.01,824.72,2.04,91.54,0.04,0.04,0.52,11.46,0.51,0.51
CN7,1M,64,1,2,0,0,0,0,0,0,677.07,676.91,0.04,0.54,71.29,0.04,0.51,0.52,8.54,0.51
CN7,1M,64,1,3,0,0,0,0,0,0,561.96,561.85,0.04,0.04,0.54,57.54,0.51,0.51,0.52,7.14
CN7,1M,64,1,4,0,0,0,0,0,0,555.84,518.73,128.79,0.04,0.04,0.79,16.51,0.51,0.51,0.52
CN7,1M,64,1,5,0,0,0,0,0,0,840.85,838.11,2.04,82.54,0.04,0.04,0.52,10.76,0.51,0.51
CN7,1M,64,4,1,0,0,0,0,0,0,831.40,752.88,0.04,0.54,41.29,0.04,0.51,0.52,5.45,0.51
CN7,1M,64,4,2,0,0,0,0,0,0,852.22,665.08,0.04,0.04,0.54,111.29,0.51,0.51,0.52,14.3
CN7,1M,64,4,3,0,0,0,0,0,0,723.61,723.41,2.29,0.04,0.04,1.04,0.76,0.51,0.51,0.52
CN7,1M,64,4,4,0,0,0,0,0,0,876.47,873.47,0.54,106.54,2.04,0.04,0.52,13.76,0.52,0.51
CN7,1M,64,4,5,0,0,0,0,0,0,583.61,563.18,0.04,0.54,106.04,0.04,0.51,0.52,12.22,0.51
CN7,1M,64,16,1,0,0,0,0,0,0,947.32,901.12,0.04,0.04,0.79,128.29,0.51,0.51,0.52,16.51
CN7,1M,64,16,2,0,0,0,0,0,0,739.63,739.41,48.29,0.04,0.04,0.04,5.76,0.51,0.51,0.51
CN7,1M,64,16,3,0,0,0,0,0,0,765.05,764.81,2.04,52.54,0.04,0.04,0.52,7.01,0.51,0.51
CN7,1M,64,16,4,0,0,0,0,0,0,762.23,727.48,0.04,2.04,39.04,0.04,0.51,0.52,4.62,0.51
CN7,1M,64,16,5,0,0,0,0,0,0,629.18,530.84,0.04,0.04,0.04,128.29,0.51,0.51,0.51,16.51
CN7,2M,1,1,1,0,0,0,0,0,0,406.94,593.97,0.08,0.09,0.08,4.08,1.02,1.02,1.02,1.04
CN7,2M,1,1,2,0,0,0,0,0,0,400.87,581.86,0.08,0.09,0.08,0.09,1.02,1.02,1.02,1.02
CN7,2M,1,1,3,0,0,0,0,0,0,408.60,587.27,0.08,0.09,0.08,0.09,1.02,1.02,1.02,1.02
CN7,2M,1,1,4,0,0,0,0,0,0,418.01,595.23,0.08,0.09,0.08,0.09,1.02,1.02,1.02,1.02
CN7,2M,1,1,5,0,0,0,0,0,0,417.30,608.62,0.08,0.09,0.08,0.09,1.02,1.02,1.02,1.02
CN7,2M,1,4,1,0,0,0,0,0,0,403.65,583.64,0.08,0.09,0.08,0.09,1.02,1.02,1.02,1.02
CN7,2M,1,4,2,0,0,0,0,0,0,410.32,590.58,0.08,1.08,0.08,0.09,1.02,1.03,1.02,1.02
CN7,2M,1,4,3,0,0,0,0,0,0,400.79,580.93,0.08,0.09,0.08,0.09,1.01,1.02,1.01,1.02
CN7,2M,1,4,4,0,0,0,0,0,0,414.70,604.06,0.08,0.09,0.08,0.09,1.01,1.02,1.01,1.02
CN7,2M,1,4,5,0,0,0,0,0,0,379.99,560.62,0.08,0.09,0.08,0.09,1.01,1.01,1.01,1.02
CN7,2M,1,16,1,0,0,0,0,0,0,430.05,614.60,0.08,0.09,0.08,0.09,1.01,1.01,1.01,1.02
CN7,2M,1,16,2,0,0,0,0,0,0,386.29,566.68,0.08,0.09,0.08,0.09,1.01,1.01,1.01,1.02
CN7,2M,1,16,3,0,0,0,0,0,0,380.61,545.03,0.08,0.09,0.08,0.09,1.01,1.01,1.01,1.02
CN7,2M,1,16,4,0,0,0,0,0,0,393.68,572.91,1.08,0.09,0.08,0.09,1.03,1.01,1.01,1.01
CN7,2M,1,16,5,0,0,0,0,0,0,433.79,627.04,0.08,4.58,0.08,0.09,1.01,1.1,1.01,1.01
CN7,2M,2,1,1,0,0,0,0,0,0,201.73,367.15,0.08,0.09,0.08,0.09,1.01,1.01,1.01,1.01
CN7,2M,2,1,2,0,0,0,0,0,0,208.21,377.68,0.08,0.09,0.08,6.58,1.01,1.01,1.01,1.12
CN7,2M,2,1,3,0,0,0,0,0,0,199.11,363.88,6.08,0.09,0.08,0.09,1.12,1.01,1.01,1.01
CN7,2M,2,1,4,0,0,0,0,0,0,200.39,364.50,0.08,0.09,0.08,0.09,1.01,1.01,1.01,1.01
CN7,2M,2,1,5,0,0,0,0,0,0,200.45,364.67,0.08,0.09,0.08,0.09,1.01,1.01,1.01,1.01
CN7,2M,2,4,1,0,0,0,0,0,0,206.74,374.52,0.08,0.09,0.08,4.08,1.01,1.01,1.01,1.03
CN7,2M,2,4,2,0,0,0,0,0,0,207.32,377.36,0.08,0.09,0.08,0.09,1.01,1.01,1.01,1.01
CN7,2M,2,4,3,0,0,0,0,0,0,203.90,372.44,0.08,0.09,0.08,0.09,1.01,1.01,1.01,1.01
CN7,2M,2,4,4,0,0,0,0,0,0,208.57,378.20,0.08,4.08,0.08,0.09,1.01,1.03,1.01,1.01
CN7,2M,2,4,5,0,0,0,0,0,0,210.30,383.44,0.08,0.09,0.08,0.09,1.01,1.01,1.01,1.01
CN7,2M,2,16,1,0,0,0,0,0,0,199.54,365.07,0.08,0.09,0.08,0.09,1.01,1.01,1.01,1.01
CN7,2M,2,16,2,0,0,0,0,0,0,200.73,365.18,0.08,0.09,0.08,0.09,1.01,1.01,1.01,1.01
CN7,2M,2,16,3,0,0,0,0,0,0,204.42,370.48,0.08,0.09,0.08,0.09,1.01,1.01,1.01,1.01
CN7,2M,2,16,4,0,0,0,0,0,0,208.15,378.10,0.08,0.09,0.08,0.09,1.01,1.01,1.01,1.01
CN7,2M,2,16,5,0,0,0,0,0,0,201.08,366.55,0.08,0.09,0.08,0.09,1.01,1.01,1.01,1.01
CN7,2M,4,1,1,0,0,0,0,0,0,388.99,711.74,4.08,0.09,0.08,0.09,1.03,1.01,1.01,1.01
CN7,2M,4,1,2,0,0,0,0,0,0,392.18,710.73,0.09,0.09,0.08,0.09,1.01,1.01,1.01,1.01
CN7,2M,4,1,3,0,0,0,0,0,0,378.04,691.97,0.08,0.09,0.08,0.09,1.01,1.01,1.01,1.01
CN7,2M,4,1,4,0,0,0,0,0,0,372.53,684.55,0.09,0.09,0.08,4.08,1.01,1.01,1.01,1.03
CN7,2M,4,1,5,0,0,0,0,0,0,394.30,719.84,0.09,0.09,0.08,0.09,1.01,1.01,1.01,1.01
CN7,2M,4,4,1,0,0,0,0,0,0,381.04,698.45,0.09,0.09,2.08,0.09,1.01,1.01,1.02,1.01
CN7,2M,4,4,2,0,0,0,0,0,0,383.81,703.76,0.09,0.09,0.08,0.09,1.01,1.01,1.01,1.01
CN7,2M,4,4,3,0,0,0,0,0,0,382.90,700.29,0.09,0.09,0.08,4.08,1.01,1.01,1.01,1.03
CN7,2M,4,4,4,0,0,0,0,0,0,400.56,727.36,0.09,0.09,0.08,0.09,1.01,1.01,1.01,1.01
CN7,2M,4,4,5,0,0,0,0,0,0,377.25,687.22,0.09,0.09,0.08,0.09,1.01,1.01,1.01,1.01
CN7,2M,4,16,1,0,0,0,0,0,0,342.46,629.67,0.09,0.09,0.08,0.09,1.01,1.01,1.01,1.01
CN7,2M,4,16,2,0,0,0,0,0,0,408.44,717.53,0.09,0.09,0.08,0.09,1.01,1.01,1.01,1.01
CN7,2M,4,16,3,0,0,0,0,0,0,376.40,687.96,0.09,0.09,0.08,0.09,1.01,1.01,1.01,1.01
CN7,2M,4,16,4,0,0,0,0,0,0,378.51,690.45,0.09,4.08,0.08,0.09,1.01,1.03,1.01,1.01
CN7,2M,4,16,5,0,0,0,0,0,0,387.50,707.12,0.09,0.09,0.08,0.09,1.01,1.01,1.01,1.01
CN7,2M,8,1,1,0,0,0,0,0,0,648.31,1199.81,0.09,0.09,0.08,0.09,1.01,1.01,1.01,1.01
CN7,2M,8,1,2,0,0,0,0,0,0,616.41,1147.71,0.09,0.09,0.08,0.09,1.01,1.01,1.01,1.01
CN7,2M,8,1,3,0,0,0,0,0,0,599.43,1113.32,0.09,4.08,0.08,0.09,1.01,1.03,1.01,1.01
CN7,2M,8,1,4,0,0,0,0,0,0,642.36,1194.17,0.09,0.09,0.08,0.09,1.01,1.01,1.01,1.01
CN7,2M,8,1,5,0,0,0,0,0,0,634.84,1176.15,0.09,0.09,0.08,1.08,1.01,1.01,1.01,1.02
CN7,2M,8,4,1,0,0,0,0,0,0,639.00,1183.43,4.08,0.09,0.08,0.09,1.03,1.01,1.01,1.01
CN7,2M,8,4,2,0,0,0,0,0,0,592.44,1079.32,0.09,0.09,0.08,0.09,1.01,1.01,1.01,1.01
CN7,2M,8,4,3,0,0,0,0,0,0,639.84,1183.52,0.09,0.09,0.08,0.09,1.01,1.01,1.01,1.01
CN7,2M,8,4,4,0,0,0,0,0,0,598.05,1111.11,0.09,0.09,0.08,4.08,1.01,1.01,1.01,1.03
CN7,2M,8,4,5,0,0,0,0,0,0,656.73,1211.83,4.08,0.09,0.08,0.09,1.03,1.01,1.01,1.01
CN7,2M,8,16,1,0,0,0,0,0,0,596.84,1111.77,0.09,1.08,1.58,0.09,1.01,1.02,1.02,1.01
CN7,2M,8,16,2,0,0,0,0,0,0,615.85,1144.75,0.09,0.09,0.08,0.09,1.01,1.01,1.01,1.01
CN7,2M,8,16,3,0,0,0,0,0,0,573.63,1073.12,0.09,0.09,0.08,4.08,1.01,1.01,1.01,1.03
CN7,2M,8,16,4,0,0,0,0,0,0,648.16,1198.44,0.09,0.09,0.08,0.09,1.01,1.01,1.01,1.01
CN7,2M,8,16,5,0,0,0,0,0,0,442.75,842.79,0.09,0.09,0.08,0.09,1.01,1.01,1.01,1.01
CN7,2M,16,1,1,0,0,0,0,0,0,755.80,1444.46,0.09,0.09,0.08,0.09,1.01,1.01,1.01,1.01
CN7,2M,16,1,2,0,0,0,0,0,0,645.53,1239.15,0.09,0.09,0.08,0.09,1.01,1.01,1.01,1.01
CN7,2M,16,1,3,0,0,0,0,0,0,774.30,1482.64,1.08,0.09,0.08,0.09,1.02,1.01,1.01,1.01
CN7,2M,16,1,4,0,0,0,0,0,0,547.63,1028.65,0.09,4.08,66.08,0.09,1.01,1.03,8.85,1.01
CN7,2M,16,1,5,0,0,0,0,0,0,789.64,1503.45,0.09,0.09,0.09,0.09,1.01,1.01,1.01,1.01
CN7,2M,16,4,1,0,0,0,0,0,0,775.88,1450.89,8.09,0.09,0.09,4.08,2.01,1.01,1.01,1.03
CN7,2M,16,4,2,0,0,0,0,0,0,739.84,1407.07,1.08,0.09,0.09,0.09,1.01,1.01,1.01,1.01
CN7,2M,16,4,3,0,0,0,0,0,0,781.73,1489.62,0.09,4.08,0.09,0.09,1.01,1.03,1.01,1.01
CN7,2M,16,4,4,0,0,0,0,0,0,802.85,1526.92,0.09,0.09,0.09,0.09,1.01,1.01,1.01,1.01
CN7,2M,16,4,5,0,0,0,0,0,0,393.45,758.64,0.09,0.09,0.09,4.08,1.01,1.01,1.01,1.03
CN7,2M,16,16,1,0,0,0,0,0,0,774.60,1478.93,0.09,0.09,0.09,0.09,1.01,1.01,1.01,1.01
CN7,2M,16,16,2,0,0,0,0,0,0,658.04,1247.03,0.09,1.08,67.58,0.09,1.01,1.01,8.9,1.01
CN7,2M,16,16,3,0,0,0,0,0,0,753.97,1433.87,0.09,0.09,0.09,0.09,1.01,1.01,1.01,1.01
CN7,2M,16,16,4,0,0,0,0,0,0,782.86,1466.14,0.09,0.09,0.09,0.09,1.01,1.01,1.01,1.01
CN7,2M,16,16,5,0,0,0,0,0,0,805.07,1503.18,4.08,0.09,0.09,0.09,1.03,1.01,1.01,1.01
CN7,2M,32,1,1,0,0,0,0,0,0,440.06,873.03,0.06,2.72,93.06,0.06,0.67,0.69,11.13,0.67
CN7,2M,32,1,2,0,0,0,0,0,0,443.97,878.20,0.06,0.06,0.72,11.72,0.67,0.67,0.69,1.34
CN7,2M,32,1,3,0,0,0,0,0,0,387.22,774.17,91.72,0.06,0.06,2.72,10.13,0.67,0.67,0.69
CN7,2M,32,1,4,0,0,0,0,0,0,402.38,800.03,2.72,66.39,0.06,0.06,0.69,7.54,0.67,0.67
CN7,2M,32,1,5,0,0,0,0,0,0,509.15,933.45,0.06,2.73,67.72,0.06,0.67,0.69,7.82,0.67
CN7,2M,32,4,1,0,0,0,0,0,0,479.03,944.94,0.06,0.06,0.06,67.06,0.67,0.67,0.67,8.28
CN7,2M,32,4,2,0,0,0,0,0,0,405.92,802.66,67.06,0.06,0.06,1.06,8.22,0.67,0.67,0.69
CN7,2M,32,4,3,0,0,0,0,0,0,433.94,852.17,1.39,92.06,0.06,0.06,0.69,11.12,0.67,0.67
CN7,2M,32,4,4,0,0,0,0,0,0,482.31,945.76,0.06,2.73,57.72,0.06,0.67,0.69,7.59,0.67
CN7,2M,32,4,5,0,0,0,0,0,0,485.09,953.27,0.06,0.06,0.72,72.72,0.67,0.67,0.69,9.64
CN7,2M,32,16,1,0,0,0,0,0,0,417.50,834.58,98.39,0.06,0.06,1.39,11.52,0.67,0.67,0.69
CN7,2M,32,16,2,0,0,0,0,0,0,465.38,908.67,2.73,64.06,0.06,0.06,0.69,8.23,0.67,0.67
CN7,2M,32,16,3,0,0,0,0,0,0,493.02,985.66,0.06,2.73,139.39,0.06,0.67,0.69,17.8,0.67
CN7,2M,32,16,4,0,0,0,0,0,0,504.83,986.68,0.06,0.06,0.06,50.73,0.67,0.67,0.67,6.74
CN7,2M,32,16,5,0,0,0,0,0,0,391.95,773.01,61.39,0.06,0.06,2.73,7.58,0.67,0.67,0.69
CN7,2M,64,1,1,0,0,0,0,0,0,543.23,1071.31,2.04,163.54,0.04,0.04,0.51,15.57,0.5,0.5
CN7,2M,64,1,2,0,0,0,0,0,0,520.90,1041.57,0.04,0.55,63.05,0.04,0.5,0.52,8.29,0.5
CN7,2M,64,1,3,0,0,0,0,0,0,555.58,1110.89,0.04,0.04,0.55,209.29,0.5,0.5,0.52,24.86
CN7,2M,64,1,4,0,0,0,0,0,0,474.06,947.52,147.04,0.04,0.04,1.04,15.11,0.5,0.5,0.52
CN7,2M,64,1,5,0,0,0,0,0,0,464.48,928.58,0.8,139.29,0.04,0.04,0.52,14.89,0.5,0.5
CN7,2M,64,4,1,0,0,0,0,0,0,525.71,1035.04,0.04,1.05,150.04,0.04,0.5,0.52,14.71,0.5
CN7,2M,64,4,2,0,0,0,0,0,0,408.60,749.17,0.04,0.05,0.55,256.3,0.5,0.5,0.52,32.5
CN7,2M,64,4,3,0,0,0,0,0,0,700.38,1400.29,246.79,0.05,0.04,1.55,30.71,0.5,0.5,0.52
CN7,2M,64,4,4,0,0,0,0,0,0,556.88,1101.00,0.55,122.05,0.04,0.05,0.52,14.06,0.5,0.5
CN7,2M,64,4,5,0,0,0,0,0,0,485.38,950.13,0.05,1.05,164.54,0.05,0.5,0.52,16.07,0.5
CN7,2M,64,16,1,0,0,0,0,0,0,557.71,1115.09,0.05,0.05,0.05,36.55,0.5,0.5,0.5,5.0
CN7,2M,64,16,2,0,0,0,0,0,0,604.25,1208.24,116.3,0.05,0.05,1.3,15.0,0.5,0.5,0.52
CN7,2M,64,16,3,0,0,0,0,0,0,613.88,1206.42,2.3,191.8,2.3,0.05,0.51,23.94,0.51,0.5
CN7,2M,64,16,4,0,0,0,0,0,0,635.17,1269.87,0.05,2.05,132.05,0.05,0.5,0.52,16.61,0.5
CN7,2M,64,16,5,0,0,0,0,0,0,688.22,1375.98,0.05,0.05,0.05,245.05,0.5,0.5,0.5,31.0
CN7,4M,1,1,1,0,0,0,0,0,0,218.53,725.00,0.1,0.1,0.1,0.1,1.01,1.01,1.01,1.01
CN7,4M,1,1,2,0,0,0,0,0,0,215.88,710.72,0.1,0.1,0.1,0.1,1.01,1.01,1.01,1.01
CN7,4M,1,1,3,0,0,0,0,0,0,227.35,742.75,0.1,0.1,0.1,0.1,1.01,1.01,1.01,1.01
CN7,4M,1,1,4,0,0,0,0,0,0,221.00,732.85,0.1,0.1,0.1,0.1,1.01,1.01,1.01,1.01
CN7,4M,1,1,5,0,0,0,0,0,0,222.66,741.24,0.1,0.1,0.1,4.1,1.01,1.01,1.01,1.03
CN7,4M,1,4,1,0,0,0,0,0,0,228.15,745.69,4.09,0.1,0.1,0.1,1.03,1.01,1.01,1.01
CN7,4M,1,4,2,0,0,0,0,0,0,225.35,736.55,0.1,1.1,0.1,0.1,1.01,1.01,1.01,1.01
CN7,4M,1,4,3,0,0,0,0,0,0,229.40,759.29,0.1,0.1,0.1,0.1,1.01,1.01,1.01,1.01
CN7,4M,1,4,4,0,0,0,0,0,0,228.21,747.61,0.1,0.1,0.1,0.1,1.01,1.01,1.01,1.01
CN7,4M,1,4,5,0,0,0,0,0,0,226.27,746.05,0.1,0.1,0.1,0.1,1.01,1.01,1.01,1.01
CN7,4M,1,16,1,0,0,0,0,0,0,229.30,759.94,0.1,0.1,0.1,0.1,1.01,1.01,1.01,1.01
CN7,4M,1,16,2,0,0,0,0,0,0,223.96,742.32,0.1,0.1,0.1,0.1,1.01,1.01,1.01,1.01
CN7,4M,1,16,3,0,0,0,0,0,0,226.73,738.79,0.1,0.1,0.1,4.1,1.01,1.01,1.01,1.03
CN7,4M,1,16,4,0,0,0,0,0,0,225.39,747.85,4.09,0.1,0.1,0.1,1.03,1.01,1.01,1.01
CN7,4M,1,16,5,0,0,0,0,0,0,253.16,810.45,0.1,4.1,0.1,0.1,1.01,1.03,1.01,1.01
CN7,4M,2,1,1,0,0,0,0,0,0,117.77,445.39,0.1,0.1,0.1,0.1,1.01,1.01,1.01,1.01
CN7,4M,2,1,2,0,0,0,0,0,0,113.80,430.83,0.1,0.1,0.1,4.1,1.01,1.01,1.01,1.03
CN7,4M,2,1,3,0,0,0,0,0,0,117.38,443.96,4.09,0.1,0.1,0.1,1.03,1.01,1.01,1.01
CN7,4M,2,1,4,0,0,0,0,0,0,113.96,432.11,0.1,4.1,0.1,0.1,1.01,1.03,1.01,1.01
CN7,4M,2,1,5,0,0,0,0,0,0,114.93,434.78,0.1,0.1,0.1,0.1,1.01,1.01,1.01,1.01
CN7,4M,2,4,1,0,0,0,0,0,0,110.88,420.66,0.1,0.1,0.1,4.1,1.01,1.01,1.01,1.03
CN7,4M,2,4,2,0,0,0,0,0,0,111.69,423.56,4.09,0.1,0.1,0.1,1.03,1.01,1.01,1.01
CN7,4M,2,4,3,0,0,0,0,0,0,110.61,419.31,0.1,0.1,0.1,0.1,1.01,1.01,1.01,1.01
CN7,4M,2,4,4,0,0,0,0,0,0,117.42,443.60,0.1,0.1,0.1,0.1,1.01,1.01,1.01,1.01
CN7,4M,2,4,5,0,0,0,0,0,0,111.26,422.42,0.1,0.1,0.1,4.1,1.01,1.01,1.01,1.03
CN7,4M,2,16,1,0,0,0,0,0,0,114.54,432.94,0.1,0.1,0.1,0.1,1.01,1.01,1.01,1.01
CN7,4M,2,16,2,0,0,0,0,0,0,114.79,434.16,0.1,1.1,2.1,0.1,1.01,1.01,1.02,1.01
CN7,4M,2,16,3,0,0,0,0,0,0,114.95,436.08,0.1,0.1,0.1,0.1,1.01,1.01,1.01,1.01
CN7,4M,2,16,4,0,0,0,0,0,0,110.80,420.37,0.1,0.1,0.1,0.1,1.01,1.01,1.01,1.01
CN7,4M,2,16,5,0,0,0,0,0,0,112.23,425.48,0.1,0.1,0.1,0.1,1.01,1.01,1.01,1.01
CN7,4M,4,1,1,0,0,0,0,0,0,207.00,788.18,0.1,4.1,0.1,0.1,1.01,1.02,1.01,1.01
CN7,4M,4,1,2,0,0,0,0,0,0,210.39,797.81,0.1,0.1,0.1,0.1,1.01,1.01,1.01,1.01
CN7,4M,4,1,3,0,0,0,0,0,0,206.29,784.33,0.1,0.1,0.1,0.1,1.01,1.01,1.01,1.01
CN7,4M,4,1,4,0,0,0,0,0,0,205.22,778.88,2.1,0.1,0.1,0.1,1.03,1.01,1.01,1.01
CN7,4M,4,1,5,0,0,0,0,0,0,214.50,817.03,0.1,4.1,0.1,0.1,1.01,1.02,1.01,1.01
CN7,4M,4,4,1,0,0,0,0,0,0,209.23,793.12,0.1,0.1,0.1,0.1,1.01,1.01,1.01,1.01
CN7,4M,4,4,2,0,0,0,0,0,0,209.80,795.96,0.1,0.1,0.1,2.1,1.01,1.01,1.01,1.03
CN7,4M,4,4,3,0,0,0,0,0,0,210.45,798.51,5.6,0.1,0.1,0.1,1.11,1.01,1.01,1.01
CN7,4M,4,4,4,0,0,0,0,0,0,208.87,794.41,0.1,0.1,0.1,0.1,1.01,1.01,1.01,1.01
CN7,4M,4,4,5,0,0,0,0,0,0,209.86,795.68,0.1,0.1,0.1,0.1,1.01,1.01,1.01,1.01
CN7,4M,4,16,1,0,0,0,0,0,0,212.91,806.96,0.1,0.1,0.1,4.61,1.01,1.01,1.01,1.11
CN7,4M,4,16,2,0,0,0,0,0,0,210.58,800.81,0.1,0.1,0.1,0.1,1.01,1.01,1.01,1.01
CN7,4M,4,16,3,0,0,0,0,0,0,209.14,795.36,0.1,0.1,0.1,0.1,1.01,1.01,1.01,1.01
CN7,4M,4,16,4,0,0,0,0,0,0,206.81,786.79,0.1,0.1,4.1,0.1,1.01,1.01,1.02,1.01
CN7,4M,4,16,5,0,0,0,0,0,0,209.89,795.90,0.1,0.1,0.1,0.1,1.01,1.01,1.01,1.01
CN7,4M,8,1,1,0,0,0,0,0,0,306.70,1179.92,0.1,0.1,0.1,0.1,1.01,1.01,1.01,1.01
CN7,4M,8,1,2,0,0,0,0,0,0,351.76,1346.84,0.1,4.1,0.1,0.1,1.01,1.02,1.01,1.01
CN7,4M,8,1,3,0,0,0,0,0,0,330.37,1249.54,0.1,0.1,0.1,0.1,1.01,1.01,1.01,1.01
CN7,4M,8,1,4,0,0,0,0,0,0,299.33,1153.01,0.1,0.1,0.1,1.1,1.01,1.01,1.01,1.01
CN7,4M,8,1,5,0,0,0,0,0,0,304.33,1171.43,4.1,0.1,0.1,0.1,1.02,1.01,1.01,1.01
CN7,4M,8,4,1,0,0,0,0,0,0,291.78,1127.10,0.1,0.1,0.1,0.1,1.01,1.01,1.01,1.01
CN7,4M,8,4,2,0,0,0,0,0,0,324.09,1241.10,0.1,0.1,0.1,0.1,1.01,1.01,1.01,1.01
CN7,4M,8,4,3,0,0,0,0,0,0,322.41,1239.15,0.1,0.1,0.1,4.11,1.01,1.01,1.01,1.02
CN7,4M,8,4,4,0,0,0,0,0,0,297.16,1145.65,0.1,0.1,0.1,0.1,1.01,1.01,1.01,1.01
CN7,4M,8,4,5,0,0,0,0,0,0,347.12,1330.30,0.1,0.1,0.1,0.1,1.01,1.01,1.01,1.01
CN7,4M,8,16,1,0,0,0,0,0,0,324.19,1246.08,0.1,0.1,1.1,0.1,1.01,1.01,1.02,1.01
CN7,4M,8,16,2,0,0,0,0,0,0,309.41,1189.81,0.1,0.1,0.1,4.11,1.01,1.01,1.01,1.02
CN7,4M,8,16,3,0,0,0,0,0,0,319.23,1225.34,0.1,0.1,0.1,0.1,1.01,1.01,1.01,1.01
CN7,4M,8,16,4,0,0,0,0,0,0,333.66,1276.76,0.1,4.11,2.1,0.1,1.01,1.02,1.01,1.01
CN7,4M,8,16,5,0,0,0,0,0,0,305.82,1164.11,0.1,0.1,0.1,0.1,1.01,1.01,1.01,1.01
CN7,4M,16,1,1,0,0,0,0,0,0,406.40,1562.82,193.1,0.1,0.1,0.1,25.01,1.01,1.01,1.01
CN7,4M,16,1,2,0,0,0,0,0,0,420.82,1620.78,4.6,113.11,0.1,0.1,1.03,15.01,1.01,1.01
CN7,4M,16,1,3,0,0,0,0,0,0,399.43,1557.32,0.1,0.1,0.1,0.1,1.01,1.01,1.01,1.01
CN7,4M,16,1,4,0,0,0,0,0,0,430.46,1672.40,0.1,0.1,1.1,0.1,1.01,1.01,1.03,1.01
CN7,4M,16,1,5,0,0,0,0,0,0,432.14,1680.83,0.1,0.1,0.1,0.1,1.01,1.01,1.01,1.01
CN7,4M,16,4,1,0,0,0,0,0,0,424.00,1650.30,4.11,0.1,0.1,0.1,1.02,1.01,1.01,1.01
CN7,4M,16,4,2,0,0,0,0,0,0,360.99,1410.57,0.1,0.1,0.1,0.1,1.01,1.01,1.01,1.01
CN7,4M,16,4,3,0,0,0,0,0,0,389.59,1507.76,0.1,0.1,0.1,0.1,1.01,1.01,1.01,1.01
CN7,4M,16,4,4,0,0,0,0,0,0,422.00,1644.51,113.11,0.1,0.1,4.11,15.01,1.01,1.01,1.02
CN7,4M,16,4,5,0,0,0,0,0,0,372.40,1455.13,0.1,0.1,0.1,0.1,1.01,1.01,1.01,1.01
CN7,4M,16,16,1,0,0,0,0,0,0,368.87,1441.60,0.1,4.61,0.1,0.1,1.01,1.02,1.01,1.01
CN7,4M,16,16,2,0,0,0,0,0,0,390.49,1523.14,0.1,0.1,0.1,0.1,1.01,1.01,1.01,1.01
CN7,4M,16,16,3,0,0,0,0,0,0,386.77,1493.12,0.1,0.1,0.1,4.11,1.01,1.01,1.01,1.02
CN7,4M,16,16,4,0,0,0,0,0,0,404.28,1573.64,0.1,0.1,0.1,0.1,1.01,1.01,1.0,1.01
CN7,4M,16,16,5,0,0,0,0,0,0,391.96,1513.98,0.1,4.11,0.1,0.1,1.0,1.02,1.0,1.01
CN7,4M,32,1,1,0,0,0,0,0,0,342.65,1248.10,0.07,0.07,0.07,342.4,0.67,0.67,0.67,43.34
CN7,4M,32,1,2,0,0,0,0,0,0,343.43,1363.73,342.07,0.07,0.07,0.74,43.34,0.67,0.67,0.69
CN7,4M,32,1,3,0,0,0,0,0,0,360.10,1348.52,1.41,349.74,0.07,0.07,0.69,43.34,0.67,0.67
CN7,4M,32,1,4,0,0,0,0,0,0,299.76,1198.48,0.07,3.07,349.74,0.07,0.67,0.68,43.34,0.67
CN7,4M,32,1,5,0,0,0,0,0,0,335.57,1321.24,0.07,0.07,0.07,350.07,0.67,0.67,0.67,43.34
CN7,4M,32,4,1,0,0,0,0,0,0,297.92,1182.04,342.74,0.07,0.07,3.08,43.34,0.67,0.67,0.68
CN7,4M,32,4,2,0,0,0,0,0,0,351.16,1263.23,1.41,341.74,0.07,0.08,0.69,43.34,0.67,0.67
CN7,4M,32,4,3,0,0,0,0,0,0,287.37,1131.72,0.07,1.41,350.07,0.08,0.67,0.69,43.34,0.67
CN7,4M,32,4,4,0,0,0,0,0,0,339.33,1251.04,0.07,0.08,0.07,349.74,0.67,0.67,0.67,43.34
CN7,4M,32,4,5,0,0,0,0,0,0,280.52,1076.40,349.74,0.08,0.07,1.75,43.34,0.67,0.67,0.69
CN7,4M,32,16,1,0,0,0,0,0,0,315.20,1180.91,3.08,342.08,0.07,0.08,0.68,43.34,0.67,0.67
CN7,4M,32,16,2,0,0,0,0,0,0,334.98,1324.19,0.08,3.08,349.74,0.08,0.67,0.68,43.34,0.67
CN7,4M,32,16,3,0,0,0,0,0,0,379.07,1492.27,0.08,0.08,2.74,342.41,0.67,0.67,0.68,43.34
CN7,4M,32,16,4,0,0,0,0,0,0,379.40,1484.23,342.41,0.08,0.08,3.08,43.34,0.67,0.67,0.69
CN7,4M,32,16,5,0,0,0,0,0,0,328.83,1298.27,3.08,342.08,0.08,0.08,0.68,43.34,0.67,0.67
CN7,4M,64,1,1,0,0,0,0,0,0,324.79,1285.33,0.06,2.31,518.31,0.06,0.5,0.51,64.5,0.5
CN7,4M,64,1,2,0,0,0,0,0,0,348.23,1392.74,0.06,0.06,0.81,513.06,0.5,0.5,0.52,64.5
CN7,4M,64,1,3,0,0,0,0,0,0,495.08,1754.03,512.81,0.06,0.06,1.06,64.5,0.5,0.5,0.52
CN7,4M,64,1,4,0,0,0,0,0,0,376.53,1505.88,0.07,518.31,0.06,0.07,0.5,64.5,0.5,0.5
CN7,4M,64,1,5,0,0,0,0,0,0,454.75,1818.54,0.07,2.31,518.56,0.07,0.5,0.51,64.5,0.5
CN7,4M,64,4,1,0,0,0,0,0,0,412.97,1651.52,0.07,0.07,0.07,518.82,0.5,0.5,0.5,64.5
CN7,4M,64,4,2,0,0,0,0,0,0,357.57,1420.02,518.82,0.07,0.07,1.07,64.5,0.5,0.5,0.52
CN7,4M,64,4,3,0,0,0,0,0,0,368.31,1439.48,0.57,513.57,0.07,0.07,0.52,64.5,0.5,0.5
CN7,4M,64,4,4,0,0,0,0,0,0,348.12,1382.76,0.07,1.07,518.32,0.07,0.5,0.52,64.5,0.5
CN7,4M,64,4,5,0,0,0,0,0,0,346.94,1348.58,0.07,0.07,0.57,518.07,0.5,0.5,0.52,64.5
CN7,4M,64,16,1,0,0,0,0,0,0,459.73,1764.13,518.07,0.07,0.07,0.57,64.5,0.5,0.5,0.52
CN7,4M,64,16,2,0,0,0,0,0,0,278.17,1089.69,0.57,518.07,0.07,0.07,0.52,64.5,0.5,0.5
CN7,4M,64,16,3,0,0,0,0,0,0,400.39,1551.46,0.07,0.57,518.07,0.07,0.5,0.52,64.5,0.5
CN7,4M,64,16,4,0,0,0,0,0,0,375.85,1454.56,0.07,0.07,1.07,518.07,0.5,0.5,0.52,64.5
CN7,4M,64,16,5,0,0,0,0,0,0,375.91,1503.42,518.07,0.07,0.07,0.08,64.5,0.5,0.5,0.5
CN7,8M,1,1,1,0,0,0,0,0,0,124.26,887.94,2.15,0.14,0.14,0.15,1.04,1.01,1.01,1.01
CN7,8M,1,1,2,0,0,0,0,0,0,124.47,885.01,0.15,0.14,0.14,0.15,1.01,1.01,1.01,1.01
CN7,8M,1,1,3,0,0,0,0,0,0,124.43,889.66,0.15,0.14,0.14,0.15,1.01,1.01,1.01,1.01
CN7,8M,1,1,4,0,0,0,0,0,0,121.50,866.26,0.15,0.14,0.14,0.15,1.01,1.01,1.01,1.01
CN7,8M,1,1,5,0,0,0,0,0,0,124.47,889.50,0.15,0.14,0.14,0.15,1.01,1.01,1.01,1.01
CN7,8M,1,4,1,0,0,0,0,0,0,124.30,885.76,0.15,4.14,0.14,0.15,1.01,1.02,1.01,1.01
CN7,8M,1,4,2,0,0,0,0,0,0,126.47,904.70,0.15,0.14,0.14,0.15,1.01,1.01,1.01,1.01
CN7,8M,1,4,3,0,0,0,0,0,0,126.33,899.99,0.15,0.14,0.14,0.15,1.01,1.01,1.01,1.01
CN7,8M,1,4,4,0,0,0,0,0,0,121.19,867.20,2.15,1.15,0.14,0.15,1.03,1.01,1.01,1.01
CN7,8M,1,4,5,0,0,0,0,0,0,125.42,894.24,0.15,0.14,0.14,0.15,1.01,1.01,1.01,1.01
CN7,8M,1,16,1,0,0,0,0,0,0,137.57,974.20,0.15,0.14,0.14,1.66,1.01,1.01,1.01,1.01
CN7,8M,1,16,2,0,0,0,0,0,0,127.24,902.19,0.15,0.14,0.14,1.16,1.01,1.01,1.01,1.03
CN7,8M,1,16,3,0,0,0,0,0,0,130.99,930.90,4.15,0.14,0.14,0.15,1.02,1.01,1.01,1.01
CN7,8M,1,16,4,0,0,0,0,0,0,121.62,869.26,0.15,0.14,0.14,0.15,1.01,1.01,1.01,1.01
CN7,8M,1,16,5,0,0,0,0,0,0,125.26,895.50,0.15,0.14,0.14,0.15,1.01,1.01,1.01,1.01
CN7,8M,2,1,1,0,0,0,0,0,0,74.86,576.87,0.15,0.14,0.14,0.15,1.01,1.01,1.01,1.01
CN7,8M,2,1,2,0,0,0,0,0,0,72.01,555.68,0.15,0.14,0.14,0.15,1.01,1.01,1.01,1.01
CN7,8M,2,1,3,0,0,0,0,0,0,73.08,564.36,0.15,0.14,0.15,0.15,1.01,1.01,1.01,1.01
CN7,8M,2,1,4,0,0,0,0,0,0,73.47,567.49,0.15,0.14,4.15,0.15,1.01,1.01,1.02,1.01
CN7,8M,2,1,5,0,0,0,0,0,0,74.37,574.43,0.15,0.14,0.15,0.15,1.01,1.01,1.01,1.01
CN7,8M,2,4,1,0,0,0,0,0,0,72.45,559.70,4.15,0.14,0.15,0.15,1.03,1.01,1.01,1.01
CN7,8M,2,4,2,0,0,0,0,0,0,71.79,553.85,0.15,4.14,0.15,0.15,1.01,1.03,1.01,1.01
CN7,8M,2,4,3,0,0,0,0,0,0,72.49,559.97,0.15,0.14,0.15,2.15,1.01,1.01,1.01,1.02
CN7,8M,2,4,4,0,0,0,0,0,0,71.74,554.17,0.15,0.14,0.15,0.15,1.01,1.01,1.01,1.01
CN7,8M,2,4,5,0,0,0,0,0,0,72.57,559.31,4.16,0.15,0.15,0.15,1.02,1.01,1.01,1.01
CN7,8M,2,16,1,0,0,0,0,0,0,70.39,543.84,0.15,0.15,0.15,0.15,1.01,1.01,1.01,1.01
CN7,8M,2,16,2,0,0,0,0,0,0,73.96,570.35,0.15,0.15,2.15,0.15,1.01,1.01,1.03,1.01
CN7,8M,2,16,3,0,0,0,0,0,0,71.47,552.10,0.15,0.15,0.15,0.15,1.01,1.01,1.01,1.01
CN7,8M,2,16,4,0,0,0,0,0,0,72.40,558.71,0.15,0.15,0.15,0.15,1.01,1.01,1.01,1.01
CN7,8M,2,16,5,0,0,0,0,0,0,71.57,552.67,0.15,0.15,0.15,0.15,1.01,1.01,1.01,1.01
CN7,8M,4,1,1,0,0,0,0,0,0,128.48,992.40,0.15,0.15,4.15,0.15,1.01,1.01,1.03,1.01
CN7,8M,4,1,2,0,0,0,0,0,0,127.55,985.00,0.15,0.15,0.15,0.15,1.01,1.01,1.01,1.01
CN7,8M,4,1,3,0,0,0,0,0,0,133.11,1027.43,4.16,0.15,0.15,0.15,1.02,1.01,1.01,1.01
CN7,8M,4,1,4,0,0,0,0,0,0,133.52,1031.79,0.15,4.15,0.15,0.15,1.01,1.02,1.01,1.01
CN7,8M,4,1,5,0,0,0,0,0,0,126.38,978.38,0.15,0.15,0.15,0.15,1.01,1.01,1.01,1.01
CN7,8M,4,4,1,0,0,0,0,0,0,132.81,1026.25,0.15,0.15,0.15,0.15,1.01,1.01,1.01,1.01
CN7,8M,4,4,2,0,0,0,0,0,0,127.35,983.53,0.15,0.15,0.15,0.15,1.01,1.01,1.01,1.01
CN7,8M,4,4,3,0,0,0,0,0,0,135.08,1043.29,0.15,1.15,0.15,0.15,1.01,1.01,1.01,1.01
CN7,8M,4,4,4,0,0,0,0,0,0,127.28,985.86,0.15,0.15,2.15,0.66,1.01,1.01,1.03,1.01
CN7,8M,4,4,5,0,0,0,0,0,0,127.42,985.33,0.15,0.15,0.15,0.15,1.01,1.01,1.01,1.01
CN7,8M,4,16,1,0,0,0,0,0,0,134.14,1036.17,0.15,0.15,0.15,0.15,1.01,1.01,1.01,1.01
CN7,8M,4,16,2,0,0,0,0,0,0,132.84,1026.52,0.15,2.15,0.15,0.15,1.01,1.03,1.01,1.01
CN7,8M,4,16,3,0,0,0,0,0,0,131.49,1016.22,0.15,0.15,0.15,0.16,1.01,1.0,1.01,1.01
CN7,8M,4,16,4,0,0,0,0,0,0,130.78,1012.58,0.15,0.15,0.15,0.16,1.01,1.0,1.01,1.01
CN7,8M,4,16,5,0,0,0,0,0,0,126.81,980.46,4.16,0.15,0.15,0.16,1.02,1.0,1.01,1.01
CN7,8M,8,1,1,0,0,0,0,0,0,214.34,1669.48,0.15,0.15,0.15,0.16,1.01,1.0,1.01,1.01
CN7,8M,8,1,2,0,0,0,0,0,0,189.38,1479.41,0.15,0.15,1.65,1.16,1.01,1.0,1.01,1.01
CN7,8M,8,1,3,0,0,0,0,0,0,206.33,1606.03,0.15,0.15,0.15,0.16,1.01,1.0,1.01,1.01
CN7,8M,8,1,4,0,0,0,0,0,0,190.85,1333.47,0.15,0.15,0.15,0.16,1.01,1.0,1.01,1.01
CN7,8M,8,1,5,0,0,0,0,0,0,209.38,1630.65,0.15,4.66,0.15,0.16,1.01,1.02,1.01,1.01
CN7,8M,8,4,1,0,0,0,0,0,0,173.65,1362.27,0.15,0.15,4.66,0.16,1.01,1.0,1.02,1.01
CN7,8M,8,4,2,0,0,0,0,0,0,169.71,1330.04,0.16,0.15,0.15,0.16,1.01,1.0,1.0,1.01
CN7,8M,8,4,3,0,0,0,0,0,0,189.27,1478.52,2.16,1.16,0.15,0.16,1.03,1.0,1.0,1.01
CN7,8M,8,4,4,0,0,0,0,0,0,211.68,1648.01,0.16,0.15,0.15,0.16,1.01,1.0,1.0,1.01
CN7,8M,8,4,5,0,0,0,0,0,0,205.86,1606.02,0.16,0.15,1.66,0.66,1.01,1.0,1.01,1.01
CN7,8M,8,16,1,0,0,0,0,0,0,206.92,1611.71,0.16,0.15,0.15,0.16,1.01,1.0,1.0,1.01
CN7,8M,8,16,2,0,0,0,0,0,0,194.50,1513.94,0.16,0.15,0.15,0.16,1.01,1.0,1.0,1.01
CN7,8M,8,16,3,0,0,0,0,0,0,210.75,1641.96,0.16,0.15,0.15,0.16,1.01,1.0,1.0,1.01
CN7,8M,8,16,4,0,0,0,0,0,0,172.94,1353.15,0.16,0.15,4.66,0.17,1.01,1.0,1.02,1.01
CN7,8M,8,16,5,0,0,0,0,0,0,188.95,1474.30,0.16,0.15,0.15,0.17,1.01,1.0,1.0,1.01
CN7,8M,16,1,1,0,0,0,0,0,0,243.51,1917.71,5.16,249.66,0.15,0.17,1.12,32.13,1.0,1.01
CN7,8M,16,1,2,0,0,0,0,0,0,232.07,1822.06,0.16,0.16,0.16,0.17,1.01,1.0,1.0,1.01
CN7,8M,16,1,3,0,0,0,0,0,0,146.08,1153.42,0.16,0.16,5.16,164.66,1.0,1.0,1.12,21.51
CN7,8M,16,1,4,0,0,0,0,0,0,215.31,1543.37,0.17,0.16,0.16,0.17,1.01,1.0,1.0,1.01
CN7,8M,16,1,5,0,0,0,0,0,0,224.73,1773.88,0.17,0.16,0.16,0.17,1.01,1.0,1.0,1.01
CN7,8M,16,4,1,0,0,0,0,0,0,245.88,1927.08,0.17,4.66,256.16,0.17,1.01,1.02,33.0,1.01
CN7,8M,16,4,2,0,0,0,0,0,0,237.02,1869.71,0.17,0.16,0.16,73.67,1.01,1.0,1.0,10.19
CN7,8M,16,4,3,0,0,0,0,0,0,224.44,1769.81,0.17,0.16,0.16,4.67,1.01,1.0,1.0,1.03
CN7,8M,16,4,4,0,0,0,0,0,0,240.14,1892.77,0.17,0.17,0.16,0.17,1.01,1.0,1.0,1.01
CN7,8M,16,4,5,0,0,0,0,0,0,212.81,1677.78,0.17,1.17,304.66,0.17,1.01,1.03,39.0,1.01
CN7,8M,16,16,1,0,0,0,0,0,0,224.47,1771.21,0.17,0.17,0.16,145.17,1.01,1.0,1.0,19.13
CN7,8M,16,16,2,0,0,0,0,0,0,225.96,1780.51,336.67,0.17,0.16,0.17,43.01,1.0,1.0,1.01
CN7,8M,16,16,3,0,0,0,0,0,0,224.54,1771.11,1.17,0.67,0.16,0.17,1.01,1.0,1.0,1.01
CN7,8M,16,16,4,0,0,0,0,0,0,238.27,1822.97,0.17,4.67,386.16,0.17,1.01,1.03,49.0,1.01
CN7,8M,16,16,5,0,0,0,0,0,0,223.78,1725.33,0.17,0.17,0.17,113.17,1.01,1.0,1.0,15.13
CN7,8M,32,1,1,0,0,0,0,0,0,216.45,1715.52,684.45,0.11,0.11,3.12,86.0,0.67,0.67,0.68
CN7,8M,32,1,2,0,0,0,0,0,0,264.47,2114.96,3.12,683.44,0.11,0.12,0.68,86.0,0.67,0.67
CN7,8M,32,1,3,0,0,0,0,0,0,264.06,2099.71,0.12,3.12,691.44,0.12,0.67,0.69,86.0,0.67
CN7,8M,32,1,4,0,0,0,0,0,0,245.74,1961.60,0.12,0.12,3.11,684.78,0.67,0.67,0.68,86.0
CN7,8M,32,1,5,0,0,0,0,0,0,253.40,1919.70,691.12,0.12,0.12,3.12,86.0,0.67,0.67,0.69
CN7,8M,32,4,1,0,0,0,0,0,0,236.15,1874.66,3.12,684.45,0.11,0.12,0.69,86.0,0.67,0.67
CN7,8M,32,4,2,0,0,0,0,0,0,216.14,1711.39,0.12,3.12,691.78,0.12,0.67,0.69,86.0,0.67
CN7,8M,32,4,3,0,0,0,0,0,0,224.73,1787.41,0.12,0.12,3.12,685.45,0.67,0.67,0.69,86.0
CN7,8M,32,4,4,0,0,0,0,0,0,201.32,1597.95,684.12,0.12,0.12,3.13,86.0,0.67,0.67,0.69
CN7,8M,32,4,5,0,0,0,0,0,0,216.58,1732.32,3.13,691.12,0.12,0.13,0.69,86.0,0.67,0.67
CN7,8M,32,16,1,0,0,0,0,0,0,245.60,1946.26,0.13,1.46,691.45,0.13,0.67,0.69,86.0,0.67
CN7,8M,32,16,2,0,0,0,0,0,0,208.40,1666.88,0.13,0.13,0.79,691.46,0.67,0.67,0.69,86.0
CN7,8M,32,16,3,0,0,0,0,0,0,201.84,1543.52,691.46,0.13,0.13,1.46,86.0,0.67,0.67,0.69
CN7,8M,32,16,4,0,0,0,0,0,0,253.76,1927.92,3.13,691.13,0.13,0.13,0.69,86.0,0.67,0.67
CN7,8M,32,16,5,0,0,0,0,0,0,271.82,2151.54,0.13,3.13,691.46,0.13,0.67,0.69,86.0,0.67
CN7,8M,64,1,1,0,0,0,0,0,0,263.41,2088.22,0.1,0.1,2.35,1029.85,0.5,0.5,0.51,128.5
CN7,8M,64,1,2,0,0,0,0,0,0,274.70,2197.31,1024.1,0.1,0.1,0.6,128.5,0.5,0.5,0.52
CN7,8M,64,1,3,0,0,0,0,0,0,272.36,2178.64,0.61,1030.35,0.1,0.1,0.52,128.5,0.5,0.5
CN7,8M,64,1,4,0,0,0,0,0,0,293.42,2338.44,0.11,0.6,1030.6,0.1,0.5,0.52,128.5,0.5
CN7,8M,64,1,5,0,0,0,0,0,0,273.94,2191.21,0.11,0.1,0.1,1030.36,0.5,0.5,0.5,128.5
CN7,8M,64,4,1,0,0,0,0,0,0,240.91,1911.69,1030.11,0.1,0.1,0.61,128.5,0.5,0.5,0.52
CN7,8M,64,4,2,0,0,0,0,0,0,283.66,2220.04,1.11,1030.36,0.1,0.11,0.52,128.5,0.5,0.51
CN7,8M,64,4,3,0,0,0,0,0,0,288.34,2275.49,0.12,0.11,1030.36,0.11,0.51,0.51,128.5,0.51
CN7,8M,64,4,4,0,0,0,0,0,0,243.73,1940.42,0.12,0.11,0.61,1025.61,0.51,0.51,0.52,128.51
CN7,8M,64,4,5,0,0,0,0,0,0,265.57,2124.37,1025.12,0.11,0.11,0.62,128.51,0.51,0.51,0.52
CN7,8M,64,16,1,0,0,0,0,0,0,277.25,2217.76,0.5,820.49,0.09,0.1,0.42,102.8,0.4,0.4
CN7,8M,64,16,2,0,0,0,0,0,0,294.63,2356.75,0.12,0.12,1030.36,0.12,0.51,0.51,128.51,0.51
CN7,8M,64,16,3,0,0,0,0,0,0,282.62,2221.50,0.12,0.12,0.12,1030.37,0.51,0.51,0.51,128.51
CN7,8M,64,16,4,0,0,0,0,0,0,265.62,2124.72,1024.62,0.12,0.12,2.38,128.51,0.51,0.51,0.52
CN7,8M,64,16,5,0,0,0,0,0,0,264.48,2080.85,0.63,1025.62,2.37,0.13,0.52,128.51,0.52,0.51
CN7,16M,1,1,1,0,0,0,0,0,0,63.95,964.10,0.26,0.26,0.24,0.26,1.01,1.01,1.01,1.01
CN7,16M,1,1,2,0,0,0,0,0,0,62.82,945.77,0.26,0.26,0.24,0.26,1.01,1.01,1.01,1.01
CN7,16M,1,1,3,0,0,0,0,0,0,65.00,978.63,0.26,0.26,0.24,0.26,1.01,1.01,1.01,1.01
CN7,16M,1,1,4,0,0,0,0,0,0,64.40,968.89,4.26,0.26,0.24,0.26,1.03,1.01,1.01,1.01
CN7,16M,1,1,5,0,0,0,0,0,0,63.04,947.18,0.26,0.26,0.24,0.26,1.01,1.01,1.01,1.01
CN7,16M,1,4,1,0,0,0,0,0,0,62.93,948.86,0.26,0.26,0.24,0.26,1.01,1.01,1.01,1.01
CN7,16M,1,4,2,0,0,0,0,0,0,64.22,959.41,0.26,0.26,0.24,2.25,1.01,1.01,1.01,1.03
CN7,16M,1,4,3,0,0,0,0,0,0,64.28,968.38,0.26,0.26,0.24,0.26,1.01,1.01,1.01,1.01
CN7,16M,1,4,4,0,0,0,0,0,0,64.08,965.23,0.26,0.26,2.24,0.26,1.01,1.01,1.02,1.01
CN7,16M,1,4,5,0,0,0,0,0,0,62.74,944.12,0.26,0.26,0.24,0.26,1.01,1.01,1.01,1.01
CN7,16M,1,16,1,0,0,0,0,0,0,65.24,985.11,0.26,0.26,0.24,0.26,1.01,1.01,1.01,1.01
CN7,16M,1,16,2,0,0,0,0,0,0,63.03,949.02,0.26,0.26,0.24,0.26,1.01,1.01,1.01,1.01
CN7,16M,1,16,3,0,0,0,0,0,0,63.32,953.24,0.26,2.26,0.24,0.26,1.01,1.03,1.01,1.01
CN7,16M,1,16,4,0,0,0,0,0,0,64.50,970.93,0.26,0.26,0.24,0.26,1.01,1.01,1.01,1.01
CN7,16M,1,16,5,0,0,0,0,0,0,69.53,1042.40,0.26,0.26,0.24,0.26,1.01,1.01,1.01,1.01
CN7,16M,2,1,1,0,0,0,0,0,0,42.56,666.12,0.26,0.26,0.24,0.26,1.01,1.01,1.01,1.01
CN7,16M,2,1,2,0,0,0,0,0,0,41.18,645.14,0.26,0.26,0.24,0.26,1.01,1.01,1.01,1.01
CN7,16M,2,1,3,0,0,0,0,0,0,43.80,686.25,0.26,0.26,0.24,0.26,1.01,1.01,1.01,1.01
CN7,16M,2,1,4,0,0,0,0,0,0,40.27,630.87,0.26,0.26,0.24,0.26,1.01,1.01,1.01,1.01
CN7,16M,2,1,5,0,0,0,0,0,0,39.38,617.85,4.26,0.26,0.24,0.26,1.03,1.01,1.01,1.01
CN7,16M,2,4,1,0,0,0,0,0,0,39.18,614.76,0.26,1.26,0.24,0.26,1.01,1.02,1.01,1.01
CN7,16M,2,4,2,0,0,0,0,0,0,39.75,622.69,0.26,0.26,0.24,0.26,1.01,1.01,1.01,1.01
CN7,16M,2,4,3,0,0,0,0,0,0,44.05,689.19,0.26,0.26,0.24,0.26,1.01,1.01,1.01,1.01
CN7,16M,2,4,4,0,0,0,0,0,0,41.21,646.75,0.26,0.26,0.24,0.26,1.01,1.01,1.01,1.01
CN7,16M,2,4,5,0,0,0,0,0,0,43.12,675.16,0.26,4.26,0.24,0.26,1.01,1.03,1.01,1.01
CN7,16M,2,16,1,0,0,0,0,0,0,39.69,622.23,0.26,0.26,0.24,0.26,1.01,1.01,1.01,1.01
CN7,16M,2,16,2,0,0,0,0,0,0,43.99,688.68,0.26,0.26,0.24,0.26,1.01,1.01,1.01,1.01
CN7,16M,2,16,3,0,0,0,0,0,0,38.98,610.90,0.26,0.26,0.24,0.26,1.01,1.01,1.01,1.01
CN7,16M,2,16,4,0,0,0,0,0,0,42.20,661.33,0.26,1.26,0.24,0.26,1.01,1.02,1.01,1.01
CN7,16M,2,16,5,0,0,0,0,0,0,40.38,632.24,0.26,0.26,0.24,0.26,1.01,1.01,1.01,1.01
CN7,16M,4,1,1,0,0,0,0,0,0,75.93,1191.48,0.27,0.26,0.24,0.26,1.01,1.01,1.01,1.01
CN7,16M,4,1,2,0,0,0,0,0,0,72.48,1138.71,1.27,0.26,0.24,0.26,1.02,1.01,1.01,1.01
CN7,16M,4,1,3,0,0,0,0,0,0,74.90,1175.37,0.27,4.76,0.24,0.26,1.01,1.03,1.01,1.01
CN7,16M,4,1,4,0,0,0,0,0,0,75.51,1184.21,0.27,0.26,0.24,0.26,1.01,1.01,1.01,1.01
CN7,16M,4,1,5,0,0,0,0,0,0,77.34,1213.74,0.27,0.26,0.24,0.26,1.01,1.01,1.01,1.01
CN7,16M,4,4,1,0,0,0,0,0,0,75.48,1185.38,1.27,0.27,0.24,0.26,1.02,1.01,1.01,1.01
CN7,16M,4,4,2,0,0,0,0,0,0,72.77,1142.21,0.27,1.77,0.24,0.26,1.01,1.02,1.01,1.01
CN7,16M,4,4,3,0,0,0,0,0,0,73.29,1150.31,0.27,0.27,0.24,0.27,1.01,1.01,1.01,1.01
CN7,16M,4,4,4,0,0,0,0,0,0,75.37,1182.43,0.27,0.27,0.24,0.27,1.01,1.01,1.01,1.01
CN7,16M,4,4,5,0,0,0,0,0,0,74.71,1172.23,4.76,0.27,0.24,0.27,1.03,1.01,1.01,1.01
CN7,16M,4,16,1,0,0,0,0,0,0,77.40,1213.65,0.27,0.27,0.25,0.27,1.01,1.01,1.01,1.01
CN7,16M,4,16,2,0,0,0,0,0,0,73.55,1154.58,0.27,0.27,0.25,0.27,1.01,1.01,1.01,1.01
CN7,16M,4,16,3,0,0,0,0,0,0,72.24,1134.88,0.27,0.27,0.25,4.26,1.01,1.01,1.01,1.03
CN7,16M,4,16,4,0,0,0,0,0,0,72.00,1131.93,0.27,0.27,0.25,0.27,1.01,1.01,1.01,1.01
CN7,16M,4,16,5,0,0,0,0,0,0,71.85,1127.61,0.27,2.27,0.75,0.27,1.01,1.03,1.01,1.01
CN7,16M,8,1,1,0,0,0,0,0,0,116.04,1827.88,0.27,0.27,0.25,0.27,1.01,1.01,1.01,1.01
CN7,16M,8,1,2,0,0,0,0,0,0,95.12,1503.08,0.27,0.27,0.25,2.77,1.01,1.01,1.01,1.04
CN7,16M,8,1,3,0,0,0,0,0,0,122.98,1794.61,4.77,0.27,0.25,0.27,1.03,1.01,1.01,1.01
CN7,16M,8,1,4,0,0,0,0,0,0,118.94,1864.30,0.27,0.27,0.25,0.27,1.01,1.01,1.01,1.01
CN7,16M,8,1,5,0,0,0,0,0,0,120.62,1889.65,0.27,0.27,0.25,0.27,1.01,1.01,1.01,1.01
CN7,16M,8,4,1,0,0,0,0,0,0,112.80,1778.60,0.27,0.27,0.25,0.27,1.01,1.01,1.01,1.01
CN7,16M,8,4,2,0,0,0,0,0,0,116.26,1821.91,4.77,0.27,0.25,0.27,1.03,1.01,1.01,1.01
CN7,16M,8,4,3,0,0,0,0,0,0,118.95,1873.66,0.27,1.27,0.26,0.27,1.01,1.02,1.01,1.01
CN7,16M,8,4,4,0,0,0,0,0,0,125.44,1975.38,0.27,0.27,0.26,0.27,1.01,1.01,1.01,1.01
CN7,16M,8,4,5,0,0,0,0,0,0,106.56,1679.54,0.28,0.27,0.26,4.77,1.01,1.01,1.01,1.03
CN7,16M,8,16,1,0,0,0,0,0,0,114.00,1768.34,0.28,0.28,0.26,0.27,1.01,1.01,1.01,1.01
CN7,16M,8,16,2,0,0,0,0,0,0,104.20,1645.82,0.28,2.27,0.26,0.27,1.01,1.04,1.01,1.01
CN7,16M,8,16,3,0,0,0,0,0,0,114.29,1773.69,0.28,0.28,0.26,0.28,1.01,1.01,1.01,1.01
CN7,16M,8,16,4,0,0,0,0,0,0,121.64,1914.84,0.28,0.28,0.26,4.78,1.01,1.01,1.01,1.03
CN7,16M,8,16,5,0,0,0,0,0,0,103.63,1636.70,0.28,0.28,0.26,0.28,1.01,1.01,1.01,1.01
CN7,16M,16,1,1,0,0,0,0,0,0,126.16,2002.06,0.28,1.27,238.25,0.28,1.01,1.02,30.7,1.01
CN7,16M,16,1,2,0,0,0,0,0,0,124.31,1968.10,0.28,0.28,0.26,577.27,1.01,1.01,1.01,73.01
CN7,16M,16,1,3,0,0,0,0,0,0,124.53,1977.90,446.28,0.28,0.26,4.78,56.76,1.01,1.01,1.03
CN7,16M,16,1,4,0,0,0,0,0,0,116.52,1850.81,0.28,358.78,0.26,0.28,1.01,45.82,1.01,1.01
CN7,16M,16,1,5,0,0,0,0,0,0,118.99,1889.00,0.28,4.78,432.76,0.28,1.01,1.03,55.01,1.01
CN7,16M,16,4,1,0,0,0,0,0,0,127.35,2015.55,0.28,0.28,0.27,333.78,1.01,1.01,1.01,42.7
CN7,16M,16,4,2,0,0,0,0,0,0,127.67,2025.22,512.78,0.28,0.27,0.28,65.01,1.01,1.01,1.01
CN7,16M,16,4,3,0,0,0,0,0,0,132.47,2037.10,2.29,572.78,0.27,0.28,1.04,71.01,1.01,1.01
CN7,16M,16,4,4,0,0,0,0,0,0,121.14,1922.47,0.28,0.28,464.76,0.28,1.01,1.01,59.01,1.01
CN7,16M,16,4,5,0,0,0,0,0,0,121.70,1931.88,0.28,0.28,0.27,608.28,1.01,1.01,1.01,77.01
CN7,16M,16,16,1,0,0,0,0,0,0,121.70,1928.59,432.29,0.28,0.27,0.28,55.01,1.01,1.01,1.01
CN7,16M,16,16,2,0,0,0,0,0,0,127.48,2022.65,4.79,400.79,0.27,0.28,1.03,51.01,1.01,1.01
CN7,16M,16,16,3,0,0,0,0,0,0,126.62,2004.24,0.29,2.29,365.27,0.28,1.01,1.04,46.57,1.01
CN7,16M,16,16,4,0,0,0,0,0,0,123.75,1963.97,0.29,0.29,0.27,448.79,1.01,1.01,1.01,57.01
CN7,16M,16,16,5,0,0,0,0,0,0,131.80,2090.53,625.79,0.29,0.27,4.79,79.01,1.01,1.01,1.03
CN7,16M,32,1,1,0,0,0,0,0,0,138.00,2143.04,3.2,1366.53,0.18,0.19,0.69,171.34,0.67,0.68
CN7,16M,32,1,2,0,0,0,0,0,0,140.76,2234.46,0.2,1.54,1331.18,0.19,0.68,0.7,166.01,0.68
CN7,16M,32,1,3,0,0,0,0,0,0,104.01,1618.84,0.2,0.2,0.86,1367.53,0.68,0.68,0.7,171.34
CN7,16M,32,1,4,0,0,0,0,0,0,142.80,2201.84,1373.53,0.2,0.19,1.54,171.34,0.68,0.67,0.7
CN7,16M,32,1,5,0,0,0,0,0,0,147.76,2354.88,1.54,1373.87,0.19,0.2,0.7,171.34,0.67,0.68
CN7,16M,32,4,1,0,0,0,0,0,0,140.23,2169.53,0.21,0.88,1373.86,0.2,0.68,0.7,171.34,0.68
CN7,16M,32,4,2,0,0,0,0,0,0,142.44,2272.71,0.21,0.21,0.87,1367.54,0.68,0.68,0.69,171.34
CN7,16M,32,4,3,0,0,0,0,0,0,177.28,2822.49,1390.87,0.21,0.2,0.88,171.34,0.68,0.68,0.7
CN7,16M,32,4,4,0,0,0,0,0,0,155.15,2463.30,4.22,1348.21,0.2,0.21,0.75,166.01,0.68,0.68
CN7,16M,32,4,5,0,0,0,0,0,0,152.17,2417.09,0.22,4.56,1390.53,0.21,0.68,0.75,171.34,0.68
CN7,16M,32,16,1,0,0,0,0,0,0,147.38,2346.13,0.22,0.22,0.21,1390.88,0.68,0.68,0.68,171.34
CN7,16M,32,16,2,0,0,0,0,0,0,165.51,2647.67,1373.55,0.22,0.21,3.22,171.34,0.68,0.68,0.75
CN7,16M,32,16,3,0,0,0,0,0,0,158.04,2432.14,3.23,1267.22,0.21,0.22,0.7,158.01,0.68,0.68
CN7,16M,32,16,4,0,0,0,0,0,0,151.21,2364.62,0.23,0.23,1367.54,0.22,0.68,0.68,171.34,0.68
CN7,16M,32,16,5,0,0,0,0,0,0,141.41,2228.48,0.23,0.23,0.22,1373.89,0.68,0.68,0.68,171.34
CN7,16M,64,1,1,0,0,0,0,0,0,183.39,2915.98,1508.94,0.14,0.13,1.94,188.41,0.41,0.41,0.42
CN7,16M,64,1,2,0,0,0,0,0,0,161.77,2562.42,0.15,1598.74,1.93,0.14,0.41,199.61,0.42,0.41
CN7,16M,64,1,3,0,0,0,0,0,0,162.02,2578.38,0.15,0.15,1342.73,0.14,0.41,0.41,167.61,0.41
CN7,16M,64,1,4,0,0,0,0,0,0,161.31,2580.76,0.15,0.15,0.54,1643.54,0.41,0.41,0.42,205.21
CN7,16M,64,1,5,0,0,0,0,0,0,151.35,2410.24,1643.35,0.15,0.14,0.15,205.21,0.41,0.41,0.41
CN7,16M,64,4,1,0,0,0,0,0,0,150.64,2387.77,0.16,1457.75,0.14,0.15,0.41,182.01,0.41,0.41
CN7,16M,64,4,2,0,0,0,0,0,0,160.26,2564.08,0.16,0.16,1643.54,0.15,0.41,0.41,205.21,0.41
CN7,16M,64,4,3,0,0,0,0,0,0,155.47,2487.44,0.16,0.16,0.15,1643.55,0.41,0.41,0.41,205.21
CN7,16M,64,4,4,0,0,0,0,0,0,177.29,2836.37,2054.2,0.2,0.19,0.7,256.51,0.51,0.51,0.53
CN7,16M,64,4,5,0,0,0,0,0,0,167.74,2668.44,1.97,1638.76,0.15,0.16,0.43,205.21,0.41,0.41
CN7,16M,64,16,1,0,0,0,0,0,0,154.38,2469.91,0.17,0.17,1643.55,0.16,0.41,0.41,205.21,0.41
CN7,16M,64,16,2,0,0,0,0,0,0,164.89,2637.94,0.17,0.17,0.17,1605.16,0.41,0.41,0.41,200.41
CN7,16M,64,16,3,0,0,0,0,0,0,149.58,2391.14,1483.37,0.17,0.17,0.18,185.21,0.41,0.41,0.41
CN7,16M,64,16,4,0,0,0,0,0,0,176.03,2816.36,0.18,1521.77,0.17,0.18,0.41,190.01,0.41,0.41
CN7,16M,64,16,5,0,0,0,0,0,0,174.87,2797.74,0.18,0.18,1643.57,0.18,0.41,0.41,205.21,0.41
CN7,32M,1,1,1,0,0,0,0,0,0,33.11,1026.72,0.46,0.46,0.45,0.44,1.03,1.03,1.03,1.03
CN7,32M,1,1,2,0,0,0,0,0,0,32.54,1008.42,0.46,0.46,0.45,1.44,1.03,1.03,1.03,1.03
CN7,32M,1,1,3,0,0,0,0,0,0,33.56,1040.61,0.46,0.46,0.45,0.44,1.03,1.03,1.03,1.03
CN7,32M,1,1,4,0,0,0,0,0,0,32.29,1001.03,0.46,0.46,2.94,0.44,1.03,1.03,1.05,1.03
CN7,32M,1,1,5,0,0,0,0,0,0,33.86,1052.05,0.46,0.46,0.45,0.44,1.03,1.03,1.03,1.03
CN7,32M,1,4,1,0,0,0,0,0,0,32.59,1010.26,0.46,0.46,0.45,0.44,1.03,1.03,1.03,1.03
CN7,32M,1,4,2,0,0,0,0,0,0,31.54,978.27,0.46,0.46,0.45,0.44,1.03,1.03,1.03,1.03
CN7,32M,1,4,3,0,0,0,0,0,0,33.77,1047.65,0.46,0.46,0.45,0.44,1.03,1.03,1.03,1.03
CN7,32M,1,4,4,0,0,0,0,0,0,32.93,1023.10,0.46,0.46,0.45,0.44,1.03,1.03,1.03,1.03
CN7,32M,1,4,5,0,0,0,0,0,0,33.16,1027.29,0.46,0.46,0.45,0.44,1.03,1.03,1.03,1.03
CN7,32M,1,16,1,0,0,0,0,0,0,33.93,1052.84,4.46,0.46,0.45,0.44,1.05,1.03,1.03,1.03
CN7,32M,1,16,2,0,0,0,0,0,0,33.83,1047.95,0.46,0.46,0.45,0.44,1.03,1.03,1.03,1.03
CN7,32M,1,16,3,0,0,0,0,0,0,33.14,1027.80,0.46,0.46,0.45,0.44,1.03,1.03,1.03,1.03
CN7,32M,1,16,4,0,0,0,0,0,0,32.35,1002.90,0.46,0.46,0.45,0.44,1.03,1.03,1.03,1.03
CN7,32M,1,16,5,0,0,0,0,0,0,34.11,1055.10,4.46,0.46,0.45,0.44,1.05,1.03,1.03,1.03
CN7,32M,2,1,1,0,0,0,0,0,0,23.68,749.60,0.46,0.46,0.45,0.44,1.03,1.03,1.03,1.03
CN7,32M,2,1,2,0,0,0,0,0,0,21.94,694.22,0.46,0.46,0.45,0.45,1.03,1.03,1.03,1.03
CN7,32M,2,1,3,0,0,0,0,0,0,24.22,766.11,0.46,0.46,0.45,4.45,1.03,1.03,1.03,1.05
CN7,32M,2,1,4,0,0,0,0,0,0,22.73,719.01,0.46,0.47,0.45,0.45,1.03,1.03,1.03,1.03
CN7,32M,2,1,5,0,0,0,0,0,0,21.99,696.17,0.46,0.47,0.45,0.45,1.03,1.03,1.03,1.03
CN7,32M,2,4,1,0,0,0,0,0,0,21.47,680.12,0.46,0.47,0.45,0.45,1.03,1.03,1.03,1.03
CN7,32M,2,4,2,0,0,0,0,0,0,23.00,727.56,0.46,0.47,0.45,4.45,1.03,1.03,1.03,1.05
CN7,32M,2,4,3,0,0,0,0,0,0,23.05,729.29,4.46,0.47,0.45,0.45,1.05,1.03,1.03,1.03
CN7,32M,2,4,4,0,0,0,0,0,0,22.02,697.34,0.46,0.47,0.45,0.45,1.03,1.03,1.03,1.03
CN7,32M,2,4,5,0,0,0,0,0,0,22.28,705.53,0.46,0.47,0.45,0.45,1.03,1.03,1.03,1.03
CN7,32M,2,16,1,0,0,0,0,0,0,20.93,662.50,0.46,0.47,0.45,0.45,1.03,1.03,1.03,1.03
CN7,32M,2,16,2,0,0,0,0,0,0,22.42,709.56,1.46,0.47,0.45,0.45,1.03,1.03,1.03,1.03
CN7,32M,2,16,3,0,0,0,0,0,0,23.52,744.16,0.46,0.47,0.45,0.45,1.03,1.03,1.03,1.03
CN7,32M,2,16,4,0,0,0,0,0,0,23.19,733.75,0.46,0.47,0.45,0.45,1.03,1.03,1.03,1.03
CN7,32M,2,16,5,0,0,0,0,0,0,22.23,703.48,0.46,0.47,0.45,4.45,1.03,1.03,1.03,1.05
CN7,32M,4,1,1,0,0,0,0,0,0,40.27,1276.20,0.46,0.47,0.45,0.45,1.03,1.03,1.03,1.03
CN7,32M,4,1,2,0,0,0,0,0,0,40.36,1278.22,0.46,1.47,0.46,0.45,1.03,1.05,1.03,1.03
CN7,32M,4,1,3,0,0,0,0,0,0,37.84,1199.62,0.46,0.47,0.46,8.95,1.03,1.03,1.03,2.09
CN7,32M,4,1,4,0,0,0,0,0,0,41.91,1328.12,0.47,0.47,0.46,1.95,1.03,1.03,1.03,1.03
CN7,32M,4,1,5,0,0,0,0,0,0,38.51,1220.93,4.96,0.47,0.46,0.45,1.05,1.03,1.03,1.03
CN7,32M,4,4,1,0,0,0,0,0,0,40.19,1273.65,0.47,0.47,0.46,0.45,1.03,1.03,1.03,1.03
CN7,32M,4,4,2,0,0,0,0,0,0,41.07,1299.88,0.47,0.47,0.46,0.46,1.03,1.03,1.03,1.03
CN7,32M,4,4,3,0,0,0,0,0,0,36.78,1165.82,0.97,0.47,0.46,1.96,1.03,1.03,1.03,1.03
CN7,32M,4,4,4,0,0,0,0,0,0,43.03,1362.60,4.96,0.47,0.46,0.46,1.05,1.03,1.03,1.03
CN7,32M,4,4,5,0,0,0,0,0,0,41.17,1304.57,0.47,0.47,0.46,0.46,1.03,1.03,1.03,1.03
CN7,32M,4,16,1,0,0,0,0,0,0,41.05,1300.29,0.47,0.47,0.46,0.46,1.03,1.03,1.03,1.03
CN7,32M,4,16,2,0,0,0,0,0,0,39.66,1257.13,0.47,0.47,0.46,0.46,1.03,1.03,1.03,1.03
CN7,32M,4,16,3,0,0,0,0,0,0,40.19,1273.78,2.47,0.48,0.46,0.46,1.05,1.03,1.03,1.03
CN7,32M,4,16,4,0,0,0,0,0,0,36.31,1151.60,0.47,0.48,23.46,0.46,1.03,1.03,3.9,1.03
CN7,32M,4,16,5,0,0,0,0,0,0,38.77,1229.07,0.47,0.48,1.47,0.46,1.03,1.03,1.05,1.03
CN7,32M,8,1,1,0,0,0,0,0,0,56.33,1790.62,228.47,0.48,0.47,0.46,29.53,1.03,1.03,1.03
CN7,32M,8,1,2,0,0,0,0,0,0,57.29,1821.03,2.48,0.48,0.47,0.46,1.06,1.03,1.03,1.03
CN7,32M,8,1,3,0,0,0,0,0,0,51.88,1650.85,0.47,0.48,512.47,0.46,1.03,1.03,65.03,1.03
CN7,32M,8,1,4,0,0,0,0,0,0,59.92,1903.54,0.47,0.48,0.47,111.97,1.03,1.03,1.03,14.97
CN7,32M,8,1,5,0,0,0,0,0,0,66.98,2127.38,36.48,0.48,0.47,4.96,5.53,1.03,1.03,1.05
CN7,32M,8,4,1,0,0,0,0,0,0,64.78,2056.48,0.48,47.48,0.47,0.47,1.03,6.91,1.03,1.03
CN7,32M,8,4,2,0,0,0,0,0,0,70.12,2226.86,0.48,4.99,19.47,0.47,1.03,1.05,3.4,1.03
CN7,32M,8,4,3,0,0,0,0,0,0,58.41,1856.69,0.48,0.48,0.47,216.97,1.03,1.03,1.03,28.09
CN7,32M,8,4,4,0,0,0,0,0,0,68.58,2176.41,0.48,0.48,0.47,0.47,1.03,1.03,1.03,1.03
CN7,32M,8,4,5,0,0,0,0,0,0,62.55,1986.62,1.48,94.99,0.47,0.47,1.03,12.78,1.03,1.03
CN7,32M,8,16,1,0,0,0,0,0,0,63.81,2025.70,0.48,4.99,0.47,0.47,1.03,1.05,1.03,1.03
CN7,32M,8,16,2,0,0,0,0,0,0,61.98,1969.27,0.48,0.49,0.47,38.47,1.03,1.03,1.03,5.65
CN7,32M,8,16,3,0,0,0,0,0,0,67.12,2129.86,0.48,0.49,0.47,4.97,1.03,1.03,1.03,1.05
CN7,32M,8,16,4,0,0,0,0,0,0,66.12,2067.68,0.48,131.0,0.47,0.47,1.03,17.34,1.03,1.03
CN7,32M,8,16,5,0,0,0,0,0,0,57.51,1828.01,0.48,5.0,253.47,0.47,1.03,1.05,32.65,1.03
CN7,32M,16,1,1,0,0,0,0,0,0,64.51,2054.55,0.32,0.33,0.32,620.31,0.69,0.69,0.69,78.02
CN7,32M,16,1,2,0,0,0,0,0,0,65.11,2075.30,992.99,0.49,0.48,0.48,125.03,1.03,1.03,1.03
CN7,32M,16,1,3,0,0,0,0,0,0,71.71,2285.26,5.0,912.5,0.48,0.48,1.05,115.03,1.03,1.03
CN7,32M,16,1,4,0,0,0,0,0,0,66.60,2122.27,0.33,3.33,619.32,0.32,0.69,0.7,78.02,0.69
CN7,32M,16,1,5,0,0,0,0,0,0,69.27,2207.95,0.49,0.5,0.48,848.98,1.03,1.03,1.03,107.03
CN7,32M,16,4,1,0,0,0,0,0,0,67.12,2137.17,765.66,0.33,0.32,1.66,95.35,0.69,0.69,0.71
CN7,32M,16,4,2,0,0,0,0,0,0,66.14,2107.87,1.67,729.33,0.32,0.32,0.71,91.77,0.69,0.69
CN7,32M,16,4,3,0,0,0,0,0,0,66.49,2118.26,0.33,3.34,711.32,0.32,0.69,0.7,88.69,0.69
CN7,32M,16,4,4,0,0,0,0,0,0,66.56,2121.50,0.5,0.51,0.49,848.99,1.03,1.03,1.03,107.03
CN7,32M,16,4,5,0,0,0,0,0,0,61.03,1945.45,945.0,0.51,0.49,5.0,119.03,1.03,1.03,1.05
CN7,32M,16,16,1,0,0,0,0,0,0,65.80,2083.01,5.01,944.51,0.49,0.49,1.06,119.03,1.03,1.03
CN7,32M,16,16,2,0,0,0,0,0,0,67.45,2146.22,0.34,1.68,577.33,0.33,0.69,0.71,72.69,0.69
CN7,32M,16,16,3,0,0,0,0,0,0,63.62,2027.38,0.51,0.52,0.5,880.5,1.03,1.03,1.03,111.03
CN7,32M,16,16,4,0,0,0,0,0,0,62.98,2008.25,1057.01,0.52,0.5,5.0,133.03,1.03,1.03,1.05
CN7,32M,16,16,5,0,0,0,0,0,0,71.61,2281.51,5.02,896.52,0.5,0.5,1.06,113.03,1.03,1.03
CN7,32M,32,1,1,0,0,0,0,0,0,76.58,2443.51,0.35,3.35,2259.0,0.33,0.69,0.7,282.02,0.69
CN7,32M,32,1,2,0,0,0,0,0,0,67.45,2153.01,0.26,0.26,0.76,1958.25,0.52,0.52,0.53,244.52
CN7,32M,32,1,3,0,0,0,0,0,0,76.56,2449.89,1582.26,0.26,0.26,0.77,197.52,0.52,0.52,0.54
CN7,32M,32,1,4,0,0,0,0,0,0,83.56,2666.96,0.77,1368.76,0.26,0.27,0.53,171.52,0.52,0.52
CN7,32M,32,1,5,0,0,0,0,0,0,94.40,3009.46,0.36,1.03,2113.02,0.35,0.69,0.71,264.69,0.69
CN7,32M,32,4,1,0,0,0,0,0,0,81.39,2597.73,0.27,0.27,0.78,1638.27,0.52,0.52,0.53,204.52
CN7,32M,32,4,2,0,0,0,0,0,0,83.25,2663.76,1606.27,0.27,0.28,1.27,200.52,0.52,0.52,0.54
CN7,32M,32,4,3,0,0,0,0,0,0,78.72,2473.43,1.28,1438.27,0.28,0.28,0.54,179.52,0.52,0.52
CN7,32M,32,4,4,0,0,0,0,0,0,84.82,2702.27,0.28,0.78,1798.28,0.28,0.52,0.53,224.52,0.52
CN7,32M,32,4,5,0,0,0,0,0,0,80.61,2577.50,0.28,0.28,0.79,1750.28,0.52,0.52,0.54,218.52
CN7,32M,32,16,1,0,0,0,0,0,0,78.87,2481.93,1566.28,0.28,0.29,0.79,195.52,0.52,0.52,0.54
CN7,32M,32,16,2,0,0,0,0,0,0,84.20,2685.98,1.29,1560.78,0.29,0.29,0.54,195.52,0.52,0.52
CN7,32M,32,16,3,0,0,0,0,0,0,83.36,2576.44,0.29,0.79,1638.29,0.29,0.52,0.54,204.52,0.52
CN7,32M,32,16,4,0,0,0,0,0,0,80.21,2558.12,0.29,0.29,0.8,1454.29,0.52,0.52,0.54,181.52
CN7,32M,32,16,5,0,0,0,0,0,0,80.39,2565.34,1473.04,0.29,0.3,0.8,184.52,0.52,0.52,0.54
CN7,32M,64,1,1,0,0,0,0,0,0,86.16,2757.03,0.54,2073.53,0.2,0.2,0.36,259.01,0.35,0.35
CN7,32M,64,1,2,0,0,0,0,0,0,85.12,2723.70,0.2,1.88,2137.53,0.2,0.35,0.36,267.01,0.35
CN7,32M,64,1,3,0,0,0,0,0,0,90.44,2849.34,0.2,0.21,0.21,1721.53,0.35,0.35,0.35,215.01
CN7,32M,64,1,4,0,0,0,0,0,0,76.61,2436.86,1541.17,0.18,0.18,0.18,192.87,0.3,0.3,0.3
CN7,32M,64,1,5,0,0,0,0,0,0,83.06,2603.13,1.71,1424.55,0.21,0.21,0.36,178.35,0.35,0.35
CN7,32M,64,4,1,0,0,0,0,0,0,88.16,2775.10,0.18,1.33,981.33,0.18,0.3,0.31,122.58,0.3
CN7,32M,64,4,2,0,0,0,0,0,0,84.55,2705.59,0.21,0.22,0.22,1940.21,0.35,0.35,0.35,242.35
CN7,32M,64,4,3,0,0,0,0,0,0,83.62,2675.59,1316.21,0.22,0.22,1.39,164.35,0.35,0.35,0.36
CN7,32M,64,4,4,0,0,0,0,0,0,91.07,2909.72,1.39,2302.89,0.22,0.23,0.36,287.68,0.35,0.35
CN7,32M,64,4,5,0,0,0,0,0,0,76.81,2438.64,0.23,1.41,1833.56,0.23,0.35,0.37,229.02,0.35
CN7,32M,64,16,1,0,0,0,0,0,0,89.77,2868.36,0.19,0.2,0.2,1695.05,0.3,0.3,0.3,211.73
CN7,32M,64,16,2,0,0,0,0,0,0,79.44,2538.92,1571.05,0.2,0.2,0.21,196.3,0.3,0.3,0.3
CN7,32M,64,16,3,0,0,0,0,0,0,92.13,2920.94,1.74,1470.24,0.24,0.24,0.37,183.69,0.35,0.35
CN7,32M,64,16,4,0,0,0,0,0,0,87.93,2813.72,0.29,0.3,2571.88,0.29,0.42,0.42,321.22,0.42
CN7,32M,64,16,5,0,0,0,0,0,0,77.36,2475.55,0.24,0.25,0.25,1737.57,0.35,0.35,0.35,217.02
CN7,64M,1,1,1,0,0,0,0,0,0,18.06,1136.45,0.71,0.74,0.76,0.76,1.06,1.06,1.06,1.06
CN7,64M,1,1,2,0,0,0,0,0,0,18.44,1159.25,4.71,0.74,5.25,0.76,1.14,1.06,1.11,1.06
CN7,64M,1,1,3,0,0,0,0,0,0,19.16,1204.23,0.71,0.74,0.76,0.76,1.06,1.06,1.06,1.06
CN7,64M,1,1,4,0,0,0,0,0,0,19.05,1197.21,0.71,0.74,0.76,0.76,1.06,1.06,1.06,1.06
CN7,64M,1,1,5,0,0,0,0,0,0,18.58,1169.51,0.71,0.74,0.76,0.76,1.06,1.06,1.06,1.06
CN7,64M,1,4,1,0,0,0,0,0,0,18.61,1170.40,0.71,0.75,0.76,0.76,1.06,1.06,1.06,1.06
CN7,64M,1,4,2,0,0,0,0,0,0,18.40,1157.42,0.71,4.75,0.76,0.76,1.05,1.08,1.06,1.06
CN7,64M,1,4,3,0,0,0,0,0,0,18.63,1171.40,0.71,0.75,0.76,0.76,1.05,1.06,1.06,1.06
CN7,64M,1,4,4,0,0,0,0,0,0,19.11,1201.03,0.72,0.75,0.76,2.76,1.05,1.06,1.06,1.08
CN7,64M,1,4,5,0,0,0,0,0,0,18.57,1168.78,0.72,0.75,0.76,0.76,1.05,1.06,1.06,1.06
CN7,64M,1,16,1,0,0,0,0,0,0,18.44,1160.11,0.72,0.75,0.76,0.76,1.05,1.06,1.06,1.06
CN7,64M,1,16,2,0,0,0,0,0,0,19.17,1206.53,0.72,0.75,0.76,0.76,1.05,1.06,1.06,1.06
CN7,64M,1,16,3,0,0,0,0,0,0,19.31,1213.72,0.72,0.75,0.76,0.76,1.05,1.06,1.06,1.06
CN7,64M,1,16,4,0,0,0,0,0,0,18.57,1168.48,4.72,0.75,0.76,0.76,1.07,1.06,1.06,1.06
CN7,64M,1,16,5,0,0,0,0,0,0,18.54,1164.29,0.72,0.75,0.76,0.76,1.05,1.06,1.06,1.06
CN7,64M,2,1,1,0,0,0,0,0,0,12.04,766.36,0.72,0.75,0.76,176.76,1.05,1.06,1.06,23.06
CN7,64M,2,1,2,0,0,0,0,0,0,12.30,782.25,192.72,0.75,0.76,4.76,25.05,1.06,1.06,1.08
CN7,64M,2,1,3,0,0,0,0,0,0,11.90,757.31,4.72,144.75,0.76,0.77,1.07,19.06,1.06,1.06
CN7,64M,2,1,4,0,0,0,0,0,0,12.20,775.96,0.72,0.76,193.26,0.77,1.05,1.06,25.06,1.06
CN7,64M,2,1,5,0,0,0,0,0,0,12.05,766.42,0.72,0.76,0.77,176.76,1.05,1.06,1.06,23.06
CN7,64M,2,4,1,0,0,0,0,0,0,12.22,777.92,192.72,0.76,0.77,0.77,25.05,1.06,1.06,1.06
CN7,64M,2,4,2,0,0,0,0,0,0,12.16,773.23,0.72,192.75,0.77,0.77,1.05,25.06,1.06,1.06
CN7,64M,2,4,3,0,0,0,0,0,0,11.86,754.88,0.72,0.76,224.76,0.77,1.05,1.06,29.06,1.06
CN7,64M,2,4,4,0,0,0,0,0,0,12.43,790.89,0.72,0.76,0.77,161.27,1.05,1.06,1.06,21.06
CN7,64M,2,4,5,0,0,0,0,0,0,12.86,817.72,192.72,0.76,0.77,0.77,25.05,1.06,1.06,1.06
CN7,64M,2,16,1,0,0,0,0,0,0,12.60,801.74,4.73,176.76,0.77,0.77,1.07,23.06,1.06,1.06
CN7,64M,2,16,2,0,0,0,0,0,0,11.53,733.84,0.73,0.76,160.77,0.77,1.05,1.06,21.06,1.06
CN7,64M,2,16,3,0,0,0,0,0,0,12.02,764.45,0.73,0.76,0.77,192.77,1.05,1.06,1.06,25.06
CN7,64M,2,16,4,0,0,0,0,0,0,12.05,766.46,160.73,0.76,0.77,4.78,21.06,1.06,1.06,1.08
CN7,64M,2,16,5,0,0,0,0,0,0,12.36,786.11,4.73,193.26,0.77,0.78,1.07,25.06,1.06,1.06
CN7,64M,4,1,1,0,0,0,0,0,0,20.66,1316.15,0.73,5.26,401.27,0.78,1.06,1.08,51.06,1.06
CN7,64M,4,1,2,0,0,0,0,0,0,22.04,1402.84,0.73,0.77,0.78,289.27,1.05,1.06,1.06,37.06
CN7,64M,4,1,3,0,0,0,0,0,0,22.07,1404.99,320.74,0.76,0.78,5.28,41.06,1.06,1.06,1.08
CN7,64M,4,1,4,0,0,0,0,0,0,21.87,1392.13,0.73,337.26,0.78,0.78,1.06,43.06,1.06,1.06
CN7,64M,4,1,5,0,0,0,0,0,0,22.11,1407.34,0.73,5.26,353.27,0.78,1.06,1.08,45.06,1.06
CN7,64M,4,4,1,0,0,0,0,0,0,19.72,1256.44,0.73,0.77,0.78,465.28,1.06,1.06,1.06,59.06
CN7,64M,4,4,2,0,0,0,0,0,0,22.52,1433.26,337.24,0.77,0.78,0.78,43.06,1.06,1.06,1.06
CN7,64M,4,4,3,0,0,0,0,0,0,20.38,1298.22,5.24,513.27,0.78,0.78,1.08,65.06,1.06,1.06
CN7,64M,4,4,4,0,0,0,0,0,0,21.32,1357.61,0.74,2.77,337.78,0.78,1.06,1.09,43.06,1.06
CN7,64M,4,4,5,0,0,0,0,0,0,21.27,1353.99,0.74,0.77,0.78,288.79,1.06,1.06,1.06,37.06
CN7,64M,4,16,1,0,0,0,0,0,0,19.01,1210.88,529.24,0.77,0.78,5.29,67.06,1.06,1.06,1.08
CN7,64M,4,16,2,0,0,0,0,0,0,22.05,1403.04,0.74,353.27,0.78,0.79,1.06,45.06,1.06,1.06
CN7,64M,4,16,3,0,0,0,0,0,0,22.15,1410.27,0.74,5.28,353.29,0.79,1.06,1.08,45.06,1.06
CN7,64M,4,16,4,0,0,0,0,0,0,19.23,1224.70,0.74,0.78,0.79,464.79,1.06,1.06,1.06,59.06
CN7,64M,4,16,5,0,0,0,0,0,0,20.31,1293.56,513.25,0.78,0.79,0.79,65.06,1.06,1.06,1.06
CN7,64M,8,1,1,0,0,0,0,0,0,33.50,2135.35,5.25,865.28,0.79,0.79,1.08,109.06,1.06,1.06
CN7,64M,8,1,2,0,0,0,0,0,0,29.68,1892.83,0.5,1.86,523.53,0.53,0.7,0.73,66.04,0.71
CN7,64M,8,1,3,0,0,0,0,0,0,28.48,1816.62,0.75,0.79,0.8,848.79,1.06,1.06,1.06,107.06
CN7,64M,8,1,4,0,0,0,0,0,0,30.20,1926.44,912.75,0.79,0.8,5.3,115.06,1.06,1.06,1.09
CN7,64M,8,1,5,0,0,0,0,0,0,37.41,2382.92,5.26,689.28,0.8,0.8,1.08,87.06,1.06,1.06
CN7,64M,8,4,1,0,0,0,0,0,0,28.81,1837.63,0.76,5.29,1008.79,0.8,1.06,1.08,127.06,1.06
CN7,64M,8,4,2,0,0,0,0,0,0,34.35,2189.43,0.76,0.79,0.81,624.8,1.06,1.06,1.06,79.06
CN7,64M,8,4,3,0,0,0,0,0,0,31.31,1995.84,1025.26,0.79,0.81,5.3,129.06,1.06,1.06,1.09
CN7,64M,8,4,4,0,0,0,0,0,0,31.14,1985.95,2.77,1009.79,0.81,0.81,1.09,127.06,1.06,1.06
CN7,64M,8,4,5,0,0,0,0,0,0,30.65,1954.53,0.77,5.3,896.8,0.81,1.06,1.09,113.06,1.06
CN7,64M,8,16,1,0,0,0,0,0,0,31.68,2020.21,0.77,0.8,0.81,896.8,1.06,1.06,1.06,113.06
CN7,64M,8,16,2,0,0,0,0,0,0,30.79,1962.87,993.27,0.8,0.81,5.31,125.06,1.06,1.06,1.09
CN7,64M,8,16,3,0,0,0,0,0,0,29.28,1867.13,5.28,881.3,0.81,0.81,1.08,111.06,1.06,1.06
CN7,64M,8,16,4,0,0,0,0,0,0,33.94,2162.87,0.78,5.31,754.82,0.81,1.06,1.09,95.07,1.06
CN7,64M,8,16,5,0,0,0,0,0,0,33.16,2114.00,0.78,0.81,0.82,832.82,1.06,1.06,1.06,105.06
CN7,64M,16,1,1,0,0,0,0,0,0,32.60,2082.19,1495.52,0.54,0.55,3.55,187.54,0.71,0.71,0.73
CN7,64M,16,1,2,0,0,0,0,0,0,34.42,2198.05,1.2,1078.21,0.55,0.55,0.73,135.37,0.71,0.71
CN7,64M,16,1,3,0,0,0,0,0,0,35.00,2234.66,0.53,1.21,1399.21,0.55,0.71,0.73,175.38,0.71
CN7,64M,16,1,4,0,0,0,0,0,0,35.37,2258.48,0.53,0.55,1.22,1382.55,0.71,0.71,0.73,173.46
CN7,64M,16,1,5,0,0,0,0,0,0,32.85,2098.19,1269.2,0.55,0.56,1.22,159.25,0.71,0.71,0.73
CN7,64M,16,4,1,0,0,0,0,0,0,35.09,2240.73,1.21,1067.55,0.56,0.56,0.73,134.04,0.71,0.71
CN7,64M,16,4,2,0,0,0,0,0,0,35.80,2286.17,0.54,1.22,1328.22,0.56,0.71,0.73,166.67,0.71
CN7,64M,16,4,3,0,0,0,0,0,0,34.29,2189.93,0.54,0.56,1.23,1302.89,0.71,0.71,0.73,163.38
CN7,64M,16,4,4,0,0,0,0,0,0,35.14,2244.29,1142.54,0.56,0.57,3.57,143.37,0.71,0.71,0.73
CN7,64M,16,4,5,0,0,0,0,0,0,34.75,2217.67,3.55,1410.56,0.57,0.57,0.73,176.71,0.71,0.71
CN7,64M,16,16,1,0,0,0,0,0,0,34.60,2209.56,0.55,3.57,1440.57,0.57,0.71,0.73,180.71,0.71
CN7,64M,16,16,2,0,0,0,0,0,0,34.89,2228.02,0.55,0.57,1.24,1222.57,0.71,0.71,0.74,153.42
CN7,64M,16,16,3,0,0,0,0,0,0,33.39,2130.98,1216.55,0.57,0.58,1.24,152.71,0.71,0.71,0.73
CN7,64M,16,16,4,0,0,0,0,0,0,34.93,2219.25,1.89,1179.9,0.58,0.58,0.73,148.09,0.71,0.71
CN7,64M,16,16,5,0,0,0,0,0,0,35.05,2238.90,0.56,1.24,1269.91,0.58,0.71,0.74,159.38,0.71
CN7,64M,32,1,1,0,0,0,0,0,0,40.63,2597.24,0.34,0.35,0.75,2053.15,0.43,0.43,0.44,256.43
CN7,64M,32,1,2,0,0,0,0,0,0,49.47,3127.30,2081.42,0.43,0.44,0.95,260.53,0.53,0.54,0.56
CN7,64M,32,1,3,0,0,0,0,0,0,43.12,2754.52,0.43,2361.93,0.44,0.45,0.53,295.53,0.54,0.54
CN7,64M,32,1,4,0,0,0,0,0,0,41.14,2632.74,0.35,0.36,1867.95,0.36,0.43,0.43,233.23,0.43
CN7,64M,32,1,5,0,0,0,0,0,0,40.27,2572.66,0.35,0.36,0.36,1835.96,0.43,0.43,0.43,229.23
CN7,64M,32,4,1,0,0,0,0,0,0,40.76,2605.08,1733.35,0.36,0.36,0.37,216.43,0.43,0.43,0.43
CN7,64M,32,4,2,0,0,0,0,0,0,42.98,2717.37,1.76,1842.16,0.36,0.37,0.44,230.03,0.43,0.43
CN7,64M,32,4,3,0,0,0,0,0,0,45.27,2891.17,0.36,0.37,1630.76,0.37,0.43,0.43,203.63,0.43
CN7,64M,32,4,4,0,0,0,0,0,0,41.18,2631.22,0.36,0.37,0.38,1573.17,0.43,0.43,0.43,196.43
CN7,64M,32,4,5,0,0,0,0,0,0,40.99,2589.11,2398.7,0.47,0.47,0.48,299.54,0.54,0.54,0.54
CN7,64M,32,16,1,0,0,0,0,0,0,45.59,2886.54,0.47,1897.96,0.47,0.48,0.54,237.54,0.54,0.54
CN7,64M,32,16,2,0,0,0,0,0,0,42.62,2721.42,0.37,0.38,1643.58,0.39,0.43,0.43,205.23,0.43
CN7,64M,32,16,3,0,0,0,0,0,0,40.96,2620.41,0.47,0.48,0.48,2230.48,0.54,0.54,0.54,278.54
CN7,64M,32,16,4,0,0,0,0,0,0,45.10,2884.74,1383.37,0.38,0.39,0.4,173.23,0.43,0.43,0.43
CN7,64M,32,16,5,0,0,0,0,0,0,42.67,2726.48,0.38,1486.58,0.39,0.4,0.43,186.03,0.43,0.43
CN7,64M,64,1,1,0,0,0,0,0,0,34.36,2197.62,0.24,0.25,3195.62,0.25,0.27,0.27,399.29,0.27
CN7,64M,64,1,2,0,0,0,0,0,0,32.89,2104.65,0.24,0.25,0.27,2792.0,0.27,0.27,0.27,348.79
CN7,64M,64,1,3,0,0,0,0,0,0,34.79,2226.79,2445.66,0.22,1.24,0.24,305.59,0.24,0.26,0.24
CN7,64M,64,1,4,0,0,0,0,0,0,37.32,2388.60,0.23,2452.66,0.24,0.24,0.24,306.48,0.24,0.24
CN7,64M,64,1,5,0,0,0,0,0,0,33.81,2163.60,0.26,1.64,3455.76,0.27,0.27,0.29,431.79,0.27
CN7,64M,64,4,1,0,0,0,0,0,0,32.98,2109.97,0.23,0.24,0.26,2581.46,0.24,0.24,0.25,322.48
CN7,64M,64,4,2,0,0,0,0,0,0,36.15,2313.49,3176.12,0.24,0.26,1.04,397.15,0.24,0.25,0.26
CN7,64M,64,4,3,0,0,0,0,0,0,33.53,2145.67,0.25,2802.9,0.26,0.26,0.24,350.48,0.25,0.25
CN7,64M,64,4,4,0,0,0,0,0,0,32.54,2079.62,0.25,1.26,2940.15,0.26,0.24,0.26,367.37,0.25
CN7,64M,64,4,5,0,0,0,0,0,0,33.78,2161.59,0.25,0.26,0.28,2621.59,0.24,0.24,0.25,327.82
CN7,64M,64,16,1,0,0,0,0,0,0,35.10,2246.22,2451.03,0.26,0.28,0.28,306.48,0.24,0.25,0.25
CN7,64M,64,16,2,0,0,0,0,0,0,36.24,2315.72,1.05,2463.81,0.28,0.28,0.26,307.81,0.25,0.25
CN7,64M,64,16,3,0,0,0,0,0,0,33.54,2146.28,0.27,1.39,2396.06,0.28,0.25,0.26,299.37,0.25
CN7,64M,64,16,4,0,0,0,0,0,0,34.81,2225.93,0.3,0.31,0.33,3168.06,0.28,0.28,0.28,395.8
CN7,64M,64,16,5,0,0,0,0,0,0,34.00,2176.13,2841.83,0.27,0.3,0.3,355.37,0.25,0.25,0.25
CN7,128M,1,1,1,0,0,0,0,0,0,11.06,1401.21,5.81,81.23,1.33,1.33,1.19,11.11,1.12,1.12
CN7,128M,1,1,2,0,0,0,0,0,0,11.30,1430.78,1.31,1.24,97.33,1.33,1.12,1.11,13.12,1.12
CN7,128M,1,1,3,0,0,0,0,0,0,10.99,1392.21,1.31,1.24,1.33,97.33,1.12,1.11,1.12,13.12
CN7,128M,1,1,4,0,0,0,0,0,0,11.00,1392.84,97.31,1.24,1.33,5.83,13.12,1.11,1.12,1.14
CN7,128M,1,1,5,0,0,0,0,0,0,10.95,1387.44,5.81,113.23,1.33,1.33,1.14,15.11,1.12,1.12
CN7,128M,1,4,1,0,0,0,0,0,0,11.33,1435.11,1.31,1.24,1.33,1.33,1.12,1.11,1.12,1.12
CN7,128M,1,4,2,0,0,0,0,0,0,11.02,1395.97,1.31,1.24,2.33,2.34,1.12,1.11,1.14,1.12
CN7,128M,1,4,3,0,0,0,0,0,0,10.79,1366.88,113.31,1.24,1.33,5.84,15.12,1.11,1.12,1.14
CN7,128M,1,4,4,0,0,0,0,0,0,10.75,1361.88,1.31,97.24,1.33,1.34,1.12,13.11,1.12,1.12
CN7,128M,1,4,5,0,0,0,0,0,0,11.19,1416.95,1.31,5.74,113.34,1.34,1.12,1.13,15.12,1.12
CN7,128M,1,16,1,0,0,0,0,0,0,11.23,1422.39,1.31,1.24,1.34,1.34,1.12,1.11,1.12,1.12
CN7,128M,1,16,2,0,0,0,0,0,0,11.14,1410.47,1.31,1.24,1.34,5.84,1.12,1.11,1.12,1.14
CN7,128M,1,16,3,0,0,0,0,0,0,11.07,1402.61,1.31,97.24,1.34,1.34,1.12,13.11,1.12,1.12
CN7,128M,1,16,4,0,0,0,0,0,0,10.87,1377.03,1.31,1.24,153.34,1.34,1.12,1.11,20.12,1.12
CN7,128M,1,16,5,0,0,0,0,0,0,11.07,1403.68,1.31,1.24,1.34,97.34,1.12,1.11,1.12,13.12
CN7,128M,2,1,1,0,0,0,0,0,0,7.34,936.25,609.82,1.24,1.34,1.34,77.12,1.11,1.12,1.12
CN7,128M,2,1,2,0,0,0,0,0,0,7.61,970.11,3.82,609.25,1.34,1.34,1.15,77.11,1.12,1.12
CN7,128M,2,1,3,0,0,0,0,0,0,7.09,905.14,1.32,1.25,633.35,1.34,1.12,1.11,80.06,1.12
CN7,128M,2,1,4,0,0,0,0,0,0,6.76,862.40,1.32,1.25,1.35,641.35,1.12,1.11,1.12,81.12
CN7,128M,2,1,5,0,0,0,0,0,0,7.18,916.10,673.83,1.25,1.35,5.85,85.12,1.11,1.12,1.15
CN7,128M,2,4,1,0,0,0,0,0,0,7.13,909.72,6.33,657.75,1.35,1.35,1.15,83.11,1.12,1.12
CN7,128M,2,4,2,0,0,0,0,0,0,7.06,900.92,1.33,1.25,818.85,1.35,1.12,1.11,103.31,1.12
CN7,128M,2,4,3,0,0,0,0,0,0,7.13,910.06,1.33,1.25,1.35,622.35,1.12,1.11,1.13,78.69
CN7,128M,2,4,4,0,0,0,0,0,0,7.02,894.09,584.83,1.25,1.35,6.36,74.06,1.11,1.13,1.15
CN7,128M,2,4,5,0,0,0,0,0,0,6.74,858.44,1.33,673.25,1.35,1.35,1.12,85.11,1.13,1.13
CN7,128M,2,16,1,0,0,0,0,0,0,7.47,953.14,1.33,8.26,400.86,1.35,1.12,1.22,50.94,1.13
CN7,128M,2,16,2,0,0,0,0,0,0,7.07,901.72,1.33,1.26,1.36,657.86,1.12,1.11,1.13,83.13
CN7,128M,2,16,3,0,0,0,0,0,0,7.15,912.18,657.84,1.26,1.36,5.36,83.12,1.11,1.13,1.21
CN7,128M,2,16,4,0,0,0,0,0,0,7.51,957.63,6.34,657.26,1.36,1.36,1.15,83.11,1.13,1.13
CN7,128M,2,16,5,0,0,0,0,0,0,7.10,905.79,1.34,5.76,673.36,1.36,1.12,1.13,85.13,1.13
CN7,128M,4,1,1,0,0,0,0,0,0,10.87,1388.07,0.89,0.84,0.91,961.24,0.75,0.74,0.75,120.75
CN7,128M,4,1,2,0,0,0,0,0,0,12.47,1591.33,1137.84,1.26,1.36,1.38,143.12,1.11,1.13,1.13
CN7,128M,4,1,3,0,0,0,0,0,0,10.67,1362.32,1.57,961.18,0.91,0.92,0.77,120.74,0.75,0.75
CN7,128M,4,1,4,0,0,0,0,0,0,12.07,1540.88,1.35,3.28,1131.37,1.38,1.12,1.15,142.31,1.13
CN7,128M,4,1,5,0,0,0,0,0,0,12.53,1598.93,0.9,0.85,1.58,833.25,0.75,0.74,0.77,104.75
CN7,128M,4,4,1,0,0,0,0,0,0,11.83,1509.45,1227.86,1.28,1.38,3.38,154.44,1.11,1.13,1.16
CN7,128M,4,4,2,0,0,0,0,0,0,12.58,1604.93,4.24,779.85,0.92,0.92,0.77,98.08,0.75,0.75
CN7,128M,4,4,3,0,0,0,0,0,0,11.71,1495.10,0.91,4.19,1098.25,0.92,0.75,0.76,137.76,0.75
CN7,128M,4,4,4,0,0,0,0,0,0,11.71,1495.23,0.91,0.86,0.93,961.26,0.75,0.74,0.75,120.75
CN7,128M,4,4,5,0,0,0,0,0,0,13.06,1666.24,811.91,0.86,0.93,4.26,102.08,0.74,0.75,0.77
CN7,128M,4,16,1,0,0,0,0,0,0,10.39,1324.55,4.25,810.86,0.93,0.93,0.77,101.95,0.75,0.75
CN7,128M,4,16,2,0,0,0,0,0,0,11.39,1453.86,0.91,2.2,908.59,0.93,0.75,0.77,114.09,0.75
CN7,128M,4,16,3,0,0,0,0,0,0,10.74,1371.06,0.91,0.87,0.93,993.26,0.75,0.74,0.75,124.75
CN7,128M,4,16,4,0,0,0,0,0,0,10.13,1291.80,1004.25,0.87,0.93,4.27,126.13,0.74,0.75,0.77
CN7,128M,4,16,5,0,0,0,0,0,0,11.19,1428.71,4.26,865.2,0.93,0.94,0.77,108.74,0.75,0.75
CN7,128M,8,1,1,0,0,0,0,0,0,17.48,2232.25,0.92,4.21,1334.6,0.94,0.75,0.76,167.42,0.75
CN7,128M,8,1,2,0,0,0,0,0,0,14.76,1886.01,0.92,0.87,0.94,1894.27,0.75,0.75,0.75,237.38
CN7,128M,8,1,3,0,0,0,0,0,0,17.07,2180.41,1409.26,0.87,0.94,4.29,176.75,0.75,0.75,0.78
CN7,128M,8,1,4,0,0,0,0,0,0,16.76,2140.91,4.27,1462.54,0.94,0.95,0.77,183.41,0.75,0.76
CN7,128M,8,1,5,0,0,0,0,0,0,15.99,2042.89,0.93,4.22,1233.95,0.95,0.75,0.77,154.84,0.76
CN7,128M,8,4,1,0,0,0,0,0,0,17.84,2278.74,0.93,0.88,0.96,1633.29,0.75,0.75,0.76,204.76
CN7,128M,8,4,2,0,0,0,0,0,0,17.53,2238.59,1665.27,0.88,0.95,2.3,208.75,0.75,0.76,0.78
CN7,128M,8,4,3,0,0,0,0,0,0,15.77,2014.75,1.61,1526.55,0.95,0.97,0.78,191.41,0.76,0.76
CN7,128M,8,4,4,0,0,0,0,0,0,15.19,1941.48,0.95,1.56,1332.62,0.97,0.75,0.77,167.17,0.76
CN7,128M,8,4,5,0,0,0,0,0,0,16.03,2047.83,0.95,0.9,1.63,1546.63,0.75,0.75,0.78,193.84
CN7,128M,8,16,1,0,0,0,0,0,0,19.19,2449.88,1515.95,0.9,0.97,4.31,190.09,0.75,0.76,0.78
CN7,128M,8,16,2,0,0,0,0,0,0,16.55,2113.95,2.29,1398.23,0.97,0.98,0.78,175.41,0.76,0.76
CN7,128M,8,16,3,0,0,0,0,0,0,15.72,2007.88,0.96,1.57,1510.63,0.98,0.76,0.77,189.46,0.76
CN7,128M,8,16,4,0,0,0,0,0,0,16.03,2047.44,0.96,0.91,0.98,1750.65,0.76,0.75,0.76,219.42
CN7,128M,8,16,5,0,0,0,0,0,0,15.91,2032.12,1514.29,0.91,0.98,1.66,189.88,0.75,0.76,0.78
CN7,128M,16,1,1,0,0,0,0,0,0,18.67,2386.75,1.73,1945.93,0.73,0.74,0.59,243.56,0.57,0.57
CN7,128M,16,1,2,0,0,0,0,0,0,18.65,2384.01,0.73,1.19,2182.73,0.74,0.57,0.58,272.57,0.57
CN7,128M,16,1,3,0,0,0,0,0,0,19.17,2451.38,0.73,0.69,0.75,1902.24,0.57,0.56,0.57,237.57
CN7,128M,16,1,4,0,0,0,0,0,0,17.75,2269.60,2489.98,0.69,0.75,0.76,311.57,0.56,0.57,0.57
CN7,128M,16,1,5,0,0,0,0,0,0,18.71,2392.38,1.25,1777.94,0.75,0.76,0.59,222.56,0.57,0.57
CN7,128M,16,4,1,0,0,0,0,0,0,19.14,2447.48,0.74,0.71,1873.75,0.76,0.57,0.56,234.57,0.57
CN7,128M,16,4,2,0,0,0,0,0,0,17.75,2269.05,0.74,0.71,0.76,2262.76,0.57,0.56,0.57,282.57
CN7,128M,16,4,3,0,0,0,0,0,0,18.05,2307.86,2254.99,0.71,0.76,0.77,281.57,0.56,0.57,0.57
CN7,128M,16,4,4,0,0,0,0,0,0,18.04,2305.56,1.26,2097.96,0.76,0.77,0.59,262.56,0.57,0.57
CN7,128M,16,4,5,0,0,0,0,0,0,18.26,2334.31,0.76,1.22,1974.76,0.77,0.57,0.59,246.57,0.57
CN7,128M,16,16,1,0,0,0,0,0,0,17.98,2298.78,0.76,0.72,0.78,2089.27,0.57,0.57,0.57,261.57
CN7,128M,16,16,2,0,0,0,0,0,0,17.84,2280.56,2330.01,0.72,0.78,0.79,291.57,0.57,0.57,0.57
CN7,128M,16,16,3,0,0,0,0,0,0,19.14,2447.12,1.28,2070.97,0.78,0.79,0.6,258.57,0.57,0.57
CN7,128M,16,16,4,0,0,0,0,0,0,18.52,2366.98,0.78,1.24,1894.78,0.79,0.57,0.59,236.57,0.57
CN7,128M,16,16,5,0,0,0,0,0,0,18.25,2333.21,0.78,0.74,1.29,2153.04,0.57,0.57,0.6,269.57
CN7,128M,32,1,1,0,0,0,0,0,0,17.12,2189.67,3286.87,0.42,0.45,1.89,410.63,0.32,0.33,0.35
CN7,128M,32,1,2,0,0,0,0,0,0,17.94,2295.18,1.88,3615.33,0.53,0.54,0.41,451.71,0.38,0.38
CN7,128M,32,1,3,0,0,0,0,0,0,18.66,2384.12,0.47,0.44,3236.31,0.46,0.33,0.33,404.35,0.33
CN7,128M,32,1,4,0,0,0,0,0,0,17.54,2244.29,0.47,0.44,0.47,3318.46,0.33,0.33,0.33,414.62
CN7,128M,32,1,5,0,0,0,0,0,0,18.97,2423.12,3692.21,0.52,0.55,0.56,461.72,0.38,0.39,0.39
CN7,128M,32,4,1,0,0,0,0,0,0,17.83,2279.72,1.92,4568.3,0.47,0.48,0.35,570.66,0.33,0.33
CN7,128M,32,4,2,0,0,0,0,0,0,18.00,2302.40,0.57,0.56,3668.55,0.56,0.39,0.39,458.39,0.39
CN7,128M,32,4,3,0,0,0,0,0,0,19.35,2469.79,0.57,0.56,0.58,3567.23,0.39,0.39,0.39,445.72
CN7,128M,32,4,4,0,0,0,0,0,0,17.90,2288.90,3359.49,0.48,0.5,0.5,419.76,0.33,0.33,0.33
CN7,128M,32,4,5,0,0,0,0,0,0,18.07,2312.52,1.94,3053.19,0.5,0.5,0.35,381.47,0.33,0.33
CN7,128M,32,16,1,0,0,0,0,0,0,18.44,2354.73,0.51,0.5,3075.92,0.5,0.34,0.33,384.33,0.33
CN7,128M,32,16,2,0,0,0,0,0,0,18.18,2325.30,0.6,0.58,0.6,3711.25,0.39,0.39,0.39,463.72
CN7,128M,32,16,3,0,0,0,0,0,0,17.97,2290.89,3615.27,0.58,0.6,1.95,451.73,0.39,0.39,0.41
CN7,128M,32,16,4,0,0,0,0,0,0,17.80,2276.84,1.96,3460.58,0.6,0.61,0.41,432.39,0.39,0.39
CN7,128M,32,16,5,0,0,0,0,0,0,18.11,2315.71,0.54,0.52,3190.66,0.53,0.34,0.34,398.64,0.34
CN7,128M,64,1,1,0,0,0,0,0,0,15.50,1982.64,0.27,0.26,0.27,4036.76,0.17,0.17,0.17,504.48
CN7,128M,64,1,2,0,0,0,0,0,0,16.08,2057.46,4617.98,0.28,1.06,1.24,577.13,0.18,0.19,0.21
CN7,128M,64,1,3,0,0,0,0,0,0,15.58,1993.02,1.17,4188.28,0.29,0.55,0.21,523.3,0.18,0.19
CN7,128M,64,1,4,0,0,0,0,0,0,15.32,1960.84,0.32,1.15,4456.68,0.31,0.19,0.2,556.84,0.19
CN7,128M,64,1,5,0,0,0,0,0,0,15.79,2020.86,0.32,0.31,0.32,4404.16,0.19,0.18,0.19,550.36
CN7,128M,64,4,1,0,0,0,0,0,0,15.42,1971.15,5015.65,0.36,1.38,1.5,626.79,0.22,0.24,0.25
CN7,128M,64,4,2,0,0,0,0,0,0,15.65,2001.07,1.27,4266.85,0.32,0.35,0.21,533.44,0.19,0.19
CN7,128M,64,4,3,0,0,0,0,0,0,16.06,2056.01,0.33,1.24,3943.09,0.32,0.18,0.19,492.76,0.18
CN7,128M,64,4,4,0,0,0,0,0,0,15.73,2013.40,0.33,0.32,1.26,4185.39,0.18,0.17,0.2,523.05
CN7,128M,64,4,5,0,0,0,0,0,0,15.25,1951.92,3984.26,0.32,0.33,1.14,497.91,0.17,0.18,0.2
CN7,128M,64,16,1,0,0,0,0,0,0,15.97,2044.31,1.6,5507.44,0.46,0.49,0.28,688.27,0.25,0.25
CN7,128M,64,16,2,0,0,0,0,0,0,15.42,1970.94,0.38,1.22,4468.66,0.38,0.19,0.21,558.67,0.19
CN7,128M,64,16,3,0,0,0,0,0,0,15.62,1998.90,0.35,0.34,1.14,3939.28,0.18,0.18,0.2,492.48
CN7,128M,64,16,4,0,0,0,0,0,0,15.58,1994.32,3883.71,0.34,0.36,1.24,485.34,0.18,0.18,0.2
CN7,128M,64,16,5,0,0,0,0,0,0,16.11,2061.93,1.26,4152.75,0.38,0.41,0.22,518.98,0.19,0.2
CN7,256M,1,1,1,0,0,0,0,0,0,5.99,1523.60,2.67,8.09,878.0,2.65,1.28,1.4,109.26,1.28
CN7,256M,1,1,2,0,0,0,0,0,0,6.08,1548.27,2.67,2.59,2.5,868.15,1.28,1.27,1.26,109.28
CN7,256M,1,1,3,0,0,0,0,0,0,5.98,1521.04,862.67,2.59,2.5,4.65,107.28,1.27,1.26,1.31
CN7,256M,1,1,4,0,0,0,0,0,0,6.08,1547.52,2.68,846.59,2.5,2.65,1.28,105.27,1.26,1.28
CN7,256M,1,1,5,0,0,0,0,0,0,4.90,1247.93,2.68,7.6,894.5,2.65,1.28,1.3,111.26,1.28
CN7,256M,1,4,1,0,0,0,0,0,0,5.99,1526.11,2.68,2.6,7.51,910.65,1.28,1.27,1.29,113.28
CN7,256M,1,4,2,0,0,0,0,0,0,6.06,1540.44,862.18,2.6,2.51,5.16,107.28,1.27,1.26,1.31
CN7,256M,1,4,3,0,0,0,0,0,0,6.02,1532.21,2.69,868.1,2.51,2.66,1.28,109.27,1.26,1.28
CN7,256M,1,4,4,0,0,0,0,0,0,5.19,1320.95,2.69,7.1,931.51,2.66,1.28,1.29,117.26,1.28
CN7,256M,1,4,5,0,0,0,0,0,0,6.03,1534.60,2.69,2.6,7.52,836.16,1.28,1.27,1.29,105.28
CN7,256M,1,16,1,0,0,0,0,0,0,5.99,1523.84,876.68,2.6,2.52,2.67,109.28,1.27,1.26,1.28
CN7,256M,1,16,2,0,0,0,0,0,0,6.10,1554.53,7.69,670.6,2.52,2.67,1.31,84.71,1.26,1.28
CN7,256M,1,16,3,0,0,0,0,0,0,6.05,1538.44,2.69,7.61,867.01,2.67,1.28,1.3,109.26,1.28
CN7,256M,1,16,4,0,0,0,0,0,0,6.07,1545.71,2.69,2.6,2.52,878.16,1.28,1.27,1.26,109.28
CN7,256M,1,16,5,0,0,0,0,0,0,6.06,1541.54,883.69,2.6,2.52,7.17,111.28,1.27,1.26,1.3
CN7,256M,2,1,1,0,0,0,0,0,0,4.03,1028.99,4.8,1278.74,1.68,1.78,0.87,159.52,0.84,0.85
CN7,256M,2,1,2,0,0,0,0,0,0,4.16,1062.28,1.8,3.08,1272.01,1.78,0.86,0.87,159.51,0.85
CN7,256M,2,1,3,0,0,0,0,0,0,3.90,996.81,1.8,1.75,5.02,1269.11,0.86,0.85,0.86,158.19
CN7,256M,2,1,4,0,0,0,0,0,0,3.80,969.07,1273.13,1.75,1.69,5.12,159.52,0.85,0.84,0.87
CN7,256M,2,1,5,0,0,0,0,0,0,4.10,1046.93,5.14,1290.41,1.69,1.79,0.88,160.85,0.84,0.86
CN7,256M,2,4,1,0,0,0,0,0,0,3.86,986.82,1.81,5.09,1279.02,1.79,0.86,0.87,159.51,0.86
CN7,256M,2,4,2,0,0,0,0,0,0,3.69,942.11,1.81,1.75,5.03,1269.12,0.86,0.85,0.86,158.19
CN7,256M,2,4,3,0,0,0,0,0,0,3.98,1015.72,1269.14,1.75,1.7,5.13,158.19,0.85,0.84,0.87
CN7,256M,2,4,4,0,0,0,0,0,0,4.06,1038.11,5.15,1290.42,1.7,1.8,0.88,160.85,0.84,0.86
CN7,256M,2,4,5,0,0,0,0,0,0,4.01,1023.24,1.81,5.1,1269.03,1.8,0.86,0.87,158.18,0.86
CN7,256M,2,16,1,0,0,0,0,0,0,4.10,1046.18,1.81,1.76,5.04,1289.8,0.86,0.85,0.86,160.86
CN7,256M,2,16,2,0,0,0,0,0,0,3.77,963.27,1251.48,1.76,1.71,3.47,156.86,0.85,0.84,0.88
CN7,256M,2,16,3,0,0,0,0,0,0,4.17,1063.07,5.16,1282.76,1.71,1.81,0.88,160.85,0.84,0.86
CN7,256M,2,16,4,0,0,0,0,0,0,3.94,1005.38,1.82,5.11,1257.71,1.81,0.86,0.87,156.84,0.86
CN7,256M,2,16,5,0,0,0,0,0,0,4.03,1030.09,1.82,1.77,2.38,1289.81,0.86,0.85,0.87,160.86
CN7,256M,4,1,1,0,0,0,0,0,0,6.90,1762.61,1961.82,1.77,1.72,2.48,244.86,0.85,0.85,0.88
CN7,256M,4,1,2,0,0,0,0,0,0,7.17,1833.21,3.17,1961.77,1.72,1.82,0.89,244.85,0.85,0.86
CN7,256M,4,1,3,0,0,0,0,0,0,6.63,1695.51,1.84,2.45,2179.38,1.82,0.86,0.88,272.85,0.86
CN7,256M,4,1,4,0,0,0,0,0,0,6.34,1620.74,1.84,1.79,1.73,2068.48,0.86,0.85,0.85,258.19
CN7,256M,4,1,5,0,0,0,0,0,0,5.46,1396.09,2505.84,1.79,1.73,3.16,312.86,0.85,0.85,0.89
CN7,256M,4,4,1,0,0,0,0,0,0,5.45,1390.31,2.52,2356.45,1.73,1.83,0.89,294.19,0.85,0.86
CN7,256M,4,4,2,0,0,0,0,0,0,5.62,1437.47,1.85,1.8,2451.06,1.83,0.86,0.86,306.18,0.86
CN7,256M,4,4,3,0,0,0,0,0,0,5.70,1456.87,1.85,1.8,2.41,2424.16,0.86,0.86,0.88,303.53
CN7,256M,4,4,4,0,0,0,0,0,0,6.01,1535.17,2199.85,1.8,1.75,2.51,275.53,0.86,0.85,0.89
CN7,256M,4,4,5,0,0,0,0,0,0,5.83,1489.10,2.54,2505.8,1.75,1.85,0.89,312.86,0.85,0.86
CN7,256M,4,16,1,0,0,0,0,0,0,5.95,1520.50,1.87,3.15,2232.41,1.85,0.86,0.88,279.52,0.86
CN7,256M,4,16,2,0,0,0,0,0,0,6.07,1550.61,1.87,1.82,2.43,2402.85,0.86,0.86,0.88,300.86
CN7,256M,4,16,3,0,0,0,0,0,0,5.88,1501.89,2452.2,1.82,1.76,3.2,306.2,0.86,0.85,0.89
CN7,256M,4,16,4,0,0,0,0,0,0,6.13,1566.27,2.55,2237.82,1.76,1.86,0.89,279.52,0.85,0.86
CN7,256M,4,16,5,0,0,0,0,0,0,5.41,1381.69,1.89,3.17,2495.1,1.86,0.87,0.89,311.52,0.86
CN7,256M,8,1,1,0,0,0,0,0,0,8.30,2121.55,1.42,1.38,1.83,2559.4,0.65,0.64,0.66,319.65
CN7,256M,8,1,2,0,0,0,0,0,0,7.87,2013.75,2330.16,1.38,1.33,1.92,291.65,0.64,0.64,0.67
CN7,256M,8,1,3,0,0,0,0,0,0,8.05,2059.10,1.43,2618.13,1.33,1.42,0.65,327.64,0.64,0.65
CN7,256M,8,1,4,0,0,0,0,0,0,8.69,2223.09,1.43,1.9,2595.09,1.42,0.65,0.67,322.64,0.65
CN7,256M,8,1,5,0,0,0,0,0,0,8.04,2055.42,1.43,1.4,1.85,2515.41,0.65,0.65,0.67,312.65
CN7,256M,8,4,1,0,0,0,0,0,0,8.05,2057.53,2737.68,1.4,1.35,1.43,342.65,0.65,0.64,0.65
CN7,256M,8,4,2,0,0,0,0,0,0,7.75,1980.72,1.95,2650.64,1.35,1.43,0.68,331.65,0.64,0.65
CN7,256M,8,4,3,0,0,0,0,0,0,8.07,2062.80,1.45,1.91,2890.35,5.18,0.65,0.67,361.64,0.71
CN7,256M,8,4,4,0,0,0,0,0,0,8.14,2079.76,1.45,1.41,1.87,2754.68,0.65,0.65,0.67,344.65
CN7,256M,8,4,5,0,0,0,0,0,0,7.50,1917.78,2890.7,1.41,1.37,1.95,361.65,0.65,0.64,0.68
CN7,256M,8,16,1,0,0,0,0,0,0,7.96,2035.34,1.97,2567.66,3.87,1.45,0.68,320.65,0.67,0.65
CN7,256M,8,16,2,0,0,0,0,0,0,7.74,1978.11,1.47,1.93,2834.62,1.45,0.66,0.67,354.64,0.65
CN7,256M,8,16,3,0,0,0,0,0,0,7.77,1986.06,1.47,1.43,1.89,3042.7,0.66,0.65,0.67,380.65
CN7,256M,8,16,4,0,0,0,0,0,0,8.14,2080.78,2938.72,1.43,1.39,1.97,367.66,0.65,0.65,0.68
CN7,256M,8,16,5,0,0,0,0,0,0,7.71,1972.48,1.99,2898.68,1.39,1.47,0.68,362.65,0.65,0.66
CN7,256M,16,1,1,0,0,0,0,0,0,9.30,2377.89,1.19,1.56,3784.51,3.18,0.53,0.54,473.32,0.54
CN7,256M,16,1,2,0,0,0,0,0,0,9.08,2324.30,1.19,1.16,1.14,3777.98,0.53,0.52,0.52,472.52
CN7,256M,16,1,3,0,0,0,0,0,0,9.10,2327.97,3769.59,1.16,1.14,1.21,470.93,0.52,0.52,0.53
CN7,256M,16,1,4,0,0,0,0,0,0,8.98,2298.36,3.42,3782.16,1.14,1.2,0.55,472.52,0.52,0.53
CN7,256M,16,1,5,0,0,0,0,0,0,9.10,2328.84,1.22,2.79,3814.14,3.4,0.53,0.55,476.52,0.55
CN7,256M,16,4,1,0,0,0,0,0,0,9.36,2394.57,1.22,1.19,1.17,3788.6,0.53,0.53,0.52,473.33
CN7,256M,16,4,2,0,0,0,0,0,0,8.84,2261.45,3775.82,1.19,1.17,1.23,471.73,0.53,0.52,0.53
CN7,256M,16,4,3,0,0,0,0,0,0,9.10,2328.27,3.25,3775.99,3.17,1.23,0.56,471.73,0.55,0.53
CN7,256M,16,4,4,0,0,0,0,0,0,9.38,2398.96,1.25,3.01,3775.77,3.23,0.53,0.55,471.72,0.55
CN7,256M,16,4,5,0,0,0,0,0,0,9.23,2361.49,1.24,1.21,1.19,3777.83,0.53,0.53,0.53,472.53
CN7,256M,16,16,1,0,0,0,0,0,0,9.31,2381.52,3782.24,1.21,1.19,1.26,472.53,0.53,0.53,0.53
CN7,256M,16,16,2,0,0,0,0,0,0,8.98,2297.17,3.27,3769.41,3.19,1.26,0.56,470.93,0.55,0.53
CN7,256M,16,16,3,0,0,0,0,0,0,9.58,2449.50,1.27,2.84,3756.79,3.26,0.54,0.55,469.33,0.56
CN7,256M,16,16,4,0,0,0,0,0,0,9.23,2362.47,1.27,1.24,1.22,3797.06,0.54,0.53,0.53,474.93
CN7,256M,16,16,5,0,0,0,0,0,0,8.96,2293.73,3756.67,1.24,1.22,1.28,469.34,0.53,0.53,0.54
CN7,256M,32,1,1,0,0,0,0,0,0,7.99,2045.98,1.83,6130.24,1.9,0.71,0.31,766.1,0.31,0.3
CN7,256M,32,1,2,0,0,0,0,0,0,8.19,2095.99,0.65,1.76,5533.11,0.64,0.27,0.3,691.49,0.27
CN7,256M,32,1,3,0,0,0,0,0,0,7.97,2038.66,0.65,0.66,1.75,5610.04,0.27,0.27,0.3,701.1
CN7,256M,32,1,4,0,0,0,0,0,0,7.94,2029.48,6141.05,0.73,0.72,1.98,767.44,0.3,0.3,0.33
CN7,256M,32,1,5,0,0,0,0,0,0,7.93,2031.03,1.79,5366.76,0.65,0.68,0.3,670.7,0.27,0.27
CN7,256M,32,4,1,0,0,0,0,0,0,8.22,2102.54,0.76,2.0,6108.94,0.76,0.3,0.33,763.44,0.3
CN7,256M,32,4,2,0,0,0,0,0,0,8.30,2125.27,0.69,0.7,1.79,5443.68,0.27,0.28,0.3,680.3
CN7,256M,32,4,3,0,0,0,0,0,0,8.10,2072.62,6080.65,0.77,0.76,2.02,759.89,0.31,0.3,0.34
CN7,256M,32,4,4,0,0,0,0,0,0,8.29,2122.79,2.28,6716.62,0.86,0.9,0.38,839.38,0.34,0.35
CN7,256M,32,4,5,0,0,0,0,0,0,8.20,2088.39,0.81,1.82,6258.32,0.8,0.31,0.34,782.11,0.31
CN7,256M,32,16,1,0,0,0,0,0,0,8.19,2096.70,0.81,0.82,2.03,6244.24,0.31,0.31,0.34,780.34
CN7,256M,32,16,2,0,0,0,0,0,0,8.30,2122.84,6126.92,0.82,0.81,2.07,765.67,0.31,0.31,0.34
CN7,256M,32,16,3,0,0,0,0,0,0,8.56,2187.58,2.07,6041.37,0.81,0.84,0.34,755.01,0.31,0.31
CN7,256M,32,16,4,0,0,0,0,0,0,8.35,2137.62,0.85,2.08,6080.59,0.84,0.32,0.34,759.9,0.31
CN7,256M,32,16,5,0,0,0,0,0,0,8.46,2166.09,0.85,0.86,2.07,6006.18,0.32,0.32,0.34,750.57
CN7,256M,64,1,1,0,0,0,0,0,0,7.47,1913.40,6322.67,0.41,0.4,1.0,790.11,0.15,0.15,0.16
CN7,256M,64,1,2,0,0,0,0,0,0,7.54,1931.40,1.24,6468.35,0.4,0.42,0.18,808.41,0.15,0.15
CN7,256M,64,1,3,0,0,0,0,0,0,7.53,1927.31,0.52,1.07,5519.48,0.45,0.13,0.16,689.69,0.13
CN7,256M,64,1,4,0,0,0,0,0,0,7.44,1903.45,0.42,0.43,1.13,6058.55,0.15,0.15,0.17,757.19
CN7,256M,64,1,5,0,0,0,0,0,0,7.49,1917.55,6439.24,0.45,0.45,1.15,804.64,0.16,0.15,0.18
CN7,256M,64,4,1,0,0,0,0,0,0,7.60,1944.51,1.23,6388.4,0.45,0.46,0.19,798.32,0.15,0.16
CN7,256M,64,4,2,0,0,0,0,0,0,7.54,1931.23,0.49,1.18,6582.71,0.46,0.16,0.19,822.73,0.16
CN7,256M,64,4,3,0,0,0,0,0,0,7.45,1906.79,0.41,0.41,0.93,5387.21,0.13,0.13,0.16,673.23
CN7,256M,64,4,4,0,0,0,0,0,0,7.61,1948.50,5760.4,0.45,0.45,0.46,719.82,0.15,0.15,0.15
CN7,256M,64,4,5,0,0,0,0,0,0,7.50,1920.15,0.51,6037.02,0.47,0.48,0.16,754.41,0.15,0.15
CN7,256M,64,16,1,0,0,0,0,0,0,7.49,1915.82,0.58,1.2,5754.21,0.56,0.15,0.18,719.06,0.15
CN7,256M,64,16,2,0,0,0,0,0,0,7.31,1871.97,0.58,0.58,1.2,5829.08,0.15,0.15,0.17,728.4
CN7,256M,64,16,3,0,0,0,0,0,0,7.42,1899.03,6147.36,0.56,0.51,1.18,768.22,0.16,0.16,0.19
CN7,256M,64,16,4,0,0,0,0,0,0,7.34,1877.44,1.25,6040.41,0.51,0.53,0.19,754.82,0.16,0.16
CN7,256M,64,16,5,0,0,0,0,0,0,7.45,1906.08,0.55,1.21,6084.96,0.53,0.16,0.19,760.42,0.16
