0815-1238
CN7,1M,1,1,1,0,0,0,0,0,0,509.26,336.38,4.78,4.82,4.79,14.56,1.41,1.41,1.41,1.38
CN7,1M,1,1,2,0,0,0,0,0,0,603.76,377.02,14.78,4.82,4.79,6.56,1.41,1.41,1.41,1.4
CN7,1M,1,1,3,0,0,0,0,0,0,621.47,399.61,4.78,4.82,4.79,4.56,1.41,1.41,1.41,1.38
CN7,1M,1,1,4,0,0,0,0,0,0,705.28,428.43,4.78,5.81,4.79,4.56,1.41,1.43,1.41,1.38
CN7,1M,1,1,5,0,0,0,0,0,0,621.01,391.73,4.78,4.81,9.29,4.56,1.41,1.41,1.44,1.38
CN7,1M,1,4,1,0,0,0,0,0,0,646.97,396.62,4.78,4.81,4.79,4.56,1.41,1.41,1.41,1.38
CN7,1M,1,4,2,0,0,0,0,0,0,656.69,389.52,4.78,4.81,4.79,4.56,1.41,1.41,1.41,1.38
CN7,1M,1,4,3,0,0,0,0,0,0,636.37,398.58,4.78,4.81,4.79,4.56,1.41,1.41,1.41,1.38
CN7,1M,1,4,4,0,0,0,0,0,0,587.03,379.20,4.78,4.81,4.79,4.56,1.41,1.41,1.41,1.38
CN7,1M,1,4,5,0,0,0,0,0,0,682.56,410.72,4.78,4.81,4.79,4.56,1.41,1.41,1.41,1.38
CN7,1M,1,16,1,0,0,0,0,0,0,672.06,413.80,4.78,4.81,4.79,4.56,1.41,1.41,1.41,1.38
CN7,1M,1,16,2,0,0,0,0,0,0,679.24,421.03,4.78,5.81,4.79,4.56,1.41,1.43,1.41,1.38
CN7,1M,1,16,3,0,0,0,0,0,0,691.67,417.93,4.78,4.81,4.79,4.55,1.41,1.41,1.41,1.38
CN7,1M,1,16,4,0,0,0,0,0,0,668.52,418.93,4.78,4.81,4.79,4.55,1.41,1.41,1.41,1.38
CN7,1M,1,16,5,0,0,0,0,0,0,664.08,409.24,5.78,4.81,4.79,4.55,1.43,1.41,1.41,1.38
CN7,1M,2,1,1,0,0,0,0,0,0,844.60,608.49,4.78,4.81,4.79,4.55,1.41,1.41,1.41,1.38
CN7,1M,2,1,2,0,0,0,0,0,0,821.37,598.37,4.78,4.81,4.79,4.55,1.41,1.41,1.41,1.38
CN7,1M,2,1,3,0,0,0,0,0,0,844.52,604.06,4.78,4.81,4.79,4.55,1.41,1.41,1.41,1.38
CN7,1M,2,1,4,0,0,0,0,0,0,872.18,603.50,4.78,4.81,5.79,5.55,1.41,1.41,1.43,1.4
CN7,1M,2,1,5,0,0,0,0,0,0,898.62,615.99,4.78,4.81,4.79,4.55,1.41,1.41,1.41,1.38
CN7,1M,2,4,1,0,0,0,0,0,0,821.20,598.20,4.78,4.81,4.79,4.55,1.41,1.41,1.41,1.38
CN7,1M,2,4,2,0,0,0,0,0,0,450.61,370.52,5.78,5.81,4.79,4.55,1.43,1.43,1.41,1.38
CN7,1M,2,4,3,0,0,0,0,0,0,485.28,396.44,4.78,4.8,4.79,4.55,1.41,1.41,1.41,1.38
CN7,1M,2,4,4,0,0,0,0,0,0,559.91,438.46,4.78,4.8,6.29,4.55,1.41,1.41,1.42,1.38
CN7,1M,2,4,5,0,0,0,0,0,0,817.44,578.21,4.78,4.8,4.79,5.55,1.41,1.41,1.41,1.4
CN7,1M,2,16,1,0,0,0,0,0,0,868.03,608.49,4.78,4.8,4.79,4.55,1.41,1.41,1.41,1.38
CN7,1M,2,16,2,0,0,0,0,0,0,901.42,626.53,4.78,4.8,4.79,4.55,1.41,1.41,1.41,1.38
CN7,1M,2,16,3,0,0,0,0,0,0,905.41,637.43,4.78,4.8,4.79,4.55,1.41,1.41,1.41,1.38
CN7,1M,2,16,4,0,0,0,0,0,0,956.84,668.52,4.78,4.8,5.79,5.55,1.41,1.41,1.43,1.4
CN7,1M,2,16,5,0,0,0,0,0,0,883.01,634.54,4.78,4.8,4.79,4.55,1.41,1.41,1.41,1.38
CN7,1M,4,1,1,0,0,0,0,0,0,1007.76,803.66,4.78,4.8,4.79,4.55,1.41,1.41,1.41,1.38
CN7,1M,4,1,2,0,0,0,0,0,0,1039.42,846.44,5.78,5.8,5.79,5.55,1.42,1.43,1.43,1.4
CN7,1M,4,1,3,0,0,0,0,0,0,1023.19,821.12,5.78,5.8,5.79,5.55,1.42,1.43,1.43,1.4
CN7,1M,4,1,4,0,0,0,0,0,0,711.50,607.67,4.78,4.8,4.79,4.55,1.41,1.41,1.41,1.38
CN7,1M,4,1,5,0,0,0,0,0,0,882.18,736.13,4.78,4.8,4.79,5.55,1.41,1.41,1.41,1.38
CN7,1M,4,4,1,0,0,0,0,0,0,1052.66,842.99,4.78,4.8,4.79,4.55,1.41,1.41,1.41,1.38
CN7,1M,4,4,2,0,0,0,0,0,0,1106.97,869.74,4.78,4.8,4.79,4.55,1.41,1.41,1.41,1.38
CN7,1M,4,4,3,0,0,0,0,0,0,1066.85,854.80,4.78,4.8,4.79,4.55,1.41,1.41,1.41,1.38
CN7,1M,4,4,4,0,0,0,0,0,0,1060.51,861.21,5.78,5.8,5.79,5.55,1.42,1.43,1.43,1.4
CN7,1M,4,4,5,0,0,0,0,0,0,1011.04,815.89,5.78,5.8,5.79,5.55,1.43,1.43,1.43,1.4
CN7,1M,4,16,1,0,0,0,0,0,0,996.69,810.77,4.78,4.8,4.79,4.55,1.41,1.41,1.41,1.38
CN7,1M,4,16,2,0,0,0,0,0,0,718.45,607.89,4.77,4.8,4.79,4.55,1.41,1.41,1.41,1.38
CN7,1M,4,16,3,0,0,0,0,0,0,906.88,742.75,4.77,4.8,4.79,4.55,1.41,1.41,1.41,1.38
CN7,1M,4,16,4,0,0,0,0,0,0,1066.64,861.30,4.77,4.8,4.79,4.55,1.41,1.41,1.41,1.38
CN7,1M,4,16,5,0,0,0,0,0,0,1021.38,815.30,5.77,4.8,7.79,4.55,1.42,1.41,1.44,1.38
CN7,1M,8,1,1,0,0,0,0,0,0,1169.88,1032.25,5.77,5.8,5.79,5.55,1.42,1.43,1.42,1.4
CN7,1M,8,1,2,0,0,0,0,0,0,1221.94,1076.36,4.77,4.8,4.79,4.55,1.41,1.41,1.41,1.38
CN7,1M,8,1,3,0,0,0,0,0,0,1062.89,952.90,4.77,4.8,4.79,4.55,1.41,1.41,1.41,1.38
CN7,1M,8,1,4,0,0,0,0,0,0,1166.26,1028.20,6.27,10.3,4.79,6.05,1.41,1.43,1.41,1.39
CN7,1M,8,1,5,0,0,0,0,0,0,1158.61,1029.25,4.77,4.8,4.79,4.55,1.41,1.41,1.41,1.38
CN7,1M,8,4,1,0,0,0,0,0,0,1230.27,1085.52,4.77,4.8,4.78,4.55,1.41,1.41,1.41,1.38
CN7,1M,8,4,2,0,0,0,0,0,0,1188.82,1061.28,4.77,4.8,4.78,4.55,1.41,1.41,1.41,1.38
CN7,1M,8,4,3,0,0,0,0,0,0,1001.54,894.69,5.27,8.8,4.78,4.55,1.41,1.43,1.41,1.38
CN7,1M,8,4,4,0,0,0,0,0,0,1293.39,1147.28,7.27,5.8,4.78,5.05,1.44,1.43,1.41,1.38
CN7,1M,8,4,5,0,0,0,0,0,0,1201.29,1064.92,4.77,4.8,4.78,4.55,1.4,1.41,1.41,1.38
CN7,1M,8,16,1,0,0,0,0,0,0,1276.90,1144.89,4.77,4.8,4.78,4.55,1.4,1.41,1.41,1.38
CN7,1M,8,16,2,0,0,0,0,0,0,1320.99,1167.52,4.77,4.8,4.78,4.55,1.4,1.41,1.41,1.38
CN7,1M,8,16,3,0,0,0,0,0,0,1287.83,1144.19,4.77,4.8,4.78,4.54,1.4,1.41,1.41,1.38
CN7,1M,8,16,4,0,0,0,0,0,0,936.33,852.63,4.77,4.8,4.78,4.54,1.4,1.41,1.41,1.38
CN7,1M,8,16,5,0,0,0,0,0,0,1254.98,1111.33,5.77,5.8,5.78,4.54,1.43,1.43,1.43,1.38
CN7,1M,16,1,1,0,0,0,0,0,0,1476.93,1373.97,4.77,4.8,4.78,4.54,1.4,1.41,1.41,1.38
CN7,1M,16,1,2,0,0,0,0,0,0,1444.88,1343.49,4.77,4.8,4.78,4.54,1.4,1.41,1.41,1.38
CN7,1M,16,1,3,0,0,0,0,0,0,1450.59,1346.57,4.77,4.8,4.78,4.54,1.4,1.41,1.41,1.38
CN7,1M,16,1,4,0,0,0,0,0,0,1552.66,1447.84,4.76,4.8,4.78,4.54,1.4,1.41,1.41,1.38
CN7,1M,16,1,5,0,0,0,0,0,0,1565.55,1440.82,4.76,4.8,4.78,4.54,1.4,1.41,1.41,1.38
CN7,1M,16,4,1,0,0,0,0,0,0,1528.64,1414.13,4.76,4.8,4.78,4.54,1.4,1.41,1.41,1.38
CN7,1M,16,4,2,0,0,0,0,0,0,1506.95,1408.13,6.76,6.3,6.28,6.04,1.5,1.51,1.51,1.48
CN7,1M,16,4,3,0,0,0,0,0,0,1316.20,1234.32,15.27,21.8,25.78,21.05,2.56,2.56,2.56,2.01
CN7,1M,16,4,4,0,0,0,0,0,0,1511.43,758.64,6.26,5.79,5.78,5.54,1.44,1.44,1.44,1.41
CN7,1M,16,4,5,0,0,0,0,0,0,1583.39,1471.56,4.76,4.79,4.78,4.54,1.4,1.41,1.41,1.38
CN7,1M,16,16,1,0,0,0,0,0,0,1483.30,1388.56,4.76,4.79,4.78,4.54,1.4,1.41,1.41,1.38
CN7,1M,16,16,2,0,0,0,0,0,0,1437.85,1345.84,6.26,5.79,5.78,5.54,1.43,1.43,1.43,1.4
CN7,1M,16,16,3,0,0,0,0,0,0,1588.41,1468.88,4.76,4.79,4.78,4.54,1.4,1.41,1.41,1.38
CN7,1M,16,16,4,0,0,0,0,0,0,1461.59,1371.56,5.76,5.79,5.78,5.54,1.43,1.44,1.43,1.4
CN7,1M,16,16,5,0,0,0,0,0,0,1472.11,1366.22,36.77,32.8,29.27,37.05,1.4,1.41,1.4,1.38
CN7,1M,32,1,1,0,0,0,0,0,0,416.92,382.80,4.18,3.86,11.85,13.36,0.95,0.95,0.95,1.15
CN7,1M,32,1,2,0,0,0,0,0,0,515.34,428.79,16.84,17.2,17.18,13.36,1.49,1.49,1.49,1.11
CN7,1M,32,1,3,0,0,0,0,0,0,419.79,398.66,12.18,11.53,11.52,12.36,0.96,0.96,0.96,1.05
CN7,1M,32,1,4,0,0,0,0,0,0,461.40,416.35,28.51,21.53,27.18,18.36,1.43,1.44,1.44,1.04
CN7,1M,32,1,5,0,0,0,0,0,0,496.99,450.73,11.51,7.53,10.52,28.03,0.94,0.94,0.94,2.92
CN7,1M,32,4,1,0,0,0,0,0,0,542.11,455.54,14.51,14.2,13.85,11.03,1.27,1.27,1.27,0.92
CN7,1M,32,4,2,0,0,0,0,0,0,601.56,538.87,16.18,8.86,8.85,6.36,1.25,1.25,1.24,0.94
CN7,1M,32,4,3,0,0,0,0,0,0,616.59,574.34,25.51,16.53,25.52,23.03,1.17,1.17,1.17,0.92
CN7,1M,32,4,4,0,0,0,0,0,0,711.29,652.94,13.51,13.2,4.85,7.36,1.11,1.11,1.11,0.92
CN7,1M,32,4,5,0,0,0,0,0,0,468.20,428.89,14.18,14.53,4.18,3.03,1.07,1.07,1.06,0.92
CN7,1M,32,16,1,0,0,0,0,0,0,655.81,587.54,11.84,14.2,3.85,16.69,1.0,1.02,1.0,2.58
CN7,1M,32,16,2,0,0,0,0,0,0,634.95,552.12,41.84,42.53,46.52,23.69,3.27,3.27,3.57,0.92
CN7,1M,32,16,3,0,0,0,0,0,0,651.42,610.67,12.18,12.53,7.52,7.36,1.01,1.01,0.94,0.92
CN7,1M,32,16,4,0,0,0,0,0,0,460.16,418.63,14.18,13.53,3.18,7.36,0.93,0.94,0.94,0.92
CN7,1M,32,16,5,0,0,0,0,0,0,757.53,661.62,14.84,14.86,3.18,13.69,0.95,0.95,0.94,0.92
CN7,1M,64,1,1,0,0,0,0,0,0,346.16,310.70,16.88,16.65,3.14,24.02,0.7,0.7,0.75,1.74
CN7,1M,64,1,2,0,0,0,0,0,0,619.15,536.38,13.13,13.15,2.89,2.27,1.97,1.98,0.73,0.69
CN7,1M,64,1,3,0,0,0,0,0,0,536.13,421.12,15.13,15.15,17.14,15.27,0.73,0.73,2.42,2.16
CN7,1M,64,1,4,0,0,0,0,0,0,372.96,317.19,5.38,5.4,10.89,2.77,0.75,0.75,0.73,0.71
CN7,1M,64,1,5,0,0,0,0,0,0,424.21,383.85,27.63,23.4,11.39,2.77,2.23,2.2,0.73,0.71
CN7,1M,64,4,1,0,0,0,0,0,0,460.81,370.35,5.38,10.64,12.64,12.27,0.75,0.7,1.95,1.93
CN7,1M,64,4,2,0,0,0,0,0,0,437.27,364.56,14.63,14.64,2.39,14.27,0.7,0.7,0.7,0.69
CN7,1M,64,4,3,0,0,0,0,0,0,458.35,407.37,16.63,16.89,5.89,12.77,2.1,2.1,0.74,1.94
CN7,1M,64,4,4,0,0,0,0,0,0,471.80,392.79,11.13,10.89,21.39,2.77,0.7,0.7,1.97,0.69
CN7,1M,64,4,5,0,0,0,0,0,0,547.55,444.13,10.55,10.56,2.38,2.27,0.7,0.7,0.7,0.69
CN7,1M,64,16,1,0,0,0,0,0,0,390.02,337.10,23.88,27.39,5.13,10.27,1.85,1.85,0.74,1.58
CN7,1M,64,16,2,0,0,0,0,0,0,479.94,450.24,2.88,2.9,11.88,2.77,0.73,0.73,1.78,0.71
CN7,1M,64,16,3,0,0,0,0,0,0,518.55,433.29,27.63,25.64,11.88,17.52,2.23,1.98,0.73,1.46
CN7,1M,64,16,4,0,0,0,0,0,0,505.74,396.28,4.88,4.89,12.88,12.77,0.76,0.76,1.97,1.96
CN7,1M,64,16,5,0,0,0,0,0,0,406.89,384.42,10.88,11.14,15.63,15.27,0.7,0.7,0.73,0.71
CN7,2M,1,1,1,0,0,0,0,0,0,424.10,610.39,4.76,4.79,4.77,4.54,1.4,1.4,1.4,1.37
CN7,2M,1,1,2,0,0,0,0,0,0,403.73,577.33,4.76,4.79,4.77,4.54,1.4,1.4,1.4,1.37
CN7,2M,1,1,3,0,0,0,0,0,0,410.72,593.80,5.76,4.79,10.27,11.04,1.42,1.4,1.51,1.48
CN7,2M,1,1,4,0,0,0,0,0,0,413.68,584.00,4.76,4.79,4.77,4.54,1.4,1.4,1.4,1.37
CN7,2M,1,1,5,0,0,0,0,0,0,412.38,591.50,4.76,4.79,4.77,4.54,1.4,1.4,1.4,1.37
CN7,2M,1,4,1,0,0,0,0,0,0,406.82,590.17,4.76,4.79,4.77,4.54,1.4,1.4,1.4,1.37
CN7,2M,1,4,2,0,0,0,0,0,0,188.20,315.40,4.76,4.79,4.77,4.54,1.4,1.4,1.4,1.37
CN7,2M,1,4,3,0,0,0,0,0,0,386.61,554.58,4.76,4.79,4.77,4.54,1.4,1.4,1.4,1.37
CN7,2M,1,4,4,0,0,0,0,0,0,407.13,582.66,4.76,4.79,4.77,4.54,1.4,1.4,1.4,1.37
CN7,2M,1,4,5,0,0,0,0,0,0,395.91,572.21,4.76,4.79,4.77,5.54,1.4,1.4,1.4,1.39
CN7,2M,1,16,1,0,0,0,0,0,0,411.41,597.39,4.76,4.79,4.77,4.54,1.4,1.4,1.4,1.37
CN7,2M,1,16,2,0,0,0,0,0,0,400.99,569.45,4.76,4.79,4.77,4.54,1.4,1.4,1.4,1.37
CN7,2M,1,16,3,0,0,0,0,0,0,388.15,571.59,4.76,4.79,4.77,4.54,1.4,1.4,1.4,1.37
CN7,2M,1,16,4,0,0,0,0,0,0,410.72,581.09,4.75,4.79,4.77,4.54,1.4,1.4,1.4,1.37
CN7,2M,1,16,5,0,0,0,0,0,0,399.57,585.18,4.75,4.79,4.76,4.54,1.4,1.4,1.4,1.37
CN7,2M,2,1,1,0,0,0,0,0,0,604.85,941.38,4.75,5.79,4.76,4.54,1.4,1.42,1.4,1.37
CN7,2M,2,1,2,0,0,0,0,0,0,598.29,917.34,4.75,4.79,4.76,4.54,1.4,1.4,1.4,1.37
CN7,2M,2,1,3,0,0,0,0,0,0,640.11,990.04,4.75,4.79,4.76,4.54,1.4,1.4,1.4,1.37
CN7,2M,2,1,4,0,0,0,0,0,0,337.71,579.14,4.75,4.79,4.76,4.54,1.4,1.4,1.4,1.37
CN7,2M,2,1,5,0,0,0,0,0,0,614.19,943.28,4.75,4.79,4.76,4.54,1.4,1.4,1.4,1.37
CN7,2M,2,4,1,0,0,0,0,0,0,604.98,932.59,4.75,4.79,4.76,4.54,1.4,1.4,1.4,1.37
CN7,2M,2,4,2,0,0,0,0,0,0,636.08,969.73,5.75,5.79,4.76,4.54,1.42,1.42,1.4,1.37
CN7,2M,2,4,3,0,0,0,0,0,0,603.32,932.07,4.75,4.79,5.76,5.54,1.4,1.4,1.42,1.39
CN7,2M,2,4,4,0,0,0,0,0,0,628.17,961.89,4.75,4.79,8.27,4.54,1.4,1.4,1.42,1.37
CN7,2M,2,4,5,0,0,0,0,0,0,625.64,959.36,4.75,4.79,4.76,4.54,1.4,1.4,1.4,1.37
CN7,2M,2,16,1,0,0,0,0,0,0,506.80,809.05,4.75,4.79,4.76,4.53,1.4,1.4,1.4,1.37
CN7,2M,2,16,2,0,0,0,0,0,0,355.03,606.03,4.75,4.79,4.76,4.53,1.4,1.4,1.4,1.37
CN7,2M,2,16,3,0,0,0,0,0,0,392.43,654.21,4.75,4.79,4.76,4.53,1.4,1.4,1.4,1.37
CN7,2M,2,16,4,0,0,0,0,0,0,612.22,937.07,4.75,4.79,4.76,4.53,1.4,1.4,1.4,1.37
CN7,2M,2,16,5,0,0,0,0,0,0,637.53,979.98,4.75,4.79,4.76,8.53,1.4,1.4,1.4,1.39
CN7,2M,4,1,1,0,0,0,0,0,0,832.91,1394.15,4.75,4.79,4.76,4.53,1.4,1.4,1.4,1.37
CN7,2M,4,1,2,0,0,0,0,0,0,725.28,1229.42,5.75,5.79,5.76,5.53,1.42,1.42,1.42,1.39
CN7,2M,4,1,3,0,0,0,0,0,0,664.94,1144.07,4.75,4.79,4.76,4.53,1.4,1.4,1.4,1.37
CN7,2M,4,1,4,0,0,0,0,0,0,814.39,1363.23,4.75,4.79,4.76,4.53,1.4,1.4,1.4,1.37
CN7,2M,4,1,5,0,0,0,0,0,0,484.71,866.48,4.75,4.79,4.76,4.53,1.4,1.4,1.4,1.37
CN7,2M,4,4,1,0,0,0,0,0,0,788.51,1316.43,5.75,5.78,5.76,5.53,1.42,1.42,1.42,1.39
CN7,2M,4,4,2,0,0,0,0,0,0,673.51,1157.69,4.75,4.78,4.76,4.53,1.4,1.4,1.4,1.37
CN7,2M,4,4,3,0,0,0,0,0,0,822.86,1385.46,4.75,4.78,4.76,7.03,1.4,1.4,1.4,1.38
CN7,2M,4,4,4,0,0,0,0,0,0,474.56,851.05,4.75,4.78,4.76,4.53,1.4,1.4,1.4,1.37
CN7,2M,4,4,5,0,0,0,0,0,0,793.89,1339.61,4.75,4.78,4.76,4.53,1.4,1.4,1.4,1.37
CN7,2M,4,16,1,0,0,0,0,0,0,691.62,1187.98,4.75,4.78,4.76,4.53,1.4,1.4,1.4,1.37
CN7,2M,4,16,2,0,0,0,0,0,0,874.63,1468.66,10.75,11.28,4.76,4.53,1.5,1.5,1.4,1.37
CN7,2M,4,16,3,0,0,0,0,0,0,459.80,838.15,4.75,4.78,4.76,4.53,1.4,1.4,1.4,1.37
CN7,2M,4,16,4,0,0,0,0,0,0,835.89,1415.08,4.75,4.78,4.76,4.53,1.4,1.4,1.4,1.37
CN7,2M,4,16,5,0,0,0,0,0,0,721.32,1250.30,5.75,5.78,5.76,8.03,1.42,1.42,1.42,1.4
CN7,2M,8,1,1,0,0,0,0,0,0,708.74,1310.34,8.75,4.78,4.76,4.53,1.42,1.4,1.4,1.37
CN7,2M,8,1,2,0,0,0,0,0,0,792.42,1469.91,4.75,4.78,4.76,4.53,1.4,1.4,1.4,1.37
CN7,2M,8,1,3,0,0,0,0,0,0,1047.20,1891.51,4.75,4.78,4.76,4.53,1.4,1.4,1.4,1.37
CN7,2M,8,1,4,0,0,0,0,0,0,1103.40,1986.59,5.75,5.78,5.76,5.53,1.42,1.42,1.42,1.39
CN7,2M,8,1,5,0,0,0,0,0,0,659.31,1213.50,4.75,4.78,4.76,4.53,1.4,1.4,1.4,1.37
CN7,2M,8,4,1,0,0,0,0,0,0,869.04,1589.81,4.75,4.78,6.76,4.53,1.4,1.4,1.42,1.37
CN7,2M,8,4,2,0,0,0,0,0,0,1113.69,1985.88,5.75,5.78,5.76,5.53,1.43,1.43,1.43,1.39
CN7,2M,8,4,3,0,0,0,0,0,0,980.98,1782.39,4.75,4.78,4.76,4.53,1.4,1.4,1.4,1.37
CN7,2M,8,4,4,0,0,0,0,0,0,691.94,1285.98,4.75,4.78,4.76,4.53,1.4,1.4,1.4,1.37
CN7,2M,8,4,5,0,0,0,0,0,0,897.63,1643.01,4.75,4.78,4.76,4.53,1.4,1.4,1.4,1.37
CN7,2M,8,16,1,0,0,0,0,0,0,1175.20,2116.13,4.75,4.78,4.76,4.53,1.4,1.4,1.4,1.37
CN7,2M,8,16,2,0,0,0,0,0,0,1067.73,1909.16,4.75,4.78,4.76,4.53,1.4,1.4,1.4,1.37
CN7,2M,8,16,3,0,0,0,0,0,0,721.68,1345.00,5.75,5.78,5.76,5.53,1.42,1.42,1.42,1.39
CN7,2M,8,16,4,0,0,0,0,0,0,847.42,1547.04,6.25,4.78,6.26,6.03,1.51,1.4,1.51,1.48
CN7,2M,8,16,5,0,0,0,0,0,0,1108.14,1997.76,4.75,4.78,4.75,4.53,1.4,1.4,1.4,1.37
CN7,2M,16,1,1,0,0,0,0,0,0,1042.18,1987.91,4.75,4.78,4.75,4.53,1.4,1.4,1.4,1.37
CN7,2M,16,1,2,0,0,0,0,0,0,1301.32,2437.35,4.75,4.78,4.75,4.53,1.4,1.4,1.4,1.37
CN7,2M,16,1,3,0,0,0,0,0,0,1385.86,2585.93,4.75,4.78,4.75,4.53,1.4,1.4,1.4,1.37
CN7,2M,16,1,4,0,0,0,0,0,0,1454.37,2717.62,4.75,4.78,4.75,4.53,1.4,1.4,1.4,1.37
CN7,2M,16,1,5,0,0,0,0,0,0,971.23,1647.19,4.75,4.78,4.75,4.53,1.4,1.4,1.4,1.37
CN7,2M,16,4,1,0,0,0,0,0,0,1360.96,2541.47,4.75,4.78,8.25,5.53,1.4,1.4,1.44,1.4
CN7,2M,16,4,2,0,0,0,0,0,0,1196.81,2260.17,7.75,7.78,4.75,5.53,1.43,1.43,1.4,1.39
CN7,2M,16,4,3,0,0,0,0,0,0,1341.72,2509.87,4.75,4.78,4.75,4.53,1.4,1.4,1.4,1.37
CN7,2M,16,4,4,0,0,0,0,0,0,1006.48,1916.36,4.75,4.78,4.75,4.53,1.4,1.4,1.4,1.37
CN7,2M,16,4,5,0,0,0,0,0,0,1292.29,2414.55,5.75,5.78,4.75,4.53,1.4,1.4,1.4,1.37
CN7,2M,16,16,1,0,0,0,0,0,0,1250.44,1755.58,13.75,21.77,22.75,11.03,2.26,2.25,2.25,1.37
CN7,2M,16,16,2,0,0,0,0,0,0,1363.06,2556.77,5.75,5.78,5.75,5.53,1.43,1.43,1.43,1.4
CN7,2M,16,16,3,0,0,0,0,0,0,1007.53,1920.47,4.75,4.78,4.75,4.53,1.4,1.4,1.4,1.37
CN7,2M,16,16,4,0,0,0,0,0,0,1348.35,2518.77,4.75,4.78,4.75,5.53,1.4,1.4,1.4,1.4
CN7,2M,16,16,5,0,0,0,0,0,0,1314.49,2482.02,5.75,5.78,5.75,5.53,1.43,1.4,1.43,1.39
CN7,2M,32,1,1,0,0,0,0,0,0,439.76,825.23,40.5,39.52,33.17,49.02,2.93,2.93,2.93,4.91
CN7,2M,32,1,2,0,0,0,0,0,0,512.86,946.04,13.16,3.18,6.17,3.02,0.93,0.93,0.98,0.91
CN7,2M,32,1,3,0,0,0,0,0,0,618.28,956.42,25.5,30.52,36.84,7.35,2.95,2.97,3.98,1.0
CN7,2M,32,1,4,0,0,0,0,0,0,656.65,944.35,3.16,14.85,9.84,38.68,0.93,0.96,0.98,4.27
CN7,2M,32,1,5,0,0,0,0,0,0,572.29,945.57,26.83,39.52,23.84,17.02,2.95,2.93,0.95,0.91
CN7,2M,32,4,1,0,0,0,0,0,0,686.91,1177.10,3.16,3.18,32.17,8.02,0.93,0.93,3.65,0.93
CN7,2M,32,4,2,0,0,0,0,0,0,524.67,840.21,19.16,24.85,14.84,26.68,2.93,3.6,0.96,2.89
CN7,2M,32,4,3,0,0,0,0,0,0,374.84,709.05,3.16,3.18,35.17,38.01,0.93,0.93,3.78,4.24
CN7,2M,32,4,4,0,0,0,0,0,0,563.84,865.04,42.83,46.85,24.84,19.68,3.6,3.75,0.94,0.91
CN7,2M,32,4,5,0,0,0,0,0,0,532.25,953.93,3.16,3.18,6.17,3.01,0.93,0.93,1.0,0.91
CN7,2M,32,16,1,0,0,0,0,0,0,503.24,873.09,25.5,3.18,34.5,26.68,3.69,0.93,3.68,2.76
CN7,2M,32,16,2,0,0,0,0,0,0,511.63,986.76,12.16,34.52,12.84,38.01,0.95,3.62,0.96,4.27
CN7,2M,32,16,3,0,0,0,0,0,0,575.30,912.86,21.16,21.18,24.17,17.35,1.0,1.0,1.0,0.98
CN7,2M,32,16,4,0,0,0,0,0,0,594.02,1137.65,29.16,28.85,34.17,11.35,3.59,3.59,3.58,0.91
CN7,2M,32,16,5,0,0,0,0,0,0,562.02,1066.99,10.83,3.18,11.17,25.01,0.93,0.93,0.93,2.63
CN7,2M,64,1,1,0,0,0,0,0,0,496.51,851.38,31.37,30.64,33.38,43.51,2.69,2.64,2.63,3.7
CN7,2M,64,1,2,0,0,0,0,0,0,411.28,725.14,18.12,18.14,20.38,25.51,2.61,2.61,2.64,3.24
CN7,2M,64,1,3,0,0,0,0,0,0,387.19,688.74,30.12,30.39,29.63,15.01,2.53,2.53,2.53,0.68
CN7,2M,64,1,4,0,0,0,0,0,0,538.81,881.57,20.62,20.64,22.38,48.76,2.51,2.51,2.53,5.73
CN7,2M,64,1,5,0,0,0,0,0,0,466.20,848.69,17.12,17.14,35.38,15.76,2.45,2.46,2.43,0.71
CN7,2M,64,4,1,0,0,0,0,0,0,564.93,958.16,15.87,24.14,19.63,25.01,2.37,2.38,2.37,3.21
CN7,2M,64,4,2,0,0,0,0,0,0,485.14,780.32,15.37,28.39,28.88,16.26,2.32,2.32,2.37,0.69
CN7,2M,64,4,3,0,0,0,0,0,0,471.76,899.42,17.12,21.89,22.88,37.01,2.3,2.32,2.26,4.23
CN7,2M,64,4,4,0,0,0,0,0,0,342.38,615.06,22.87,23.39,23.13,14.76,2.22,2.22,2.21,0.68
CN7,2M,64,4,5,0,0,0,0,0,0,435.65,753.57,14.62,26.89,30.88,41.51,2.2,2.7,3.2,5.23
CN7,2M,64,16,1,0,0,0,0,0,0,547.88,895.51,15.37,35.89,33.63,18.26,2.2,3.2,2.72,0.71
CN7,2M,64,16,2,0,0,0,0,0,0,497.99,888.73,22.62,44.89,43.63,40.26,2.71,5.25,5.25,4.74
CN7,2M,64,16,3,0,0,0,0,0,0,394.43,714.31,22.37,10.64,15.63,15.51,3.2,0.7,0.7,0.68
CN7,2M,64,16,4,0,0,0,0,0,0,495.21,879.07,22.87,22.89,21.13,46.76,3.22,3.23,2.75,5.18
CN7,2M,64,16,5,0,0,0,0,0,0,519.29,951.56,47.62,4.39,35.63,12.51,4.72,0.73,3.23,0.74
CN7,4M,1,1,1,0,0,0,0,0,0,258.02,822.74,5.74,4.78,8.75,4.52,1.45,1.4,1.5,1.37
CN7,4M,1,1,2,0,0,0,0,0,0,229.46,746.12,4.74,4.77,4.75,4.52,1.39,1.4,1.39,1.37
CN7,4M,1,1,3,0,0,0,0,0,0,215.42,716.91,4.74,4.77,5.75,4.52,1.39,1.4,1.4,1.37
CN7,4M,1,1,4,0,0,0,0,0,0,228.24,749.45,4.74,4.77,4.75,4.52,1.39,1.4,1.39,1.37
CN7,4M,1,1,5,0,0,0,0,0,0,235.83,761.18,4.74,4.77,4.75,4.52,1.39,1.4,1.39,1.37
CN7,4M,1,4,1,0,0,0,0,0,0,227.74,743.44,4.74,4.77,4.75,4.52,1.39,1.4,1.39,1.37
CN7,4M,1,4,2,0,0,0,0,0,0,225.54,734.23,4.74,4.77,4.75,4.52,1.39,1.4,1.39,1.36
CN7,4M,1,4,3,0,0,0,0,0,0,229.12,752.51,4.74,4.77,4.75,9.02,1.39,1.4,1.39,1.38
CN7,4M,1,4,4,0,0,0,0,0,0,240.00,779.14,4.74,4.77,4.75,4.52,1.39,1.4,1.39,1.36
CN7,4M,1,4,5,0,0,0,0,0,0,212.89,702.42,4.74,4.77,4.75,4.52,1.39,1.4,1.39,1.36
CN7,4M,1,16,1,0,0,0,0,0,0,225.26,737.04,4.74,4.77,9.25,4.52,1.39,1.4,1.41,1.36
CN7,4M,1,16,2,0,0,0,0,0,0,225.93,734.07,4.74,4.77,4.75,9.02,1.39,1.4,1.39,1.38
CN7,4M,1,16,3,0,0,0,0,0,0,227.65,735.88,4.74,4.77,4.75,4.52,1.39,1.4,1.39,1.36
CN7,4M,1,16,4,0,0,0,0,0,0,227.62,737.40,4.74,4.77,4.75,4.52,1.39,1.4,1.39,1.36
CN7,4M,1,16,5,0,0,0,0,0,0,221.30,725.34,4.74,4.77,9.21,4.52,1.39,1.4,1.41,1.36
CN7,4M,2,1,1,0,0,0,0,0,0,390.51,1307.20,4.74,4.77,4.75,4.52,1.39,1.4,1.39,1.36
CN7,4M,2,1,2,0,0,0,0,0,0,395.97,1322.13,4.74,4.77,4.75,4.52,1.39,1.39,1.39,1.36
CN7,4M,2,1,3,0,0,0,0,0,0,379.15,1282.27,4.74,4.77,9.25,6.52,1.39,1.39,1.41,1.39
CN7,4M,2,1,4,0,0,0,0,0,0,385.58,1298.60,4.74,4.77,4.75,4.52,1.39,1.39,1.39,1.36
CN7,4M,2,1,5,0,0,0,0,0,0,387.45,1305.52,4.74,4.77,4.75,4.52,1.39,1.39,1.39,1.36
CN7,4M,2,4,1,0,0,0,0,0,0,393.89,1335.87,4.74,4.77,4.75,4.52,1.39,1.39,1.39,1.36
CN7,4M,2,4,2,0,0,0,0,0,0,363.28,1251.61,4.74,4.77,6.75,9.02,1.39,1.39,1.42,1.38
CN7,4M,2,4,3,0,0,0,0,0,0,367.29,1264.11,4.74,4.77,4.75,4.51,1.39,1.39,1.39,1.36
CN7,4M,2,4,4,0,0,0,0,0,0,388.74,1313.70,4.74,4.76,4.75,4.51,1.39,1.39,1.39,1.36
CN7,4M,2,4,5,0,0,0,0,0,0,370.78,1278.26,5.74,5.76,4.75,4.51,1.41,1.41,1.39,1.36
CN7,4M,2,16,1,0,0,0,0,0,0,383.13,1309.44,4.74,4.76,4.75,4.51,1.39,1.39,1.39,1.36
CN7,4M,2,16,2,0,0,0,0,0,0,373.16,1262.82,4.74,4.76,4.75,4.51,1.39,1.39,1.39,1.36
CN7,4M,2,16,3,0,0,0,0,0,0,386.32,1314.31,4.74,4.76,4.75,4.51,1.39,1.39,1.39,1.36
CN7,4M,2,16,4,0,0,0,0,0,0,418.70,1414.13,4.74,4.76,4.75,4.51,1.39,1.39,1.39,1.36
CN7,4M,2,16,5,0,0,0,0,0,0,380.42,1303.79,4.74,4.76,4.75,4.51,1.39,1.39,1.39,1.36
CN7,4M,4,1,1,0,0,0,0,0,0,555.21,2001.04,4.74,4.76,4.75,4.51,1.39,1.39,1.39,1.36
CN7,4M,4,1,2,0,0,0,0,0,0,565.88,2020.93,6.24,4.76,5.75,5.51,1.4,1.39,1.41,1.38
CN7,4M,4,1,3,0,0,0,0,0,0,581.33,2047.50,4.74,4.76,4.75,4.51,1.39,1.39,1.39,1.36
CN7,4M,4,1,4,0,0,0,0,0,0,550.98,1984.65,5.74,6.26,4.75,4.51,1.41,1.41,1.39,1.36
CN7,4M,4,1,5,0,0,0,0,0,0,534.75,1904.12,4.74,4.76,4.75,4.51,1.39,1.39,1.39,1.36
CN7,4M,4,4,1,0,0,0,0,0,0,560.98,1986.23,4.74,4.76,4.75,4.51,1.39,1.39,1.39,1.36
CN7,4M,4,4,2,0,0,0,0,0,0,575.05,2036.44,4.74,4.76,4.75,4.51,1.39,1.39,1.39,1.36
CN7,4M,4,4,3,0,0,0,0,0,0,533.51,1897.23,4.74,4.76,4.75,4.51,1.39,1.39,1.39,1.36
CN7,4M,4,4,4,0,0,0,0,0,0,537.23,1917.29,4.74,4.76,4.75,4.51,1.39,1.39,1.39,1.36
CN7,4M,4,4,5,0,0,0,0,0,0,560.92,2007.20,4.74,4.76,4.75,4.51,1.39,1.39,1.39,1.36
CN7,4M,4,16,1,0,0,0,0,0,0,545.76,1933.47,4.74,4.76,6.25,6.01,1.39,1.39,1.42,1.39
CN7,4M,4,16,2,0,0,0,0,0,0,522.26,1872.61,4.74,4.76,4.75,4.51,1.39,1.39,1.39,1.36
CN7,4M,4,16,3,0,0,0,0,0,0,549.35,1969.04,4.74,4.76,4.75,4.51,1.39,1.39,1.39,1.36
CN7,4M,4,16,4,0,0,0,0,0,0,522.49,1885.77,4.74,4.76,4.75,4.51,1.39,1.39,1.39,1.36
CN7,4M,4,16,5,0,0,0,0,0,0,581.55,2062.73,4.74,4.76,4.75,4.51,1.39,1.39,1.39,1.36
CN7,4M,8,1,1,0,0,0,0,0,0,743.65,2733.45,4.74,9.77,4.75,4.51,1.39,1.49,1.39,1.36
CN7,4M,8,1,2,0,0,0,0,0,0,469.10,1788.14,4.74,5.76,4.75,5.51,1.39,1.42,1.39,1.39
CN7,4M,8,1,3,0,0,0,0,0,0,650.04,2417.03,9.23,4.76,4.75,4.51,1.48,1.39,1.39,1.36
CN7,4M,8,1,4,0,0,0,0,0,0,789.94,2912.52,4.74,4.76,4.75,4.51,1.39,1.39,1.39,1.36
CN7,4M,8,1,5,0,0,0,0,0,0,812.59,2966.20,5.24,4.76,4.75,4.51,1.39,1.39,1.39,1.36
CN7,4M,8,4,1,0,0,0,0,0,0,805.38,2954.39,4.74,4.76,4.75,4.51,1.39,1.39,1.39,1.36
CN7,4M,8,4,2,0,0,0,0,0,0,813.44,3016.67,4.74,4.76,4.75,4.51,1.39,1.39,1.39,1.36
CN7,4M,8,4,3,0,0,0,0,0,0,711.52,2640.68,6.74,4.76,4.75,5.51,1.4,1.39,1.39,1.39
CN7,4M,8,4,4,0,0,0,0,0,0,748.05,1859.25,4.74,8.27,4.75,4.51,1.39,1.42,1.39,1.36
CN7,4M,8,4,5,0,0,0,0,0,0,745.65,1746.38,4.74,4.76,4.75,4.51,1.39,1.39,1.39,1.36
CN7,4M,8,16,1,0,0,0,0,0,0,549.75,1776.49,6.24,4.76,4.75,4.51,1.4,1.39,1.39,1.36
CN7,4M,8,16,2,0,0,0,0,0,0,694.71,2580.91,6.74,4.76,5.75,4.51,1.42,1.39,1.41,1.36
CN7,4M,8,16,3,0,0,0,0,0,0,777.98,2884.36,4.74,4.76,4.75,4.51,1.39,1.39,1.39,1.36
CN7,4M,8,16,4,0,0,0,0,0,0,700.64,2605.92,6.23,4.76,4.75,4.51,1.4,1.39,1.39,1.36
CN7,4M,8,16,5,0,0,0,0,0,0,711.47,2650.74,5.23,5.26,5.25,4.51,1.39,1.39,1.39,1.36
CN7,4M,16,1,1,0,0,0,0,0,0,1033.33,3648,4.74,4.76,4.75,4.51,1.39,1.39,1.39,1.36
CN7,4M,16,1,2,0,0,0,0,0,0,939.97,3585.83,5.74,5.76,5.75,5.51,1.42,1.42,1.42,1.39
CN7,4M,16,1,3,0,0,0,0,0,0,532.52,1893.12,4.74,4.76,4.75,4.51,1.39,1.39,1.39,1.36
CN7,4M,16,1,4,0,0,0,0,0,0,778.38,2982.32,4.74,4.76,4.75,4.51,1.39,1.39,1.39,1.36
CN7,4M,16,1,5,0,0,0,0,0,0,1042.06,3949,79.23,78.27,68.75,72.52,9.39,9.39,9.39,9.44
CN7,4M,16,4,1,0,0,0,0,0,0,950.38,3608,4.74,4.76,4.75,4.51,1.39,1.39,1.39,1.36
CN7,4M,16,4,2,0,0,0,0,0,0,868.75,3320.33,72.73,70.77,70.75,79.02,9.4,9.39,9.39,9.36
CN7,4M,16,4,3,0,0,0,0,0,0,832.90,3185.72,4.74,5.76,4.75,5.51,1.39,1.39,1.39,1.39
CN7,4M,16,4,4,0,0,0,0,0,0,1102.62,4088,6.24,6.26,6.25,6.01,1.5,1.5,1.5,1.47
CN7,4M,16,4,5,0,0,0,0,0,0,842.45,3223.99,4.74,4.76,4.75,4.51,1.39,1.39,1.39,1.36
CN7,4M,16,16,1,0,0,0,0,0,0,686.52,2649.88,4.74,4.76,4.75,4.51,1.39,1.39,1.39,1.36
CN7,4M,16,16,2,0,0,0,0,0,0,887.58,3389.29,5.24,4.76,4.75,4.51,1.39,1.39,1.39,1.36
CN7,4M,16,16,3,0,0,0,0,0,0,918.78,3495.75,4.74,4.76,4.75,4.51,1.39,1.39,1.39,1.36
CN7,4M,16,16,4,0,0,0,0,0,0,964.97,3659,6.24,4.76,4.75,4.51,1.4,1.39,1.39,1.36
CN7,4M,16,16,5,0,0,0,0,0,0,896.63,2572.35,68.73,70.77,70.75,79.52,9.39,9.39,9.39,9.36
CN7,4M,32,1,1,0,0,0,0,0,0,501.94,1739.82,111.16,108.51,110.5,108.01,11.67,11.67,11.74,11.65
CN7,4M,32,1,2,0,0,0,0,0,0,502.52,1630.59,97.49,97.51,97.5,97.68,11.62,11.62,11.62,11.6
CN7,4M,32,1,3,0,0,0,0,0,0,499.79,1758.04,97.49,97.18,96.17,97.68,11.62,11.62,11.62,11.6
CN7,4M,32,1,4,0,0,0,0,0,0,505.71,1793.69,96.16,91.85,91.83,97.01,11.62,11.62,11.62,11.6
CN7,4M,32,1,5,0,0,0,0,0,0,492.93,1766.12,103.16,95.85,99.83,109.68,11.67,11.67,11.67,11.65
CN7,4M,32,4,1,0,0,0,0,0,0,657.86,1882.50,88.49,97.18,97.17,97.35,11.59,11.59,11.59,11.58
CN7,4M,32,4,2,0,0,0,0,0,0,749.06,2269.29,97.16,96.85,96.83,96.68,11.59,11.59,11.59,11.57
CN7,4M,32,4,3,0,0,0,0,0,0,458.01,1792.96,96.49,96.18,96.17,97.01,11.59,11.59,11.59,11.57
CN7,4M,32,4,4,0,0,0,0,0,0,648.07,2095.34,103.49,109.85,109.5,114.35,11.67,11.67,11.67,11.71
CN7,4M,32,4,5,0,0,0,0,0,0,537.57,1825.35,97.49,89.18,89.17,97.68,11.62,11.62,11.62,11.6
CN7,4M,32,16,1,0,0,0,0,0,0,552.89,1794.29,96.83,88.51,88.5,97.02,11.59,11.59,11.59,11.57
CN7,4M,32,16,2,0,0,0,0,0,0,553.94,1860.49,96.83,88.51,88.5,96.68,11.59,11.59,11.59,11.57
CN7,4M,32,16,3,0,0,0,0,0,0,383.74,1487.95,109.83,109.52,109.17,109.68,11.62,11.62,11.61,11.6
CN7,4M,32,16,4,0,0,0,0,0,0,497.57,1422.89,92.5,89.18,89.17,96.68,11.67,11.62,11.62,11.65
CN7,4M,32,16,5,0,0,0,0,0,0,563.78,2077.28,98.16,89.18,89.17,92.35,11.62,11.62,11.62,11.6
CN7,4M,64,1,1,0,0,0,0,0,0,638.32,1701.72,145.87,145.89,145.38,145.51,16.69,16.7,16.69,16.68
CN7,4M,64,1,2,0,0,0,0,0,0,344.82,1312.68,138.87,130.89,130.88,134.01,16.72,16.73,16.72,16.71
CN7,4M,64,1,3,0,0,0,0,0,0,422.00,1445.50,143.37,130.89,130.88,130.76,16.72,16.73,16.72,16.71
CN7,4M,64,1,4,0,0,0,0,0,0,426.71,1514.89,134.13,130.89,130.88,132.26,16.72,16.72,16.72,16.73
CN7,4M,64,1,5,0,0,0,0,0,0,520.21,1719.79,143.88,143.89,143.88,143.76,16.72,16.72,16.72,16.71
CN7,4M,64,4,1,0,0,0,0,0,0,595.95,1682.88,130.38,130.39,130.38,133.51,16.69,16.7,16.7,16.68
CN7,4M,64,4,2,0,0,0,0,0,0,532.09,1625.62,144.38,130.89,130.88,131.27,16.72,16.73,16.72,16.71
CN7,4M,64,4,3,0,0,0,0,0,0,331.38,1149.39,133.63,133.64,134.13,133.52,16.69,16.7,16.71,16.68
CN7,4M,64,4,4,0,0,0,0,0,0,380.99,1435.34,138.88,130.39,130.38,130.27,16.69,16.7,16.7,16.68
CN7,4M,64,4,5,0,0,0,0,0,0,387.28,1493.25,130.38,130.39,130.38,132.52,16.69,16.7,16.7,16.73
CN7,4M,64,16,1,0,0,0,0,0,0,433.61,1576.58,139.13,142.89,142.88,142.52,16.69,16.7,16.7,16.68
CN7,4M,64,16,2,0,0,0,0,0,0,473.12,1470.64,134.13,134.15,134.13,134.02,16.72,16.72,16.72,16.71
CN7,4M,64,16,3,0,0,0,0,0,0,428.06,1664.93,130.88,130.9,130.88,130.77,16.72,16.72,16.72,16.71
CN7,4M,64,16,4,0,0,0,0,0,0,367.57,1274.06,133.13,130.9,130.88,134.02,16.77,16.72,16.72,16.71
CN7,4M,64,16,5,0,0,0,0,0,0,615.37,2079.34,142.88,130.4,130.89,130.27,16.69,16.7,16.72,16.68
CN7,8M,1,1,1,0,0,0,0,0,0,74.93,559.88,4.76,4.79,4.78,4.54,1.39,1.39,1.39,1.36
CN7,8M,1,1,2,0,0,0,0,0,0,118.50,852.83,4.76,4.79,4.78,4.54,1.39,1.39,1.39,1.36
CN7,8M,1,1,3,0,0,0,0,0,0,121.56,876.87,4.76,4.79,4.78,4.54,1.39,1.39,1.39,1.36
CN7,8M,1,1,4,0,0,0,0,0,0,131.90,942.62,4.76,4.79,4.78,4.54,1.39,1.39,1.39,1.36
CN7,8M,1,1,5,0,0,0,0,0,0,123.12,885.57,4.76,4.79,4.78,4.54,1.39,1.39,1.39,1.36
CN7,8M,1,4,1,0,0,0,0,0,0,118.63,854.13,4.76,4.79,4.78,4.54,1.39,1.39,1.39,1.36
CN7,8M,1,4,2,0,0,0,0,0,0,119.77,862.21,4.76,4.79,4.78,4.54,1.39,1.39,1.39,1.36
CN7,8M,1,4,3,0,0,0,0,0,0,121.93,878.14,4.76,4.79,4.78,4.54,1.39,1.39,1.39,1.36
CN7,8M,1,4,4,0,0,0,0,0,0,123.31,882.76,4.76,4.79,4.78,4.54,1.39,1.39,1.39,1.36
CN7,8M,1,4,5,0,0,0,0,0,0,122.33,879.70,4.76,4.79,4.77,4.54,1.39,1.39,1.39,1.36
CN7,8M,1,16,1,0,0,0,0,0,0,124.87,893.74,4.76,4.79,4.77,4.54,1.39,1.39,1.39,1.36
CN7,8M,1,16,2,0,0,0,0,0,0,119.47,863.74,4.76,6.29,4.77,4.54,1.39,1.4,1.39,1.36
CN7,8M,1,16,3,0,0,0,0,0,0,130.62,942.54,4.76,5.79,6.27,4.54,1.39,1.41,1.4,1.36
CN7,8M,1,16,4,0,0,0,0,0,0,122.81,878.32,4.76,4.79,4.77,4.54,1.39,1.39,1.39,1.36
CN7,8M,1,16,5,0,0,0,0,0,0,123.17,884.78,4.76,4.79,4.77,4.54,1.39,1.39,1.39,1.36
CN7,8M,2,1,1,0,0,0,0,0,0,217.85,1586.12,4.76,4.79,4.77,4.54,1.39,1.39,1.39,1.36
CN7,8M,2,1,2,0,0,0,0,0,0,216.24,1577.88,4.76,4.79,4.77,4.54,1.39,1.39,1.39,1.36
CN7,8M,2,1,3,0,0,0,0,0,0,214.56,1568.55,4.76,4.79,4.77,4.54,1.39,1.39,1.39,1.36
CN7,8M,2,1,4,0,0,0,0,0,0,230.06,1663.37,6.26,5.79,4.77,4.54,1.4,1.41,1.39,1.36
CN7,8M,2,1,5,0,0,0,0,0,0,219.76,1596.39,5.76,4.79,4.77,5.54,1.41,1.39,1.39,1.38
CN7,8M,2,4,1,0,0,0,0,0,0,221.14,1614.28,4.76,4.79,4.77,4.54,1.39,1.39,1.39,1.36
CN7,8M,2,4,2,0,0,0,0,0,0,210.90,1533.67,4.76,4.79,4.77,4.54,1.39,1.39,1.39,1.36
CN7,8M,2,4,3,0,0,0,0,0,0,212.35,1551.33,4.76,4.79,4.77,4.54,1.39,1.39,1.39,1.36
CN7,8M,2,4,4,0,0,0,0,0,0,225.02,1636.16,4.76,4.79,4.77,4.54,1.39,1.39,1.39,1.36
CN7,8M,2,4,5,0,0,0,0,0,0,205.47,1508.78,4.76,4.79,4.77,4.54,1.39,1.39,1.39,1.36
CN7,8M,2,16,1,0,0,0,0,0,0,214.50,1574.25,5.76,4.79,6.27,4.54,1.41,1.39,1.4,1.36
CN7,8M,2,16,2,0,0,0,0,0,0,207.07,1509.69,4.76,4.79,4.77,4.54,1.39,1.39,1.39,1.36
CN7,8M,2,16,3,0,0,0,0,0,0,217.70,1595.78,4.76,4.79,4.77,4.54,1.39,1.39,1.39,1.36
CN7,8M,2,16,4,0,0,0,0,0,0,221.01,1605.28,4.76,4.79,4.77,4.54,1.39,1.39,1.39,1.36
CN7,8M,2,16,5,0,0,0,0,0,0,210.00,1536.76,4.76,4.79,4.77,4.54,1.39,1.39,1.39,1.36
CN7,8M,4,1,1,0,0,0,0,0,0,352.95,2616.79,4.76,4.79,4.77,4.54,1.39,1.39,1.39,1.36
CN7,8M,4,1,2,0,0,0,0,0,0,336.45,2493.36,4.76,4.79,4.77,4.54,1.39,1.39,1.39,1.36
CN7,8M,4,1,3,0,0,0,0,0,0,332.68,2474.65,4.76,4.79,4.77,4.54,1.39,1.39,1.39,1.36
CN7,8M,4,1,4,0,0,0,0,0,0,337.86,2415.68,4.76,4.79,4.77,4.54,1.39,1.39,1.39,1.36
CN7,8M,4,1,5,0,0,0,0,0,0,334.09,2479.68,4.76,4.79,4.77,4.54,1.39,1.39,1.39,1.36
CN7,8M,4,4,1,0,0,0,0,0,0,335.18,2497.82,4.76,4.79,4.77,4.54,1.39,1.39,1.39,1.36
CN7,8M,4,4,2,0,0,0,0,0,0,341.15,2555.46,4.76,4.79,4.77,4.54,1.39,1.39,1.39,1.36
CN7,8M,4,4,3,0,0,0,0,0,0,341.51,2544.27,4.76,4.79,4.77,4.54,1.39,1.39,1.39,1.36
CN7,8M,4,4,4,0,0,0,0,0,0,334.00,2480.83,4.76,4.79,4.77,4.54,1.39,1.39,1.39,1.36
CN7,8M,4,4,5,0,0,0,0,0,0,320.05,2395.38,4.76,4.79,4.77,4.54,1.39,1.39,1.39,1.36
CN7,8M,4,16,1,0,0,0,0,0,0,335.36,2495.82,4.76,4.79,4.77,4.54,1.39,1.39,1.39,1.36
CN7,8M,4,16,2,0,0,0,0,0,0,351.44,2614.95,4.76,4.79,4.77,4.54,1.39,1.39,1.39,1.36
CN7,8M,4,16,3,0,0,0,0,0,0,325.01,2427.65,4.76,4.79,4.77,4.54,1.39,1.39,1.39,1.36
CN7,8M,4,16,4,0,0,0,0,0,0,333.80,2484.09,4.76,4.79,4.77,4.54,1.39,1.39,1.39,1.36
CN7,8M,4,16,5,0,0,0,0,0,0,338.89,2508.65,4.76,4.79,4.77,4.54,1.39,1.39,1.39,1.36
CN7,8M,8,1,1,0,0,0,0,0,0,535.25,4062,4.76,4.79,4.77,4.54,1.39,1.39,1.39,1.36
CN7,8M,8,1,2,0,0,0,0,0,0,487.82,3721,4.76,4.79,4.77,4.54,1.39,1.39,1.39,1.36
CN7,8M,8,1,3,0,0,0,0,0,0,541.87,4097,4.76,4.79,4.77,4.54,1.39,1.39,1.39,1.36
CN7,8M,8,1,4,0,0,0,0,0,0,519.20,3870,4.76,4.79,4.77,4.54,1.39,1.39,1.39,1.36
CN7,8M,8,1,5,0,0,0,0,0,0,373.32,2876.88,4.76,4.79,4.77,4.54,1.39,1.39,1.39,1.36
CN7,8M,8,4,1,0,0,0,0,0,0,478.24,3637,9.26,4.79,4.77,4.54,1.48,1.39,1.39,1.36
CN7,8M,8,4,2,0,0,0,0,0,0,414.90,3151.69,4.76,4.79,4.77,4.54,1.39,1.39,1.39,1.36
CN7,8M,8,4,3,0,0,0,0,0,0,489.77,3554.21,4.76,4.79,4.77,4.54,1.39,1.39,1.39,1.36
CN7,8M,8,4,4,0,0,0,0,0,0,390.05,3001.12,5.76,4.79,5.77,4.54,1.41,1.39,1.41,1.36
CN7,8M,8,4,5,0,0,0,0,0,0,554.28,3854,5.76,6.29,5.77,5.54,1.42,1.42,1.42,1.39
CN7,8M,8,16,1,0,0,0,0,0,0,495.90,3756,4.76,4.79,4.77,4.54,1.39,1.39,1.39,1.36
CN7,8M,8,16,2,0,0,0,0,0,0,526.24,3702,4.76,4.79,4.77,4.54,1.39,1.39,1.39,1.36
CN7,8M,8,16,3,0,0,0,0,0,0,447.88,3008.62,4.76,4.79,4.77,4.54,1.39,1.39,1.39,1.36
CN7,8M,8,16,4,0,0,0,0,0,0,548.48,4127,4.76,4.79,4.77,4.54,1.39,1.39,1.39,1.36
CN7,8M,8,16,5,0,0,0,0,0,0,487.27,3604,4.76,4.79,4.77,4.54,1.39,1.39,1.39,1.36
CN7,8M,16,1,1,0,0,0,0,0,0,812.38,6034,4.76,4.79,4.77,4.54,1.39,1.39,1.39,1.36
CN7,8M,16,1,2,0,0,0,0,0,0,669.21,4298,4.76,4.79,4.77,4.54,1.39,1.39,1.39,1.36
CN7,8M,16,1,3,0,0,0,0,0,0,724.29,5597,8.76,4.79,4.78,4.54,1.47,1.39,1.39,1.36
CN7,8M,16,1,4,0,0,0,0,0,0,741.19,5695,4.76,4.79,4.78,4.54,1.39,1.39,1.39,1.36
CN7,8M,16,1,5,0,0,0,0,0,0,734.75,4689,5.76,5.79,5.78,5.54,1.42,1.42,1.42,1.39
CN7,8M,16,4,1,0,0,0,0,0,0,697.76,5406,4.76,4.79,4.78,4.54,1.39,1.39,1.39,1.36
CN7,8M,16,4,2,0,0,0,0,0,0,665.74,4459,4.76,4.79,4.78,4.54,1.39,1.39,1.39,1.36
CN7,8M,16,4,3,0,0,0,0,0,0,583.63,4286,134.26,134.29,134.28,134.04,17.39,17.39,17.39,17.36
CN7,8M,16,4,4,0,0,0,0,0,0,812.34,6225,4.76,4.79,4.78,4.54,1.39,1.39,1.39,1.36
CN7,8M,16,4,5,0,0,0,0,0,0,774.87,5380,9.77,6.29,11.78,6.05,1.59,1.5,1.6,1.47
CN7,8M,16,16,1,0,0,0,0,0,0,681.72,4970,4.76,4.79,4.78,4.55,1.39,1.39,1.39,1.36
CN7,8M,16,16,2,0,0,0,0,0,0,680.57,5251,109.77,100.8,107.28,84.55,13.39,13.39,14.2,11.36
CN7,8M,16,16,3,0,0,0,0,0,0,667.48,5141,4.77,4.79,4.78,4.55,1.39,1.39,1.39,1.36
CN7,8M,16,16,4,0,0,0,0,0,0,603.43,4418,4.77,4.8,4.78,4.55,1.39,1.39,1.39,1.36
CN7,8M,16,16,5,0,0,0,0,0,0,735.79,5688,142.27,140.3,142.78,132.55,17.39,17.39,17.39,17.36
CN7,8M,32,1,1,0,0,0,0,0,0,372.27,2812.59,179.85,179.87,180.19,179.03,22.26,22.26,22.26,22.24
CN7,8M,32,1,2,0,0,0,0,0,0,353.30,2784.66,190.85,192.2,192.19,196.37,22.26,22.26,22.26,22.24
CN7,8M,32,1,3,0,0,0,0,0,0,408.27,2111.19,182.85,174.53,174.52,179.04,22.28,22.28,22.28,22.26
CN7,8M,32,1,4,0,0,0,0,0,0,361.27,2413.21,180.18,183.2,183.52,174.37,22.28,22.29,22.29,22.26
CN7,8M,32,1,5,0,0,0,0,0,0,328.22,2273.09,174.52,182.54,182.86,173.7,22.28,22.29,22.29,22.24
CN7,8M,32,4,1,0,0,0,0,0,0,310.16,2091.74,185.18,188.2,187.86,194.7,22.26,22.26,22.26,22.24
CN7,8M,32,4,2,0,0,0,0,0,0,346.41,2218.80,174.52,179.2,179.19,179.04,22.28,22.29,22.29,22.27
CN7,8M,32,4,3,0,0,0,0,0,0,341.84,2154.87,174.52,182.54,182.53,174.37,22.28,22.29,22.29,22.27
CN7,8M,32,4,4,0,0,0,0,0,0,374.34,2680.05,173.85,183.21,178.19,184.37,22.26,22.26,22.26,22.24
CN7,8M,32,4,5,0,0,0,0,0,0,374.31,2807.60,173.85,185.21,187.53,194.04,22.26,22.26,22.26,22.24
CN7,8M,32,16,1,0,0,0,0,0,0,395.97,2373.56,173.85,182.21,173.86,173.71,22.26,22.26,22.26,22.24
CN7,8M,32,16,2,0,0,0,0,0,0,435.95,3349.15,174.52,182.88,174.53,174.38,22.29,22.29,22.29,22.26
CN7,8M,32,16,3,0,0,0,0,0,0,406.90,2352.83,173.86,181.54,173.86,176.38,22.26,22.26,22.26,22.24
CN7,8M,32,16,4,0,0,0,0,0,0,279.71,1917.53,188.19,180.54,194.53,190.71,22.26,22.26,22.26,22.24
CN7,8M,32,16,5,0,0,0,0,0,0,333.51,2454.50,179.19,182.21,180.53,173.71,22.28,22.26,22.31,22.24
CN7,8M,64,1,1,0,0,0,0,0,0,452.10,2976.88,258.39,267.16,266.4,261.54,32.69,32.7,32.69,32.68
CN7,8M,64,1,2,0,0,0,0,0,0,455.76,2616.38,258.89,269.66,266.9,271.79,32.72,32.72,32.72,32.71
CN7,8M,64,1,3,0,0,0,0,0,0,406.26,2764.81,258.4,260.66,259.65,258.79,32.69,32.74,32.72,32.69
CN7,8M,64,1,4,0,0,0,0,0,0,572.98,3884,258.9,268.41,267.65,258.79,32.72,32.72,32.72,32.71
CN7,8M,64,1,5,0,0,0,0,0,0,333.53,2415.10,258.4,258.42,258.4,258.29,32.69,32.7,32.7,32.68
CN7,8M,64,4,1,0,0,0,0,0,0,387.82,2568.47,271.9,258.92,267.41,258.79,32.72,32.72,32.72,32.71
CN7,8M,64,4,2,0,0,0,0,0,0,418.55,2876.30,258.4,270.42,258.41,258.29,32.7,32.7,32.7,32.68
CN7,8M,64,4,3,0,0,0,0,0,0,438.32,2537.52,258.4,267.17,271.66,271.55,32.7,32.7,32.7,32.68
CN7,8M,64,4,4,0,0,0,0,0,0,419.42,2645.47,266.9,258.92,258.91,258.8,32.72,32.72,32.72,32.71
CN7,8M,64,4,5,0,0,0,0,0,0,456.63,3240.45,267.41,275.42,258.91,258.3,32.71,32.71,32.71,32.68
CN7,8M,64,16,1,0,0,0,0,0,0,542.56,3216.95,258.91,258.92,267.41,267.05,32.72,32.72,32.72,32.71
CN7,8M,64,16,2,0,0,0,0,0,0,295.10,2076.04,272.41,258.93,267.67,267.55,32.72,32.72,32.72,32.71
CN7,8M,64,16,3,0,0,0,0,0,0,439.89,2717.68,258.91,266.93,258.92,258.8,32.72,32.73,32.72,32.71
CN7,8M,64,16,4,0,0,0,0,0,0,412.69,2964.09,258.91,264.18,271.92,271.8,32.72,32.73,32.73,32.71
CN7,8M,64,16,5,0,0,0,0,0,0,427.27,2830.46,267.16,258.93,258.92,258.81,32.72,32.72,32.72,32.71
CN7,16M,1,1,1,0,0,0,0,0,0,37.22,575.33,4.83,4.86,4.84,5.62,1.39,1.4,1.39,1.42
CN7,16M,1,1,2,0,0,0,0,0,0,71.02,1064.17,4.83,4.86,4.84,4.62,1.39,1.4,1.39,1.37
CN7,16M,1,1,3,0,0,0,0,0,0,63.50,957.29,8.33,4.86,4.84,4.62,1.48,1.4,1.39,1.37
CN7,16M,1,1,4,0,0,0,0,0,0,64.25,972.51,4.83,11.36,4.84,4.61,1.39,1.5,1.39,1.37
CN7,16M,1,1,5,0,0,0,0,0,0,65.95,991.77,4.83,4.86,4.84,4.61,1.39,1.4,1.39,1.37
CN7,16M,1,4,1,0,0,0,0,0,0,63.04,950.56,4.83,4.86,4.84,4.61,1.39,1.4,1.39,1.37
CN7,16M,1,4,2,0,0,0,0,0,0,62.46,944.40,4.83,4.86,4.84,4.61,1.39,1.4,1.39,1.37
CN7,16M,1,4,3,0,0,0,0,0,0,62.90,952.22,4.83,4.86,4.84,4.61,1.39,1.4,1.39,1.37
CN7,16M,1,4,4,0,0,0,0,0,0,64.92,984.09,4.83,4.86,4.84,4.61,1.39,1.4,1.39,1.37
CN7,16M,1,4,5,0,0,0,0,0,0,64.71,979.66,4.83,4.86,4.84,4.61,1.39,1.4,1.39,1.37
CN7,16M,1,16,1,0,0,0,0,0,0,61.43,925.13,4.83,4.86,4.84,4.61,1.39,1.4,1.39,1.37
CN7,16M,1,16,2,0,0,0,0,0,0,63.66,958.99,4.83,4.86,4.84,4.61,1.39,1.4,1.39,1.37
CN7,16M,1,16,3,0,0,0,0,0,0,63.66,961.84,4.83,4.86,4.84,6.11,1.39,1.4,1.39,1.37
CN7,16M,1,16,4,0,0,0,0,0,0,62.77,949.03,4.83,4.86,4.84,5.61,1.39,1.4,1.39,1.38
CN7,16M,1,16,5,0,0,0,0,0,0,64.47,973.28,4.83,4.86,4.84,4.61,1.39,1.4,1.39,1.36
CN7,16M,2,1,1,0,0,0,0,0,0,118.22,1792.80,4.83,4.86,4.84,4.61,1.39,1.4,1.39,1.36
CN7,16M,2,1,2,0,0,0,0,0,0,114.50,1744.97,4.83,4.86,4.84,4.61,1.39,1.4,1.39,1.36
CN7,16M,2,1,3,0,0,0,0,0,0,120.71,1841.40,4.83,4.86,4.84,4.61,1.39,1.4,1.39,1.36
CN7,16M,2,1,4,0,0,0,0,0,0,115.17,1757.54,4.83,4.86,4.84,4.61,1.39,1.39,1.39,1.36
CN7,16M,2,1,5,0,0,0,0,0,0,116.14,1763.66,4.83,4.86,4.84,4.61,1.39,1.39,1.39,1.36
CN7,16M,2,4,1,0,0,0,0,0,0,118.26,1797.57,4.83,4.86,4.84,4.61,1.39,1.39,1.39,1.36
CN7,16M,2,4,2,0,0,0,0,0,0,110.32,1683.57,4.83,4.86,4.84,4.61,1.39,1.39,1.39,1.36
CN7,16M,2,4,3,0,0,0,0,0,0,115.12,1751.98,4.83,4.86,4.84,4.61,1.39,1.39,1.39,1.36
CN7,16M,2,4,4,0,0,0,0,0,0,112.37,1710.39,4.83,4.86,4.84,4.61,1.39,1.39,1.39,1.36
CN7,16M,2,4,5,0,0,0,0,0,0,116.27,1761.16,4.83,4.86,4.83,4.61,1.39,1.39,1.39,1.36
CN7,16M,2,16,1,0,0,0,0,0,0,113.78,1727.70,4.83,4.86,4.83,4.61,1.39,1.39,1.39,1.36
CN7,16M,2,16,2,0,0,0,0,0,0,112.91,1717.28,4.83,4.86,4.83,4.61,1.39,1.39,1.39,1.36
CN7,16M,2,16,3,0,0,0,0,0,0,115.88,1764.84,4.83,4.86,6.33,4.61,1.39,1.39,1.4,1.36
CN7,16M,2,16,4,0,0,0,0,0,0,116.90,1782.51,4.83,4.86,4.83,4.61,1.39,1.39,1.39,1.36
CN7,16M,2,16,5,0,0,0,0,0,0,118.24,1792.34,4.83,4.86,4.83,4.61,1.39,1.39,1.39,1.36
CN7,16M,4,1,1,0,0,0,0,0,0,198.56,3036.88,4.83,4.86,4.83,4.61,1.39,1.39,1.39,1.36
CN7,16M,4,1,2,0,0,0,0,0,0,183.73,2821.27,4.83,4.86,4.83,4.61,1.39,1.39,1.39,1.36
CN7,16M,4,1,3,0,0,0,0,0,0,198.26,3041.66,4.83,4.86,4.83,4.61,1.39,1.39,1.39,1.36
CN7,16M,4,1,4,0,0,0,0,0,0,199.12,3057.73,4.83,4.86,4.83,4.61,1.39,1.39,1.39,1.36
CN7,16M,4,1,5,0,0,0,0,0,0,189.40,2914.67,4.83,4.86,4.83,4.61,1.39,1.39,1.39,1.36
CN7,16M,4,4,1,0,0,0,0,0,0,190.88,2940.02,6.33,5.36,7.83,6.11,1.42,1.39,1.43,1.39
CN7,16M,4,4,2,0,0,0,0,0,0,210.36,3213.83,4.83,4.86,4.83,4.61,1.39,1.39,1.39,1.36
CN7,16M,4,4,3,0,0,0,0,0,0,196.53,3016.84,4.83,4.86,4.83,4.61,1.39,1.39,1.39,1.36
CN7,16M,4,4,4,0,0,0,0,0,0,190.24,2926.11,6.83,6.86,4.83,4.61,1.41,1.41,1.39,1.36
CN7,16M,4,4,5,0,0,0,0,0,0,212.54,3253.61,4.83,4.86,4.83,4.61,1.39,1.39,1.39,1.36
CN7,16M,4,16,1,0,0,0,0,0,0,184.70,2840.71,4.83,4.86,4.84,4.61,1.39,1.39,1.39,1.36
CN7,16M,4,16,2,0,0,0,0,0,0,190.81,2939.31,4.83,4.86,4.84,4.61,1.39,1.39,1.39,1.36
CN7,16M,4,16,3,0,0,0,0,0,0,172.97,2660.67,5.33,5.36,5.34,5.11,1.39,1.39,1.39,1.36
CN7,16M,4,16,4,0,0,0,0,0,0,188.19,2895.99,4.83,4.86,4.84,4.61,1.39,1.39,1.39,1.36
CN7,16M,4,16,5,0,0,0,0,0,0,182.35,2808.93,4.83,5.86,5.84,4.61,1.39,1.42,1.42,1.36
CN7,16M,8,1,1,0,0,0,0,0,0,244.40,3817,4.83,4.86,4.84,4.61,1.39,1.39,1.39,1.36
CN7,16M,8,1,2,0,0,0,0,0,0,251.05,3908,4.83,4.86,4.84,4.61,1.39,1.39,1.39,1.36
CN7,16M,8,1,3,0,0,0,0,0,0,286.86,4434,4.83,4.86,4.84,4.61,1.39,1.39,1.39,1.36
CN7,16M,8,1,4,0,0,0,0,0,0,247.71,3859,4.83,4.86,4.84,4.61,1.39,1.39,1.39,1.36
CN7,16M,8,1,5,0,0,0,0,0,0,238.93,3525.92,5.83,5.86,4.84,5.62,1.41,1.42,1.39,1.39
CN7,16M,8,4,1,0,0,0,0,0,0,270.60,4217,4.83,4.86,4.84,4.62,1.39,1.39,1.39,1.36
CN7,16M,8,4,2,0,0,0,0,0,0,243.30,3791,5.83,5.86,5.84,5.62,1.42,1.42,1.42,1.39
CN7,16M,8,4,3,0,0,0,0,0,0,323.73,5015,4.83,4.86,4.84,4.62,1.39,1.39,1.39,1.36
CN7,16M,8,4,4,0,0,0,0,0,0,303.86,4705,4.83,4.86,4.84,4.62,1.39,1.39,1.39,1.36
CN7,16M,8,4,5,0,0,0,0,0,0,267.09,4160,4.83,4.87,4.84,4.62,1.39,1.39,1.39,1.36
CN7,16M,8,16,1,0,0,0,0,0,0,297.93,4605,4.83,4.87,4.84,4.62,1.39,1.39,1.39,1.36
CN7,16M,8,16,2,0,0,0,0,0,0,220.78,3405.03,4.83,4.87,4.84,4.62,1.39,1.39,1.39,1.36
CN7,16M,8,16,3,0,0,0,0,0,0,309.33,4788,6.33,4.87,4.84,4.62,1.4,1.39,1.39,1.36
CN7,16M,8,16,4,0,0,0,0,0,0,225.04,3421.35,6.83,6.37,6.34,6.12,1.41,1.42,1.42,1.39
CN7,16M,8,16,5,0,0,0,0,0,0,299.69,4631,4.83,4.87,4.84,4.62,1.39,1.39,1.39,1.36
CN7,16M,16,1,1,0,0,0,0,0,0,470.15,6831,4.83,4.87,4.84,4.62,1.39,1.39,1.39,1.36
CN7,16M,16,1,2,0,0,0,0,0,0,372.94,5277,4.83,7.37,4.85,6.12,1.39,1.41,1.39,1.39
CN7,16M,16,1,3,0,0,0,0,0,0,490.27,7155,4.84,15.87,34.85,36.62,1.39,2.77,5.14,5.36
CN7,16M,16,1,4,0,0,0,0,0,0,468.62,7083,4.84,4.87,4.85,4.62,1.39,1.39,1.39,1.36
CN7,16M,16,1,5,0,0,0,0,0,0,387.75,5881,263.34,244.87,212.85,197.62,33.42,31.39,27.39,25.39
CN7,16M,16,4,1,0,0,0,0,0,0,505.58,6573,4.84,4.87,4.85,4.63,1.39,1.39,1.39,1.36
CN7,16M,16,4,2,0,0,0,0,0,0,475.22,6515,8.34,6.38,6.36,6.13,1.42,1.39,1.39,1.36
CN7,16M,16,4,3,0,0,0,0,0,0,407.19,5691,5.84,5.88,5.86,5.63,1.42,1.42,1.42,1.39
CN7,16M,16,4,4,0,0,0,0,0,0,509.91,7757,20.84,47.88,34.86,23.63,3.39,6.77,5.14,3.74
CN7,16M,16,4,5,0,0,0,0,0,0,407.96,5895,4.84,4.88,4.86,4.63,1.39,1.39,1.39,1.36
CN7,16M,16,16,1,0,0,0,0,0,0,434.95,5504,276.85,277.38,261.36,261.13,31.39,31.39,29.39,29.36
CN7,16M,16,16,2,0,0,0,0,0,0,384.14,5780,159.85,148.88,148.86,148.13,20.77,19.39,19.39,19.3
CN7,16M,16,16,3,0,0,0,0,0,0,439.60,6865,68.85,92.88,84.36,84.63,9.39,12.4,11.33,11.36
CN7,16M,16,16,4,0,0,0,0,0,0,455.50,6398,4.85,4.88,4.86,4.63,1.39,1.4,1.39,1.36
CN7,16M,16,16,5,0,0,0,0,0,0,416.76,6267,244.85,239.88,224.36,255.63,31.39,29.4,27.39,31.36
CN7,16M,32,1,1,0,0,0,0,0,0,355.24,4769,353.57,352.92,353.57,352.76,43.59,43.6,43.6,43.58
CN7,16M,32,1,2,0,0,0,0,0,0,395.70,5100,363.57,361.92,361.91,361.42,43.59,43.62,43.62,43.6
CN7,16M,32,1,3,0,0,0,0,0,0,255.12,3290.97,349.24,349.26,349.25,344.43,43.59,43.6,43.6,43.58
CN7,16M,32,1,4,0,0,0,0,0,0,302.50,4119,353.24,344.59,344.58,344.43,43.6,43.6,43.6,43.58
CN7,16M,32,1,5,0,0,0,0,0,0,266.68,2972.18,352.58,344.6,344.58,344.43,43.6,43.6,43.6,43.58
CN7,16M,32,4,1,0,0,0,0,0,0,303.73,4212,358.91,364.93,364.92,364.77,43.6,43.6,43.6,43.58
CN7,16M,32,4,2,0,0,0,0,0,0,458.46,5958,352.25,344.6,344.59,344.43,43.6,43.6,43.6,43.58
CN7,16M,32,4,3,0,0,0,0,0,0,241.31,3728,353.92,345.27,345.25,345.1,43.62,43.62,43.62,43.6
CN7,16M,32,4,4,0,0,0,0,0,0,256.73,4007,353.25,353.94,354.26,353.77,43.63,43.63,43.62,43.6
CN7,16M,32,4,5,0,0,0,0,0,0,308.29,4345,359.59,363.61,362.92,363.44,43.67,43.67,43.67,43.65
CN7,16M,32,16,1,0,0,0,0,0,0,406.55,5398,349.25,349.27,349.26,344.44,43.6,43.6,43.6,43.58
CN7,16M,32,16,2,0,0,0,0,0,0,369.95,4554,352.26,344.61,344.6,344.44,43.6,43.6,43.6,43.58
CN7,16M,32,16,3,0,0,0,0,0,0,330.70,4199,347.26,352.94,352.93,352.78,43.6,43.6,43.6,43.58
CN7,16M,32,16,4,0,0,0,0,0,0,365.89,4947,351.26,361.61,358.93,361.45,43.6,43.6,43.6,43.58
CN7,16M,32,16,5,0,0,0,0,0,0,362.81,4893,344.59,344.61,344.6,344.45,43.6,43.6,43.6,43.58
CN7,16M,64,1,1,0,0,0,0,0,0,364.32,4724,514.95,523.46,523.7,523.34,64.72,64.72,64.72,64.7
CN7,16M,64,1,2,0,0,0,0,0,0,298.37,4050,514.45,525.72,524.96,525.34,64.7,64.7,64.7,64.68
CN7,16M,64,1,3,0,0,0,0,0,0,372.90,4650,526.7,514.97,514.46,514.85,64.71,64.71,64.7,64.7
CN7,16M,64,1,4,0,0,0,0,0,0,340.25,4174,519.21,527.72,528.21,527.35,64.7,64.7,64.7,64.69
CN7,16M,64,1,5,0,0,0,0,0,0,280.77,3794,514.96,514.98,514.97,514.85,64.73,64.73,64.73,64.71
CN7,16M,64,4,1,0,0,0,0,0,0,287.63,3859,528.21,515.23,515.22,514.85,64.73,64.76,64.76,64.71
CN7,16M,64,4,2,0,0,0,0,0,0,392.48,4593,514.97,515.48,519.97,519.61,64.73,64.7,64.73,64.72
CN7,16M,64,4,3,0,0,0,0,0,0,321.68,4436,514.47,519.48,523.72,519.36,64.7,64.7,64.7,64.69
CN7,16M,64,4,4,0,0,0,0,0,0,336.28,4473,522.72,514.49,515.23,514.36,64.7,64.7,64.73,64.69
CN7,16M,64,4,5,0,0,0,0,0,0,402.47,5537,523.22,515.49,528.23,528.37,64.73,64.74,64.73,64.71
CN7,16M,64,16,1,0,0,0,0,0,0,345.07,4764,514.48,514.49,514.48,514.37,64.7,64.7,64.7,64.69
CN7,16M,64,16,2,0,0,0,0,0,0,242.34,3621,528.48,515.0,514.99,514.87,64.73,64.73,64.73,64.72
CN7,16M,64,16,3,0,0,0,0,0,0,286.14,3725,514.48,516.75,526.74,526.62,64.7,64.73,64.7,64.69
CN7,16M,64,16,4,0,0,0,0,0,0,285.01,3910,514.49,523.0,522.99,522.88,64.7,64.7,64.7,64.69
CN7,16M,64,16,5,0,0,0,0,0,0,278.19,4096,518.74,515.0,514.99,514.88,64.73,64.73,64.73,64.72
CN7,32M,1,1,1,0,0,0,0,0,0,19.48,611.78,13.98,5.01,20.99,5.76,1.43,1.41,1.41,1.4
CN7,32M,1,1,2,0,0,0,0,0,0,30.95,962.13,4.98,5.01,4.99,4.76,1.41,1.41,1.41,1.38
CN7,32M,1,1,3,0,0,0,0,0,0,31.99,992.21,9.98,5.01,4.99,4.76,1.51,1.41,1.41,1.38
CN7,32M,1,1,4,0,0,0,0,0,0,33.45,1036.25,4.98,5.01,4.99,4.76,1.41,1.41,1.41,1.38
CN7,32M,1,1,5,0,0,0,0,0,0,33.48,1035.99,4.98,5.01,4.99,4.76,1.41,1.41,1.41,1.38
CN7,32M,1,4,1,0,0,0,0,0,0,32.72,1012.83,4.98,5.01,4.99,4.76,1.41,1.41,1.41,1.38
CN7,32M,1,4,2,0,0,0,0,0,0,33.57,1039.98,4.98,5.01,4.99,4.76,1.41,1.41,1.41,1.38
CN7,32M,1,4,3,0,0,0,0,0,0,32.63,1011.96,4.98,5.01,4.99,4.76,1.41,1.41,1.41,1.38
CN7,32M,1,4,4,0,0,0,0,0,0,32.38,1005.99,4.98,5.01,4.99,4.76,1.41,1.41,1.41,1.38
CN7,32M,1,4,5,0,0,0,0,0,0,33.27,1032.74,4.98,5.01,4.99,4.76,1.41,1.41,1.41,1.38
CN7,32M,1,16,1,0,0,0,0,0,0,33.85,1049.05,4.98,5.01,4.99,4.76,1.41,1.41,1.41,1.38
CN7,32M,1,16,2,0,0,0,0,0,0,35.85,1110.30,4.98,5.01,4.99,4.76,1.41,1.41,1.41,1.38
CN7,32M,1,16,3,0,0,0,0,0,0,32.43,1004.68,4.98,5.01,4.99,4.76,1.41,1.41,1.41,1.38
CN7,32M,1,16,4,0,0,0,0,0,0,32.79,1018.24,4.98,5.01,4.99,4.76,1.41,1.41,1.41,1.38
CN7,32M,1,16,5,0,0,0,0,0,0,36.21,1121.00,4.98,5.01,4.99,4.76,1.41,1.41,1.41,1.38
CN7,32M,2,1,1,0,0,0,0,0,0,65.55,2040.37,4.98,5.01,4.99,4.76,1.41,1.41,1.41,1.38
CN7,32M,2,1,2,0,0,0,0,0,0,65.27,2026.16,5.98,5.01,4.99,5.76,1.42,1.41,1.41,1.4
CN7,32M,2,1,3,0,0,0,0,0,0,64.60,2008.92,4.98,5.01,4.99,4.76,1.41,1.41,1.41,1.38
CN7,32M,2,1,4,0,0,0,0,0,0,60.31,1876.10,4.98,5.01,8.99,4.76,1.41,1.41,1.5,1.38
CN7,32M,2,1,5,0,0,0,0,0,0,56.53,1763.29,4.98,5.01,4.99,4.76,1.41,1.41,1.41,1.38
CN7,32M,2,4,1,0,0,0,0,0,0,63.78,1980.11,4.98,5.01,4.99,4.76,1.41,1.41,1.41,1.38
CN7,32M,2,4,2,0,0,0,0,0,0,65.91,2041.66,4.98,5.01,4.99,4.76,1.41,1.41,1.41,1.38
CN7,32M,2,4,3,0,0,0,0,0,0,65.69,2046.30,4.98,5.51,4.99,4.76,1.4,1.41,1.41,1.38
CN7,32M,2,4,4,0,0,0,0,0,0,64.61,2009.97,6.98,5.01,4.99,6.76,1.42,1.41,1.41,1.39
CN7,32M,2,4,5,0,0,0,0,0,0,62.59,1946.98,4.98,5.01,4.99,5.76,1.4,1.41,1.41,1.4
CN7,32M,2,16,1,0,0,0,0,0,0,65.50,2031.40,4.98,5.01,4.99,4.76,1.4,1.41,1.41,1.38
CN7,32M,2,16,2,0,0,0,0,0,0,63.40,1970.39,4.98,5.01,4.99,4.76,1.4,1.41,1.41,1.38
CN7,32M,2,16,3,0,0,0,0,0,0,63.20,1967.93,4.98,5.01,4.99,4.76,1.4,1.41,1.41,1.38
CN7,32M,2,16,4,0,0,0,0,0,0,64.15,1994.14,4.98,5.01,4.99,4.76,1.4,1.41,1.41,1.38
CN7,32M,2,16,5,0,0,0,0,0,0,65.06,2020.61,4.98,5.01,4.99,4.76,1.4,1.41,1.41,1.38
CN7,32M,4,1,1,0,0,0,0,0,0,114.14,3557.53,4.98,5.01,4.99,4.76,1.4,1.41,1.41,1.38
CN7,32M,4,1,2,0,0,0,0,0,0,107.70,3364.97,4.98,5.01,4.99,6.26,1.4,1.41,1.41,1.39
CN7,32M,4,1,3,0,0,0,0,0,0,115.55,3607,4.98,6.01,5.99,4.76,1.4,1.43,1.43,1.38
CN7,32M,4,1,4,0,0,0,0,0,0,118.99,3412.95,4.98,5.01,4.99,4.76,1.4,1.41,1.41,1.38
CN7,32M,4,1,5,0,0,0,0,0,0,103.33,3230.15,4.98,5.01,4.99,4.76,1.4,1.41,1.41,1.38
CN7,32M,4,4,1,0,0,0,0,0,0,117.82,3667,4.98,5.01,4.99,4.76,1.4,1.41,1.41,1.38
CN7,32M,4,4,2,0,0,0,0,0,0,112.58,3511.48,4.98,5.01,4.99,4.76,1.4,1.41,1.41,1.38
CN7,32M,4,4,3,0,0,0,0,0,0,115.84,3614,4.98,5.01,4.99,4.76,1.4,1.41,1.41,1.38
CN7,32M,4,4,4,0,0,0,0,0,0,106.06,3312.26,4.98,6.01,4.99,5.76,1.4,1.43,1.41,1.4
CN7,32M,4,4,5,0,0,0,0,0,0,116.97,3653,4.98,5.01,4.99,7.26,1.4,1.41,1.41,1.39
CN7,32M,4,16,1,0,0,0,0,0,0,110.79,3455.72,5.98,5.01,5.99,4.76,1.43,1.41,1.43,1.38
CN7,32M,4,16,2,0,0,0,0,0,0,122.67,3818,4.98,5.01,4.99,4.76,1.4,1.41,1.41,1.38
CN7,32M,4,16,3,0,0,0,0,0,0,107.39,3354.54,5.98,6.01,5.99,6.26,1.43,1.43,1.43,1.4
CN7,32M,4,16,4,0,0,0,0,0,0,106.85,3336.55,4.98,5.01,4.99,4.76,1.4,1.41,1.41,1.38
CN7,32M,4,16,5,0,0,0,0,0,0,99.10,3103.95,4.99,5.01,4.99,4.76,1.4,1.41,1.41,1.38
CN7,32M,8,1,1,0,0,0,0,0,0,146.51,4614,4.99,5.01,5.0,4.76,1.4,1.41,1.41,1.38
CN7,32M,8,1,2,0,0,0,0,0,0,136.01,4289,4.99,5.01,5.0,4.76,1.4,1.41,1.41,1.38
CN7,32M,8,1,3,0,0,0,0,0,0,140.34,4434,4.99,5.51,5.0,5.27,1.4,1.41,1.41,1.38
CN7,32M,8,1,4,0,0,0,0,0,0,136.67,4307,5.49,6.01,6.0,6.77,1.4,1.43,1.44,1.4
CN7,32M,8,1,5,0,0,0,0,0,0,176.15,5542,4.99,5.02,5.0,4.77,1.4,1.41,1.41,1.38
CN7,32M,8,4,1,0,0,0,0,0,0,138.80,4137,4.99,5.02,5.0,4.77,1.4,1.41,1.41,1.38
CN7,32M,8,4,2,0,0,0,0,0,0,180.87,5671,4.99,5.02,5.0,4.77,1.4,1.41,1.41,1.38
CN7,32M,8,4,3,0,0,0,0,0,0,139.46,4398,4.99,5.02,5.0,4.78,1.4,1.41,1.41,1.38
CN7,32M,8,4,4,0,0,0,0,0,0,134.43,4243,4.99,5.02,5.0,4.78,1.4,1.41,1.41,1.38
CN7,32M,8,4,5,0,0,0,0,0,0,139.85,4412,4.99,5.03,5.0,4.78,1.41,1.41,1.41,1.38
CN7,32M,8,16,1,0,0,0,0,0,0,138.66,4369,5.0,5.03,5.0,4.78,1.41,1.41,1.41,1.38
CN7,32M,8,16,2,0,0,0,0,0,0,142.56,4493,6.0,6.03,6.0,5.78,1.43,1.44,1.43,1.41
CN7,32M,8,16,3,0,0,0,0,0,0,179.82,5646,5.0,5.03,5.0,4.78,1.41,1.41,1.41,1.38
CN7,32M,8,16,4,0,0,0,0,0,0,146.63,4623,5.0,5.03,5.0,4.78,1.41,1.41,1.41,1.38
CN7,32M,8,16,5,0,0,0,0,0,0,167.70,5271,5.0,5.03,5.0,4.78,1.41,1.41,1.41,1.38
CN7,32M,16,1,1,0,0,0,0,0,0,235.24,7431,240.5,304.02,271.0,254.28,29.41,37.44,33.41,31.38
CN7,32M,16,1,2,0,0,0,0,0,0,271.71,8577,5.0,5.03,5.01,14.28,1.41,1.41,1.41,2.57
CN7,32M,16,1,3,0,0,0,0,0,0,256.85,6522,325.0,350.03,383.01,340.78,41.41,43.41,47.41,43.38
CN7,32M,16,1,4,0,0,0,0,0,0,215.78,6775,15.0,5.04,5.01,4.79,2.66,1.41,1.41,1.38
CN7,32M,16,1,5,0,0,0,0,0,0,283.87,8940,245.0,288.04,272.51,244.78,31.41,35.41,33.41,31.38
CN7,32M,16,4,1,0,0,0,0,0,0,227.02,7181,278.0,274.04,232.51,261.79,35.44,33.41,29.41,33.41
CN7,32M,16,4,2,0,0,0,0,0,0,235.70,7287,300.0,306.04,243.51,246.28,37.41,37.41,29.43,31.42
CN7,32M,16,4,3,0,0,0,0,0,0,259.60,8191,239.0,247.53,305.51,295.79,29.44,29.48,37.44,37.41
CN7,32M,16,4,4,0,0,0,0,0,0,311.97,9807,237.01,261.04,245.01,212.79,29.41,33.41,31.41,27.38
CN7,32M,16,4,5,0,0,0,0,0,0,272.21,8592,96.51,117.04,133.02,140.79,12.84,15.41,17.41,18.38
CN7,32M,16,16,1,0,0,0,0,0,0,287.59,9054,347.09,343.66,350.07,321.62,42.99,43.67,44.48,40.98
CN7,32M,16,16,2,0,0,0,0,0,0,206.99,6394,5.01,6.04,5.03,4.79,1.41,1.41,1.41,1.38
CN7,32M,16,16,3,0,0,0,0,0,0,255.71,7875,68.02,120.55,149.03,84.8,9.28,15.85,19.41,11.38
CN7,32M,16,16,4,0,0,0,0,0,0,246.18,7782,5.01,5.04,5.03,4.8,1.41,1.41,1.41,1.38
CN7,32M,16,16,5,0,0,0,0,0,0,216.37,6840,58.52,149.05,99.03,108.3,8.09,19.41,13.16,14.32
CN7,32M,32,1,1,0,0,0,0,0,0,218.30,6536,694.68,694.7,695.68,694.87,86.27,86.27,86.27,86.25
CN7,32M,32,1,2,0,0,0,0,0,0,186.27,5370,694.68,695.37,694.69,704.54,86.27,86.3,86.27,86.25
CN7,32M,32,1,3,0,0,0,0,0,0,175.23,5361,701.69,703.71,701.69,685.87,86.27,86.27,86.27,86.25
CN7,32M,32,1,4,0,0,0,0,0,0,192.18,5748,690.69,695.38,690.7,694.21,86.27,86.28,86.27,86.25
CN7,32M,32,1,5,0,0,0,0,0,0,184.17,5424,686.03,696.71,686.03,693.55,86.27,86.29,86.27,86.26
CN7,32M,32,4,1,0,0,0,0,0,0,240.20,7183,686.03,695.39,686.04,699.88,86.27,86.28,86.27,86.26
CN7,32M,32,4,2,0,0,0,0,0,0,153.81,4511,707.37,707.06,706.37,695.22,86.36,86.28,86.27,86.29
CN7,32M,32,4,3,0,0,0,0,0,0,202.13,5570,686.04,690.73,686.04,693.56,86.27,86.35,86.28,86.26
CN7,32M,32,4,4,0,0,0,0,0,0,169.36,5143,686.71,693.06,686.72,691.23,86.31,86.31,86.31,86.29
CN7,32M,32,4,5,0,0,0,0,0,0,182.50,5609,696.05,694.07,695.39,694.9,86.29,86.31,86.3,86.26
CN7,32M,32,16,1,0,0,0,0,0,0,156.59,4644,704.38,709.74,704.06,686.57,86.3,86.3,86.3,86.29
CN7,32M,32,16,2,0,0,0,0,0,0,163.88,4733,690.72,694.08,690.73,685.91,86.28,86.34,86.28,86.26
CN7,32M,32,16,3,0,0,0,0,0,0,173.52,4881,690.39,695.08,695.4,686.58,86.37,86.31,86.31,86.29
CN7,32M,32,16,4,0,0,0,0,0,0,199.18,5515,692.73,695.75,694.73,708.25,86.31,86.32,86.32,86.35
CN7,32M,32,16,5,0,0,0,0,0,0,265.18,7548,703.4,707.42,702.07,686.59,86.28,86.36,86.37,86.3
CN7,32M,64,1,1,0,0,0,0,0,0,293.31,7652,1035.8,1027.32,1027.56,1027.19,128.75,128.75,128.75,128.74
CN7,32M,64,1,2,0,0,0,0,0,0,251.86,7636,1040.56,1026.58,1041.06,1026.7,128.71,128.71,128.71,128.7
CN7,32M,64,1,3,0,0,0,0,0,0,195.75,5739,827.65,821.86,821.25,821.76,102.97,103.01,102.97,103.0
CN7,32M,64,1,4,0,0,0,0,0,0,200.34,5801,825.66,821.27,824.06,821.17,102.97,102.97,103.03,102.96
CN7,32M,64,1,5,0,0,0,0,0,0,217.57,5953,828.26,824.07,824.46,823.77,103.0,103.05,103.0,103.03
CN7,32M,64,4,1,0,0,0,0,0,0,208.44,6273,1032.08,1039.35,1026.59,1040.22,128.74,128.71,128.71,128.73
CN7,32M,64,4,2,0,0,0,0,0,0,282.29,7877,1027.34,1027.35,1027.34,1026.98,128.75,128.75,128.75,128.73
CN7,32M,64,4,3,0,0,0,0,0,0,188.77,5970,1040.09,1027.11,1039.85,1027.73,128.75,128.75,128.75,128.75
CN7,32M,64,4,4,0,0,0,0,0,0,287.99,7535,1030.6,1030.37,1030.6,1027.24,128.75,128.75,128.75,128.73
CN7,32M,64,4,5,0,0,0,0,0,0,222.60,6465,1026.61,1026.62,1026.61,1026.49,128.71,128.72,128.72,128.7
CN7,32M,64,16,1,0,0,0,0,0,0,181.01,4954,1034.61,1026.63,1026.62,1026.5,128.72,128.72,128.72,128.7
CN7,32M,64,16,2,0,0,0,0,0,0,208.60,5640,831.29,832.31,821.3,832.21,102.97,103.03,102.97,103.02
CN7,32M,64,16,3,0,0,0,0,0,0,211.60,6440,823.9,831.71,821.3,821.21,102.97,102.98,102.97,102.96
CN7,32M,64,16,4,0,0,0,0,0,0,187.22,5070,1030.38,1040.14,1034.63,1026.52,128.79,128.72,128.72,128.7
CN7,32M,64,16,5,0,0,0,0,0,0,160.39,4637,821.91,821.92,821.91,824.82,103.0,103.0,103.0,103.05
CN7,64M,1,1,1,0,0,0,0,0,0,10.94,692.97,6.78,6.82,6.79,6.56,1.51,1.51,1.51,1.48
CN7,64M,1,1,2,0,0,0,0,0,0,18.05,1136.48,5.28,5.82,5.29,5.06,1.44,1.44,1.44,1.41
CN7,64M,1,1,3,0,0,0,0,0,0,18.22,1146.43,5.28,5.32,5.29,5.06,1.44,1.44,1.44,1.41
CN7,64M,1,1,4,0,0,0,0,0,0,18.45,1161.11,5.28,5.32,5.29,5.06,1.44,1.44,1.44,1.41
CN7,64M,1,1,5,0,0,0,0,0,0,18.49,1162.64,5.28,5.32,5.29,5.06,1.44,1.44,1.44,1.41
CN7,64M,1,4,1,0,0,0,0,0,0,18.72,1178.03,5.28,5.32,5.29,5.06,1.44,1.44,1.44,1.41
CN7,64M,1,4,2,0,0,0,0,0,0,18.53,1165.34,5.28,6.32,5.29,5.06,1.44,1.46,1.44,1.41
CN7,64M,1,4,3,0,0,0,0,0,0,19.16,1205.44,5.28,5.32,5.29,5.06,1.44,1.44,1.44,1.41
CN7,64M,1,4,4,0,0,0,0,0,0,19.22,1207.36,5.28,5.32,5.29,5.06,1.44,1.44,1.44,1.41
CN7,64M,1,4,5,0,0,0,0,0,0,18.53,1165.87,5.28,5.32,5.29,5.06,1.44,1.44,1.44,1.41
CN7,64M,1,16,1,0,0,0,0,0,0,19.23,1209.20,5.28,5.32,5.29,5.06,1.44,1.44,1.44,1.41
CN7,64M,1,16,2,0,0,0,0,0,0,18.10,1138.38,5.28,5.32,5.29,5.06,1.44,1.44,1.44,1.41
CN7,64M,1,16,3,0,0,0,0,0,0,19.12,1202.50,5.28,5.31,5.29,5.06,1.44,1.44,1.44,1.41
CN7,64M,1,16,4,0,0,0,0,0,0,19.32,1214.35,9.78,5.32,5.29,5.06,1.46,1.44,1.44,1.41
CN7,64M,1,16,5,0,0,0,0,0,0,18.12,1139.68,5.28,5.32,5.29,5.06,1.44,1.44,1.44,1.41
CN7,64M,2,1,1,0,0,0,0,0,0,34.26,2159.92,5.28,5.31,5.29,5.06,1.44,1.44,1.44,1.41
CN7,64M,2,1,2,0,0,0,0,0,0,36.41,2295.20,5.28,5.32,5.29,5.06,1.44,1.44,1.44,1.41
CN7,64M,2,1,3,0,0,0,0,0,0,30.81,1943.02,5.28,5.32,5.29,5.07,1.44,1.44,1.44,1.41
CN7,64M,2,1,4,0,0,0,0,0,0,34.62,2179.46,5.28,5.32,5.29,5.06,1.44,1.44,1.44,1.41
CN7,64M,2,1,5,0,0,0,0,0,0,34.16,2154.23,5.28,5.32,6.29,5.07,1.44,1.44,1.46,1.41
CN7,64M,2,4,1,0,0,0,0,0,0,36.80,2318.72,5.28,5.32,5.29,5.07,1.44,1.44,1.44,1.41
CN7,64M,2,4,2,0,0,0,0,0,0,36.46,2294.74,5.29,5.32,5.29,5.07,1.44,1.44,1.44,1.41
CN7,64M,2,4,3,0,0,0,0,0,0,35.95,2265.86,5.28,5.32,5.29,5.07,1.44,1.44,1.44,1.41
CN7,64M,2,4,4,0,0,0,0,0,0,36.44,2296.34,5.29,5.32,5.29,5.07,1.44,1.44,1.44,1.41
CN7,64M,2,4,5,0,0,0,0,0,0,30.32,1912.08,11.79,5.32,5.29,5.07,1.54,1.44,1.44,1.41
CN7,64M,2,16,1,0,0,0,0,0,0,30.77,1943.73,5.29,5.32,5.29,5.07,1.44,1.44,1.44,1.41
CN7,64M,2,16,2,0,0,0,0,0,0,36.73,2310.63,9.79,5.32,5.29,5.07,1.46,1.44,1.44,1.41
CN7,64M,2,16,3,0,0,0,0,0,0,35.02,2180.35,31.29,5.32,5.29,95.56,4.69,1.44,1.44,12.72
CN7,64M,2,16,4,0,0,0,0,0,0,36.99,2329.98,10.29,5.32,5.29,5.07,1.46,1.44,1.44,1.41
CN7,64M,2,16,5,0,0,0,0,0,0,36.72,2310.63,5.29,5.32,5.29,5.07,1.44,1.44,1.44,1.41
CN7,64M,4,1,1,0,0,0,0,0,0,64.43,3997,7.29,5.32,5.29,5.07,1.45,1.44,1.44,1.41
CN7,64M,4,1,2,0,0,0,0,0,0,59.47,3650,5.29,5.32,5.29,5.07,1.44,1.44,1.44,1.41
CN7,64M,4,1,3,0,0,0,0,0,0,55.80,3530.80,5.29,5.32,5.29,5.07,1.44,1.44,1.44,1.41
CN7,64M,4,1,4,0,0,0,0,0,0,50.15,3177.19,5.29,5.32,5.29,5.07,1.44,1.44,1.44,1.41
CN7,64M,4,1,5,0,0,0,0,0,0,53.95,3411.01,7.29,5.32,5.3,5.07,1.45,1.44,1.44,1.41
CN7,64M,4,4,1,0,0,0,0,0,0,59.88,3789,5.29,5.32,5.3,5.07,1.44,1.44,1.44,1.41
CN7,64M,4,4,2,0,0,0,0,0,0,55.45,3504.30,5.79,5.33,5.3,5.07,1.44,1.44,1.44,1.41
CN7,64M,4,4,3,0,0,0,0,0,0,47.23,2991.19,5.29,5.33,5.3,5.08,1.44,1.44,1.44,1.41
CN7,64M,4,4,4,0,0,0,0,0,0,50.56,3195.40,5.29,6.33,6.3,5.08,1.44,1.47,1.46,1.41
CN7,64M,4,4,5,0,0,0,0,0,0,58.76,3710,5.29,5.33,5.3,5.08,1.44,1.44,1.44,1.41
CN7,64M,4,16,1,0,0,0,0,0,0,50.90,3217.17,5.29,5.33,5.3,5.08,1.44,1.44,1.44,1.41
CN7,64M,4,16,2,0,0,0,0,0,0,50.60,3201.56,5.29,5.33,5.3,5.08,1.44,1.44,1.44,1.41
CN7,64M,4,16,3,0,0,0,0,0,0,49.16,3112.91,5.29,5.33,5.3,5.08,1.44,1.44,1.44,1.41
CN7,64M,4,16,4,0,0,0,0,0,0,46.50,2945.04,5.29,5.33,5.3,5.08,1.44,1.44,1.44,1.41
CN7,64M,4,16,5,0,0,0,0,0,0,47.95,3037.51,5.29,5.33,5.3,5.08,1.44,1.44,1.44,1.41
CN7,64M,8,1,1,0,0,0,0,0,0,89.72,5686,5.3,5.33,5.31,5.08,1.44,1.44,1.44,1.41
CN7,64M,8,1,2,0,0,0,0,0,0,86.37,5470,38.3,21.34,24.31,21.08,5.56,3.44,3.81,3.41
CN7,64M,8,1,3,0,0,0,0,0,0,104.94,6641,5.3,5.33,6.31,6.08,1.44,1.44,1.46,1.44
CN7,64M,8,1,4,0,0,0,0,0,0,99.22,6277,5.3,5.33,5.31,5.08,1.44,1.44,1.44,1.41
CN7,64M,8,1,5,0,0,0,0,0,0,86.14,5464,52.3,59.84,68.81,37.09,7.31,8.25,9.38,5.41
CN7,64M,8,4,1,0,0,0,0,0,0,98.92,6260,16.3,31.84,70.31,30.09,2.81,4.76,9.57,4.54
CN7,64M,8,4,2,0,0,0,0,0,0,93.21,5907,13.8,6.34,6.32,5.08,1.66,1.47,1.47,1.41
CN7,64M,8,4,3,0,0,0,0,0,0,99.05,6270,5.3,5.34,5.32,5.09,1.44,1.44,1.44,1.41
CN7,64M,8,4,4,0,0,0,0,0,0,91.60,5809,5.3,5.34,5.32,5.09,1.44,1.44,1.44,1.41
CN7,64M,8,4,5,0,0,0,0,0,0,83.42,5290,5.31,22.84,23.82,5.09,1.44,3.63,3.75,1.41
CN7,64M,8,16,1,0,0,0,0,0,0,100.80,6376,5.31,5.34,5.32,5.09,1.44,1.44,1.44,1.41
CN7,64M,8,16,2,0,0,0,0,0,0,86.41,5479,5.31,52.34,7.82,29.59,1.44,7.32,1.46,4.47
CN7,64M,8,16,3,0,0,0,0,0,0,84.74,5372,6.81,6.34,6.32,6.09,1.46,1.47,1.46,1.44
CN7,64M,8,16,4,0,0,0,0,0,0,97.49,6176,5.31,5.34,5.33,5.09,1.44,1.44,1.44,1.41
CN7,64M,8,16,5,0,0,0,0,0,0,95.22,6023,64.31,77.85,37.33,101.09,8.81,10.51,5.44,13.41
CN7,64M,16,1,1,0,0,0,0,0,0,134.93,8576,341.31,432.85,357.32,341.1,43.44,54.88,45.44,43.41
CN7,64M,16,1,2,0,0,0,0,0,0,135.61,8611,354.31,309.36,341.82,338.6,45.06,39.44,43.44,43.1
CN7,64M,16,1,3,0,0,0,0,0,0,135.29,8438,391.31,406.86,439.33,455.6,49.44,51.44,55.44,57.41
CN7,64M,16,1,4,0,0,0,0,0,0,140.94,8794,416.32,384.36,368.83,436.1,49.44,47.44,45.44,51.41
CN7,64M,16,1,5,0,0,0,0,0,0,126.87,8059,581.82,597.36,565.84,603.61,73.44,75.44,71.44,76.16
CN7,64M,16,4,1,0,0,0,0,0,0,114.95,7306,445.32,502.37,486.33,501.11,56.44,63.48,61.48,63.41
CN7,64M,16,4,2,0,0,0,0,0,0,118.75,7548,469.32,579.37,596.34,613.11,59.44,73.2,75.32,77.41
CN7,64M,16,4,3,0,0,0,0,0,0,127.20,7938,266.89,288.25,424.23,298.74,32.96,35.63,52.96,36.94
CN7,64M,16,4,4,0,0,0,0,0,0,140.25,8903,454.33,342.37,454.85,406.12,57.47,43.48,57.47,51.44
CN7,64M,16,4,5,0,0,0,0,0,0,122.31,7774,455.33,534.38,437.35,406.62,57.46,67.45,55.44,51.41
CN7,64M,16,16,1,0,0,0,0,0,0,123.76,7813,426.33,440.88,424.35,376.12,53.46,55.45,53.48,47.45
CN7,64M,16,16,2,0,0,0,0,0,0,142.82,8914,421.34,422.88,538.35,533.12,53.44,53.45,67.47,67.42
CN7,64M,16,16,3,0,0,0,0,0,0,116.95,7439,538.84,610.88,517.86,501.13,67.54,73.45,61.44,63.42
CN7,64M,16,16,4,0,0,0,0,0,0,158.40,8909,386.85,373.38,357.36,325.13,48.53,47.45,45.44,41.42
CN7,64M,16,16,5,0,0,0,0,0,0,123.33,7771,424.85,453.38,421.36,421.13,53.47,57.45,53.44,53.42
CN7,64M,32,1,1,0,0,0,0,0,0,149.42,8986,898.9,919.26,973.57,972.09,111.64,114.3,120.96,120.94
CN7,64M,32,1,2,0,0,0,0,0,0,114.49,6995,1250.9,1270.93,1164.91,1036.43,155.66,158.33,144.99,128.97
CN7,64M,32,1,3,0,0,0,0,0,0,101.20,6432,1251.91,1134.27,1226.25,1375.1,154.37,139.71,151.71,170.36
CN7,64M,32,1,4,0,0,0,0,0,0,171.54,10018,953.92,861.61,946.93,1014.44,118.33,107.63,118.3,126.28
CN7,64M,32,1,5,0,0,0,0,0,0,124.46,7285,1251.59,1144.95,1109.93,1172.78,155.66,143.63,138.3,146.28
CN7,64M,32,4,1,0,0,0,0,0,0,114.07,6849,1026.93,1025.29,1023.27,1192.45,127.66,127.64,127.63,148.95
CN7,64M,32,4,2,0,0,0,0,0,0,109.17,6817,1026.6,1133.29,1098.28,879.79,126.3,139.64,135.63,107.62
CN7,64M,32,4,3,0,0,0,0,0,0,119.01,7367,1238.94,1138.97,1138.95,1262.13,154.3,142.3,142.3,158.28
CN7,64M,32,4,4,0,0,0,0,0,0,117.29,6907,1178.28,1112.97,1314.29,1176.8,146.33,139.64,163.64,147.62
CN7,64M,32,4,5,0,0,0,0,0,0,111.97,6748,842.97,914.74,874.97,802.61,104.73,113.73,108.73,100.71
CN7,64M,32,16,1,0,0,0,0,0,0,166.09,10086,1005.96,969.65,967.64,949.15,123.64,119.64,119.66,116.95
CN7,64M,32,16,2,0,0,0,0,0,0,116.09,7108,1142.97,1086.33,1203.64,1214.16,142.38,135.67,150.33,151.65
CN7,64M,32,16,3,0,0,0,0,0,0,112.30,6798,1197.64,1282.33,1156.32,1273.5,149.0,159.67,145.0,159.65
CN7,64M,32,16,4,0,0,0,0,0,0,113.19,6737,1134.31,1005.01,1039.32,1175.84,141.02,125.02,130.35,146.33
CN7,64M,32,16,5,0,0,0,0,0,0,157.38,9799,994.65,882.01,974.0,981.51,122.31,108.98,119.64,120.95
CN7,64M,64,1,1,0,0,0,0,0,0,159.74,9495,1648.4,1623.21,1630.6,1621.71,205.39,202.19,203.78,202.99
CN7,64M,64,1,2,0,0,0,0,0,0,118.20,6947,1529.8,1625.81,1590.0,1641.51,190.21,202.21,199.01,205.42
CN7,64M,64,1,3,0,0,0,0,0,0,109.65,6535,1583.61,1570.83,1426.02,1596.33,198.22,196.62,178.28,199.81
CN7,64M,64,1,4,0,0,0,0,0,0,116.42,6932,1651.02,1640.64,1619.03,1525.34,205.39,205.39,201.39,190.98
CN7,64M,64,1,5,0,0,0,0,0,0,162.08,9809,1648.63,1643.25,1630.44,1641.15,205.41,205.39,203.79,205.42
CN7,64M,64,4,1,0,0,0,0,0,0,128.62,7614,1638.44,1590.06,1634.25,1651.36,203.82,199.02,204.59,205.41
CN7,64M,64,4,2,0,0,0,0,0,0,170.64,9849,1641.25,1563.87,1640.66,1627.77,205.44,195.79,205.39,203.78
CN7,64M,64,4,3,0,0,0,0,0,0,117.20,6929,1583.66,1593.47,1551.06,1608.97,197.39,198.19,194.19,201.39
CN7,64M,64,4,4,0,0,0,0,0,0,169.49,9875,1443.07,1560.88,1310.47,1605.58,179.84,195.05,163.88,200.63
CN7,64M,64,4,5,0,0,0,0,0,0,172.72,9644,1515.68,1416.69,1471.28,1608.59,188.59,177.4,182.99,201.38
CN7,64M,64,16,1,0,0,0,0,0,0,167.20,9800,1617.69,1481.3,1493.49,1529.2,202.28,185.43,187.0,191.09
CN7,64M,64,16,2,0,0,0,0,0,0,111.25,6639,1651.3,1602.31,1623.9,1651.01,205.4,200.6,203.06,205.39
CN7,64M,64,16,3,0,0,0,0,0,0,158.84,9878,1482.86,1488.78,1450.93,1571.87,185.34,186.2,181.35,196.47
CN7,64M,64,16,4,0,0,0,0,0,0,133.07,7850,1603.11,1615.93,1596.52,1564.43,199.83,201.43,199.83,195.82
CN7,64M,64,16,5,0,0,0,0,0,0,158.45,9556,1595.92,1570.34,1585.33,1589.44,199.8,196.6,198.23,198.99
CN7,128M,1,1,1,0,0,0,0,0,0,11.14,1411.88,5.83,5.87,5.83,101.62,1.5,1.51,1.5,13.48
CN7,128M,1,1,2,0,0,0,0,0,0,10.86,1375.65,101.83,5.87,5.83,5.62,13.5,1.51,1.5,1.48
CN7,128M,1,1,3,0,0,0,0,0,0,10.90,1380.49,5.83,101.86,5.83,5.62,1.5,13.51,1.5,1.48
CN7,128M,1,1,4,0,0,0,0,0,0,10.97,1390.48,5.83,5.87,157.84,5.62,1.5,1.51,20.5,1.48
CN7,128M,1,1,5,0,0,0,0,0,0,10.89,1380.33,5.83,5.87,5.83,101.62,1.5,1.51,1.5,13.48
CN7,128M,1,4,1,0,0,0,0,0,0,10.99,1393.08,90.33,5.87,5.83,5.62,12.06,1.5,1.5,1.48
CN7,128M,1,4,2,0,0,0,0,0,0,10.70,1356.08,5.83,101.86,5.83,5.62,1.5,13.51,1.5,1.48
CN7,128M,1,4,3,0,0,0,0,0,0,10.92,1384.03,5.83,5.87,101.83,5.62,1.5,1.51,13.5,1.48
CN7,128M,1,4,4,0,0,0,0,0,0,11.02,1396.56,5.83,5.87,5.83,117.62,1.5,1.5,1.5,15.48
CN7,128M,1,4,5,0,0,0,0,0,0,11.03,1396.82,101.83,5.87,5.83,5.62,13.5,1.5,1.5,1.48
CN7,128M,1,16,1,0,0,0,0,0,0,10.86,1377.84,5.83,85.86,5.83,5.62,1.5,11.51,1.5,1.48
CN7,128M,1,16,2,0,0,0,0,0,0,10.90,1380.86,5.83,5.87,205.34,5.62,1.5,1.5,26.44,1.48
CN7,128M,1,16,3,0,0,0,0,0,0,11.02,1396.93,5.83,5.87,5.84,101.63,1.5,1.5,1.5,13.48
CN7,128M,1,16,4,0,0,0,0,0,0,11.02,1397.24,85.83,5.87,5.83,5.63,11.5,1.5,1.5,1.48
CN7,128M,1,16,5,0,0,0,0,0,0,10.67,1352.48,5.83,117.86,5.83,5.63,1.5,15.5,1.5,1.48
CN7,128M,2,1,1,0,0,0,0,0,0,20.89,2620.55,5.83,5.87,110.84,37.63,1.5,1.5,14.63,5.48
CN7,128M,2,1,2,0,0,0,0,0,0,16.23,2060.70,181.84,278.37,5.84,5.63,23.5,35.5,1.5,1.48
CN7,128M,2,1,3,0,0,0,0,0,0,16.91,2147.89,6.83,6.87,278.34,181.63,1.52,1.53,35.5,23.48
CN7,128M,2,1,4,0,0,0,0,0,0,20.96,2658.74,396.83,341.87,5.84,5.63,50.31,43.51,1.5,1.48
CN7,128M,2,1,5,0,0,0,0,0,0,16.46,2090.49,5.84,5.87,294.84,276.63,1.5,1.51,37.63,35.35
CN7,128M,2,4,1,0,0,0,0,0,0,21.05,2669.25,182.34,168.37,5.84,5.63,23.56,21.82,1.5,1.48
CN7,128M,2,4,2,0,0,0,0,0,0,16.69,2120.98,5.84,5.87,198.34,277.63,1.5,1.51,25.5,35.48
CN7,128M,2,4,3,0,0,0,0,0,0,18.49,2347.45,262.34,261.88,5.84,5.63,33.5,33.51,1.5,1.48
CN7,128M,2,4,4,0,0,0,0,0,0,15.80,2007.47,5.84,5.88,235.34,278.13,1.5,1.51,30.19,35.48
CN7,128M,2,4,5,0,0,0,0,0,0,16.74,2126.88,286.85,289.88,5.84,5.63,36.63,37.01,1.5,1.48
CN7,128M,2,16,1,0,0,0,0,0,0,16.50,2096.66,5.84,5.88,277.85,279.63,1.5,1.51,35.5,35.73
CN7,128M,2,16,2,0,0,0,0,0,0,16.68,2117.05,277.85,222.88,5.85,5.63,35.5,28.63,1.5,1.48
CN7,128M,2,16,3,0,0,0,0,0,0,16.19,2055.63,5.85,5.88,326.85,383.13,1.5,1.51,41.63,48.66
CN7,128M,2,16,4,0,0,0,0,0,0,16.41,2083.41,277.85,165.88,5.85,5.63,35.5,21.51,1.5,1.48
CN7,128M,2,16,5,0,0,0,0,0,0,16.59,2106.95,5.85,5.88,277.86,165.64,1.5,1.51,35.5,21.48
CN7,128M,4,1,1,0,0,0,0,0,0,29.66,3772,277.85,277.88,359.36,355.64,35.5,35.51,45.69,45.23
CN7,128M,4,1,2,0,0,0,0,0,0,31.98,4067,391.36,325.88,383.36,322.14,49.69,41.51,48.63,41.04
CN7,128M,4,1,3,0,0,0,0,0,0,32.43,4119,134.85,92.39,83.36,154.15,17.53,12.32,11.19,19.94
CN7,128M,4,1,4,0,0,0,0,0,0,32.58,4138,309.86,337.39,297.36,288.14,39.5,42.94,37.94,36.79
CN7,128M,4,1,5,0,0,0,0,0,0,30.70,3902,421.86,437.89,341.37,389.65,53.5,55.51,43.44,49.48
CN7,128M,4,4,1,0,0,0,0,0,0,26.39,3358.03,357.86,490.39,352.87,517.65,45.5,62.07,44.88,65.48
CN7,128M,4,4,2,0,0,0,0,0,0,26.04,3313.14,277.87,456.89,341.87,450.15,35.5,57.88,43.5,57.04
CN7,128M,4,4,3,0,0,0,0,0,0,27.71,3525.26,254.37,277.9,216.37,277.65,32.57,35.51,27.82,35.48
CN7,128M,4,4,4,0,0,0,0,0,0,31.26,3972,325.87,343.9,326.38,386.66,41.5,43.76,41.51,49.1
CN7,128M,4,4,5,0,0,0,0,0,0,27.12,3449.89,493.87,374.4,485.88,422.16,62.5,47.51,61.51,53.48
CN7,128M,4,16,1,0,0,0,0,0,0,32.55,4138,342.38,359.4,285.88,333.67,43.57,45.7,36.51,42.48
CN7,128M,4,16,2,0,0,0,0,0,0,28.47,3619,336.88,439.41,405.88,277.67,42.82,55.7,51.51,35.48
CN7,128M,4,16,3,0,0,0,0,0,0,31.45,3996,147.38,133.91,127.89,156.17,19.19,17.51,16.76,20.29
CN7,128M,4,16,4,0,0,0,0,0,0,26.73,3400.44,461.38,417.92,389.88,454.17,58.26,52.88,49.51,57.48
CN7,128M,4,16,5,0,0,0,0,0,0,26.81,3413.61,341.88,453.92,296.39,469.68,43.51,57.51,37.82,59.48
CN7,128M,8,1,1,0,0,0,0,0,0,48.07,6120,642.38,597.91,566.39,566.17,80.82,75.51,71.51,71.48
CN7,128M,8,1,2,0,0,0,0,0,0,55.33,7043,542.89,617.92,565.89,581.68,68.33,78.01,71.51,73.48
CN7,128M,8,1,3,0,0,0,0,0,0,43.32,5517,645.89,661.92,469.89,693.68,81.51,83.51,59.51,87.48
CN7,128M,8,1,4,0,0,0,0,0,0,42.31,5392,661.89,549.92,757.9,677.68,83.51,69.51,95.51,85.48
CN7,128M,8,1,5,0,0,0,0,0,0,45.81,5835,519.9,546.93,549.9,517.69,65.52,69.14,69.51,65.48
CN7,128M,8,4,1,0,0,0,0,0,0,45.53,5796,597.9,623.93,597.9,581.69,75.51,78.76,75.51,73.48
CN7,128M,8,4,2,0,0,0,0,0,0,54.67,6959,323.4,325.94,325.91,302.69,41.2,41.51,41.51,38.61
CN7,128M,8,4,3,0,0,0,0,0,0,48.84,6218,501.9,517.94,552.91,549.7,63.51,65.51,69.88,69.48
CN7,128M,8,4,4,0,0,0,0,0,0,44.31,5647,677.91,661.95,565.91,549.7,85.51,83.51,71.51,69.48
CN7,128M,8,4,5,0,0,0,0,0,0,54.74,6967,433.92,437.94,459.92,464.2,55.01,55.51,58.26,58.8
CN7,128M,8,16,1,0,0,0,0,0,0,53.98,6869,501.92,453.95,415.93,453.71,63.51,57.51,52.76,57.48
CN7,128M,8,16,2,0,0,0,0,0,0,44.09,5617,599.42,551.45,567.42,519.21,75.54,69.55,71.55,65.52
CN7,128M,8,16,3,0,0,0,0,0,0,55.42,7052,437.93,399.45,447.43,373.71,55.51,50.7,56.7,47.48
CN7,128M,8,16,4,0,0,0,0,0,0,54.17,6892,485.93,469.96,453.93,487.71,61.51,59.51,57.51,61.73
CN7,128M,8,16,5,0,0,0,0,0,0,55.32,7039,421.43,437.96,421.94,460.22,53.45,55.51,53.51,58.3
CN7,128M,16,1,1,0,0,0,0,0,0,68.09,8338,620.62,620.31,556.62,556.15,77.04,77.04,69.04,69.02
CN7,128M,16,1,2,0,0,0,0,0,0,77.63,9894,555.29,485.31,485.29,549.15,69.01,61.01,61.01,68.99
CN7,128M,16,1,3,0,0,0,0,0,0,78.79,10045,587.63,566.31,587.63,661.49,73.01,70.34,73.01,82.32
CN7,128M,16,1,4,0,0,0,0,0,0,82.70,10536,602.63,474.65,591.97,581.16,75.68,59.68,74.34,72.99
CN7,128M,16,1,5,0,0,0,0,0,0,81.22,10258,652.97,695.32,567.3,565.16,81.02,85.01,69.01,68.99
CN7,128M,16,4,1,0,0,0,0,0,0,68.82,8773,627.97,584.32,601.97,591.16,75.83,73.11,75.71,74.36
CN7,128M,16,4,2,0,0,0,0,0,0,74.35,9320,631.31,630.99,609.64,601.83,78.38,78.38,75.71,75.69
CN7,128M,16,4,3,0,0,0,0,0,0,77.45,9294,661.98,602.66,629.98,622.5,82.34,75.68,78.34,78.33
CN7,128M,16,4,4,0,0,0,0,0,0,75.68,9645,630.32,640.33,608.32,593.84,78.34,79.68,75.68,74.39
CN7,128M,16,4,5,0,0,0,0,0,0,79.78,10010,569.99,499.34,575.65,548.51,71.71,62.88,72.24,69.03
CN7,128M,16,16,1,0,0,0,0,0,0,77.67,9897,630.99,619.67,577.66,544.85,78.38,77.05,71.71,67.69
CN7,128M,16,16,2,0,0,0,0,0,0,73.99,9403,644.66,687.34,623.66,601.85,81.05,86.38,78.38,75.69
CN7,128M,16,16,3,0,0,0,0,0,0,80.54,10269,652.33,630.35,630.66,640.85,81.05,77.1,77.1,78.42
CN7,128M,16,16,4,0,0,0,0,0,0,74.17,9456,549.0,548.68,538.0,559.19,69.1,69.05,67.71,70.36
CN7,128M,16,16,5,0,0,0,0,0,0,77.53,9825,655.34,559.35,580.67,601.86,82.38,70.38,73.05,75.7
CN7,128M,32,1,1,0,0,0,0,0,0,82.97,10468,1274.01,1353.77,1226.01,1283.4,158.78,168.78,152.78,160.77
CN7,128M,32,1,2,0,0,0,0,0,0,72.53,8959,1305.51,1353.03,1297.26,1329.15,162.79,168.79,161.79,165.78
CN7,128M,32,1,3,0,0,0,0,0,0,67.71,8088,1280.52,1308.78,1289.77,1318.16,159.81,161.82,159.78,163.81
CN7,128M,32,1,4,0,0,0,0,0,0,62.64,7854,1512.53,1507.54,1363.03,1531.42,187.77,188.79,170.76,191.77
CN7,128M,32,1,5,0,0,0,0,0,0,58.04,7307,1433.54,1291.05,1257.53,1355.18,178.76,161.77,156.76,168.75
CN7,128M,32,4,1,0,0,0,0,0,0,73.49,9007,1217.04,1473.31,1105.04,1193.93,151.76,183.77,137.76,148.79
CN7,128M,32,4,2,0,0,0,0,0,0,93.59,11272,1226.8,1272.32,1237.3,1200.69,152.77,157.77,153.77,148.82
CN7,128M,32,4,3,0,0,0,0,0,0,69.17,8379,1307.31,1291.82,1178.3,1347.7,161.84,161.81,146.81,168.8
CN7,128M,32,4,4,0,0,0,0,0,0,87.35,10749,1138.32,1138.08,1201.81,1306.21,141.81,141.81,149.81,162.8
CN7,128M,32,4,5,0,0,0,0,0,0,80.69,9966,1345.82,1273.59,1265.32,1313.47,167.81,158.81,157.81,163.8
CN7,128M,32,16,1,0,0,0,0,0,0,83.64,10132,1279.58,1293.59,1195.83,1309.47,159.77,160.77,148.79,162.76
CN7,128M,32,16,2,0,0,0,0,0,0,64.00,8161,1298.34,1230.1,1339.58,1483.48,160.79,153.84,167.79,184.76
CN7,128M,32,16,3,0,0,0,0,0,0,67.05,8428,1254.59,1169.36,1235.09,1296.99,156.77,145.77,154.77,161.76
CN7,128M,32,16,4,0,0,0,0,0,0,62.65,7673,1386.1,1373.61,1283.6,1373.49,172.8,171.8,160.8,171.79
CN7,128M,32,16,5,0,0,0,0,0,0,61.43,7770,1305.61,1305.37,1266.35,1400.5,162.8,162.83,156.77,174.82
CN7,128M,64,1,1,0,0,0,0,0,0,75.83,9247,1994.58,1785.09,1754.07,1727.34,248.53,222.53,219.2,215.85
CN7,128M,64,1,2,0,0,0,0,0,0,95.09,11869,2133.71,2219.52,2238.7,2230.42,266.22,276.69,279.94,279.08
CN7,128M,64,1,3,0,0,0,0,0,0,70.82,8805,1952.27,1982.94,2066.43,2007.69,243.18,247.93,257.85,250.51
CN7,128M,64,1,4,0,0,0,0,0,0,82.50,9858,2190.28,2226.62,1788.94,1917.04,273.19,277.85,223.19,239.18
CN7,128M,64,1,5,0,0,0,0,0,0,63.95,7954,2080.95,1828.96,2044.95,1905.72,259.22,228.55,255.19,237.93
CN7,128M,64,4,1,0,0,0,0,0,0,62.01,7648,2186.8,2035.48,2109.96,2177.06,273.24,253.92,263.25,271.24
CN7,128M,64,4,2,0,0,0,0,0,0,87.83,10695,1899.15,1831.49,1790.81,1943.41,236.53,229.19,223.91,243.18
CN7,128M,64,4,3,0,0,0,0,0,0,66.15,8044,2061.49,1879.5,1957.15,1880.75,257.91,235.19,243.86,234.58
CN7,128M,64,4,4,0,0,0,0,0,0,79.38,9462,2146.0,1965.51,1929.66,2063.09,267.22,245.22,241.19,257.85
CN7,128M,64,4,5,0,0,0,0,0,0,70.03,8512,2115.68,1944.02,1875.34,1794.11,263.88,242.53,233.19,224.52
CN7,128M,64,16,1,0,0,0,0,0,0,64.09,8000,1800.69,1786.03,1720.18,1874.95,224.59,223.28,215.24,233.9
CN7,128M,64,16,2,0,0,0,0,0,0,82.71,10278,1967.04,1920.54,1879.53,1837.8,245.22,239.2,235.2,229.22
CN7,128M,64,16,3,0,0,0,0,0,0,66.78,7993,2140.38,1946.05,2078.7,2201.8,266.54,243.2,259.92,275.19
CN7,128M,64,16,4,0,0,0,0,0,0,64.84,8008,1935.89,1949.73,1803.55,1773.65,241.92,243.93,224.6,221.92
CN7,128M,64,16,5,0,0,0,0,0,0,87.06,10585,2157.57,2141.41,2013.39,2029.33,268.56,267.9,251.89,253.88
CN7,256M,1,1,1,0,0,0,0,0,0,4.88,1242.77,919.25,6.75,6.71,6.52,115.61,1.61,1.61,1.58
CN7,256M,1,1,2,0,0,0,0,0,0,6.03,1534.71,10.76,701.75,6.71,14.02,1.63,87.84,1.61,1.76
CN7,256M,1,1,3,0,0,0,0,0,0,6.04,1538.34,6.76,6.76,856.21,6.52,1.61,1.61,107.61,1.58
CN7,256M,1,1,4,0,0,0,0,0,0,5.31,1352.81,6.76,6.76,6.71,935.52,1.61,1.61,1.61,117.58
CN7,256M,1,1,5,0,0,0,0,0,0,6.09,1550.87,872.76,6.76,6.71,6.53,109.61,1.61,1.61,1.58
CN7,256M,1,4,1,0,0,0,0,0,0,5.46,1390.29,11.26,936.76,6.71,6.53,1.63,117.61,1.61,1.58
CN7,256M,1,4,2,0,0,0,0,0,0,5.98,1522.33,6.76,6.76,872.72,6.53,1.61,1.61,109.61,1.58
CN7,256M,1,4,3,0,0,0,0,0,0,5.99,1526.19,6.76,6.76,6.72,855.52,1.61,1.61,1.61,107.58
CN7,256M,1,4,4,0,0,0,0,0,0,5.99,1523.63,857.26,6.76,6.72,6.53,107.61,1.61,1.61,1.58
CN7,256M,1,4,5,0,0,0,0,0,0,5.22,1330.16,11.27,903.26,6.72,6.53,1.63,113.61,1.61,1.58
CN7,256M,1,16,1,0,0,0,0,0,0,6.03,1535.01,6.76,6.77,855.22,6.53,1.61,1.61,107.61,1.58
CN7,256M,1,16,2,0,0,0,0,0,0,5.73,1459.72,6.76,6.77,6.72,838.52,1.61,1.61,1.61,105.58
CN7,256M,1,16,3,0,0,0,0,0,0,5.11,1302.38,905.26,6.77,6.72,6.53,113.61,1.61,1.61,1.58
CN7,256M,1,16,4,0,0,0,0,0,0,6.00,1527.05,6.77,855.77,6.72,6.53,1.61,107.61,1.61,1.58
CN7,256M,1,16,5,0,0,0,0,0,0,6.04,1538.11,6.77,6.77,857.22,6.53,1.61,1.61,107.61,1.58
CN7,256M,2,1,1,0,0,0,0,0,0,9.01,2296.29,888.27,6.77,6.72,1031.53,111.61,1.61,1.61,129.58
CN7,256M,2,1,2,0,0,0,0,0,0,9.86,2512.77,8.28,1030.77,886.73,6.54,1.62,129.61,111.61,1.58
CN7,256M,2,1,3,0,0,0,0,0,0,9.48,2415.67,920.77,6.78,6.73,1030.54,115.61,1.61,1.61,129.58
CN7,256M,2,1,4,0,0,0,0,0,0,10.13,2581.46,6.78,984.27,855.23,6.54,1.61,123.61,107.61,1.58
CN7,256M,2,1,5,0,0,0,0,0,0,9.47,2413.12,952.78,7.78,6.74,1033.04,119.61,1.64,1.61,129.6
CN7,256M,2,4,1,0,0,0,0,0,0,9.74,2482.75,11.29,1030.78,887.24,6.54,1.63,129.61,111.61,1.58
CN7,256M,2,4,2,0,0,0,0,0,0,9.25,2358.10,1032.29,6.79,6.74,902.54,129.61,1.61,1.61,113.58
CN7,256M,2,4,3,0,0,0,0,0,0,9.55,2433.85,6.79,1031.79,902.74,6.55,1.61,129.61,113.61,1.59
CN7,256M,2,4,4,0,0,0,0,0,0,9.03,2301.18,937.29,6.79,6.75,1031.55,117.61,1.61,1.61,129.59
CN7,256M,2,4,5,0,0,0,0,0,0,9.41,2398.36,8.79,1031.79,967.25,7.55,1.64,129.61,121.61,1.61
CN7,256M,2,16,1,0,0,0,0,0,0,11.14,2837.85,887.79,6.8,6.75,950.55,111.61,1.62,1.61,119.59
CN7,256M,2,16,2,0,0,0,0,0,0,9.46,2412.92,8.29,1045.3,900.75,6.56,1.62,129.62,111.61,1.59
CN7,256M,2,16,3,0,0,0,0,0,0,9.75,2484.31,951.79,6.8,6.75,1033.06,119.61,1.62,1.61,129.6
CN7,256M,2,16,4,0,0,0,0,0,0,9.36,2387.03,8.3,1031.81,918.75,7.57,1.62,129.62,115.61,1.61
CN7,256M,2,16,5,0,0,0,0,0,0,9.74,2482.20,967.8,6.81,6.76,1030.57,121.62,1.62,1.61,129.59
CN7,256M,4,1,1,0,0,0,0,0,0,16.14,4117,667.54,689.21,688.51,687.05,83.75,86.41,86.41,86.39
CN7,256M,4,1,2,0,0,0,0,0,0,16.72,4264,1015.81,1031.82,1031.27,902.58,127.62,129.62,129.61,113.59
CN7,256M,4,1,3,0,0,0,0,0,0,16.81,4289,967.32,1031.32,1030.77,1030.58,121.62,129.62,129.61,129.59
CN7,256M,4,1,4,0,0,0,0,0,0,14.16,3613,1023.66,1021.68,925.58,1020.45,128.39,128.35,116.46,128.32
CN7,256M,4,1,5,0,0,0,0,0,0,17.58,4483,688.22,688.89,688.85,612.39,86.41,86.42,86.42,77.06
CN7,256M,4,4,1,0,0,0,0,0,0,13.58,3465.48,605.56,688.56,687.86,688.06,75.82,86.44,86.43,86.41
CN7,256M,4,4,2,0,0,0,0,0,0,18.65,4755,1016.34,887.34,1030.79,951.11,127.62,111.62,129.61,119.59
CN7,256M,4,4,3,0,0,0,0,0,0,16.06,4098,688.56,677.23,655.86,602.07,86.41,85.08,82.43,75.73
CN7,256M,4,4,4,0,0,0,0,0,0,17.46,4453,935.35,1031.35,1031.3,1030.62,117.62,129.62,129.62,129.59
CN7,256M,4,4,5,0,0,0,0,0,0,14.44,3685,689.57,688.9,645.2,687.75,86.42,86.43,81.1,86.42
CN7,256M,4,16,1,0,0,0,0,0,0,17.82,4544,1031.86,999.87,1030.81,870.63,129.62,125.62,129.62,109.59
CN7,256M,4,16,2,0,0,0,0,0,0,17.81,4541,903.87,1032.37,1030.82,1014.63,113.62,129.62,129.62,127.59
CN7,256M,4,16,3,0,0,0,0,0,0,15.17,3869,624.91,613.58,687.88,687.76,78.44,77.11,86.44,86.42
CN7,256M,4,16,4,0,0,0,0,0,0,17.34,4420,903.38,1031.88,1030.83,1030.64,113.62,129.62,129.62,129.6
CN7,256M,4,16,5,0,0,0,0,0,0,14.53,3708,689.92,559.92,687.56,687.43,86.42,70.42,86.41,86.4
CN7,256M,8,1,1,0,0,0,0,0,0,26.38,6735,785.59,1042.59,774.23,794.1,98.42,130.43,97.1,99.73
CN7,256M,8,1,2,0,0,0,0,0,0,24.44,6239,935.26,848.26,886.23,922.44,117.09,106.42,110.41,115.73
CN7,256M,8,1,3,0,0,0,0,0,0,25.10,6408,860.93,890.6,825.9,822.11,107.76,111.75,103.75,102.4
CN7,256M,8,1,4,0,0,0,0,0,0,25.69,6559,871.27,848.27,815.57,827.78,109.09,106.42,102.42,103.74
CN7,256M,8,1,5,0,0,0,0,0,0,24.80,6332,912.61,805.95,805.24,794.45,114.42,101.09,101.08,99.73
CN7,256M,8,4,1,0,0,0,0,0,0,25.00,6373,794.95,901.62,837.25,763.79,99.75,113.09,105.08,95.74
CN7,256M,8,4,2,0,0,0,0,0,0,25.09,6406,817.95,869.29,902.25,794.13,102.43,109.09,113.08,99.73
CN7,256M,8,4,3,0,0,0,0,0,0,23.64,6036,880.62,890.96,795.26,870.47,110.42,111.75,99.75,109.08
CN7,256M,8,4,4,0,0,0,0,0,0,24.49,6253,828.63,816.3,826.93,826.14,103.76,102.42,103.75,103.74
CN7,256M,8,4,5,0,0,0,0,0,0,25.21,6435,839.63,880.64,919.27,975.81,105.1,110.42,114.42,122.4
CN7,256M,8,16,1,0,0,0,0,0,0,24.56,6269,871.3,858.97,869.61,836.81,106.43,105.09,106.42,102.4
CN7,256M,8,16,2,0,0,0,0,0,0,27.25,6954,712.64,763.31,783.94,729.82,89.15,95.76,98.42,91.74
CN7,256M,8,16,3,0,0,0,0,0,0,26.59,6787,892.65,837.65,816.61,836.49,111.76,105.09,102.42,105.07
CN7,256M,8,16,4,0,0,0,0,0,0,24.50,6244,983.98,869.65,901.62,911.16,122.43,109.09,113.09,114.4
CN7,256M,8,16,5,0,0,0,0,0,0,31.48,8032,823.99,858.66,826.62,804.5,102.43,107.76,103.75,101.07
CN7,256M,16,1,1,0,0,0,0,0,0,39.49,10086,1137.99,1180.33,998.63,1179.17,142.43,147.76,125.09,147.74
CN7,256M,16,1,2,0,0,0,0,0,0,36.07,9215,1111.67,1133.67,1101.63,1047.18,138.43,141.09,137.09,130.41
CN7,256M,16,1,3,0,0,0,0,0,0,37.58,9599,1161.01,1137.68,1137.64,1083.18,145.11,142.43,142.42,135.74
CN7,256M,16,1,4,0,0,0,0,0,0,36.06,9213,1165.35,1165.02,1186.31,1196.52,145.09,145.09,147.76,149.07
CN7,256M,16,1,5,0,0,0,0,0,0,36.79,9399,1203.35,1191.02,1222.99,1221.86,150.44,149.1,153.09,153.08
CN7,256M,16,4,1,0,0,0,0,0,0,36.37,9291,1193.36,1274.36,1242.33,1186.53,146.45,157.1,153.09,146.41
CN7,256M,16,4,2,0,0,0,0,0,0,44.22,11291,1086.7,1137.37,1109.67,1053.21,135.85,142.47,138.46,131.78
CN7,256M,16,4,3,0,0,0,0,0,0,37.12,9483,1411.04,1432.71,1404.01,1421.55,175.76,178.43,175.76,177.08
CN7,256M,16,4,4,0,0,0,0,0,0,35.97,9189,1394.05,1404.72,1400.35,1340.55,174.43,175.77,174.43,167.75
CN7,256M,16,4,5,0,0,0,0,0,0,37.10,9455,1358.72,1444.06,1369.02,1368.89,169.1,179.77,170.43,170.41
CN7,256M,16,16,1,0,0,0,0,0,0,31.48,7976,1405.4,1447.4,1405.36,1373.24,175.8,181.13,175.79,171.78
CN7,256M,16,16,2,0,0,0,0,0,0,29.11,7440,1551.4,1614.07,1486.37,1421.91,193.12,201.13,185.12,177.11
CN7,256M,16,16,3,0,0,0,0,0,0,35.25,9007,1138.41,1352.08,1298.71,1351.92,142.47,169.14,162.47,169.12
CN7,256M,16,16,4,0,0,0,0,0,0,37.90,9679,1383.75,1394.09,1362.39,1394.59,170.52,171.85,167.84,171.83
CN7,256M,16,16,5,0,0,0,0,0,0,33.54,8569,1391.09,1435.77,1408.06,1392.6,173.12,179.79,175.77,174.42
CN7,256M,32,1,1,0,0,0,0,0,0,28.39,7193,2205.66,2235.66,2142.84,2039.56,275.08,279.08,267.88,254.27
CN7,256M,32,1,2,0,0,0,0,0,0,33.41,8361,1598.27,1709.28,1632.45,1694.38,199.06,213.52,203.92,211.05
CN7,256M,32,1,3,0,0,0,0,0,0,42.33,10629,1726.08,1769.49,1782.26,1685.99,215.08,220.67,222.26,210.25
CN7,256M,32,1,4,0,0,0,0,0,0,35.46,8791,1655.09,1520.9,1645.27,1565.4,205.47,189.47,204.66,194.25
CN7,256M,32,1,5,0,0,0,0,0,0,36.05,9122,1635.9,1790.1,1536.68,1600.8,204.69,223.14,191.96,199.86
CN7,256M,32,4,1,0,0,0,0,0,0,35.09,8846,1551.71,1622.71,1667.49,1604.41,193.47,202.27,207.87,200.66
CN7,256M,32,4,2,0,0,0,0,0,0,33.03,8263,1924.72,1911.92,1912.1,1867.22,239.87,238.27,238.27,232.66
CN7,256M,32,4,3,0,0,0,0,0,0,35.40,8846,1661.93,1744.13,1762.91,1762.43,206.3,216.75,219.14,219.08
CN7,256M,32,4,4,0,0,0,0,0,0,34.48,8710,1636.54,1691.14,1591.52,1558.04,204.67,211.09,199.07,194.32
CN7,256M,32,4,5,0,0,0,0,0,0,44.61,11326,1558.95,1611.55,1559.53,1604.25,194.31,201.51,195.07,199.9
CN7,256M,32,16,1,0,0,0,0,0,0,44.89,11030,1732.16,1764.16,1668.54,1699.06,215.91,220.68,208.67,211.86
CN7,256M,32,16,2,0,0,0,0,0,0,47.16,11600,1552.97,1526.17,1520.75,1468.67,192.68,189.48,188.67,183.08
CN7,256M,32,16,3,0,0,0,0,0,0,45.60,11466,1931.97,2169.48,2126.7,2178.35,240.85,270.85,265.89,271.88
CN7,256M,32,16,4,0,0,0,0,0,0,37.24,9449,1654.38,1856.59,1817.57,1841.49,206.28,231.93,227.13,230.27
CN7,256M,32,16,5,0,0,0,0,0,0,36.69,9205,1785.39,1667.4,1705.98,1530.3,223.08,207.88,212.68,191.14
CN7,256M,64,1,1,0,0,0,0,0,0,28.59,7136,3393.25,3164.13,3236.12,3249.32,422.97,394.47,403.47,404.97
CN7,256M,64,1,2,0,0,0,0,0,0,27.60,6975,3425.15,3073.65,3077.51,3020.71,427.43,383.43,383.93,377.42
CN7,256M,64,1,3,0,0,0,0,0,0,28.12,7126,3218.04,3279.29,3195.28,3064.98,400.93,408.93,398.43,381.92
CN7,256M,64,1,4,0,0,0,0,0,0,28.24,7208,3181.56,3029.69,3078.8,3097.5,396.97,377.97,384.52,386.96
CN7,256M,64,1,5,0,0,0,0,0,0,28.62,7256,3404.2,3229.58,3228.06,3201.64,424.98,402.51,402.47,399.97
CN7,256M,64,4,1,0,0,0,0,0,0,27.59,7003,3257.85,3098.85,3117.58,3205.91,406.47,386.5,389.47,399.96
CN7,256M,64,4,2,0,0,0,0,0,0,29.14,7399,3169.24,3123.61,3195.47,3025.18,395.44,389.45,398.44,377.43
CN7,256M,64,4,3,0,0,0,0,0,0,29.05,7403,3214.01,3089.76,3161.37,3198.94,400.97,385.44,394.97,399.52
CN7,256M,64,4,4,0,0,0,0,0,0,28.49,7159,3099.78,3159.28,2992.01,2999.84,386.49,393.49,372.99,373.98
CN7,256M,64,4,5,0,0,0,0,0,0,28.25,7141,2999.17,3079.04,3145.65,3333.73,374.55,384.02,392.99,416.48
CN7,256M,64,16,1,0,0,0,0,0,0,27.45,6928,3043.44,3001.81,3115.55,2991.12,379.45,374.46,388.45,372.94
CN7,256M,64,16,2,0,0,0,0,0,0,27.89,7073,3053.58,2920.58,3013.56,3257.51,381.49,364.02,376.49,406.98
CN7,256M,64,16,3,0,0,0,0,0,0,28.19,7165,3180.1,3366.97,3256.46,3115.53,396.5,419.56,405.99,388.51
CN7,256M,64,16,4,0,0,0,0,0,0,28.12,7122,3129.49,3138.74,3001.1,3145.43,390.98,391.5,374.98,392.97
CN7,256M,64,16,5,0,0,0,0,0,0,26.84,6839,3059.26,3110.26,3174.24,3066.32,381.0,387.5,396.54,383.03
