0831-1147
CN7,4G,1,1,1,914,1074,1237,7046,1356,1500,1416.40,1498,8.83,8.69,5964.24,8.71,0.91,0.91,685.77,0.9
CN7,4G,1,1,2,865,1074,1549,3032,1348,1506,1444.40,1519,8.82,8.69,8.76,5901.88,0.91,0.91,0.91,681.19
CN7,4G,1,1,3,824,1057,1582,2966,1338,1492,1441.20,1516,5802.99,8.69,8.76,8.72,678.07,0.91,0.91,0.91
CN7,4G,1,2,1,791,1020,1139,1893,1258,1524,1466.80,1542,8.84,8.69,3180.26,3092.56,0.91,0.91,334.58,333.8
CN7,4G,1,2,2,799,1029,1123,1811,1358,1506,1447.60,1524,3223.84,3337.69,8.77,8.73,343.2,346.52,0.91,0.91
CN7,4G,1,2,3,865,1074,1188,1762,1370,1508,1429.40,1507,3367.52,8.7,8.77,3228.73,345.19,0.91,0.91,335.21
CN7,4G,1,4,1,857,1057,1172,1795,1256,1518,1438.00,1513,1566.19,1585.7,1543.44,1534.24,162.63,164.03,163.2,162.19
CN7,4G,1,4,2,799,1020,1205,1844,1348,1496,1451.20,1527,1538.7,1578.7,1570.77,1517.91,162.51,163.88,162.53,162.01
CN7,4G,1,4,3,857,1045,1237,1844,1256,1502,1431.60,1513,1554.03,1570.88,1562.61,1554.59,162.45,161.42,163.45,162.53
CN7,4G,1,8,1,791,1037,1680,1762,1340,1520,1456.00,1535,1642.87,1679.38,1662.45,1643.92,170.88,169.8,172.22,170.53
CN7,4G,1,8,2,857,1057,1598,1778,1274,1506,1445.40,1520,1625.55,1668.72,1665.62,1640.26,169.63,170.69,172.44,170.28
CN7,4G,1,8,3,791,1004,1647,1795,1424,1532,1472.80,1548,1685.38,1657.72,1668.46,1674.27,170.41,170.39,172.68,171.63
CN7,4G,1,16,1,799,1037,1631,1909,1364,1524,1466.40,1541,1661.39,1698.73,1682.3,1656.44,170.56,171.55,171.69,171.62
CN7,4G,1,16,2,799,1037,1729,1827,1322,1542,1458.80,1538,1710.39,1714.06,1650.8,1682.11,170.94,173.22,170.57,170.42
CN7,4G,1,16,3,848,1090,1631,1893,1344,1496,1428.00,1504,1710.9,1655.24,1664.97,1671.78,171.75,171.46,172.24,171.54
CN7,4G,2,1,1,766,996,1205,1795,1272,1466,1423.90,2964,8.9,8.74,6123.48,5921.28,0.91,0.91,688.38,685.64
CN7,4G,2,1,2,783,1029,1385,1975,1308,1448,1415.80,2966,5914.74,5990.07,8.83,8.8,681.2,687.66,0.91,0.92
CN7,4G,2,1,3,766,938,1156,1860,1306,1466,1420.20,2968,8.92,8.76,6183.83,5999.8,0.92,0.91,682.57,684.81
CN7,4G,2,2,1,644,898,1123,1811,1482,1590,1559.80,3256,3193.42,3179.26,3158.85,3161.49,341.37,341.49,341.36,342.51
CN7,4G,2,2,2,783,955,1123,1795,1342,1460,1411.20,2915,3278.43,3320.43,3266.19,3362.33,343.08,342.9,341.39,342.96
CN7,4G,2,2,3,791,971,1172,1778,1272,1466,1394.10,2907,3229.61,3219.61,3163.53,3151.5,342.75,345.37,341.67,341.54
CN7,4G,2,4,1,807,979,1270,1876,1318,1448,1411.40,2941,3294.28,3361.95,3332.54,3275.85,343.07,342.38,341.54,340.16
CN7,4G,2,4,2,816,996,1287,1844,1350,1416,1369.60,2862,3201.96,3223.3,3147.72,3145.36,339.88,340.03,339.76,338.89
CN7,4G,2,4,3,799,971,1221,1975,1280,1424,1393.60,2922,3384.13,3302.14,3268.56,3278.7,344.2,339.07,341.73,341.72
CN7,4G,2,8,1,791,996,1582,2180,1250,1444,1397.90,2910,3170.64,3177.65,3161.9,3182.71,339.31,339.82,339.58,339.5
CN7,4G,2,8,2,848,1020,1614,1844,1188,1420,1352.36,2810,3327.65,3330.16,3346.08,3297.55,342.83,340.74,344.47,340.44
CN7,4G,2,8,3,816,996,1582,1958,1252,1380,1356.67,2832,3140.66,3186.84,3176.09,3133.56,339.13,339.31,339.43,338.99
CN7,4G,2,16,1,807,988,1614,1860,1274,1430,1397.00,2911,3343.17,3368.68,3456.76,3401.57,341.58,342.27,344.12,341.68
CN7,4G,2,16,2,799,963,1598,1893,1284,1443,1406.60,2936,3267.68,3236.02,3250.28,3275.25,339.9,340.37,340.4,341.18
CN7,4G,2,16,3,799,955,1647,1827,1288,1430,1396.40,2923,3283.03,3274.53,3303.78,3303.09,340.14,338.98,342.85,341.3
CN7,4G,4,1,1,783,1037,1336,1778,1376,1490,1447.25,6068,6174.37,6142.71,6282.96,6317.94,680.24,686.06,682.83,689.9
CN7,4G,4,1,2,807,1037,1500,1795,1306,1504,1445.00,5851,5997.55,5873.22,6209.48,6281.12,685.27,683.46,682.54,681.36
CN7,4G,4,1,3,791,996,1319,1795,1374,1488,1452.90,5961,6091.24,5998.41,6233.83,6058.97,679.36,685.96,688.99,686.45
CN7,4G,4,2,1,898,1106,1467,1778,1224,1400,1356.09,5640,6062.42,6124.59,6112.18,6033.99,684.17,680.1,681.21,685.14
CN7,4G,4,2,2,930,1139,1467,1778,1208,1402,1341.78,5540,6102.44,6024.11,6110.2,6114.68,676.75,686.87,683.47,679.76
CN7,4G,4,2,3,914,1106,1434,1778,1252,1466,1370.19,5487,6154.96,6120.8,6151.55,6152.19,678.86,676.84,678.58,682.71
CN7,4G,4,4,1,938,1090,1549,3589,1208,1402,1323.83,5423,6395.04,6252.26,6179.04,6152.81,686.23,681.78,676.26,683.21
CN7,4G,4,4,2,914,1057,1614,2180,1256,1406,1350.67,5442,6241.66,6120.5,6267.59,6225.23,680.52,681.23,679.34,678.46
CN7,4G,4,4,3,930,1074,1565,2638,1202,1403,1331.23,5304,6181.68,6270.69,6309.11,6230.25,678.86,684.34,683.52,683.3
CN7,4G,4,8,1,930,1106,1647,3949,1234,1390,1343.90,5391,6177.53,6212.7,6390.46,6220.77,681.13,682.6,688.13,684.77
CN7,4G,4,8,2,938,1106,1680,3523,1218,1384,1323.83,5286,6415.05,6371.39,6274.15,6471.28,684.83,687.91,677.7,688.23
CN7,4G,4,8,3,930,1139,1713,3294,1232,1390,1334.96,5396,6350.57,6233.74,6257.33,6368.47,678.23,684.71,677.04,680.88
CN7,4G,4,16,1,947,1172,1811,3818,1196,1394,1320.26,5296,5424.83,5397.67,5453.91,5306.95,582.66,582.68,582.93,581.34
CN7,4G,4,16,2,898,1123,1844,2835,1282,1382,1354.08,5640,6171.78,6118.78,6035.7,6130.01,680.12,679.99,677.82,682.79
CN7,4G,4,16,3,898,1106,1926,3949,1256,1380,1341.58,5554,6373.46,6268.13,6406.55,6181.69,683.94,685.56,685.05,679.15
CN7,4G,8,1,1,4424,5276,6063,6652,656,1358,790.30,6550,9391.48,9314.86,9435.43,9206.66,1024.38,1025.37,1031.72,1029.25
CN7,4G,8,1,2,4424,5145,5866,6521,662,1358,792.52,6581,9486.39,9384.76,9262.96,9236.69,1023.85,1030.45,1033.17,1029.78
CN7,4G,8,1,3,4293,5211,6194,64750,590,1368,784.40,6471,9609.04,9385.92,9263.11,9338.96,1030.65,1030.21,1032.57,1030.12
CN7,4G,8,2,1,4490,5604,6521,7832,638,1292,787.80,6545,9724.07,9246.82,9513.51,9491.74,1025.5,1029.32,1031.24,1025.21
CN7,4G,8,2,2,4555,5538,6587,39060,588,1274,783.40,6484,8954.31,8250.53,8661.93,8536.13,922.94,911.09,918.35,914.89
CN7,4G,8,2,3,4555,5604,6521,7439,630,1262,782.40,6462,9754.88,9238.5,9536.94,9517.3,1033.83,1030.15,1035.34,1029.37
CN7,4G,8,4,1,4686,6259,8094,10290,606,1242,775.73,6401,8674.81,8558.47,8081.31,8737.18,918.23,917.97,921.23,924.42
CN7,4G,8,4,2,4621,6390,8225,9503,602,1268,776.20,6426,8467.72,8141.38,8563.56,8280.54,923.46,916.21,922.75,922.97
CN7,4G,8,4,3,4686,6194,8094,9372,632,1236,775.25,6414,8811.75,8637.96,8430.25,8471.45,924.18,921.26,921.97,920.91
CN7,4G,8,8,1,4621,6325,8225,9241,638,1270,776.05,6416,8658.52,8464.42,8308.12,8592.81,917.87,919.82,919.19,921.24
CN7,4G,8,8,2,4621,6390,19006,44303,586,1218,766.27,6270,9038.24,8464.57,8769.74,8780.06,925.39,918.75,922.42,922.78
CN7,4G,8,8,3,4752,6325,8094,11076,608,1238,767.75,6300,8724.27,8629.59,8443.99,8336.64,923.74,916.96,917.26,921.92
CN7,4G,8,16,1,4621,6587,34866,73925,544,1202,753.50,6248,9167.07,8879.18,8784.68,9222.22,925.47,921.61,923.06,924.35
CN7,4G,8,16,2,4686,6325,8225,9896,620,1274,773.88,6396,8698.88,8681.98,8425.93,8533.47,917.54,923.28,921.79,915.87
CN7,4G,8,16,3,4752,6325,7963,8979,592,1222,774.02,6395,9241.9,8567.01,8654.4,8677.94,927.6,921.05,923.48,922.18
CN7,4G,16,1,1,6783,7570,8586,9765,292,1002,356.53,5923,10512.29,10189.42,10162.66,10007.38,1105.9,1102.92,1103.81,1103.94
CN7,4G,16,1,2,6783,7635,8717,9241,300,918,356.67,5899,10561.19,10381.32,10087.82,10418.54,1107.49,1106.88,1103.66,1108.58
CN7,4G,16,1,3,6783,7635,8586,9896,304,980,357.52,5950,10521.89,9961.61,10357.85,10385.31,1103.64,1104.34,1106.61,1105.38
CN7,4G,16,2,1,7439,8455,10290,15008,292,1010,348.64,5781,11110.92,10457.78,10950.15,10589.0,1110.34,1105.61,1109.24,1105.43
CN7,4G,16,2,2,7373,8455,10028,11469,284,932,352.22,5856,10998.62,10559.87,10438.31,10444.57,1108.44,1110.9,1102.42,1108.14
CN7,4G,16,2,3,7439,8586,10159,12780,282,888,347.92,5803,10854.12,10365.04,10493.01,10559.67,1111.74,1105.11,1112.15,1106.81
CN7,4G,16,4,1,11600,13566,15270,16581,304,954,351.87,5876,11087.53,9772.07,10042.53,10816.49,1112.61,1100.94,1103.52,1109.85
CN7,4G,16,4,2,11469,13566,16319,21365,300,884,352.44,5896,11070.45,10695.9,11014.81,10711.2,1114.99,1110.82,1112.26,1109.47
CN7,4G,16,4,3,11469,13566,15533,18220,306,998,357.71,5957,11127.88,10640.53,10788.11,10719.56,1114.62,1109.63,1110.93,1110.44
CN7,4G,16,8,1,11338,13566,15795,18220,308,880,350.69,5865,11333.05,10883.36,10518.54,10808.53,1111.76,1110.48,1110.44,1111.93
CN7,4G,16,8,2,11338,13698,15533,19268,292,1020,352.59,5880,11190.62,11293.64,10544.58,10552.08,1112.68,1116.39,1110.1,1109.88
CN7,4G,16,8,3,11338,13566,15926,17957,302,890,353.80,5905,11187.79,10264.13,10996.02,10763.15,1114.57,1107.78,1112.27,1109.54
CN7,4G,16,16,1,11207,13566,16188,19006,304,940,353.66,5886,11749.62,10586.46,11517.7,10683.02,1112.47,1108.12,1112.88,1107.46
CN7,4G,16,16,2,11338,13566,15270,17957,300,834,352.46,5889,11866.12,11122.49,11111.27,10325.32,1108.73,1110.07,1109.54,1104.34
CN7,4G,16,16,3,11338,13566,15664,17695,306,876,350.26,5854,11400.69,11629.59,11560.83,10910.82,1107.61,1111.93,1109.11,1112.02
CN7,4G,32,1,1,8717,9634,14877,22414,144,590,166.85,5560,11840.42,11780.41,11654.36,11774.35,1187.94,1189.16,1187.54,1186.73
CN7,4G,32,1,2,8848,9765,14222,22414,142,526,167.04,5557,11864.89,11783.51,11954.75,11788.28,1189.53,1188.49,1188.01,1189.95
CN7,4G,32,1,3,8717,9634,15401,24249,140,650,168.34,5627,11829.21,11989.08,11704.14,11414.6,1188.34,1188.17,1188.63,1187.73
CN7,4G,32,2,1,15008,16581,19006,25035,148,742,167.52,5581,12091.1,11548.01,12139.21,11634.7,1193.43,1190.63,1195.67,1189.06
CN7,4G,32,2,2,15008,16450,18482,21365,144,632,167.50,5606,12190.71,11914.58,11255.93,11818.24,1195.06,1192.25,1187.41,1192.81
CN7,4G,32,2,3,14877,16581,19792,26084,148,726,167.92,5602,12029.85,11737.12,11857.53,11756.81,1193.56,1190.6,1193.38,1192.5
CN7,4G,32,4,1,22676,25560,28705,31589,152,542,170.83,5725,12510.62,11787.16,12299.11,12148.13,1241.16,1234.98,1239.75,1239.93
CN7,4G,32,4,2,22676,25560,28705,31065,148,600,170.56,5702,12623.29,12177.86,12335.18,12119.28,1242.85,1238.54,1242.24,1241.95
CN7,4G,32,4,3,22676,25560,28967,32113,152,630,169.24,5658,12291.74,11631.15,11795.42,11901.77,1197.78,1195.86,1195.32,1196.76
CN7,4G,32,8,1,22938,26084,29230,31065,152,638,170.42,5694,12962.62,12321.75,12740.18,12089.65,1239.65,1236.38,1238.58,1236.62
CN7,4G,32,8,2,22152,25035,28181,29754,151,676,170.70,5684,12544.0,12482.23,12640.37,11524.35,1236.02,1237.43,1238.71,1229.77
CN7,4G,32,8,3,21890,25035,27919,30802,146,610,169.32,5656,12279.39,11960.51,11498.39,11755.41,1195.8,1197.29,1189.19,1191.67
CN7,4G,32,16,1,21103,24249,27657,29754,151,592,170.60,5692,13003.11,12506.23,12577.96,13530.35,1233.84,1232.27,1230.33,1236.56
CN7,4G,32,16,2,22414,25560,28705,30540,151,510,170.06,5690,13300.89,13039.82,12938.29,13422.35,1236.62,1234.81,1234.98,1236.91
CN7,4G,32,16,3,23200,26346,30278,39584,148,512,168.73,5650,12862.72,11908.36,11840.1,12269.81,1191.61,1189.54,1186.57,1190.41
CN7,8G,1,1,1,758,1037,1729,3064,1380,1524,1468.00,1539,43.79,44.8,50.76,7932.07,0.99,0.98,1.39,914.49
CN7,8G,1,1,2,758,996,1319,1893,1268,1528,1461.18,1533,8328.46,8.91,8.99,8.98,915.41,0.92,0.93,0.93
CN7,8G,1,1,3,758,1037,1860,3392,1428,1550,1476.73,1548,9.15,7784.24,8.99,8.98,0.93,915.42,0.93,0.93
CN7,8G,1,2,1,734,979,1123,1795,1272,1560,1483.91,1556,9.15,8.93,4761.87,4582.54,0.93,0.93,464.27,461.41
CN7,8G,1,2,2,676,766,1037,1942,1426,1520,1500.60,1574,9.15,4583.15,4608.0,9.0,0.93,460.25,458.62,0.93
CN7,8G,1,2,3,750,963,1123,1827,1360,1580,1483.00,1555,4688.48,8.95,9.01,4511.22,454.99,0.93,0.93,456.51
CN7,8G,1,4,1,791,1012,1139,1860,1258,1544,1462.36,1534,2256.38,2276.61,2296.01,2237.01,228.53,231.39,229.82,228.31
CN7,8G,1,4,2,766,988,1123,1860,1266,1522,1474.45,1547,2272.28,2274.28,2304.91,2248.79,228.13,230.46,231.06,229.2
CN7,8G,1,4,3,758,988,1123,1876,1302,1538,1478.00,1550,2272.73,2270.85,2250.25,2242.91,228.8,229.98,228.87,228.86
CN7,8G,1,8,1,775,979,1270,1795,1314,1546,1454.36,1527,2287.4,2274.63,2315.48,2228.92,228.87,230.08,229.35,226.87
CN7,8G,1,8,2,742,922,1188,1942,1402,1510,1462.55,1534,2278.41,2284.08,2285.37,2236.92,228.06,228.3,228.99,226.91
CN7,8G,1,8,3,758,922,1188,1729,1278,1508,1454.18,1525,2242.42,2315.64,2286.6,2294.59,227.56,228.71,229.2,227.88
CN7,8G,1,16,1,750,963,1434,1762,1392,1536,1476.00,1548,2299.87,2287.87,2274.72,2280.16,228.99,229.26,228.64,229.9
CN7,8G,1,16,2,750,922,1549,1778,1244,1522,1451.27,1522,2241.43,2269.32,2295.28,2257.5,226.81,229.6,229.19,228.65
CN7,8G,1,16,3,775,988,1483,1909,1312,1518,1463.27,1536,2240.55,2294.89,2269.62,2246.61,228.09,230.18,227.24,227.7
CN7,8G,2,1,1,775,930,1893,3326,1354,1558,1446.82,3020,25.89,28.23,8019.63,7697.07,0.97,0.97,917.0,913.5
CN7,8G,2,1,2,799,914,1319,2147,1304,1417,1367.65,2830,8787.0,7987.45,9.09,9.09,915.37,917.82,0.94,0.94
CN7,8G,2,1,3,791,930,1352,2343,1334,1456,1391.00,2870,9.24,9.03,8069.98,8461.2,0.94,0.94,916.73,915.79
CN7,8G,2,2,1,824,947,1172,1876,1322,1500,1396.18,2879,8537.13,4520.14,9.12,4494.67,914.48,458.91,0.94,456.28
CN7,8G,2,2,2,807,963,1614,1975,1290,1444,1403.50,2938,4460.71,8006.82,4530.89,9.12,455.48,915.48,457.66,0.94
CN7,8G,2,2,3,840,955,1401,1811,1302,1532,1378.22,2826,9.28,4538.51,8244.91,4460.24,0.94,458.3,916.34,455.73
CN7,8G,2,4,1,832,971,1139,1663,1262,1432,1376.61,2844,4586.84,4528.63,4559.93,4530.47,457.62,455.14,455.26,453.41
CN7,8G,2,4,2,783,906,1139,1729,1274,1458,1414.00,2966,4608.96,4592.2,4603.17,4539.26,454.49,460.24,454.91,461.32
CN7,8G,2,4,3,840,963,1172,1860,1260,1432,1362.35,2811,4497.31,4566.44,4605.85,4499.39,452.87,454.64,456.95,454.64
CN7,8G,2,8,1,816,963,1287,1696,1278,1462,1401.18,2931,4582.65,4545.78,4646.64,4493.4,455.21,454.04,459.49,455.96
CN7,8G,2,8,2,840,963,1270,1811,1312,1488,1384.09,2839,4554.89,4550.02,4655.76,4476.41,454.02,454.44,460.87,452.46
CN7,8G,2,8,3,840,963,1270,1647,1292,1436,1363.52,2802,4559.68,4521.14,4685.78,4578.09,453.71,454.78,457.63,454.04
CN7,8G,2,16,1,791,930,1483,1778,1330,1546,1442.64,3020,4536.36,4568.04,4683.23,4543.88,452.74,455.43,459.94,453.76
CN7,8G,2,16,2,783,906,1467,1614,1282,1478,1415.73,2963,4641.37,4564.95,4707.36,4581.45,455.87,454.61,457.11,459.01
CN7,8G,2,16,3,775,889,1450,1778,1258,1446,1420.18,2977,4652.72,4539.18,4683.15,4548.58,456.28,454.54,457.45,454.83
CN7,8G,4,1,1,791,938,1352,1680,1278,1486,1432.45,5804,8618.62,8279.64,8443.16,8340.92,916.15,908.63,918.79,914.38
CN7,8G,4,1,2,775,938,1500,1958,1350,1512,1460.91,6001,8543.31,8042.66,8263.97,8235.72,916.91,910.18,917.11,910.62
CN7,8G,4,1,3,783,963,1434,1795,1358,1520,1453.55,5955,8521.01,8306.02,8275.1,8473.19,913.49,919.27,912.52,919.31
CN7,8G,4,2,1,881,1037,2966,11338,1256,1460,1357.28,5578,4512.92,11178.49,11182.9,4488.22,454.84,1368.09,1368.87,455.13
CN7,8G,4,2,2,881,1037,3720,11207,1218,1442,1344.35,5527,11191.27,4543.3,4583.94,11242.01,1367.35,459.88,457.8,1368.15
CN7,8G,4,2,3,955,1237,9896,81265,630,1440,1251.68,4889,4527.97,10497.68,10630.45,4528.64,414.9,1233.71,1234.23,412.0
CN7,8G,4,4,1,906,1074,1532,2933,1220,1428,1356.73,5347,7713.58,7477.21,7789.99,7969.65,823.42,824.02,828.18,822.36
CN7,8G,4,4,2,889,1074,1516,2573,1220,1484,1377.18,5624,8567.56,8652.37,8717.01,8300.42,913.69,919.4,921.69,914.14
CN7,8G,4,4,3,906,1074,1532,2180,1211,1440,1352.93,5320,7734.33,7725.56,7873.23,7782.6,823.11,827.46,826.81,822.92
CN7,8G,4,8,1,906,1074,1745,2376,1216,1408,1354.80,5555,8389.17,8089.42,8906.73,8458.8,912.36,918.55,916.49,918.74
CN7,8G,4,8,2,938,1123,1647,2835,1194,1462,1337.57,5348,7664.07,7994.5,7824.28,7927.54,828.35,828.1,823.76,825.25
CN7,8G,4,8,3,865,1045,1680,2474,1246,1404,1363.26,5687,8691.44,8279.36,8596.45,8406.18,913.16,917.89,917.35,917.88
CN7,8G,4,16,1,906,1106,1680,2606,1232,1396,1349.08,5593,8574.69,8653.5,8730.69,8701.21,918.01,917.32,919.28,914.14
CN7,8G,4,16,2,906,1090,1745,3130,1194,1394,1345.50,5617,8971.71,8263.41,8676.72,8545.57,917.85,913.19,923.81,918.97
CN7,8G,4,16,3,898,1074,1680,2606,1196,1404,1346.75,5525,9059.63,8516.77,8990.08,8826.48,922.96,913.21,918.87,920.2
CN7,8G,8,1,1,4293,5211,6587,54789,546,1380,726.61,6041,10092.59,10044.14,10345.2,10187.24,1097.58,1098.03,1101.13,1101.45
CN7,8G,8,1,2,4359,5145,6063,6849,632,1350,728.85,6076,10341.69,10063.04,9514.76,10028.4,1103.24,1101.47,1097.91,1101.21
CN7,8G,8,1,3,4359,5211,6128,7111,646,1384,731.61,6089,10963.7,10558.22,10417.13,10741.39,1180.36,1174.14,1177.3,1180.17
CN7,8G,8,2,1,4555,5538,6980,10290,602,1292,725.01,6049,10292.15,10244.56,9995.15,9903.86,1102.75,1102.81,1101.27,1100.77
CN7,8G,8,2,2,4621,5604,6587,7504,614,1292,722.31,5961,10390.51,10242.39,9594.18,10297.42,1101.24,1099.88,1099.11,1102.22
CN7,8G,8,2,3,4621,5604,6652,7767,628,1288,723.06,5969,10221.21,10483.02,10330.01,10165.39,1102.42,1102.51,1104.0,1100.26
CN7,8G,8,4,1,4686,6194,7898,9110,620,1218,720.18,6000,10259.44,10664.06,10468.1,10386.75,1104.47,1103.89,1106.33,1106.33
CN7,8G,8,4,2,4817,6390,8225,12125,600,1226,719.01,5879,10508.8,10217.55,10036.47,10291.85,1105.73,1102.93,1103.44,1101.61
CN7,8G,8,4,3,4817,6325,7963,8979,616,1262,718.43,6001,10617.3,10487.38,10061.36,10296.14,1105.55,1104.35,1104.37,1103.51
CN7,8G,8,8,1,4948,6456,8160,9765,594,1226,712.65,5924,10960.4,10540.26,10390.27,10142.69,1107.91,1107.05,1108.4,1105.03
CN7,8G,8,8,2,4817,6456,8029,9896,608,1248,720.89,5958,11038.3,10117.91,10247.89,10132.0,1114.14,1104.51,1102.96,1105.04
CN7,8G,8,8,3,4883,6390,7963,9896,596,1234,714.14,5928,11030.86,10037.48,10914.79,10695.43,1112.6,1104.11,1111.12,1109.1
CN7,8G,8,16,1,4948,6456,8291,10028,608,1234,711.14,5856,11576.92,10527.24,11175.55,10947.66,1109.47,1105.14,1108.23,1107.6
CN7,8G,8,16,2,4883,6456,8455,12649,630,1210,716.35,5949,11621.53,10652.2,11020.85,10232.03,1112.52,1106.92,1109.02,1101.45
CN7,8G,8,16,3,4883,6587,8291,9372,610,1226,716.39,5934,11249.83,10717.03,10812.22,10622.39,1112.76,1108.6,1109.38,1107.22
CN7,8G,16,1,1,6783,7635,8586,9896,298,972,344.12,5744,12072.15,11790.78,11617.58,11826.9,1229.74,1227.29,1227.32,1228.06
CN7,8G,16,1,2,6783,7635,8717,9765,294,958,340.99,5668,12360.11,11574.44,11798.69,11653.05,1229.7,1225.06,1227.61,1226.16
CN7,8G,16,1,3,6783,7570,8586,11207,296,918,342.86,5674,11746.11,11959.96,11855.32,12000.12,1225.17,1227.95,1228.69,1228.4
CN7,8G,16,2,1,7504,8586,10028,11994,287,954,337.92,5642,11862.6,11743.31,11506.23,11527.97,1188.45,1186.58,1184.93,1186.6
CN7,8G,16,2,2,7504,8586,9896,11863,288,994,337.11,5636,11601.99,11633.71,11283.55,11970.9,1186.92,1186.41,1184.92,1188.67
CN7,8G,16,2,3,7504,8586,10028,11600,282,926,338.07,5640,11897.78,11407.6,11414.77,11624.72,1187.16,1183.51,1185.77,1186.57
CN7,8G,16,4,1,11731,13829,15926,19006,298,892,339.94,5692,12324.27,11895.74,12259.4,12177.95,1233.8,1231.35,1234.46,1232.87
CN7,8G,16,4,2,11600,13698,15533,17433,304,974,340.35,5686,12475.73,11981.76,12304.01,12176.19,1233.62,1235.53,1236.51,1236.67
CN7,8G,16,4,3,11207,13566,16319,29754,292,944,341.49,5714,12280.4,11600.69,11905.61,11654.74,1236.06,1229.53,1232.47,1229.87
CN7,8G,16,8,1,11731,13829,16057,18482,296,876,340.16,5696,12339.43,11835.28,12119.6,11791.15,1239.98,1235.6,1235.57,1236.07
CN7,8G,16,8,2,11469,13566,15795,35390,300,918,342.30,5736,12578.17,11663.5,12120.12,11364.37,1240.64,1234.79,1238.71,1233.57
CN7,8G,16,8,3,11731,13829,16909,49546,280,894,341.62,5719,12849.47,11665.09,11765.3,11879.44,1241.63,1235.48,1237.17,1235.5
CN7,8G,16,16,1,11338,13435,15664,18220,304,880,340.79,5715,12583.06,11921.79,11366.01,11524.03,1237.01,1233.4,1231.83,1230.65
CN7,8G,16,16,2,11338,13566,16057,18220,294,886,339.61,5677,12672.77,12032.53,11995.96,12240.14,1237.86,1235.13,1232.71,1235.3
CN7,8G,16,16,3,11338,13435,15664,18220,304,896,341.36,5714,12254.43,11587.69,11395.76,11745.84,1233.88,1232.29,1229.64,1231.73
CN7,8G,32,1,1,8717,9765,12780,21890,141,614,163.28,5410,12639.42,12434.85,12262.54,12113.1,1232.97,1234.85,1232.83,1231.65
CN7,8G,32,1,2,8717,9634,13304,21890,140,706,163.50,5408,12414.92,12165.96,12403.53,12275.53,1231.14,1232.6,1233.79,1232.16
CN7,8G,32,1,3,8717,9634,12387,20317,136,676,164.95,5469,12238.58,12173.5,11984.25,12196.41,1230.12,1233.21,1232.27,1231.88
CN7,8G,32,2,1,14746,16319,18220,21103,144,670,164.48,5510,12686.16,12614.17,12303.94,12609.69,1259.59,1259.16,1260.03,1257.63
CN7,8G,32,2,2,14615,16319,18482,22414,144,668,164.83,5524,12629.32,12299.44,12276.58,12407.34,1257.02,1255.77,1255.81,1257.29
CN7,8G,32,2,3,14746,16319,18482,22938,147,696,164.88,5516,12686.58,12617.52,12436.43,12564.99,1255.66,1258.09,1257.38,1258.27
CN7,8G,32,4,1,22676,25560,28705,30802,146,624,166.75,5588,13132.78,12897.76,12337.49,12248.39,1288.96,1285.34,1283.9,1281.36
CN7,8G,32,4,2,22414,25560,28967,31851,144,656,165.74,5555,12778.43,12601.88,12239.59,12475.27,1264.38,1262.63,1261.57,1260.99
CN7,8G,32,4,3,22938,26084,29230,31851,150,606,167.57,5618,12693.31,12279.75,11972.79,12066.35,1283.99,1282.91,1281.64,1279.76
CN7,8G,32,8,1,22152,25297,28443,31589,148,700,167.02,5585,12588.56,12030.77,11824.27,12186.36,1270.23,1265.37,1262.4,1264.97
CN7,8G,32,8,2,22938,25822,29230,31851,152,638,167.66,5621,12551.93,11947.91,12289.83,12284.05,1290.84,1286.19,1290.92,1287.23
CN7,8G,32,8,3,23200,26346,29492,32113,151,640,167.13,5597,12473.53,11972.93,12145.98,12213.15,1291.31,1285.12,1287.25,1286.78
CN7,8G,32,16,1,23200,26084,29492,31851,147,554,166.25,5570,12775.8,12085.57,12217.45,12550.48,1264.19,1258.04,1259.7,1260.71
CN7,8G,32,16,2,22676,25560,28705,30802,147,510,166.10,5569,12907.3,12106.54,12262.49,12299.38,1264.16,1257.82,1258.64,1258.55
CN7,8G,32,16,3,22938,25822,28967,32637,144,532,167.10,5600,13316.2,12228.09,12358.49,12613.62,1289.11,1281.26,1282.48,1283.24
CN7,16G,1,1,1,734,914,1860,3654,1346,1552,1469.73,1542,9.95,43.91,45.45,10109.16,1.01,1.06,1.06,1176.1
CN7,16G,1,1,2,676,873,1844,4359,1396,1520,1491.76,1565,9875.52,9.69,9.74,9.76,1174.29,1.01,1.01,1.01
CN7,16G,1,1,3,709,906,1926,6521,1352,1520,1491.86,1564,9.97,9729.69,9.74,9.76,1.01,1173.78,1.01,1.01
CN7,16G,1,2,1,685,824,1074,1647,1380,1522,1500.38,1574,9.97,9.72,5967.09,6109.76,1.01,1.01,592.92,591.58
CN7,16G,1,2,2,676,840,1074,1729,1348,1526,1500.10,1574,9.97,5964.15,5964.83,9.78,1.01,591.13,591.24,1.01
CN7,16G,1,2,3,725,930,1123,1745,1376,1604,1489.14,1563,5968.69,9.74,9.77,5974.64,592.95,1.01,1.01,589.12
CN7,16G,1,4,1,685,840,1106,1811,1354,1514,1492.57,1566,2949.78,2986.88,2969.91,2983.01,296.25,295.22,294.76,295.31
CN7,16G,1,4,2,725,881,1106,1762,1332,1564,1487.73,1560,2905.21,2932.82,2954.85,2942.59,293.93,293.49,294.94,292.6
CN7,16G,1,4,3,734,898,1106,1827,1258,1562,1472.91,1544,2977.72,2954.97,2925.43,2936.67,297.51,293.22,293.19,292.74
CN7,16G,1,8,1,685,832,1106,1762,1344,1524,1495.71,1569,2873.01,2963.19,2929.01,2978.03,292.47,292.87,291.56,293.23
CN7,16G,1,8,2,685,898,1123,1827,1342,1520,1490.43,1563,2947.66,2955.84,2937.45,2986.26,296.35,293.77,292.48,294.03
CN7,16G,1,8,3,734,889,1106,1745,1286,1568,1482.91,1555,2978.24,3024.92,2960.31,2922.76,296.21,296.84,292.72,291.95
CN7,16G,1,16,1,676,840,1172,1811,1268,1526,1504.38,1578,2985.11,2964.14,2969.46,2900.13,297.0,294.17,293.56,292.5
CN7,16G,1,16,2,693,930,1270,1827,1334,1532,1488.32,1561,2937.69,3021.01,2964.76,2945.21,295.57,297.23,293.37,293.22
CN7,16G,1,16,3,709,832,1188,1827,1347,1558,1504.71,1578,2927.41,3004.02,2942.48,3004.65,295.17,295.89,293.92,294.1
CN7,16G,2,1,1,742,824,1860,3785,1324,1478,1443.86,3028,10.06,9.81,9906.99,10421.73,1.02,1.02,1171.75,1177.02
CN7,16G,2,1,2,758,848,1713,3982,1334,1480,1423.11,2955,9491.66,9228.89,9.21,9.24,1100.97,1097.12,0.95,0.96
CN7,16G,2,1,3,766,865,1565,2245,1260,1462,1410.44,2933,22.88,9.38,9477.68,9811.04,1.2,0.95,1098.37,1099.17
CN7,16G,2,2,1,816,930,1401,2073,1294,1468,1380.00,2870,9736.48,5547.18,9.24,5563.0,1096.2,550.31,0.96,551.13
CN7,16G,2,2,2,799,914,2311,3949,1280,1442,1405.28,2931,5644.58,9335.2,5565.17,9.48,555.86,1097.66,553.0,0.96
CN7,16G,2,2,3,824,947,1631,2311,1274,1442,1374.28,2859,9.66,5615.96,9632.86,5511.21,0.96,553.98,1098.2,550.16
CN7,16G,2,4,1,799,930,1123,1713,1344,1488,1417.51,2948,5504.99,5580.97,5605.95,5548.16,549.75,550.43,551.47,548.98
CN7,16G,2,4,2,766,865,1057,1762,1264,1458,1429.45,2991,5586.48,5483.26,5613.57,5520.51,553.89,548.58,551.88,548.51
CN7,16G,2,4,3,799,922,1106,1582,1278,1466,1412.65,2943,5570.69,5541.8,5582.38,5596.26,552.11,549.06,551.31,549.54
CN7,16G,2,8,1,783,873,1074,1876,1278,1448,1409.26,2955,5543.04,5602.75,5608.33,5601.28,550.86,551.01,550.82,550.34
CN7,16G,2,8,2,791,889,1123,1696,1240,1442,1402.22,2929,5486.19,5581.77,5582.08,5618.16,549.69,551.0,549.58,549.69
CN7,16G,2,8,3,766,865,1057,1614,1298,1472,1438.45,3013,5494.34,5572.52,5678.23,5508.11,551.89,551.46,552.83,549.5
CN7,16G,2,16,1,783,889,1369,1745,1260,1446,1404.04,2936,5482.62,5667.27,5616.51,5638.39,554.9,550.76,550.13,552.12
CN7,16G,2,16,2,775,865,1237,1713,1371,1468,1426.60,2981,5490.1,5671.68,5671.86,5671.41,553.78,552.31,552.97,551.98
CN7,16G,2,16,3,775,873,1205,1811,1292,1462,1420.89,2973,5530.2,5657.69,5729.07,5695.66,552.39,553.44,552.85,551.3
CN7,16G,4,1,1,832,938,1958,2802,1218,1480,1390.37,5767,9707.33,9586.65,9855.23,9827.24,1101.31,1097.55,1101.26,1099.66
CN7,16G,4,1,2,807,914,1778,3294,1230,1508,1409.13,5706,10159.5,9429.54,9811.32,9575.34,1100.64,1097.76,1100.24,1098.21
CN7,16G,4,1,3,848,1074,1745,2704,1022,1504,1385.89,5661,10138.79,9595.04,10346.68,9836.3,1104.8,1097.11,1104.08,1099.94
CN7,16G,4,2,1,947,1156,2900,18482,1046,1470,1332.69,5466,5116.65,12516.06,12546.11,5161.18,516.02,1537.91,1538.62,515.07
CN7,16G,4,2,2,1037,1336,10683,62129,782,1452,1231.86,4926,12189.68,5368.33,5387.02,12052.48,1451.46,488.72,490.59,1450.29
CN7,16G,4,2,3,996,1156,4293,15926,994,1436,1280.63,5101,4947.83,11790.28,11834.8,4904.1,492.21,1448.51,1448.98,487.2
CN7,16G,4,4,1,1037,1287,1598,2114,767,1412,1290.41,5064,9332.73,9195.67,9313.01,9353.35,981.3,971.15,974.08,971.95
CN7,16G,4,4,2,1020,1287,1663,2278,1052,1434,1305.65,5306,9712.55,9883.11,9870.97,9941.34,1034.85,1033.23,1034.03,1035.16
CN7,16G,4,4,3,1057,1319,1631,2180,977,1426,1292.64,5095,9335.43,9273.08,9356.53,9087.11,977.39,975.71,975.21,971.7
CN7,16G,4,8,1,1037,1287,1745,2376,1014,1402,1300.12,5190,9902.05,9871.98,9872.72,9776.71,1034.32,1032.97,1037.1,1033.43
CN7,16G,4,8,2,1037,1319,1696,2573,984,1402,1296.35,5143,9238.25,9201.19,9541.17,9415.28,975.4,971.23,978.36,975.69
CN7,16G,4,8,3,1037,1303,1713,2409,870,1412,1296.13,5145,10014.04,9623.85,10025.78,9769.89,1041.14,1031.25,1035.2,1033.98
CN7,16G,4,16,1,1037,1287,1680,2540,1026,1390,1289.61,5329,10166.13,9707.19,10130.12,9796.54,1039.06,1034.3,1039.61,1033.69
CN7,16G,4,16,2,1057,1336,1795,2474,993,1390,1287.26,5141,10007.79,9957.91,10388.65,9958.76,1040.59,1035.83,1041.14,1037.76
CN7,16G,4,16,3,1057,1336,1729,2540,1064,1396,1285.20,5221,9931.94,9804.44,9996.36,9872.91,1038.87,1036.4,1037.96,1037.45
CN7,16G,8,1,1,4293,5145,6325,7832,636,1343,703.54,5858,11228.39,10851.42,10957.79,10550.78,1224.02,1222.14,1222.31,1219.27
CN7,16G,8,1,2,4293,5145,6259,8029,624,1336,702.35,5867,11389.05,10731.75,10734.01,11130.44,1224.19,1221.42,1222.06,1223.02
CN7,16G,8,1,3,4293,5211,6194,7832,624,1334,703.96,5887,10922.42,10724.38,10798.96,11228.8,1220.76,1222.34,1223.1,1224.0
CN7,16G,8,2,1,4490,5538,6718,8029,604,1290,695.55,5757,11413.98,10972.95,10985.93,11504.8,1225.84,1220.56,1225.2,1228.28
CN7,16G,8,2,2,4490,5538,6849,8979,596,1296,693.98,5759,11437.74,11092.33,10733.1,11236.5,1226.34,1222.17,1223.89,1223.96
CN7,16G,8,2,3,4490,5538,6783,8455,608,1280,696.04,5773,11180.29,10989.95,10799.69,10942.5,1225.79,1223.84,1222.36,1219.94
CN7,16G,8,4,1,4817,6325,8029,9372,596,1222,688.99,5753,11390.96,11247.91,11111.9,11278.34,1228.53,1224.31,1226.56,1228.21
CN7,16G,8,4,2,4752,6325,8160,10290,608,1242,697.14,5782,11326.61,11032.31,11085.73,11318.44,1226.75,1224.35,1224.36,1224.46
CN7,16G,8,4,3,4948,6521,8225,10028,576,1216,682.67,5648,11141.73,10987.65,10817.93,11237.82,1184.24,1182.27,1181.7,1184.08
CN7,16G,8,8,1,4883,6456,8094,9503,584,1260,687.81,5699,11405.91,11318.97,10889.41,11628.85,1230.9,1227.28,1224.88,1230.21
CN7,16G,8,8,2,4817,6390,8094,9634,600,1182,692.57,5754,11166.27,10940.74,11286.4,11334.99,1227.94,1224.75,1227.48,1228.44
CN7,16G,8,8,3,4883,6456,8356,10421,570,1248,685.34,5720,11408.53,11414.03,11458.25,11586.36,1232.18,1228.88,1228.91,1229.93
CN7,16G,8,16,1,4817,6456,8160,10552,600,1220,689.97,5766,11406.86,11197.73,11208.61,11651.58,1237.12,1229.83,1229.78,1232.74
CN7,16G,8,16,2,4948,6456,8291,10028,592,1198,685.91,5712,11444.37,11106.25,11009.39,11484.2,1236.61,1228.2,1229.5,1234.12
CN7,16G,8,16,3,4883,6390,8356,10159,602,1266,686.85,5739,11531.33,11156.65,11114.16,11386.24,1238.68,1229.09,1229.21,1230.48
CN7,16G,16,1,1,6718,7570,8717,10290,300,936,335.52,5589,11992.48,12067.97,11892.85,12223.85,1273.7,1273.75,1272.9,1275.52
CN7,16G,16,1,2,6718,7635,8717,10028,292,1020,336.29,5607,12026.4,11958.49,11760.58,12127.08,1274.49,1275.45,1271.35,1273.67
CN7,16G,16,1,3,6783,7635,8717,10028,296,910,334.50,5587,12071.76,12069.16,12028.82,12068.13,1274.84,1276.42,1273.56,1273.02
CN7,16G,16,2,1,7701,8455,30278,191890,108,652,254.76,4276,15804.84,1230.71,14975.67,12.73,1946.68,123.57,1837.33,0.38
CN7,16G,16,2,2,5538,7308,19792,22938,248,958,340.13,5461,6.06,12422.17,13633.59,13673.07,0.33,1519.65,1671.55,1672.27
CN7,16G,16,2,3,7504,8586,10028,11600,284,912,331.17,5550,12114.26,12011.2,12137.91,12235.23,1257.42,1256.0,1256.77,1253.84
CN7,16G,16,4,1,11600,13698,16057,19268,294,934,335.91,5630,12281.85,12278.52,12279.78,12532.92,1284.11,1278.3,1278.68,1279.93
CN7,16G,16,4,2,11600,13698,16057,18482,298,918,334.43,5602,12309.08,12241.55,12252.87,12608.8,1284.06,1278.94,1278.89,1280.34
CN7,16G,16,4,3,11863,13829,15926,17695,296,950,334.68,5609,12405.46,12161.98,12342.0,12535.56,1282.47,1278.39,1281.07,1280.49
CN7,16G,16,8,1,11469,13566,15664,18482,304,974,336.88,5639,12235.32,12445.97,12356.29,12538.74,1287.4,1283.73,1281.68,1281.87
CN7,16G,16,8,2,11469,13566,15926,18482,298,898,335.89,5630,12064.66,12243.18,12086.29,12348.14,1285.95,1282.1,1281.76,1283.29
CN7,16G,16,8,3,11469,13698,16188,18744,296,1037,334.88,5609,12383.29,11911.83,12102.62,12344.41,1286.44,1279.13,1280.77,1281.09
CN7,16G,16,16,1,11731,13960,16450,19006,296,834,333.02,5578,12184.34,12031.45,12221.28,12500.5,1272.19,1266.03,1267.52,1267.53
CN7,16G,16,16,2,11600,13698,16057,18482,296,832,334.38,5607,12243.81,12181.11,12168.2,12351.85,1294.67,1287.44,1287.01,1288.45
CN7,16G,16,16,3,11469,13566,15926,17695,298,852,336.51,5643,12337.2,12047.09,11933.46,12072.94,1294.64,1287.3,1286.34,1285.78
CN7,16G,32,1,1,8717,9634,11469,17433,138,602,162.46,5424,12455.16,12517.19,12513.35,12524.23,1267.31,1268.38,1268.43,1267.69
CN7,16G,32,1,2,8848,9765,11863,19006,140,582,161.11,5369,12445.47,12623.94,12527.03,12709.2,1256.55,1256.64,1255.85,1257.8
CN7,16G,32,1,3,8717,9634,11207,20841,139,704,162.59,5405,12556.43,12622.62,12466.46,12704.86,1268.71,1268.11,1267.99,1267.92
CN7,16G,32,2,1,14746,16319,18220,20317,146,732,163.45,5475,12909.64,12810.04,12852.15,12720.03,1286.74,1283.06,1286.02,1281.26
CN7,16G,32,2,2,14746,16319,18482,22414,146,628,163.51,5479,12896.26,12828.41,13037.43,12618.65,1285.84,1284.35,1286.01,1280.41
CN7,16G,32,2,3,14746,16319,18482,20579,144,654,163.55,5467,12669.97,12590.74,12925.7,12473.29,1285.74,1282.42,1283.78,1279.34
CN7,16G,32,4,1,23200,26084,29230,31851,148,564,165.62,5558,12895.37,12736.77,12919.85,12822.15,1314.73,1308.24,1310.86,1308.77
CN7,16G,32,4,2,23200,26084,29230,31327,148,654,165.48,5546,13017.46,13057.56,13152.04,12803.21,1316.77,1311.63,1313.62,1310.3
CN7,16G,32,4,3,23462,26346,29230,31589,149,678,165.17,5536,12861.01,12920.7,12843.16,12722.43,1314.51,1309.95,1310.76,1309.41
CN7,16G,32,8,1,23462,26346,29230,32113,146,542,165.96,5569,12674.7,12887.77,12747.68,12586.1,1319.45,1315.76,1313.67,1311.88
CN7,16G,32,8,2,22938,25822,29230,31589,144,722,165.61,5556,12932.26,12937.39,12984.9,12722.85,1322.2,1317.22,1317.22,1313.0
CN7,16G,32,8,3,22938,25822,29230,32375,144,586,165.04,5536,12764.65,12693.94,13064.3,12725.51,1321.58,1313.09,1316.13,1313.16
CN7,16G,32,16,1,23462,26346,29230,31589,148,464,164.68,5526,12803.55,12663.75,12869.13,12418.37,1321.58,1312.98,1312.83,1306.62
CN7,16G,32,16,2,23462,26346,29492,33162,146,538,165.17,5539,12883.01,12595.59,13037.76,12929.28,1329.58,1321.54,1323.72,1321.64
CN7,16G,32,16,3,23462,26608,29754,33424,144,634,164.36,5509,12700.36,12834.12,13040.31,12751.77,1318.06,1312.75,1312.13,1309.4
CN7,32G,1,1,1,676,783,1778,3490,1346,1510,1485.23,1558,11313.78,36.13,40.65,26.8,1318.4,1.2,1.08,1.04
CN7,32G,1,1,2,685,807,1860,5080,1334,1530,1496.93,1570,18.34,11118.2,20.65,19.44,1.17,1317.22,1.18,1.16
CN7,32G,1,1,3,709,906,1762,5080,1270,1558,1479.32,1551,9.93,9.88,11234.41,9.88,1.02,1.02,1317.16,1.01
CN7,32G,1,2,1,668,693,922,1123,1432,1536,1517.12,1591,6620.49,19.35,10.04,6724.76,662.78,1.16,1.03,662.51
CN7,32G,1,2,2,685,799,1057,1139,1330,1530,1496.77,1570,20.15,15.35,6700.96,6803.18,1.17,1.02,662.62,664.31
CN7,32G,1,2,3,676,725,1037,1139,1422,1560,1515.44,1589,6757.39,6741.19,10.06,9.92,664.44,663.29,1.03,1.01
CN7,32G,1,4,1,676,766,1037,1713,1360,1550,1515.30,1589,3343.21,3337.09,3385.42,3342.04,331.7,332.79,332.55,330.95
CN7,32G,1,4,2,676,775,1090,1614,1416,1542,1514.74,1587,3366.06,3315.14,3360.95,3334.36,332.45,330.5,331.09,330.58
CN7,32G,1,4,3,701,840,1090,1631,1348,1566,1502.65,1576,3339.51,3330.51,3364.51,3350.85,331.96,330.67,332.61,331.13
CN7,32G,1,8,1,709,906,1106,1762,1246,1576,1494.14,1568,3351.92,3393.0,3389.0,3316.78,332.31,330.94,332.55,330.39
CN7,32G,1,8,2,701,775,1090,1745,1352,1570,1507.56,1581,3303.36,3320.65,3354.69,3336.75,331.9,329.5,331.47,331.2
CN7,32G,1,8,3,717,783,1090,1713,1356,1574,1489.23,1562,3318.45,3376.05,3359.66,3388.8,331.32,331.27,331.49,332.34
CN7,32G,1,16,1,676,775,1139,1680,1230,1530,1506.84,1580,3335.18,3368.5,3431.63,3360.61,331.63,331.16,335.02,330.33
CN7,32G,1,16,2,709,832,1106,1614,1250,1572,1497.40,1570,3317.11,3399.59,3395.76,3371.18,332.07,330.99,332.79,330.09
CN7,32G,1,16,3,717,791,1057,1778,1298,1536,1476.70,1549,3359.04,3348.84,3429.93,3406.35,333.32,331.12,334.41,331.28
CN7,32G,2,1,1,775,848,1483,1991,1280,1490,1410.67,2945,11213.67,9.45,9.61,10880.92,1225.44,0.95,0.96,1222.37
CN7,32G,2,1,2,783,848,1663,3064,1288,1472,1390.15,2897,9.67,11301.08,10352.2,9.4,0.96,1224.99,1219.14,0.95
CN7,32G,2,1,3,791,857,1434,1909,1256,1472,1391.08,2895,11314.15,18.3,9.64,10870.84,1226.67,1.09,0.97,1224.01
CN7,32G,2,2,1,963,1106,1336,1860,996,1474,1339.47,2812,5923.49,11069.43,6021.79,17.09,592.72,1182.62,594.8,1.05
CN7,32G,2,2,2,971,1123,1614,2999,978,1442,1334.34,2783,9.37,5940.24,10683.97,5973.73,0.93,589.74,1181.14,591.9
CN7,32G,2,2,3,971,1123,1401,2278,960,1432,1335.53,2796,5895.05,9.19,5964.69,10955.0,593.35,0.92,592.28,1181.19
CN7,32G,2,4,1,1156,1450,1663,1827,806,1468,1309.94,2731,5934.49,6067.94,6037.25,6082.78,592.28,591.87,593.09,592.05
CN7,32G,2,4,2,1106,1369,1549,1729,812,1464,1327.90,2767,5946.65,5964.6,6052.3,6020.79,593.38,590.7,594.33,593.42
CN7,32G,2,4,3,1123,1418,1598,1811,834,1488,1314.49,2710,5662.92,5848.94,5902.37,5846.33,571.3,571.99,574.86,572.26
CN7,32G,2,8,1,1123,1385,1549,1663,846,1472,1325.43,2770,5937.47,6129.95,6140.08,6135.76,593.28,592.95,596.6,594.07
CN7,32G,2,8,2,1090,1401,1582,1696,822,1446,1319.00,2736,5917.02,6053.54,6109.78,6108.56,591.85,592.5,592.87,592.59
CN7,32G,2,8,3,1090,1434,1631,1795,756,1552,1319.14,2703,5738.38,5902.82,5921.63,5831.97,571.22,570.95,573.64,572.24
CN7,32G,2,16,1,1139,1401,1582,1713,836,1434,1304.69,2725,6005.27,6146.51,6206.95,6284.34,594.96,594.46,595.21,597.15
CN7,32G,2,16,2,1123,1418,1598,1729,836,1432,1301.32,2705,5805.69,5952.64,6009.11,6076.11,572.95,573.44,575.08,574.64
CN7,32G,2,16,3,1156,1418,1598,1745,806,1450,1312.73,2733,5944.41,6209.86,6233.34,6231.52,592.84,594.71,594.94,594.64
CN7,32G,4,1,1,914,1123,2024,3752,938,1490,1363.57,5565,10988.6,10725.66,10643.5,10340.54,1178.64,1180.8,1178.82,1178.56
CN7,32G,4,1,2,832,914,1729,3982,1160,1510,1351.53,5441,10633.67,11335.23,10189.43,10607.57,1182.52,1183.54,1177.93,1179.95
CN7,32G,4,1,3,857,1057,2073,3294,1004,1510,1392.36,5731,11161.43,10817.42,11020.51,10975.28,1224.2,1222.97,1227.39,1224.57
CN7,32G,4,2,1,971,1123,7111,16712,1090,1432,1271.28,5030,5307.43,5464.13,12954.79,12959.11,537.19,537.79,1589.14,1588.89
CN7,32G,4,2,2,971,1139,5932,16909,926,1434,1273.76,5025,12960.93,12944.76,5544.64,5399.73,1589.06,1588.72,539.72,535.02
CN7,32G,4,2,3,971,1106,8160,16188,1036,1434,1246.40,4990,5298.8,5374.44,12955.36,12953.52,534.65,535.61,1589.27,1589.0
CN7,32G,4,4,1,1106,1336,1614,2073,1000,1416,1258.78,5133,10590.51,11038.34,10957.91,10737.47,1105.16,1108.33,1109.23,1105.66
CN7,32G,4,4,2,1074,1303,1614,2409,1004,1458,1265.83,5139,10575.34,10687.54,10842.11,10850.2,1106.75,1106.6,1108.18,1105.81
CN7,32G,4,4,3,1106,1319,1598,2008,986,1428,1259.33,5171,10535.11,10873.8,10846.37,11037.07,1103.63,1105.92,1106.16,1106.32
CN7,32G,4,8,1,1090,1319,1631,2114,1016,1410,1266.28,5183,10686.77,10928.16,11056.07,11003.67,1109.01,1106.62,1109.27,1108.98
CN7,32G,4,8,2,1090,1319,1582,1991,1036,1396,1249.81,5198,10730.5,10886.89,11167.3,11004.8,1108.34,1108.02,1111.08,1107.5
CN7,32G,4,8,3,1057,1287,1582,2073,1030,1392,1270.63,5271,10910.0,11268.16,11509.07,11317.75,1146.84,1146.44,1148.33,1145.76
CN7,32G,4,16,1,1090,1319,1631,2671,1032,1408,1253.57,5210,10943.49,11164.96,11482.76,11403.73,1113.62,1111.08,1114.12,1113.88
CN7,32G,4,16,2,1090,1319,1680,2409,1010,1458,1267.70,5111,10848.12,11126.05,11423.26,11145.82,1114.44,1111.52,1112.51,1109.82
CN7,32G,4,16,3,1090,1303,1696,2376,974,1410,1247.50,5191,10901.79,10924.52,11432.99,11375.39,1115.85,1109.23,1114.22,1111.84
CN7,32G,8,1,1,4228,5080,6063,7570,630,1390,690.01,5746,11838.93,11875.01,12192.35,12027.35,1295.49,1298.39,1298.95,1297.81
CN7,32G,8,1,2,4293,5145,6259,8094,630,1362,690.08,5769,11803.42,11410.2,12092.36,11676.42,1296.07,1293.34,1296.29,1295.82
CN7,32G,8,1,3,4293,5145,6259,8586,632,1354,689.93,5733,12008.99,11786.07,11765.73,11863.56,1295.7,1297.22,1296.72,1296.47
CN7,32G,8,2,1,4424,5473,6849,8979,588,1274,683.99,5706,12134.46,11628.4,11905.37,11598.21,1297.79,1296.79,1297.87,1295.53
CN7,32G,8,2,2,4490,5538,6783,8586,588,1300,684.05,5684,11893.54,11693.88,11492.36,11486.08,1273.93,1271.52,1273.54,1272.17
CN7,32G,8,2,3,4490,5538,6718,8455,606,1278,679.63,5650,11947.5,11652.36,12128.26,11720.1,1274.25,1274.01,1278.72,1274.75
CN7,32G,8,4,1,4817,6325,8160,9896,610,1248,680.83,5690,11993.13,11903.17,11922.56,11605.59,1278.4,1276.21,1276.52,1273.56
CN7,32G,8,4,2,4817,6390,8094,10028,596,1228,677.47,5665,11910.24,11848.91,11951.42,11968.28,1277.36,1275.21,1277.81,1275.78
CN7,32G,8,4,3,4817,6325,8029,10028,594,1262,679.77,5621,11979.24,11897.92,12026.51,12066.6,1277.23,1274.05,1276.84,1275.63
CN7,32G,8,8,1,4883,6390,8225,10683,596,1216,678.62,5613,11771.91,12028.29,12166.76,11802.19,1278.16,1275.45,1279.79,1276.79
CN7,32G,8,8,2,4817,6390,8356,10683,604,1248,682.29,5668,11947.5,11688.63,12172.83,11902.36,1279.51,1274.74,1280.63,1275.16
CN7,32G,8,8,3,4817,6325,8094,9896,592,1244,680.53,5670,11995.88,12049.37,12006.83,11951.89,1279.75,1279.6,1278.17,1274.13
CN7,32G,8,16,1,4817,6456,8455,11076,598,1270,681.74,5643,11785.22,11976.73,12222.13,11884.37,1282.14,1279.23,1282.33,1278.48
CN7,32G,8,16,2,4817,6325,8291,10814,602,1278,681.43,5667,11964.62,11965.05,12310.2,12085.1,1282.59,1278.88,1281.68,1280.29
CN7,32G,8,16,3,4883,6390,8225,10421,598,1240,678.33,5637,12048.09,11866.22,12164.08,12121.99,1287.11,1278.23,1283.34,1281.25
CN7,32G,16,1,1,6652,7570,8848,10814,298,992,334.09,5563,12424.23,11902.69,12350.69,12213.76,1299.85,1297.88,1300.31,1299.9
CN7,32G,16,1,2,634,768,340,107.21,1721,,,,7.43,13337.95,3.22,6.4,0.23,1613.96,0.2,0.2
CN7,32G,16,1,3,6652,7570,8717,10290,288,666,333.32,5565,12497.11,12109.85,12252.67,12351.33,1300.52,1301.11,1298.3,1299.11
CN7,32G,16,2,1,7373,8455,9896,11469,288,1030,331.99,5548,12465.82,12684.87,12471.02,12572.95,1301.85,1305.25,1300.11,1301.76
CN7,32G,16,2,2,7635,8586,325059,429917,546,223.52,3746,,7857.75,14481.74,5770.2,4587.31,773.06,1746.78,553.14,443.01
CN7,32G,16,2,3,7373,8586,10028,11600,290,896,329.98,5529,12547.83,12659.01,12634.42,12573.45,1290.04,1293.46,1289.91,1289.4
CN7,32G,16,4,1,11469,13566,15926,19006,296,952,331.87,5564,12630.95,12834.63,12986.82,12748.88,1306.76,1309.12,1306.72,1304.44
CN7,32G,16,4,2,11994,13960,16188,18220,296,890,332.41,5567,12549.83,13242.33,13014.72,12739.44,1309.69,1308.86,1308.66,1304.0
CN7,32G,16,4,3,11338,13435,15664,18220,294,974,332.23,5565,12635.24,12851.73,13164.98,12803.76,1308.18,1306.69,1308.01,1305.45
CN7,32G,16,8,1,11600,13698,15795,17695,298,934,332.96,5573,12626.11,12847.12,13062.42,12783.0,1313.3,1310.91,1311.9,1308.76
CN7,32G,16,8,2,11600,13698,15926,18482,296,1026,332.90,5577,12687.22,12471.98,13082.79,12689.38,1315.24,1307.18,1312.78,1309.19
CN7,32G,16,8,3,11600,13566,15795,17957,296,940,333.36,5586,12854.47,12760.48,13266.55,12950.54,1326.77,1323.04,1326.93,1321.82
CN7,32G,16,16,1,11469,13566,16057,18220,292,928,332.11,5565,12664.38,12606.66,13017.28,12656.16,1319.51,1313.5,1316.51,1312.35
CN7,32G,16,16,2,11731,13829,16188,19268,282,848,331.18,5545,12685.3,12769.42,13228.74,12760.65,1319.82,1313.15,1317.68,1313.57
CN7,32G,16,16,3,11600,13698,15926,18744,296,918,331.24,5554,12653.54,12825.31,13308.36,12950.04,1320.42,1314.61,1318.93,1314.65
CN7,32G,32,1,1,9241,17171,312476,557843,1508,156.70,5054,,12830.79,2001.05,12908.5,12894.47,1521.73,197.44,1521.84,1521.1
CN7,32G,32,1,2,20055,166724,641729,708838,1510,68.99,2175,,1878.28,13472.47,1848.42,3.9,209.36,1625.29,209.62,0.25
CN7,32G,32,1,3,8717,9765,38011,67634,558,160.66,5354,,12806.35,12357.4,12378.93,12853.46,1280.07,1278.96,1277.21,1278.48
CN7,32G,32,2,1,10945,32375,274727,413139,896,152.62,5084,,12897.8,12819.66,12878.46,1016.02,1556.57,1553.38,1556.38,100.93
CN7,32G,32,2,2,17695,42206,375391,446694,1434,124.59,3995,,7354.65,6780.4,6599.28,13798.44,728.51,673.13,713.07,1656.96
CN7,32G,32,2,3,14615,16319,43779,68682,480,163.01,5459,,12999.67,12686.31,12679.66,13182.03,1309.0,1306.76,1307.05,1306.82
CN7,32G,32,4,1,23200,26346,35390,80217,302,164.76,5528,,13051.07,12532.62,12805.63,12991.89,1328.45,1324.18,1327.11,1323.18
CN7,32G,32,4,2,23462,26346,36963,87557,312,163.84,5492,,12880.73,12506.39,12670.74,12828.18,1314.75,1312.11,1312.29,1309.3
CN7,32G,32,4,3,23200,26084,33817,100140,318,165.11,5533,,12923.5,12466.86,12623.44,12881.84,1326.97,1323.55,1325.07,1321.7
CN7,32G,32,8,1,23462,26608,54264,103285,368,163.52,5487,,13048.36,12588.41,12655.77,13050.74,1322.21,1317.76,1320.18,1316.14
CN7,32G,32,8,2,23200,26346,45876,87557,308,163.48,5481,,12903.44,12577.73,12743.55,13001.7,1321.06,1318.14,1319.18,1315.25
CN7,32G,32,8,3,23462,26608,43254,90702,324,163.50,5486,,13014.95,12663.25,12810.16,13233.48,1322.75,1319.1,1319.18,1317.01
CN7,32G,32,16,1,23200,26608,62129,100140,358,163.08,5472,,12951.62,12600.03,12692.82,12971.36,1327.54,1323.32,1324.07,1320.06
CN7,32G,32,16,2,23462,26870,68682,101188,408,162.61,5453,,12929.11,12596.95,12702.99,13167.73,1321.4,1318.35,1319.44,1315.5
CN7,32G,32,16,3,23200,26608,58459,84411,480,163.41,5476,,12721.18,12342.28,12554.68,12979.43,1324.59,1321.11,1322.51,1320.42
