
START----------
1.2272 1.2222
1.0611 1.2395
1.0908 1.1762
1.0913 1.1247
1.0583 1.1406
1.0386 1.1189
1.0255 1.0738
1.0242 1.0781
1.0297 1.0893
END----------
1.0293 1.0532
1.0294 1.0923
START----------
1.0140 1.0881
1.0259 1.0602
1.0316 1.0476
-1 1.1930
-1 1.1967
1.0288 1.1258
1.0571 1.1755
1.0796 1.1480
1.0311 1.0889
1.0316 1.0733
END----------
1.0200 1.0606
1.0185 1.0761
1.0221 1.0354
1.0104 1.0182
START----------
1.0152 1.0727
1.0192 1.1016
1.0226 1.0623
1.0397 1.0860
1.0137 1.0713
1.0247 1.0504
1.0143 1.0569
1.0207 1.0638
1.0188 1.0608
1.0229 1.0588
END----------
1.0056 1.0601
START----------
1.0218 1.0665
1.0137 1.0415
1.0200 1.0541
1.0124 1.0682
1.0177 1.0404
1.0077 1.0248
1.0076 1.0164
1.0050 1.0637
1.0098 1.0508
1.0194 1.0874
END----------
1.0120 1.0561
1.0267 1.0637
START----------
1.0157 1.0494
1.0144 1.0478
1.0246 1.0713
1.0328 1.0566
1.0134 1.0541
1.0190 1.0452
1.0209 1.0454
1.0136 1.0664
1.0129 1.0535
1.0353 1.0314
END----------
1.0150 1.0502
START----------
1.0185 1.0381
1.0153 1.0506
1.0209 1.0541
1.0166 1.0659
1.0066 1.0393
1.0088 1.0404
1.0107 1.0342
1.0057 1.0445
1.0140 1.0489
1.0093 1.0393
END----------
1.0066 1.0246
