0810-0910
CN8,4G 1M 1M ,1,1,1,1074,1254,2606,5211,1268,1474,1401.20,1489,325.88,344.47,6120.09,331.16,19.49,19.6,699.12,19.47
CN8,4G 1M 1M ,1,1,2,848,1090,1450,2311,1252,1488,1424.80,1499,180.34,183.1,183.14,6115.78,18.54,18.68,18.66,704.47
CN8,4G 1M 1M ,1,1,3,865,1037,1369,2507,1312,1480,1407.60,1492,6270.96,183.06,183.1,181.66,706.94,18.67,18.66,18.55
CN8,4G 1M 1M ,1,2,1,840,1029,1156,1876,1400,1508,1440.00,1514,180.35,3395.35,3404.73,181.63,18.55,362.58,364.06,18.54
CN8,4G 1M 1M ,1,2,2,848,1045,1139,1942,1301,1510,1430.20,1509,3357.14,183.03,183.07,3341.42,362.78,18.67,18.66,361.12
CN8,4G 1M 1M ,1,2,3,840,1037,1221,2114,1332,1476,1429.00,1505,180.32,182.99,3370.86,3326.76,18.54,18.66,362.22,360.79
CN8,4G 1M 1M ,1,4,1,857,1074,1221,2245,1318,1504,1424.00,1506,1654.44,1700.78,1688.37,1659.27,179.54,181.69,179.86,179.64
CN8,4G 1M 1M ,1,4,2,701,906,1123,1909,1402,1516,1482.40,1560,1637.76,1661.26,1723.86,1663.92,180.57,179.78,182.29,179.85
CN8,4G 1M 1M ,1,4,3,816,1029,1221,1893,1332,1538,1449.80,1522,1648.25,1676.08,1737.51,1661.57,180.47,180.69,182.11,180.16
CN8,4G 1M 1M ,1,8,1,807,1012,1663,1827,1342,1514,1446.40,1524,1735.23,1771.9,1818.49,1781.55,189.03,188.65,190.48,188.87
CN8,4G 1M 1M ,1,8,2,873,1074,1729,2114,1328,1488,1421.40,1500,1723.38,1788.88,1780.81,1746.87,188.52,190.05,188.74,188.14
CN8,4G 1M 1M ,1,8,3,807,1012,1631,2376,1379,1496,1444.60,1521,1750.87,1790.53,1814.63,1741.36,189.81,189.2,191.27,187.95
CN8,4G 1M 1M ,1,16,1,824,1045,1631,1811,1376,1474,1420.00,1495,1721.69,1806.69,1818.28,1782.01,187.76,188.99,191.22,189.23
CN8,4G 1M 1M ,1,16,2,816,1029,1614,2180,1370,1488,1430.80,1511,1726.84,1760.5,1806.1,1737.99,188.23,188.79,190.28,187.72
CN8,4G 1M 1M ,1,16,3,857,1074,1762,1893,1302,1495,1420.20,1498,1749.15,1783.15,1777.58,1735.14,189.77,190.28,189.07,187.92
CN8,4G 1M 1M ,2,1,1,799,1020,1729,2245,1286,1472,1417.60,2960,198.62,6067.73,5994.51,201.28,18.57,702.78,697.41,18.57
CN8,4G 1M 1M ,2,1,2,824,1057,1401,1893,1340,1454,1419.60,2946,6130.93,182.85,182.95,6251.25,700.03,18.65,18.65,706.27
CN8,4G 1M 1M ,2,1,3,791,1045,1418,1942,1294,1464,1412.80,2941,180.14,6116.31,6028.57,181.47,18.53,703.39,694.51,18.53
CN8,4G 1M 1M ,2,2,1,816,996,1139,2245,1282,1438,1402.00,2924,3332.43,3370.02,3340.45,3299.92,361.06,363.25,360.46,359.77
CN8,4G 1M 1M ,2,2,2,807,979,1172,1942,1308,1452,1404.80,2949,3319.28,3315.69,3367.29,3314.76,360.78,360.73,362.68,358.96
CN8,4G 1M 1M ,2,2,3,799,988,1172,1795,1274,1468,1405.80,2926,3311.95,3351.53,3336.46,3349.94,359.81,361.21,360.57,362.17
CN8,4G 1M 1M ,2,4,1,824,996,1303,2212,1264,1404,1378.60,2890,3302.79,3395.87,3314.3,3318.61,358.82,362.82,358.65,358.48
CN8,4G 1M 1M ,2,4,2,816,988,1254,2114,1342,1428,1400.80,2930,3306.79,3374.55,3309.14,3338.95,359.23,360.0,359.27,361.26
CN8,4G 1M 1M ,2,4,3,816,988,1319,2212,1358,1422,1391.20,2914,3329.8,3349.89,3319.48,3324.62,360.32,359.13,357.91,358.1
CN8,4G 1M 1M ,2,8,1,848,1057,1663,2311,1244,1430,1367.55,2854,3320.86,3334.31,3344.87,3370.52,359.47,357.77,359.67,358.87
CN8,4G 1M 1M ,2,8,2,848,1057,1647,1876,1252,1422,1374.73,2859,3296.48,3350.73,3313.83,3367.13,359.17,359.91,360.14,360.21
CN8,4G 1M 1M ,2,8,3,799,979,1614,2606,1340,1568,1464.80,3049,3274.82,3360.57,3303.83,3394.97,358.6,359.99,359.54,361.76
CN8,4G 1M 1M ,2,16,1,857,1106,1713,3064,1254,1408,1368.00,2844,3293.33,3361.41,3286.5,3401.65,359.19,361.08,359.47,362.29
CN8,4G 1M 1M ,2,16,2,881,1123,1663,1909,1235,1388,1349.25,2815,3291.16,3334.42,3298.17,3394.49,359.56,358.41,357.96,361.18
CN8,4G 1M 1M ,2,16,3,824,1045,1795,2343,1348,1446,1389.00,2895,3261.5,3383.76,3320.68,3328.33,357.58,360.99,358.66,358.94
CN8,4G 1M 1M ,4,1,1,791,988,1172,1631,1296,1514,1467.70,6017,6437.84,6503.1,6541.35,6505.84,707.17,704.54,705.98,709.28
CN8,4G 1M 1M ,4,1,2,840,1012,1221,1647,1314,1488,1405.65,5709,6377.56,6491.64,6516.74,6522.72,699.78,702.63,708.35,707.57
CN8,4G 1M 1M ,4,1,3,807,979,1205,1582,1364,1502,1435.10,5947,6447.1,6587.19,6572.78,6410.93,706.13,705.12,708.81,700.59
CN8,4G 1M 1M ,4,2,1,930,1139,1500,1844,1222,1492,1375.81,5468,6373.32,6562.24,6499.0,6436.82,699.85,708.49,703.95,700.27
CN8,4G 1M 1M ,4,2,2,930,1139,1467,1762,1234,1442,1354.17,5549,6340.53,6468.63,6470.38,6366.7,696.05,698.07,705.43,701.43
CN8,4G 1M 1M ,4,2,3,922,1156,1483,1844,1240,1484,1391.43,5560,6387.91,6551.84,6472.93,6441.41,700.16,702.37,698.45,704.42
CN8,4G 1M 1M ,4,4,1,996,1221,1565,2114,1172,1354,1296.00,5259,6444.3,6578.89,6589.81,6514.63,703.84,706.21,709.48,704.97
CN8,4G 1M 1M ,4,4,2,988,1188,1598,2933,1190,1366,1296.17,5200,6406.34,6579.61,6549.19,6493.01,700.5,708.49,709.24,702.13
CN8,4G 1M 1M ,4,4,3,922,1106,1532,3425,1198,1442,1368.29,5466,6438.72,6513.99,6512.41,6499.89,703.79,710.93,704.77,707.01
CN8,4G 1M 1M ,4,8,1,1029,1287,1942,3687,1178,1346,1282.83,5268,6479.61,6620.87,6555.79,6443.77,702.58,713.34,705.52,704.66
CN8,4G 1M 1M ,4,8,2,979,1205,1795,2474,1196,1382,1329.75,5241,6492.99,6568.25,6528.67,6500.49,705.37,708.18,705.86,707.05
CN8,4G 1M 1M ,4,8,3,1004,1270,2147,4817,1172,1386,1304.17,5386,6476.2,6505.47,6623.22,6489.37,708.18,706.21,710.92,710.36
CN8,4G 1M 1M ,4,16,1,1037,1369,2008,3752,1146,1348,1293.92,5337,6414.25,6677.52,6657.94,6526.25,698.42,710.67,710.37,699.47
CN8,4G 1M 1M ,4,16,2,988,1319,2638,4228,1162,1404,1318.04,5284,6583.63,6552.23,6562.32,6544.63,708.38,702.9,704.94,703.43
CN8,4G 1M 1M ,4,16,3,1020,1352,2573,3720,1132,1340,1284.17,5317,6579.35,6555.95,6577.2,6621.18,710.18,709.04,699.92,708.04
CN8,4G 1M 1M ,8,1,1,4555,7767,10552,13042,548,1332,695.05,5737,8547.04,8580.11,8727.28,8716.82,928.8,932.24,936.1,932.52
CN8,4G 1M 1M ,8,1,2,4817,8356,11469,12911,526,1350,658.90,5505,8632.13,8552.19,8564.48,8610.02,931.32,931.36,929.1,929.91
CN8,4G 1M 1M ,8,1,3,5080,8717,10814,15139,520,1374,647.52,5371,8637.1,8657.17,8656.12,8708.32,929.52,933.84,932.73,933.13
CN8,4G 1M 1M ,8,2,1,4555,7701,10945,13304,520,1322,691.53,5709,8618.3,8479.58,8488.2,8720.63,932.18,929.11,928.22,937.73
CN8,4G 1M 1M ,8,2,2,4817,7898,10028,11338,528,1308,675.79,5595,8580.05,8650.56,8632.17,8664.61,931.63,933.85,933.1,928.86
CN8,4G 1M 1M ,8,2,3,4883,8586,11076,15139,498,1328,662.60,5483,8620.02,8675.31,8863.03,8621.58,935.19,938.85,934.18,932.68
CN8,4G 1M 1M ,8,4,1,5866,9896,13829,15401,497,1280,620.95,5182,7683.1,7742.56,7777.61,7642.7,841.37,841.98,835.58,838.26
CN8,4G 1M 1M ,8,4,2,5735,9503,13304,16909,500,1252,640.96,5299,8537.86,8586.48,8789.88,8527.86,935.76,932.05,934.37,936.81
CN8,4G 1M 1M ,8,4,3,5669,9372,12911,15533,486,1272,627.18,5192,7733.05,7793.91,7930.47,7686.15,838.42,836.8,845.51,837.58
CN8,4G 1M 1M ,8,8,1,5735,10421,15008,16909,482,1242,631.98,5203,7746.43,7632.18,7755.84,7742.43,842.86,837.66,836.09,841.54
CN8,4G 1M 1M ,8,8,2,5604,9110,13042,17433,514,1258,660.03,5487,8727.78,8545.51,8589.02,8622.34,935.77,938.01,933.46,931.6
CN8,4G 1M 1M ,8,8,3,5604,8979,12256,14746,508,1236,641.62,5335,8713.93,8667.71,8699.96,8691.2,936.75,929.58,927.89,933.7
CN8,4G 1M 1M ,8,16,1,5866,9503,12780,14746,494,1221,628.00,5212,8003.26,8101.09,7851.2,7996.51,841.47,840.23,836.55,843.15
CN8,4G 1M 1M ,8,16,2,6325,10159,13960,19530,476,1204,600.88,4981,8045.29,8133.14,7910.69,8157.01,840.98,839.57,841.23,850.67
CN8,4G 1M 1M ,8,16,3,6325,9896,13042,15795,490,1202,605.38,5023,7969.37,8156.74,8000.82,7952.97,838.59,845.77,840.99,837.12
CN8,4G 1M 1M ,16,1,1,8979,11863,14746,16581,238,862,299.23,4992,9136.53,9147.73,9250.38,9049.32,982.67,986.1,981.67,981.63
CN8,4G 1M 1M ,16,1,2,8717,11600,14615,17433,252,852,304.45,5087,9599.71,9670.94,9548.93,9675.77,1041.13,1043.71,1043.75,1052.61
CN8,4G 1M 1M ,16,1,3,8979,11863,15401,18482,256,852,300.83,5002,9079.19,9063.64,9194.42,9135.01,981.28,981.18,978.62,986.68
CN8,4G 1M 1M ,16,2,1,8979,11600,14615,16909,240,872,299.51,5005,9125.08,9169.46,9376.38,9122.08,986.48,985.27,984.36,989.0
CN8,4G 1M 1M ,16,2,2,8979,11338,14353,16450,243,850,306.75,5102,9732.87,9680.79,9808.92,9756.48,1046.16,1045.15,1044.42,1049.97
CN8,4G 1M 1M ,16,2,3,9503,12256,15533,18220,241,834,291.92,4875,9146.31,9168.89,9254.8,9265.64,986.95,985.5,986.47,989.67
CN8,4G 1M 1M ,16,4,1,13698,18482,22938,25297,246,888,289.70,4847,9234.33,9303.36,9326.41,9259.75,990.72,991.61,987.72,992.68
CN8,4G 1M 1M ,16,4,2,13042,17433,22414,25297,238,842,287.89,4820,9197.73,9186.82,9238.92,9160.91,986.9,988.44,988.86,990.23
CN8,4G 1M 1M ,16,4,3,12256,16319,20579,24249,254,874,298.32,4990,9194.43,9020.64,9387.5,9318.02,991.28,987.55,988.96,990.62
CN8,4G 1M 1M ,16,8,1,13042,16909,20841,23462,239,832,287.06,4806,9412.36,9379.5,9376.55,9371.83,987.95,989.68,989.37,986.17
CN8,4G 1M 1M ,16,8,2,13042,17171,20579,22676,250,858,293.78,4904,9452.89,9447.5,9595.77,9314.49,987.98,988.82,989.7,988.72
CN8,4G 1M 1M ,16,8,3,13566,17957,22676,28181,244,852,284.71,4760,9370.72,9490.9,9385.52,9975.65,990.53,990.15,990.44,994.99
CN8,4G 1M 1M ,16,16,1,13435,17695,22152,25297,234,846,279.57,4682,9090.25,8974.06,9260.05,9171.15,935.17,932.68,938.75,940.13
CN8,4G 1M 1M ,16,16,2,14091,18482,23200,28181,234,822,272.98,4575,9799.67,9021.98,9114.51,9280.84,939.07,933.65,933.18,932.55
CN8,4G 1M 1M ,16,16,3,13829,18220,22938,25822,228,802,270.07,4523,9899.15,9218.39,9206.39,9212.81,938.01,942.27,933.26,934.22
CN8,8G 1M 1M ,1,1,1,807,1057,1631,2737,1378,1492,1437.82,1510,124.96,126.74,8143.51,125.83,12.88,12.96,928.13,12.88
CN8,8G 1M 1M ,1,1,2,750,1029,1434,1893,1330,1494,1457.09,1528,124.93,126.71,126.93,8148.47,12.87,12.96,12.97,931.37
CN8,8G 1M 1M ,1,1,3,783,1020,1762,3523,1366,1548,1454.09,1526,7877.78,126.67,126.89,125.89,927.52,12.96,12.96,12.89
CN8,8G 1M 1M ,1,2,1,791,1012,1139,2147,1274,1494,1451.64,1523,124.98,126.64,4440.53,4425.96,12.88,12.95,471.62,473.06
CN8,8G 1M 1M ,1,2,2,824,1029,1156,1811,1226,1514,1455.18,1527,4544.5,4279.72,126.89,125.88,473.42,464.89,12.96,12.88
CN8,8G 1M 1M ,1,2,3,791,1004,1123,1909,1376,1486,1443.36,1514,4479.62,126.63,126.86,4462.82,469.91,12.95,12.96,474.13
CN8,8G 1M 1M ,1,4,1,783,979,1123,2147,1316,1550,1446.09,1517,2277.9,2213.04,2268.93,2231.43,240.81,240.96,241.64,241.87
CN8,8G 1M 1M ,1,4,2,742,906,1106,1827,1394,1506,1460.55,1531,2569.88,2472.67,2522.05,2584.74,272.45,270.33,270.86,274.69
CN8,8G 1M 1M ,1,4,3,766,971,1090,1942,1271,1516,1467.18,1539,2300.78,2216.59,2274.04,2309.54,243.14,241.08,242.45,246.32
CN8,8G 1M 1M ,1,8,1,766,979,1303,1909,1318,1542,1465.45,1536,2280.56,2200.81,2250.26,2240.21,242.09,239.37,240.58,241.92
CN8,8G 1M 1M ,1,8,2,734,955,1221,1844,1392,1520,1478.55,1551,2596.5,2462.29,2564.29,2529.73,274.06,269.11,272.18,271.74
CN8,8G 1M 1M ,1,8,3,725,930,1319,1844,1380,1516,1470.64,1542,2255.22,2227.03,2266.15,2219.54,240.67,240.56,241.25,240.08
CN8,8G 1M 1M ,1,16,1,701,832,1663,2147,1386,1500,1471.09,1542,2581.88,2522.53,2510.54,2516.1,272.15,270.65,270.12,270.03
CN8,8G 1M 1M ,1,16,2,758,1004,1565,2343,1306,1498,1463.36,1535,2251.56,2218.58,2260.25,2252.98,240.78,240.54,241.36,240.86
CN8,8G 1M 1M ,1,16,3,766,971,1598,2040,1352,1494,1450.18,1522,2266.78,2227.69,2262.25,2245.87,240.6,240.23,241.15,242.18
CN8,8G 1M 1M ,2,1,1,791,1004,1483,2671,1316,1491,1414.64,2919,139.44,142.91,8102.14,7942.86,12.91,13.37,929.25,922.25
CN8,8G 1M 1M ,2,1,2,791,979,1516,1942,1272,1476,1414.91,2925,7964.07,8003.21,126.89,125.94,926.74,925.54,12.97,12.89
CN8,8G 1M 1M ,2,1,3,807,1004,1352,2147,1276,1442,1400.64,2938,125.04,126.62,8210.85,8190.13,12.89,12.95,922.13,932.33
CN8,8G 1M 1M ,2,2,1,791,938,1139,1893,1306,1475,1419.64,2970,4357.34,4429.25,4447.93,4408.32,467.8,472.52,472.42,470.07
CN8,8G 1M 1M ,2,2,2,799,930,1123,2245,1248,1480,1396.82,2902,4387.03,4366.83,4383.63,4328.02,470.24,468.59,467.54,467.26
CN8,8G 1M 1M ,2,2,3,791,930,1123,2114,1272,1468,1408.64,2931,4388.39,4354.75,4390.54,4378.71,467.52,467.9,467.18,472.68
CN8,8G 1M 1M ,2,4,1,799,947,1270,2147,1362,1452,1413.27,2948,4403.53,4342.22,4370.57,4456.4,468.3,466.8,467.66,471.24
CN8,8G 1M 1M ,2,4,2,791,930,1254,2089,1290,1446,1412.05,2946,4395.56,4371.69,4377.6,4441.87,468.95,467.88,466.68,470.55
CN8,8G 1M 1M ,2,4,3,816,963,1205,1909,1344,1518,1404.18,2922,4411.14,4367.94,4381.51,4289.24,468.45,466.84,467.63,465.78
CN8,8G 1M 1M ,2,8,1,832,996,1467,2245,1257,1450,1388.45,2899,4500.17,4342.74,4361.31,4366.71,474.6,466.87,467.77,469.95
CN8,8G 1M 1M ,2,8,2,816,971,1483,2180,1250,1458,1393.09,2895,4422.09,4330.21,4433.01,4504.84,469.15,469.43,472.24,474.7
CN8,8G 1M 1M ,2,8,3,848,1004,1467,3032,1222,1424,1368.35,2838,4378.56,4308.24,4379.59,4499.2,467.4,466.73,468.04,472.54
CN8,8G 1M 1M ,2,16,1,824,996,1614,1942,1286,1434,1383.27,2887,4438.25,4323.82,4423.62,4433.01,469.17,469.22,470.8,470.63
CN8,8G 1M 1M ,2,16,2,848,1045,1647,3163,1238,1440,1371.39,2856,4379.88,4359.39,4386.59,4438.62,467.69,470.8,468.17,468.83
CN8,8G 1M 1M ,2,16,3,824,988,1582,2245,1278,1418,1382.36,2872,4402.08,4334.76,4374.0,4407.18,469.77,469.66,467.23,469.03
CN8,8G 1M 1M ,4,1,1,832,1352,4621,6128,1187,1498,1408.07,5799,8702.44,8552.78,8561.25,8619.98,935.67,933.95,924.37,928.9
CN8,8G 1M 1M ,4,1,2,906,1991,5932,8291,1142,1494,1356.92,5661,8666.19,8565.2,8605.66,8633.17,930.28,932.81,925.54,931.92
CN8,8G 1M 1M ,4,1,3,947,2474,6259,7570,1104,1520,1335.27,5554,8742.05,8548.61,8622.41,8709.59,931.98,933.52,924.63,932.42
CN8,8G 1M 1M ,4,2,1,979,1319,5211,8160,1060,1486,1309.77,5405,8664.16,8656.36,8569.22,8594.33,926.9,936.7,926.62,926.37
CN8,8G 1M 1M ,4,2,2,1004,2311,6128,8455,1052,1430,1269.84,5230,8697.89,8692.55,8762.02,8623.53,928.7,935.01,933.91,928.28
CN8,8G 1M 1M ,4,2,3,1012,2442,6128,8717,1074,1448,1299.62,5407,8756.42,8772.78,8680.43,8544.57,933.29,935.14,929.72,927.66
CN8,8G 1M 1M ,4,4,1,996,1352,5538,7898,1044,1364,1276.17,5232,8913.83,8590.61,8726.19,8724.14,942.25,929.06,937.25,939.18
CN8,8G 1M 1M ,4,4,2,979,1598,5473,7963,1084,1446,1303.46,5255,8708.03,8582.91,8648.05,8754.44,926.97,925.4,932.79,930.55
CN8,8G 1M 1M ,4,4,3,1004,1336,5080,7242,1124,1384,1292.00,5344,8871.33,8686.77,8664.68,8682.75,938.99,933.08,934.01,933.64
CN8,8G 1M 1M ,4,8,1,1020,1598,5473,7635,1052,1432,1295.61,5190,7930.88,7790.97,7869.09,7849.15,842.94,841.84,843.6,846.77
CN8,8G 1M 1M ,4,8,2,1037,1434,5407,10028,1096,1356,1262.33,5111,7932.95,7817.74,7902.06,7823.93,838.94,841.97,839.81,842.85
CN8,8G 1M 1M ,4,8,3,1012,1254,1631,4424,1164,1374,1295.65,5314,8862.49,8691.17,8654.61,8647.6,940.7,934.07,933.82,928.4
CN8,8G 1M 1M ,4,16,1,1123,3687,7898,9634,960,1390,1213.00,4990,7896.51,7901.39,7892.81,7888.17,840.64,838.5,843.64,836.09
CN8,8G 1M 1M ,4,16,2,1057,1483,5211,9241,1064,1388,1281.35,5320,7854.58,7732.56,7769.59,7972.55,842.55,836.57,836.07,841.55
CN8,8G 1M 1M ,4,16,3,1123,3654,8291,10814,934,1416,1213.67,4967,7943.56,7773.04,7780.96,7890.13,844.78,836.79,840.59,841.23
CN8,8G 1M 1M ,8,1,1,5014,8586,11207,14091,522,1366,606.66,5078,9320.25,9155.89,9212.67,9139.94,982.24,982.53,981.81,977.28
CN8,8G 1M 1M ,8,1,2,4752,8029,10421,12518,524,1382,639.23,5300,9820.2,9671.25,9727.09,9743.17,1046.66,1042.36,1042.2,1044.32
CN8,8G 1M 1M ,8,1,3,4752,7963,10552,13698,534,1366,635.71,5307,9756.74,9727.41,9757.18,9701.47,1041.36,1042.22,1043.07,1041.49
CN8,8G 1M 1M ,8,2,1,5473,8979,11863,14615,456,1310,599.80,5000,9229.51,9294.37,9217.74,9231.01,981.35,981.44,983.51,984.06
CN8,8G 1M 1M ,8,2,2,5211,8455,11207,12780,510,1314,604.52,5041,9110.85,9169.65,9211.02,9028.53,982.17,984.41,984.51,981.86
CN8,8G 1M 1M ,8,2,3,5211,8586,11207,14615,502,1312,604.93,5042,9227.36,9162.93,9081.89,9231.22,981.04,983.7,983.08,983.6
CN8,8G 1M 1M ,8,4,1,6128,9634,12911,15270,488,1266,589.01,4918,9190.94,9264.74,9177.81,9273.91,981.62,991.66,985.17,981.72
CN8,8G 1M 1M ,8,4,2,5997,9634,12387,15664,484,1252,587.93,4918,9094.16,9279.37,9245.62,9145.19,983.73,990.45,985.64,983.35
CN8,8G 1M 1M ,8,4,3,6063,9634,12387,16057,486,1246,588.41,4889,9221.84,9249.24,9302.78,9285.94,982.76,985.2,988.9,984.97
CN8,8G 1M 1M ,8,8,1,6390,10290,13566,16909,480,1224,572.54,4795,9348.65,9267.58,9246.88,9450.28,989.1,986.81,986.81,989.24
CN8,8G 1M 1M ,8,8,2,6063,9765,12780,15664,478,1255,579.28,4805,9003.77,8670.75,8894.15,8904.53,936.52,930.96,936.93,938.34
CN8,8G 1M 1M ,8,8,3,5669,9241,12125,16712,496,1186,603.76,5024,9342.86,9431.6,9429.33,9290.31,987.88,993.63,991.58,988.54
CN8,8G 1M 1M ,8,16,1,6128,9503,13042,15270,484,1192,586.17,4882,9636.97,9406.77,9510.14,9557.24,992.51,988.59,988.68,994.07
CN8,8G 1M 1M ,8,16,2,6521,10159,14222,17695,482,1228,571.97,4768,8851.17,9051.12,9006.22,9011.14,935.07,937.25,940.83,936.63
CN8,8G 1M 1M ,8,16,3,6652,10159,13173,15664,470,1212,566.52,4713,9098.39,8982.92,9106.27,9193.65,937.28,933.31,938.58,939.37
CN8,8G 1M 1M ,16,1,1,8291,11076,13829,16319,252,926,300.73,5016,10024.45,10048.05,10054.8,10129.21,1074.3,1076.95,1074.34,1077.82
CN8,8G 1M 1M ,16,1,2,9241,12256,15139,17695,244,874,286.65,4799,9873.8,9794.79,9752.26,9877.23,1041.43,1041.08,1043.9,1045.22
CN8,8G 1M 1M ,16,1,3,8979,11600,13829,16188,248,904,291.45,4861,10185.53,9976.39,10315.03,10002.63,1073.73,1077.78,1077.86,1075.17
CN8,8G 1M 1M ,16,2,1,8717,11338,14484,17695,252,910,295.35,4942,10436.3,10010.44,10177.58,10171.76,1079.52,1078.63,1078.79,1081.11
CN8,8G 1M 1M ,16,2,2,9503,12125,15270,17695,242,868,288.83,4828,10201.64,10294.14,10097.42,10134.51,1076.67,1081.0,1076.69,1083.09
CN8,8G 1M 1M ,16,2,3,9110,11863,15008,18220,238,846,288.17,4805,9806.21,9832.0,10071.3,9840.76,1045.4,1044.26,1045.29,1045.37
CN8,8G 1M 1M ,16,4,1,13435,17695,21890,25822,232,840,271.74,4557,9940.84,9785.93,9702.25,9663.55,1019.53,1017.78,1018.41,1022.52
CN8,8G 1M 1M ,16,4,2,12649,16450,20055,22938,240,874,284.84,4770,10128.82,9957.41,9872.34,9911.56,1049.36,1049.91,1048.16,1054.08
CN8,8G 1M 1M ,16,4,3,13173,17433,21890,25297,232,864,274.77,4606,9736.1,9650.32,9632.21,9835.65,1017.95,1018.38,1019.27,1024.3
CN8,8G 1M 1M ,16,8,1,13173,17171,21365,24773,238,822,270.86,4542,9722.34,9928.64,9710.01,9979.17,1026.66,1024.77,1025.21,1030.52
CN8,8G 1M 1M ,16,8,2,13304,17433,21890,25297,230,864,273.54,4576,9895.16,9894.43,9718.88,9692.64,1026.75,1031.1,1027.01,1028.7
CN8,8G 1M 1M ,16,8,3,14353,18482,22938,27919,240,834,270.18,4530,9515.17,9567.97,9470.77,9407.77,996.08,999.76,999.63,995.39
CN8,8G 1M 1M ,16,16,1,14615,19268,23200,25822,226,820,260.96,4374,9374.84,9166.6,9420.81,9422.05,963.56,963.05,965.59,967.84
CN8,8G 1M 1M ,16,16,2,14222,19006,23200,25297,216,804,260.14,4350,9365.05,9425.93,9520.1,9270.85,965.49,965.93,967.95,969.33
CN8,8G 1M 1M ,16,16,3,14484,18744,23462,27395,232,834,261.35,4374,9391.43,9245.35,9408.35,9428.46,964.39,962.77,966.82,966.53
CN8,16G 1M 1M ,1,1,1,742,979,1975,2442,1220,1558,1465.41,1538,97.66,98.58,100.11,9978.95,9.06,9.1,9.11,1183.17
CN8,16G 1M 1M ,1,1,2,742,971,1565,2147,1322,1504,1463.82,1535,10222.77,88.26,88.51,88.06,1186.42,9.06,9.07,9.05
CN8,16G 1M 1M ,1,1,3,709,938,2114,3589,1248,1530,1476.91,1549,87.45,9870.3,88.48,88.03,9.03,1183.48,9.07,9.04
CN8,16G 1M 1M ,1,2,1,709,906,1090,1811,1328,1492,1462.59,1535,87.42,88.34,5556.3,5586.28,9.03,9.07,595.65,598.48
CN8,16G 1M 1M ,1,2,2,701,898,1090,1778,1248,1520,1485.41,1558,87.39,5683.23,5683.78,88.04,9.03,603.83,600.96,9.05
CN8,16G 1M 1M ,1,2,3,725,938,1123,1909,1310,1524,1482.86,1555,5597.14,88.35,88.54,5604.51,599.51,9.07,9.08,599.57
CN8,16G 1M 1M ,1,4,1,742,889,1074,1778,1340,1550,1480.59,1553,2782.55,2819.54,2851.15,2836.78,301.62,302.94,303.68,303.14
CN8,16G 1M 1M ,1,4,2,734,816,1074,1811,1396,1550,1475.18,1547,2772.2,2821.12,2894.09,2815.21,301.89,302.57,306.03,302.45
CN8,16G 1M 1M ,1,4,3,701,857,1090,1745,1396,1514,1480.14,1552,2783.71,2826.19,2897.38,2833.72,302.64,302.89,306.1,303.25
CN8,16G 1M 1M ,1,8,1,693,865,1090,1844,1380,1526,1490.95,1564,2805.29,2797.13,2903.03,2840.23,302.08,300.45,305.55,302.43
CN8,16G 1M 1M ,1,8,2,701,848,1090,1860,1393,1530,1492.10,1567,2835.65,2813.85,2890.76,2862.02,302.19,300.42,303.45,302.78
CN8,16G 1M 1M ,1,8,3,758,906,1106,1762,1334,1546,1457.27,1528,2869.59,2836.57,2823.69,2811.82,303.0,302.44,300.89,301.01
CN8,16G 1M 1M ,1,16,1,709,906,1287,1696,1226,1536,1471.73,1544,2834.81,2877.87,2850.41,2843.75,305.11,305.67,303.12,302.11
CN8,16G 1M 1M ,1,16,2,734,922,1467,1860,1328,1532,1477.82,1550,2820.76,2833.74,2846.13,2832.43,304.67,303.22,302.72,301.96
CN8,16G 1M 1M ,1,16,3,701,873,1205,1893,1322,1516,1477.09,1549,2816.7,2825.33,2839.07,2808.17,304.29,302.84,302.12,302.87
CN8,16G 1M 1M ,2,1,1,783,938,1762,2573,1270,1490,1412.64,2936,81.65,82.5,9368.41,9490.19,8.44,8.47,1106.27,1107.55
CN8,16G 1M 1M ,2,1,2,758,898,1811,2442,1366,1486,1427.82,2970,9357.17,9248.68,82.97,82.56,1104.64,1103.87,8.49,8.47
CN8,16G 1M 1M ,2,1,3,758,922,1729,3228,1284,1488,1436.27,3001,81.91,82.76,9237.0,9419.92,8.44,8.48,1106.6,1106.77
CN8,16G 1M 1M ,2,2,1,832,996,1467,1942,1278,1430,1385.54,2890,9695.61,5270.99,83.03,5192.49,1106.32,560.09,8.5,560.12
CN8,16G 1M 1M ,2,2,2,832,1020,1680,2311,1270,1426,1378.93,2865,5276.98,9507.3,5338.73,82.66,561.8,1104.74,562.26,8.48
CN8,16G 1M 1M ,2,2,3,816,988,1713,2573,1274,1433,1393.39,2912,82.02,5251.27,9635.17,5175.89,8.46,557.75,1111.27,558.46
CN8,16G 1M 1M ,2,4,1,791,898,1139,1827,1280,1456,1404.52,2944,5186.85,5263.51,5229.81,5216.6,559.43,558.76,557.65,561.01
CN8,16G 1M 1M ,2,4,2,799,914,1139,1713,1300,1442,1406.15,2934,5258.16,5250.95,5260.85,5194.64,563.37,558.64,558.89,559.75
CN8,16G 1M 1M ,2,4,3,799,906,1139,1614,1278,1432,1396.26,2925,5252.27,5180.25,5208.29,5180.94,560.71,556.22,556.62,557.26
CN8,16G 1M 1M ,2,8,1,816,947,1303,1811,1306,1476,1396.09,2909,5195.45,5227.18,5286.42,5207.47,558.17,558.35,562.85,558.36
CN8,16G 1M 1M ,2,8,2,807,938,1254,1876,1350,1456,1403.85,2934,5222.95,5246.53,5262.57,5142.02,559.06,558.87,559.78,559.05
CN8,16G 1M 1M ,2,8,3,807,914,1221,1844,1232,1412,1385.00,2899,5207.79,5314.97,5289.34,5222.26,559.93,561.85,562.66,559.62
CN8,16G 1M 1M ,2,16,1,783,898,1401,1909,1250,1448,1415.17,2961,5295.83,5230.35,5382.59,5152.5,563.55,559.9,567.76,560.06
CN8,16G 1M 1M ,2,16,2,791,898,1319,1762,1262,1458,1410.04,2952,5243.14,5281.66,5269.5,5176.74,562.33,563.93,562.74,561.04
CN8,16G 1M 1M ,2,16,3,807,930,1450,1844,1254,1432,1397.89,2931,5215.18,5218.1,5363.4,5187.38,560.07,559.36,567.21,561.6
CN8,16G 1M 1M ,4,1,1,1090,2900,6456,8356,1036,1506,1264.77,5272,9845.77,9692.69,9777.1,9648.27,1044.88,1040.26,1041.95,1040.74
CN8,16G 1M 1M ,4,1,2,1237,3294,6915,8717,1010,1530,1228.38,5124,9229.0,9159.16,9128.14,9087.47,984.87,982.04,980.75,979.82
CN8,16G 1M 1M ,4,1,3,1139,2769,6063,7832,1006,1522,1262.25,5274,9761.21,9727.03,9820.67,9672.39,1044.92,1044.56,1047.06,1043.61
CN8,16G 1M 1M ,4,2,1,1188,3589,12518,36439,700,1447,1152.41,4486,4166.22,10605.84,10614.93,4145.01,440.47,1303.1,1302.58,441.1
CN8,16G 1M 1M ,4,2,2,1139,2442,12518,36963,520,1464,1155.85,4444,10868.36,4310.22,4349.52,10743.67,1305.22,445.28,443.19,1303.66
CN8,16G 1M 1M ,4,2,3,1123,3523,13173,40109,654,1402,1145.06,4620,4453.95,11167.93,11229.03,4362.61,467.84,1374.52,1376.16,466.35
CN8,16G 1M 1M ,4,4,1,1156,1795,6521,9110,820,1420,1206.07,4853,9248.29,9099.61,9115.61,9056.33,986.64,981.65,981.14,980.43
CN8,16G 1M 1M ,4,4,2,1106,1401,1713,2008,1020,1412,1261.94,5236,9723.77,9545.23,9651.52,9654.95,1046.59,1041.02,1044.65,1047.69
CN8,16G 1M 1M ,4,4,3,1188,2311,6521,9372,996,1386,1186.87,4943,9203.47,9099.02,9181.76,9162.11,978.35,981.01,985.14,984.91
CN8,16G 1M 1M ,4,8,1,1254,3130,7177,9372,996,1414,1168.80,4848,9283.45,9136.64,9193.51,9279.67,986.17,984.27,982.82,992.8
CN8,16G 1M 1M ,4,8,2,1254,3097,7635,11731,964,1404,1170.72,4838,9368.44,9135.9,9237.15,9176.33,991.45,984.76,985.43,987.17
CN8,16G 1M 1M ,4,8,3,1237,2802,6980,11469,992,1350,1165.43,4828,9378.53,9213.18,9237.29,9194.57,985.79,986.53,987.32,988.79
CN8,16G 1M 1M ,4,16,1,1237,2606,6652,9372,950,1426,1198.69,4904,9302.57,9349.16,9304.86,9236.49,989.57,995.38,987.58,993.24
CN8,16G 1M 1M ,4,16,2,1287,3064,6915,9503,942,1378,1170.36,4785,8798.08,8745.98,8772.7,8966.45,934.26,931.18,935.41,936.77
CN8,16G 1M 1M ,4,16,3,1205,1860,5669,8586,968,1384,1199.13,4883,9280.59,9117.83,9348.52,9584.45,989.98,990.01,993.55,998.08
CN8,16G 1M 1M ,8,1,1,5211,8848,11469,15008,492,1394,582.20,4861,10043.69,10115.36,10044.14,10086.99,1072.04,1071.96,1073.33,1078.77
CN8,16G 1M 1M ,8,1,2,4948,8455,11207,14091,512,1362,600.26,5009,10219.98,10063.62,10087.0,10110.23,1074.46,1074.01,1072.16,1075.98
CN8,16G 1M 1M ,8,1,3,4817,8094,11207,14353,542,1382,609.11,5084,10427.04,10477.49,10367.04,10320.85,1109.69,1110.29,1111.63,1111.24
CN8,16G 1M 1M ,8,2,1,5342,8848,11338,14091,492,1328,577.69,4832,10227.07,10047.64,10008.45,10187.69,1074.93,1077.57,1073.79,1081.51
CN8,16G 1M 1M ,8,2,2,5211,8455,11338,13698,488,1320,588.28,4922,10230.16,10023.68,10136.35,10193.89,1076.54,1075.24,1076.22,1077.22
CN8,16G 1M 1M ,8,2,3,5080,8225,10945,13566,500,1314,595.38,4979,10187.73,10157.44,10226.78,10181.2,1077.3,1072.14,1075.15,1076.6
CN8,16G 1M 1M ,8,4,1,6063,9634,12780,16450,490,1254,568.73,4767,10016.11,9689.07,10297.69,9790.21,1046.55,1043.72,1044.05,1041.63
CN8,16G 1M 1M ,8,4,2,5932,9503,12649,15795,484,1268,573.19,4779,9833.8,9852.72,10172.32,9842.95,1044.84,1044.58,1042.82,1047.82
CN8,16G 1M 1M ,8,4,3,5800,9241,12780,15139,490,1222,583.09,4863,10152.34,10069.39,10400.92,10269.36,1078.53,1077.72,1078.47,1079.66
CN8,16G 1M 1M ,8,8,1,6325,9896,13042,15008,488,1232,560.70,4690,9874.91,9981.87,9961.6,9841.61,1050.0,1049.96,1053.86,1050.86
CN8,16G 1M 1M ,8,8,2,6128,9372,12256,14353,488,1222,573.69,4774,9997.03,9996.22,10034.82,9971.79,1050.79,1049.85,1049.91,1052.43
CN8,16G 1M 1M ,8,8,3,6325,9896,13566,16057,461,1240,557.86,4636,9701.22,9596.06,9631.95,9583.66,1020.0,1018.26,1020.57,1019.82
CN8,16G 1M 1M ,8,16,1,6915,10421,13829,16909,452,1208,541.99,4525,9594.5,9594.24,9503.84,9434.39,997.07,997.76,997.12,998.29
CN8,16G 1M 1M ,8,16,2,6849,10421,14222,16450,470,1192,541.98,4540,10020.24,9810.34,9704.25,9976.87,1031.58,1025.9,1029.14,1031.46
CN8,16G 1M 1M ,8,16,3,7177,10552,14222,17171,456,1202,533.31,4455,9542.67,9715.83,9416.4,9480.73,998.36,995.33,998.09,999.41
CN8,16G 1M 1M ,16,1,1,8848,11600,14746,17957,248,932,287.03,4797,10374.77,10220.48,10506.55,10512.19,1092.03,1091.11,1093.75,1095.92
CN8,16G 1M 1M ,16,1,2,8586,11469,14222,17957,248,904,290.71,4855,10468.29,10419.52,10461.06,10604.14,1110.04,1111.65,1110.81,1113.19
CN8,16G 1M 1M ,16,1,3,8848,11600,14877,17957,244,850,286.26,4789,10420.03,10491.02,10461.83,10607.19,1108.66,1111.72,1108.6,1112.43
CN8,16G 1M 1M ,16,2,1,10028,12518,16188,18744,222,822,273.77,4590,10031.67,9978.23,10209.92,10213.99,1060.71,1061.34,1060.21,1064.25
CN8,16G 1M 1M ,16,2,2,9634,12125,15401,18220,238,876,279.59,4683,10359.58,10299.72,10276.68,10202.18,1077.25,1079.39,1077.66,1079.58
CN8,16G 1M 1M ,16,2,3,9896,12649,16057,19006,228,870,277.83,4654,10285.38,10327.04,10249.15,10185.37,1077.51,1078.77,1079.37,1079.58
CN8,16G 1M 1M ,16,4,1,13566,17695,22152,25822,232,850,267.64,4482,10057.64,9951.81,9916.48,9815.97,1034.58,1032.79,1034.69,1038.61
CN8,16G 1M 1M ,16,4,2,13042,17171,21627,24511,235,864,274.30,4597,10497.27,10128.73,10238.75,10477.04,1067.29,1064.42,1068.03,1069.4
CN8,16G 1M 1M ,16,4,3,13698,17957,21890,25822,232,836,268.27,4500,10106.72,10061.76,10172.62,10839.32,1049.61,1048.82,1049.45,1052.39
CN8,16G 1M 1M ,16,8,1,13960,18220,22676,25822,231,864,262.45,4401,10033.58,9983.74,9971.58,11004.89,1043.15,1042.15,1043.23,1048.83
CN8,16G 1M 1M ,16,8,2,13829,18220,22676,26346,226,846,262.00,4394,10094.65,9916.92,10048.74,10831.95,1027.57,1025.31,1029.4,1035.01
CN8,16G 1M 1M ,16,8,3,14091,18482,23200,26870,226,858,260.98,4376,10036.87,10142.28,10041.93,10624.8,1027.18,1028.15,1026.94,1030.1
CN8,16G 1M 1M ,16,16,1,14222,18744,23200,27132,224,858,257.49,4313,10018.96,9998.12,10027.41,10734.51,1024.6,1022.18,1023.13,1023.9
CN8,16G 1M 1M ,16,16,2,14615,19268,24249,28181,218,826,255.40,4281,10092.58,10009.41,9979.93,10916.09,1022.75,1022.01,1021.22,1022.54
CN8,16G 1M 1M ,16,16,3,14222,19006,23462,27919,220,842,253.19,4241,10665.04,9885.24,9658.77,10764.1,1007.3,1006.15,1007.74,1009.14
CN8,32G 1M 1M ,1,1,1,693,857,1926,3949,1286,1520,1481.68,1554,57.06,57.57,57.74,11106.8,5.89,5.93,5.94,1322.56
CN8,32G 1M 1M ,1,1,2,734,873,1860,2933,1334,1584,1479.48,1552,11356.51,61.41,63.31,64.08,1322.94,5.93,6.08,6.08
CN8,32G 1M 1M ,1,1,3,685,881,1876,4621,1324,1558,1501.98,1575,57.23,10965.11,62.12,61.65,5.91,1320.53,5.94,5.93
CN8,32G 1M 1M ,1,2,1,717,889,1090,1369,1322,1510,1475.11,1547,63.72,57.5,6307.53,6437.57,6.05,5.94,667.37,668.95
CN8,32G 1M 1M ,1,2,2,701,840,1012,1156,1324,1502,1478.02,1550,63.05,6375.87,6260.62,63.07,6.05,671.03,668.0,6.08
CN8,32G 1M 1M ,1,2,3,750,889,1074,1287,1372,1530,1466.41,1538,6550.74,57.65,57.76,6361.16,667.81,5.94,5.94,667.84
CN8,32G 1M 1M ,1,4,1,742,857,1074,1663,1274,1578,1468.80,1540,3238.6,3163.86,3147.16,3181.38,335.93,336.61,338.14,337.32
CN8,32G 1M 1M ,1,4,2,701,791,1057,1745,1372,1546,1486.61,1559,3246.45,3190.43,3140.78,3173.07,336.55,335.7,335.72,336.83
CN8,32G 1M 1M ,1,4,3,725,816,1090,1762,1336,1558,1482.86,1555,3262.38,3190.38,3132.5,3164.41,337.57,336.06,335.97,337.13
CN8,32G 1M 1M ,1,8,1,693,799,1029,1778,1243,1516,1491.86,1564,3252.4,3213.25,3100.6,3150.09,337.08,337.14,336.11,337.21
CN8,32G 1M 1M ,1,8,2,685,799,1045,1762,1402,1526,1498.84,1572,3252.97,3176.06,3118.97,3114.94,335.94,337.24,336.05,337.1
CN8,32G 1M 1M ,1,8,3,693,791,1045,1860,1382,1508,1485.95,1558,3194.11,3138.16,3112.74,3124.28,336.48,337.06,335.56,337.97
CN8,32G 1M 1M ,1,16,1,725,816,1074,1729,1226,1576,1492.37,1565,3291.04,3147.73,3121.63,3136.29,337.58,337.8,336.75,338.18
CN8,32G 1M 1M ,1,16,2,685,791,1074,1729,1334,1526,1496.65,1570,3250.49,3118.62,3122.6,3133.98,337.09,336.01,336.18,336.8
CN8,32G 1M 1M ,1,16,3,693,791,1090,1844,1360,1508,1484.75,1557,3252.07,3131.95,3130.06,3124.35,336.34,336.48,337.05,337.45
CN8,32G 1M 1M ,2,1,1,832,955,1598,2442,1224,1460,1367.76,2838,57.22,57.23,10551.69,10963.93,5.48,5.52,1226.52,1233.11
CN8,32G 1M 1M ,2,1,2,832,963,1336,1975,1218,1482,1365.21,2849,11037.02,10884.25,60.58,60.3,1228.84,1228.68,5.66,5.65
CN8,32G 1M 1M ,2,1,3,807,947,1729,2737,1290,1468,1389.47,2890,53.31,53.76,10446.77,10666.61,5.49,5.52,1227.08,1231.53
CN8,32G 1M 1M ,2,2,1,979,1156,1450,1926,978,1456,1330.45,2765,10724.48,5540.82,52.03,5533.41,1186.67,594.67,5.33,597.01
CN8,32G 1M 1M ,2,2,2,971,1123,1500,2114,982,1436,1336.16,2789,5565.57,10539.46,5569.54,52.1,595.46,1186.74,597.4,5.33
CN8,32G 1M 1M ,2,2,3,963,1139,1549,2245,990,1463,1331.74,2753,51.54,5619.44,10469.29,5544.99,5.31,597.07,1184.99,596.09
CN8,32G 1M 1M ,2,4,1,1172,1385,1565,1827,906,1442,1278.65,2664,5424.84,5369.56,5379.5,5410.32,574.31,575.07,575.64,577.3
CN8,32G 1M 1M ,2,4,2,1123,1418,1631,1778,814,1466,1305.69,2678,5420.81,5373.23,5330.92,5336.7,574.28,576.55,575.62,577.54
CN8,32G 1M 1M ,2,4,3,1123,1352,1549,1729,852,1485,1320.98,2764,5629.42,5578.99,5571.61,5570.31,598.23,597.83,595.52,596.6
CN8,32G 1M 1M ,2,8,1,1156,1369,1549,2180,854,1464,1314.39,2747,5581.47,5572.57,5603.83,5541.82,597.7,598.55,597.01,597.7
CN8,32G 1M 1M ,2,8,2,1090,1401,1614,1909,816,1496,1326.46,2726,5621.8,5662.8,5603.59,5521.11,597.49,597.19,598.83,598.1
CN8,32G 1M 1M ,2,8,3,1123,1401,1631,2245,836,1448,1304.18,2710,5675.49,5623.09,5559.13,5592.69,597.44,596.78,597.23,598.04
CN8,32G 1M 1M ,2,16,1,1156,1450,1696,2008,804,1464,1296.37,2700,5599.47,5623.25,5591.72,5635.24,596.87,599.21,599.66,600.88
CN8,32G 1M 1M ,2,16,2,1139,1418,1598,1860,826,1446,1305.36,2715,5640.55,5593.69,5610.94,5644.93,597.63,598.52,597.96,602.9
CN8,32G 1M 1M ,2,16,3,1156,1352,1549,1991,924,1568,1318.19,2753,5794.2,5756.41,5484.2,5633.8,600.22,600.2,598.96,600.86
CN8,32G 1M 1M ,4,1,1,1090,2737,6194,8455,968,1468,1224.08,5124,10547.42,10513.31,10520.2,10315.08,1107.44,1109.03,1113.1,1112.52
CN8,32G 1M 1M ,4,1,2,1156,2769,6521,8356,970,1502,1220.96,5089,10430.08,10278.27,10290.11,10244.63,1110.9,1109.71,1112.35,1113.94
CN8,32G 1M 1M ,4,1,3,1237,3392,6783,8717,988,1512,1195.20,5011,10427.16,10342.05,10264.98,10308.44,1112.33,1110.09,1111.3,1116.38
CN8,32G 1M 1M ,4,2,1,1221,4424,14746,42206,594,1426,1075.41,4278,4504.21,11462.21,11443.36,4490.3,477.14,1409.56,1409.55,480.38
CN8,32G 1M 1M ,4,2,2,1221,3490,13435,30540,770,1386,1121.13,4406,11834.8,4620.98,4637.87,11782.17,1452.99,493.32,493.66,1452.73
CN8,32G 1M 1M ,4,2,3,1156,3097,14353,37487,660,1502,1144.94,4490,4583.42,11769.25,11777.16,4629.99,491.66,1451.62,1451.93,494.71
CN8,32G 1M 1M ,4,4,1,1221,1549,4113,7635,986,1386,1173.52,4838,9786.49,9692.99,9623.92,9684.53,1045.76,1042.93,1044.06,1047.57
CN8,32G 1M 1M ,4,4,2,1270,1975,6587,10028,910,1436,1151.68,4760,9751.9,9773.21,9776.81,9694.22,1043.67,1044.82,1046.13,1048.2
CN8,32G 1M 1M ,4,4,3,1221,1631,5276,7898,934,1436,1183.89,4872,10017.9,10002.66,9918.51,9906.44,1073.94,1076.1,1076.15,1076.79
CN8,32G 1M 1M ,4,8,1,1319,3130,7046,9896,785,1446,1127.54,4601,9544.71,9590.73,9521.67,9465.15,1012.47,1011.99,1016.31,1015.62
CN8,32G 1M 1M ,4,8,2,1303,2540,6980,9634,814,1372,1134.84,4681,9596.05,9526.58,9626.16,9429.96,1012.97,1014.84,1017.08,1015.68
CN8,32G 1M 1M ,4,8,3,1254,2409,6521,9896,956,1390,1154.80,4802,9851.61,9834.66,9934.23,9773.09,1045.38,1045.43,1046.67,1047.07
CN8,32G 1M 1M ,4,16,1,1319,1795,5669,8225,918,1358,1133.80,4656,9762.12,9735.22,9718.56,9732.16,1018.49,1020.37,1020.13,1021.97
CN8,32G 1M 1M ,4,16,2,1369,2606,7635,12125,908,1380,1105.92,4510,9374.37,9414.54,9418.07,9354.69,988.52,989.96,987.84,990.53
CN8,32G 1M 1M ,4,16,3,1401,4228,8225,12256,880,1460,1100.88,4487,9454.15,9354.67,9382.23,9427.47,988.78,990.8,990.85,990.65
CN8,32G 1M 1M ,8,1,1,5014,8455,11207,14353,504,1344,581.29,4843,10548.39,10539.75,10452.4,10362.38,1107.48,1109.87,1109.7,1110.02
CN8,32G 1M 1M ,8,1,2,4883,8160,10945,13698,510,1352,593.69,4956,10647.51,10580.86,10634.65,10667.11,1126.78,1127.98,1127.81,1132.77
CN8,32G 1M 1M ,8,1,3,4883,8225,10814,12911,506,1356,591.93,4945,10675.97,10645.65,10489.7,10591.28,1127.71,1129.25,1126.67,1129.92
CN8,32G 1M 1M ,8,2,1,5407,8979,11731,14484,484,1300,569.50,4763,10319.28,10389.06,10391.91,10414.76,1093.1,1094.23,1094.41,1094.46
CN8,32G 1M 1M ,8,2,2,5342,8717,11469,14091,464,1304,574.32,4790,10388.78,10230.04,10373.66,10268.21,1091.82,1093.17,1093.27,1094.05
CN8,32G 1M 1M ,8,2,3,5342,8717,11600,14615,474,1293,575.03,4816,10516.97,10412.36,10358.99,10414.94,1109.88,1110.93,1109.84,1111.38
CN8,32G 1M 1M ,8,4,1,6259,9896,13304,15795,456,1276,556.36,4647,10331.57,10189.45,10265.33,10246.65,1076.17,1077.39,1077.41,1079.56
CN8,32G 1M 1M ,8,4,2,6325,9765,13173,15533,474,1270,555.24,4642,10383.12,10406.78,10304.74,10214.16,1076.42,1077.98,1078.69,1079.23
CN8,32G 1M 1M ,8,4,3,6128,9634,12911,16188,446,1256,559.36,4658,10360.06,10324.56,10217.82,10225.12,1077.97,1075.65,1076.31,1078.91
CN8,32G 1M 1M ,8,8,1,6521,10028,13566,16712,451,1216,544.04,4547,10212.05,10307.32,10201.93,10162.92,1064.97,1066.44,1065.81,1065.63
CN8,32G 1M 1M ,8,8,2,6456,10028,13304,16319,460,1226,548.97,4580,10246.33,10303.52,10113.09,10085.99,1067.08,1066.56,1065.77,1067.91
CN8,32G 1M 1M ,8,8,3,6652,10028,13698,16188,474,1202,540.90,4527,10167.07,10352.7,10164.83,10071.85,1050.21,1052.17,1049.71,1053.71
CN8,32G 1M 1M ,8,16,1,7046,10552,14222,17171,450,1196,525.74,4386,9990.96,9903.56,10827.48,9928.16,1027.94,1027.49,1030.7,1029.84
CN8,32G 1M 1M ,8,16,2,6980,10421,13698,16319,454,1230,527.63,4414,10186.19,10415.96,11013.09,10143.5,1043.26,1044.43,1042.07,1045.6
CN8,32G 1M 1M ,8,16,3,6915,10421,14484,17433,448,1204,527.52,4398,10031.59,10749.28,10832.61,10332.63,1026.93,1027.5,1028.58,1027.19
CN8,32G 1M 1M ,16,1,1,9503,12256,15664,19268,216,556,269.18,4506,10326.58,10443.22,10260.0,10315.4,1099.34,1100.4,1099.93,1099.6
CN8,32G 1M 1M ,16,1,2,8717,12911,60031,467665,1268,290.45,4184,,12691.85,12694.36,4717.28,4743.06,1478.33,1478.21,506.11,507.03
CN8,32G 1M 1M ,16,1,3,8717,12911,60031,467665,1268,290.45,4184,,12691.85,12694.36,4717.28,4743.06,1478.33,1478.21,506.11,507.03
CN8,32G 1M 1M ,16,2,1,10683,13304,16909,19530,194,882,266.54,4460,10324.5,10315.01,10258.1,10263.52,1093.87,1092.82,1091.19,1092.25
CN8,32G 1M 1M ,16,2,2,10814,13435,17171,19792,200,854,262.74,4398,10124.55,10181.64,10149.48,10137.67,1075.25,1075.61,1074.55,1074.38
CN8,32G 1M 1M ,16,2,3,10814,13435,17171,19792,200,854,262.74,4398,10124.55,10181.64,10149.48,10137.67,1075.25,1075.61,1074.55,1074.38
CN8,32G 1M 1M ,16,4,1,15664,19792,24249,29230,154,858,258.33,4317,10084.76,10060.17,10021.33,10054.62,1060.4,1057.86,1060.41,1058.11
CN8,32G 1M 1M ,16,4,2,15401,19530,23725,27395,146,838,258.16,4316,10010.72,10022.55,9934.49,10578.04,1050.39,1051.18,1049.87,1051.48
CN8,32G 1M 1M ,16,4,3,15401,19530,23725,27395,146,838,258.16,4316,10010.72,10022.55,9934.49,10578.04,1050.39,1051.18,1049.87,1051.48
CN8,32G 1M 1M ,16,8,1,16188,20579,25297,28705,154,814,252.23,4217,9901.08,9862.62,10043.25,9930.21,1028.59,1028.67,1028.89,1029.22
CN8,32G 1M 1M ,16,8,2,15926,20055,24511,28443,146,818,253.60,4247,10035.57,10109.71,10169.64,10325.04,1038.36,1035.59,1036.51,1037.52
CN8,32G 1M 1M ,16,8,3,15926,20055,24511,28443,146,818,253.60,4247,10035.57,10109.71,10169.64,10325.04,1038.36,1035.59,1036.51,1037.52
CN8,32G 1M 1M ,16,16,1,16450,21103,26346,31065,146,840,247.72,4147,10010.9,10091.84,10415.41,10031.02,1015.37,1014.83,1013.06,1014.72
CN8,32G 1M 1M ,16,16,2,16450,21627,26870,31327,156,844,247.22,4138,10219.17,10024.62,11149.49,10147.04,1015.14,1013.99,1011.82,1015.23
CN8,32G 1M 1M ,16,16,3,16450,21627,26870,31327,156,844,247.22,4138,10219.17,10024.62,11149.49,10147.04,1015.14,1013.99,1011.82,1015.23
