0810-1712
CN7,4G 1M 1M 2048 1,1,4,1,988,1156,1434,2442,1310,1480,1388.40,1468,1616.13,1620.02,1616.7,1617.71,202.22,202.31,202.27,201.89
CN7,4G 1M 1M 2048 1,1,4,2,955,1172,1926,4817,1277,1464,1376.20,1458,1616.3,1617.01,1616.7,1614.04,202.24,202.33,202.29,201.9
CN7,4G 1M 1M 2048 1,1,4,3,1004,1188,1942,5342,1270,1464,1360.67,1427,1619.63,1630.35,1617.03,1614.37,202.24,202.39,202.29,201.91
CN7,4G 1M 1M 2048 1,2,4,1,1090,1582,1975,8225,1170,1354,1298.50,2715,2983.29,2984.01,2994.7,2981.04,372.91,373.0,372.98,372.57
CN7,4G 1M 1M 2048 1,2,4,2,1074,1516,1876,2540,1164,1350,1313.50,2738,2983.29,2987.34,2985.86,2984.04,372.91,373.0,372.96,372.57
CN7,4G 1M 1M 2048 1,2,4,3,1037,1516,1991,7701,1290,1396,1329.50,2773,2983.29,2984.01,2983.7,2981.03,372.91,373.0,372.96,372.58
CN7,4G 1M 1M 2048 1,4,4,1,1156,1434,1926,5800,1090,1314,1237.71,5128,5727.29,5717.67,5717.36,5717.53,714.27,714.33,714.29,713.91
CN7,4G 1M 1M 2048 1,4,4,2,1205,1467,1827,2311,1084,1252,1198.67,4934,5720.46,5722.01,5721.53,5718.7,714.32,714.39,714.35,713.97
CN7,4G 1M 1M 2048 1,4,4,3,1221,1500,1795,2278,1096,1240,1186.79,4935,5717.13,5720.68,5720.53,5714.87,714.25,714.34,714.3,713.92
CN7,4G 1M 1M 2048 1,8,4,1,2999,10421,18482,54264,466,1154,737.52,6114,7922.85,7920.01,7893.27,7772.78,989.18,988.82,985.53,970.48
CN7,4G 1M 1M 2048 1,8,4,2,3294,11469,17171,47449,516,1170,721.70,5996,7458.31,7462.9,7462.8,7461.36,931.32,931.4,931.37,931.14
CN7,4G 1M 1M 2048 1,8,4,3,3392,11076,17957,41681,488,1165,729.45,5967,7642.85,7999.14,7699.53,7620.91,953.76,998.78,961.36,951.52
CN7,8G 1M 1M 2048 1,1,4,1,930,1106,1696,12387,1200,1458,1400.09,1471,1988.87,1992.02,1988.92,1987.04,248.63,248.73,248.63,248.38
CN7,8G 1M 1M 2048 1,1,4,2,938,1106,1663,12387,1278,1466,1405.09,1477,1989.54,1989.13,1988.81,1989.04,248.64,248.66,248.63,248.38
CN7,8G 1M 1M 2048 1,1,4,3,971,1123,1663,8586,1288,1468,1392.82,1465,1988.76,1990.02,1989.81,1989.92,248.61,248.69,248.67,248.41
CN7,8G 1M 1M 2048 1,2,4,1,1012,1500,1876,23725,1202,1364,1328.83,2784,3811.43,3811.46,3813.36,3809.48,476.18,476.22,476.2,475.94
CN7,8G 1M 1M 2048 1,2,4,2,1057,1516,1942,19792,1220,1350,1315.75,2750,3813.09,3814.35,3812.14,3810.04,476.16,476.24,476.22,475.96
CN7,8G 1M 1M 2048 1,2,4,3,1090,1614,1942,19530,1210,1350,1303.92,2733,3810.98,3811.57,3813.36,3809.48,476.16,476.23,476.2,475.94
CN7,8G 1M 1M 2048 1,4,4,1,1205,1483,1762,14746,1110,1266,1208.04,5023,6713.29,6712.71,6710.83,6711.03,838.22,838.23,838.21,837.98
CN7,8G 1M 1M 2048 1,4,4,2,1221,1500,1795,39060,1072,1270,1199.27,4972,7457.99,7458.02,7459.26,7457.37,931.32,931.34,931.38,931.13
CN7,8G 1M 1M 2048 1,4,4,3,1188,1467,1893,31065,1080,1330,1222.81,5084,6710.59,6712.82,6712.64,6715.44,838.19,838.24,838.22,838.01
CN7,8G 1M 1M 2048 1,8,4,1,5669,11994,18220,51119,464,1170,639.16,5304,8296.43,8298.2,8298.21,8295.21,1035.91,1035.91,1035.89,1035.78
CN7,8G 1M 1M 2048 1,8,4,2,5669,11994,18482,32375,467,1180,640.67,5351,8299.07,8296.46,8296.47,8294.53,1035.94,1035.96,1035.94,1035.74
CN7,8G 1M 1M 2048 1,8,4,3,5407,11863,18220,36963,450,1164,642.35,5348,8296.51,8295.9,8296.79,8294.66,1035.92,1035.93,1035.97,1035.77
CN7,16G 1M 1M 2048 1,1,4,1,865,1057,1418,10945,1258,1468,1425.73,1497,2451.3,2450.9,2450.69,2449.98,306.19,306.19,306.17,306.04
CN7,16G 1M 1M 2048 1,1,4,2,881,1074,1401,8356,1169,1474,1424.50,1496,2451.23,2450.97,2451.48,2449.98,306.11,306.2,306.13,306.02
CN7,16G 1M 1M 2048 1,1,4,3,906,1090,1450,9765,1160,1476,1423.30,1493,2449.95,2450.68,2450.69,2449.05,306.11,306.17,306.15,305.97
CN7,16G 1M 1M 2048 1,2,4,1,1057,1565,1876,16188,1220,1364,1317.00,2759,4194.45,4194.22,4194.6,4194.23,523.88,523.89,523.89,523.73
CN7,16G 1M 1M 2048 1,2,4,2,1090,1631,1942,20317,1142,1322,1286.32,2697,4194.27,4194.47,4194.36,4197.36,523.87,523.91,523.89,523.76
CN7,16G 1M 1M 2048 1,2,4,3,1029,1532,1811,19792,1194,1362,1328.81,2784,4475.02,4479.24,4473.98,4473.78,558.8,558.88,558.82,558.72
CN7,16G 1M 1M 2048 1,4,4,1,1319,1614,1991,30540,832,1270,1145.63,4750,7806.37,7807.33,7811.34,7807.22,974.94,975.01,975.01,974.86
CN7,16G 1M 1M 2048 1,4,4,2,1303,1598,1942,33162,910,1278,1158.20,4798,7807.97,7808.39,7807.4,7806.58,974.98,975.02,975.01,974.83
CN7,16G 1M 1M 2048 1,4,4,3,1303,1631,2008,34341,846,1268,1153.22,4681,7377.75,7375.27,7375.16,7373.33,920.9,920.89,920.88,920.7
CN7,16G 1M 1M 2048 1,8,4,1,6456,12649,18220,139461,354,1166,592.45,4948,8514.6,8515.16,8515.07,8514.33,1063.21,1063.25,1063.24,1063.16
CN7,16G 1M 1M 2048 1,8,4,2,6456,13042,19530,42206,446,1160,595.35,4952,8512.34,8512.54,8512.37,8511.57,1062.91,1062.92,1062.9,1062.83
CN7,16G 1M 1M 2048 1,8,4,3,6259,12649,20841,57934,390,1158,590.77,4941,8515.74,8516.69,8516.76,8515.57,1063.27,1063.27,1063.27,1063.17
CN7,32G 1M 1M 2048 1,1,4,1,873,1074,1303,9372,1248,1546,1440.96,1511,2581.47,2582.33,2582.6,2581.68,322.42,322.44,322.44,322.35
CN7,32G 1M 1M 2048 1,1,4,2,840,1037,1188,7111,1202,1482,1453.24,1524,2684.17,2685.22,2684.67,2683.91,335.27,335.3,335.3,335.21
CN7,32G 1M 1M 2048 1,1,4,3,840,1012,1287,12780,1298,1482,1447.73,1518,2581.63,2581.52,2581.57,2580.84,322.38,322.42,322.41,322.32
CN7,32G 1M 1M 2048 1,2,4,1,1434,1876,2278,20055,820,1368,1229.39,2575,4426.48,4424.42,4424.92,4423.56,552.5,552.51,552.51,552.42
CN7,32G 1M 1M 2048 1,2,4,2,1270,1795,2212,21890,856,1410,1232.99,2577,4424.31,4424.69,4424.69,4423.53,552.51,552.54,552.53,552.43
CN7,32G 1M 1M 2048 1,2,4,3,1369,1778,2212,20055,836,1370,1243.73,2602,4576.84,4577.16,4577.24,4577.27,571.54,571.59,571.57,571.51
CN7,32G 1M 1M 2048 1,4,4,1,1369,1663,2073,35914,784,1254,1109.92,4559,7998.32,7999.27,7999.12,7997.82,998.81,998.83,998.82,998.74
CN7,32G 1M 1M 2048 1,4,4,2,1401,1713,2089,36439,786,1276,1108.82,4610,7998.54,7998.7,7999.01,7998.49,998.79,998.83,998.82,998.75
CN7,32G 1M 1M 2048 1,4,4,3,1385,1696,2114,37487,738,1385,1114.18,4597,7998.97,7999.19,7998.83,7997.86,998.81,998.83,998.81,998.75
CN7,32G 1M 1M 2048 1,8,4,1,6783,13042,27657,50594,411,1204,574.09,4790,8773.54,8765.54,8770.23,8763.84,1095.54,1094.46,1095.12,1094.23
CN7,32G 1M 1M 2048 1,8,4,2,6718,12911,21365,45351,424,1182,575.93,4810,8772.85,8773.16,8774.09,8773.31,1095.35,1095.39,1095.39,1095.36
CN7,32G 1M 1M 2048 1,8,4,3,6652,12780,19006,51119,402,1130,578.06,4837,8772.71,8772.68,8772.59,8772.35,1095.4,1095.41,1095.4,1095.36
CN7,4G 1M 1M 2048 4,1,4,1,1004,1205,1909,3326,1188,1456,1362.67,1429,1615.23,1616.56,1619.65,1613.55,202.04,202.15,202.1,201.72
CN7,4G 1M 1M 2048 4,1,4,2,1037,1221,1909,2442,1234,1445,1335.83,1404,1617.1,1617.81,1617.5,1614.18,202.3,202.39,202.35,201.96
CN7,4G 1M 1M 2048 4,1,4,3,996,1172,2024,5669,1296,1434,1355.40,1437,1616.93,1617.64,1617.33,1617.68,202.31,202.4,202.36,201.98
CN7,4G 1M 1M 2048 4,2,4,1,1057,1516,2040,6128,1218,1338,1310.83,2732,2986.92,2984.64,2984.16,2982.01,372.98,373.07,373.03,372.66
CN7,4G 1M 1M 2048 4,2,4,2,1057,1532,2114,10028,1192,1348,1313.67,2740,2983.92,2987.64,2984.33,2981.67,372.99,373.08,373.04,372.66
CN7,4G 1M 1M 2048 4,2,4,3,1123,1532,1844,4359,1164,1342,1284.50,2669,2987.25,2984.97,2987.66,2984.67,372.99,373.08,373.04,372.65
CN7,4G 1M 1M 2048 4,4,4,1,1188,1598,2278,16909,1092,1340,1235.50,5178,5717.59,5721.3,5718.16,5726.0,714.33,714.42,714.38,714.02
CN7,4G 1M 1M 2048 4,4,4,2,1237,1565,1893,2376,1106,1276,1233.00,5087,4903.79,4912.4,4910.28,4900.43,612.3,612.48,612.37,612.02
CN7,4G 1M 1M 2048 4,4,4,3,1205,1532,1827,2245,1122,1288,1239.33,5118,5720.42,5721.14,5721.16,5715.51,714.33,714.42,714.38,714.0
CN7,4G 1M 1M 2048 4,8,4,1,1991,9503,22414,64226,568,1170,827.84,6813,8395.57,8389.73,8392.5,8390.26,1047.81,1047.84,1047.84,1047.55
CN7,4G 1M 1M 2048 4,8,4,2,1975,9634,19268,28443,578,1177,818.17,6741,8389.82,8391.49,8392.0,8390.01,1047.77,1047.84,1047.82,1047.53
CN7,4G 1M 1M 2048 4,8,4,3,1893,9503,25297,73925,578,1154,837.59,6820,8391.33,8391.61,8392.13,8394.14,1047.79,1047.85,1047.83,1047.56
CN7,8G 1M 1M 2048 4,1,4,1,979,1123,1467,8848,1336,1542,1450.55,1523,1989.3,1992.33,1992.46,1989.02,248.68,248.78,248.75,248.5
CN7,8G 1M 1M 2048 4,1,4,2,881,1074,1582,10683,1246,1524,1445.00,1516,1991.07,1996.99,1989.68,1988.13,248.65,248.73,248.69,248.44
CN7,8G 1M 1M 2048 4,1,4,3,889,1074,1401,14877,1280,1476,1424.45,1496,1988.96,1990.66,1989.67,1987.9,248.65,248.75,248.69,248.44
CN7,8G 1M 1M 2048 4,2,4,1,1057,1565,1844,21365,1190,1348,1298.75,2722,3811.63,3812.1,3819.45,3810.57,476.23,476.29,476.29,476.01
CN7,8G 1M 1M 2048 4,2,4,2,1156,1614,1975,20841,1084,1374,1261.12,2627,3812.52,3811.88,3812.12,3812.35,476.26,476.27,476.26,476.01
CN7,8G 1M 1M 2048 4,2,4,3,1037,1500,1926,20317,1232,1348,1317.79,2758,3811.96,3814.33,3814.67,3813.02,476.24,476.3,476.29,476.03
CN7,8G 1M 1M 2048 4,4,4,1,1221,1582,1991,34866,1154,1280,1237.50,5137,6717.26,6710.99,6713.91,6710.01,838.26,838.26,838.28,838.04
CN7,8G 1M 1M 2048 4,4,4,2,1205,1582,1958,46400,1118,1308,1251.12,5221,6710.47,6713.1,6713.71,6711.92,838.24,838.29,838.29,838.06
CN7,8G 1M 1M 2048 4,4,4,3,1221,1565,1926,45351,1064,1298,1230.17,5115,6712.37,6713.5,6713.71,6710.32,838.2,838.28,838.28,838.05
CN7,8G 1M 1M 2048 4,8,4,1,2507,13304,24249,47973,504,1166,718.31,5987,9251.98,9056.72,9116.01,9104.45,1155.28,1130.83,1138.24,1136.79
CN7,8G 1M 1M 2048 4,8,4,2,2474,12780,27919,108528,442,1154,706.68,5864,8849.52,8854.08,8853.42,8852.29,1104.99,1105.09,1105.07,1104.92
CN7,8G 1M 1M 2048 4,8,4,3,2311,12649,26870,72877,510,1132,716.61,5958,8852.86,8850.28,8850.36,8849.23,1105.03,1105.08,1105.05,1104.91
CN7,16G 1M 1M 2048 4,1,4,1,865,1057,1450,8455,1186,1492,1437.82,1508,2288.27,2288.02,2287.83,2286.84,285.81,285.81,285.8,285.64
CN7,16G 1M 1M 2048 4,1,4,2,889,1074,1418,13698,1106,1580,1443.68,1515,2452.15,2451.02,2451.75,2451.11,306.16,306.2,306.17,306.02
CN7,16G 1M 1M 2048 4,1,4,3,865,1057,1319,13566,1268,1472,1430.86,1502,2450.79,2451.1,2450.46,2449.9,306.16,306.2,306.17,306.02
CN7,16G 1M 1M 2048 4,2,4,1,1090,1614,1893,13960,1224,1352,1308.20,2741,4194.82,4196.27,4195.97,4193.91,523.9,523.94,523.92,523.78
CN7,16G 1M 1M 2048 4,2,4,2,1037,1549,1893,20317,1164,1348,1316.88,2759,4195.25,4195.33,4195.91,4194.1,523.93,523.95,523.93,523.79
CN7,16G 1M 1M 2048 4,2,4,3,1029,1582,1876,20841,1176,1418,1317.46,2761,4195.13,4195.15,4194.6,4195.16,523.93,523.95,523.92,523.79
CN7,16G 1M 1M 2048 4,4,4,1,1352,1696,2180,46400,878,1294,1183.00,4895,7808.54,7808.96,7807.5,7806.86,975.02,975.05,975.04,974.9
CN7,16G 1M 1M 2048 4,4,4,2,1369,1713,2089,40109,866,1300,1160.84,4764,7808.66,7808.74,7808.51,7807.87,975.01,975.06,975.03,974.91
CN7,16G 1M 1M 2048 4,4,4,3,1319,1696,2147,39584,950,1332,1206.62,5041,8296.52,8299.97,8296.48,8298.93,1035.95,1036.01,1035.96,1035.85
CN7,16G 1M 1M 2048 4,8,4,1,3425,14222,28967,53740,490,1166,663.27,5525,9427.48,9427.52,9429.1,9427.07,1177.16,1177.18,1177.19,1177.09
CN7,16G 1M 1M 2048 4,8,4,2,3556,13304,26084,51643,504,1140,670.60,5608,9430.27,9427.71,9427.54,9427.11,1177.23,1177.2,1177.19,1177.11
CN7,16G 1M 1M 2048 4,8,4,3,3556,14222,27919,52167,514,1142,668.30,5567,9427.57,9428.72,9427.8,9427.08,1177.19,1177.23,1177.2,1177.11
CN7,32G 1M 1M 2048 4,1,4,1,857,1057,1303,9765,1280,1572,1459.00,1531,2686.0,2685.05,2685.98,2684.58,335.34,335.36,335.35,335.26
CN7,32G 1M 1M 2048 4,1,4,2,865,1045,1287,10421,1204,1474,1438.20,1509,2580.46,2580.55,2580.51,2579.9,322.28,322.29,322.29,322.2
CN7,32G 1M 1M 2048 4,1,4,3,840,1020,1221,8455,1240,1552,1455.11,1526,2684.8,2684.86,2684.98,2684.34,335.31,335.33,335.33,335.23
CN7,32G 1M 1M 2048 4,2,4,1,1418,1958,2442,20579,784,1378,1234.44,2593,4576.9,4576.94,4577.05,4579.02,571.56,571.57,571.57,571.51
CN7,32G 1M 1M 2048 4,2,4,2,1401,1909,2376,20317,800,1426,1237.96,2582,4424.67,4425.45,4424.79,4424.82,552.54,552.56,552.55,552.47
CN7,32G 1M 1M 2048 4,2,4,3,1434,1926,2343,19530,862,1424,1220.08,2557,4425.48,4427.09,4425.22,4424.03,552.54,552.55,552.53,552.46
CN7,32G 1M 1M 2048 4,4,4,1,1401,1762,2278,36439,826,1298,1139.22,4747,8248.2,8248.33,8250.68,8248.4,1030.0,1030.03,1030.04,1029.95
CN7,32G 1M 1M 2048 4,4,4,2,1418,1762,2212,39060,848,1314,1143.56,4717,8250.42,8249.03,8249.12,8247.85,1030.04,1030.05,1030.05,1029.96
CN7,32G 1M 1M 2048 4,4,4,3,1418,1778,2212,44827,860,1356,1143.88,4755,8246.36,8245.77,8245.86,8245.89,1029.71,1029.71,1029.72,1029.64
CN7,32G 1M 1M 2048 4,8,4,1,3654,13173,30016,103285,251,1194,655.07,5460,9932.34,9932.4,9932.59,9932.25,1240.22,1240.23,1240.25,1240.2
CN7,32G 1M 1M 2048 4,8,4,2,3720,12911,29492,93848,436,1157,662.09,5536,9932.44,9932.6,9933.05,9932.96,1240.24,1240.25,1240.28,1240.21
CN7,32G 1M 1M 2048 4,8,4,3,4015,13435,28443,51643,520,1168,657.44,5492,9932.47,9933.51,9933.48,9932.25,1240.24,1240.26,1240.25,1240.2
CN7,4G 1M 1M 2048 8,1,4,1,1004,1172,1778,2376,1314,1540,1403.20,1490,1623.91,1624.45,1621.14,1618.66,202.73,202.82,202.78,202.4
CN7,4G 1M 1M 2048 8,1,4,2,1004,1156,1844,2474,1216,1544,1380.80,1459,1617.07,1618.45,1618.14,1615.49,202.38,202.47,202.43,202.05
CN7,4G 1M 1M 2048 8,1,4,3,1057,1254,1975,4424,1162,1470,1309.33,1377,1617.57,1618.28,1617.97,1615.32,202.39,202.48,202.44,202.06
CN7,4G 1M 1M 2048 8,2,4,1,1074,1582,2057,6783,1202,1334,1297.67,2730,2995.73,2985.11,2987.97,2985.32,373.09,373.15,373.11,372.73
CN7,4G 1M 1M 2048 8,2,4,2,1057,1516,1811,2376,1212,1374,1328.83,2770,2984.23,2988.28,2984.97,2985.65,373.06,373.15,373.11,372.73
CN7,4G 1M 1M 2048 8,2,4,3,1090,1549,1991,2442,1222,1352,1321.67,2766,2983.56,2985.11,2984.97,2985.65,373.04,373.13,373.1,372.72
CN7,4G 1M 1M 2048 8,4,4,1,1237,1565,2073,22414,1142,1282,1228.08,5034,5721.4,5722.11,5721.97,5716.15,714.42,714.51,714.47,714.08
CN7,4G 1M 1M 2048 8,4,4,2,1205,1582,1958,2442,1132,1284,1215.75,4913,5721.4,5719.61,5719.3,5719.65,714.43,714.52,714.48,714.1
CN7,4G 1M 1M 2048 8,4,4,3,1172,1549,1876,2311,1110,1284,1244.08,5105,5720.4,5721.95,5721.97,5719.32,714.37,714.49,714.45,714.07
CN7,4G 1M 1M 2048 8,8,4,1,1876,9503,22152,25035,548,1134,853.00,6982,8391.8,8398.09,8399.1,8397.11,1047.84,1047.99,1047.97,1047.68
CN7,4G 1M 1M 2048 8,8,4,2,1860,8029,25035,41157,598,1148,859.53,7038,8396.81,8394.34,8393.48,8391.49,1047.88,1047.96,1047.93,1047.64
CN7,4G 1M 1M 2048 8,8,4,3,1909,9634,29754,33424,568,1172,841.32,6864,8388.93,8393.97,8394.24,8392.13,1047.89,1047.99,1047.96,1047.67
CN7,8G 1M 1M 2048 8,1,4,1,947,1139,1631,7635,1172,1468,1399.27,1470,1989.72,1990.09,1990.66,1989.0,248.73,248.79,248.77,248.52
CN7,8G 1M 1M 2048 8,1,4,2,906,1106,1500,10945,1208,1496,1425.64,1497,1990.28,1990.98,1990.21,1990.67,248.75,248.81,248.75,248.49
CN7,8G 1M 1M 2048 8,1,4,3,988,1139,1582,13042,1218,1568,1427.82,1498,1991.39,1989.86,1990.21,1988.33,248.71,248.77,248.75,248.49
CN7,8G 1M 1M 2048 8,2,4,1,1029,1467,1909,25297,1168,1416,1322.50,2762,3814.39,3814.2,3812.77,3810.78,476.28,476.33,476.31,476.05
CN7,8G 1M 1M 2048 8,2,4,2,1074,1516,1827,20579,1194,1356,1317.33,2755,3813.72,3812.42,3815.1,3811.22,476.27,476.33,476.33,476.07
CN7,8G 1M 1M 2048 8,2,4,3,1037,1483,1893,25035,1242,1380,1331.75,2784,3811.94,3813.31,3812.66,3810.78,476.27,476.37,476.32,476.06
CN7,8G 1M 1M 2048 8,4,4,1,1205,1516,1844,31589,1084,1302,1240.12,5161,6711.95,6713.08,6714.09,6717.6,838.3,838.3,838.32,838.12
CN7,8G 1M 1M 2048 8,4,4,2,1237,1582,1942,37487,1054,1288,1232.15,5139,6713.25,6717.68,6718.39,6710.61,838.28,838.35,838.35,838.11
CN7,8G 1M 1M 2048 8,4,4,3,1237,1549,2057,40633,1076,1296,1237.67,5164,6713.16,6711.79,6714.3,6712.91,838.29,838.34,838.34,838.11
CN7,8G 1M 1M 2048 8,8,4,1,2147,12518,30016,49546,552,1182,739.86,6166,9484.9,9482.28,9482.22,9480.94,1183.99,1183.99,1183.97,1183.81
CN7,8G 1M 1M 2048 8,8,4,2,2212,11731,27132,49546,514,1162,735.30,6127,8850.45,8850.93,8850.54,8849.41,1105.08,1105.11,1105.1,1104.94
CN7,8G 1M 1M 2048 8,8,4,3,2147,11338,25035,52691,552,1160,738.72,6157,8850.59,8850.74,8850.55,8852.16,1105.09,1105.12,1105.1,1104.97
CN7,16G 1M 1M 2048 8,1,4,1,865,1057,1352,9372,1270,1489,1437.86,1509,2288.33,2292.75,2288.42,2287.43,285.77,285.86,285.86,285.71
CN7,16G 1M 1M 2048 8,1,4,2,898,1074,1369,10290,1290,1534,1424.64,1496,2450.49,2451.37,2452.38,2450.03,306.18,306.23,306.21,306.05
CN7,16G 1M 1M 2048 8,1,4,3,865,1057,1336,10814,1192,1494,1437.32,1508,2450.92,2451.37,2456.52,2450.03,306.2,306.23,306.24,306.05
CN7,16G 1M 1M 2048 8,2,4,1,1074,1565,1876,13435,1156,1359,1320.85,2772,4474.66,4475.94,4474.75,4475.09,558.86,558.89,558.88,558.72
CN7,16G 1M 1M 2048 8,2,4,2,1074,1532,1827,15401,1176,1362,1313.92,2755,4194.49,4195.95,4195.21,4194.65,523.91,523.99,523.96,523.84
CN7,16G 1M 1M 2048 8,2,4,3,1074,1565,1893,21365,1184,1512,1321.02,2765,4475.6,4476.75,4474.22,4473.9,558.86,558.93,558.86,558.74
CN7,16G 1M 1M 2048 8,4,4,1,1352,1729,2278,40633,860,1302,1184.17,4807,7810.47,7808.96,7808.2,7808.21,975.06,975.08,975.03,974.93
CN7,16G 1M 1M 2048 8,4,4,2,1352,1713,2245,36439,896,1316,1194.71,4980,7802.48,7803.19,7800.79,7802.25,974.28,974.34,974.26,974.19
CN7,16G 1M 1M 2048 8,4,4,3,1369,1729,2212,35914,918,1284,1180.15,4915,7808.07,7808.14,7808.15,7808.1,975.09,975.09,975.02,974.94
CN7,16G 1M 1M 2048 8,8,4,1,2769,12911,29754,58983,358,1168,687.03,5747,9776.6,9776.91,9776.43,9776.14,1220.79,1220.81,1220.77,1220.7
CN7,16G 1M 1M 2048 8,8,4,2,2376,14091,32900,56361,472,1166,694.17,5796,9776.61,9778.66,9778.7,9778.04,1220.79,1220.83,1220.83,1220.74
CN7,16G 1M 1M 2048 8,8,4,3,2671,13304,29754,77071,354,1139,693.40,5795,9777.99,9776.85,9776.63,9776.31,1220.78,1220.81,1220.8,1220.72
CN7,32G 1M 1M 2048 8,1,4,1,914,1090,1303,8356,1184,1558,1491.14,1564,2684.84,2685.45,2685.37,2685.5,335.35,335.38,335.37,335.28
CN7,32G 1M 1M 2048 8,1,4,2,865,1045,1287,8717,1278,1572,1426.29,1495,2581.27,2581.66,2581.74,2581.17,322.42,322.45,322.45,322.36
CN7,32G 1M 1M 2048 8,1,4,3,865,1045,1254,11076,1240,1560,1439.76,1510,2581.27,2582.32,2581.86,2581.25,322.42,322.45,322.45,322.36
CN7,32G 1M 1M 2048 8,2,4,1,1401,1893,2409,20317,816,1390,1243.08,2591,4577.21,4577.49,4577.74,4576.64,571.56,571.58,571.59,571.51
CN7,32G 1M 1M 2048 8,2,4,2,1450,1909,2409,21103,826,1436,1216.77,2538,4424.57,4424.54,4425.22,4424.32,552.55,552.55,552.55,552.49
CN7,32G 1M 1M 2048 8,2,4,3,1434,1893,2376,19006,814,1356,1224.87,2563,4424.57,4424.71,4424.75,4424.75,552.55,552.56,552.56,552.48
CN7,32G 1M 1M 2048 8,4,4,1,1467,1827,2245,43779,864,1300,1133.99,4731,8245.82,8246.04,8245.37,8244.96,1029.65,1029.67,1029.62,1029.6
CN7,32G 1M 1M 2048 8,4,4,2,1450,1827,2311,39060,894,1324,1123.52,4679,8248.48,8249.58,8249.43,8250.59,1030.04,1030.1,1030.09,1030.04
CN7,32G 1M 1M 2048 8,4,4,3,1450,1827,2376,38536,822,1290,1126.45,4717,8249.24,8251.03,8248.72,8248.79,1030.06,1030.08,1030.07,1030.0
CN7,32G 1M 1M 2048 8,8,4,1,2802,14222,32113,65799,484,1174,671.37,5620,10124.34,10123.56,10124.45,10123.2,1264.08,1264.09,1264.09,1264.04
CN7,32G 1M 1M 2048 8,8,4,2,2704,14353,33162,87557,440,1148,669.95,5565,10122.46,10122.58,10122.62,10122.52,1263.9,1263.89,1263.89,1263.83
CN7,32G 1M 1M 2048 8,8,4,3,2835,13960,30802,109577,414,1182,671.47,5611,10124.0,10123.98,10124.04,10123.74,1264.14,1264.15,1264.14,1264.1
CN7,4G 1M 1M 2048 16,1,4,1,1037,1205,1909,2573,1148,1532,1362.40,1458,1390.33,1390.37,1390.24,1390.12,173.84,173.91,173.88,173.55
CN7,4G 1M 1M 2048 16,1,4,2,1045,1221,1958,5276,1160,1448,1355.00,1415,1618.21,1619.09,1618.62,1616.13,202.47,202.56,202.52,202.14
CN7,4G 1M 1M 2048 16,1,4,3,1029,1188,1942,2540,1276,1434,1368.40,1448,1618.21,1618.92,1618.61,1616.3,202.47,202.56,202.52,202.14
CN7,4G 1M 1M 2048 16,2,4,1,1074,1582,1909,2311,1196,1358,1317.33,2758,2985.04,2985.59,2985.28,2993.63,373.14,373.22,373.18,372.83
CN7,4G 1M 1M 2048 16,2,4,2,1074,1582,1958,11863,1268,1368,1317.00,2737,2988.37,2996.92,2985.61,2982.63,373.15,373.27,373.2,372.82
CN7,4G 1M 1M 2048 16,2,4,3,1090,1582,2008,9110,1156,1354,1308.00,2729,2985.2,2985.92,2998.61,2982.96,373.15,373.24,373.27,372.82
CN7,4G 1M 1M 2048 16,4,4,1,1156,1532,1975,23987,1180,1302,1247.21,5176,5722.87,5722.58,5719.44,5719.79,714.52,714.58,714.54,714.16
CN7,4G 1M 1M 2048 16,4,4,2,1172,1582,2114,3097,1142,1328,1273.67,5332,5730.87,5722.59,5722.94,5720.3,714.57,714.58,714.54,714.16
CN7,4G 1M 1M 2048 16,4,4,3,1156,1500,1909,2278,1114,1298,1239.62,5133,5721.87,5722.42,5722.61,5719.3,714.49,714.57,714.53,714.16
CN7,4G 1M 1M 2048 16,8,4,1,1860,10683,26084,34341,560,1144,832.11,6843,8393.28,8394.07,8390.58,8390.85,1047.95,1048.0,1047.94,1047.66
CN7,4G 1M 1M 2048 16,8,4,2,1778,9765,33817,39584,580,1179,842.03,6890,8393.54,8392.82,8392.46,8394.85,1047.97,1047.97,1047.93,1047.67
CN7,4G 1M 1M 2048 16,8,4,3,1745,9372,26608,42730,564,1168,862.25,7076,8255.79,8237.58,8213.59,8305.61,1030.88,1027.99,1024.98,1036.93
CN7,8G 1M 1M 2048 16,1,4,1,922,1090,1696,10290,1278,1556,1500.80,1572,1990.71,1991.63,1990.53,1989.43,248.82,248.89,248.83,248.61
CN7,8G 1M 1M 2048 16,1,4,2,865,1057,1418,3163,1284,1460,1434.18,1505,1993.04,1991.18,1990.86,1988.65,248.82,248.84,248.84,248.55
CN7,8G 1M 1M 2048 16,1,4,3,881,1074,1385,10945,1298,1474,1431.91,1504,1994.2,1989.53,1986.95,1985.52,248.38,248.43,248.39,248.15
CN7,8G 1M 1M 2048 16,2,4,1,1037,1500,1860,8455,1152,1376,1331.08,2784,3813.15,3813.4,3814.86,3812.87,476.35,476.39,476.37,476.1
CN7,8G 1M 1M 2048 16,2,4,2,1057,1500,1909,9896,1232,1366,1327.12,2775,3812.37,3813.62,3814.64,3814.1,476.33,476.41,476.36,476.14
CN7,8G 1M 1M 2048 16,2,4,3,1029,1500,1844,25035,1210,1366,1326.50,2783,3812.81,3816.18,3813.08,3811.21,476.34,476.42,476.37,476.12
CN7,8G 1M 1M 2048 16,4,4,1,1270,1582,1958,32637,1096,1280,1224.52,5102,6713.23,6714.96,6713.38,6709.89,838.3,838.4,838.33,838.1
CN7,8G 1M 1M 2048 16,4,4,2,1172,1516,1876,58459,1086,1386,1260.26,5261,7457.37,7460.63,7457.64,7457.55,931.48,931.57,931.51,931.22
CN7,8G 1M 1M 2048 16,4,4,3,1205,1582,2114,35914,1024,1302,1226.87,5105,6714.74,6712.77,6714.88,6710.39,838.38,838.41,838.41,838.13
CN7,8G 1M 1M 2048 16,8,4,1,2008,12518,35914,47973,548,1162,734.18,6117,9404.25,9408.41,9331.92,9480.14,1174.28,1174.34,1164.91,1183.31
CN7,8G 1M 1M 2048 16,8,4,2,1958,11469,34866,78119,558,1148,738.26,6163,9485.25,9482.77,9481.64,9481.29,1184.03,1184.04,1183.97,1183.86
CN7,8G 1M 1M 2048 16,8,4,3,1975,12518,35914,50594,552,1152,742.24,6183,9483.19,9484.35,9482.79,9482.37,1184.1,1184.12,1184.05,1183.94
CN7,16G 1M 1M 2048 16,1,4,1,857,1045,1336,10683,1232,1472,1437.82,1509,2451.13,2452.22,2452.15,2451.09,306.25,306.3,306.31,306.07
CN7,16G 1M 1M 2048 16,1,4,2,832,996,1123,11731,1350,1488,1456.82,1528,2450.77,2451.5,2450.94,2449.81,306.21,306.26,306.23,306.07
CN7,16G 1M 1M 2048 16,1,4,3,898,1074,1467,9241,1270,1582,1434.09,1504,2451.2,2451.64,2450.94,2449.88,306.23,306.26,306.23,306.07
CN7,16G 1M 1M 2048 16,2,4,1,1090,1582,1844,21627,1175,1356,1295.80,2706,4196.42,4196.63,4194.82,4194.27,523.96,524.0,523.96,523.83
CN7,16G 1M 1M 2048 16,2,4,2,1074,1532,1827,18220,1198,1352,1310.10,2745,4475.85,4475.54,4476.15,4473.69,558.89,558.96,558.92,558.76
CN7,16G 1M 1M 2048 16,2,4,3,1074,1532,1795,21103,1174,1356,1311.25,2750,4474.32,4477.0,4475.21,4474.69,558.87,558.96,558.93,558.74
CN7,16G 1M 1M 2048 16,4,4,1,1385,1745,2245,34341,838,1298,1171.38,4870,7807.99,7812.71,7808.84,7810.14,975.02,975.13,975.07,974.93
CN7,16G 1M 1M 2048 16,4,4,2,1369,1713,2212,31589,946,1360,1183.88,4923,7808.64,7809.42,7812.02,7807.38,975.06,975.11,975.12,974.91
CN7,16G 1M 1M 2048 16,4,4,3,1401,1745,2212,46924,906,1298,1173.47,4869,7807.53,7809.19,7809.26,7806.15,975.06,975.1,975.09,974.9
CN7,16G 1M 1M 2048 16,8,4,1,2278,13829,36439,55837,536,1160,685.61,5732,9778.23,9777.05,9776.95,9776.36,1220.79,1220.82,1220.81,1220.73
CN7,16G 1M 1M 2048 16,8,4,2,2245,12780,34866,60031,530,1172,702.81,5827,10152.82,10153.14,10153.41,10153.61,1267.76,1267.79,1267.79,1267.73
CN7,16G 1M 1M 2048 16,8,4,3,2212,13698,36963,48497,566,1158,697.00,5767,9778.28,9778.7,9777.04,9777.74,1220.85,1220.84,1220.82,1220.73
CN7,32G 1M 1M 2048 16,1,4,1,857,1037,1336,11600,1270,1542,1428.80,1500,2582.07,2582.43,2582.78,2581.44,322.48,322.5,322.49,322.4
CN7,32G 1M 1M 2048 16,1,4,2,865,1074,1401,11207,1162,1566,1468.70,1541,2685.19,2685.28,2687.53,2684.09,335.35,335.37,335.35,335.25
CN7,32G 1M 1M 2048 16,1,4,3,848,1045,1270,11207,1170,1550,1452.09,1523,2580.78,2580.9,2580.73,2579.8,322.32,322.34,322.33,322.22
CN7,32G 1M 1M 2048 16,2,4,1,1385,1844,2376,22414,772,1410,1233.45,2563,4424.59,4425.47,4424.77,4424.78,552.54,552.56,552.56,552.48
CN7,32G 1M 1M 2048 16,2,4,2,1418,1926,2442,20317,714,1370,1233.57,2567,4424.7,4425.14,4424.98,4424.21,552.56,552.59,552.58,552.49
CN7,32G 1M 1M 2048 16,2,4,3,1450,1926,2343,20055,786,1382,1228.84,2554,4425.01,4423.85,4423.97,4423.05,552.35,552.42,552.39,552.32
CN7,32G 1M 1M 2048 16,4,4,1,1450,1811,2278,42206,788,1316,1127.07,4691,8248.31,8249.1,8249.01,8248.46,1030.04,1030.05,1030.06,1029.98
CN7,32G 1M 1M 2048 16,4,4,2,1450,1827,2311,40633,730,1316,1130.40,4731,8248.91,8249.42,8249.21,8248.02,1030.04,1030.09,1030.07,1029.99
CN7,32G 1M 1M 2048 16,4,4,3,1434,1811,2343,38536,874,1306,1135.14,4747,8249.2,8248.84,8249.25,8248.5,1030.08,1030.09,1030.07,1029.99
CN7,32G 1M 1M 2048 16,8,4,1,2442,13960,38011,55313,455,1158,674.18,5633,10123.07,10123.5,10123.48,10123.97,1264.07,1264.1,1264.09,1264.05
CN7,32G 1M 1M 2048 16,8,4,2,2474,13173,38011,98042,424,1162,675.75,5621,10124.71,10125.55,10125.74,10124.48,1264.14,1264.16,1264.2,1264.15
CN7,32G 1M 1M 2048 16,8,4,3,2278,13435,40109,123208,338,1156,668.60,5609,10124.59,10124.56,10124.58,10123.43,1264.12,1264.16,1264.16,1264.08
CN7,4G 1M 1M 4096 1,1,4,1,1221,1303,1909,4228,1284,1452,1375.20,1442,1622.19,1623.57,1622.92,1620.12,202.89,202.98,202.94,202.56
CN7,4G 1M 1M 4096 1,1,4,2,1172,1254,1614,2442,1302,1392,1361.60,1434,1618.69,1619.4,1619.09,1616.44,202.55,202.64,202.6,202.22
CN7,4G 1M 1M 4096 1,1,4,3,1237,1467,2409,3949,1208,1378,1295.67,1362,1619.68,1622.73,1619.25,1616.61,202.57,202.64,202.6,202.22
CN7,4G 1M 1M 4096 1,2,4,1,1237,1647,1926,3621,1168,1310,1277.83,2673,2988.68,2986.39,2989.25,2983.44,373.22,373.31,373.27,372.89
CN7,4G 1M 1M 4096 1,2,4,2,1254,1663,1876,2474,1176,1314,1275.33,2667,2988.51,2986.72,2986.25,2986.94,373.22,373.31,373.27,372.89
CN7,4G 1M 1M 4096 1,2,4,3,1254,1680,2540,5080,1156,1308,1271.17,2650,2986.01,2987.56,2986.25,2983.61,373.23,373.35,373.28,372.89
CN7,4G 1M 1M 4096 1,4,4,1,1254,1549,1893,2868,1052,1248,1188.92,4921,4905.01,4905.9,4905.78,4903.52,612.48,612.55,612.52,612.2
CN7,4G 1M 1M 4096 1,4,4,2,1237,1549,1827,2212,1100,1278,1172.92,4807,5720.34,5720.22,5722.75,5729.11,714.59,714.65,714.62,714.32
CN7,4G 1M 1M 4096 1,4,4,3,1221,1516,1958,6194,1092,1300,1202.54,5035,5721.85,5730.72,5730.58,5720.44,714.57,714.69,714.65,714.24
CN7,4G 1M 1M 4096 1,8,4,1,2057,16909,28705,56886,442,1210,717.50,5858,7465.34,7460.82,7460.94,7460.07,931.59,931.58,931.57,931.35
CN7,4G 1M 1M 4096 1,8,4,2,1942,17433,29230,36963,490,1178,721.30,5894,7460.46,7460.93,7318.84,7373.96,931.53,931.59,913.67,920.64
CN7,4G 1M 1M 4096 1,8,4,3,1942,17695,36439,42730,460,1184,712.29,5851,7432.02,7291.6,7444.73,7399.75,927.97,910.25,929.78,923.89
CN7,8G 1M 1M 4096 1,1,4,1,1221,1319,2180,7504,1150,1409,1337.67,1405,1991.69,1991.72,1991.85,1989.86,248.88,248.91,248.9,248.65
CN7,8G 1M 1M 4096 1,1,4,2,1188,1287,1663,11600,1184,1466,1373.64,1441,1990.24,1991.27,1990.95,1991.42,248.81,248.88,248.85,248.6
CN7,8G 1M 1M 4096 1,1,4,3,1221,1303,1991,12256,1156,1472,1394.45,1468,1991.46,1991.16,1990.95,1996.64,248.83,248.88,248.85,248.62
CN7,8G 1M 1M 4096 1,2,4,1,1237,1647,2008,24249,1150,1334,1282.17,2675,3812.91,3815.94,3813.62,3811.97,476.39,476.45,476.43,476.17
CN7,8G 1M 1M 4096 1,2,4,2,1237,1680,1893,19530,1172,1324,1276.92,2676,3809.35,3812.95,3809.7,3806.08,475.67,475.74,475.71,475.46
CN7,8G 1M 1M 4096 1,2,4,3,1254,1647,1860,21365,1186,1326,1286.92,2692,3813.02,3813.71,3818.73,3811.75,476.39,476.45,476.44,476.17
CN7,8G 1M 1M 4096 1,4,4,1,1237,1516,1811,39060,1046,1250,1185.58,4963,6713.82,6714.84,6712.76,6713.17,838.36,838.43,838.4,838.18
CN7,8G 1M 1M 4096 1,4,4,2,1254,1549,1942,36439,992,1260,1183.45,4852,6718.12,6713.75,6715.26,6713.58,838.39,838.46,838.44,838.21
CN7,8G 1M 1M 4096 1,4,4,3,1270,1565,1975,31327,962,1268,1186.26,4904,6713.62,6714.95,6714.66,6713.38,838.34,838.44,838.42,838.19
CN7,8G 1M 1M 4096 1,8,4,1,2638,20055,33817,57410,414,1152,618.38,5144,7809.6,7810.8,7809.57,7808.87,975.1,975.16,975.11,974.99
CN7,8G 1M 1M 4096 1,8,4,2,2376,20317,33424,49021,444,1168,612.98,5101,8107.71,8153.54,8081.24,8251.18,1012.42,1018.07,1009.06,1029.93
CN7,8G 1M 1M 4096 1,8,4,3,2212,20055,36439,68682,446,1164,627.51,5217,8216.97,8231.86,8252.24,8264.44,1026.02,1027.52,1030.08,1031.92
CN7,16G 1M 1M 4096 1,1,4,1,1205,1287,1926,10159,1178,1450,1359.50,1426,2287.61,2290.92,2287.84,2285.88,285.63,285.69,285.65,285.5
CN7,16G 1M 1M 4096 1,1,4,2,1172,1254,1844,12387,1138,1398,1369.83,1437,2293.17,2287.92,2288.33,2287.34,285.87,285.86,285.86,285.71
CN7,16G 1M 1M 4096 1,1,4,3,1205,1287,1876,11994,1264,1397,1355.71,1422,2288.17,2288.52,2288.26,2287.21,285.85,285.88,285.86,285.71
CN7,16G 1M 1M 4096 1,2,4,1,1270,1696,1942,20579,1168,1306,1275.52,2673,4195.41,4196.11,4195.62,4195.76,523.99,524.03,524.01,523.87
CN7,16G 1M 1M 4096 1,2,4,2,1254,1647,1893,20055,1168,1358,1286.00,2694,4195.78,4195.86,4195.94,4196.2,524.02,524.04,524.03,523.89
CN7,16G 1M 1M 4096 1,2,4,3,1254,1663,1893,17695,1128,1304,1275.12,2673,4196.72,4197.3,4197.13,4194.88,524.02,524.05,524.03,523.89
CN7,16G 1M 1M 4096 1,4,4,1,1336,1663,2057,32375,802,1280,1149.55,4674,7375.37,7374.1,7375.78,7374.62,920.93,920.93,920.94,920.82
CN7,16G 1M 1M 4096 1,4,4,2,1369,1663,2057,35390,754,1256,1127.82,4572,7375.26,7375.22,7374.56,7374.63,920.93,920.94,920.95,920.82
CN7,16G 1M 1M 4096 1,4,4,3,1319,1614,1942,28967,880,1318,1153.84,4745,7808.93,7808.18,7809.48,7700.02,975.09,975.13,975.12,961.58
CN7,16G 1M 1M 4096 1,8,4,1,2638,21890,35390,41157,406,1178,587.51,4878,8512.54,8496.3,8496.33,8515.92,1062.95,1060.73,1060.74,1063.17
CN7,16G 1M 1M 4096 1,8,4,2,3195,21365,34341,41681,422,1150,590.24,4921,8516.65,8515.4,8515.5,8515.02,1063.3,1063.31,1063.31,1063.24
CN7,16G 1M 1M 4096 1,8,4,3,3752,22152,35390,48497,394,1156,576.95,4812,8428.56,8515.6,8422.99,8391.19,1052.47,1063.32,1051.71,1047.76
CN7,32G 1M 1M 4096 1,1,4,1,1205,1287,1549,9634,1224,1478,1427.91,1496,2582.02,2582.38,2582.42,2582.54,322.49,322.51,322.51,322.42
CN7,32G 1M 1M 4096 1,1,4,2,1205,1287,1467,9634,1296,1462,1394.02,1463,2580.5,2580.83,2581.05,2580.48,322.32,322.35,322.35,322.27
CN7,32G 1M 1M 4096 1,1,4,3,1172,1254,1582,11600,1220,1456,1383.15,1451,2486.24,2486.77,2486.44,2485.86,310.52,310.53,310.54,310.45
CN7,32G 1M 1M 4096 1,2,4,1,1516,2073,2606,19792,806,1348,1199.62,2499,4425.19,4424.39,4425.43,4424.3,552.55,552.55,552.57,552.49
CN7,32G 1M 1M 4096 1,2,4,2,1614,2180,2704,20055,738,1450,1178.35,2434,4282.34,4282.29,4282.45,4282.01,534.76,534.76,534.77,534.7
CN7,32G 1M 1M 4096 1,2,4,3,1549,2089,2573,18744,790,1348,1193.14,2484,4282.02,4282.26,4282.26,4284.3,534.75,534.73,534.75,534.71
CN7,32G 1M 1M 4096 1,4,4,1,1385,1713,12649,34866,782,1300,1094.07,4530,7996.07,7998.11,7996.55,7995.51,998.48,998.52,998.53,998.43
CN7,32G 1M 1M 4096 1,4,4,2,1401,1713,6849,37487,836,1332,1103.28,4592,7996.67,7997.32,7998.87,7996.99,998.53,998.59,998.6,998.52
CN7,32G 1M 1M 4096 1,4,4,3,1369,1680,9241,36439,780,1324,1110.45,4474,7765.65,7763.78,7763.52,7763.76,969.5,969.5,969.49,969.43
CN7,32G 1M 1M 4096 1,8,4,1,3228,22414,35914,63701,384,1182,567.55,4723,8627.09,8580.31,8618.17,8598.83,1077.22,1071.41,1076.1,1073.7
CN7,32G 1M 1M 4096 1,8,4,2,3032,22152,39584,65274,392,1160,567.47,4719,8630.28,8630.08,8613.48,8627.99,1077.63,1077.62,1075.57,1077.33
CN7,32G 1M 1M 4096 1,8,4,3,4146,22152,38011,51119,418,1172,564.71,4715,8602.15,8595.96,8618.52,8633.39,1073.8,1072.88,1075.8,1077.56
CN7,4G 1M 1M 4096 4,1,4,1,1221,1319,2180,2474,1303,1430,1362.17,1428,1621.97,1627.35,1632.37,1619.57,202.94,203.05,203.01,202.61
CN7,4G 1M 1M 4096 4,1,4,2,1172,1287,2024,2376,1222,1412,1354.17,1422,1618.97,1620.35,1619.37,1616.73,202.61,202.71,202.66,202.28
CN7,4G 1M 1M 4096 4,1,4,3,1188,1287,1893,2311,1226,1398,1345.83,1413,1619.47,1620.18,1619.87,1620.23,202.63,202.72,202.68,202.3
CN7,4G 1M 1M 4096 4,2,4,1,1221,1614,1942,5014,1184,1334,1288.42,2702,2986.3,2987.01,2989.7,2984.06,373.3,373.38,373.35,372.97
CN7,4G 1M 1M 4096 4,2,4,2,1254,1663,1844,2442,1162,1324,1287.67,2686,2989.3,2990.34,2987.03,2987.23,373.3,373.38,373.34,372.97
CN7,4G 1M 1M 4096 4,2,4,3,1254,1663,1991,4752,1228,1318,1291.67,2708,2996.96,2987.34,2986.87,2984.39,373.33,373.39,373.35,372.97
CN7,4G 1M 1M 4096 4,4,4,1,1336,1762,2245,9110,1160,1314,1226.75,5099,5720.13,5721.01,5723.7,5721.06,714.64,714.72,714.69,714.31
CN7,4G 1M 1M 4096 4,4,4,2,1352,1729,2343,5604,1120,1261,1214.88,5059,5723.13,5724.01,5723.37,5717.89,714.65,714.74,714.7,714.32
CN7,4G 1M 1M 4096 4,4,4,3,1369,1762,2409,6390,1126,1266,1206.75,5009,5720.13,5724.01,5721.87,5721.23,714.65,714.74,714.73,714.32
CN7,4G 1M 1M 4096 4,8,4,1,1745,11600,38536,54789,552,1184,799.95,6455,8380.86,8383.49,8382.11,8383.18,1046.51,1046.65,1046.49,1046.2
CN7,4G 1M 1M 4096 4,8,4,2,1762,11076,35390,42206,500,1152,800.30,6606,8323.23,8400.89,8321.65,8391.55,1039.29,1048.16,1038.13,1047.76
CN7,4G 1M 1M 4096 4,8,4,3,1778,12125,41681,50070,536,1186,806.06,6532,8396.98,8395.39,8394.16,8393.43,1048.08,1048.13,1048.1,1047.91
CN7,8G 1M 1M 4096 4,1,4,1,1188,1287,1909,10028,1234,1408,1358.33,1425,1992.66,1992.46,1991.15,1989.61,248.86,248.95,248.92,248.67
CN7,8G 1M 1M 4096 4,1,4,2,1205,1287,1926,12256,1292,1470,1362.00,1436,1993.43,1993.79,1991.92,1990.39,248.9,248.93,248.94,248.68
CN7,8G 1M 1M 4096 4,1,4,3,1188,1303,2057,12125,1214,1364,1325.08,1392,1990.65,1991.57,1992.92,1989.16,248.86,248.93,248.89,248.64
CN7,8G 1M 1M 4096 4,2,4,1,1188,1598,1958,22938,1196,1408,1306.29,2734,3813.76,3814.35,3815.48,3812.27,476.45,476.5,476.47,476.22
CN7,8G 1M 1M 4096 4,2,4,2,1221,1647,1876,22152,1160,1322,1289.75,2700,3813.1,3813.9,3813.81,3814.27,476.42,476.5,476.47,476.22
CN7,8G 1M 1M 4096 4,2,4,3,1221,1647,2008,6587,1198,1330,1270.58,2658,3815.32,3816.57,3813.59,3812.72,476.43,476.51,476.47,476.24
CN7,8G 1M 1M 4096 4,4,4,1,1369,1745,2180,18744,1076,1382,1218.98,5026,6712.19,6713.81,6715.33,6713.65,838.42,838.49,838.48,838.24
CN7,8G 1M 1M 4096 4,4,4,2,1369,1745,2245,31589,1053,1306,1201.88,5031,6711.99,6715.52,6715.13,6718.55,838.42,838.49,838.47,838.27
CN7,8G 1M 1M 4096 4,4,4,3,1401,1745,2245,39060,1016,1280,1208.81,5020,6714.19,6719.92,6720.04,6713.55,838.42,838.54,838.51,838.25
CN7,8G 1M 1M 4096 4,8,4,1,1942,16909,41157,66323,440,1142,695.71,5740,8854.07,8851.08,8850.63,8849.64,1105.17,1105.17,1105.15,1104.98
CN7,8G 1M 1M 4096 4,8,4,2,1811,16188,47973,73925,476,1139,708.71,5831,8851.34,8851.29,8851.37,8850.24,1105.17,1105.21,1105.19,1105.04
CN7,8G 1M 1M 4096 4,8,4,3,1991,17957,44303,106431,442,1158,677.78,5597,8851.15,8851.3,8851.84,8850.85,1105.19,1105.21,1105.21,1105.05
CN7,16G 1M 1M 4096 4,1,4,1,1172,1270,1680,11338,1208,1390,1349.67,1416,2288.28,2289.3,2289.38,2289.59,285.9,285.97,285.96,285.81
CN7,16G 1M 1M 4096 4,1,4,2,1188,1270,1696,10159,1228,1450,1362.46,1429,2287.95,2288.17,2288.58,2291.26,285.86,285.9,285.89,285.76
CN7,16G 1M 1M 4096 4,1,4,3,1188,1270,1729,10290,1240,1410,1352.92,1419,2287.88,2288.17,2288.64,2287.52,285.86,285.89,285.9,285.74
CN7,16G 1M 1M 4096 4,2,4,1,1254,1680,1926,18744,1176,1327,1264.64,2650,4193.53,4196.61,4192.56,4191.57,523.62,523.66,523.64,523.5
CN7,16G 1M 1M 4096 4,2,4,2,1303,1680,1958,18482,1160,1312,1268.48,2658,4195.95,4196.53,4200.67,4195.24,524.05,524.09,524.08,523.92
CN7,16G 1M 1M 4096 4,2,4,3,1221,1631,1876,19530,1194,1340,1302.72,2731,4195.89,4196.22,4196.17,4196.18,524.05,524.08,524.06,523.92
CN7,16G 1M 1M 4096 4,4,4,1,1483,1876,2376,45876,948,1288,1152.44,4804,7809.37,7809.51,7809.4,7808.52,975.13,975.16,975.15,975.0
CN7,16G 1M 1M 4096 4,4,4,2,1500,1860,2245,37487,882,1268,1142.57,4739,7811.2,7809.57,7808.58,7808.59,975.09,975.17,975.15,975.02
CN7,16G 1M 1M 4096 4,4,4,3,1467,1876,2376,33817,878,1328,1163.34,4836,7808.38,7809.34,7809.35,7808.65,975.07,975.15,975.13,975.01
CN7,16G 1M 1M 4096 4,8,4,1,1991,19268,50070,67634,460,1153,638.77,5297,9102.02,9102.82,9102.76,9101.97,1136.59,1136.65,1136.64,1136.54
CN7,16G 1M 1M 4096 4,8,4,2,1975,19006,50070,70779,463,1144,651.49,5438,9099.28,9104.69,9102.94,9103.66,1136.24,1136.26,1136.25,1136.21
CN7,16G 1M 1M 4096 4,8,4,3,2040,18482,43779,85459,452,1186,654.83,5413,9427.75,9428.19,9429.7,9427.52,1177.23,1177.27,1177.27,1177.18
CN7,32G 1M 1M 4096 4,1,4,1,1139,1221,1450,10421,1280,1428,1396.87,1465,2488.83,2490.43,2488.77,2489.85,310.57,310.62,310.61,310.52
CN7,32G 1M 1M 4096 4,1,4,2,1172,1254,1549,10421,1234,1382,1351.33,1417,2486.01,2486.76,2486.62,2485.81,310.53,310.56,310.55,310.46
CN7,32G 1M 1M 4096 4,1,4,3,1172,1254,1450,9634,1148,1378,1352.27,1418,2486.05,2486.72,2487.32,2485.88,310.53,310.56,310.55,310.47
CN7,32G 1M 1M 4096 4,2,4,1,1500,1975,2409,19530,832,1360,1204.02,2526,4424.26,4424.33,4424.41,4423.71,552.42,552.44,552.44,552.36
CN7,32G 1M 1M 4096 4,2,4,2,1582,2180,2769,18482,784,1342,1182.43,2476,4282.37,4283.12,4282.44,4282.0,534.77,534.79,534.78,534.71
CN7,32G 1M 1M 4096 4,2,4,3,1385,1844,2442,16057,816,1344,1209.76,2534,4425.18,4425.96,4425.96,4424.7,552.6,552.62,552.61,552.53
CN7,32G 1M 1M 4096 4,4,4,1,1532,1909,2442,38536,716,1330,1108.59,4622,7999.68,7999.33,7998.76,7998.82,998.89,998.9,998.88,998.79
CN7,32G 1M 1M 4096 4,4,4,2,1516,1909,2376,40109,808,1286,1111.91,4611,7999.54,7999.7,7999.64,7999.07,998.88,998.9,998.89,998.82
CN7,32G 1M 1M 4096 4,4,4,3,1516,1893,2343,36963,884,1290,1110.62,4579,7999.0,7999.67,7999.1,8000.65,998.88,998.9,998.89,998.83
CN7,32G 1M 1M 4096 4,8,4,1,1958,19006,48497,96994,258,1142,637.12,5324,9569.73,9570.49,9570.51,9569.29,1194.96,1194.95,1194.94,1194.88
CN7,32G 1M 1M 4096 4,8,4,2,1991,19530,45876,66323,444,1150,646.39,5379,9575.88,9575.29,9575.04,9575.11,1195.21,1195.21,1195.21,1195.17
CN7,32G 1M 1M 4096 4,8,4,3,2008,19006,46400,61080,452,1112,638.27,5301,9574.97,9571.55,9571.41,9571.38,1195.21,1195.19,1195.18,1195.14
CN7,4G 1M 1M 4096 8,1,4,1,1221,1450,2024,2442,1168,1384,1279.67,1342,1394.23,1406.69,1395.0,1392.46,174.04,174.11,174.08,173.75
CN7,4G 1M 1M 4096 8,1,4,2,1237,1450,2180,2507,1192,1383,1301.50,1369,1620.26,1623.47,1620.0,1617.36,202.69,202.78,202.74,202.36
CN7,4G 1M 1M 4096 8,1,4,3,1205,1303,2147,5145,1220,1372,1332.00,1399,1623.26,1620.97,1620.5,1617.86,202.71,202.79,202.75,202.38
CN7,4G 1M 1M 4096 8,2,4,1,1221,1663,2057,9896,1214,1324,1290.67,2691,2990.09,2988.13,2990.99,2985.03,373.38,373.48,373.44,373.06
CN7,4G 1M 1M 4096 8,2,4,2,1270,1663,2409,7832,1172,1308,1270.00,2661,2987.09,2987.8,2987.49,2988.02,373.38,373.47,373.43,373.05
CN7,4G 1M 1M 4096 8,2,4,3,1270,1680,1958,7046,1154,1320,1272.83,2659,2987.09,2987.8,2990.49,2992.36,373.38,373.47,373.43,373.08
CN7,4G 1M 1M 4096 8,4,4,1,1336,1713,2376,14484,1076,1284,1206.25,4994,5724.09,5732.3,5731.82,5718.69,714.72,714.83,714.79,714.39
CN7,4G 1M 1M 4096 8,4,4,2,1254,1729,2180,2376,1168,1352,1263.33,5189,4906.79,4903.97,4904.42,4904.31,612.64,612.69,612.66,612.33
CN7,4G 1M 1M 4096 8,4,4,3,1319,1713,2057,2409,1160,1290,1242.25,5168,5730.92,5725.13,5724.32,5720.86,714.71,714.85,714.76,714.36
CN7,4G 1M 1M 4096 8,8,4,1,1729,8094,46924,72877,548,1144,833.96,6768,8395.32,8394.73,8395.74,8392.39,1048.13,1048.16,1048.18,1047.84
CN7,4G 1M 1M 4096 8,8,4,2,1696,9765,38011,80217,552,1166,832.01,6711,8394.82,8395.48,8395.0,8392.77,1048.11,1048.18,1048.15,1047.86
CN7,4G 1M 1M 4096 8,8,4,3,1745,11731,33817,77071,560,1176,807.47,6608,8394.45,8398.74,8399.88,8397.03,1048.09,1048.17,1048.19,1047.86
CN7,8G 1M 1M 4096 8,1,4,1,1205,1352,2180,9634,1178,1393,1329.17,1395,1993.52,1995.21,1992.01,1992.36,248.98,249.04,248.98,248.73
CN7,8G 1M 1M 4096 8,1,4,2,1205,1303,1811,10683,1224,1390,1338.92,1404,1991.74,1991.99,1992.34,1990.58,248.92,248.98,248.99,248.74
CN7,8G 1M 1M 4096 8,1,4,3,1188,1303,1975,11207,1208,1462,1361.08,1428,1991.07,1991.99,1991.34,1991.58,248.91,248.98,248.95,248.69
CN7,8G 1M 1M 4096 8,2,4,1,1254,1713,1942,21627,1162,1314,1279.67,2683,3813.96,3816.54,3815.78,3812.03,476.48,476.54,476.51,476.26
CN7,8G 1M 1M 4096 8,2,4,2,1221,1631,1926,16909,1171,1342,1291.46,2709,3820.96,3814.43,3815.67,3812.14,476.51,476.55,476.51,476.26
CN7,8G 1M 1M 4096 8,2,4,3,1237,1631,1876,21103,1178,1314,1288.54,2698,3814.4,3814.88,3813.78,3814.03,476.5,476.56,476.51,476.26
CN7,8G 1M 1M 4096 8,4,4,1,1385,1745,2180,43779,1070,1262,1183.81,4883,6715.06,6715.39,6715.4,6714.02,838.47,838.52,838.51,838.29
CN7,8G 1M 1M 4096 8,4,4,2,1418,1778,2311,46924,1012,1292,1194.48,4965,6713.37,6715.79,6714.91,6711.43,838.5,838.55,838.5,838.27
CN7,8G 1M 1M 4096 8,4,4,3,1385,1745,2278,40633,972,1260,1193.88,4976,6715.67,6715.8,6713.11,6713.53,838.5,838.55,838.5,838.27
CN7,8G 1M 1M 4096 8,8,4,1,1844,14615,45876,61604,476,1180,723.61,6030,8851.12,8851.67,8851.21,8852.36,1105.17,1105.22,1105.19,1105.01
CN7,8G 1M 1M 4096 8,8,4,2,1811,14877,50594,66323,492,1168,715.24,5845,8850.92,8854.14,8853.68,8848.56,1105.16,1105.21,1105.2,1105.04
CN7,8G 1M 1M 4096 8,8,4,3,1811,14484,54264,84411,506,1162,717.53,5952,9486.21,9486.94,9483.24,9482.04,1184.12,1184.17,1184.11,1183.96
CN7,16G 1M 1M 4096 8,1,4,1,1188,1270,1696,11207,1244,1402,1367.96,1435,2289.74,2291.42,2289.5,2287.71,286.0,286.0,285.99,285.8
CN7,16G 1M 1M 4096 8,1,4,2,1123,1221,1270,10028,1312,1432,1400.26,1468,2287.99,2287.12,2286.9,2285.37,285.66,285.7,285.69,285.53
CN7,16G 1M 1M 4096 8,1,4,3,1188,1287,2114,11338,1258,1396,1353.08,1419,2290.0,2288.88,2289.63,2287.24,285.9,285.94,285.91,285.76
CN7,16G 1M 1M 4096 8,2,4,1,1221,1614,1942,21627,1176,1386,1283.12,2688,4195.81,4196.14,4195.46,4196.04,524.05,524.08,524.05,523.92
CN7,16G 1M 1M 4096 8,2,4,2,1270,1680,1942,17957,1148,1304,1267.70,2657,4196.0,4196.27,4196.09,4195.04,524.06,524.09,524.07,523.93
CN7,16G 1M 1M 4096 8,2,4,3,1237,1647,1942,15139,1166,1414,1295.56,2716,4475.8,4477.49,4475.16,4474.11,559.0,559.03,558.98,558.83
CN7,16G 1M 1M 4096 8,4,4,1,1467,1860,2343,39584,840,1296,1155.57,4796,7808.59,7808.96,7809.62,7808.1,975.16,975.19,975.16,975.0
CN7,16G 1M 1M 4096 8,4,4,2,1483,1876,2343,30540,832,1289,1142.23,4722,7809.72,7813.08,7808.27,7810.63,975.16,975.21,975.16,975.0
CN7,16G 1M 1M 4096 8,4,4,3,1467,1844,2245,32375,896,1338,1160.35,4743,7808.78,7809.91,7812.8,7807.93,975.16,975.19,975.19,974.99
CN7,16G 1M 1M 4096 8,8,4,1,1942,16581,49021,67634,486,1143,676.86,5633,9779.01,9777.69,9777.55,9776.26,1220.86,1220.89,1220.88,1220.75
CN7,16G 1M 1M 4096 8,8,4,2,1942,17171,54789,89654,385,1149,668.08,5575,9431.95,9432.32,9431.32,9427.72,1177.29,1177.31,1177.3,1177.22
CN7,16G 1M 1M 4096 8,8,4,3,1893,17171,47449,108528,429,1172,684.17,5721,9427.6,9428.72,9428.36,9427.66,1177.27,1177.32,1177.28,1177.21
CN7,32G 1M 1M 4096 8,1,4,1,1188,1270,1549,10552,1140,1398,1364.47,1432,2490.15,2491.42,2490.94,2489.02,310.62,310.64,310.63,310.55
CN7,32G 1M 1M 4096 8,1,4,2,1156,1237,1647,9765,1212,1412,1378.11,1446,2485.69,2485.84,2485.84,2485.06,310.44,310.46,310.45,310.36
CN7,32G 1M 1M 4096 8,1,4,3,1205,1303,1614,10814,1244,1442,1379.85,1447,2486.48,2486.83,2486.72,2485.69,310.55,310.58,310.57,310.47
CN7,32G 1M 1M 4096 8,2,4,1,1598,2114,2638,20317,764,1380,1169.70,2452,4282.61,4284.75,4282.98,4282.28,534.75,534.79,534.77,534.7
CN7,32G 1M 1M 4096 8,2,4,2,1500,1958,2409,20055,830,1344,1193.13,2505,4425.27,4425.41,4427.68,4424.66,552.62,552.63,552.64,552.55
CN7,32G 1M 1M 4096 8,2,4,3,1598,2114,2671,20579,792,1330,1175.13,2454,4282.97,4283.3,4283.28,4281.67,534.78,534.81,534.79,534.7
CN7,32G 1M 1M 4096 8,4,4,1,1549,1942,2474,37487,800,1308,1100.68,4583,8001.04,8000.08,7999.48,7998.69,998.9,998.91,998.88,998.79
CN7,32G 1M 1M 4096 8,4,4,2,1532,1893,2409,40633,884,1286,1098.05,4564,7999.26,7999.78,7999.12,7999.03,998.92,998.91,998.91,998.83
CN7,32G 1M 1M 4096 8,4,4,3,1532,1909,2442,39060,836,1280,1102.92,4613,7999.78,7999.88,7999.73,7998.56,998.9,998.91,998.91,998.84
CN7,32G 1M 1M 4096 8,8,4,1,1975,17433,51119,84411,250,1135,656.57,5479,9932.85,9932.91,9932.86,9932.35,1240.28,1240.29,1240.29,1240.24
CN7,32G 1M 1M 4096 8,8,4,2,1942,16909,48497,71828,408,1128,666.17,5565,9937.06,9934.71,9933.75,9934.42,1240.31,1240.34,1240.32,1240.29
CN7,32G 1M 1M 4096 8,8,4,3,1975,17957,49546,78119,409,1160,654.13,5470,9935.54,9931.92,9935.2,9934.3,1240.1,1240.09,1240.07,1240.04
CN7,4G 1M 1M 4096 16,1,4,1,1188,1319,1909,2474,1220,1392,1333.00,1400,1624.39,1625.27,1624.29,1621.33,203.12,203.2,203.17,202.79
CN7,4G 1M 1M 4096 16,1,4,2,1205,1287,1762,2278,1182,1406,1343.33,1409,1620.89,1624.76,1621.29,1618.66,202.77,202.86,202.82,202.44
CN7,4G 1M 1M 4096 16,1,4,3,1188,1287,2442,5145,1242,1384,1350.67,1417,1620.72,1621.43,1621.12,1621.66,202.78,202.87,202.83,202.45
CN7,4G 1M 1M 4096 16,2,4,1,1254,1647,2040,13042,1170,1328,1276.50,2651,2987.72,2991.42,2991.28,2988.49,373.46,373.55,373.51,373.13
CN7,4G 1M 1M 4096 16,2,4,2,1287,1663,1926,2573,1173,1310,1279.00,2675,2990.55,2991.59,2988.12,2985.49,373.45,373.54,373.5,373.12
CN7,4G 1M 1M 4096 16,2,4,3,1237,1713,2008,3752,1192,1346,1298.33,2712,2987.71,2988.75,2991.12,2985.49,373.46,373.54,373.5,373.13
CN7,4G 1M 1M 4096 16,4,4,1,1385,1745,2278,12518,1082,1256,1196.58,4975,5721.38,5722.09,5721.95,5722.32,714.8,714.89,714.85,714.47
CN7,4G 1M 1M 4096 16,4,4,2,1401,1762,2089,2343,1116,1253,1194.00,4864,5724.88,5725.26,5724.62,5722.15,714.79,714.85,714.82,714.44
CN7,4G 1M 1M 4096 16,4,4,3,1385,1745,2073,2311,1126,1296,1207.29,5029,5721.38,5725.42,5722.28,5729.65,714.8,714.89,714.84,714.49
CN7,4G 1M 1M 4096 16,8,4,1,1729,10028,41157,79168,568,1134,807.19,6646,8394.91,8399.19,8401.09,8393.24,1048.15,1048.27,1048.23,1047.91
CN7,4G 1M 1M 4096 16,8,4,2,1663,7373,62653,84411,564,1154,789.92,6470,8400.29,8395.32,8393.47,8392.62,1048.21,1048.21,1048.22,1047.9
CN7,4G 1M 1M 4096 16,8,4,3,1647,3851,60556,82314,580,1150,822.14,6702,8396.05,8396.08,8396.1,8390.63,1048.14,1048.21,1048.18,1047.39
CN7,8G 1M 1M 4096 16,1,4,1,1205,1336,2040,10552,1212,1380,1321.50,1387,1993.27,1994.74,1993.87,1990.67,249.0,249.06,249.05,248.78
CN7,8G 1M 1M 4096 16,1,4,2,1188,1303,2147,9634,1232,1400,1351.83,1418,1992.04,1992.52,1992.31,1990.45,248.97,249.03,249.01,248.75
CN7,8G 1M 1M 4096 16,1,4,3,1221,1303,1893,11863,1170,1452,1362.45,1437,1994.27,1992.4,1994.31,1990.56,248.97,249.03,249.01,248.75
CN7,8G 1M 1M 4096 16,2,4,1,1254,1663,1893,15795,1162,1318,1283.67,2689,3814.49,3814.85,3814.75,3814.89,476.54,476.59,476.57,476.32
CN7,8G 1M 1M 4096 16,2,4,2,1270,1663,1942,20317,1160,1304,1273.25,2669,3814.71,3814.96,3814.53,3819.89,476.54,476.6,476.58,476.34
CN7,8G 1M 1M 4096 16,2,4,3,1254,1663,1893,23462,1202,1318,1286.08,2689,3814.93,3817.29,3817.64,3812.78,476.56,476.62,476.61,476.33
CN7,8G 1M 1M 4096 16,4,4,1,1401,1778,2180,33424,1046,1286,1202.46,4999,6715.64,6721.06,6720.88,6714.0,838.52,838.6,838.58,838.31
CN7,8G 1M 1M 4096 16,4,4,2,1418,1795,2245,42206,988,1282,1184.55,4850,6713.84,6716.27,6716.18,6714.81,838.54,838.6,838.58,838.35
CN7,8G 1M 1M 4096 16,4,4,3,1385,1729,2311,43254,1070,1254,1182.56,4908,6721.05,6714.87,6716.29,6712.81,838.58,838.6,838.58,838.35
CN7,8G 1M 1M 4096 16,8,4,1,1827,16319,44827,58459,524,1172,719.30,5966,9483.32,9483.84,9483.35,9482.51,1184.12,1184.17,1184.14,1183.98
CN7,8G 1M 1M 4096 16,8,4,2,1844,14091,45876,91751,500,1186,729.62,6080,8851.24,8851.59,8851.53,8850.41,1105.21,1105.23,1105.21,1105.04
CN7,8G 1M 1M 4096 16,8,4,3,1713,11863,64226,99091,479,1138,721.38,6008,8851.71,8854.86,8854.54,8853.55,1105.25,1105.29,1105.27,1105.12
CN7,16G 1M 1M 4096 16,1,4,1,1221,1303,1647,10421,1208,1461,1380.74,1448,2289.79,2290.2,2289.81,2288.56,286.0,286.04,286.02,285.86
CN7,16G 1M 1M 4096 16,1,4,2,1188,1287,1909,11469,1150,1406,1360.88,1427,2288.85,2289.13,2289.01,2288.69,285.93,285.97,285.95,285.79
CN7,16G 1M 1M 4096 16,1,4,3,1188,1287,1991,10159,1192,1460,1364.30,1433,2288.98,2289.33,2290.41,2287.56,285.94,285.97,285.96,285.79
CN7,16G 1M 1M 4096 16,2,4,1,1254,1663,1893,18744,1158,1320,1276.12,2673,4197.3,4197.56,4196.26,4195.84,524.08,524.11,524.1,523.94
CN7,16G 1M 1M 4096 16,2,4,2,1254,1680,1926,18482,1162,1320,1281.24,2684,4200.8,4196.75,4197.7,4195.28,524.12,524.14,524.12,523.96
CN7,16G 1M 1M 4096 16,2,4,3,1254,1647,1909,17433,1186,1352,1292.12,2706,4196.55,4196.63,4196.7,4196.9,524.1,524.13,524.12,523.98
CN7,16G 1M 1M 4096 16,4,4,1,1483,1827,2278,31589,828,1253,1130.11,4655,7376.21,7376.45,7375.24,7375.36,921.02,921.05,921.03,920.91
CN7,16G 1M 1M 4096 16,4,4,2,1467,1860,2409,36439,880,1290,1153.49,4824,7808.88,7809.13,7810.14,7809.09,975.19,975.22,975.21,975.07
CN7,16G 1M 1M 4096 16,4,4,3,1467,1827,2311,33424,790,1298,1151.75,4722,7809.94,7810.19,7808.97,7808.1,975.19,975.22,975.21,975.07
CN7,16G 1M 1M 4096 16,8,4,1,1827,15926,60031,78119,450,1190,682.20,5678,9777.41,9779.24,9777.61,9778.62,1220.87,1220.9,1220.88,1220.8
CN7,16G 1M 1M 4096 16,8,4,2,1876,15926,53740,94897,506,1156,686.06,5720,9777.53,9777.87,9779.32,9777.07,1220.89,1220.91,1220.91,1220.81
CN7,16G 1M 1M 4096 16,8,4,3,1827,17171,67634,106431,322,1162,672.81,5612,9781.17,9778.1,9778.04,9777.64,1220.92,1220.93,1220.93,1220.84
CN7,32G 1M 1M 4096 16,1,4,1,1172,1254,1303,10159,1276,1406,1378.68,1446,2487.7,2487.85,2487.3,2486.61,310.6,310.62,310.62,310.54
CN7,32G 1M 1M 4096 16,1,4,2,1188,1270,1352,10552,1228,1398,1370.06,1437,2486.7,2486.78,2487.64,2486.42,310.58,310.59,310.59,310.51
CN7,32G 1M 1M 4096 16,1,4,3,1172,1254,1582,10290,1232,1458,1376.11,1443,2486.55,2486.74,2487.19,2486.42,310.57,310.59,310.59,310.51
CN7,32G 1M 1M 4096 16,2,4,1,1549,2024,2540,19530,762,1324,1187.10,2486,4425.09,4424.73,4425.14,4425.28,552.61,552.6,552.62,552.54
CN7,32G 1M 1M 4096 16,2,4,2,1532,1975,2507,20841,816,1334,1201.41,2513,4426.03,4425.8,4425.58,4424.88,552.62,552.62,552.63,552.56
CN7,32G 1M 1M 4096 16,2,4,3,1500,2008,2573,21627,774,1348,1206.41,2513,4426.37,4425.41,4426.21,4425.29,552.64,552.64,552.65,552.55
CN7,32G 1M 1M 4096 16,4,4,1,1549,1958,2442,36439,804,1310,1101.93,4586,7999.49,7999.64,7999.53,8000.87,998.91,998.91,998.92,998.86
CN7,32G 1M 1M 4096 16,4,4,2,1549,1926,2540,38011,856,1276,1103.40,4569,7999.8,8001.23,7999.87,7998.81,998.91,998.93,998.92,998.85
CN7,32G 1M 1M 4096 16,4,4,3,1532,1926,2540,40109,840,1360,1106.04,4601,7996.87,7997.61,7999.03,7997.06,998.61,998.65,998.64,998.57
CN7,32G 1M 1M 4096 16,8,4,1,1827,16909,64226,137364,196,1136,660.59,5508,9933.6,9932.87,9932.85,9932.42,1240.28,1240.28,1240.28,1240.24
CN7,32G 1M 1M 4096 16,8,4,2,1860,16450,60031,90702,415,1175,668.09,5547,9936.55,9936.76,9936.86,9936.43,1240.32,1240.33,1240.33,1240.29
CN7,32G 1M 1M 4096 16,8,4,3,1926,16450,62129,110625,381,1176,658.48,5479,9934.55,9931.84,9937.37,9933.68,1240.08,1240.11,1240.13,1240.06
