0919-0038
CN7,4G,1,1,1,8291,9372,10421,12911,164,192,182.18,191,12338.67,74.64,74.74,74.83,255.17,9.03,9.06,9.05
CN7,4G,1,1,2,8455,9372,10290,11207,160,190,175.43,184,74.81,12323.09,74.73,74.82,9.07,264.42,9.06,9.05
CN7,4G,1,1,3,8291,9241,10421,10945,159,196,183.27,192,77.62,79.35,12376.84,77.35,9.07,9.18,266.44,9.05
CN7,4G,1,2,1,8094,9372,10421,11076,177,190,184.43,194,5982.91,77.63,77.74,6187.52,129.04,9.39,9.42,125.89
CN7,4G,1,2,2,8586,9765,10814,12256,162,186,176.11,185,77.58,74.64,5968.86,5993.47,9.07,9.03,122.58,138.17
CN7,4G,1,2,3,8160,9110,10159,10945,170,192,181.38,190,6206.84,6178.79,74.76,74.82,123.92,134.51,9.05,9.05
CN7,4G,1,4,1,8356,9896,11076,11863,172,186,179.24,188,2909.66,3262.84,3162.17,2931.47,65.71,72.0,66.48,66.32
CN7,4G,1,4,2,8356,9896,10945,12780,170,186,177.33,186,3102.93,3312.57,3217.06,3073.13,68.6,73.01,67.52,67.14
CN7,4G,1,4,3,8291,9896,10683,12780,174,192,183.95,193,3232.85,3456.99,3308.97,3182.26,70.8,71.0,67.64,70.06
CN7,4G,1,8,1,8225,9765,10814,13960,164,192,181.71,191,3064.93,3291.15,3074.99,2896.51,64.22,67.24,64.49,66.12
CN7,4G,1,8,2,8029,9503,10683,11469,170,192,185.57,195,3201.65,3361.52,3158.91,2994.25,68.76,68.06,66.53,67.18
CN7,4G,1,8,3,8160,9765,11076,13304,170,193,184.59,194,3176.53,3428.44,3219.79,2994.98,66.12,69.57,67.68,67.79
CN7,4G,1,16,1,8160,9634,11207,12780,160,188,181.44,190,3045.32,3379.46,3070.3,2921.9,63.41,66.55,64.08,66.36
CN7,4G,1,16,2,8094,9503,11076,12649,162,192,184.82,194,3184.69,3494.8,3191.51,2991.5,67.52,67.27,67.33,66.25
CN7,4G,1,16,3,8291,9765,10814,11207,156,190,180.11,189,3182.59,3344.74,3079.53,2895.29,64.87,64.24,65.42,64.04
CN7,4G,2,1,1,8029,9110,10421,10814,162,208,192.01,398,12844.06,77.65,77.75,12618.14,259.66,9.39,9.41,264.09
CN7,4G,2,1,2,7570,8717,10028,10945,172,214,200.00,418,81.09,12848.75,13175.44,81.09,9.81,268.48,284.36,9.79
CN7,4G,2,1,3,7570,8586,10159,10683,178,212,198.06,415,14091.04,80.9,81.01,13031.62,266.93,9.78,9.8,274.6
CN7,4G,2,2,1,8094,9503,11994,15533,170,202,189.67,395,6642.59,12909.98,6622.85,77.87,139.02,262.48,126.17,9.4
CN7,4G,2,2,2,8225,9765,12780,14484,166,202,186.70,392,77.88,6829.81,13245.46,6694.62,9.42,135.52,251.87,138.3
CN7,4G,2,2,3,105,154,200,188.44,393,,,,6605.67,77.7,6819.25,13212.03,129.41,9.38,135.23,253.37
CN7,4G,2,4,1,7701,9241,10945,22938,177,202,193.20,405,6995.88,7050.93,7075.18,6933.89,132.22,132.13,136.66,128.29
CN7,4G,2,4,2,7963,9241,11207,13566,180,200,190.34,399,6774.77,6675.39,6909.51,6662.03,126.34,139.67,137.01,125.78
CN7,4G,2,4,3,7767,9241,10945,14091,184,208,198.46,416,6978.78,6876.95,7137.17,6611.63,134.12,133.63,132.28,136.06
CN7,4G,2,8,1,7963,9503,11338,12649,178,206,190.83,401,6433.36,6599.97,6984.25,6576.17,127.71,129.17,135.92,125.97
CN7,4G,2,8,2,7898,9372,10683,13435,180,202,191.38,401,6129.09,6767.54,7056.3,6414.46,132.52,129.07,126.44,125.07
CN7,4G,2,8,3,7963,9503,11338,13042,174,204,191.44,402,6334.65,6759.67,6404.8,6289.27,128.84,126.46,130.45,128.58
CN7,4G,2,16,1,7898,9634,12518,15139,166,204,189.98,399,6672.1,6822.36,7471.41,6070.36,124.45,126.63,149.18,122.28
CN7,4G,2,16,2,7963,9503,11207,13829,168,202,192.18,403,6859.66,6936.89,6756.39,6550.43,135.42,130.99,134.3,131.67
CN7,4G,2,16,3,7832,9241,10290,15139,177,202,192.06,403,6667.41,6890.18,6570.75,6346.26,128.53,128.9,125.53,139.99
CN7,4G,4,1,1,7570,8717,9896,18744,152,224,201.96,828,14535.23,13097.24,13719.92,12845.86,284.69,261.31,256.09,288.72
CN7,4G,4,1,2,7504,8717,10028,13566,132,218,197.96,796,15420.7,14120.02,14860.33,14292.64,278.85,249.82,248.31,250.3
CN7,4G,4,1,3,104,150,208,193.47,806,,,,15861.43,15129.0,15402.72,15496.9,272.9,277.55,262.79,258.11
CN7,4G,4,2,1,8979,11469,14353,15926,140,190,169.38,693,5973.07,6533.15,17597.69,20247.72,115.94,137.11,328.4,336.88
CN7,4G,4,2,2,9241,11863,14615,17171,146,188,167.92,689,20263.86,17435.09,5873.66,6529.98,341.47,364.52,116.71,144.91
CN7,4G,4,2,3,8979,11469,14222,26870,150,188,170.58,689,6218.88,6231.45,20173.06,21057.7,115.47,119.3,328.64,351.42
CN7,4G,4,4,1,8029,9896,13173,21103,171,202,188.45,789,15938.43,15137.19,14384.88,14507.04,257.27,254.63,254.42,267.41
CN7,4G,4,4,2,8094,9896,13042,20317,168,206,188.96,791,14513.35,14316.82,14377.67,13722.07,254.47,252.98,254.34,260.17
CN7,4G,4,4,3,8029,9634,11994,13960,172,198,186.60,781,15158.26,14728.3,15012.67,15638.94,251.39,253.91,259.1,246.8
CN7,4G,4,8,1,8094,10028,12256,14746,170,202,186.08,776,14665.17,15327.97,15109.18,16088.34,249.74,272.55,255.59,255.76
CN7,4G,4,8,2,7963,9765,12125,19792,170,204,189.15,792,16003.56,15009.72,13967.89,14921.61,253.31,248.35,247.83,248.3
CN7,4G,4,8,3,8029,9765,13173,23725,172,206,189.47,793,15493.2,13124.0,14587.0,15276.69,246.12,258.86,249.04,246.92
CN7,4G,4,16,1,8094,9896,12780,14746,172,202,188.17,784,15980.27,14886.18,14177.11,15133.0,262.64,241.58,249.78,243.01
CN7,4G,4,16,2,8029,9765,12256,17957,164,202,189.66,792,14891.47,14493.26,14473.11,14997.75,262.38,249.63,247.93,247.02
CN7,4G,4,16,3,7963,9765,13304,21365,160,206,190.56,797,15530.66,14759.93,13397.82,14778.71,256.72,251.33,251.48,247.27
CN7,4G,8,1,1,10159,11731,14353,25560,123,154,137.26,1123,24897.45,24812.3,23586.15,24641.31,359.71,376.12,360.26,361.61
CN7,4G,8,1,2,9896,11469,14222,33817,124,158,141.00,1162,24982.11,24796.4,23253.76,22946.26,373.07,385.08,370.64,381.09
CN7,4G,8,1,3,10159,11994,14746,18220,160,135.84,1104,,25205.34,21921.77,23761.5,24420.16,372.84,390.91,366.44,370.12
CN7,4G,8,2,1,10421,12518,15664,32375,124,166,143.12,1192,22204.71,22503.93,21322.03,22323.17,376.99,375.86,376.3,379.5
CN7,4G,8,2,2,10159,12387,15139,18482,126,166,147.69,1202,18395.32,22563.02,21018.86,18404.19,378.28,385.96,373.08,377.06
CN7,4G,8,2,3,10421,12649,15926,21103,124,164,142.04,1187,22571.8,23508.35,22245.91,22660.17,399.87,381.04,379.51,378.97
CN7,4G,8,4,1,10814,13173,15926,30278,110,176,141.91,1165,21076.25,22600.73,21086.93,21777.61,361.47,371.34,356.76,364.23
CN7,4G,8,4,2,10683,13042,16319,31851,113,183,141.93,1165,21311.09,22293.33,20726.16,21436.45,370.96,369.21,361.44,365.26
CN7,4G,8,4,3,10552,12780,15664,21627,120,178,144.92,1190,21768.05,20578.11,22020.28,19504.58,391.59,377.19,387.22,376.68
CN7,4G,8,8,1,11076,13304,16319,34341,110,175,139.84,1149,20365.86,22744.55,21387.02,20187.18,361.61,364.5,355.55,412.83
CN7,4G,8,8,2,10814,13042,15533,20317,118,162,142.90,1180,18702.28,22986.4,17449.1,19689.8,399.59,377.27,389.28,370.37
CN7,4G,8,8,3,10290,12387,15139,17433,108,164,147.12,1227,18061.3,21078.93,17822.28,19352.19,405.03,385.22,393.12,378.71
CN7,4G,8,16,1,10290,12518,15008,28967,124,194,147.72,1215,18952.28,20348.68,18146.71,19699.98,401.32,373.52,395.13,379.67
CN7,4G,8,16,2,10159,12387,15401,35390,122,168,150.07,1244,18374.58,20218.15,17317.68,18118.57,386.17,383.42,381.06,380.74
CN7,4G,8,16,3,10159,12518,15926,32375,116,186,150.39,1184,18035.72,18220.41,17069.73,17632.66,370.51,366.45,367.95,374.28
CN7,4G,16,1,1,11338,12911,15664,35390,130,115.59,1895,,19055.78,18666.63,17805.73,19684.57,546.94,549.61,547.39,546.93
CN7,4G,16,1,2,11731,13566,15795,46400,130,113.36,1850,,18908.13,18281.23,17935.91,19621.05,541.04,533.68,541.73,549.01
CN7,4G,16,1,3,11469,13304,16319,41681,130,114.76,1899,,18960.77,18668.56,17865.92,18811.9,544.88,557.19,546.47,549.35
CN7,4G,16,2,1,12387,14746,18220,28705,146,116.36,1913,,18235.79,18302.68,16722.94,18285.02,543.25,547.55,536.81,545.17
CN7,4G,16,2,2,12518,14877,17957,21890,177,116.27,1892,,17990.26,17754.73,16847.68,17820.61,535.06,539.95,522.37,534.52
CN7,4G,16,2,3,12649,15139,19006,45351,175,116.52,1915,,18584.85,18063.3,17187.07,17374.74,568.69,541.19,545.37,540.8
CN7,4G,16,4,1,13435,16188,19792,26346,185,112.53,1831,,17526.77,17172.7,16768.42,17573.53,516.15,530.76,516.48,514.56
CN7,4G,16,4,2,13566,16319,20579,27657,167,112.05,1835,,17519.16,17582.13,17181.94,18084.42,519.02,515.05,518.72,522.73
CN7,4G,16,4,3,13435,16188,19530,25035,190,112.47,1850,,17988.3,18457.35,17048.23,18821.65,531.82,548.28,527.89,532.18
CN7,4G,16,8,1,13698,16450,21103,44827,184,111.68,1811,,17943.34,18748.31,17302.97,18679.02,509.23,528.58,510.73,514.13
CN7,4G,16,8,2,14222,17171,22152,27132,156,109.12,1773,,17213.25,17329.32,16712.89,17625.58,528.32,503.09,494.6,510.6
CN7,4G,16,8,3,112,177,110.59,1805,,,,,18346.08,18621.85,17247.61,17870.76,514.28,520.65,518.63,506.16
CN7,4G,16,16,1,13698,16581,20841,28443,164,111.32,1811,,18244.0,18660.02,17595.16,18457.78,508.13,516.88,503.36,512.04
CN7,4G,16,16,2,13829,16909,21365,46400,191,110.75,1794,,17990.73,17613.78,17284.1,17551.28,494.56,499.18,495.99,496.36
CN7,4G,16,16,3,13698,16581,21103,26084,155,111.13,1812,,18235.45,18906.08,17727.61,17827.89,535.65,515.85,503.2,504.35
CN7,4G,32,1,1,15401,17433,21103,34341,102,82.03,2708,,17098.15,17045.24,16251.68,16556.06,712.4,716.58,720.86,710.94
CN7,4G,32,1,2,15664,17695,21627,31327,104,80.58,2669,,16207.4,16436.34,15808.84,16048.18,698.68,719.67,700.0,700.86
CN7,4G,32,1,3,15795,17957,21627,33817,100,80.57,2634,,16808.99,16865.97,15998.05,17094.31,706.46,697.85,705.44,714.46
CN7,4G,32,2,1,18744,22676,29754,65799,163,77.28,2534,,16146.09,16244.21,15566.98,16183.63,676.94,672.83,667.42,675.34
CN7,4G,32,2,2,18744,22414,28705,35390,151,77.05,2561,,16045.22,16877.1,16077.96,16770.74,683.23,683.46,682.67,681.44
CN7,4G,32,2,3,110,121,77.53,2577,,,,,17307.99,17476.66,15812.45,16369.99,685.04,691.92,694.33,683.43
CN7,4G,32,4,1,113,147,73.21,2427,,,,,16125.88,16469.83,15445.48,15749.44,648.07,654.41,664.76,646.82
CN7,4G,32,4,2,20317,25560,36439,49021,145,73.32,2427,,16223.27,16117.07,15570.89,16166.22,658.63,649.39,647.92,648.16
CN7,4G,32,4,3,20317,25035,35914,81265,171,73.57,2429,,16108.55,16458.11,15568.59,15953.82,651.14,654.88,646.86,647.36
CN7,4G,32,8,1,20055,24773,35390,54789,156,74.59,2470,,15751.61,16643.57,15928.75,15727.83,645.44,655.19,648.1,647.11
CN7,4G,32,8,2,121,137,73.11,2413,,,,,16510.74,16269.42,15697.46,15810.51,643.16,664.0,636.95,641.29
CN7,4G,32,8,3,117,126,72.26,2399,,,,,16048.62,15927.24,15797.04,15344.91,638.5,628.31,654.94,632.03
CN7,4G,32,16,1,20579,26084,38536,83362,109,73.39,2432,,16292.09,16351.93,15955.23,15892.16,647.12,646.28,629.45,631.11
CN7,4G,32,16,2,20317,25035,33817,48497,141,73.79,2444,,16869.34,15897.38,15815.65,15429.22,636.5,638.79,631.99,631.43
CN7,4G,32,16,3,20317,25297,34341,48497,123,73.81,2440,,16454.45,16387.43,16042.75,16196.62,631.93,640.68,640.58,633.8
CN7,8G,1,1,1,7898,9110,10683,12387,176,194,183.11,192,14483.56,44.05,44.15,44.94,259.93,4.92,4.93,5.0
CN7,8G,1,1,2,8455,9372,10290,11076,148,194,171.87,180,42.52,14267.67,41.61,41.37,4.71,296.91,4.64,4.63
CN7,8G,1,1,3,105,144,194,181.43,190,,,,45.15,45.45,14140.84,43.99,5.01,4.99,263.12,4.92
CN7,8G,1,2,1,8225,9634,10814,11207,168,186,177.01,186,6707.3,43.39,43.31,6901.7,130.56,4.81,4.83,128.47
CN7,8G,1,2,2,8356,9372,10290,11076,160,186,172.56,181,41.6,7849.84,6890.17,41.72,4.64,168.32,127.93,4.63
CN7,8G,1,2,3,8225,9110,10028,11600,162,184,173.00,181,6968.65,8278.17,42.46,41.76,126.06,177.59,4.7,4.63
CN7,8G,1,4,1,8029,9241,10552,11600,167,192,180.64,189,3761.24,3929.97,3626.15,3761.78,67.47,73.29,68.05,65.79
CN7,8G,1,4,2,8586,9634,10945,13960,160,184,173.22,182,3618.78,4140.26,3676.44,3699.54,66.84,95.3,63.99,65.28
CN7,8G,1,4,3,8356,9503,10683,11207,162,186,176.12,185,3839.62,4252.88,3670.29,3647.95,65.93,93.69,66.85,64.22
CN7,8G,1,8,1,8455,9634,10683,11731,158,182,172.72,181,3864.59,4129.57,3399.94,3469.06,65.25,85.06,66.17,63.0
CN7,8G,1,8,2,8717,9765,10814,13435,151,186,171.24,180,3893.81,4370.89,3446.37,3069.41,65.58,95.12,66.54,64.12
CN7,8G,1,8,3,8455,9634,11076,14746,156,184,174.53,183,4043.71,4077.49,3626.08,3169.28,68.17,92.2,65.13,65.89
CN7,8G,1,16,1,8586,9896,11076,12780,162,182,171.74,180,3769.88,4133.0,3453.57,3191.3,65.26,85.27,64.82,64.53
CN7,8G,1,16,2,8586,9896,10945,12780,154,182,171.86,180,3712.71,4075.96,3619.97,3217.93,65.27,85.7,62.75,63.29
CN7,8G,1,16,3,8160,9372,10814,12649,154,188,179.33,188,3881.25,3873.62,3839.11,3210.44,66.69,70.96,65.22,65.65
CN7,8G,2,1,1,7635,8717,9896,10683,125,212,193.85,403,16048.34,49.01,48.71,14062.9,271.22,5.13,5.14,288.88
CN7,8G,2,1,2,7701,8979,10028,10683,174,216,194.41,402,48.0,14775.7,16446.33,46.26,5.25,284.91,277.8,5.13
CN7,8G,2,1,3,7570,8848,10028,10814,117,218,197.71,408,15853.89,47.53,47.25,16452.39,279.71,5.24,5.25,292.05
CN7,8G,2,2,1,7701,8979,10028,16909,176,208,193.61,403,8159.62,7978.6,7718.89,7930.53,140.51,140.62,140.22,156.75
CN7,8G,2,2,2,7767,9110,10290,12256,168,208,192.59,399,7492.98,8162.83,7672.18,6972.09,138.94,140.24,138.83,141.63
CN7,8G,2,2,3,7635,8979,10421,14877,142,204,192.01,397,7798.69,7817.99,7818.28,6904.52,137.5,137.42,138.78,140.67
CN7,8G,2,4,1,7832,9241,10945,13435,144,206,188.67,395,7742.61,7549.01,7690.82,6794.62,135.75,132.91,133.52,135.93
CN7,8G,2,4,2,7898,9372,11600,18744,172,204,189.89,398,7790.98,7303.11,7922.92,6796.03,141.16,138.59,141.83,139.73
CN7,8G,2,4,3,7701,9110,10945,20841,176,206,192.52,404,7398.36,7567.62,8071.01,7579.45,138.07,140.33,139.48,137.15
CN7,8G,2,8,1,7898,9241,10814,12780,178,200,189.34,397,7307.09,7835.81,8517.12,7814.93,136.89,140.58,140.98,142.57
CN7,8G,2,8,2,7963,9372,11600,13960,168,198,189.64,398,7462.15,8163.7,8156.84,7609.75,135.86,138.45,139.4,144.08
CN7,8G,2,8,3,7832,9372,10683,12649,176,202,191.41,401,7209.21,8049.91,8030.87,7107.83,137.06,140.12,140.15,143.11
CN7,8G,2,16,1,7832,9241,10814,13435,172,214,194.64,408,7537.54,7935.85,7877.42,7282.17,139.73,141.12,140.59,146.43
CN7,8G,2,16,2,7832,9241,11076,13698,174,208,193.28,405,7381.39,7252.11,7746.81,7048.72,137.32,135.56,141.4,141.2
CN7,8G,2,16,3,7767,9110,10814,13566,174,208,196.59,412,7582.16,7207.73,7853.88,7255.32,137.56,141.47,140.7,142.24
CN7,8G,4,1,1,7701,8979,10159,17695,130,218,195.67,798,15692.56,15564.0,16162.8,14806.29,273.01,291.72,275.65,279.51
CN7,8G,4,1,2,7767,8848,9896,50070,138,216,192.88,758,13953.1,16672.96,16175.68,13880.66,256.61,351.1,261.88,257.11
CN7,8G,4,1,3,7767,8979,10159,14615,128,218,194.87,776,14526.94,16966.7,15433.77,14902.71,271.43,308.56,270.25,264.28
CN7,8G,4,2,1,8356,10421,13173,19530,140,198,180.16,737,14347.21,16759.05,13903.53,14310.04,254.92,318.02,247.82,248.98
CN7,8G,4,2,2,8225,10159,13173,26346,144,200,181.03,750,13887.41,16086.68,14404.76,15297.52,258.93,335.47,253.21,259.46
CN7,8G,4,2,3,7963,9765,12125,17433,148,200,188.73,783,15147.99,15964.26,13984.38,15707.66,266.72,272.22,272.53,268.32
CN7,8G,4,4,1,106,143,198,186.34,782,,,,14873.58,16062.4,14843.6,15324.14,268.93,267.82,266.89,267.95
CN7,8G,4,4,2,7898,9503,12387,15401,170,204,189.28,792,15312.74,15099.92,15305.67,13780.62,265.94,265.82,263.65,274.24
CN7,8G,4,4,3,8029,9765,12518,16188,148,204,189.04,790,15185.37,15592.39,15034.67,13286.72,269.19,264.95,270.12,275.49
CN7,8G,4,8,1,7898,9634,12125,15664,168,204,192.27,804,14592.2,15116.35,15663.29,12964.83,274.3,273.59,275.02,276.47
CN7,8G,4,8,2,8029,9634,12518,17957,174,202,188.70,788,14704.24,15238.58,14278.25,14037.12,265.32,268.72,263.05,280.14
CN7,8G,4,8,3,7963,9503,11863,15008,152,201,190.65,799,15243.2,15755.26,15950.44,13419.89,270.04,272.49,273.1,277.45
CN7,8G,4,16,1,8029,9634,12649,19792,150,200,188.85,790,14923.33,15040.69,15622.53,13913.26,265.48,264.0,264.42,266.89
CN7,8G,4,16,2,7963,9503,11994,15926,158,198,189.65,795,14809.92,15691.44,15235.68,14414.38,268.45,273.82,266.58,271.12
CN7,8G,4,16,3,7963,9634,12387,15008,164,204,190.12,796,14952.54,16004.89,14817.55,14191.89,267.06,265.46,273.27,271.45
CN7,8G,8,1,1,10028,11731,14222,16581,116,158,140.42,1145,21979.49,23708.21,21715.68,20513.17,397.96,433.38,391.81,393.71
CN7,8G,8,1,2,10028,11469,14615,29754,110,157,140.07,1155,22388.8,23695.01,22065.16,21513.75,404.85,401.83,395.28,397.83
CN7,8G,8,1,3,9896,11338,14222,43254,110,158,139.72,1147,22918.54,22707.75,20835.95,21813.57,399.52,401.5,397.47,395.19
CN7,8G,8,2,1,10683,12780,15795,41157,116,180,147.01,1186,21636.35,19988.29,18412.3,20097.31,426.48,412.27,385.66,388.71
CN7,8G,8,2,2,10290,12387,15008,40633,118,188,146.65,1212,21326.56,20092.48,20343.16,20202.11,421.62,397.74,393.33,399.41
CN7,8G,8,2,3,10421,12518,15664,68682,110,168,146.02,1197,20110.46,21325.78,19402.8,18426.21,392.07,445.6,389.78,389.34
CN7,8G,8,4,1,10683,12911,15926,19268,116,168,145.70,1215,19523.09,20231.38,18436.22,19483.64,394.55,414.04,399.2,397.56
CN7,8G,8,4,2,10421,12780,15533,20317,120,193,147.25,1220,19973.68,18980.01,19896.77,19318.23,397.23,397.62,391.99,399.03
CN7,8G,8,4,3,10421,12911,16188,88605,120,175,147.71,1220,19807.1,18849.85,18843.13,18783.68,390.64,396.39,393.2,394.72
CN7,8G,8,8,1,10683,13304,16909,21627,116,167,144.50,1192,19987.99,19068.65,18251.09,18443.71,396.9,419.03,387.65,386.99
CN7,8G,8,8,2,10683,13173,16450,92799,104,184,146.44,1205,19652.96,19419.91,19571.47,18401.05,398.27,419.84,391.24,399.01
CN7,8G,8,8,3,10552,13042,15795,20317,120,164,145.83,1175,17875.34,19835.24,18237.09,17955.97,387.75,416.73,379.77,395.67
CN7,8G,8,16,1,10552,13042,16188,25297,116,186,147.63,1211,18882.08,18329.85,18040.55,18199.92,391.3,409.48,388.84,393.27
CN7,8G,8,16,2,10552,13173,16909,27919,114,196,146.12,1203,19157.04,18850.41,19153.93,19284.81,389.9,393.79,404.66,393.12
CN7,8G,8,16,3,10814,13304,16712,24249,114,191,144.63,1182,18939.26,19039.18,19039.99,19229.67,392.87,393.96,408.17,398.95
CN7,8G,16,1,1,11731,13698,16909,45876,134,115.20,1914,,20067.14,20298.4,20222.23,20645.22,565.47,568.85,585.72,571.22
CN7,8G,16,1,2,11731,13829,16909,42730,140,114.65,1898,,19931.26,20862.11,19324.2,19309.41,572.85,588.52,561.85,558.73
CN7,8G,16,1,3,11731,13566,16909,39060,134,114.98,1906,,20297.91,20549.64,19785.4,20026.93,578.29,572.21,563.31,561.7
CN7,8G,16,2,1,13042,15795,19268,37487,161,113.88,1859,,19336.59,19417.02,18732.95,19151.8,544.47,577.0,567.75,546.33
CN7,8G,16,2,2,12780,15270,18744,64750,182,115.87,1902,,19221.69,19679.61,19174.85,19049.24,552.15,575.39,552.17,560.13
CN7,8G,16,2,3,12649,15008,18744,65274,169,115.43,1896,,19386.22,19219.24,19137.11,18238.03,552.93,555.2,557.1,553.92
CN7,8G,16,4,1,13829,16581,20579,59507,167,110.71,1801,,18679.05,18450.0,18272.78,17407.08,535.94,533.55,523.46,525.87
CN7,8G,16,4,2,14091,17171,20841,63177,130,108.70,1775,,17983.82,17995.78,18208.43,17812.96,519.72,546.32,534.05,522.65
CN7,8G,16,4,3,13960,17171,22152,66323,173,109.33,1777,,18096.88,18164.66,17765.95,17930.22,517.19,537.64,533.5,518.94
CN7,8G,16,8,1,109,165,110.65,1802,,,,,18814.69,18860.58,18182.47,18241.74,524.43,534.68,530.21,536.11
CN7,8G,16,8,2,101,159,109.51,1778,,,,,19216.25,18588.62,18545.76,18913.96,519.08,545.51,525.82,534.5
CN7,8G,16,8,3,13829,16712,20579,60556,166,109.75,1787,,19160.32,18518.89,18358.98,18605.83,522.11,535.89,541.36,523.85
CN7,8G,16,16,1,110,170,108.59,1789,,,,,19137.71,19328.04,18960.96,18344.87,516.3,535.08,518.49,517.52
CN7,8G,16,16,2,107,170,109.47,1768,,,,,19281.04,19049.52,19117.83,18656.44,507.92,519.23,521.96,513.06
CN7,8G,16,16,3,14091,16909,21103,98042,192,109.14,1763,,20347.91,19098.11,19470.81,18927.28,510.94,518.74,520.19,511.57
CN7,8G,32,1,1,15795,17957,21365,73925,79.90,2677,,,18264.34,17768.99,17931.09,17357.23,728.15,740.93,728.68,724.91
CN7,8G,32,1,2,15795,18220,21627,26608,100,80.76,2656,,18436.66,18476.38,18264.36,17209.56,744.25,723.61,734.94,726.59
CN7,8G,32,1,3,26346,31065,36439,43779,147,59.14,1682,,10079.7,21928.06,15.79,15868.61,362.22,798.68,1.45,692.17
CN7,8G,32,2,1,127,118,41.71,1394,,,,,13.3,19782.92,16326.86,14.53,1.2,758.15,761.4,1.23
CN7,8G,32,2,2,125,119,42.25,1413,,,,,17127.98,12.79,12.47,17449.92,764.31,1.22,1.22,763.26
CN7,8G,32,2,3,19268,22938,28443,34341,154,77.10,2548,,18289.94,21777.31,17347.28,17968.57,706.4,701.07,710.98,696.7
CN7,8G,32,4,1,21103,26608,36439,54789,170,71.60,2368,,17380.28,20982.3,16897.55,17125.28,671.37,655.2,676.04,657.43
CN7,8G,32,4,2,21103,26084,37487,99091,134,71.47,2375,,17155.36,20883.79,16880.61,16790.88,660.52,654.48,658.94,654.08
CN7,8G,32,4,3,104,169,71.55,2367,,,,,17164.59,21006.24,16646.47,16886.81,664.51,656.79,661.39,655.46
CN7,8G,32,8,1,107,173,71.92,2377,,,,,17002.6,20835.58,16808.14,16993.1,658.16,652.0,659.29,650.98
CN7,8G,32,8,2,117,170,71.14,2348,,,,,17341.64,20427.2,17198.59,16897.22,655.71,649.11,657.67,648.22
CN7,8G,32,8,3,112,163,71.61,2369,,,,,17195.36,20507.84,16705.02,16649.71,662.29,654.84,669.37,654.41
CN7,8G,32,16,1,109,154,71.59,2365,,,,,16897.26,21891.02,17035.62,19041.53,640.28,642.56,641.36,646.6
CN7,8G,32,16,2,116,158,72.59,2394,,,,,17450.14,18082.31,17575.15,17355.03,651.84,654.23,653.68,646.89
CN7,8G,32,16,3,126,127,71.57,2373,,,,,17309.31,19361.97,17964.06,17805.18,647.16,650.83,654.89,643.04
CN7,16G,1,1,1,7898,9110,10421,15139,164,198,182.89,192,25.03,25.22,24.73,17065.27,2.57,2.56,2.56,267.6
CN7,16G,1,1,2,7963,9241,10683,11731,170,194,182.11,191,16879.58,25.09,24.66,24.99,266.65,2.56,2.56,2.57
CN7,16G,1,1,3,8094,9634,11076,11338,156,192,174.73,183,24.11,19314.81,23.63,23.99,2.46,256.79,2.46,2.46
CN7,16G,1,2,1,8225,9503,10814,12125,170,190,178.29,187,8361.2,24.96,24.1,7819.11,133.5,2.51,2.51,132.5
CN7,16G,1,2,2,8291,9634,11207,11731,162,188,176.68,185,24.22,9946.22,6942.51,24.75,2.49,136.49,130.23,2.52
CN7,16G,1,2,3,8291,9634,10814,12780,160,190,175.68,184,7842.18,9623.92,24.06,24.77,131.37,131.98,2.48,2.52
CN7,16G,1,4,1,8455,9765,10945,12387,159,184,174.63,183,3851.62,4585.07,3424.61,3920.19,66.86,65.48,65.19,66.71
CN7,16G,1,4,2,8356,9896,10945,15008,160,188,176.65,185,3862.26,4612.0,3414.25,4040.25,67.81,66.99,67.33,67.71
CN7,16G,1,4,3,8160,9503,10814,13042,166,188,177.19,186,3765.84,4081.06,3259.25,4057.8,66.0,68.97,66.17,67.2
CN7,16G,1,8,1,8225,9765,11076,13435,160,190,177.78,186,3796.27,4315.78,3328.27,4348.43,67.71,68.62,68.3,68.05
CN7,16G,1,8,2,8455,9765,11076,18482,140,184,175.11,184,3895.56,3724.2,3468.94,3973.61,67.39,65.02,67.53,68.16
CN7,16G,1,8,3,8291,9634,11076,18482,138,186,176.49,185,3788.25,4132.39,3865.72,4039.67,66.5,66.5,66.02,67.64
CN7,16G,1,16,1,8356,9765,11207,17695,140,186,175.75,184,3754.96,4411.73,4048.58,3796.38,67.66,65.51,67.35,66.15
CN7,16G,1,16,2,8094,9503,10814,15926,142,192,180.74,190,3997.07,4394.79,4215.22,3996.59,69.27,67.56,67.4,67.58
CN7,16G,1,16,3,7963,9241,10552,12649,146,188,177.86,187,3961.65,4320.89,3927.93,3966.23,68.48,68.2,66.9,65.85
CN7,16G,2,1,1,7767,9110,10421,11469,164,210,192.55,402,15763.46,28.59,27.25,16627.44,281.43,2.71,2.67,282.16
CN7,16G,2,1,2,7767,9110,10290,10945,136,208,188.25,384,25.24,19375.78,14793.99,25.1,2.56,267.9,268.58,2.56
CN7,16G,2,1,3,7832,9110,10159,11469,176,204,191.79,402,16658.35,27.12,26.07,16018.18,279.08,2.71,2.67,284.32
CN7,16G,2,2,1,7963,9110,10421,15401,141,208,189.14,392,7953.83,9614.66,7654.81,8588.28,136.62,135.48,137.17,152.86
CN7,16G,2,2,2,7832,9241,10421,11863,170,202,189.92,397,8774.25,10043.44,7737.23,8723.12,139.49,139.13,140.01,146.38
CN7,16G,2,2,3,7898,9110,10421,13304,148,204,188.07,393,8503.6,9493.07,7418.3,9180.09,139.66,137.96,135.94,157.32
CN7,16G,2,4,1,8029,9503,11207,12518,176,198,187.16,393,8082.32,9934.14,7749.52,8615.39,139.22,138.94,137.88,141.22
CN7,16G,2,4,2,8029,9503,11338,13829,168,198,185.99,390,8317.88,9091.78,7991.29,7415.22,138.91,137.67,138.62,142.16
CN7,16G,2,4,3,7898,9241,10945,18482,153,200,188.68,396,7900.94,9954.9,7786.27,8365.55,138.37,138.17,140.37,140.15
CN7,16G,2,8,1,7963,9372,10814,14222,170,198,188.02,394,8002.87,9660.84,7475.73,8227.52,138.29,138.39,141.91,139.54
CN7,16G,2,8,2,7963,9372,11338,14877,146,202,188.94,396,7745.5,8654.61,7485.13,8282.91,137.8,137.67,140.27,138.85
CN7,16G,2,8,3,7963,9241,10814,15008,170,208,189.29,397,8388.21,9224.75,7712.01,8757.48,139.03,144.36,140.88,138.56
CN7,16G,2,16,1,8094,9503,11600,21627,152,196,184.59,387,8253.53,8754.18,7483.98,7973.73,137.54,172.42,138.4,135.22
CN7,16G,2,16,2,8225,9634,11731,14615,166,198,184.48,387,7827.44,9212.68,7621.61,7060.94,137.9,175.63,138.94,135.78
CN7,16G,2,16,3,8160,9503,11600,15139,154,198,186.38,391,8030.04,8589.34,7275.12,8091.41,141.07,161.24,137.47,140.37
CN7,16G,4,1,1,7439,8717,10028,11600,176,222,197.64,810,16433.31,20506.66,15676.69,17011.36,287.16,283.68,284.85,286.77
CN7,16G,4,1,2,7701,8979,10159,12256,138,216,194.64,774,15542.79,20720.46,15888.55,15610.66,285.89,289.86,270.2,273.94
CN7,16G,4,1,3,7832,8979,10290,14353,152,226,194.30,740,15554.27,20579.69,14757.49,14791.4,279.75,292.04,265.03,261.53
CN7,16G,4,2,1,8094,10159,12649,15270,134,202,184.69,769,16576.41,17871.03,15609.38,14831.15,314.16,279.42,270.22,272.11
CN7,16G,4,2,2,8225,10028,12518,22414,147,202,183.17,761,15116.12,19297.68,14819.05,14834.16,269.46,280.05,269.33,278.09
CN7,16G,4,2,3,8291,10421,12911,20317,144,200,181.59,755,14844.38,19322.98,14061.48,14664.27,298.42,270.64,267.42,266.05
CN7,16G,4,4,1,8160,9896,12911,27657,142,200,186.38,782,15028.76,20115.73,14676.43,16061.35,272.58,279.76,280.0,276.2
CN7,16G,4,4,2,8225,10159,13042,20317,140,196,183.58,767,16048.03,19266.6,14385.92,15527.12,305.4,273.72,269.39,267.99
CN7,16G,4,4,3,8094,9896,12387,18744,144,198,184.92,774,15710.31,19098.2,14503.12,15649.0,282.45,281.96,269.49,271.96
CN7,16G,4,8,1,8029,9634,12387,15533,170,196,186.40,782,15046.3,18681.7,15603.9,16371.61,276.43,278.51,273.56,274.49
CN7,16G,4,8,2,8160,9896,12518,96994,136,198,184.51,774,14585.12,19036.07,15395.53,16860.95,273.69,275.17,270.66,273.08
CN7,16G,4,8,3,8291,10028,12780,17695,154,198,184.70,770,15378.11,18269.94,15293.83,15912.72,279.06,282.0,265.61,275.11
CN7,16G,4,16,1,8094,9765,12518,15664,170,204,187.31,785,15483.4,19760.17,14837.11,15691.05,277.73,280.3,273.04,274.21
CN7,16G,4,16,2,8356,10159,12649,16188,160,198,183.31,765,14985.31,18939.33,14593.16,15090.04,270.7,298.62,265.28,269.51
CN7,16G,4,16,3,8160,9896,12518,15533,162,202,186.45,778,16486.97,18544.98,15207.09,16283.83,276.57,281.93,273.01,279.78
CN7,16G,8,1,1,10421,12125,14615,30016,166,136.73,1078,,23534.52,26496.67,20801.26,21471.91,387.72,398.74,381.49,382.59
CN7,16G,8,1,2,10552,12256,15270,18220,156,133.70,1052,,22510.1,27960.26,20396.77,21165.67,379.98,398.59,376.49,377.93
CN7,16G,8,1,3,10683,12387,15401,20055,162,132.97,1012,,20604.05,27290.23,20817.65,20008.56,369.63,372.33,360.09,359.14
CN7,16G,8,2,1,10552,12780,15926,20579,166,144.50,1167,,20488.34,24385.86,20220.39,19659.46,403.59,394.71,388.99,392.82
CN7,16G,8,2,2,10683,12911,15664,19530,116,172,143.72,1185,21270.91,24614.66,20569.7,20294.13,407.73,397.44,399.62,398.35
CN7,16G,8,2,3,10683,12911,16057,19268,118,172,143.28,1164,20316.44,24904.21,19679.67,19412.8,401.98,408.9,400.23,387.68
CN7,16G,8,4,1,106,186,142.59,1141,,,,,18936.36,23435.95,18650.91,18727.88,381.95,384.37,381.56,384.22
CN7,16G,8,4,2,10945,13566,16581,21365,106,177,142.17,1162,20079.34,24258.54,19331.79,19525.84,392.92,393.0,390.54,397.89
CN7,16G,8,4,3,11076,13566,16712,20317,106,181,141.80,1143,20168.14,24024.37,18283.97,19449.2,386.04,388.51,383.54,400.96
CN7,16G,8,8,1,10945,13304,16450,19792,114,170,143.25,1162,19384.3,24221.52,18687.98,18941.25,393.71,385.13,389.31,401.1
CN7,16G,8,8,2,11469,14222,17957,21103,104,165,139.73,1145,19600.68,23868.88,18262.33,19546.24,385.31,399.58,406.82,412.6
CN7,16G,8,8,3,11338,13829,16712,19530,110,186,140.47,1150,19787.91,23389.61,19614.14,19236.94,390.08,394.72,418.92,402.49
CN7,16G,8,16,1,11207,13829,16909,21627,108,162,142.04,1148,20310.57,23661.03,19062.77,19270.37,403.38,397.84,392.0,389.19
CN7,16G,8,16,2,11207,13829,16909,20055,108,179,141.17,1153,20245.69,23336.62,19401.32,20098.01,406.85,417.47,389.91,389.67
CN7,16G,8,16,3,11207,13960,17433,20317,110,164,141.54,1158,20885.1,24190.03,19502.52,20610.14,390.53,415.7,399.21,385.91
CN7,16G,16,1,1,12256,14615,17433,21365,134,110.05,1776,,21769.47,24546.25,22214.77,20820.03,543.18,542.0,547.48,555.74
CN7,16G,16,1,2,12387,14615,17957,22676,144,109.87,1717,,19348.98,25422.76,19396.12,18557.78,524.73,529.09,540.88,529.06
CN7,16G,16,1,3,25297,28967,34866,39584,208,57.89,827,,4001.99,21404.89,4717.52,4554.06,80.28,743.34,96.89,82.89
CN7,16G,16,2,1,17171,20841,27657,35390,159,91.22,1475,,19723.41,14.21,18497.32,21618.94,813.37,1.26,427.28,519.78
CN7,16G,16,2,2,20579,24511,30540,40109,167,81.58,1313,,3612.99,21779.36,13620.29,18039.09,64.04,728.09,298.54,490.4
CN7,16G,16,2,3,18220,21890,27395,34341,159,90.30,1440,,20554.15,8688.04,19054.29,17709.52,806.15,131.2,516.52,302.77
CN7,16G,16,4,1,15008,18220,22676,28443,159,104.81,1706,,19964.77,22831.12,19475.15,19947.4,517.74,529.97,526.06,518.21
CN7,16G,16,4,2,15008,18220,22414,26084,174,104.49,1695,,19477.75,21722.68,19256.33,18881.69,528.85,511.89,519.87,515.03
CN7,16G,16,4,3,104,171,103.52,1681,,,,,19286.09,22409.12,19343.99,19063.64,520.59,514.42,529.24,509.37
CN7,16G,16,8,1,15139,18220,22152,26870,182,104.33,1684,,18922.8,22446.93,18860.34,19740.39,509.24,508.53,547.12,524.61
CN7,16G,16,8,2,14746,17957,22152,28443,158,105.36,1719,,19635.41,22687.56,19170.83,19770.24,528.52,515.36,527.85,528.98
CN7,16G,16,8,3,14615,17695,22152,98042,156,106.34,1723,,19996.59,22791.23,18504.39,19519.92,518.44,519.31,529.62,526.29
CN7,16G,16,16,1,103,169,104.46,1685,,,,,19341.07,22402.69,19180.38,19354.77,534.59,510.6,538.3,516.63
CN7,16G,16,16,2,15008,18220,22414,33162,160,104.36,1701,,19582.58,22087.74,19205.71,19789.59,535.26,522.37,521.52,527.41
CN7,16G,16,16,3,113,166,104.37,1682,,,,,19706.23,22289.67,19091.13,19188.34,532.91,513.71,516.33,514.55
CN7,16G,32,1,1,16909,19792,22938,32900,75.68,2394,,,18081.77,21274.73,17649.01,17418.0,667.99,675.26,673.28,668.84
CN7,16G,32,1,2,112,76.82,2439,,,,,,18458.82,21346.95,18689.57,20919.28,676.51,684.79,684.57,683.05
CN7,16G,32,1,3,127,165,132,28.21,877,,,,8.21,17804.22,9337.61,8.79,0.63,752.41,226.52,0.63
CN7,16G,32,2,1,132,41.83,1406,,,,,,18691.04,10.17,8.1,18434.04,768.14,0.65,0.63,773.46
CN7,16G,32,2,2,20317,24249,30016,35914,133,74.10,2382,,17978.84,22284.91,19550.22,17050.59,681.07,660.2,675.12,668.94
CN7,16G,32,2,3,20317,24511,30802,70779,167,74.20,2373,,17695.0,22329.63,19556.1,16400.38,669.9,663.9,677.73,664.07
CN7,16G,32,4,1,110,166,68.96,2275,,,,,17305.87,21447.99,18429.49,16931.76,643.84,646.64,646.38,641.47
CN7,16G,32,4,2,23987,32113,45351,65274,178,68.20,2244,,17200.66,21501.98,17486.54,16789.55,633.89,650.58,639.29,635.08
CN7,16G,32,4,3,23987,32900,48497,68682,166,68.19,2248,,17337.57,21249.54,17698.52,16888.54,636.78,647.52,641.13,632.44
CN7,16G,32,8,1,116,148,69.33,2288,,,,,16971.4,17622.46,17785.52,16444.5,644.92,654.07,656.46,642.19
CN7,16G,32,8,2,129,158,69.87,2299,,,,,17209.98,16821.49,18005.43,16735.64,654.92,648.8,665.24,647.32
CN7,16G,32,8,3,123,170,68.35,2257,,,,,17042.67,17888.85,20686.06,17210.4,640.86,648.51,647.28,644.31
CN7,16G,32,16,1,136,110,68.76,2259,,,,,17611.9,16804.65,21873.59,17186.89,642.48,636.23,642.44,645.63
CN7,16G,32,16,2,134,116,69.66,2302,,,,,17903.9,16908.44,21559.78,17563.52,652.38,646.91,658.03,655.59
CN7,16G,32,16,3,120,111,68.76,2270,,,,,20329.12,16884.27,21162.92,17933.73,646.09,639.65,661.58,645.03
CN7,32G,1,1,1,8094,9503,10683,11994,168,198,180.52,189,14.75,15.24,14.57,16111.9,1.32,1.31,1.31,269.75
CN7,32G,1,1,2,8717,10028,11338,12125,126,190,166.09,174,20516.72,14.04,13.43,14.0,254.99,1.22,1.21,1.23
CN7,32G,1,1,3,8455,9765,11207,11994,162,192,173.49,182,14.61,15876.42,14.04,14.12,1.29,261.44,1.26,1.27
CN7,32G,1,2,1,8356,9634,10945,12256,130,190,174.37,183,10326.21,15.03,14.09,7700.47,131.63,1.29,1.27,130.89
CN7,32G,1,2,2,8291,9634,11076,11863,160,186,173.44,182,14.32,8093.98,8207.86,14.5,1.27,130.53,152.16,1.28
CN7,32G,1,2,3,8717,10290,11600,12780,150,184,169.66,178,10355.65,8084.31,13.83,13.89,131.33,128.19,1.23,1.24
CN7,32G,1,4,1,8586,9896,11338,12518,152,184,170.47,179,4748.59,4206.87,4999.52,4137.43,64.94,66.81,64.55,65.25
CN7,32G,1,4,2,8979,10159,11469,12780,128,184,168.77,177,4628.04,4153.1,4677.84,3815.3,63.73,81.69,62.99,65.35
CN7,32G,1,4,3,8586,9765,11076,11994,160,188,175.12,184,4518.57,4263.28,4650.36,3787.47,65.69,74.11,67.3,65.73
CN7,32G,1,8,1,8717,10028,11338,12649,148,194,172.15,181,4818.36,4137.49,4528.12,3710.42,66.23,79.01,71.57,66.74
CN7,32G,1,8,2,8586,9896,11338,23725,126,184,171.70,180,4829.97,4235.65,4448.83,3838.65,67.35,69.01,68.75,65.78
CN7,32G,1,8,3,8455,9765,11076,13960,154,190,174.45,183,4636.14,4055.83,4401.42,3958.97,66.11,66.71,67.04,67.12
CN7,32G,1,16,1,8455,9765,11207,14353,148,191,174.95,184,4696.34,4188.75,4511.57,3748.94,66.31,66.74,71.08,66.46
CN7,32G,1,16,2,8455,9765,11076,12387,154,190,173.80,182,4961.4,4006.48,4460.75,4011.3,66.0,66.84,67.24,64.49
CN7,32G,1,16,3,8356,9765,11207,13435,136,191,175.35,184,4468.95,4110.31,4619.38,3894.53,66.23,67.97,66.85,66.74
CN7,32G,2,1,1,7963,9241,10683,11994,154,212,186.11,374,22484.65,16.42,15.57,15855.44,273.5,1.32,1.29,271.03
CN7,32G,2,1,2,7832,8979,10290,11207,165,218,190.89,397,15.96,17156.79,20957.19,16.21,1.38,297.23,288.08,1.39
CN7,32G,2,1,3,7898,9241,10552,11600,160,212,187.88,381,21405.28,15.65,15.39,15831.5,274.04,1.31,1.33,271.96
CN7,32G,2,2,1,7963,9241,10421,11600,153,214,188.98,388,10609.13,8458.44,9952.89,8047.79,142.2,146.26,141.6,138.62
CN7,32G,2,2,2,7898,9241,10683,12256,144,212,188.21,394,10764.83,8181.93,9751.45,8234.47,145.23,142.75,138.33,139.75
CN7,32G,2,2,3,7963,9241,10552,12125,154,208,187.37,386,9960.04,8070.39,10176.67,8828.6,141.61,138.1,139.14,139.03
CN7,32G,2,4,1,8160,9634,11469,14615,162,200,182.53,383,11171.39,8064.39,10376.59,8898.47,139.03,150.08,136.07,138.06
CN7,32G,2,4,2,8160,9634,11863,15270,150,198,183.02,384,10504.41,7899.54,10611.16,8486.08,139.4,140.64,140.93,139.3
CN7,32G,2,4,3,8225,9634,11731,14091,166,200,182.10,382,10892.94,8549.11,9881.53,8402.83,140.88,144.26,134.21,137.6
CN7,32G,2,8,1,8356,9765,11994,14615,166,198,181.49,381,9702.95,8352.91,9357.9,7560.02,138.1,146.32,148.16,137.16
CN7,32G,2,8,2,8225,9503,11863,25297,142,200,182.48,383,10519.77,8348.82,9297.04,7761.06,142.83,164.45,143.47,137.45
CN7,32G,2,8,3,8291,9634,11863,17957,136,196,181.27,380,11441.18,7779.69,9550.79,7838.22,142.48,150.61,140.46,138.63
CN7,32G,2,16,1,8225,9765,11994,17433,134,200,183.87,386,7745.16,7899.64,9511.01,7977.68,140.11,138.12,142.07,141.03
CN7,32G,2,16,2,8225,9634,11731,15533,128,200,183.61,385,8759.77,7891.36,9518.94,7721.06,137.28,142.25,140.76,136.35
CN7,32G,2,16,3,8586,9896,12125,15008,158,200,176.35,370,10195.45,8234.12,9496.95,7383.35,140.92,177.38,141.4,133.27
CN7,32G,4,1,1,7963,9241,10683,12125,126,224,190.18,758,22287.56,15974.7,19700.56,15838.74,287.13,271.11,275.88,272.29
CN7,32G,4,1,2,7898,9110,10290,11600,135,222,190.44,787,19769.35,16994.49,20459.25,16164.58,295.71,306.11,285.37,283.12
CN7,32G,4,1,3,7963,9241,10683,12256,129,216,186.84,734,21990.2,16425.96,20050.07,15740.2,276.63,265.2,271.74,263.42
CN7,32G,4,2,1,8586,10552,13042,16188,140,196,176.82,731,21295.35,15856.84,18864.24,15989.45,267.8,260.58,262.58,265.4
CN7,32G,4,2,2,8586,10683,13435,16319,128,192,176.40,731,21149.37,15480.6,19254.28,15331.77,281.31,263.69,268.63,260.44
CN7,32G,4,2,3,8717,10814,13435,16319,138,200,174.26,727,21295.21,15811.2,19167.45,15006.94,266.5,266.2,267.2,266.1
CN7,32G,4,4,1,8717,10814,13698,16712,136,196,176.21,738,20612.47,16160.91,18995.45,14966.06,270.01,284.9,267.27,267.5
CN7,32G,4,4,2,8717,10683,14091,16909,138,190,177.48,744,18839.02,15557.26,18561.87,15160.08,274.85,280.04,270.33,269.84
CN7,32G,4,4,3,8717,10814,13829,17957,138,190,175.57,735,21163.76,15467.75,18191.12,15437.06,268.9,263.38,268.83,275.85
CN7,32G,4,8,1,8848,11207,14746,19006,136,190,175.51,734,22600.86,15093.12,14952.89,14867.02,270.78,262.51,279.62,260.67
CN7,32G,4,8,2,8848,10814,14091,16909,152,196,175.25,734,22338.78,15587.32,18742.83,15232.82,265.75,300.74,269.13,266.13
CN7,32G,4,8,3,8979,11338,15008,18220,132,198,174.01,730,21899.74,15488.8,19215.08,15101.56,262.93,269.34,294.5,268.09
CN7,32G,4,16,1,8717,10814,14353,18220,124,192,177.37,743,22049.28,15572.61,15579.71,15638.52,274.95,286.88,274.66,264.43
CN7,32G,4,16,2,8979,11338,14615,17171,130,192,174.41,728,22361.41,14527.05,19584.48,14965.33,268.75,262.98,288.04,263.75
CN7,32G,4,16,3,8717,10683,14484,17433,144,196,177.52,743,21532.58,15615.38,19018.01,15090.73,269.64,270.95,274.33,266.72
CN7,32G,8,1,1,10945,13304,15926,18482,164,129.84,1033,,25734.19,23289.94,28089.75,21501.06,385.11,381.72,426.39,399.68
CN7,32G,8,1,2,10814,12780,16057,19530,160,129.62,1000,,29419.29,21900.44,27190.31,20555.03,369.89,374.16,372.6,367.29
CN7,32G,8,1,3,12780,15008,18482,20579,144,109.21,846,,28278.17,9.86,10.58,18853.69,524.21,0.75,0.75,521.26
CN7,32G,8,2,1,13829,16909,20055,23200,173,110.61,903,,11.98,21807.86,25689.81,11.4,0.79,565.3,555.31,0.79
CN7,32G,8,2,2,13698,16712,20055,22676,160,109.77,902,,28506.58,10.5,9.99,21255.61,552.36,0.8,0.78,569.32
CN7,32G,8,2,3,14091,17171,20579,23462,188,108.54,886,,10.35,21788.1,25371.15,10.0,0.78,548.32,543.11,0.78
CN7,32G,8,4,1,11600,14353,17695,20579,102,170,137.82,1083,25523.5,19349.42,24011.33,18938.89,374.65,371.05,378.02,372.09
CN7,32G,8,4,2,11469,14222,17433,20317,100,188,139.03,1115,19311.08,19929.51,24163.28,19315.3,379.41,388.46,381.85,391.53
CN7,32G,8,4,3,104,180,138.67,1126,,,,,19992.29,19432.1,24169.43,19290.92,382.46,386.9,387.93,394.37
CN7,32G,8,8,1,11469,14091,17171,21103,185,138.22,1121,,19255.47,18750.87,23742.58,19377.29,390.93,384.68,385.06,411.97
CN7,32G,8,8,2,11338,13960,17433,21103,104,184,139.30,1147,20541.96,19917.62,24635.4,19654.66,389.28,393.91,393.09,394.78
CN7,32G,8,8,3,11469,14222,17695,20841,102,180,139.16,1132,19902.73,19443.34,24510.35,19379.19,383.01,388.61,400.77,393.17
CN7,32G,8,16,1,11469,14353,17957,98042,100,178,138.25,1135,19137.35,20100.53,24565.86,19242.52,390.53,386.99,403.94,390.77
CN7,32G,8,16,2,11076,13829,16712,19530,110,172,142.25,1141,19266.1,19506.62,18767.97,19177.9,389.36,387.55,406.82,394.21
CN7,32G,8,16,3,11338,14091,17433,20841,106,188,140.63,1133,19155.62,19323.09,18999.41,19349.29,400.44,394.9,394.76,391.21
CN7,32G,16,1,1,12649,15139,17957,22152,140,108.19,1746,,21854.17,21846.2,20226.13,21721.57,546.72,541.09,554.1,543.52
CN7,32G,16,1,2,34866,39584,48497,58459,39.77,668,,,8.57,8.64,19029.3,8.32,0.61,0.61,742.88,0.61
CN7,32G,16,1,3,14484,17171,20841,25560,140,95.34,1428,,16464.91,22745.68,9.06,16785.92,445.81,792.39,0.64,450.53
CN7,32G,16,2,1,20317,24773,31327,37487,114,80.80,1356,,18504.06,11.35,21493.69,22130.04,397.15,0.63,759.53,467.21
CN7,32G,16,2,2,18220,21627,27132,37487,118,85.87,1433,,22135.2,26001.57,11.97,22434.79,534.47,800.36,0.65,379.1
CN7,32G,16,2,3,19792,23987,30802,39060,144,79.80,1308,,6898.0,8.75,18002.27,22883.73,120.83,0.6,662.59,732.45
CN7,32G,16,4,1,15401,18744,23200,28443,178,101.65,1649,,17660.22,22531.33,19961.41,24763.72,501.15,515.68,504.44,509.17
CN7,32G,16,4,2,15664,19006,23462,29230,172,100.33,1625,,18041.52,23093.87,20276.16,22116.6,498.18,516.26,517.63,502.32
CN7,32G,16,4,3,15926,19530,24249,29754,182,99.62,1624,,18264.31,22836.45,22792.53,22014.7,503.31,509.0,522.94,508.04
CN7,32G,16,8,1,15664,19006,23725,29754,180,101.00,1625,,18484.57,23238.11,21998.13,22241.33,504.36,505.77,498.07,508.95
CN7,32G,16,8,2,15795,19268,23987,30540,170,99.59,1628,,18854.89,22500.87,22109.61,22324.67,501.9,502.66,522.71,508.72
CN7,32G,16,8,3,15401,18744,23200,29754,175,101.90,1652,,19151.53,21778.73,23207.68,18809.7,517.78,508.74,527.09,520.32
CN7,32G,16,16,1,108,175,100.98,1642,,,,,22483.42,21793.64,23117.63,19361.34,501.68,504.79,528.63,511.06
CN7,32G,16,16,2,102,176,102.55,1667,,,,,22825.07,22009.64,23907.12,19701.53,516.0,516.85,520.25,528.28
CN7,32G,16,16,3,108,176,102.18,1668,,,,,25339.64,23444.19,26288.29,20196.53,512.9,513.15,530.18,524.16
CN7,32G,32,1,1,17171,19792,23462,28705,102,73.79,2434,,22482.37,21913.45,24145.02,18107.33,684.91,685.57,699.24,681.61
CN7,32G,32,1,2,38011,43254,52167,62653,40.04,1320,,,23390.39,19204.8,10.79,10.68,731.49,722.23,0.62,0.61
CN7,32G,32,1,3,34341,38536,45351,52691,41.82,1394,,,10.65,9.76,21503.6,18570.96,0.64,0.65,768.74,762.43
CN7,32G,32,2,1,103,138,39.46,1326,,,,,20690.24,16791.73,9.92,8.55,731.02,729.08,0.61,0.61
CN7,32G,32,2,2,130,116,41.82,1406,,,,,3324.09,9.81,19710.3,17592.72,50.71,0.65,739.36,767.5
CN7,32G,32,2,3,105,140,39.01,1311,,,,,20694.62,18306.79,12.18,11.65,727.43,719.24,0.62,0.62
CN7,32G,32,4,1,107,67.70,2274,,,,,,18561.7,17426.72,20527.55,18987.58,653.09,647.76,647.87,648.16
CN7,32G,32,4,2,23725,31065,45351,71828,66.67,2236,,,20451.63,16837.58,19422.65,19636.77,644.17,635.93,634.97,635.1
CN7,32G,32,4,3,23462,30802,45876,76022,66.68,2239,,,20934.29,16866.44,19606.34,19858.49,640.68,638.15,631.83,638.35
CN7,32G,32,8,1,115,66.13,2220,,,,,,19348.86,16652.92,19486.68,20017.29,640.88,634.62,630.08,628.94
CN7,32G,32,8,2,118,66.21,2222,,,,,,22632.08,20099.34,16277.53,19662.99,633.11,631.92,628.92,631.8
CN7,32G,32,8,3,114,66.12,2220,,,,,,18397.19,20659.5,17007.98,19791.08,637.52,637.78,637.68,629.39
CN7,32G,32,16,1,123,65.15,2191,,,,,,21576.81,21193.19,19837.13,20093.56,630.79,629.87,631.14,621.98
CN7,32G,32,16,2,124,65.44,2199,,,,,,20533.72,22212.05,20304.79,18965.38,636.72,634.14,628.82,629.67
CN7,32G,32,16,3,125,64.68,2172,,,,,,20685.21,21299.7,19970.98,20035.3,623.67,648.68,626.77,628.13
