0928-2235
CN7,4G,1,1,1,963,1106,1319,3654,1210,1434,1349.00,1432,1.51,1.34,5462.18,1.52,0.1,0.12,682.8,0.14,0.14,1.42,5462.68,1.51,0.16,0.12,682.76,0.1,196.98,5656.6,5653.17,189.57,14.39,697.08,697.0,14.37
CN7,4G,1,1,2,1045,1188,1631,3490,1204,1386,1307.50,1374,4682.01,0.29,1.87,4681.59,585.21,0.1,0.14,585.24,0.12,0.08,0.02,4682.01,0.14,0.1,0.06,585.23,168.26,166.8,164.01,4844.48,12.33,12.34,12.29,597.48
CN7,4G,1,1,3,938,1123,1319,3621,1368,1604,1469.60,1554,1.44,4681.72,0.3,1.87,0.09,585.24,0.1,0.14,4681.97,4682.22,0.02,0.02,585.3,585.27,0.06,0.06,4853.26,166.8,164.0,163.91,597.49,12.34,12.29,12.34
CN7,4G,1,1,4,889,1074,1188,2376,1290,1434,1377.60,1453,0.02,1.51,5461.85,0.02,0.07,0.14,682.78,0.11,0.64,1.59,5462.02,0.02,0.19,0.15,682.74,0.07,168.26,4848.51,4845.86,162.48,12.33,597.51,597.43,12.32
CN7,4G,1,1,5,955,1123,1287,2376,1220,1548,1385.60,1477,5462.02,0.01,0.02,5461.69,682.74,0.11,0.11,682.78,0.14,0.09,0.52,5462.02,0.16,0.12,0.1,682.74,197.8,196.26,191.33,5651.55,14.41,14.43,14.34,697.03
CN7,4G,1,4,1,938,1123,1336,2245,1144,1434,1356.00,1438,1.88,4681.87,0.02,0.02,0.11,585.24,0.1,0.1,4681.55,4681.79,0.02,1.59,585.28,585.24,0.06,0.09,4849.97,166.79,164.0,162.48,597.47,12.34,12.29,12.32
CN7,4G,1,4,2,971,1123,1270,2343,1326,1434,1370.40,1448,0.02,0.52,5462.36,1.69,0.08,0.14,682.78,0.14,0.64,0.1,5465.36,0.02,0.19,0.12,682.74,0.08,170.26,4848.5,4846.28,163.9,12.38,597.51,597.45,12.34
CN7,4G,1,4,3,988,1188,1385,2507,1262,1448,1350.40,1439,5461.86,0.02,0.03,5461.69,682.74,0.11,0.11,682.78,0.14,0.1,1.69,5465.52,0.16,0.12,0.1,682.74,168.25,168.22,165.85,4844.18,12.33,12.37,12.34,597.46
CN7,4G,1,4,4,955,1139,1287,2343,1284,1418,1354.80,1433,1.69,5465.18,0.03,0.53,0.1,682.78,0.11,0.14,5461.64,5462.1,0.03,0.03,682.83,682.78,0.08,0.08,5658.46,194.59,191.32,189.55,697.05,14.4,14.34,14.37
CN7,4G,1,4,5,889,1074,1237,2311,1358,1496,1440.00,1508,0.03,0.02,5462.2,0.03,0.08,0.11,682.78,0.11,1.82,0.1,5462.19,0.03,0.19,0.12,682.74,0.08,198.12,5656.08,5653.32,191.21,14.41,697.06,697.0,14.4
CN7,4G,1,16,1,848,1074,1237,2376,1346,1556,1486.40,1565,5461.86,0.02,0.53,5461.7,682.74,0.11,0.14,682.78,0.15,0.1,0.03,5462.19,0.16,0.12,0.08,682.74,196.29,196.08,191.32,5651.87,14.38,14.43,14.34,697.03
CN7,4G,1,16,2,914,1090,1221,2278,1285,1594,1440.60,1529,1.53,5462.19,0.03,1.53,0.1,682.78,0.11,0.14,5461.65,5461.94,0.03,0.03,682.83,682.78,0.08,0.08,5658.78,194.58,191.32,189.54,697.05,14.4,14.34,14.37
CN7,4G,1,16,3,971,1123,1270,2376,1272,1476,1382.00,1449,0.03,1.69,5462.37,0.03,0.08,0.14,682.78,0.11,1.82,1.77,5462.2,0.03,0.19,0.15,682.74,0.08,196.78,5656.24,5653.14,189.54,14.41,697.06,697.0,14.37
CN7,4G,1,16,4,1004,1172,1385,2442,1220,1502,1360.00,1425,5461.87,0.36,0.04,5461.7,682.74,0.11,0.11,682.78,0.15,0.11,0.54,5462.2,0.16,0.12,0.11,682.74,196.28,196.07,191.31,5651.7,14.38,14.42,14.34,697.03
CN7,4G,1,16,5,963,1106,1254,2114,1214,1444,1359.20,1436,0.54,5462.19,0.04,0.04,0.11,682.78,0.11,0.11,5461.99,5461.94,0.04,1.54,682.83,682.79,0.08,0.1,5658.44,194.57,191.31,189.53,697.05,14.4,14.34,14.37
CN7,4G,2,1,1,898,1020,1205,3654,1226,1356,1323.00,2752,4684.46,0.03,4684.75,4684.32,585.23,0.1,585.27,585.26,1.42,0.52,4684.17,4684.03,0.16,0.13,585.21,585.21,147.21,4242.42,4242.48,4240.65,10.79,522.82,522.77,522.8
CN7,4G,2,1,2,824,996,1156,4359,1248,1554,1436.30,2865,1.54,5464.86,5462.54,0.04,0.1,682.78,682.8,0.11,4684.28,4685.24,4682.32,1.46,585.31,585.29,585.23,0.09,4850.09,4849.34,4845.98,162.45,597.49,597.53,597.45,12.32
CN7,4G,2,1,3,906,1029,1156,4178,1228,1380,1330.83,2773,4682.18,4682.03,0.04,4682.04,585.23,585.26,0.1,585.26,4682.71,4682.1,1.32,4681.89,585.33,585.27,0.09,585.23,4850.95,166.77,163.98,4847.02,597.51,12.34,12.29,597.48
CN7,4G,2,1,4,914,1037,1156,2311,1204,1348,1309.33,2716,4682.32,0.03,4681.75,4681.75,585.23,0.1,585.24,585.24,1.43,0.1,4682.32,4682.32,0.17,0.1,585.21,585.23,148.33,4242.55,4240.73,4239.77,10.81,522.82,522.77,522.81
CN7,4G,2,1,5,857,1004,1139,2245,1254,1496,1407.40,2843,1.47,4685.18,4682.62,0.04,0.09,585.26,585.28,0.1,4681.71,4681.39,4682.19,1.33,585.28,585.25,585.23,0.09,4244.2,4243.17,4240.73,142.15,522.81,522.84,522.79,10.78
CN7,4G,2,4,1,914,1045,1221,2245,1246,1358,1330.83,2771,5462.05,5462.38,1.72,5461.38,682.74,682.8,0.14,682.78,5462.67,5461.63,1.89,5465.05,682.85,682.79,0.11,682.75,4850.8,168.2,165.4,4844.59,597.51,12.36,12.31,597.48
CN7,4G,2,4,2,914,1074,1270,2343,1166,1362,1298.83,2658,5462.39,1.55,5461.72,5461.72,682.77,0.14,682.78,682.78,0.18,1.63,5462.05,5461.72,0.17,0.15,682.74,682.74,168.23,4848.62,4846.26,4845.02,12.33,597.51,597.45,597.5
CN7,4G,2,4,3,857,996,1156,2376,1278,1530,1415.40,2817,0.06,5465.38,5462.56,0.06,0.08,682.78,682.81,0.12,5462.34,5461.96,5461.72,0.06,682.86,682.79,682.75,0.08,4849.94,4849.34,4845.83,162.45,597.49,597.53,597.45,12.32
CN7,4G,2,4,4,914,1029,1221,2376,1242,1350,1320.33,2753,4682.19,4682.33,0.06,4682.34,585.23,585.29,0.1,585.29,4682.01,4682.26,0.05,4681.91,585.31,585.29,0.07,585.23,4850.66,166.77,163.97,4844.59,597.51,12.34,12.29,597.48
CN7,4G,2,4,5,906,1045,1205,2409,1294,1388,1334.33,2789,5462.56,0.06,5461.73,5461.9,682.77,0.12,682.78,682.78,0.18,1.97,5455.56,5454.81,0.17,0.15,681.89,681.86,169.8,4848.91,4845.54,4844.73,12.35,597.51,597.43,597.48
CN7,4G,2,16,1,857,988,1123,2343,1278,1504,1402.40,2804,1.73,5462.22,5462.9,0.07,0.11,682.78,682.81,0.12,5462.52,5462.14,5461.9,0.07,682.86,682.79,682.75,0.08,4850.08,4849.19,4846.4,162.45,597.49,597.5,597.45,12.32
CN7,4G,2,16,2,906,1029,1156,2212,1236,1366,1332.67,2775,4685.2,4682.62,1.49,4682.63,585.24,585.28,0.12,585.29,4681.73,4681.69,0.06,4682.2,585.29,585.25,0.07,585.23,4243.95,147.17,143.47,4239.14,522.81,10.82,10.75,522.8
CN7,4G,2,16,3,898,1012,1139,2180,1232,1346,1315.33,2730,4684.35,0.06,4684.21,4684.35,585.23,0.1,585.27,585.27,0.17,1.7,4683.92,4683.92,0.14,0.13,585.21,585.21,147.2,4242.41,4242.22,4241.64,10.79,522.82,522.77,522.81
CN7,4G,2,16,4,848,979,1139,2245,1276,1516,1412.60,2847,1.74,5464.56,5474.58,0.08,0.11,682.78,682.87,0.12,5464.36,5464.81,5472.74,0.08,682.84,682.79,682.78,0.08,4849.79,4859.33,4856.97,162.45,597.49,597.58,597.52,12.32
CN7,4G,2,16,5,889,1004,1156,2802,1238,1368,1331.17,2771,4693.07,4693.2,1.5,4691.35,585.26,585.32,0.13,585.26,4691.45,4691.56,0.07,4691.49,585.34,585.3,0.07,585.28,4861.08,166.76,163.97,4854.44,597.56,12.34,12.29,597.51
CN7,4G,4,1,1,889,1057,1434,4752,1260,1438,1326.54,5437,4684.07,4683.78,9363.5,4682.07,585.28,585.31,1170.43,585.27,4682.89,4685.13,9363.35,4681.64,585.35,585.29,1170.36,585.21,4245.57,8341.41,8336.84,4240.01,522.85,1034.84,1034.79,522.84
CN7,4G,4,1,2,898,1029,1221,5014,1224,1366,1317.21,5342,9363.79,4683.35,4685.65,9365.5,1170.38,585.27,585.32,1170.39,4682.03,4682.0,4682.08,9363.5,585.31,585.28,585.24,1170.4,4244.32,4242.67,4240.22,8335.01,522.83,522.82,522.77,1034.81
CN7,4G,4,1,3,865,1037,1287,4948,1258,1434,1353.30,5589,4682.37,9366.07,4681.51,4681.37,585.25,1170.49,585.25,585.25,9362.75,9362.71,4681.94,4681.37,1170.43,1170.39,585.23,585.22,9532.08,4852.48,4846.82,4843.73,1182.68,597.51,597.46,597.46
CN7,4G,4,1,4,881,1037,1237,3392,1200,1442,1331.39,5387,4683.08,4682.22,9362.94,4681.51,585.24,585.28,1170.4,585.25,4682.76,4682.72,9363.23,4682.08,585.37,585.33,1170.4,585.24,4853.66,9531.33,9527.54,4844.45,597.55,1182.69,1182.6,597.48
CN7,4G,4,1,5,873,1037,1319,3032,1212,1436,1359.00,5489,9366.37,4682.23,4685.09,9365.52,1170.38,585.26,585.31,1170.39,4684.76,4682.15,4684.66,9366.09,585.31,585.28,585.24,1170.41,4244.95,4244.67,4242.23,8338.27,522.83,522.87,522.77,1034.84
CN7,4G,4,4,1,889,1057,1319,3425,1250,1378,1327.83,5512,5463.61,10927.6,5461.95,5461.61,682.8,1365.48,682.79,682.79,9365.62,9366.87,4684.1,4682.67,1170.44,1170.42,585.22,585.29,9531.94,4849.91,4846.11,4844.02,1182.64,597.51,597.45,597.47
CN7,4G,4,4,2,889,1045,1237,3425,1212,1380,1324.08,5477,5462.78,5462.11,10923.95,5462.78,682.77,682.79,1365.46,682.81,4681.49,4683.59,9363.1,4681.96,585.29,585.3,1170.36,585.22,4854.09,9530.77,9527.97,4844.59,597.58,1182.68,1182.63,597.48
CN7,4G,4,4,3,881,1029,1319,5276,1164,1416,1334.79,5389,10924.62,5462.95,5461.63,10923.46,1365.44,682.81,682.79,1365.46,4682.35,4682.88,4682.25,9364.39,585.32,585.3,585.24,1170.42,4851.09,4848.91,4847.55,9526.88,597.52,597.51,597.5,1182.68
CN7,4G,4,4,4,873,1037,1336,4817,1224,1388,1331.67,5449,4682.83,9365.82,4681.68,4681.83,585.26,1170.49,585.25,585.27,9363.07,9364.89,4681.68,4684.11,1170.44,1170.42,585.22,585.34,8324.45,4234.43,4231.65,4230.31,1032.77,521.73,521.66,521.74
CN7,4G,4,4,5,889,1057,1385,2180,1234,1412,1333.83,5480,5463.47,5463.13,10926.47,5461.97,682.78,682.84,1365.46,682.79,5461.76,5462.71,10923.13,5461.97,682.84,682.84,1365.42,682.75,4850.38,9529.77,9529.98,4844.03,597.5,1182.67,1182.6,597.46
CN7,4G,4,16,1,889,1029,1188,2212,1232,1382,1332.79,5394,9365.83,4681.83,4685.7,9365.83,1170.41,585.27,585.34,1170.44,4682.94,4682.47,4684.69,9367.26,585.37,585.3,585.24,1170.45,4244.2,4243.93,4242.36,8337.9,522.83,522.89,522.78,1034.85
CN7,4G,4,16,2,889,1045,1188,2704,1224,1390,1326.57,5325,5464.48,10927.64,5465.82,5464.82,682.76,1365.49,682.82,682.79,9365.37,9366.62,4683.98,4684.41,1170.44,1170.42,585.22,585.26,9531.95,4851.35,4848.12,4846.46,1182.64,597.51,597.43,597.46
CN7,4G,4,16,3,898,1045,1237,2311,1212,1386,1317.75,5459,4682.13,4681.84,9363.7,4682.56,585.24,585.28,1170.44,585.3,4681.81,4683.34,9362.99,4681.7,585.3,585.3,1170.37,585.22,4244.58,8339.55,8336.86,4238.78,522.85,1034.86,1034.83,522.8
CN7,4G,4,16,4,914,1074,1336,2245,1170,1410,1321.17,5249,9363.85,4682.41,4682.0,9362.71,1170.4,585.27,585.29,1170.4,4683.67,4682.06,4683.28,9362.99,585.36,585.28,585.28,1170.37,4244.33,4243.93,4240.11,8334.9,522.83,522.86,522.8,1034.82
CN7,4G,4,16,5,873,1029,1205,2671,1228,1396,1341.83,5600,4682.57,9363.27,4682.14,4682.14,585.28,1170.44,585.28,585.28,9363.67,9364.49,4682.0,4684.43,1170.48,1170.47,585.25,585.31,9531.52,4849.21,4845.98,4844.46,1182.66,597.53,597.46,597.49
CN7,4G,8,1,1,898,1369,17171,19006,698,1408,1300.81,9896,12292.63,8194.0,12292.63,12292.88,1536.14,1024.17,1536.17,1536.2,8193.59,8194.43,12291.88,12291.75,1024.21,1024.21,1536.13,1536.12,8340.59,12436.43,12434.99,12433.78,1034.87,1546.88,1546.81,1546.84
CN7,4G,8,1,2,873,1188,7111,13304,1054,1396,1325.46,10.3,7265.75,10909.29,10904.15,7262.96,908.17,1363.2,1362.93,907.88,10925.76,10926.73,10923.79,7283.01,1365.49,1365.5,1365.44,910.32,9949.77,9948.55,9946.79,6668.03,1237.49,1237.52,1237.48,827.86
CN7,4G,8,1,3,947,1401,30278,35914,728,1402,1253.12,9150,10924.57,10924.35,7282.58,10924.13,1365.47,1365.5,910.35,1365.47,10924.32,10925.29,7279.46,10924.24,1365.51,1365.56,909.88,1365.46,11055.09,7413.28,7411.55,11050.37,1375.01,919.9,919.91,1374.97
CN7,4G,8,1,4,889,1352,11600,19268,520,1412,1301.06,9447,10926.47,7283.58,10926.47,10926.47,1365.48,910.39,1365.5,1365.51,7283.11,7283.3,10926.03,10927.14,910.38,910.39,1365.45,1365.5,7414.31,11053.06,11053.89,11051.71,919.9,1374.98,1374.97,1374.96
CN7,4G,8,1,5,988,1549,37487,39060,551,1398,1196.35,8962,8202.41,12297.9,12299.29,8202.79,1024.2,1536.2,1536.25,1024.23,12299.75,12299.97,12299.29,8199.41,1536.28,1536.24,1536.22,1024.18,12444.48,12436.58,12434.76,8343.43,1546.93,1546.95,1546.94,1034.85
CN7,4G,8,4,1,996,1369,37487,39060,658,1406,1161.85,9350,13588.34,13033.9,9364.77,13866.2,1698.34,1629.18,1170.52,1733.17,13858.16,13456.26,9365.2,13168.77,1732.23,1681.82,1170.5,1645.86,14214.84,9530.52,9527.02,14207.64,1767.9,1182.69,1182.59,1767.82
CN7,4G,8,4,2,898,1319,9372,18482,732,1382,1302.75,9820,12293.43,8193.43,12291.81,12292.43,1536.23,1024.19,1536.18,1536.21,8193.4,8194.11,12291.31,12292.68,1024.19,1024.2,1536.12,1536.18,8341.24,12435.84,12434.64,12434.44,1034.89,1546.89,1546.81,1546.89
CN7,4G,8,4,3,963,1385,35914,38536,598,1398,1234.98,9398,8194.94,12293.06,12291.07,8194.69,1024.24,1536.23,1536.26,1024.25,12291.65,12291.87,12289.57,8193.57,1536.21,1536.18,1536.16,1024.16,11055.44,11054.75,11052.02,7410.95,1375.01,1375.08,1374.99,919.92
CN7,4G,8,4,4,898,1467,10552,18744,576,1412,1279.37,9494,10925.4,10925.62,7284.07,10925.4,1365.52,1365.57,910.44,1365.55,10924.92,10925.89,7283.29,10925.4,1365.56,1365.6,910.38,1365.52,11056.11,7413.75,7410.58,11050.29,1375.08,919.96,919.87,1374.97
CN7,4G,8,4,5,889,1303,10683,18220,844,1436,1307.83,9521,10926.3,7283.85,10927.41,10926.96,1365.45,910.4,1365.51,1365.52,7283.49,7283.46,10925.96,10927.41,910.43,910.4,1365.47,1365.5,7414.67,11054.65,11051.25,11052.29,919.95,1375.03,1374.95,1374.97
CN7,4G,8,16,1,906,1336,10421,20055,828,1402,1302.02,9720,8197.84,12293.21,12299.72,8198.22,1024.17,1536.23,1536.27,1024.25,10911.83,10907.91,10913.21,7288.3,1363.69,1363.12,1363.22,910.42,11057.01,11060.32,11057.59,7412.19,1375.09,1375.09,1375.0,919.85
CN7,4G,8,16,2,906,1205,1958,10552,1190,1370,1288.67,10.5,10934.87,10933.31,7291.09,10935.87,1365.47,1365.52,910.4,1365.56,10933.84,10934.92,7290.09,10934.75,1365.56,1365.57,910.33,1365.47,11065.02,7421.21,7417.48,11060.63,1375.09,919.96,919.83,1374.97
CN7,4G,8,16,3,922,1303,15926,38536,986,1414,1295.21,10.4,14062.84,9373.98,14063.56,14062.13,1755.65,1170.47,1755.71,1755.67,8203.2,8202.79,12289.64,12289.81,1024.29,1024.21,1534.2,1534.32,8349.64,12448.62,12447.05,12445.72,1034.89,1546.91,1546.83,1546.87
CN7,4G,8,16,4,865,1172,2008,7373,1262,1412,1352.36,11.1,9374.14,14063.7,14060.71,9375.0,1170.5,1755.67,1755.74,1170.59,12304.58,12304.17,12302.99,8202.49,1536.2,1536.21,1536.16,1024.18,12449.15,12448.75,12447.56,8346.48,1546.89,1546.94,1547.01,1035.02
CN7,4G,8,16,5,914,1287,6063,18220,1060,1383,1304.50,10.4,12302.0,12303.0,8202.88,12301.75,1536.17,1536.28,1024.26,1536.19,12301.84,12303.06,8201.25,12301.88,1536.24,1536.29,1024.12,1536.16,12450.03,8347.88,8344.44,12443.23,1546.96,1034.9,1034.81,1546.84
CN7,4G,16,1,1,5932,25560,42206,346031,1090,522.51,6759,,11721.22,11721.15,14064.94,11721.72,1463.04,1463.05,1755.63,1463.06,10940.45,10941.5,13125.67,10940.34,1365.56,1365.55,1638.52,1365.51,11018.42,13203.4,13202.97,11015.12,1371.22,1644.29,1644.26,1371.18
CN7,4G,16,1,2,5735,22938,41681,221250,1130,551.12,6905,,14062.37,11717.58,11718.09,14062.44,1755.7,1463.09,1463.06,1755.71,11717.28,11718.69,11717.59,14061.8,1463.04,1463.09,1463.02,1755.68,11802.74,11803.08,11800.12,14140.64,1469.22,1469.26,1469.15,1761.65
CN7,4G,16,1,3,6259,22414,33817,48497,234,1164,572.51,7695,10936.82,13123.95,10936.69,10936.82,1365.57,1638.67,1365.57,1365.58,13122.34,13122.99,10935.43,10936.69,1638.6,1638.61,1365.48,1365.58,13201.57,11015.35,11012.72,11010.87,1644.35,1371.29,1371.23,1371.15
CN7,4G,16,1,4,6259,25560,30802,256902,104,1168,556.69,7190,11718.75,11718.82,14061.61,11718.82,1463.08,1463.11,1755.67,1463.1,11717.45,11718.93,14060.11,11718.82,1463.05,1463.12,1755.57,1463.09,11017.17,13200.96,13199.26,11011.48,1371.3,1644.35,1644.25,1371.15
CN7,4G,16,1,5,6259,25297,36439,135267,172,1196,561.94,7003,14060.48,11717.19,11719.98,14060.98,1755.66,1463.08,1463.15,1755.71,11716.03,11717.72,11717.19,14060.19,1463.04,1463.11,1463.01,1755.66,11801.55,11803.03,11798.93,14140.66,1469.22,1469.26,1469.12,1761.66
CN7,4G,16,4,1,6456,25297,30016,105382,186,1194,550.34,7292,11717.63,14062.84,11717.63,11718.7,1463.11,1755.71,1463.1,1463.15,14060.32,14060.8,11715.99,11719.27,1755.59,1755.61,1463.01,1463.13,14145.06,11800.9,11799.57,11796.74,1761.82,1469.22,1469.17,1469.09
CN7,4G,16,4,2,7963,25560,32375,139461,1124,516.80,7024,,12622.92,12623.07,15146.38,12623.3,1575.61,1575.63,1890.71,1575.63,12621.97,12623.18,15144.53,12623.07,1575.57,1575.62,1890.6,1575.61,12712.3,15234.13,15232.63,12707.96,1582.21,1897.29,1897.24,1582.15
CN7,4G,16,4,3,6194,24773,30278,145753,132,1126,575.14,7071,14061.79,11718.57,11719.08,14061.58,1755.66,1463.1,1463.13,1755.68,11716.56,11718.9,11717.58,14061.43,1463.01,1463.13,1463.03,1755.66,11802.79,11802.13,11801.59,14140.83,1469.23,1469.27,1469.24,1761.66
CN7,4G,16,4,4,6718,22676,32637,252707,1218,561.04,7045,,12620.17,15042.17,12620.48,12620.48,1575.65,1878.24,1575.66,1575.68,14045.6,14047.64,11704.28,11705.74,1753.98,1754.1,1461.39,1461.48,14145.01,11802.07,11800.95,11798.19,1761.82,1469.22,1469.17,1469.09
CN7,4G,16,4,5,5407,25035,30016,379585,1135,585.36,7193,,11719.17,11718.6,14060.53,11717.96,1463.1,1463.1,1755.68,1463.11,11716.65,11717.92,14059.67,11718.1,1463.01,1463.05,1755.55,1463.05,11802.02,14145.79,14144.18,11798.35,1469.2,1761.79,1761.76,1469.13
CN7,4G,16,16,1,7177,21103,30016,274727,1170,529.11,7270,,15143.04,12619.5,12620.35,15143.42,1890.7,1575.63,1575.62,1890.72,12617.33,12618.46,12618.81,15142.58,1575.6,1575.65,1575.58,1890.68,11802.31,11802.58,11801.04,14141.78,1469.2,1469.21,1469.18,1761.72
CN7,4G,16,16,2,6063,20579,30016,114820,235,1184,585.96,7132,11704.87,14048.32,11705.08,11706.78,1461.42,1753.99,1461.47,1461.64,13123.09,13123.61,10934.78,10936.58,1638.6,1638.64,1365.48,1365.59,13201.43,11014.08,11012.98,11010.4,1644.36,1371.29,1371.26,1371.15
CN7,4G,16,16,3,6849,20841,31851,173016,144,1226,553.76,7032,12610.71,12610.87,15132.0,12612.46,1574.08,1574.14,1888.92,1574.25,12621.5,12623.4,15144.98,12623.52,1575.57,1575.67,1890.64,1575.66,11806.54,14146.81,14146.7,11801.01,1469.23,1761.83,1761.8,1469.11
CN7,4G,16,16,4,5473,20579,30278,137364,171,1195,604.15,7188,14061.35,11717.35,11718.35,14060.14,1755.66,1463.1,1463.12,1755.68,11716.98,11718.31,11717.35,14059.99,1463.06,1463.11,1463.03,1755.66,11802.4,11801.82,11800.28,14140.8,1469.21,1469.24,1469.17,1761.67
CN7,4G,16,16,5,7046,20579,30278,96994,202,1270,560.48,7200,11717.86,14060.64,11717.65,11718.01,1463.12,1755.7,1463.12,1463.14,14058.99,14059.68,11715.79,11717.58,1755.6,1755.62,1462.98,1463.06,14144.63,11800.82,11798.79,11797.6,1761.81,1469.23,1469.15,1469.15
CN7,8G,1,1,1,873,1045,1205,25560,1152,1446,1386.18,1457,2.25,2.35,7291.47,2.25,0.18,0.22,910.48,0.21,0.55,2.3,7290.58,3.69,0.17,0.23,910.44,0.26,132.99,7420.52,7419.46,127.39,9.72,919.96,920.01,9.7
CN7,8G,1,1,2,857,1074,1237,27132,1210,1590,1482.82,1556,7290.02,0.46,1.7,7290.03,910.36,0.13,0.16,910.38,0.49,0.47,0.43,6561.42,0.15,0.12,0.1,819.34,118.18,116.97,116.31,6674.44,8.67,8.68,8.67,827.88
CN7,8G,1,1,3,848,1045,1188,26870,1262,1590,1425.55,1496,1.53,6561.82,0.43,1.53,0.13,819.37,0.12,0.15,6560.8,6561.07,0.43,1.53,819.37,819.35,0.1,0.13,6681.38,116.96,115.01,115.05,827.91,8.68,8.64,8.69
CN7,8G,1,1,4,889,1090,1303,24511,1206,1428,1372.73,1443,0.63,1.52,6560.93,0.43,0.1,0.15,819.34,0.12,0.5,1.57,6561.03,0.73,0.15,0.15,819.32,0.1,119.08,6677.26,6676.11,113.94,8.7,827.9,827.89,8.66
CN7,8G,1,1,5,889,1090,1270,26870,1148,1600,1483.09,1555,7290.59,0.69,0.48,7290.25,910.38,0.13,0.13,910.41,1.6,0.67,0.43,6561.53,0.18,0.12,0.1,819.35,118.08,118.16,115.01,6674.54,8.67,8.7,8.64,827.88
CN7,8G,1,4,1,832,996,1172,25560,1186,1456,1413.00,1483,1.81,7292.58,0.7,1.7,0.14,910.41,0.13,0.16,7279.0,7280.86,0.59,0.48,908.82,908.95,0.11,0.11,7423.53,129.96,128.23,126.6,919.9,9.64,9.6,9.62
CN7,8G,1,4,2,857,1090,1254,33817,1222,1456,1395.45,1467,0.7,1.7,7292.15,0.48,0.11,0.16,910.38,0.13,1.78,0.53,7292.26,0.7,0.2,0.14,910.36,0.11,132.43,7419.06,7420.12,126.82,9.66,919.89,919.87,9.62
CN7,8G,1,4,3,791,988,1221,25822,1330,1536,1498.40,1565,7292.48,0.7,0.49,7292.82,910.38,0.13,0.13,910.41,0.56,0.53,0.49,7292.93,0.17,0.14,0.11,910.38,131.09,129.96,129.01,7418.27,9.63,9.64,9.63,919.87
CN7,8G,1,4,4,873,1045,1254,38011,1248,1600,1406.18,1475,1.34,6563.53,0.44,1.64,0.13,819.37,0.12,0.15,6562.81,6562.68,0.64,0.44,819.37,819.35,0.1,0.1,6679.08,118.06,115.0,113.94,827.91,8.7,8.64,8.66
CN7,8G,1,4,5,857,1090,1270,26870,1234,1574,1476.45,1549,0.49,1.82,7290.71,0.49,0.11,0.17,910.41,0.13,0.57,1.87,7292.26,0.71,0.17,0.17,910.36,0.11,119.18,6677.46,6677.9,113.94,8.7,827.9,827.89,8.66
CN7,8G,1,16,1,840,1020,1172,27657,1331,1548,1421.91,1490,7292.6,0.48,0.49,7292.15,910.38,0.13,0.13,910.41,1.9,0.54,0.49,7292.71,0.2,0.14,0.11,910.38,118.08,118.06,115.0,6676.44,8.67,8.71,8.64,827.88
CN7,8G,1,16,2,865,1057,1237,27919,1230,1598,1438.45,1514,1.71,7292.59,0.49,1.72,0.14,910.41,0.13,0.17,7291.79,7291.76,0.6,0.49,910.42,910.39,0.11,0.11,6680.68,116.96,115.0,113.94,827.89,8.68,8.64,8.66
CN7,8G,1,16,3,832,1020,1188,42730,1324,1476,1420.27,1490,0.6,1.71,7290.38,0.49,0.11,0.17,910.41,0.13,1.8,0.54,7292.27,0.49,0.2,0.14,910.36,0.11,117.98,6677.25,6676.0,114.24,8.67,827.9,827.88,8.66
CN7,8G,1,16,4,824,1045,1205,29230,1286,1572,1445.45,1518,6550.26,0.64,1.55,6549.86,817.95,0.12,0.15,817.94,0.52,0.69,0.45,6561.44,0.15,0.13,0.1,819.34,118.08,118.06,116.1,6674.53,8.67,8.7,8.67,827.88
CN7,8G,1,16,5,889,1090,1303,42730,1173,1580,1463.18,1536,0.5,7290.71,0.94,1.72,0.11,910.41,0.14,0.17,7290.02,7290.88,0.72,1.72,910.42,910.41,0.11,0.14,7420.86,129.95,127.78,126.6,919.88,9.64,9.6,9.62
CN7,8G,2,1,1,898,1004,1188,23725,1236,1346,1307.38,2731,7290.17,1.72,7290.39,7290.72,910.36,0.17,910.4,910.4,1.62,1.59,6561.85,6561.65,0.18,0.15,819.34,819.34,119.08,6677.25,6676.4,6674.73,8.7,827.9,827.89,827.88
CN7,8G,2,1,2,824,930,1139,15926,1278,1546,1434.95,2881,1.65,6562.94,6562.06,1.66,0.13,819.34,819.39,0.15,5964.38,5965.09,5964.96,1.5,744.89,744.88,744.86,0.12,6071.97,6070.41,6069.73,103.58,752.64,752.64,752.63,7.87
CN7,8G,2,1,3,914,1012,1139,23987,1212,1378,1324.25,2759,6561.55,6562.15,1.56,6561.36,819.34,819.39,0.15,819.36,5965.12,5966.18,1.6,5966.96,744.91,744.91,0.12,744.86,6072.34,106.32,104.55,6070.12,752.67,7.89,7.85,752.64
CN7,8G,2,1,4,889,988,1123,24249,1232,1368,1327.83,2757,6561.36,0.45,6563.76,6561.86,819.34,0.12,819.37,819.39,1.57,1.55,5965.14,5965.51,0.17,0.14,744.86,744.89,107.25,6061.72,6062.21,6061.45,7.88,751.52,751.74,751.81
CN7,8G,2,1,5,824,930,1139,10945,1298,1512,1426.05,2880,1.85,7290.73,7291.07,1.74,0.15,910.41,910.44,0.17,6561.03,6561.61,6561.36,0.47,819.39,819.37,819.34,0.1,6678.87,6680.16,6675.9,114.04,827.91,827.93,827.88,8.66
CN7,8G,2,4,1,922,1020,1156,26346,1240,1404,1322.75,2774,6561.56,6561.96,1.57,6561.47,819.34,819.39,0.15,819.37,5965.4,5965.37,1.52,5964.97,744.93,744.91,0.12,744.86,6072.25,107.42,105.64,6070.31,752.67,7.91,7.88,752.64
CN7,8G,2,4,2,914,1020,1139,30278,1212,1376,1324.54,2754,6561.37,1.57,6561.47,6561.97,819.35,0.15,819.37,819.39,1.49,1.29,5964.79,5965.43,0.17,0.14,744.84,744.88,107.25,6070.5,6069.27,6068.67,7.88,752.64,752.63,752.66
CN7,8G,2,4,3,848,955,1139,23987,1242,1524,1406.09,2807,1.86,7293.07,7292.86,1.86,0.15,910.41,910.42,0.17,6561.44,6561.61,6563.38,1.68,819.4,819.37,819.35,0.13,6679.18,6677.46,6678.9,113.94,827.91,827.9,827.91,8.66
CN7,8G,2,4,4,898,996,1123,23725,1258,1376,1341.29,2792,7292.86,7293.19,1.76,7291.86,910.39,910.44,0.17,910.39,6563.95,6563.62,1.68,6563.38,819.43,819.38,0.13,819.35,6681.48,116.96,116.41,6677.24,827.94,8.68,8.67,827.9
CN7,8G,2,4,5,898,996,1123,10028,1204,1364,1319.83,2730,6561.38,0.58,6563.28,6561.88,819.34,0.12,819.37,819.39,1.59,1.66,5965.07,5965.35,0.17,0.14,744.86,744.88,107.25,6070.41,6071.19,6068.04,7.88,752.65,752.62,752.64
CN7,8G,2,16,1,840,947,1139,24773,1260,1542,1417.86,2834,1.69,6561.68,6561.99,1.59,0.13,819.37,819.39,0.16,5964.87,5965.11,5964.99,1.44,744.91,744.88,744.86,0.12,6071.71,6071.05,6068.82,104.86,752.65,752.66,752.63,7.9
CN7,8G,2,16,2,873,971,1139,23462,1236,1382,1330.00,2788,7290.87,7290.54,1.77,7290.1,910.39,910.42,0.17,910.39,6562.06,6561.53,1.69,6563.59,819.42,819.38,0.13,819.35,6679.48,118.06,116.11,6675.04,827.94,8.71,8.67,827.9
CN7,8G,2,16,3,922,1020,1139,24249,1224,1338,1285.08,2676,6556.81,0.59,6554.43,6557.93,818.79,0.13,818.49,818.89,1.51,1.49,5964.72,5965.45,0.17,0.15,744.84,744.88,108.26,6070.51,6069.37,6068.04,7.91,752.64,752.63,752.64
CN7,8G,2,16,4,832,930,1139,25297,1268,1554,1426.38,2863,1.7,6563.99,6561.7,1.7,0.14,819.37,819.38,0.16,5964.69,5965.31,5965.72,1.54,744.89,744.89,744.89,0.12,6071.8,6071.15,6069.01,103.68,752.66,752.66,752.62,7.87
CN7,8G,2,16,5,881,971,1139,23462,1232,1372,1332.75,2771,7290.11,7291.21,1.78,7292.78,910.37,910.42,0.17,910.4,6561.77,6562.74,1.8,6561.3,819.41,819.4,0.14,819.33,6679.68,118.06,116.21,6674.84,827.94,8.71,8.67,827.89
CN7,8G,4,1,1,889,1029,1205,25035,1210,1410,1313.12,5440,6561.2,6561.4,13123.4,6561.9,819.35,819.36,1638.56,819.4,5964.79,5966.04,11931.46,5965.37,744.91,744.91,1489.62,744.89,6071.71,12036.15,12034.28,6068.04,752.65,1497.38,1497.35,752.64
CN7,8G,4,1,2,906,1057,1336,33817,1150,1386,1292.35,5335,11931.64,5967.09,5964.65,11931.74,1489.64,744.92,744.87,1489.66,5967.16,5967.14,5965.83,11931.64,744.94,744.92,744.94,1489.64,6073.71,6072.24,6070.38,12031.86,752.68,752.76,752.72,1497.37
CN7,8G,4,1,3,898,1090,1434,28705,1140,1422,1328.00,5420,6561.42,13124.71,6561.62,6561.62,819.35,1638.62,819.37,819.37,11931.8,11931.78,5965.29,5965.02,1489.69,1489.66,744.89,744.86,12036.81,6071.34,6069.65,6067.87,1497.43,752.68,752.65,752.62
CN7,8G,4,1,4,873,1037,1287,27395,1200,1422,1335.33,5574,6569.32,6569.42,13130.02,6569.32,819.42,819.49,1638.66,819.44,6570.2,6570.07,13129.82,6569.52,819.53,819.5,1638.64,819.42,6687.4,13239.37,13237.52,6682.86,828.04,1647.2,1647.16,827.98
CN7,8G,4,1,5,898,1029,1221,25297,1172,1434,1316.50,5298,13123.03,6562.02,6562.14,13123.23,1638.64,819.43,819.46,1638.66,6562.2,6561.87,6562.63,13122.63,819.46,819.41,819.46,1638.61,6679.5,6680.88,6676.63,13236.36,827.97,828.03,827.97,1647.2
CN7,8G,4,4,1,898,1020,1221,26346,1176,1398,1304.04,5385,6562.54,13122.83,6561.94,6562.34,819.46,1638.63,819.4,819.46,13123.01,13122.68,6562.44,6562.54,1638.66,1638.63,819.41,819.44,13240.2,6677.78,6676.23,6676.07,1647.17,827.94,827.9,828.02
CN7,8G,4,4,2,898,1090,3490,23725,1042,1432,1319.60,5444,5966.68,5965.67,11931.86,5966.31,744.88,744.97,1489.7,744.87,5965.11,5965.72,11931.4,5967.22,744.95,744.97,1489.64,744.9,6072.46,12035.17,12034.03,6070.34,752.7,1497.41,1497.41,752.67
CN7,8G,4,4,3,873,1045,5211,25297,944,1424,1337.17,5325,11929.14,5967.31,5966.14,11928.59,1489.62,744.94,744.99,1489.61,5966.57,5967.18,5965.96,11929.59,744.92,744.93,744.97,1489.64,6065.22,6063.2,6061.41,12018.45,751.54,751.67,751.64,1495.7
CN7,8G,4,4,4,881,1057,1385,25560,1232,1390,1330.00,5542,6561.66,13122.85,6561.36,6561.96,819.39,1638.63,819.39,819.42,13122.83,13122.9,6561.86,6561.66,1638.66,1638.64,819.39,819.36,13240.11,6678.29,6676.74,6675.08,1647.17,827.96,827.95,827.95
CN7,8G,4,4,5,881,1020,1205,26608,1214,1402,1320.73,5508,6561.97,6562.36,13121.37,6562.07,819.39,819.43,1638.57,819.41,5965.85,5965.83,11929.88,5965.61,744.96,744.94,1489.65,744.89,6072.84,12035.63,12033.68,6067.62,752.7,1497.44,1497.41,752.63
CN7,8G,4,16,1,865,1020,3884,24773,1024,1438,1345.36,5417,11930.43,5965.79,5965.16,11930.43,1489.68,744.94,744.92,1489.7,5965.86,5965.74,5965.98,11929.97,744.97,744.93,744.95,1489.65,6072.47,6073.73,6070.23,12031.98,752.69,752.76,752.73,1497.4
CN7,8G,4,16,2,898,1074,1418,26346,1202,1426,1316.58,5438,6562.48,13122.77,6560.98,6562.88,819.44,1638.64,819.36,819.49,13121.95,13122.82,6561.38,6561.78,1638.61,1638.64,819.36,819.36,13238.82,6678.31,6676.85,6675.09,1647.12,827.96,827.95,827.95
CN7,8G,4,16,3,873,1037,1287,23462,1228,1402,1340.17,5600,6564.09,6562.38,13123.79,6563.09,819.4,819.47,1638.61,819.39,5966.05,5966.03,11931.53,5967.35,745.0,744.98,1489.65,744.91,6071.75,12035.55,12034.5,6069.54,752.66,1497.44,1497.44,752.66
CN7,8G,4,16,4,873,1029,2212,24249,1098,1410,1334.94,5412,11929.63,5967.17,5965.0,11928.81,1489.65,744.93,744.93,1489.62,5966.79,5966.76,5965.91,11928.99,744.92,744.9,744.92,1489.6,6073.48,6071.65,6069.69,12031.72,752.66,752.71,752.68,1497.37
CN7,8G,4,16,5,881,1029,1254,25560,1174,1416,1327.17,5491,6562.3,13122.99,6561.3,6561.6,819.45,1638.64,819.39,819.42,11930.06,11929.95,5965.37,5966.28,1489.7,1489.67,744.91,744.97,12036.58,6071.2,6069.79,6069.0,1497.43,752.7,752.68,752.73
CN7,8G,8,1,1,1172,4817,16909,263193,1382,1014.67,6931,,13123.61,8750.74,13123.21,13123.01,1638.57,1092.5,1638.57,1638.57,8203.68,8203.66,12304.01,12303.82,1024.24,1024.22,1536.19,1536.19,8277.34,12376.51,12374.42,12373.5,1029.56,1541.57,1541.54,1541.54
CN7,8G,8,1,2,1270,7898,20841,185598,1418,974.76,6863,,11579.54,15438.83,7718.9,7719.07,1445.86,1927.74,963.89,963.89,15428.27,11580.39,7719.84,7720.13,1926.48,1445.87,963.94,963.94,15506.73,7789.02,7787.63,7786.72,1932.75,968.99,968.97,968.97
CN7,8G,8,1,3,1287,12387,21365,42206,383,1418,937.99,6955,9375.1,9375.38,14060.31,14060.38,1170.48,1170.51,1755.59,1755.59,9376.51,14061.34,14061.38,14061.67,1170.64,1755.71,1755.64,1755.69,9459.69,14143.74,14143.2,14142.45,1176.64,1761.77,1761.74,1761.74
CN7,8G,8,1,4,1205,5932,21627,191890,226,1358,984.64,6611,13123.5,13122.96,13122.23,8748.7,1638.65,1638.64,1638.61,1092.46,13123.88,13122.86,13122.77,8750.3,1638.69,1638.64,1638.62,1092.53,13201.58,13201.37,8825.4,8825.49,1644.36,1644.41,1098.13,1098.18
CN7,8G,8,1,5,1205,5342,18482,202376,228,1390,1048.08,7754,13123.51,13123.98,8748.85,13123.11,1638.68,1638.71,1092.46,1638.67,13124.23,8750.81,8750.71,13123.11,1638.74,1092.56,1092.54,1638.62,13202.39,8828.04,13197.87,13198.23,1644.41,1098.2,1644.23,1644.31
CN7,8G,8,4,1,1172,6456,18482,256902,180,1398,1022.06,7040,9375.35,9376.13,14060.41,14060.06,1170.52,1170.56,1755.62,1755.59,9375.68,14061.16,14061.13,14061.13,1170.54,1755.66,1755.64,1755.66,8829.93,13201.18,13200.08,13200.24,1098.24,1644.37,1644.31,1644.33
CN7,8G,8,4,2,1270,7701,21103,181404,376,1418,999.26,7343,14064.14,14064.85,14064.07,9378.14,1755.71,1755.7,1755.67,1170.51,14064.76,14065.46,14065.35,9379.35,1755.67,1755.71,1755.69,1170.53,14143.79,14143.06,9460.81,9460.41,1761.75,1761.75,1176.6,1176.64
CN7,8G,8,4,3,1237,7308,20579,200279,1392,972.93,6526,,14060.01,14060.93,9373.08,14059.86,1755.66,1755.69,1170.44,1755.66,14059.99,9374.4,9374.94,14060.43,1755.7,1170.53,1170.56,1755.65,13201.74,8827.93,13198.49,13198.52,1644.35,1098.2,1644.23,1644.31
CN7,8G,8,4,4,1303,7373,19268,141558,1400,986.10,6969,,9375.88,9375.8,14060.3,14061.66,1170.51,1170.52,1755.6,1755.69,8750.67,13123.78,13124.41,13124.08,1092.51,1638.62,1638.62,1638.63,8829.02,13200.93,13200.37,13200.12,1098.18,1644.34,1644.35,1644.39
CN7,8G,8,4,5,1352,8717,20317,38011,244,1415,977.94,7326,15141.8,15141.56,15140.64,10094.18,1890.7,1890.71,1890.65,1260.48,15141.47,15141.99,15142.34,10095.41,1890.74,1890.74,1890.78,1260.55,15232.1,15232.86,10184.12,10182.62,1897.3,1897.4,1267.18,1267.12
CN7,8G,8,16,1,1270,7767,19006,185598,288,1400,974.08,6503,14060.54,14060.25,9370.68,14059.11,1755.72,1755.71,1170.15,1755.62,14060.52,9374.93,9374.11,14060.82,1755.71,1170.54,1170.51,1755.68,14145.11,9458.02,14142.62,14141.72,1761.81,1176.64,1761.77,1761.77
CN7,8G,8,16,2,1270,7570,20841,252707,115,1412,982.98,7196,8751.98,8751.84,13123.51,13123.51,1092.55,1092.51,1638.6,1638.62,8751.09,13124.94,13124.71,13124.38,1092.53,1638.64,1638.64,1638.65,8829.37,13201.02,13200.65,13200.01,1098.24,1644.34,1644.33,1644.33
CN7,8G,8,16,3,1336,7767,20317,212861,294,1400,967.73,6974,15142.06,15141.83,15141.98,10095.52,1890.71,1890.72,1890.69,1260.48,15142.73,15143.02,15142.91,10096.98,1890.74,1890.74,1890.72,1260.55,14144.12,14144.17,9458.57,9457.24,1761.79,1761.81,1176.68,1176.63
CN7,8G,8,16,4,1467,9372,21103,261096,299,1396,895.22,6777,14061.0,14060.99,9374.5,14059.14,1755.69,1755.72,1170.53,1755.61,14061.4,9374.81,9375.35,14060.78,1755.79,1170.59,1170.53,1755.71,14144.13,9457.97,14142.5,14141.96,1761.81,1176.69,1761.8,1761.81
CN7,8G,8,16,5,1172,6128,20317,28181,388,1408,1062.00,7653,9375.94,9375.93,14062.08,14060.22,1170.52,1170.53,1755.7,1755.61,8751.66,13124.77,13125.27,13125.2,1092.58,1638.69,1638.68,1638.71,8820.5,13193.75,13190.6,13193.0,1097.15,1643.37,1643.1,1643.48
CN7,8G,16,1,1,8586,21890,33424,350225,1266,490.84,6633,,15134.79,15134.83,12612.21,12611.08,1889.78,1889.82,1574.75,1574.67,15141.84,12618.95,12619.01,12618.82,1890.7,1575.62,1575.61,1575.61,14623.44,12194.32,12192.05,12193.1,1823.77,1520.4,1520.31,1520.39
CN7,8G,16,1,2,8455,21627,36439,242222,1170,487.75,6569,,13125.74,13126.22,15749.74,13123.94,1638.65,1638.66,1966.33,1638.54,12622.01,15145.0,15144.79,12621.75,1575.71,1890.78,1890.76,1575.67,12665.89,15188.61,12663.75,12664.84,1578.93,1894.04,1578.84,1578.89
CN7,8G,16,1,3,7898,21365,31851,175113,1141,516.22,7263,,11718.21,11717.6,11717.64,14060.35,1463.06,1463.06,1463.07,1755.65,11718.7,11717.83,11718.24,14060.92,1463.13,1463.12,1463.07,1755.65,11354.05,11354.87,13614.92,13615.69,1415.57,1415.63,1698.05,1698.1
CN7,8G,16,1,4,8717,21365,32900,217056,1162,487.25,6453,,15747.36,15746.64,13122.4,13122.44,1966.32,1966.27,1638.58,1638.6,15747.35,13123.02,13123.72,13123.8,1966.34,1638.67,1638.68,1638.64,15786.2,13163.3,13161.67,13162.45,1968.79,1641.22,1641.18,1641.3
CN7,8G,16,1,5,8160,21627,32900,325059,1098,490.47,6774,,12612.68,12618.93,15136.87,12618.05,1574.81,1575.61,1890.02,1575.57,12618.97,15142.15,15142.55,12619.4,1575.63,1890.7,1890.69,1575.61,12195.7,14624.17,12192.52,12193.98,1520.48,1823.88,1520.31,1520.45
CN7,8G,16,4,1,8848,21627,36439,295699,1122,476.45,5860,,12151.88,12150.84,12152.47,14580.91,1517.25,1517.2,1517.27,1820.66,12152.5,12152.67,12152.73,14582.39,1517.32,1517.33,1517.32,1820.72,12195.38,12195.29,14623.46,14624.51,1520.46,1520.44,1823.81,1823.9
CN7,8G,16,4,2,7898,21365,35914,320865,1206,495.51,6230,,15747.44,15746.8,13123.4,13122.4,1966.32,1966.28,1638.67,1638.6,15747.23,13124.21,13123.88,13123.88,1966.33,1638.7,1638.68,1638.7,15794.7,13170.37,13167.91,13168.8,1969.8,1642.11,1642.0,1642.06
CN7,8G,16,4,3,8586,21365,34341,233833,1158,492.51,6494,,13126.41,13125.57,15750.29,13125.05,1638.66,1638.65,1966.35,1638.61,13125.88,15750.27,15749.85,13126.37,1638.67,1966.35,1966.34,1638.65,13164.92,15788.54,13162.41,13164.24,1641.13,1968.86,1641.07,1641.28
CN7,8G,16,4,4,8455,21103,33817,337642,1178,488.00,5826,,12619.44,12619.33,12620.33,15141.83,1575.61,1575.66,1575.69,1890.69,12151.53,12152.37,12152.17,14581.83,1517.23,1517.28,1517.27,1820.67,12195.48,12193.84,14622.23,14624.2,1520.43,1520.41,1823.73,1823.89
CN7,8G,16,4,5,8717,21365,32637,304088,121,1226,498.39,6419,14581.07,14581.62,12152.51,12152.44,1820.72,1820.71,1517.31,1517.33,14582.17,12152.19,12152.32,12152.44,1820.73,1517.31,1517.3,1517.32,14625.37,12195.33,12194.46,12193.77,1823.89,1520.48,1520.48,1520.43
CN7,8G,16,16,1,8586,21627,35390,246416,1163,487.57,6453,,12151.67,12151.96,14581.48,12151.74,1517.31,1517.31,1820.73,1517.31,12152.59,14581.8,14581.67,12151.3,1517.29,1820.69,1820.68,1517.24,11759.51,14101.82,11757.49,11757.93,1466.14,1758.71,1466.07,1466.15
CN7,8G,16,16,2,9372,21627,35914,202376,1186,479.33,5906,,12619.51,12618.9,12619.67,15142.55,1575.62,1575.61,1575.63,1890.71,12152.11,12152.25,12152.83,14581.64,1517.33,1517.34,1517.33,1820.73,12196.02,12195.83,14623.81,14624.08,1520.48,1520.5,1823.84,1823.89
CN7,8G,16,16,3,8029,21103,38536,244319,1204,500.39,6434,,15747.34,15747.34,13123.59,13124.19,1966.33,1966.36,1638.69,1638.72,15747.57,13124.0,13123.58,13123.3,1966.35,1638.71,1638.68,1638.64,15187.57,12663.6,12661.58,12661.86,1894.04,1578.95,1578.85,1578.91
CN7,8G,16,16,4,8979,23725,33817,308282,1094,478.95,6420,,13126.48,13125.52,15749.88,13127.08,1638.72,1638.65,1966.35,1638.72,13127.35,15750.25,15750.84,13127.0,1638.75,1966.36,1966.41,1638.71,13174.12,15795.99,13170.25,13171.23,1642.15,1969.77,1642.01,1642.1
CN7,8G,16,16,5,7504,25822,34341,304088,1098,498.41,6054,,12152.3,12152.08,12152.3,14582.01,1517.27,1517.27,1517.28,1820.7,12152.55,12152.62,12151.9,14580.93,1517.33,1517.33,1517.27,1820.66,12196.05,12195.48,14624.06,14624.33,1520.49,1520.45,1823.88,1823.9
CN7,16G,1,1,1,824,996,1172,9110,1246,1558,1466.55,1537,8749.96,8749.63,3.03,3.43,1092.6,1092.57,0.32,0.36,8750.01,2.2,3.3,2.36,1092.65,0.24,0.31,0.24,8276.72,75.77,72.99,72.82,1029.69,5.64,5.54,5.56
CN7,16G,1,1,2,807,963,1172,23987,1196,1478,1433.95,1504,1.84,1.84,8750.37,0.97,0.17,0.18,1092.48,0.15,1.77,8201.81,8201.97,0.9,0.19,1024.2,1024.19,0.13,75.03,8274.64,72.23,71.7,5.5,1029.53,5.45,5.46
CN7,16G,1,1,3,816,955,1172,25035,1362,1618,1453.14,1524,0.84,0.84,1.77,8748.63,0.13,0.15,0.18,1092.48,0.89,1.8,1.71,8749.36,0.17,0.19,0.17,1092.43,74.1,74.33,8272.73,8274.07,5.47,5.51,1029.48,1029.52
CN7,16G,1,1,4,807,971,1172,39060,1308,1532,1420.00,1489,8748.04,8748.84,1.11,0.84,1092.43,1092.48,0.15,0.15,8201.96,0.81,1.04,0.79,1024.22,0.14,0.13,0.13,8276.59,73.58,72.24,71.64,1029.53,5.48,5.45,5.46
CN7,16G,1,1,5,857,1106,1319,23462,1214,1582,1377.48,1449,1.67,1.67,8202.04,0.91,0.16,0.17,1024.2,0.14,1.71,8201.94,8201.91,0.79,0.19,1024.2,1024.18,0.13,74.97,8274.51,72.36,71.57,5.5,1029.53,5.45,5.46
CN7,16G,1,4,1,783,955,1188,26346,1348,1578,1523.62,1599,0.85,1.11,0.85,8748.77,0.13,0.15,0.15,1092.48,1.09,1.7,1.67,8203.22,0.16,0.18,0.16,1024.18,74.1,73.46,8272.73,8272.82,5.47,5.48,1029.48,1029.52
CN7,16G,1,4,2,799,971,1172,25822,1166,1562,1509.48,1584,8748.65,8748.64,0.85,1.78,1092.47,1092.48,0.15,0.19,8748.69,0.88,0.85,0.85,1092.5,0.15,0.13,0.13,8828.23,78.62,77.05,77.28,1098.16,5.84,5.82,5.86
CN7,16G,1,4,3,816,963,1172,26084,1343,1552,1488.95,1562,1.61,1.61,8201.86,0.79,0.16,0.17,1024.2,0.14,0.84,8201.82,8201.85,0.92,0.16,1024.2,1024.18,0.13,74.1,8275.83,72.23,71.88,5.47,1029.53,5.45,5.47
CN7,16G,1,4,4,816,1004,1237,23987,1284,1460,1421.04,1490,0.85,0.98,0.85,8748.51,0.14,0.15,0.15,1092.46,1.03,1.75,0.85,8749.65,0.17,0.19,0.14,1092.43,74.35,73.46,8272.73,8273.07,5.47,5.48,1029.48,1029.52
CN7,16G,1,4,5,775,930,1172,27919,1288,1602,1536.14,1612,8201.8,8202.05,0.93,1.61,1024.19,1024.2,0.14,0.17,8202.03,0.83,0.99,1.67,1024.22,0.14,0.13,0.16,8275.22,73.45,72.24,72.39,1029.53,5.48,5.45,5.5
CN7,16G,1,16,1,816,930,1172,23462,1330,1442,1399.91,1468,1.79,1.86,8748.79,1.05,0.17,0.19,1092.48,0.15,1.73,8194.9,8194.41,0.92,0.19,1023.34,1023.23,0.13,74.97,8276.01,72.23,71.82,5.5,1029.53,5.45,5.47
CN7,16G,1,16,2,799,979,1205,26608,1338,1612,1512.62,1589,0.99,0.86,0.86,8748.25,0.14,0.15,0.15,1092.45,0.91,1.82,1.79,8748.19,0.17,0.19,0.17,1092.43,79.04,79.29,8816.3,8816.92,5.84,5.88,1097.09,1097.24
CN7,16G,1,16,3,791,930,1156,26608,1336,1584,1529.62,1605,8748.59,8748.72,0.99,1.79,1092.47,1092.48,0.15,0.19,8201.91,0.83,0.93,0.81,1024.22,0.14,0.13,0.13,8276.47,73.58,73.11,71.57,1029.53,5.48,5.49,5.46
CN7,16G,1,16,4,791,971,1188,26084,1356,1584,1531.24,1607,0.87,1.73,8741.89,0.99,0.14,0.19,1091.59,0.15,1.78,8748.69,8748.66,0.86,0.21,1092.49,1092.46,0.14,79.9,8827.62,77.05,76.34,5.87,1098.17,5.82,5.83
CN7,16G,1,16,5,775,938,1139,27132,1360,1606,1546.67,1622,0.87,1.0,1.73,8740.35,0.14,0.15,0.19,1091.47,1.11,1.76,0.87,8748.19,0.17,0.19,0.14,1092.44,79.04,79.15,8824.78,8824.21,5.84,5.88,1098.15,1098.16
CN7,16G,2,1,1,889,971,1139,22938,1208,1398,1321.13,2766,8201.63,8201.93,8202.0,0.81,1024.17,1024.2,1024.2,0.14,8201.92,8201.97,8202.06,0.81,1024.22,1024.2,1024.18,0.13,8276.59,8276.02,73.05,72.39,1029.53,1029.54,5.49,5.5
CN7,16G,2,1,2,922,1020,1139,23200,1230,1470,1320.94,2707,8201.76,8202.44,2.07,8202.69,1024.18,1024.25,0.21,1024.17,8202.68,2.1,2.07,8203.06,1024.25,0.21,0.2,1024.16,8275.72,74.71,8273.17,8272.76,1029.59,5.55,1029.51,1029.52
CN7,16G,2,1,3,832,906,1123,23200,1276,1482,1402.87,2855,1.95,1.95,7719.65,7718.89,0.19,0.2,963.95,963.93,1.94,7719.5,7719.42,7719.65,0.22,963.96,963.94,963.98,70.86,7787.61,7786.64,7786.66,5.19,968.98,968.96,969.0
CN7,16G,2,1,4,898,979,1123,16909,1200,1380,1305.88,2717,7721.07,7720.66,7720.78,0.78,963.95,963.96,963.97,0.14,7721.23,7721.1,7721.31,1.95,963.99,963.97,964.01,0.19,7789.98,7787.96,67.99,68.02,968.97,968.98,5.13,5.18
CN7,16G,2,1,5,914,996,1106,23200,1216,1354,1317.73,2757,8202.4,8203.7,2.08,8202.51,1024.16,1024.25,0.21,1024.17,7720.53,1.99,1.9,7720.78,963.98,0.2,0.19,963.95,7789.22,70.32,7786.17,7787.6,969.04,5.22,968.93,968.97
CN7,16G,2,4,1,824,906,1139,27395,1244,1554,1426.23,2878,2.09,2.09,8203.27,8202.4,0.2,0.21,1024.2,1024.17,2.01,8202.99,8202.96,8203.4,0.23,1024.2,1024.18,1024.21,70.98,7787.91,7788.23,7787.9,5.22,968.97,968.99,969.02
CN7,16G,2,4,2,898,988,1139,23200,1210,1364,1320.71,2756,8201.84,8201.96,8202.15,2.03,1024.19,1024.19,1024.2,0.21,8201.95,8202.06,8202.4,1.84,1024.22,1024.21,1024.22,0.17,7789.98,7787.97,68.82,68.26,968.98,968.99,5.17,5.18
CN7,16G,2,4,3,898,988,1139,23200,1196,1382,1329.35,2765,8195.24,8195.62,1.72,8195.43,1023.37,1023.41,0.18,1023.38,8199.41,1.56,2.1,8202.96,1023.84,0.17,0.2,1024.16,8275.05,73.47,8272.81,8272.4,1029.53,5.48,1029.49,1029.5
CN7,16G,2,4,4,824,906,1123,10028,1292,1542,1428.80,2852,0.92,0.85,8201.85,8201.72,0.13,0.15,1024.2,1024.19,1.65,8201.87,8201.91,8202.41,0.18,1024.2,1024.19,1024.22,74.93,8274.16,8273.56,8273.09,5.51,1029.52,1029.53,1029.55
CN7,16G,2,4,5,881,963,1123,23200,1232,1394,1329.25,2785,8201.85,8201.6,8202.48,2.04,1024.19,1024.18,1024.26,0.22,7713.4,7714.08,7714.32,1.98,963.21,963.27,963.26,0.19,7789.87,7787.92,69.12,68.56,968.96,968.97,5.2,5.21
CN7,16G,2,16,1,881,963,1106,22938,1212,1366,1324.08,2773,8201.92,8202.11,1.55,8202.04,1024.19,1024.21,0.16,1024.2,7719.67,1.48,1.46,7719.1,963.98,0.15,0.14,963.92,7788.76,70.04,7786.89,7785.91,968.98,5.19,968.96,968.95
CN7,16G,2,16,2,832,898,1074,24249,1264,1532,1424.18,2864,1.46,0.81,7720.93,7719.52,0.16,0.14,963.96,963.96,0.86,7719.54,7719.51,7719.69,0.16,963.97,963.95,963.96,70.58,7788.15,7786.71,7786.33,5.19,968.98,968.96,968.99
CN7,16G,2,16,3,906,988,1139,22414,1202,1348,1297.37,2697,7719.46,7720.75,7720.11,1.93,963.94,963.96,964.02,0.2,7719.62,7719.61,7720.29,1.99,963.98,963.97,964.01,0.19,7788.7,7788.98,69.13,68.56,968.98,968.98,5.2,5.21
CN7,16G,2,16,4,914,1012,1156,22676,1214,1404,1318.65,2748,8201.93,8202.68,2.19,8202.12,1024.19,1024.27,0.22,1024.2,7719.57,1.97,2.06,7719.29,963.98,0.21,0.19,963.92,7788.88,70.28,7786.72,7786.09,969.02,5.22,968.96,968.97
CN7,16G,2,16,5,824,906,1057,23725,1230,1542,1426.07,2838,2.13,2.31,8203.5,8201.87,0.21,0.22,1024.2,1024.2,1.3,8201.96,8202.37,8201.81,0.2,1024.21,1024.19,1024.2,75.44,8274.61,8273.26,8273.41,5.55,1029.54,1029.51,1029.59
CN7,16G,4,1,1,930,2573,8356,25297,872,1402,1222.44,4993,15439.12,15439.18,7721.24,7721.47,1927.73,1927.76,964.02,964.02,15438.87,7720.68,7720.94,7720.18,1927.76,963.97,963.96,963.93,15506.47,7788.05,7788.25,7787.69,1932.75,968.98,968.97,969.0
CN7,16G,4,1,2,930,1647,9503,26608,944,1440,1245.73,5073,7720.37,7720.37,15438.78,7720.19,964.02,964.03,1927.81,964.0,7719.18,15437.92,15438.6,7719.07,963.95,1927.75,1927.78,963.92,7356.29,14645.71,7354.35,7353.71,915.18,1825.45,915.14,915.14
CN7,16G,4,1,3,988,2245,9634,32375,922,1414,1220.55,4878,6907.86,6907.86,6907.6,13813.7,862.52,862.53,862.55,1724.89,6907.64,6906.57,6907.6,13813.44,862.55,862.48,862.54,1724.88,6969.06,6969.21,13872.65,13873.62,867.0,867.05,1729.29,1729.38
CN7,16G,4,1,4,922,1500,9372,25822,982,1394,1249.00,5143,15438.85,15438.97,7719.15,7720.97,1927.8,1927.82,963.94,964.04,14580.84,7290.27,7291.64,7291.08,1820.73,910.4,910.44,910.44,14645.68,7355.73,7353.81,7354.44,1825.43,915.18,915.11,915.2
CN7,16G,4,1,5,971,2507,10945,25560,992,1416,1227.76,4978,7291.65,7291.65,14581.7,7291.14,910.46,910.47,1820.69,910.45,7291.02,14581.0,14582.31,7290.42,910.47,1820.65,1820.7,910.38,7356.69,14646.34,7354.59,7354.0,915.21,1825.43,915.16,915.17
CN7,16G,4,4,1,938,3097,9372,26346,862,1426,1220.67,4607,7292.77,7292.6,7291.88,14582.82,910.44,910.45,910.48,1820.74,7291.31,7290.29,7291.6,14580.93,910.41,910.4,910.46,1820.63,6970.66,6969.17,13873.14,13873.43,867.02,867.05,1729.32,1729.38
CN7,16G,4,4,2,996,1713,8094,26870,946,1422,1227.72,5099,15442.88,15442.58,7720.29,7720.35,1927.81,1927.81,964.0,964.02,15442.68,7719.9,7719.88,7719.05,1927.83,964.0,963.98,963.93,15511.92,7788.55,7786.35,7786.96,1932.83,969.02,968.94,969.03
CN7,16G,4,4,3,922,1123,7308,32375,972,1410,1255.80,5153,7720.36,7720.53,15442.88,7724.59,964.02,964.03,1927.83,964.02,7719.93,15442.85,15443.12,7723.18,964.03,1927.82,1927.83,963.95,7356.65,14645.8,7357.61,7358.3,915.21,1825.47,915.12,915.19
CN7,16G,4,4,4,922,2442,8455,25822,938,1424,1245.59,4957,7720.13,7720.19,7720.48,15438.89,963.99,964.0,964.04,1927.82,7719.06,7719.04,7720.31,15438.65,963.96,963.94,964.01,1927.81,7356.32,7357.09,14644.45,14643.91,915.18,915.22,1825.44,1825.44
CN7,16G,4,4,5,938,1221,6980,25822,976,1422,1239.55,5160,15438.61,15438.9,7720.14,7720.49,1927.81,1927.82,964.01,964.04,15437.47,7719.05,7720.02,7720.02,1927.75,963.95,963.98,963.99,15507.64,7788.57,7787.36,7787.04,1932.83,969.02,969.01,969.04
CN7,16G,4,16,1,955,1319,6849,26346,928,1408,1256.31,5141,7721.68,7721.56,15439.67,7721.2,964.02,964.03,1927.8,964.0,7720.37,15438.82,15439.97,7720.38,963.97,1927.75,1927.81,963.94,7358.28,14646.43,7354.9,7355.7,915.22,1825.48,915.12,915.19
CN7,16G,4,16,2,979,2474,9110,26608,892,1412,1211.23,4675,7291.26,7291.37,7291.48,14581.03,910.44,910.45,910.48,1820.72,7290.41,7290.34,7291.15,14580.03,910.42,910.4,910.45,1820.64,7356.34,7356.27,14643.3,14643.76,915.18,915.28,1825.37,1825.44
CN7,16G,4,16,3,1004,1369,6783,28443,926,1408,1237.38,5143,14581.26,14581.15,7291.38,7291.88,1820.71,1820.72,910.45,910.49,14580.86,7291.18,7290.99,7290.32,1820.72,910.44,910.42,910.39,14646.23,7356.16,7354.69,7354.27,1825.46,915.2,915.19,915.21
CN7,16G,4,16,4,922,1369,8979,27657,970,1398,1257.78,5205,7720.59,7719.94,15438.58,7719.82,964.03,963.98,1927.81,963.98,7719.86,15427.85,15428.9,7720.11,964.04,1926.52,1926.58,964.0,7357.07,14645.39,7353.81,7353.72,915.22,1825.43,915.12,915.15
CN7,16G,4,16,5,1012,2212,11863,26870,836,1420,1202.50,4692,6907.58,6907.48,6907.79,13813.79,862.53,862.54,862.56,1724.9,6906.73,6906.76,6907.79,13813.16,862.5,862.49,862.55,1724.85,6969.23,6969.91,13872.72,13873.37,867.02,867.05,1729.3,1729.38
CN7,16G,8,1,1,1369,9241,22676,200279,1404,882.68,6460,,14581.9,14581.93,14581.97,9722.41,1820.67,1820.68,1820.68,1213.86,14581.51,14581.54,14582.04,9721.08,1820.68,1820.68,1820.67,1213.77,14103.02,14102.69,9415.64,9414.19,1758.7,1758.7,1173.53,1173.46
CN7,16G,8,1,2,1500,11600,22414,168821,378,1390,852.92,6738,15143.17,15143.09,10095.64,15143.13,1890.74,1890.75,1260.56,1890.73,15142.7,10095.34,10096.1,15142.05,1890.77,1260.58,1260.61,1890.75,14625.99,9765.72,14622.48,14623.35,1823.94,1217.09,1823.8,1823.85
CN7,16G,8,1,3,1549,10683,22152,329253,1414,834.64,6083,,10090.77,10090.5,15136.54,15136.72,1259.92,1259.87,1889.92,1889.99,9721.39,14581.78,14582.51,14580.43,1213.82,1820.71,1820.7,1820.61,9766.11,14624.77,14623.45,14623.88,1217.09,1823.91,1823.86,1823.93
CN7,16G,8,1,4,1663,11076,21890,238027,106,1416,826.40,6589,15748.08,15748.04,15747.6,10499.68,1966.35,1966.36,1966.36,1310.99,15141.64,15141.44,15142.27,10095.23,1890.71,1890.71,1890.74,1260.54,15187.35,15187.65,10139.4,10138.92,1894.01,1894.03,1263.85,1263.83
CN7,16G,8,1,5,1500,11600,22414,183501,264,1410,857.37,5917,14582.49,14582.23,9722.2,14582.45,1820.72,1820.73,1213.88,1820.71,14581.22,9721.1,9722.49,14582.38,1820.68,1213.78,1213.87,1820.74,14625.79,9765.08,14622.77,14623.85,1823.88,1217.04,1823.76,1823.84
CN7,16G,8,4,1,1483,8586,23462,210764,116,1378,862.34,6267,9375.6,9375.52,14060.81,14061.38,1170.58,1170.59,1755.69,1755.76,9374.12,14060.36,14060.34,14061.63,1170.53,1755.68,1755.64,1755.75,9092.44,13616.81,13615.27,13615.74,1133.15,1698.13,1698.1,1698.16
CN7,16G,8,4,2,1696,10290,22414,308282,1406,805.08,6132,,15142.11,15142.19,15142.46,10095.69,1890.72,1890.73,1890.75,1260.57,15141.22,15140.63,15142.34,10095.61,1890.69,1890.64,1890.74,1260.56,14625.18,14625.21,9764.08,9763.73,1823.87,1823.89,1217.03,1217.03
CN7,16G,8,4,3,1631,10159,22152,258999,210,1406,821.08,6429,14578.32,14579.34,9723.3,14575.61,1819.98,1820.17,1213.94,1819.92,14582.18,9722.99,9723.01,14582.6,1820.63,1213.95,1213.93,1820.75,14628.45,9765.55,14623.35,14624.33,1823.96,1217.1,1823.81,1823.86
CN7,16G,8,4,4,1631,10552,21890,223347,232,1394,828.33,6161,10096.6,10096.48,15145.09,15145.09,1260.56,1260.57,1890.75,1890.77,10096.24,15143.96,15145.05,15144.98,1260.58,1890.7,1890.74,1890.76,10141.75,15187.27,15186.64,15186.27,1263.85,1894.03,1894.09,1894.09
CN7,16G,8,4,5,2114,11076,21890,312476,212,1428,790.67,6434,15135.13,15135.34,15135.49,10096.83,1889.87,1889.84,1889.89,1260.63,15141.33,15143.08,15143.1,10096.45,1890.69,1890.76,1890.75,1260.56,15187.25,15187.09,10139.57,10140.28,1894.01,1894.03,1263.81,1263.9
CN7,16G,8,16,1,1795,12387,23200,131597,368,1426,827.43,6103,14583.19,14582.26,9722.41,14582.33,1820.79,1820.74,1213.94,1820.76,14581.14,9720.8,9722.19,14581.66,1820.7,1213.77,1213.88,1820.75,14625.55,9765.21,14622.34,14623.61,1823.89,1217.05,1823.77,1823.86
CN7,16G,8,16,2,1434,8848,23987,177210,158,1398,892.87,5871,9722.27,9721.57,14582.45,14581.64,1213.88,1213.88,1820.72,1820.68,9722.08,14582.8,14582.23,14583.08,1213.9,1820.76,1820.71,1820.78,9765.71,14624.81,14624.35,14624.66,1217.04,1823.88,1823.88,1823.94
CN7,16G,8,16,3,1598,9503,23462,160433,180,1400,879.74,6511,15142.33,15142.25,15142.79,10095.87,1890.73,1890.74,1890.77,1260.58,14574.77,14575.61,14575.1,9722.5,1819.94,1819.96,1819.88,1213.94,14624.64,14625.04,9764.36,9764.37,1823.87,1823.95,1217.09,1217.1
CN7,16G,8,16,4,1582,10552,23725,231736,264,1416,845.37,5949,15143.3,15143.76,10095.88,15141.92,1890.75,1890.82,1260.58,1890.76,15141.87,10096.44,10096.07,15142.3,1890.73,1260.64,1260.57,1890.73,14626.65,9765.09,14623.32,14622.34,1823.96,1217.05,1823.83,1823.8
CN7,16G,8,16,5,1582,11863,21890,160433,214,1418,837.01,6109,10095.89,10095.51,15143.47,15142.85,1260.57,1260.56,1890.74,1890.75,9721.4,14581.54,14582.89,14583.15,1213.88,1820.67,1820.75,1820.78,9765.22,14624.65,14623.82,14624.39,1217.04,1823.88,1823.88,1823.95
CN7,16G,16,1,1,8455,21627,36963,208667,1163,492.16,7202,,13391.76,13391.56,16069.93,16069.42,1672.06,1672.05,2006.48,2006.48,13386.86,13387.66,16066.38,13389.25,1671.58,1671.65,2006.05,1671.77,13147.06,13146.86,15770.85,13146.31,1640.33,1640.34,1968.01,1640.32
CN7,16G,16,1,2,10814,21365,43254,295699,1268,383.64,5205,,5625.04,14997.51,11248.4,1876.03,702.34,1872.67,1404.53,234.21,11248.22,3750.41,9373.94,16870.46,1404.53,468.27,1170.46,2106.44,16651.94,9258.1,12953.49,5561.75,2078.31,1155.17,1616.67,693.65
CN7,16G,16,1,3,10421,21890,39584,242222,136,1216,445.04,5737,15440.4,12868.13,12868.27,12865.91,1927.79,1606.6,1606.58,1606.46,15140.03,12615.36,12617.48,15140.33,1890.42,1575.24,1575.28,1890.46,12642.64,12642.28,12640.61,15164.53,1577.38,1577.31,1577.27,1892.31
CN7,16G,16,1,4,9110,21627,40109,375391,1108,463.33,6120,,13123.98,15747.73,13124.18,13124.85,1638.64,1966.34,1638.69,1638.69,13122.78,15748.38,13123.78,13123.45,1638.62,1966.33,1638.63,1638.64,15770.93,15770.54,13145.54,13145.96,1968.03,1968.02,1640.32,1640.33
CN7,16G,16,1,5,9372,21627,39584,212861,1156,467.17,6318,,13391.89,13392.45,16069.38,16069.78,1672.13,1672.16,2006.46,2006.51,13123.51,13123.74,15748.37,13124.54,1638.68,1638.7,1966.38,1638.69,13147.13,13147.31,15769.69,13145.91,1640.41,1640.36,1968.0,1640.34
CN7,16G,16,4,1,10683,22152,40109,263193,1136,439.75,5747,,14856.75,12381.86,12381.67,12381.07,1855.04,1545.94,1545.96,1545.9,14856.15,12381.67,12381.59,14856.29,1855.06,1545.93,1545.95,1855.04,12403.17,12402.98,12401.87,14877.88,1547.52,1547.54,1547.53,1856.65
CN7,16G,16,4,2,10945,20841,39060,308282,1288,361.17,4365,,15215.53,7608.3,7608.43,9510.14,1899.83,949.96,949.96,1187.42,7499.54,13123.0,16872.94,9374.4,936.4,1638.6,2106.79,1170.5,9391.05,15014.45,3766.81,5640.96,1171.68,1873.93,469.49,703.53
CN7,16G,16,4,3,9765,21890,38536,312476,1206,456.30,6276,,13392.74,16069.58,13391.68,13391.98,1672.2,2006.51,1672.11,1672.14,13391.19,16069.87,13393.06,13392.85,1672.08,2006.5,1672.13,1672.09,16087.44,16093.74,13413.46,13415.03,2008.27,2008.32,1673.76,1673.83
CN7,16G,16,4,4,10028,21890,37487,244319,1207,448.87,6098,,13671.52,13672.15,16405.44,16403.93,1706.97,1707.0,2048.29,2048.28,13393.26,13393.05,16069.8,13392.46,1672.15,1672.11,2006.52,1672.14,13416.33,13415.14,16092.39,13414.78,1673.9,1673.84,2008.17,1673.87
CN7,16G,16,4,5,9372,20055,40109,375391,1238,381.96,4120,,13123.64,7499.82,7499.76,7500.8,1638.64,936.43,936.44,936.44,14998.3,9374.61,9374.61,5625.38,1872.73,1170.5,1170.51,702.34,11266.01,9390.98,16887.74,7516.29,1405.79,1171.72,2107.96,937.61
CN7,16G,16,16,1,11076,21365,39584,312476,1397,364.27,4273,,5706.87,17116.72,11411.9,13313.56,712.56,2137.3,1424.91,1662.38,7500.01,16872.88,7499.56,7499.23,936.47,2106.8,936.42,936.37,7516.43,11265.74,3766.61,11264.87,937.66,1405.79,469.48,1405.74
CN7,16G,16,16,2,9110,21627,38011,312476,1284,470.33,6398,,14856.8,12381.47,12381.6,12381.57,1855.05,1546.02,1545.96,1545.98,14582.19,12152.8,12151.85,14581.83,1820.73,1517.39,1517.28,1820.69,12173.4,12173.6,12172.14,14602.25,1518.87,1518.91,1518.8,1822.27
CN7,16G,16,16,3,9241,21890,42730,299893,1099,457.80,5874,,13123.35,15744.71,13122.52,13122.9,1638.59,1965.93,1638.52,1638.52,13123.9,15749.18,13123.85,13124.14,1638.67,1966.41,1638.65,1638.66,15462.59,15462.41,12889.0,12888.63,1929.47,1929.51,1608.23,1608.19
CN7,16G,16,16,4,10945,21890,40109,295699,128,1169,416.35,5428,8201.79,8202.81,14353.79,10252.91,1024.13,1024.19,1792.23,1280.17,10253.49,6152.96,12303.42,14353.93,1280.24,768.22,1536.21,1792.26,16423.29,6170.54,14370.76,10271.24,2049.63,769.5,1793.55,1281.56
CN7,16G,16,16,5,11338,22152,41681,408945,1157,394.88,4781,,9510.99,17117.79,3804.73,9509.74,1187.45,2137.32,475.05,1187.43,7609.18,13314.14,5707.82,5707.89,949.97,1662.35,712.55,712.57,15230.36,9524.82,11426.07,13327.05,1900.81,1188.33,1425.8,1663.28
CN7,32G,1,1,1,791,947,1172,26608,1198,1598,1497.35,1572,3.06,4.31,9724.13,9722.27,0.34,0.51,1213.94,1214.02,2.95,2.61,9721.7,2.92,0.32,0.29,1213.89,0.26,45.68,43.61,9415.2,43.91,3.49,3.29,1173.65,3.44
CN7,32G,1,1,2,799,955,1172,25035,1242,1606,1486.48,1559,9721.43,1.24,1.25,1.91,1213.85,0.16,0.16,0.2,9721.83,1.24,1.89,9721.59,1213.88,0.16,0.19,1213.86,44.56,44.07,44.07,9763.39,3.31,3.31,3.34,1217.01
CN7,32G,1,1,3,816,914,1188,24249,1259,1588,1457.45,1528,1.68,9370.56,1.21,1.16,0.18,1170.02,0.15,0.15,1.7,9373.66,1.22,1.07,0.2,1170.51,0.15,0.14,9415.28,9415.03,41.82,42.06,1173.55,1173.54,3.18,3.22
CN7,32G,1,1,4,799,963,1188,25822,1192,1584,1498.98,1571,1.07,1.77,9720.84,9721.32,0.15,0.2,1213.86,1213.86,1.1,1.77,9720.78,1.15,0.17,0.2,1213.85,0.15,42.83,43.04,9414.96,41.35,3.19,3.23,1173.52,3.18
CN7,32G,1,1,5,758,832,1123,26346,1334,1618,1567.85,1645,9720.63,1.17,1.19,1.81,1213.85,0.16,0.16,0.2,9374.49,1.13,1.76,9373.68,1170.52,0.16,0.18,1170.51,42.9,42.57,41.82,9413.04,3.19,3.19,3.18,1173.07
CN7,32G,1,4,1,799,898,1205,24773,1332,1560,1454.38,1525,1.89,9720.95,1.22,1.22,0.19,1213.87,0.16,0.16,1.82,9374.56,1.19,1.15,0.2,1170.52,0.15,0.15,9415.22,9415.11,41.89,42.06,1173.54,1173.55,3.18,3.22
CN7,32G,1,4,2,799,938,1188,23725,1159,1570,1465.73,1539,1.3,1.92,9721.48,9723.73,0.15,0.2,1213.86,1213.88,1.28,1.92,9373.8,1.15,0.17,0.19,1170.51,0.15,42.9,43.22,9410.47,41.42,3.19,3.23,1172.98,3.19
CN7,32G,1,4,3,775,840,1106,26608,1256,1604,1563.27,1640,9720.67,1.29,1.08,2.07,1213.85,0.16,0.16,0.24,9720.81,1.25,1.76,9720.9,1213.87,0.16,0.19,1213.86,44.49,44.08,43.96,9762.91,3.31,3.31,3.34,1217.03
CN7,32G,1,4,4,766,881,1139,26608,1216,1620,1523.17,1600,1.83,9721.63,1.16,1.15,0.19,1213.87,0.16,0.16,1.89,9717.73,1.17,1.2,0.21,1213.38,0.15,0.15,9764.19,9764.41,43.44,43.59,1217.02,1217.01,3.3,3.34
CN7,32G,1,4,5,783,898,1123,25822,1253,1570,1504.86,1578,1.23,1.93,9720.82,9720.85,0.15,0.2,1213.86,1213.86,1.26,2.3,9720.76,1.16,0.17,0.24,1213.85,0.15,44.6,44.86,9763.4,42.95,3.31,3.35,1216.97,3.3
CN7,32G,1,16,1,783,930,1156,26608,1238,1616,1522.86,1597,9369.81,1.22,1.05,1.65,1170.03,0.16,0.15,0.19,9373.72,1.22,1.7,9373.8,1170.52,0.16,0.19,1170.51,42.97,42.51,42.47,9414.19,3.19,3.19,3.22,1173.56
CN7,32G,1,16,2,807,938,1172,26084,1206,1588,1513.79,1587,1.83,10095.43,1.13,1.12,0.2,1260.55,0.17,0.17,1.79,9720.85,1.1,1.13,0.21,1213.87,0.15,0.15,9764.04,9764.45,43.37,43.63,1217.02,1217.01,3.3,3.34
CN7,32G,1,16,3,783,857,1106,24249,1306,1576,1488.45,1561,1.29,2.01,10094.63,10094.82,0.16,0.21,1260.55,1260.55,1.27,1.94,9721.81,1.17,0.17,0.2,1213.86,0.15,44.6,44.82,9763.74,42.96,3.31,3.35,1217.0,3.3
CN7,32G,1,16,4,807,881,1090,23987,1318,1456,1422.15,1491,9720.72,1.27,1.28,1.98,1213.85,0.17,0.16,0.2,9720.98,1.27,1.89,9720.8,1213.88,0.16,0.19,1213.86,42.97,42.61,41.82,9413.99,3.2,3.19,3.18,1173.54
CN7,32G,1,16,5,799,963,1172,27132,1268,1616,1499.33,1570,1.84,9721.79,1.17,1.16,0.19,1213.87,0.16,0.16,1.91,9721.83,1.18,1.18,0.21,1213.87,0.16,0.15,9764.23,9763.67,43.45,43.63,1217.02,1217.01,3.3,3.34
CN7,32G,2,1,1,922,1012,1123,22938,1152,1372,1295.49,2679,8748.82,1.75,8748.72,8748.88,1092.47,0.18,1092.48,1092.48,8466.63,1.76,8467.16,8466.99,1057.25,0.18,1057.23,1057.22,38.85,39.07,8500.28,8499.22,2.89,2.92,1059.53,1059.5
CN7,32G,2,1,2,930,1020,1123,24511,1148,1360,1282.12,2645,1.6,8749.48,8748.73,8749.75,0.17,1092.49,1092.48,1092.51,1.61,8467.4,8466.55,1.58,0.19,1057.24,1057.23,0.17,8504.2,8503.94,8503.68,37.36,1059.99,1059.98,1060.0,2.88
CN7,32G,2,1,3,857,938,1045,25822,1125,1542,1382.59,2794,8749.36,8748.86,2.0,2.0,1092.48,1092.49,0.22,0.22,8749.66,8750.16,2.01,8748.57,1092.49,1092.55,0.21,1092.47,8787.78,8788.15,40.04,8786.4,1095.32,1095.39,3.04,1095.3
CN7,32G,2,1,4,922,1012,1106,23462,1164,1362,1297.23,2715,8467.07,1.97,8466.42,8467.29,1057.29,0.21,1057.24,1057.24,8466.87,2.0,8467.17,8466.33,1057.28,0.21,1057.24,1057.22,39.44,38.99,8503.75,8502.97,2.92,2.92,1059.96,1059.98
CN7,32G,2,1,5,914,1004,1106,23200,1176,1368,1296.64,2697,2.19,9051.14,9050.42,9051.14,0.22,1130.16,1130.16,1130.22,2.14,8748.93,8749.39,2.05,0.23,1092.49,1092.48,0.21,8787.38,8787.52,8787.45,39.71,1095.3,1095.32,1095.38,3.05
CN7,32G,2,4,1,857,947,1074,23987,1125,1520,1371.23,2781,8748.81,8748.81,2.12,2.11,1092.48,1092.49,0.22,0.22,8749.64,8750.3,2.09,8748.52,1092.5,1092.56,0.21,1092.47,8787.96,8788.12,39.92,8786.38,1095.35,1095.38,3.04,1095.31
CN7,32G,2,4,2,889,963,1074,23462,1148,1378,1314.65,2754,8749.39,1.98,8748.78,8748.91,1092.54,0.22,1092.48,1092.49,8467.66,1.88,8466.51,8466.6,1057.29,0.22,1057.23,1057.24,39.22,38.9,8504.02,8502.98,2.92,2.92,1059.97,1059.98
CN7,32G,2,4,3,963,1057,1172,23200,1110,1470,1265.37,2628,1.9,8201.98,8202.8,8202.86,0.2,1024.21,1024.21,1024.27,1.89,8202.1,8202.81,1.84,0.22,1024.21,1024.22,0.2,8238.62,8238.12,8238.27,37.14,1026.87,1026.85,1026.91,2.86
CN7,32G,2,4,4,873,963,1106,25560,1041,1498,1349.80,2739,8748.93,8748.62,1.66,1.72,1092.48,1092.48,0.19,0.18,8749.55,8749.22,1.14,8748.8,1092.5,1092.52,0.14,1092.48,8787.8,8788.83,39.69,8786.35,1095.32,1095.36,3.01,1095.31
CN7,32G,2,4,5,898,979,1090,23987,1148,1358,1303.81,2729,8749.4,2.13,8749.33,8749.62,1092.54,0.23,1092.49,1092.49,8749.43,2.16,8749.27,8748.77,1092.56,0.22,1092.46,1092.48,39.46,39.42,8504.02,8499.81,2.92,2.96,1059.98,1059.59
CN7,32G,2,16,1,922,1004,1106,23462,1156,1482,1315.01,2726,2.14,8748.66,8748.77,8749.4,0.22,1092.49,1092.49,1092.56,2.07,8466.7,8466.53,2.01,0.23,1057.25,1057.23,0.21,8504.1,8504.29,8504.48,38.35,1059.99,1059.99,1060.04,2.95
CN7,32G,2,16,2,857,947,1057,23987,1120,1534,1378.06,2804,8748.91,8748.73,1.64,1.64,1092.48,1092.49,0.19,0.19,8746.78,8749.24,1.62,8748.68,1092.14,1092.45,0.18,1092.48,8504.94,8503.97,38.36,8502.86,1059.99,1059.99,2.91,1059.97
CN7,32G,2,16,3,889,963,1090,23725,1124,1372,1310.17,2743,8467.11,1.72,8467.07,8466.68,1057.27,0.19,1057.24,1057.25,8466.56,1.52,8467.18,8467.27,1057.26,0.17,1057.24,1057.24,39.37,39.01,8504.1,8502.87,2.93,2.92,1059.98,1059.97
CN7,32G,2,16,4,922,1012,1106,23200,1128,1414,1310.35,2727,2.09,8748.84,8748.88,8750.14,0.22,1092.49,1092.49,1092.55,1.72,8748.97,8748.86,1.76,0.2,1092.49,1092.48,0.18,8504.14,8504.53,8503.78,38.04,1059.99,1059.98,1060.01,2.92
CN7,32G,2,16,5,857,947,1057,25822,1145,1534,1380.19,2765,9051.19,9051.08,2.23,2.23,1130.16,1130.17,0.23,0.23,8749.02,8749.31,1.83,8749.49,1092.47,1092.52,0.18,1092.48,8787.78,8787.38,39.78,8786.14,1095.32,1095.33,3.01,1095.31
CN7,32G,4,1,1,963,3032,11863,32375,766,1412,1175.36,4862,7954.57,7953.93,15907.54,15907.74,993.2,993.21,1986.22,1986.22,7953.72,7954.14,15906.43,7953.94,993.2,993.21,1986.2,993.17,7754.34,7754.19,15472.72,7752.8,966.5,966.5,1930.29,966.46
CN7,32G,4,1,2,1004,3523,13960,32900,918,1420,1160.23,4727,14998.26,7499.31,7499.72,7500.31,1872.74,936.45,936.48,936.48,14997.71,7499.05,7499.76,14998.32,1872.75,936.43,936.48,1872.74,7533.08,7532.56,7532.33,15030.53,938.87,938.88,938.9,1875.17
CN7,32G,4,1,3,1057,3261,11863,33817,560,1442,1153.65,4731,8203.42,16372.69,8202.76,8203.54,1024.34,2044.41,1024.28,1024.28,7954.16,15907.49,7954.08,7954.17,993.24,1986.26,993.21,993.24,15942.3,15941.45,7988.6,7988.51,1988.82,1988.76,995.78,995.81
CN7,32G,4,1,4,1004,3785,13435,31065,846,1406,1157.94,4706,7953.84,7954.32,15906.99,15906.95,993.2,993.25,1986.24,1986.24,7953.74,7954.92,15907.06,7953.9,993.22,993.24,1986.21,993.21,7752.1,7752.13,15468.31,7751.09,966.21,966.26,1929.78,966.22
CN7,32G,4,1,5,1057,4047,13042,39584,606,1396,1117.01,4304,14998.2,7499.93,7500.26,7500.25,1872.77,936.49,936.55,936.55,14993.02,7496.56,7497.08,14992.63,1872.12,936.08,936.13,1872.07,7323.65,7322.96,7323.07,14612.7,912.81,912.78,912.83,1823.08
CN7,32G,4,4,1,1020,3294,9372,36439,936,1434,1172.21,4857,7954.89,15907.51,7954.13,7954.12,993.24,1986.25,993.21,993.21,7954.06,15907.15,7954.11,7954.13,993.25,1986.25,993.21,993.23,15473.67,15472.55,7753.66,7753.48,1930.34,1930.3,966.49,966.53
CN7,32G,4,4,2,979,3392,8848,36439,916,1390,1178.14,4888,8199.54,8201.95,16399.59,16398.56,1023.86,1023.92,2047.66,2047.63,8202.48,8202.92,16404.18,8202.61,1024.26,1024.29,2048.31,1024.25,8240.0,8238.87,16439.65,8237.77,1026.94,1026.94,2050.96,1026.9
CN7,32G,4,4,3,988,3523,13435,33424,904,1410,1166.14,4750,14998.59,7499.7,7499.82,7499.82,1872.75,936.46,936.49,936.46,14997.22,7499.61,7499.75,14998.45,1872.72,936.46,936.49,1872.75,7532.89,7532.2,7532.14,15030.51,938.89,938.86,938.91,1875.17
CN7,32G,4,4,4,1057,2409,10683,42730,824,1414,1160.54,4745,7954.85,15907.2,7954.27,7954.21,993.3,1986.28,993.25,993.25,7954.45,15907.39,7954.25,7954.67,993.3,1986.28,993.24,993.3,15936.46,15937.28,7985.93,7986.19,1988.15,1988.21,995.45,995.53
CN7,32G,4,4,5,1004,3294,12911,32900,822,1422,1155.56,4713,7954.62,7955.49,15906.95,15906.88,993.21,993.32,1986.25,1986.24,7953.98,7954.37,15907.38,7953.98,993.23,993.19,1986.24,993.21,7989.47,7989.78,15942.86,7988.25,995.82,995.82,1988.82,995.79
CN7,32G,4,16,1,1045,4047,14877,31327,776,1414,1134.90,4425,14998.33,7499.21,7499.76,7499.81,1872.75,936.44,936.49,936.49,14580.82,7293.37,7293.53,14582.38,1820.68,910.46,910.49,1820.73,7323.66,7323.41,7323.16,14612.6,912.81,912.81,912.83,1823.08
CN7,32G,4,16,2,996,2507,10814,33817,904,1404,1169.12,4830,8202.88,16404.02,8202.47,8202.65,1024.28,2048.32,1024.26,1024.26,7956.45,15907.08,7953.58,7956.55,993.27,1986.25,993.18,993.26,15942.39,15942.33,7988.6,7988.51,1988.83,1988.84,995.78,995.82
CN7,32G,4,16,3,1012,3621,9241,33817,818,1412,1168.06,4815,8468.94,8467.39,16645.07,16812.48,1057.26,1057.33,2078.14,2099.3,8202.5,8203.34,16403.79,8202.64,1024.27,1024.29,2048.3,1024.25,8239.92,8238.39,16439.75,8237.84,1026.95,1026.88,2050.97,1026.91
CN7,32G,4,16,4,996,3261,12518,28181,810,1404,1151.71,4597,15439.04,7720.24,7720.43,7721.04,1927.85,964.01,964.04,964.04,14992.74,7497.13,7496.47,14993.01,1872.1,936.15,936.09,1872.12,7532.99,7533.24,7532.98,15031.63,938.89,938.89,938.91,1875.17
CN7,32G,4,16,5,1012,3851,9896,33162,922,1418,1168.43,4860,8203.31,16404.58,8202.71,8205.08,1024.28,2048.32,1024.26,1024.27,7954.17,15906.98,7954.94,7954.27,993.26,1986.26,993.22,993.25,15942.44,15941.72,7988.62,7988.62,1988.83,1988.82,995.79,995.82
CN7,32G,8,1,1,1631,12125,22414,229639,208,1386,799.65,6232,14856.74,9905.32,14856.75,14856.98,1855.04,1236.79,1855.04,1855.04,14856.19,9904.69,14856.21,14857.0,1855.03,1236.72,1855.03,1855.04,9743.06,9742.65,14602.48,14602.4,1215.42,1215.42,1822.25,1822.26
CN7,32G,8,1,2,1467,17171,22152,258999,1410,805.46,6311,,10714.32,16070.54,16069.5,16070.31,1337.8,2006.54,2006.51,2006.58,10714.21,16070.76,16069.47,10714.49,1337.8,2006.54,2006.56,1337.8,15772.31,15770.25,15771.29,10522.22,1968.11,1968.06,1968.08,1312.68
CN7,32G,8,1,3,1582,12256,22676,254804,1402,790.83,6163,,15143.14,15142.84,10096.33,10096.21,1890.78,1890.82,1260.62,1260.62,14856.83,14857.21,9905.43,14857.38,1855.11,1855.14,1236.82,1855.1,14879.04,14878.22,9926.68,14878.22,1856.74,1856.71,1238.37,1856.66
CN7,32G,8,1,4,1745,11469,24249,214959,172,1408,804.46,5656,15143.09,10095.74,15142.97,15142.89,1890.81,1260.56,1890.74,1890.77,15142.76,10095.66,15142.54,15142.73,1890.77,1260.55,1890.74,1890.75,9927.9,9926.48,14878.97,14878.44,1238.44,1238.36,1856.7,1856.69
CN7,32G,8,1,5,1745,10814,23462,233833,1400,811.67,6093,,10500.67,15748.62,15748.53,15748.84,1311.05,1966.4,1966.39,1966.45,10500.32,15747.78,15748.51,10500.05,1311.03,1966.32,1966.44,1310.98,15771.72,15770.0,15771.35,10522.09,1968.07,1968.02,1968.13,1312.68
CN7,32G,8,4,1,1614,12518,22938,223347,170,1407,811.74,6384,15143.11,15143.2,10096.29,10096.78,1890.78,1890.82,1260.62,1260.62,15142.57,15142.49,10095.77,15142.59,1890.75,1890.76,1260.56,1890.74,15165.66,15165.28,10117.58,15164.15,1892.46,1892.45,1262.19,1892.37
CN7,32G,8,4,2,1778,11207,24511,221250,1418,776.89,5617,,15439.56,10293.95,15439.42,15439.55,1927.83,1285.29,1927.81,1927.82,15142.26,10096.08,15142.78,15142.86,1890.7,1260.57,1890.74,1890.76,10118.54,10117.17,15164.55,15161.67,1262.2,1262.14,1892.37,1892.05
CN7,32G,8,4,3,1467,8717,22152,208667,166,1378,868.18,5968,9906.04,14857.96,14857.96,14857.54,1236.83,1855.08,1855.15,1855.14,9905.88,14857.22,14857.36,9906.02,1236.85,1855.11,1855.14,1236.84,14875.65,14874.16,14875.52,9923.12,1856.26,1856.17,1856.3,1237.97
CN7,32G,8,4,4,1876,15926,22938,183501,224,1394,758.16,5914,15748.01,15749.09,10500.09,10500.43,1966.37,1966.46,1311.05,1311.05,15748.65,15749.08,10499.6,15748.41,1966.42,1966.46,1310.99,1966.37,15772.0,15771.36,10522.48,15770.81,1968.15,1968.12,1312.68,1968.06
CN7,32G,8,4,5,1598,10945,23987,191890,158,1416,832.42,6242,15439.75,10294.45,15439.49,15439.39,1927.89,1285.35,1927.82,1927.85,15439.96,10294.98,15440.91,15440.16,1927.85,1285.29,1927.83,1927.84,10119.2,10117.39,15165.91,15164.81,1262.26,1262.18,1892.42,1892.45
CN7,32G,8,16,1,1844,11207,21890,202376,184,1406,806.80,6362,10501.24,15748.51,15749.87,15749.17,1311.05,1966.38,1966.41,1966.46,10501.63,15747.87,15748.74,10500.86,1311.07,1966.37,1966.38,1310.99,15772.24,15770.24,15771.23,10522.97,1968.12,1968.04,1968.09,1312.75
CN7,32G,8,16,2,1844,12125,22676,202376,234,1414,787.25,5867,15142.2,15143.29,10096.31,10097.31,1890.73,1890.77,1260.57,1260.58,15142.56,15143.21,10096.32,15142.54,1890.75,1890.82,1260.62,1890.77,14878.87,14878.18,9927.29,14878.92,1856.7,1856.66,1238.44,1856.68
CN7,32G,8,16,3,1663,12125,22938,210764,330,1402,792.22,5906,14857.05,9906.41,14856.94,14856.95,1855.14,1236.85,1855.08,1855.08,14582.96,9722.36,14582.09,14582.81,1820.81,1213.95,1820.76,1820.8,9744.18,9743.63,14603.25,14602.6,1215.52,1215.51,1822.29,1822.31
CN7,32G,8,16,4,1680,10683,23200,202376,1378,800.04,6073,,10289.92,15436.52,15436.59,15437.11,1284.81,1927.4,1927.44,1927.47,10290.49,15436.5,15436.76,10291.05,1284.9,1927.48,1927.41,1284.96,15459.16,15458.73,15457.79,10313.01,1929.08,1929.07,1929.04,1286.54
CN7,32G,8,16,5,1565,9765,23462,304088,1408,810.64,5657,,15142.11,15142.9,10096.27,10095.92,1890.74,1890.78,1260.58,1260.58,15143.03,15143.42,10095.85,15142.56,1890.8,1890.83,1260.57,1890.75,15165.0,15165.19,10117.8,15163.95,1892.4,1892.44,1262.19,1892.38
CN7,32G,16,1,1,8455,21103,41157,442500,1210,465.23,6172,,13255.29,13256.1,15906.26,15906.92,1655.13,1655.2,1986.16,1986.19,13123.3,13123.5,15747.48,13123.09,1638.65,1638.65,1966.33,1638.61,13134.99,13134.61,15753.31,13134.53,1639.46,1639.46,1967.14,1639.46
CN7,32G,16,1,2,8979,21627,34866,346031,1148,457.95,6158,,14708.49,12258.17,12256.06,12256.06,1837.49,1531.23,1531.25,1531.23,14708.93,12258.82,12256.4,14709.0,1837.54,1531.27,1531.28,1837.52,12271.47,12270.93,12268.85,14720.49,1532.28,1532.27,1532.29,1838.49
CN7,32G,16,1,3,9765,20841,44827,379585,1170,391.07,4854,,11405.35,13687.26,17055.27,9127.2,1424.94,1709.86,2130.73,1139.94,9046.16,16782.92,13567.94,6785.91,1130.1,2096.65,1694.98,847.59,15839.67,4536.17,11318.77,11316.82,1978.4,565.88,1413.39,1413.41
CN7,32G,16,1,4,10159,25035,43779,316670,1214,418.21,5172,,16107.17,2303.35,13802.14,2303.18,2012.32,287.58,1724.88,287.56,13810.15,11502.6,6906.13,17083.15,1724.89,1437.49,862.55,2133.59,15973.2,16953.64,13696.66,13697.03,1995.64,2116.61,1710.6,1710.63
CN7,32G,16,1,5,9241,21365,46400,346031,1178,453.76,6163,,12370.75,14856.68,12373.94,12380.41,1545.9,1855.0,1545.95,1545.85,12373.75,14849.19,12380.22,12370.06,1545.96,1855.04,1545.88,1545.91,14853.95,14852.88,12382.8,12382.66,1855.73,1855.67,1546.57,1546.57
CN7,32G,16,4,1,9110,20579,45876,325059,1204,439.75,4977,,2303.71,11505.62,6907.8,11508.13,287.61,1437.47,862.53,1437.45,16105.77,11503.83,13805.58,16105.79,2012.18,1437.26,1724.7,2012.18,11515.88,6915.67,17467.96,11517.04,1438.21,863.29,2181.76,1438.14
CN7,32G,16,4,2,10945,20317,39060,358613,1378,340.18,4790,,15702.17,16918.39,6730.62,15694.1,1960.68,2113.63,840.38,1960.76,8967.73,6730.52,11209.6,11207.14,1120.54,840.4,1400.49,1400.45,15703.03,16652.74,11216.63,2253.85,1961.32,2079.39,1401.29,280.92
CN7,32G,16,4,3,9896,21103,43254,358613,1298,416.59,5220,,15689.33,13447.98,4487.43,16831.53,1960.68,1680.66,560.27,2103.39,11216.27,15698.55,11212.03,6730.04,1400.51,1960.71,1400.55,840.35,13458.75,4494.21,16779.92,11226.28,1681.38,561.03,2095.85,1401.24
CN7,32G,16,4,4,12256,22152,48497,270533,1396,326.69,4285,,11402.77,9125.84,17311.86,1.18,1424.92,1140.01,2161.98,0.13,11406.8,15961.97,11407.42,9129.61,1424.85,1994.72,1424.93,1139.93,11415.69,4575.52,17310.53,9137.33,1425.71,570.76,2162.83,1140.73
CN7,32G,16,4,5,10028,20841,45351,341836,1290,385.16,4328,,14573.79,10413.63,6245.14,8332.45,1820.69,1300.54,780.43,1040.39,12493.19,8326.82,15566.69,6249.95,1560.64,1040.49,1944.72,780.37,15529.53,15570.49,12396.47,4143.04,1939.68,1944.04,1548.84,516.86
CN7,32G,16,16,1,9372,21627,40109,333448,1171,446.80,6059,,13246.31,13251.31,15904.56,15901.85,1655.29,1655.25,1986.22,1986.24,13248.17,13253.24,15892.69,13255.97,1655.21,1655.19,1986.23,1655.17,13256.52,13256.45,15908.52,13267.44,1656.08,1656.08,1987.14,1656.02
CN7,32G,16,16,2,9372,20579,43254,278922,1214,400.70,4882,,9047.16,6787.04,11305.56,11305.9,1129.97,847.48,1412.48,1412.49,11309.15,9048.81,6786.26,17031.53,1412.63,1130.17,847.63,2127.85,15704.42,13463.26,8979.19,13463.46,1961.5,1681.41,1121.25,1681.41
CN7,32G,16,16,3,10028,20579,45876,350225,1342,399.43,5282,,12594.12,12596.1,4200.17,12592.1,1573.1,1573.09,524.43,1573.08,10495.08,12594.6,4200.2,14684.76,1310.96,1573.11,524.41,1835.31,6255.64,10417.67,15461.59,15457.57,781.1,1301.08,1930.89,1930.91
CN7,32G,16,16,4,8848,20841,44827,484443,1374,404.60,4997,,16169.8,8672.77,16215.59,10839.41,2020.43,1083.44,2025.02,1354.26,16288.05,15172.12,4339.07,4337.5,2034.93,1895.77,541.74,541.84,8686.3,15184.79,10846.57,6512.03,1084.11,1896.62,1355.04,813.31
CN7,32G,16,16,5,9503,21627,43779,304088,1144,451.24,5656,,15276.58,12738.81,12730.41,12736.74,1909.18,1590.95,1590.95,1590.97,15276.25,12732.21,12741.08,15288.79,1909.18,1590.99,1590.89,1909.05,12749.15,12740.69,12745.5,15296.45,1591.67,1591.54,1591.54,1909.71
