0928-2235
CN10,4G,1,1,1,889,1090,1319,3785,1168,1402,1343.67,1410,1.51,1.34,5462.18,1.52,0.1,0.12,682.8,0.14,0.14,1.42,5462.68,1.51,0.16,0.12,682.76,0.1,196.98,5656.6,5653.17,189.57,14.39,697.08,697.0,14.37
CN10,4G,1,1,2,930,1172,1549,4113,1192,1484,1360.20,1431,4682.01,0.29,1.87,4681.59,585.21,0.1,0.14,585.24,0.12,0.08,0.02,4682.01,0.14,0.1,0.06,585.23,168.26,166.8,164.01,4844.48,12.33,12.34,12.29,597.48
CN10,4G,1,1,3,906,1156,1418,3621,1254,1478,1398.80,1478,1.44,4681.72,0.3,1.87,0.09,585.24,0.1,0.14,4681.97,4682.22,0.02,0.02,585.3,585.27,0.06,0.06,4853.26,166.8,164.0,163.91,597.49,12.34,12.29,12.34
CN10,4G,1,1,4,996,1188,1401,3785,1194,1360,1290.33,1357,0.02,1.51,5461.85,0.02,0.07,0.14,682.78,0.11,0.64,1.59,5462.02,0.02,0.19,0.15,682.74,0.07,168.26,4848.51,4845.86,162.48,12.33,597.51,597.43,12.32
CN10,4G,1,1,5,971,1172,1352,2835,1090,1458,1348.00,1414,5462.02,0.01,0.02,5461.69,682.74,0.11,0.11,682.78,0.14,0.09,0.52,5462.02,0.16,0.12,0.1,682.74,197.8,196.26,191.33,5651.55,14.41,14.43,14.34,697.03
CN10,4G,1,4,1,922,1139,1352,2802,1292,1384,1352.50,1418,1.88,4681.87,0.02,0.02,0.11,585.24,0.1,0.1,4681.55,4681.79,0.02,1.59,585.28,585.24,0.06,0.09,4849.97,166.79,164.0,162.48,597.47,12.34,12.29,12.32
CN10,4G,1,4,2,1004,1221,1385,3458,1158,1362,1270.50,1338,0.02,0.52,5462.36,1.69,0.08,0.14,682.78,0.14,0.64,0.1,5465.36,0.02,0.19,0.12,682.74,0.08,170.26,4848.5,4846.28,163.9,12.38,597.51,597.45,12.34
CN10,4G,1,4,3,1037,1221,1647,3687,1140,1348,1274.33,1341,5461.86,0.02,0.03,5461.69,682.74,0.11,0.11,682.78,0.14,0.1,1.69,5465.52,0.16,0.12,0.1,682.74,168.25,168.22,165.85,4844.18,12.33,12.37,12.34,597.46
CN10,4G,1,4,4,988,1172,1532,3687,1162,1390,1312.17,1379,1.69,5465.18,0.03,0.53,0.1,682.78,0.11,0.14,5461.64,5462.1,0.03,0.03,682.83,682.78,0.08,0.08,5658.46,194.59,191.32,189.55,697.05,14.4,14.34,14.37
CN10,4G,1,4,5,1020,1237,1500,3752,1226,1452,1316.67,1385,0.03,0.02,5462.2,0.03,0.08,0.11,682.78,0.11,1.82,0.1,5462.19,0.03,0.19,0.12,682.74,0.08,198.12,5656.08,5653.32,191.21,14.41,697.06,697.0,14.4
CN10,4G,1,16,1,988,1172,1385,3359,1158,1374,1319.00,1385,5461.86,0.02,0.53,5461.7,682.74,0.11,0.14,682.78,0.15,0.1,0.03,5462.19,0.16,0.12,0.08,682.74,196.29,196.08,191.32,5651.87,14.38,14.43,14.34,697.03
CN10,4G,1,16,2,1090,1287,1549,3425,1126,1504,1284.00,1358,1.53,5462.19,0.03,1.53,0.1,682.78,0.11,0.14,5461.65,5461.94,0.03,0.03,682.83,682.78,0.08,0.08,5658.78,194.58,191.32,189.54,697.05,14.4,14.34,14.37
CN10,4G,1,16,3,914,1106,1319,3458,1136,1384,1326.67,1393,0.03,1.69,5462.37,0.03,0.08,0.14,682.78,0.11,1.82,1.77,5462.2,0.03,0.19,0.15,682.74,0.08,196.78,5656.24,5653.14,189.54,14.41,697.06,697.0,14.37
CN10,4G,1,16,4,947,1156,1434,4178,1182,1420,1347.00,1413,5461.87,0.36,0.04,5461.7,682.74,0.11,0.11,682.78,0.15,0.11,0.54,5462.2,0.16,0.12,0.11,682.74,196.28,196.07,191.31,5651.7,14.38,14.42,14.34,697.03
CN10,4G,1,16,5,971,1221,1663,3654,1122,1360,1300.00,1365,0.54,5462.19,0.04,0.04,0.11,682.78,0.11,0.11,5461.99,5461.94,0.04,1.54,682.83,682.79,0.08,0.1,5658.44,194.57,191.31,189.53,697.05,14.4,14.34,14.37
CN10,4G,2,1,1,947,1057,1205,3752,1230,1310,1280.83,2684,4684.46,0.03,4684.75,4684.32,585.23,0.1,585.27,585.26,1.42,0.52,4684.17,4684.03,0.16,0.13,585.21,585.21,147.21,4242.42,4242.48,4240.65,10.79,522.82,522.77,522.8
CN10,4G,2,1,2,1004,1139,1369,3720,1096,1274,1213.33,2476,1.54,5464.86,5462.54,0.04,0.1,682.78,682.8,0.11,4684.28,4685.24,4682.32,1.46,585.31,585.29,585.23,0.09,4850.09,4849.34,4845.98,162.45,597.49,597.53,597.45,12.32
CN10,4G,2,1,3,898,1029,1237,3916,1188,1454,1339.09,2664,4682.18,4682.03,0.04,4682.04,585.23,585.26,0.1,585.26,4682.71,4682.1,1.32,4681.89,585.33,585.27,0.09,585.23,4850.95,166.77,163.98,4847.02,597.51,12.34,12.29,597.48
CN10,4G,2,1,4,898,1090,1303,4293,1232,1448,1342.45,2720,4682.32,0.03,4681.75,4681.75,585.23,0.1,585.24,585.24,1.43,0.1,4682.32,4682.32,0.17,0.1,585.21,585.23,148.33,4242.55,4240.73,4239.77,10.81,522.82,522.77,522.81
CN10,4G,2,1,5,971,1106,1303,3589,1140,1336,1264.00,2636,1.47,4685.18,4682.62,0.04,0.09,585.26,585.28,0.1,4681.71,4681.39,4682.19,1.33,585.28,585.25,585.23,0.09,4244.2,4243.17,4240.73,142.15,522.81,522.84,522.79,10.78
CN10,4G,2,4,1,971,1139,1336,2343,1136,1288,1245.58,2599,5462.05,5462.38,1.72,5461.38,682.74,682.8,0.14,682.78,5462.67,5461.63,1.89,5465.05,682.85,682.79,0.11,682.75,4850.8,168.2,165.4,4844.59,597.51,12.36,12.31,597.48
CN10,4G,2,4,2,947,1074,1254,3785,1175,1304,1272.50,2663,5462.39,1.55,5461.72,5461.72,682.77,0.14,682.78,682.78,0.18,1.63,5462.05,5461.72,0.17,0.15,682.74,682.74,168.23,4848.62,4846.26,4845.02,12.33,597.51,597.45,597.5
CN10,4G,2,4,3,938,1106,1336,3261,1172,1426,1283.83,2556,0.06,5465.38,5462.56,0.06,0.08,682.78,682.81,0.12,5462.34,5461.96,5461.72,0.06,682.86,682.79,682.75,0.08,4849.94,4849.34,4845.83,162.45,597.49,597.53,597.45,12.32
CN10,4G,2,4,4,898,1057,1336,4228,1212,1452,1333.27,2689,4682.19,4682.33,0.06,4682.34,585.23,585.29,0.1,585.29,4682.01,4682.26,0.05,4681.91,585.31,585.29,0.07,585.23,4850.66,166.77,163.97,4844.59,597.51,12.34,12.29,597.48
CN10,4G,2,4,5,955,1106,1385,3916,1128,1294,1237.33,2594,5462.56,0.06,5461.73,5461.9,682.77,0.12,682.78,682.78,0.18,1.97,5455.56,5454.81,0.17,0.15,681.89,681.86,169.8,4848.91,4845.54,4844.73,12.35,597.51,597.43,597.48
CN10,4G,2,16,1,914,1090,1369,3523,1218,1430,1314.18,2650,1.73,5462.22,5462.9,0.07,0.11,682.78,682.81,0.12,5462.52,5462.14,5461.9,0.07,682.86,682.79,682.75,0.08,4850.08,4849.19,4846.4,162.45,597.49,597.5,597.45,12.32
CN10,4G,2,16,2,922,1090,1336,3654,1206,1462,1314.18,2634,4685.2,4682.62,1.49,4682.63,585.24,585.28,0.12,585.29,4681.73,4681.69,0.06,4682.2,585.29,585.25,0.07,585.23,4243.95,147.17,143.47,4239.14,522.81,10.82,10.75,522.8
CN10,4G,2,16,3,979,1090,1270,4015,1200,1282,1257.33,2628,4684.35,0.06,4684.21,4684.35,585.23,0.1,585.27,585.27,0.17,1.7,4683.92,4683.92,0.14,0.13,585.21,585.21,147.2,4242.41,4242.22,4241.64,10.79,522.82,522.77,522.81
CN10,4G,2,16,4,922,1074,1287,4293,1214,1448,1316.18,2636,1.74,5464.56,5474.58,0.08,0.11,682.78,682.87,0.12,5464.36,5464.81,5472.74,0.08,682.84,682.79,682.78,0.08,4849.79,4859.33,4856.97,162.45,597.49,597.58,597.52,12.32
CN10,4G,2,16,5,906,1057,1270,4293,1240,1456,1334.36,2709,4693.07,4693.2,1.5,4691.35,585.26,585.32,0.13,585.26,4691.45,4691.56,0.07,4691.49,585.34,585.3,0.07,585.28,4861.08,166.76,163.97,4854.44,597.56,12.34,12.29,597.51
CN10,4G,4,1,1,906,1074,1336,4621,1140,1326,1270.00,5268,4684.07,4683.78,9363.5,4682.07,585.28,585.31,1170.43,585.27,4682.89,4685.13,9363.35,4681.64,585.35,585.29,1170.36,585.21,4245.57,8341.41,8336.84,4240.01,522.85,1034.84,1034.79,522.84
CN10,4G,4,1,2,930,1090,1319,2180,1106,1336,1238.75,5063,9363.79,4683.35,4685.65,9365.5,1170.38,585.27,585.32,1170.39,4682.03,4682.0,4682.08,9363.5,585.31,585.28,585.24,1170.4,4244.32,4242.67,4240.22,8335.01,522.83,522.82,522.77,1034.81
CN10,4G,4,1,3,963,1106,1369,2114,1126,1324,1234.83,5016,4682.37,9366.07,4681.51,4681.37,585.25,1170.49,585.25,585.25,9362.75,9362.71,4681.94,4681.37,1170.43,1170.39,585.23,585.22,9532.08,4852.48,4846.82,4843.73,1182.68,597.51,597.46,597.46
CN10,4G,4,1,4,938,1123,1385,16909,1066,1308,1228.33,5078,4683.08,4682.22,9362.94,4681.51,585.24,585.28,1170.4,585.25,4682.76,4682.72,9363.23,4682.08,585.37,585.33,1170.4,585.24,4853.66,9531.33,9527.54,4844.45,597.55,1182.69,1182.6,597.48
CN10,4G,4,1,5,947,1123,1319,4817,1138,1340,1245.92,5099,9366.37,4682.23,4685.09,9365.52,1170.38,585.26,585.31,1170.39,4684.76,4682.15,4684.66,9366.09,585.31,585.28,585.24,1170.41,4244.95,4244.67,4242.23,8338.27,522.83,522.87,522.77,1034.84
CN10,4G,4,4,1,963,1123,1352,5538,1142,1328,1240.17,5071,5463.61,10927.6,5461.95,5461.61,682.8,1365.48,682.79,682.79,9365.62,9366.87,4684.1,4682.67,1170.44,1170.42,585.22,585.29,9531.94,4849.91,4846.11,4844.02,1182.64,597.51,597.45,597.47
CN10,4G,4,4,2,988,1156,1483,4948,1136,1294,1216.84,4895,5462.78,5462.11,10923.95,5462.78,682.77,682.79,1365.46,682.81,4681.49,4683.59,9363.1,4681.96,585.29,585.3,1170.36,585.22,4854.09,9530.77,9527.97,4844.59,597.58,1182.68,1182.63,597.48
CN10,4G,4,4,3,938,1123,1319,4883,1102,1344,1251.75,5020,10924.62,5462.95,5461.63,10923.46,1365.44,682.81,682.79,1365.46,4682.35,4682.88,4682.25,9364.39,585.32,585.3,585.24,1170.42,4851.09,4848.91,4847.55,9526.88,597.52,597.51,597.5,1182.68
CN10,4G,4,4,4,938,1139,1385,6325,1130,1298,1245.50,5168,4682.83,9365.82,4681.68,4681.83,585.26,1170.49,585.25,585.27,9363.07,9364.89,4681.68,4684.11,1170.44,1170.42,585.22,585.34,8324.45,4234.43,4231.65,4230.31,1032.77,521.73,521.66,521.74
CN10,4G,4,4,5,930,1106,1336,4293,1165,1328,1242.46,5116,5463.47,5463.13,10926.47,5461.97,682.78,682.84,1365.46,682.79,5461.76,5462.71,10923.13,5461.97,682.84,682.84,1365.42,682.75,4850.38,9529.77,9529.98,4844.03,597.5,1182.67,1182.6,597.46
CN10,4G,4,16,1,938,1057,1319,2180,1160,1306,1243.25,5077,9365.83,4681.83,4685.7,9365.83,1170.41,585.27,585.34,1170.44,4682.94,4682.47,4684.69,9367.26,585.37,585.3,585.24,1170.45,4244.2,4243.93,4242.36,8337.9,522.83,522.89,522.78,1034.85
CN10,4G,4,16,2,947,1172,1631,4293,1120,1322,1233.08,5032,5464.48,10927.64,5465.82,5464.82,682.76,1365.49,682.82,682.79,9365.37,9366.62,4683.98,4684.41,1170.44,1170.42,585.22,585.26,9531.95,4851.35,4848.12,4846.46,1182.64,597.51,597.43,597.46
CN10,4G,4,16,3,906,1057,1270,4883,1143,1380,1294.88,5367,4682.13,4681.84,9363.7,4682.56,585.24,585.28,1170.44,585.3,4681.81,4683.34,9362.99,4681.7,585.3,585.3,1170.37,585.22,4244.58,8339.55,8336.86,4238.78,522.85,1034.86,1034.83,522.8
CN10,4G,4,16,4,898,1029,1237,2278,1192,1344,1281.38,5335,9363.85,4682.41,4682.0,9362.71,1170.4,585.27,585.29,1170.4,4683.67,4682.06,4683.28,9362.99,585.36,585.28,585.28,1170.37,4244.33,4243.93,4240.11,8334.9,522.83,522.86,522.8,1034.82
CN10,4G,4,16,5,922,1074,1352,4178,1208,1378,1270.62,5265,4682.57,9363.27,4682.14,4682.14,585.28,1170.44,585.28,585.28,9363.67,9364.49,4682.0,4684.43,1170.48,1170.47,585.25,585.31,9531.52,4849.21,4845.98,4844.46,1182.66,597.53,597.46,597.49
CN10,4G,8,1,1,1004,1434,8848,19792,588,1286,1170.54,9447,12292.63,8194.0,12292.63,12292.88,1536.14,1024.17,1536.17,1536.2,8193.59,8194.43,12291.88,12291.75,1024.21,1024.21,1536.13,1536.12,8340.59,12436.43,12434.99,12433.78,1034.87,1546.88,1546.81,1546.84
CN10,4G,8,1,2,1139,4293,11994,25035,528,1270,1058.33,7444,7265.75,10909.29,10904.15,7262.96,908.17,1363.2,1362.93,907.88,10925.76,10926.73,10923.79,7283.01,1365.49,1365.5,1365.44,910.32,9949.77,9948.55,9946.79,6668.03,1237.49,1237.52,1237.48,827.86
CN10,4G,8,1,3,1029,2999,13304,21103,610,1334,1176.06,8752,10924.57,10924.35,7282.58,10924.13,1365.47,1365.5,910.35,1365.47,10924.32,10925.29,7279.46,10924.24,1365.51,1365.56,909.88,1365.46,11055.09,7413.28,7411.55,11050.37,1375.01,919.9,919.91,1374.97
CN10,4G,8,1,4,1172,5800,13042,21365,464,1366,1079.34,7071,10926.47,7283.58,10926.47,10926.47,1365.48,910.39,1365.5,1365.51,7283.11,7283.3,10926.03,10927.14,910.38,910.39,1365.45,1365.5,7414.31,11053.06,11053.89,11051.71,919.9,1374.98,1374.97,1374.96
CN10,4G,8,1,5,1029,1991,36963,38011,518,1360,1156.02,8856,8202.41,12297.9,12299.29,8202.79,1024.2,1536.2,1536.25,1024.23,12299.75,12299.97,12299.29,8199.41,1536.28,1536.24,1536.22,1024.18,12444.48,12436.58,12434.76,8343.43,1546.93,1546.95,1546.94,1034.85
CN10,4G,8,4,1,1004,2999,15139,38011,548,1330,1151.56,9068,13588.34,13033.9,9364.77,13866.2,1698.34,1629.18,1170.52,1733.17,13858.16,13456.26,9365.2,13168.77,1732.23,1681.82,1170.5,1645.86,14214.84,9530.52,9527.02,14207.64,1767.9,1182.69,1182.59,1767.82
CN10,4G,8,4,2,1123,5145,11863,18482,510,1331,1103.68,7143,12293.43,8193.43,12291.81,12292.43,1536.23,1024.19,1536.18,1536.21,8193.4,8194.11,12291.31,12292.68,1024.19,1024.2,1536.12,1536.18,8341.24,12435.84,12434.64,12434.44,1034.89,1546.89,1546.81,1546.89
CN10,4G,8,4,3,1037,1647,16450,38011,578,1310,1187.02,8581,8194.94,12293.06,12291.07,8194.69,1024.24,1536.23,1536.26,1024.25,12291.65,12291.87,12289.57,8193.57,1536.21,1536.18,1536.16,1024.16,11055.44,11054.75,11052.02,7410.95,1375.01,1375.08,1374.99,919.92
CN10,4G,8,4,4,1647,5997,11207,18482,574,1376,1002.80,7247,10925.4,10925.62,7284.07,10925.4,1365.52,1365.57,910.44,1365.55,10924.92,10925.89,7283.29,10925.4,1365.56,1365.6,910.38,1365.52,11056.11,7413.75,7410.58,11050.29,1375.08,919.96,919.87,1374.97
CN10,4G,8,4,5,1336,5866,10683,16909,538,1296,1008.52,7318,10926.3,7283.85,10927.41,10926.96,1365.45,910.4,1365.51,1365.52,7283.49,7283.46,10925.96,10927.41,910.43,910.4,1365.47,1365.5,7414.67,11054.65,11051.25,11052.29,919.95,1375.03,1374.95,1374.97
CN10,4G,8,16,1,1172,4621,11600,18744,534,1308,1091.18,7664,8197.84,12293.21,12299.72,8198.22,1024.17,1536.23,1536.27,1024.25,10911.83,10907.91,10913.21,7288.3,1363.69,1363.12,1363.22,910.42,11057.01,11060.32,11057.59,7412.19,1375.09,1375.09,1375.0,919.85
CN10,4G,8,16,2,1090,3785,10028,18220,564,1366,1146.33,7538,10934.87,10933.31,7291.09,10935.87,1365.47,1365.52,910.4,1365.56,10933.84,10934.92,7290.09,10934.75,1365.56,1365.57,910.33,1365.47,11065.02,7421.21,7417.48,11060.63,1375.09,919.96,919.83,1374.97
CN10,4G,8,16,3,963,1237,3490,11469,1121,1306,1233.42,9936,14062.84,9373.98,14063.56,14062.13,1755.65,1170.47,1755.71,1755.67,8203.2,8202.79,12289.64,12289.81,1024.29,1024.21,1534.2,1534.32,8349.64,12448.62,12447.05,12445.72,1034.89,1546.91,1546.83,1546.87
CN10,4G,8,16,4,938,1172,1958,6521,1124,1298,1243.58,10.1,9374.14,14063.7,14060.71,9375.0,1170.5,1755.67,1755.74,1170.59,12304.58,12304.17,12302.99,8202.49,1536.2,1536.21,1536.16,1024.18,12449.15,12448.75,12447.56,8346.48,1546.89,1546.94,1547.01,1035.02
CN10,4G,8,16,5,1156,4621,15139,23462,512,1320,1072.00,7169,12302.0,12303.0,8202.88,12301.75,1536.17,1536.28,1024.26,1536.19,12301.84,12303.06,8201.25,12301.88,1536.24,1536.29,1024.12,1536.16,12450.03,8347.88,8344.44,12443.23,1546.96,1034.9,1034.81,1546.84
CN10,4G,16,1,1,7898,20055,40109,102237,190,1200,474.04,7321,11721.22,11721.15,14064.94,11721.72,1463.04,1463.05,1755.63,1463.06,10940.45,10941.5,13125.67,10940.34,1365.56,1365.55,1638.52,1365.51,11018.42,13203.4,13202.97,11015.12,1371.22,1644.29,1644.26,1371.18
CN10,4G,16,1,2,7701,15533,33424,96994,174,1172,464.35,6327,14062.37,11717.58,11718.09,14062.44,1755.7,1463.09,1463.06,1755.71,11717.28,11718.69,11717.59,14061.8,1463.04,1463.09,1463.02,1755.68,11802.74,11803.08,11800.12,14140.64,1469.22,1469.26,1469.15,1761.65
CN10,4G,16,1,3,6652,25035,33817,173016,158,1026,524.43,7724,10936.82,13123.95,10936.69,10936.82,1365.57,1638.67,1365.57,1365.58,13122.34,13122.99,10935.43,10936.69,1638.6,1638.61,1365.48,1365.58,13201.57,11015.35,11012.72,11010.87,1644.35,1371.29,1371.23,1371.15
CN10,4G,16,1,4,7635,19006,30016,137364,147,1188,482.52,6706,11718.75,11718.82,14061.61,11718.82,1463.08,1463.11,1755.67,1463.1,11717.45,11718.93,14060.11,11718.82,1463.05,1463.12,1755.57,1463.09,11017.17,13200.96,13199.26,11011.48,1371.3,1644.35,1644.25,1371.15
CN10,4G,16,1,5,8225,17695,28443,99091,208,1192,487.26,7084,14060.48,11717.19,11719.98,14060.98,1755.66,1463.08,1463.15,1755.71,11716.03,11717.72,11717.19,14060.19,1463.04,1463.11,1463.01,1755.66,11801.55,11803.03,11798.93,14140.66,1469.22,1469.26,1469.12,1761.66
CN10,4G,16,4,1,7898,20055,32900,270533,1120,483.44,7058,,11717.63,14062.84,11717.63,11718.7,1463.11,1755.71,1463.1,1463.15,14060.32,14060.8,11715.99,11719.27,1755.59,1755.61,1463.01,1463.13,14145.06,11800.9,11799.57,11796.74,1761.82,1469.22,1469.17,1469.09
CN10,4G,16,4,2,7439,20841,32113,312476,1130,501.41,6987,,12622.92,12623.07,15146.38,12623.3,1575.61,1575.63,1890.71,1575.63,12621.97,12623.18,15144.53,12623.07,1575.57,1575.62,1890.6,1575.61,12712.3,15234.13,15232.63,12707.96,1582.21,1897.29,1897.24,1582.15
CN10,4G,16,4,3,7767,18744,30016,181404,160,1062,504.63,7104,14061.79,11718.57,11719.08,14061.58,1755.66,1463.1,1463.13,1755.68,11716.56,11718.9,11717.58,14061.43,1463.01,1463.13,1463.03,1755.66,11802.79,11802.13,11801.59,14140.83,1469.23,1469.27,1469.24,1761.66
CN10,4G,16,4,4,7308,20055,29492,137364,171,1198,534.86,7212,12620.17,15042.17,12620.48,12620.48,1575.65,1878.24,1575.66,1575.68,14045.6,14047.64,11704.28,11705.74,1753.98,1754.1,1461.39,1461.48,14145.01,11802.07,11800.95,11798.19,1761.82,1469.22,1469.17,1469.09
CN10,4G,16,4,5,7439,15270,23462,57934,202,1246,468.55,6320,11719.17,11718.6,14060.53,11717.96,1463.1,1463.1,1755.68,1463.11,11716.65,11717.92,14059.67,11718.1,1463.01,1463.05,1755.55,1463.05,11802.02,14145.79,14144.18,11798.35,1469.2,1761.79,1761.76,1469.13
CN10,4G,16,16,1,6718,20055,30278,96994,110,1192,526.25,6897,15143.04,12619.5,12620.35,15143.42,1890.7,1575.63,1575.62,1890.72,12617.33,12618.46,12618.81,15142.58,1575.6,1575.65,1575.58,1890.68,11802.31,11802.58,11801.04,14141.78,1469.2,1469.21,1469.18,1761.72
CN10,4G,16,16,2,6915,18220,27132,177210,152,1216,541.04,7064,11704.87,14048.32,11705.08,11706.78,1461.42,1753.99,1461.47,1461.64,13123.09,13123.61,10934.78,10936.58,1638.6,1638.64,1365.48,1365.59,13201.43,11014.08,11012.98,11010.4,1644.36,1371.29,1371.26,1371.15
CN10,4G,16,16,3,6980,20579,29492,270533,157,1141,531.37,6760,12610.71,12610.87,15132.0,12612.46,1574.08,1574.14,1888.92,1574.25,12621.5,12623.4,15144.98,12623.52,1575.57,1575.67,1890.64,1575.66,11806.54,14146.81,14146.7,11801.01,1469.23,1761.83,1761.8,1469.11
CN10,4G,16,16,4,7832,16319,27395,295699,1282,490.66,6463,,14061.35,11717.35,11718.35,14060.14,1755.66,1463.1,1463.12,1755.68,11716.98,11718.31,11717.35,14059.99,1463.06,1463.11,1463.03,1755.66,11802.4,11801.82,11800.28,14140.8,1469.21,1469.24,1469.17,1761.67
CN10,4G,16,16,5,8094,20055,32113,287310,1260,498.65,6535,,11717.86,14060.64,11717.65,11718.01,1463.12,1755.7,1463.12,1463.14,14058.99,14059.68,11715.79,11717.58,1755.6,1755.62,1462.98,1463.06,14144.63,11800.82,11798.79,11797.6,1761.81,1469.23,1469.15,1469.15
CN10,8G,1,1,1,898,1090,1303,7635,1206,1402,1356.58,1423,2.25,2.35,7291.47,2.25,0.18,0.22,910.48,0.21,0.55,2.3,7290.58,3.69,0.17,0.23,910.44,0.26,132.99,7420.52,7419.46,127.39,9.72,919.96,920.01,9.7
CN10,8G,1,1,2,816,1037,1221,26346,1174,1540,1472.73,1546,7290.02,0.46,1.7,7290.03,910.36,0.13,0.16,910.38,0.49,0.47,0.43,6561.42,0.15,0.12,0.1,819.34,118.18,116.97,116.31,6674.44,8.67,8.68,8.67,827.88
CN10,8G,1,1,3,898,1123,1385,31327,1232,1528,1431.73,1504,1.53,6561.82,0.43,1.53,0.13,819.37,0.12,0.15,6560.8,6561.07,0.43,1.53,819.37,819.35,0.1,0.13,6681.38,116.96,115.01,115.05,827.91,8.68,8.64,8.69
CN10,8G,1,1,4,906,1123,1319,28705,1192,1536,1388.82,1453,0.63,1.52,6560.93,0.43,0.1,0.15,819.34,0.12,0.5,1.57,6561.03,0.73,0.15,0.15,819.32,0.1,119.08,6677.26,6676.11,113.94,8.7,827.9,827.89,8.66
CN10,8G,1,1,5,840,1106,1319,26346,1280,1566,1477.45,1550,7290.59,0.69,0.48,7290.25,910.38,0.13,0.13,910.41,1.6,0.67,0.43,6561.53,0.18,0.12,0.1,819.35,118.08,118.16,115.01,6674.54,8.67,8.7,8.64,827.88
CN10,8G,1,4,1,971,1188,1401,28181,1118,1516,1364.17,1430,1.81,7292.58,0.7,1.7,0.14,910.41,0.13,0.16,7279.0,7280.86,0.59,0.48,908.82,908.95,0.11,0.11,7423.53,129.96,128.23,126.6,919.9,9.64,9.6,9.62
CN10,8G,1,4,2,955,1172,1483,23725,1063,1466,1360.27,1434,0.7,1.7,7292.15,0.48,0.11,0.16,910.38,0.13,1.78,0.53,7292.26,0.7,0.2,0.14,910.36,0.11,132.43,7419.06,7420.12,126.82,9.66,919.89,919.87,9.62
CN10,8G,1,4,3,889,1106,1385,25035,1222,1564,1373.55,1441,7292.48,0.7,0.49,7292.82,910.38,0.13,0.13,910.41,0.56,0.53,0.49,7292.93,0.17,0.14,0.11,910.38,131.09,129.96,129.01,7418.27,9.63,9.64,9.63,919.87
CN10,8G,1,4,4,873,1074,1303,25297,1214,1470,1366.73,1435,1.34,6563.53,0.44,1.64,0.13,819.37,0.12,0.15,6562.81,6562.68,0.64,0.44,819.37,819.35,0.1,0.1,6679.08,118.06,115.0,113.94,827.91,8.7,8.64,8.66
CN10,8G,1,4,5,873,1074,1303,22938,1184,1372,1329.75,1396,0.49,1.82,7290.71,0.49,0.11,0.17,910.41,0.13,0.57,1.87,7292.26,0.71,0.17,0.17,910.36,0.11,119.18,6677.46,6677.9,113.94,8.7,827.9,827.89,8.66
CN10,8G,1,16,1,938,1172,1418,25560,1256,1510,1329.50,1394,7292.6,0.48,0.49,7292.15,910.38,0.13,0.13,910.41,1.9,0.54,0.49,7292.71,0.2,0.14,0.11,910.38,118.08,118.06,115.0,6676.44,8.67,8.71,8.64,827.88
CN10,8G,1,16,2,930,1156,1418,38536,1146,1366,1306.00,1370,1.71,7292.59,0.49,1.72,0.14,910.41,0.13,0.17,7291.79,7291.76,0.6,0.49,910.42,910.39,0.11,0.11,6680.68,116.96,115.0,113.94,827.89,8.68,8.64,8.66
CN10,8G,1,16,3,930,1156,1385,24773,1150,1452,1311.92,1375,0.6,1.71,7290.38,0.49,0.11,0.17,910.41,0.13,1.8,0.54,7292.27,0.49,0.2,0.14,910.36,0.11,117.98,6677.25,6676.0,114.24,8.67,827.9,827.88,8.66
CN10,8G,1,16,4,840,922,1188,24511,1302,1416,1372.45,1438,6550.26,0.64,1.55,6549.86,817.95,0.12,0.15,817.94,0.52,0.69,0.45,6561.44,0.15,0.13,0.1,819.34,118.08,118.06,116.1,6674.53,8.67,8.7,8.67,827.88
CN10,8G,1,16,5,898,1156,1450,23987,1152,1448,1368.55,1441,0.5,7290.71,0.94,1.72,0.11,910.41,0.14,0.17,7290.02,7290.88,0.72,1.72,910.42,910.41,0.11,0.14,7420.86,129.95,127.78,126.6,919.88,9.64,9.6,9.62
CN10,8G,2,1,1,947,1045,1205,22938,1196,1336,1283.25,2665,7290.17,1.72,7290.39,7290.72,910.36,0.17,910.4,910.4,1.62,1.59,6561.85,6561.65,0.18,0.15,819.34,819.34,119.08,6677.25,6676.4,6674.73,8.7,827.9,827.89,827.88
CN10,8G,2,1,2,947,1045,1188,22938,1142,1310,1252.28,2608,1.65,6562.94,6562.06,1.66,0.13,819.34,819.39,0.15,5964.38,5965.09,5964.96,1.5,744.89,744.88,744.86,0.12,6071.97,6070.41,6069.73,103.58,752.64,752.64,752.63,7.87
CN10,8G,2,1,3,955,1057,1221,22414,1172,1345,1270.96,2625,6561.55,6562.15,1.56,6561.36,819.34,819.39,0.15,819.36,5965.12,5966.18,1.6,5966.96,744.91,744.91,0.12,744.86,6072.34,106.32,104.55,6070.12,752.67,7.89,7.85,752.64
CN10,8G,2,1,4,938,1029,1205,22152,1170,1292,1253.31,2627,6561.36,0.45,6563.76,6561.86,819.34,0.12,819.37,819.39,1.57,1.55,5965.14,5965.51,0.17,0.14,744.86,744.89,107.25,6061.72,6062.21,6061.45,7.88,751.52,751.74,751.81
CN10,8G,2,1,5,938,1045,1270,22414,1152,1324,1256.12,2617,1.85,7290.73,7291.07,1.74,0.15,910.41,910.44,0.17,6561.03,6561.61,6561.36,0.47,819.39,819.37,819.34,0.1,6678.87,6680.16,6675.9,114.04,827.91,827.93,827.88,8.66
CN10,8G,2,4,1,898,1004,1188,23725,1186,1446,1324.70,2669,6561.56,6561.96,1.57,6561.47,819.34,819.39,0.15,819.37,5965.4,5965.37,1.52,5964.97,744.93,744.91,0.12,744.86,6072.25,107.42,105.64,6070.31,752.67,7.91,7.88,752.64
CN10,8G,2,4,2,889,1004,1221,22676,1168,1490,1349.48,2679,6561.37,1.57,6561.47,6561.97,819.35,0.15,819.37,819.39,1.49,1.29,5964.79,5965.43,0.17,0.14,744.84,744.88,107.25,6070.5,6069.27,6068.67,7.88,752.64,752.63,752.66
CN10,8G,2,4,3,963,1057,1205,22414,1196,1296,1261.48,2634,1.86,7293.07,7292.86,1.86,0.15,910.41,910.42,0.17,6561.44,6561.61,6563.38,1.68,819.4,819.37,819.35,0.13,6679.18,6677.46,6678.9,113.94,827.91,827.9,827.91,8.66
CN10,8G,2,4,4,914,1020,1205,22938,1178,1316,1272.16,2642,7292.86,7293.19,1.76,7291.86,910.39,910.44,0.17,910.39,6563.95,6563.62,1.68,6563.38,819.43,819.38,0.13,819.35,6681.48,116.96,116.41,6677.24,827.94,8.68,8.67,827.9
CN10,8G,2,4,5,922,1057,1303,25297,1146,1418,1297.25,2604,6561.38,0.58,6563.28,6561.88,819.34,0.12,819.37,819.39,1.59,1.66,5965.07,5965.35,0.17,0.14,744.86,744.88,107.25,6070.41,6071.19,6068.04,7.88,752.65,752.62,752.64
CN10,8G,2,16,1,898,1004,1237,25297,1174,1440,1323.04,2649,1.69,6561.68,6561.99,1.59,0.13,819.37,819.39,0.16,5964.87,5965.11,5964.99,1.44,744.91,744.88,744.86,0.12,6071.71,6071.05,6068.82,104.86,752.65,752.66,752.63,7.9
CN10,8G,2,16,2,988,1074,1237,22676,1156,1284,1236.08,2578,7290.87,7290.54,1.77,7290.1,910.39,910.42,0.17,910.39,6562.06,6561.53,1.69,6563.59,819.42,819.38,0.13,819.35,6679.48,118.06,116.11,6675.04,827.94,8.71,8.67,827.9
CN10,8G,2,16,3,963,1057,1221,22938,1174,1302,1259.00,2635,6556.81,0.59,6554.43,6557.93,818.79,0.13,818.49,818.89,1.51,1.49,5964.72,5965.45,0.17,0.15,744.84,744.88,108.26,6070.51,6069.37,6068.04,7.91,752.64,752.63,752.64
CN10,8G,2,16,4,881,1004,1287,27395,1178,1422,1321.26,2695,1.7,6563.99,6561.7,1.7,0.14,819.37,819.38,0.16,5964.69,5965.31,5965.72,1.54,744.89,744.89,744.89,0.12,6071.8,6071.15,6069.01,103.68,752.66,752.66,752.62,7.87
CN10,8G,2,16,5,930,1037,1237,23462,1186,1290,1261.96,2639,7290.11,7291.21,1.78,7292.78,910.37,910.42,0.17,910.4,6561.77,6562.74,1.8,6561.3,819.41,819.4,0.14,819.33,6679.68,118.06,116.21,6674.84,827.94,8.71,8.67,827.89
CN10,8G,4,1,1,906,1004,1237,19792,1076,1342,1261.68,5225,6561.2,6561.4,13123.4,6561.9,819.35,819.36,1638.56,819.4,5964.79,5966.04,11931.46,5965.37,744.91,744.91,1489.62,744.89,6071.71,12036.15,12034.28,6068.04,752.65,1497.38,1497.35,752.64
CN10,8G,4,1,2,906,1020,1303,36963,1072,1329,1255.49,5136,11931.64,5967.09,5964.65,11931.74,1489.64,744.92,744.87,1489.66,5967.16,5967.14,5965.83,11931.64,744.94,744.92,744.94,1489.64,6073.71,6072.24,6070.38,12031.86,752.68,752.76,752.72,1497.37
CN10,8G,4,1,3,898,988,1237,12256,1138,1336,1268.86,5244,6561.42,13124.71,6561.62,6561.62,819.35,1638.62,819.37,819.37,11931.8,11931.78,5965.29,5965.02,1489.69,1489.66,744.89,744.86,12036.81,6071.34,6069.65,6067.87,1497.43,752.68,752.65,752.62
CN10,8G,4,1,4,922,1029,1270,47973,1092,1316,1245.88,5149,6569.32,6569.42,13130.02,6569.32,819.42,819.49,1638.66,819.44,6570.2,6570.07,13129.82,6569.52,819.53,819.5,1638.64,819.42,6687.4,13239.37,13237.52,6682.86,828.04,1647.2,1647.16,827.98
CN10,8G,4,1,5,930,1012,1237,36963,1082,1290,1227.62,5030,13123.03,6562.02,6562.14,13123.23,1638.64,819.43,819.46,1638.66,6562.2,6561.87,6562.63,13122.63,819.46,819.41,819.46,1638.61,6679.5,6680.88,6676.63,13236.36,827.97,828.03,827.97,1647.2
CN10,8G,4,4,1,955,1090,1385,25297,1161,1316,1237.98,5128,6562.54,13122.83,6561.94,6562.34,819.46,1638.63,819.4,819.46,13123.01,13122.68,6562.44,6562.54,1638.66,1638.63,819.41,819.44,13240.2,6677.78,6676.23,6676.07,1647.17,827.94,827.9,828.02
CN10,8G,4,4,2,906,1012,1254,36439,1098,1324,1255.32,5212,5966.68,5965.67,11931.86,5966.31,744.88,744.97,1489.7,744.87,5965.11,5965.72,11931.4,5967.22,744.95,744.97,1489.64,744.9,6072.46,12035.17,12034.03,6070.34,752.7,1497.41,1497.41,752.67
CN10,8G,4,4,3,947,1106,1860,22414,1078,1344,1250.57,5154,11929.14,5967.31,5966.14,11928.59,1489.62,744.94,744.99,1489.61,5966.57,5967.18,5965.96,11929.59,744.92,744.93,744.97,1489.64,6065.22,6063.2,6061.41,12018.45,751.54,751.67,751.64,1495.7
CN10,8G,4,4,4,922,1020,1254,36439,1132,1334,1249.22,5094,6561.66,13122.85,6561.36,6561.96,819.39,1638.63,819.39,819.42,13122.83,13122.9,6561.86,6561.66,1638.66,1638.64,819.39,819.36,13240.11,6678.29,6676.74,6675.08,1647.17,827.96,827.95,827.95
CN10,8G,4,4,5,906,996,1270,38536,1150,1410,1270.34,5247,6561.97,6562.36,13121.37,6562.07,819.39,819.43,1638.57,819.41,5965.85,5965.83,11929.88,5965.61,744.96,744.94,1489.65,744.89,6072.84,12035.63,12033.68,6067.62,752.7,1497.44,1497.41,752.63
CN10,8G,4,16,1,922,1029,1254,27395,1158,1322,1249.06,5170,11930.43,5965.79,5965.16,11930.43,1489.68,744.94,744.92,1489.7,5965.86,5965.74,5965.98,11929.97,744.97,744.93,744.95,1489.65,6072.47,6073.73,6070.23,12031.98,752.69,752.76,752.73,1497.4
CN10,8G,4,16,2,930,1037,1270,37487,1084,1310,1232.08,5057,6562.48,13122.77,6560.98,6562.88,819.44,1638.64,819.36,819.49,13121.95,13122.82,6561.38,6561.78,1638.61,1638.64,819.36,819.36,13238.82,6678.31,6676.85,6675.09,1647.12,827.96,827.95,827.95
CN10,8G,4,16,3,914,1045,1303,28443,1166,1336,1275.42,5352,6564.09,6562.38,13123.79,6563.09,819.4,819.47,1638.61,819.39,5966.05,5966.03,11931.53,5967.35,745.0,744.98,1489.65,744.91,6071.75,12035.55,12034.5,6069.54,752.66,1497.44,1497.44,752.66
CN10,8G,4,16,4,906,1004,1270,34341,1128,1324,1261.96,5190,11929.63,5967.17,5965.0,11928.81,1489.65,744.93,744.93,1489.62,5966.79,5966.76,5965.91,11928.99,744.92,744.9,744.92,1489.6,6073.48,6071.65,6069.69,12031.72,752.66,752.71,752.68,1497.37
CN10,8G,4,16,5,898,1004,1270,39584,1120,1374,1285.35,5289,6562.3,13122.99,6561.3,6561.6,819.45,1638.64,819.39,819.42,11930.06,11929.95,5965.37,5966.28,1489.7,1489.67,744.91,744.97,12036.58,6071.2,6069.79,6069.0,1497.43,752.7,752.68,752.73
CN10,8G,8,1,1,1975,7242,14746,47449,534,1326,913.21,6568,13123.61,8750.74,13123.21,13123.01,1638.57,1092.5,1638.57,1638.57,8203.68,8203.66,12304.01,12303.82,1024.24,1024.22,1536.19,1536.19,8277.34,12376.51,12374.42,12373.5,1029.56,1541.57,1541.54,1541.54
CN10,8G,8,1,2,1565,10421,21365,40109,294,1354,866.87,4917,11579.54,15438.83,7718.9,7719.07,1445.86,1927.74,963.89,963.89,15428.27,11580.39,7719.84,7720.13,1926.48,1445.87,963.94,963.94,15506.73,7789.02,7787.63,7786.72,1932.75,968.99,968.97,968.97
CN10,8G,8,1,3,1434,10683,21627,164627,237,1350,879.61,6385,9375.1,9375.38,14060.31,14060.38,1170.48,1170.51,1755.59,1755.59,9376.51,14061.34,14061.38,14061.67,1170.64,1755.71,1755.64,1755.69,9459.69,14143.74,14143.2,14142.45,1176.64,1761.77,1761.74,1761.74
CN10,8G,8,1,4,2540,10159,21103,40109,376,1333,814.62,5765,13123.5,13122.96,13122.23,8748.7,1638.65,1638.64,1638.61,1092.46,13123.88,13122.86,13122.77,8750.3,1638.69,1638.64,1638.62,1092.53,13201.58,13201.37,8825.4,8825.49,1644.36,1644.41,1098.13,1098.18
CN10,8G,8,1,5,1549,7701,18220,141558,266,1328,905.32,6368,13123.51,13123.98,8748.85,13123.11,1638.68,1638.71,1092.46,1638.67,13124.23,8750.81,8750.71,13123.11,1638.74,1092.56,1092.54,1638.62,13202.39,8828.04,13197.87,13198.23,1644.41,1098.2,1644.23,1644.31
CN10,8G,8,4,1,2507,8160,16712,45351,498,1364,854.66,6112,9375.35,9376.13,14060.41,14060.06,1170.52,1170.56,1755.62,1755.59,9375.68,14061.16,14061.13,14061.13,1170.54,1755.66,1755.64,1755.66,8829.93,13201.18,13200.08,13200.24,1098.24,1644.37,1644.31,1644.33
CN10,8G,8,4,2,1385,7635,19792,206570,1346,908.92,6445,,14064.14,14064.85,14064.07,9378.14,1755.71,1755.7,1755.67,1170.51,14064.76,14065.46,14065.35,9379.35,1755.67,1755.71,1755.69,1170.53,14143.79,14143.06,9460.81,9460.41,1761.75,1761.75,1176.6,1176.64
CN10,8G,8,4,3,1500,7701,17171,64750,354,1288,914.09,6428,14060.01,14060.93,9373.08,14059.86,1755.66,1755.69,1170.44,1755.66,14059.99,9374.4,9374.94,14060.43,1755.7,1170.53,1170.56,1755.65,13201.74,8827.93,13198.49,13198.52,1644.35,1098.2,1644.23,1644.31
CN10,8G,8,4,4,1663,8094,16188,28443,480,1300,905.86,6055,9375.88,9375.8,14060.3,14061.66,1170.51,1170.52,1755.6,1755.69,8750.67,13123.78,13124.41,13124.08,1092.51,1638.62,1638.62,1638.63,8829.02,13200.93,13200.37,13200.12,1098.18,1644.34,1644.35,1644.39
CN10,8G,8,4,5,1467,8291,19268,145753,218,1338,916.11,7152,15141.8,15141.56,15140.64,10094.18,1890.7,1890.71,1890.65,1260.48,15141.47,15141.99,15142.34,10095.41,1890.74,1890.74,1890.78,1260.55,15232.1,15232.86,10184.12,10182.62,1897.3,1897.4,1267.18,1267.12
CN10,8G,8,16,1,1565,7635,19006,58983,454,1341,901.34,6395,14060.54,14060.25,9370.68,14059.11,1755.72,1755.71,1170.15,1755.62,14060.52,9374.93,9374.11,14060.82,1755.71,1170.54,1170.51,1755.68,14145.11,9458.02,14142.62,14141.72,1761.81,1176.64,1761.77,1761.77
CN10,8G,8,16,2,1729,8160,17433,43779,390,1316,906.48,5844,8751.98,8751.84,13123.51,13123.51,1092.55,1092.51,1638.6,1638.62,8751.09,13124.94,13124.71,13124.38,1092.53,1638.64,1638.64,1638.65,8829.37,13201.02,13200.65,13200.01,1098.24,1644.34,1644.33,1644.33
CN10,8G,8,16,3,1549,7570,18482,73925,394,1332,928.87,6760,15142.06,15141.83,15141.98,10095.52,1890.71,1890.72,1890.69,1260.48,15142.73,15143.02,15142.91,10096.98,1890.74,1890.74,1890.72,1260.55,14144.12,14144.17,9458.57,9457.24,1761.79,1761.81,1176.68,1176.63
CN10,8G,8,16,4,1565,8979,20841,283116,1298,859.51,6412,,14061.0,14060.99,9374.5,14059.14,1755.69,1755.72,1170.53,1755.61,14061.4,9374.81,9375.35,14060.78,1755.79,1170.59,1170.53,1755.71,14144.13,9457.97,14142.5,14141.96,1761.81,1176.69,1761.8,1761.81
CN10,8G,8,16,5,1549,7504,16909,50594,474,1286,916.23,6214,9375.94,9375.93,14062.08,14060.22,1170.52,1170.53,1755.7,1755.61,8751.66,13124.77,13125.27,13125.2,1092.58,1638.69,1638.68,1638.71,8820.5,13193.75,13190.6,13193.0,1097.15,1643.37,1643.1,1643.48
CN10,8G,16,1,1,8848,20841,33424,274727,1248,467.81,6491,,15134.79,15134.83,12612.21,12611.08,1889.78,1889.82,1574.75,1574.67,15141.84,12618.95,12619.01,12618.82,1890.7,1575.62,1575.61,1575.61,14623.44,12194.32,12192.05,12193.1,1823.77,1520.4,1520.31,1520.39
CN10,8G,16,1,2,9372,20317,36439,191890,1176,448.96,6400,,13125.74,13126.22,15749.74,13123.94,1638.65,1638.66,1966.33,1638.54,12622.01,15145.0,15144.79,12621.75,1575.71,1890.78,1890.76,1575.67,12665.89,15188.61,12663.75,12664.84,1578.93,1894.04,1578.84,1578.89
CN10,8G,16,1,3,8029,18482,29754,191890,118,1236,460.51,6174,11718.21,11717.6,11717.64,14060.35,1463.06,1463.06,1463.07,1755.65,11718.7,11717.83,11718.24,14060.92,1463.13,1463.12,1463.07,1755.65,11354.05,11354.87,13614.92,13615.69,1415.57,1415.63,1698.05,1698.1
CN10,8G,16,1,4,8586,21365,32637,250610,102,1136,461.19,6242,15747.36,15746.64,13122.4,13122.44,1966.32,1966.27,1638.58,1638.6,15747.35,13123.02,13123.72,13123.8,1966.34,1638.67,1638.68,1638.64,15786.2,13163.3,13161.67,13162.45,1968.79,1641.22,1641.18,1641.3
CN10,8G,16,1,5,9241,19006,34866,270533,146,1146,427.98,5964,12612.68,12618.93,15136.87,12618.05,1574.81,1575.61,1890.02,1575.57,12618.97,15142.15,15142.55,12619.4,1575.63,1890.7,1890.69,1575.61,12195.7,14624.17,12192.52,12193.98,1520.48,1823.88,1520.31,1520.45
CN10,8G,16,4,1,8455,20579,31589,425722,1206,459.15,6250,,12151.88,12150.84,12152.47,14580.91,1517.25,1517.2,1517.27,1820.66,12152.5,12152.67,12152.73,14582.39,1517.32,1517.33,1517.32,1820.72,12195.38,12195.29,14623.46,14624.51,1520.46,1520.44,1823.81,1823.9
CN10,8G,16,4,2,9241,20317,36963,227541,1158,452.30,6688,,15747.44,15746.8,13123.4,13122.4,1966.32,1966.28,1638.67,1638.6,15747.23,13124.21,13123.88,13123.88,1966.33,1638.7,1638.68,1638.7,15794.7,13170.37,13167.91,13168.8,1969.8,1642.11,1642.0,1642.06
CN10,8G,16,4,3,8356,21103,30016,233833,104,1102,464.80,6257,13126.41,13125.57,15750.29,13125.05,1638.66,1638.65,1966.35,1638.61,13125.88,15750.27,15749.85,13126.37,1638.67,1966.35,1966.34,1638.65,13164.92,15788.54,13162.41,13164.24,1641.13,1968.86,1641.07,1641.28
CN10,8G,16,4,4,8455,20579,31589,308282,1146,452.69,6157,,12619.44,12619.33,12620.33,15141.83,1575.61,1575.66,1575.69,1890.69,12151.53,12152.37,12152.17,14581.83,1517.23,1517.28,1517.27,1820.67,12195.48,12193.84,14622.23,14624.2,1520.43,1520.41,1823.73,1823.89
CN10,8G,16,4,5,8291,21365,33424,325059,1168,479.80,6327,,14581.07,14581.62,12152.51,12152.44,1820.72,1820.71,1517.31,1517.33,14582.17,12152.19,12152.32,12152.44,1820.73,1517.31,1517.3,1517.32,14625.37,12195.33,12194.46,12193.77,1823.89,1520.48,1520.48,1520.43
CN10,8G,16,16,1,8160,20579,34866,283116,1246,449.67,5798,,12151.67,12151.96,14581.48,12151.74,1517.31,1517.31,1820.73,1517.31,12152.59,14581.8,14581.67,12151.3,1517.29,1820.69,1820.68,1517.24,11759.51,14101.82,11757.49,11757.93,1466.14,1758.71,1466.07,1466.15
CN10,8G,16,16,2,8094,21365,32637,278922,1102,494.44,6129,,12619.51,12618.9,12619.67,15142.55,1575.62,1575.61,1575.63,1890.71,12152.11,12152.25,12152.83,14581.64,1517.33,1517.34,1517.33,1820.73,12196.02,12195.83,14623.81,14624.08,1520.48,1520.5,1823.84,1823.89
CN10,8G,16,16,3,8455,20841,35914,270533,1088,467.51,6219,,15747.34,15747.34,13123.59,13124.19,1966.33,1966.36,1638.69,1638.72,15747.57,13124.0,13123.58,13123.3,1966.35,1638.71,1638.68,1638.64,15187.57,12663.6,12661.58,12661.86,1894.04,1578.95,1578.85,1578.91
CN10,8G,16,16,4,8979,20579,33817,254804,148,1028,458.88,6762,13126.48,13125.52,15749.88,13127.08,1638.72,1638.65,1966.35,1638.72,13127.35,15750.25,15750.84,13127.0,1638.75,1966.36,1966.41,1638.71,13174.12,15795.99,13170.25,13171.23,1642.15,1969.77,1642.01,1642.1
CN10,8G,16,16,5,9634,20317,36439,240124,1168,437.84,5784,,12152.3,12152.08,12152.3,14582.01,1517.27,1517.27,1517.28,1820.7,12152.55,12152.62,12151.9,14580.93,1517.33,1517.33,1517.27,1820.66,12196.05,12195.48,14624.06,14624.33,1520.49,1520.45,1823.88,1823.9
CN10,16G,1,1,1,873,1020,1254,23200,1163,1380,1337.17,1403,8749.96,8749.63,3.03,3.43,1092.6,1092.57,0.32,0.36,8750.01,2.2,3.3,2.36,1092.65,0.24,0.31,0.24,8276.72,75.77,72.99,72.82,1029.69,5.64,5.54,5.56
CN10,16G,1,1,2,848,1057,1303,24773,1110,1558,1425.45,1500,1.84,1.84,8750.37,0.97,0.17,0.18,1092.48,0.15,1.77,8201.81,8201.97,0.9,0.19,1024.2,1024.19,0.13,75.03,8274.64,72.23,71.7,5.5,1029.53,5.45,5.46
CN10,16G,1,1,3,865,1029,1303,22414,1242,1402,1338.92,1404,0.84,0.84,1.77,8748.63,0.13,0.15,0.18,1092.48,0.89,1.8,1.71,8749.36,0.17,0.19,0.17,1092.43,74.1,74.33,8272.73,8274.07,5.47,5.51,1029.48,1029.52
CN10,16G,1,1,4,824,930,1237,25035,1362,1508,1460.36,1531,8748.04,8748.84,1.11,0.84,1092.43,1092.48,0.15,0.15,8201.96,0.81,1.04,0.79,1024.22,0.14,0.13,0.13,8276.59,73.58,72.24,71.64,1029.53,5.48,5.45,5.46
CN10,16G,1,1,5,898,1074,1352,22414,1180,1342,1301.68,1365,1.67,1.67,8202.04,0.91,0.16,0.17,1024.2,0.14,1.71,8201.94,8201.91,0.79,0.19,1024.2,1024.18,0.13,74.97,8274.51,72.36,71.57,5.5,1029.53,5.45,5.46
CN10,16G,1,4,1,889,1090,1352,22676,1120,1376,1320.17,1387,0.85,1.11,0.85,8748.77,0.13,0.15,0.15,1092.48,1.09,1.7,1.67,8203.22,0.16,0.18,0.16,1024.18,74.1,73.46,8272.73,8272.82,5.47,5.48,1029.48,1029.52
CN10,16G,1,4,2,889,988,1172,29492,1252,1432,1357.58,1424,8748.65,8748.64,0.85,1.78,1092.47,1092.48,0.15,0.19,8748.69,0.88,0.85,0.85,1092.5,0.15,0.13,0.13,8828.23,78.62,77.05,77.28,1098.16,5.84,5.82,5.86
CN10,16G,1,4,3,898,1037,1319,21890,1160,1338,1299.52,1363,1.61,1.61,8201.86,0.79,0.16,0.17,1024.2,0.14,0.84,8201.82,8201.85,0.92,0.16,1024.2,1024.18,0.13,74.1,8275.83,72.23,71.88,5.47,1029.53,5.45,5.47
CN10,16G,1,4,4,881,1074,1303,23200,1178,1396,1343.33,1409,0.85,0.98,0.85,8748.51,0.14,0.15,0.15,1092.46,1.03,1.75,0.85,8749.65,0.17,0.19,0.14,1092.43,74.35,73.46,8272.73,8273.07,5.47,5.48,1029.48,1029.52
CN10,16G,1,4,5,873,1074,1303,24249,1248,1496,1403.57,1473,8201.8,8202.05,0.93,1.61,1024.19,1024.2,0.14,0.17,8202.03,0.83,0.99,1.67,1024.22,0.14,0.13,0.16,8275.22,73.45,72.24,72.39,1029.53,5.48,5.45,5.5
CN10,16G,1,16,1,807,955,1205,24511,1270,1486,1426.00,1497,1.79,1.86,8748.79,1.05,0.17,0.19,1092.48,0.15,1.73,8194.9,8194.41,0.92,0.19,1023.34,1023.23,0.13,74.97,8276.01,72.23,71.82,5.5,1029.53,5.45,5.47
CN10,16G,1,16,2,857,955,1221,23462,1190,1400,1354.12,1420,0.99,0.86,0.86,8748.25,0.14,0.15,0.15,1092.45,0.91,1.82,1.79,8748.19,0.17,0.19,0.17,1092.43,79.04,79.29,8816.3,8816.92,5.84,5.88,1097.09,1097.24
CN10,16G,1,16,3,824,979,1221,24511,1204,1480,1433.32,1505,8748.59,8748.72,0.99,1.79,1092.47,1092.48,0.15,0.19,8201.91,0.83,0.93,0.81,1024.22,0.14,0.13,0.13,8276.47,73.58,73.11,71.57,1029.53,5.48,5.49,5.46
CN10,16G,1,16,4,865,971,1188,25560,1254,1572,1374.04,1441,0.87,1.73,8741.89,0.99,0.14,0.19,1091.59,0.15,1.78,8748.69,8748.66,0.86,0.21,1092.49,1092.46,0.14,79.9,8827.62,77.05,76.34,5.87,1098.17,5.82,5.83
CN10,16G,1,16,5,873,1037,1270,22938,1250,1552,1369.70,1436,0.87,1.0,1.73,8740.35,0.14,0.15,0.19,1091.47,1.11,1.76,0.87,8748.19,0.17,0.19,0.14,1092.44,79.04,79.15,8824.78,8824.21,5.84,5.88,1098.15,1098.16
CN10,16G,2,1,1,955,1045,1237,21890,1108,1290,1257.85,2636,8201.63,8201.93,8202.0,0.81,1024.17,1024.2,1024.2,0.14,8201.92,8201.97,8202.06,0.81,1024.22,1024.2,1024.18,0.13,8276.59,8276.02,73.05,72.39,1029.53,1029.54,5.49,5.5
CN10,16G,2,1,2,906,996,1123,22414,1190,1352,1293.57,2684,8201.76,8202.44,2.07,8202.69,1024.18,1024.25,0.21,1024.17,8202.68,2.1,2.07,8203.06,1024.25,0.21,0.2,1024.16,8275.72,74.71,8273.17,8272.76,1029.59,5.55,1029.51,1029.52
CN10,16G,2,1,3,873,963,1172,22676,1060,1452,1337.98,2697,1.95,1.95,7719.65,7718.89,0.19,0.2,963.95,963.93,1.94,7719.5,7719.42,7719.65,0.22,963.96,963.94,963.98,70.86,7787.61,7786.64,7786.66,5.19,968.98,968.96,969.0
CN10,16G,2,1,4,881,971,1237,22414,1166,1406,1326.02,2725,7721.07,7720.66,7720.78,0.78,963.95,963.96,963.97,0.14,7721.23,7721.1,7721.31,1.95,963.99,963.97,964.01,0.19,7789.98,7787.96,67.99,68.02,968.97,968.98,5.13,5.18
CN10,16G,2,1,5,857,938,1188,22676,1210,1472,1364.37,2749,8202.4,8203.7,2.08,8202.51,1024.16,1024.25,0.21,1024.17,7720.53,1.99,1.9,7720.78,963.98,0.2,0.19,963.95,7789.22,70.32,7786.17,7787.6,969.04,5.22,968.93,968.97
CN10,16G,2,4,1,938,1029,1188,21627,1178,1324,1263.59,2595,2.09,2.09,8203.27,8202.4,0.2,0.21,1024.2,1024.17,2.01,8202.99,8202.96,8203.4,0.23,1024.2,1024.18,1024.21,70.98,7787.91,7788.23,7787.9,5.22,968.97,968.99,969.02
CN10,16G,2,4,2,938,1020,1172,21365,1168,1302,1255.96,2619,8201.84,8201.96,8202.15,2.03,1024.19,1024.19,1024.2,0.21,8201.95,8202.06,8202.4,1.84,1024.22,1024.21,1024.22,0.17,7789.98,7787.97,68.82,68.26,968.98,968.99,5.17,5.18
CN10,16G,2,4,3,922,1020,1172,21890,1196,1320,1275.94,2654,8195.24,8195.62,1.72,8195.43,1023.37,1023.41,0.18,1023.38,8199.41,1.56,2.1,8202.96,1023.84,0.17,0.2,1024.16,8275.05,73.47,8272.81,8272.4,1029.53,5.48,1029.49,1029.5
CN10,16G,2,4,4,922,1012,1156,22676,1204,1352,1300.49,2705,0.92,0.85,8201.85,8201.72,0.13,0.15,1024.2,1024.19,1.65,8201.87,8201.91,8202.41,0.18,1024.2,1024.19,1024.22,74.93,8274.16,8273.56,8273.09,5.51,1029.52,1029.53,1029.55
CN10,16G,2,4,5,938,1045,1221,24511,1063,1460,1290.27,2546,8201.85,8201.6,8202.48,2.04,1024.19,1024.18,1024.26,0.22,7713.4,7714.08,7714.32,1.98,963.21,963.27,963.26,0.19,7789.87,7787.92,69.12,68.56,968.96,968.97,5.2,5.21
CN10,16G,2,16,1,857,947,1188,22938,1102,1516,1380.15,2751,8201.92,8202.11,1.55,8202.04,1024.19,1024.21,0.16,1024.2,7719.67,1.48,1.46,7719.1,963.98,0.15,0.14,963.92,7788.76,70.04,7786.89,7785.91,968.98,5.19,968.96,968.95
CN10,16G,2,16,2,873,963,1188,22414,1168,1496,1357.32,2673,1.46,0.81,7720.93,7719.52,0.16,0.14,963.96,963.96,0.86,7719.54,7719.51,7719.69,0.16,963.97,963.95,963.96,70.58,7788.15,7786.71,7786.33,5.19,968.98,968.96,968.99
CN10,16G,2,16,3,922,1020,1205,21890,1218,1360,1290.65,2679,7719.46,7720.75,7720.11,1.93,963.94,963.96,964.02,0.2,7719.62,7719.61,7720.29,1.99,963.98,963.97,964.01,0.19,7788.7,7788.98,69.13,68.56,968.98,968.98,5.2,5.21
CN10,16G,2,16,4,857,947,1172,25297,1198,1508,1371.96,2735,8201.93,8202.68,2.19,8202.12,1024.19,1024.27,0.22,1024.2,7719.57,1.97,2.06,7719.29,963.98,0.21,0.19,963.92,7788.88,70.28,7786.72,7786.09,969.02,5.22,968.96,968.97
CN10,16G,2,16,5,955,1045,1188,22414,1162,1348,1282.86,2644,2.13,2.31,8203.5,8201.87,0.21,0.22,1024.2,1024.2,1.3,8201.96,8202.37,8201.81,0.2,1024.21,1024.19,1024.2,75.44,8274.61,8273.26,8273.41,5.55,1029.54,1029.51,1029.59
CN10,16G,4,1,1,963,1139,5407,29754,978,1368,1214.10,5041,15439.12,15439.18,7721.24,7721.47,1927.73,1927.76,964.02,964.02,15438.87,7720.68,7720.94,7720.18,1927.76,963.97,963.96,963.93,15506.47,7788.05,7788.25,7787.69,1932.75,968.98,968.97,969.0
CN10,16G,4,1,2,914,1029,1205,35914,1120,1378,1268.47,5186,7720.37,7720.37,15438.78,7720.19,964.02,964.03,1927.81,964.0,7719.18,15437.92,15438.6,7719.07,963.95,1927.75,1927.78,963.92,7356.29,14645.71,7354.35,7353.71,915.18,1825.45,915.14,915.14
CN10,16G,4,1,3,963,1106,3130,24511,948,1360,1215.80,5016,6907.86,6907.86,6907.6,13813.7,862.52,862.53,862.55,1724.89,6907.64,6906.57,6907.6,13813.44,862.55,862.48,862.54,1724.88,6969.06,6969.21,13872.65,13873.62,867.0,867.05,1729.29,1729.38
CN10,16G,4,1,4,922,1020,1172,26084,1070,1346,1242.91,5075,15438.85,15438.97,7719.15,7720.97,1927.8,1927.82,963.94,964.04,14580.84,7290.27,7291.64,7291.08,1820.73,910.4,910.44,910.44,14645.68,7355.73,7353.81,7354.44,1825.43,915.18,915.11,915.2
CN10,16G,4,1,5,914,1004,1172,36439,1104,1352,1255.90,5159,7291.65,7291.65,14581.7,7291.14,910.46,910.47,1820.69,910.45,7291.02,14581.0,14582.31,7290.42,910.47,1820.65,1820.7,910.38,7356.69,14646.34,7354.59,7354.0,915.21,1825.43,915.16,915.17
CN10,16G,4,4,1,1012,1434,8160,26870,906,1386,1181.55,4543,7292.77,7292.6,7291.88,14582.82,910.44,910.45,910.48,1820.74,7291.31,7290.29,7291.6,14580.93,910.41,910.4,910.46,1820.63,6970.66,6969.17,13873.14,13873.43,867.02,867.05,1729.32,1729.38
CN10,16G,4,4,2,930,1057,1254,27919,1104,1356,1241.60,5033,15442.88,15442.58,7720.29,7720.35,1927.81,1927.81,964.0,964.02,15442.68,7719.9,7719.88,7719.05,1927.83,964.0,963.98,963.93,15511.92,7788.55,7786.35,7786.96,1932.83,969.02,968.94,969.03
CN10,16G,4,4,3,938,1045,1221,34866,1054,1376,1244.02,5164,7720.36,7720.53,15442.88,7724.59,964.02,964.03,1927.83,964.02,7719.93,15442.85,15443.12,7723.18,964.03,1927.82,1927.83,963.95,7356.65,14645.8,7357.61,7358.3,915.21,1825.47,915.12,915.19
CN10,16G,4,4,4,1012,1188,3949,27132,850,1300,1187.11,4849,7720.13,7720.19,7720.48,15438.89,963.99,964.0,964.04,1927.82,7719.06,7719.04,7720.31,15438.65,963.96,963.94,964.01,1927.81,7356.32,7357.09,14644.45,14643.91,915.18,915.22,1825.44,1825.44
CN10,16G,4,4,5,938,1074,3982,32637,994,1342,1226.63,5028,15438.61,15438.9,7720.14,7720.49,1927.81,1927.82,964.01,964.04,15437.47,7719.05,7720.02,7720.02,1927.75,963.95,963.98,963.99,15507.64,7788.57,7787.36,7787.04,1932.83,969.02,969.01,969.04
CN10,16G,4,16,1,1012,1205,1893,31327,856,1374,1229.05,4880,7721.68,7721.56,15439.67,7721.2,964.02,964.03,1927.8,964.0,7720.37,15438.82,15439.97,7720.38,963.97,1927.75,1927.81,963.94,7358.28,14646.43,7354.9,7355.7,915.22,1825.48,915.12,915.19
CN10,16G,4,16,2,1012,1336,7767,29754,914,1358,1194.67,4622,7291.26,7291.37,7291.48,14581.03,910.44,910.45,910.48,1820.72,7290.41,7290.34,7291.15,14580.03,910.42,910.4,910.45,1820.64,7356.34,7356.27,14643.3,14643.76,915.18,915.28,1825.37,1825.44
CN10,16G,4,16,3,922,1012,1205,37487,1130,1364,1238.99,5017,14581.26,14581.15,7291.38,7291.88,1820.71,1820.72,910.45,910.49,14580.86,7291.18,7290.99,7290.32,1820.72,910.44,910.42,910.39,14646.23,7356.16,7354.69,7354.27,1825.46,915.2,915.19,915.21
CN10,16G,4,16,4,906,996,1172,39060,1116,1426,1279.83,5223,7720.59,7719.94,15438.58,7719.82,964.03,963.98,1927.81,963.98,7719.86,15427.85,15428.9,7720.11,964.04,1926.52,1926.58,964.0,7357.07,14645.39,7353.81,7353.72,915.22,1825.43,915.12,915.15
CN10,16G,4,16,5,922,1004,1172,36963,1098,1382,1255.97,5056,6907.58,6907.48,6907.79,13813.79,862.53,862.54,862.56,1724.9,6906.73,6906.76,6907.79,13813.16,862.5,862.49,862.55,1724.85,6969.23,6969.91,13872.72,13873.37,867.02,867.05,1729.3,1729.38
CN10,16G,8,1,1,1614,7767,18220,166724,1316,850.60,5702,,14581.9,14581.93,14581.97,9722.41,1820.67,1820.68,1820.68,1213.86,14581.51,14581.54,14582.04,9721.08,1820.68,1820.68,1820.67,1213.77,14103.02,14102.69,9415.64,9414.19,1758.7,1758.7,1173.53,1173.46
CN10,16G,8,1,2,1549,8586,21890,244319,1298,844.08,6315,,15143.17,15143.09,10095.64,15143.13,1890.74,1890.75,1260.56,1890.73,15142.7,10095.34,10096.1,15142.05,1890.77,1260.58,1260.61,1890.75,14625.99,9765.72,14622.48,14623.35,1823.94,1217.09,1823.8,1823.85
CN10,16G,8,1,3,1434,7898,19268,221250,1362,899.90,6107,,10090.77,10090.5,15136.54,15136.72,1259.92,1259.87,1889.92,1889.99,9721.39,14581.78,14582.51,14580.43,1213.82,1820.71,1820.7,1820.61,9766.11,14624.77,14623.45,14623.88,1217.09,1823.91,1823.86,1823.93
CN10,16G,8,1,4,1598,8979,19268,210764,270,1332,846.20,6439,15748.08,15748.04,15747.6,10499.68,1966.35,1966.36,1966.36,1310.99,15141.64,15141.44,15142.27,10095.23,1890.71,1890.71,1890.74,1260.54,15187.35,15187.65,10139.4,10138.92,1894.01,1894.03,1263.85,1263.83
CN10,16G,8,1,5,1516,8455,19792,278922,1414,875.56,5814,,14582.49,14582.23,9722.2,14582.45,1820.72,1820.73,1213.88,1820.71,14581.22,9721.1,9722.49,14582.38,1820.68,1213.78,1213.87,1820.74,14625.79,9765.08,14622.77,14623.85,1823.88,1217.04,1823.76,1823.84
CN10,16G,8,4,1,1647,9634,22938,185598,1386,832.13,5940,,9375.6,9375.52,14060.81,14061.38,1170.58,1170.59,1755.69,1755.76,9374.12,14060.36,14060.34,14061.63,1170.53,1755.68,1755.64,1755.75,9092.44,13616.81,13615.27,13615.74,1133.15,1698.13,1698.1,1698.16
CN10,16G,8,4,2,2671,9896,20317,191890,1338,780.87,5932,,15142.11,15142.19,15142.46,10095.69,1890.72,1890.73,1890.75,1260.57,15141.22,15140.63,15142.34,10095.61,1890.69,1890.64,1890.74,1260.56,14625.18,14625.21,9764.08,9763.73,1823.87,1823.89,1217.03,1217.03
CN10,16G,8,4,3,2147,9110,19006,160433,308,1340,815.00,6023,14578.32,14579.34,9723.3,14575.61,1819.98,1820.17,1213.94,1819.92,14582.18,9722.99,9723.01,14582.6,1820.63,1213.95,1213.93,1820.75,14628.45,9765.55,14623.35,14624.33,1823.96,1217.1,1823.81,1823.86
CN10,16G,8,4,4,1696,10028,20841,283116,1386,809.76,6022,,10096.6,10096.48,15145.09,15145.09,1260.56,1260.57,1890.75,1890.77,10096.24,15143.96,15145.05,15144.98,1260.58,1890.7,1890.74,1890.76,10141.75,15187.27,15186.64,15186.27,1263.85,1894.03,1894.09,1894.09
CN10,16G,8,4,5,1893,10421,22152,320865,1320,772.37,6054,,15135.13,15135.34,15135.49,10096.83,1889.87,1889.84,1889.89,1260.63,15141.33,15143.08,15143.1,10096.45,1890.69,1890.76,1890.75,1260.56,15187.25,15187.09,10139.57,10140.28,1894.01,1894.03,1263.81,1263.9
CN10,16G,8,16,1,1942,10421,21365,170918,1318,806.43,6015,,14583.19,14582.26,9722.41,14582.33,1820.79,1820.74,1213.94,1820.76,14581.14,9720.8,9722.19,14581.66,1820.7,1213.77,1213.88,1820.75,14625.55,9765.21,14622.34,14623.61,1823.89,1217.05,1823.77,1823.86
CN10,16G,8,16,2,1729,9503,20055,139461,1343,819.83,5748,,9722.27,9721.57,14582.45,14581.64,1213.88,1213.88,1820.72,1820.68,9722.08,14582.8,14582.23,14583.08,1213.9,1820.76,1820.71,1820.78,9765.71,14624.81,14624.35,14624.66,1217.04,1823.88,1823.88,1823.94
CN10,16G,8,16,3,1811,8848,20317,130548,362,1302,823.71,6098,15142.33,15142.25,15142.79,10095.87,1890.73,1890.74,1890.77,1260.58,14574.77,14575.61,14575.1,9722.5,1819.94,1819.96,1819.88,1213.94,14624.64,14625.04,9764.36,9764.37,1823.87,1823.95,1217.09,1217.1
CN10,16G,8,16,4,1434,8586,19792,242222,1340,879.51,5914,,15143.3,15143.76,10095.88,15141.92,1890.75,1890.82,1260.58,1890.76,15141.87,10096.44,10096.07,15142.3,1890.73,1260.64,1260.57,1890.73,14626.65,9765.09,14623.32,14622.34,1823.96,1217.05,1823.83,1823.8
CN10,16G,8,16,5,1582,8979,20841,231736,1348,847.87,6110,,10095.89,10095.51,15143.47,15142.85,1260.57,1260.56,1890.74,1890.75,9721.4,14581.54,14582.89,14583.15,1213.88,1820.67,1820.75,1820.78,9765.22,14624.65,14623.82,14624.39,1217.04,1823.88,1823.88,1823.95
CN10,16G,16,1,1,9110,20579,46924,337642,1326,432.73,5957,,13391.76,13391.56,16069.93,16069.42,1672.06,1672.05,2006.48,2006.48,13386.86,13387.66,16066.38,13389.25,1671.58,1671.65,2006.05,1671.77,13147.06,13146.86,15770.85,13146.31,1640.33,1640.34,1968.01,1640.32
CN10,16G,16,1,2,10683,21365,39060,212861,1296,368.62,4163,,5625.04,14997.51,11248.4,1876.03,702.34,1872.67,1404.53,234.21,11248.22,3750.41,9373.94,16870.46,1404.53,468.27,1170.46,2106.44,16651.94,9258.1,12953.49,5561.75,2078.31,1155.17,1616.67,693.65
CN10,16G,16,1,3,9634,21627,43779,316670,1112,448.18,5792,,15440.4,12868.13,12868.27,12865.91,1927.79,1606.6,1606.58,1606.46,15140.03,12615.36,12617.48,15140.33,1890.42,1575.24,1575.28,1890.46,12642.64,12642.28,12640.61,15164.53,1577.38,1577.31,1577.27,1892.31
CN10,16G,16,1,4,9372,20841,42206,467665,1090,426.76,5971,,13123.98,15747.73,13124.18,13124.85,1638.64,1966.34,1638.69,1638.69,13122.78,15748.38,13123.78,13123.45,1638.62,1966.33,1638.63,1638.64,15770.93,15770.54,13145.54,13145.96,1968.03,1968.02,1640.32,1640.33
CN10,16G,16,1,5,8848,21627,38536,208667,1189,467.11,6707,,13391.89,13392.45,16069.38,16069.78,1672.13,1672.16,2006.46,2006.51,13123.51,13123.74,15748.37,13124.54,1638.68,1638.7,1966.38,1638.69,13147.13,13147.31,15769.69,13145.91,1640.41,1640.36,1968.0,1640.34
CN10,16G,16,4,1,9241,21890,36963,316670,1166,471.50,6788,,14856.75,12381.86,12381.67,12381.07,1855.04,1545.94,1545.96,1545.9,14856.15,12381.67,12381.59,14856.29,1855.06,1545.93,1545.95,1855.04,12403.17,12402.98,12401.87,14877.88,1547.52,1547.54,1547.53,1856.65
CN10,16G,16,4,2,8717,20841,45351,337642,1159,451.03,5610,,15215.53,7608.3,7608.43,9510.14,1899.83,949.96,949.96,1187.42,7499.54,13123.0,16872.94,9374.4,936.4,1638.6,2106.79,1170.5,9391.05,15014.45,3766.81,5640.96,1171.68,1873.93,469.49,703.53
CN10,16G,16,4,3,10159,21890,42730,291505,1122,440.55,6149,,13392.74,16069.58,13391.68,13391.98,1672.2,2006.51,1672.11,1672.14,13391.19,16069.87,13393.06,13392.85,1672.08,2006.5,1672.13,1672.09,16087.44,16093.74,13413.46,13415.03,2008.27,2008.32,1673.76,1673.83
CN10,16G,16,4,4,8979,21365,36439,214959,1190,457.14,6175,,13671.52,13672.15,16405.44,16403.93,1706.97,1707.0,2048.29,2048.28,13393.26,13393.05,16069.8,13392.46,1672.15,1672.11,2006.52,1672.14,13416.33,13415.14,16092.39,13414.78,1673.9,1673.84,2008.17,1673.87
CN10,16G,16,4,5,9110,20841,41681,325059,1219,405.85,4695,,13123.64,7499.82,7499.76,7500.8,1638.64,936.43,936.44,936.44,14998.3,9374.61,9374.61,5625.38,1872.73,1170.5,1170.51,702.34,11266.01,9390.98,16887.74,7516.29,1405.79,1171.72,2107.96,937.61
CN10,16G,16,16,1,9503,21103,44827,346031,1248,393.84,4416,,5706.87,17116.72,11411.9,13313.56,712.56,2137.3,1424.91,1662.38,7500.01,16872.88,7499.56,7499.23,936.47,2106.8,936.42,936.37,7516.43,11265.74,3766.61,11264.87,937.66,1405.79,469.48,1405.74
CN10,16G,16,16,2,9372,21103,39584,274727,1168,400.06,5512,,14856.8,12381.47,12381.6,12381.57,1855.05,1546.02,1545.96,1545.98,14582.19,12152.8,12151.85,14581.83,1820.73,1517.39,1517.28,1820.69,12173.4,12173.6,12172.14,14602.25,1518.87,1518.91,1518.8,1822.27
CN10,16G,16,16,3,8717,21103,43254,308282,1084,430.84,5977,,13123.35,15744.71,13122.52,13122.9,1638.59,1965.93,1638.52,1638.52,13123.9,15749.18,13123.85,13124.14,1638.67,1966.41,1638.65,1638.66,15462.59,15462.41,12889.0,12888.63,1929.47,1929.51,1608.23,1608.19
CN10,16G,16,16,4,10945,21627,39584,274727,1244,375.32,4512,,8201.79,8202.81,14353.79,10252.91,1024.13,1024.19,1792.23,1280.17,10253.49,6152.96,12303.42,14353.93,1280.24,768.22,1536.21,1792.26,16423.29,6170.54,14370.76,10271.24,2049.63,769.5,1793.55,1281.56
CN10,16G,16,16,5,11863,22152,39584,242222,1300,328.97,4214,,9510.99,17117.79,3804.73,9509.74,1187.45,2137.32,475.05,1187.43,7609.18,13314.14,5707.82,5707.89,949.97,1662.35,712.55,712.57,15230.36,9524.82,11426.07,13327.05,1900.81,1188.33,1425.8,1663.28
CN10,32G,1,1,1,881,955,1156,22414,1254,1558,1353.46,1419,3.06,4.31,9724.13,9722.27,0.34,0.51,1213.94,1214.02,2.95,2.61,9721.7,2.92,0.32,0.29,1213.89,0.26,45.68,43.61,9415.2,43.91,3.49,3.29,1173.65,3.44
CN10,32G,1,1,2,799,914,1221,24511,1144,1494,1439.93,1511,9721.43,1.24,1.25,1.91,1213.85,0.16,0.16,0.2,9721.83,1.24,1.89,9721.59,1213.88,0.16,0.19,1213.86,44.56,44.07,44.07,9763.39,3.31,3.31,3.34,1217.01
CN10,32G,1,1,3,865,947,1188,22676,1200,1386,1333.92,1399,1.68,9370.56,1.21,1.16,0.18,1170.02,0.15,0.15,1.7,9373.66,1.22,1.07,0.2,1170.51,0.15,0.14,9415.28,9415.03,41.82,42.06,1173.55,1173.54,3.18,3.22
CN10,32G,1,1,4,873,988,1303,22676,1134,1538,1354.42,1420,1.07,1.77,9720.84,9721.32,0.15,0.2,1213.86,1213.86,1.1,1.77,9720.78,1.15,0.17,0.2,1213.85,0.15,42.83,43.04,9414.96,41.35,3.19,3.23,1173.52,3.18
CN10,32G,1,1,5,824,938,1221,25035,1200,1546,1468.91,1539,9720.63,1.17,1.19,1.81,1213.85,0.16,0.16,0.2,9374.49,1.13,1.76,9373.68,1170.52,0.16,0.18,1170.51,42.9,42.57,41.82,9413.04,3.19,3.19,3.18,1173.07
CN10,32G,1,4,1,816,930,1188,23987,1272,1628,1454.98,1526,1.89,9720.95,1.22,1.22,0.19,1213.87,0.16,0.16,1.82,9374.56,1.19,1.15,0.2,1170.52,0.15,0.15,9415.22,9415.11,41.89,42.06,1173.54,1173.55,3.18,3.22
CN10,32G,1,4,2,799,873,1156,24511,1330,1510,1463.91,1535,1.3,1.92,9721.48,9723.73,0.15,0.2,1213.86,1213.88,1.28,1.92,9373.8,1.15,0.17,0.19,1170.51,0.15,42.9,43.22,9410.47,41.42,3.19,3.23,1172.98,3.19
CN10,32G,1,4,3,873,1004,1287,23200,1144,1456,1363.42,1430,9720.67,1.29,1.08,2.07,1213.85,0.16,0.16,0.24,9720.81,1.25,1.76,9720.9,1213.87,0.16,0.19,1213.86,44.49,44.08,43.96,9762.91,3.31,3.31,3.34,1217.03
CN10,32G,1,4,4,857,922,1090,23462,1304,1598,1383.00,1451,1.83,9721.63,1.16,1.15,0.19,1213.87,0.16,0.16,1.89,9717.73,1.17,1.2,0.21,1213.38,0.15,0.15,9764.19,9764.41,43.44,43.59,1217.02,1217.01,3.3,3.34
CN10,32G,1,4,5,816,930,1254,23462,1223,1594,1450.38,1521,1.23,1.93,9720.82,9720.85,0.15,0.2,1213.86,1213.86,1.26,2.3,9720.76,1.16,0.17,0.24,1213.85,0.15,44.6,44.86,9763.4,42.95,3.31,3.35,1216.97,3.3
CN10,32G,1,16,1,848,938,1188,23462,1168,1532,1387.04,1455,9369.81,1.22,1.05,1.65,1170.03,0.16,0.15,0.19,9373.72,1.22,1.7,9373.8,1170.52,0.16,0.19,1170.51,42.97,42.51,42.47,9414.19,3.19,3.19,3.22,1173.56
CN10,32G,1,16,2,857,955,1188,23200,1188,1556,1394.61,1463,1.83,10095.43,1.13,1.12,0.2,1260.55,0.17,0.17,1.79,9720.85,1.1,1.13,0.21,1213.87,0.15,0.15,9764.04,9764.45,43.37,43.63,1217.02,1217.01,3.3,3.34
CN10,32G,1,16,3,873,963,1188,23200,1176,1582,1396.07,1467,1.29,2.01,10094.63,10094.82,0.16,0.21,1260.55,1260.55,1.27,1.94,9721.81,1.17,0.17,0.2,1213.86,0.15,44.6,44.82,9763.74,42.96,3.31,3.35,1217.0,3.3
CN10,32G,1,16,4,816,930,1188,23987,1168,1578,1493.51,1568,9720.72,1.27,1.28,1.98,1213.85,0.17,0.16,0.2,9720.98,1.27,1.89,9720.8,1213.88,0.16,0.19,1213.86,42.97,42.61,41.82,9413.99,3.2,3.19,3.18,1173.54
CN10,32G,1,16,5,807,881,1205,25822,1304,1576,1514.93,1589,1.84,9721.79,1.17,1.16,0.19,1213.87,0.16,0.16,1.91,9721.83,1.18,1.18,0.21,1213.87,0.16,0.15,9764.23,9763.67,43.45,43.63,1217.02,1217.01,3.3,3.34
CN10,32G,2,1,1,914,1012,1139,25035,1001,1498,1305.23,2606,8748.82,1.75,8748.72,8748.88,1092.47,0.18,1092.48,1092.48,8466.63,1.76,8467.16,8466.99,1057.25,0.18,1057.23,1057.22,38.85,39.07,8500.28,8499.22,2.89,2.92,1059.53,1059.5
CN10,32G,2,1,2,947,1037,1156,27657,1107,1350,1252.33,2600,1.6,8749.48,8748.73,8749.75,0.17,1092.49,1092.48,1092.51,1.61,8467.4,8466.55,1.58,0.19,1057.24,1057.23,0.17,8504.2,8503.94,8503.68,37.36,1059.99,1059.98,1060.0,2.88
CN10,32G,2,1,3,930,1029,1156,24249,946,1474,1285.46,2574,8749.36,8748.86,2.0,2.0,1092.48,1092.49,0.22,0.22,8749.66,8750.16,2.01,8748.57,1092.49,1092.55,0.21,1092.47,8787.78,8788.15,40.04,8786.4,1095.32,1095.39,3.04,1095.3
CN10,32G,2,1,4,922,1004,1123,27132,1188,1344,1276.30,2674,8467.07,1.97,8466.42,8467.29,1057.29,0.21,1057.24,1057.24,8466.87,2.0,8467.17,8466.33,1057.28,0.21,1057.24,1057.22,39.44,38.99,8503.75,8502.97,2.92,2.92,1059.96,1059.98
CN10,32G,2,1,5,947,1037,1156,25822,1135,1464,1272.78,2604,2.19,9051.14,9050.42,9051.14,0.22,1130.16,1130.16,1130.22,2.14,8748.93,8749.39,2.05,0.23,1092.49,1092.48,0.21,8787.38,8787.52,8787.45,39.71,1095.3,1095.32,1095.38,3.05
CN10,32G,2,4,1,971,1074,1172,23987,1088,1465,1255.33,2580,8748.81,8748.81,2.12,2.11,1092.48,1092.49,0.22,0.22,8749.64,8750.3,2.09,8748.52,1092.5,1092.56,0.21,1092.47,8787.96,8788.12,39.92,8786.38,1095.35,1095.38,3.04,1095.31
CN10,32G,2,4,2,914,996,1123,23200,961,1486,1291.29,2612,8749.39,1.98,8748.78,8748.91,1092.54,0.22,1092.48,1092.49,8467.66,1.88,8466.51,8466.6,1057.29,0.22,1057.23,1057.24,39.22,38.9,8504.02,8502.98,2.92,2.92,1059.97,1059.98
CN10,32G,2,4,3,955,1037,1139,26346,1058,1334,1246.75,2578,1.9,8201.98,8202.8,8202.86,0.2,1024.21,1024.21,1024.27,1.89,8202.1,8202.81,1.84,0.22,1024.21,1024.22,0.2,8238.62,8238.12,8238.27,37.14,1026.87,1026.85,1026.91,2.86
CN10,32G,2,4,4,914,1004,1123,24773,872,1472,1295.36,2593,8748.93,8748.62,1.66,1.72,1092.48,1092.48,0.19,0.18,8749.55,8749.22,1.14,8748.8,1092.5,1092.52,0.14,1092.48,8787.8,8788.83,39.69,8786.35,1095.32,1095.36,3.01,1095.31
CN10,32G,2,4,5,938,1020,1139,24511,1154,1340,1260.57,2623,8749.4,2.13,8749.33,8749.62,1092.54,0.23,1092.49,1092.49,8749.43,2.16,8749.27,8748.77,1092.56,0.22,1092.46,1092.48,39.46,39.42,8504.02,8499.81,2.92,2.96,1059.98,1059.59
CN10,32G,2,16,1,947,1029,1139,27132,1142,1336,1247.96,2598,2.14,8748.66,8748.77,8749.4,0.22,1092.49,1092.49,1092.56,2.07,8466.7,8466.53,2.01,0.23,1057.25,1057.23,0.21,8504.1,8504.29,8504.48,38.35,1059.99,1059.99,1060.04,2.95
CN10,32G,2,16,2,996,1090,1205,23462,1022,1466,1229.08,2524,8748.91,8748.73,1.64,1.64,1092.48,1092.49,0.19,0.19,8746.78,8749.24,1.62,8748.68,1092.14,1092.45,0.18,1092.48,8504.94,8503.97,38.36,8502.86,1059.99,1059.99,2.91,1059.97
CN10,32G,2,16,3,922,1020,1156,24511,930,1488,1292.26,2579,8467.11,1.72,8467.07,8466.68,1057.27,0.19,1057.24,1057.25,8466.56,1.52,8467.18,8467.27,1057.26,0.17,1057.24,1057.24,39.37,39.01,8504.1,8502.87,2.93,2.92,1059.98,1059.97
CN10,32G,2,16,4,947,1045,1172,23725,886,1342,1257.51,2626,2.09,8748.84,8748.88,8750.14,0.22,1092.49,1092.49,1092.55,1.72,8748.97,8748.86,1.76,0.2,1092.49,1092.48,0.18,8504.14,8504.53,8503.78,38.04,1059.99,1059.98,1060.01,2.92
CN10,32G,2,16,5,955,1045,1156,26346,1138,1328,1246.18,2590,9051.19,9051.08,2.23,2.23,1130.16,1130.17,0.23,0.23,8749.02,8749.31,1.83,8749.49,1092.47,1092.52,0.18,1092.48,8787.78,8787.38,39.78,8786.14,1095.32,1095.33,3.01,1095.31
CN10,32G,4,1,1,938,1012,1139,39584,924,1362,1218.98,4928,7954.57,7953.93,15907.54,15907.74,993.2,993.21,1986.22,1986.22,7953.72,7954.14,15906.43,7953.94,993.2,993.21,1986.2,993.17,7754.34,7754.19,15472.72,7752.8,966.5,966.5,1930.29,966.46
CN10,32G,4,1,2,922,1029,1188,42730,942,1384,1263.03,5136,14998.26,7499.31,7499.72,7500.31,1872.74,936.45,936.48,936.48,14997.71,7499.05,7499.76,14998.32,1872.75,936.43,936.48,1872.74,7533.08,7532.56,7532.33,15030.53,938.87,938.88,938.9,1875.17
CN10,32G,4,1,3,922,1004,1139,40633,1054,1376,1249.53,5082,8203.42,16372.69,8202.76,8203.54,1024.34,2044.41,1024.28,1024.28,7954.16,15907.49,7954.08,7954.17,993.24,1986.26,993.21,993.24,15942.3,15941.45,7988.6,7988.51,1988.82,1988.76,995.78,995.81
CN10,32G,4,1,4,947,1012,1156,39584,961,1372,1201.72,4881,7953.84,7954.32,15906.99,15906.95,993.2,993.25,1986.24,1986.24,7953.74,7954.92,15907.06,7953.9,993.22,993.24,1986.21,993.21,7752.1,7752.13,15468.31,7751.09,966.21,966.26,1929.78,966.22
CN10,32G,4,1,5,930,1057,4490,34866,970,1386,1231.05,4897,14998.2,7499.93,7500.26,7500.25,1872.77,936.49,936.55,936.55,14993.02,7496.56,7497.08,14992.63,1872.12,936.08,936.13,1872.07,7323.65,7322.96,7323.07,14612.7,912.81,912.78,912.83,1823.08
CN10,32G,4,4,1,971,1172,5866,35390,986,1372,1199.57,4869,7954.89,15907.51,7954.13,7954.12,993.24,1986.25,993.21,993.21,7954.06,15907.15,7954.11,7954.13,993.25,1986.25,993.21,993.23,15473.67,15472.55,7753.66,7753.48,1930.34,1930.3,966.49,966.53
CN10,32G,4,4,2,1029,1385,6587,34341,872,1362,1161.43,4804,8199.54,8201.95,16399.59,16398.56,1023.86,1023.92,2047.66,2047.63,8202.48,8202.92,16404.18,8202.61,1024.26,1024.29,2048.31,1024.25,8240.0,8238.87,16439.65,8237.77,1026.94,1026.94,2050.96,1026.9
CN10,32G,4,4,3,922,1004,1139,40633,1062,1364,1247.91,5131,14998.59,7499.7,7499.82,7499.82,1872.75,936.46,936.49,936.46,14997.22,7499.61,7499.75,14998.45,1872.72,936.46,936.49,1872.75,7532.89,7532.2,7532.14,15030.51,938.89,938.86,938.91,1875.17
CN10,32G,4,4,4,930,1012,1172,40633,1032,1314,1208.51,5030,7954.85,15907.2,7954.27,7954.21,993.3,1986.28,993.25,993.25,7954.45,15907.39,7954.25,7954.67,993.3,1986.28,993.24,993.3,15936.46,15937.28,7985.93,7986.19,1988.15,1988.21,995.45,995.53
CN10,32G,4,4,5,914,1004,1123,39060,1070,1386,1255.00,5166,7954.62,7955.49,15906.95,15906.88,993.21,993.32,1986.25,1986.24,7953.98,7954.37,15907.38,7953.98,993.23,993.19,1986.24,993.21,7989.47,7989.78,15942.86,7988.25,995.82,995.82,1988.82,995.79
CN10,32G,4,16,1,906,988,1123,40633,1088,1386,1258.17,5240,14998.33,7499.21,7499.76,7499.81,1872.75,936.44,936.49,936.49,14580.82,7293.37,7293.53,14582.38,1820.68,910.46,910.49,1820.73,7323.66,7323.41,7323.16,14612.6,912.81,912.81,912.83,1823.08
CN10,32G,4,16,2,922,1004,1123,41157,1042,1394,1228.23,5049,8202.88,16404.02,8202.47,8202.65,1024.28,2048.32,1024.26,1024.26,7956.45,15907.08,7953.58,7956.55,993.27,1986.25,993.18,993.26,15942.39,15942.33,7988.6,7988.51,1988.83,1988.84,995.78,995.82
CN10,32G,4,16,3,996,1631,7570,32900,904,1375,1161.27,4818,8468.94,8467.39,16645.07,16812.48,1057.26,1057.33,2078.14,2099.3,8202.5,8203.34,16403.79,8202.64,1024.27,1024.29,2048.3,1024.25,8239.92,8238.39,16439.75,8237.84,1026.95,1026.88,2050.97,1026.91
CN10,32G,4,16,4,922,1029,1205,40633,928,1348,1231.74,5078,15439.04,7720.24,7720.43,7721.04,1927.85,964.01,964.04,964.04,14992.74,7497.13,7496.47,14993.01,1872.1,936.15,936.09,1872.12,7532.99,7533.24,7532.98,15031.63,938.89,938.89,938.91,1875.17
CN10,32G,4,16,5,1012,1188,5080,27919,876,1334,1147.79,4707,8203.31,16404.58,8202.71,8205.08,1024.28,2048.32,1024.26,1024.27,7954.17,15906.98,7954.94,7954.27,993.26,1986.26,993.22,993.25,15942.44,15941.72,7988.62,7988.62,1988.83,1988.82,995.79,995.82
CN10,32G,8,1,1,1500,8455,20055,219153,1338,829.34,6208,,14856.74,9905.32,14856.75,14856.98,1855.04,1236.79,1855.04,1855.04,14856.19,9904.69,14856.21,14857.0,1855.03,1236.72,1855.03,1855.04,9743.06,9742.65,14602.48,14602.4,1215.42,1215.42,1822.25,1822.26
CN10,32G,8,1,2,1598,7898,18744,248513,1288,805.92,6086,,10714.32,16070.54,16069.5,16070.31,1337.8,2006.54,2006.51,2006.58,10714.21,16070.76,16069.47,10714.49,1337.8,2006.54,2006.56,1337.8,15772.31,15770.25,15771.29,10522.22,1968.11,1968.06,1968.08,1312.68
CN10,32G,8,1,3,1532,7898,19792,304088,1342,817.92,6043,,15143.14,15142.84,10096.33,10096.21,1890.78,1890.82,1260.62,1260.62,14856.83,14857.21,9905.43,14857.38,1855.11,1855.14,1236.82,1855.1,14879.04,14878.22,9926.68,14878.22,1856.74,1856.71,1238.37,1856.66
CN10,32G,8,1,4,2343,10159,22152,170918,1324,772.63,5582,,15143.09,10095.74,15142.97,15142.89,1890.81,1260.56,1890.74,1890.77,15142.76,10095.66,15142.54,15142.73,1890.77,1260.55,1890.74,1890.75,9927.9,9926.48,14878.97,14878.44,1238.44,1238.36,1856.7,1856.69
CN10,32G,8,1,5,2008,8717,20055,183501,1330,804.07,5853,,10500.67,15748.62,15748.53,15748.84,1311.05,1966.4,1966.39,1966.45,10500.32,15747.78,15748.51,10500.05,1311.03,1966.32,1966.44,1310.98,15771.72,15770.0,15771.35,10522.09,1968.07,1968.02,1968.13,1312.68
CN10,32G,8,4,1,1516,8160,21103,235930,1364,819.42,6236,,15143.11,15143.2,10096.29,10096.78,1890.78,1890.82,1260.62,1260.62,15142.57,15142.49,10095.77,15142.59,1890.75,1890.76,1260.56,1890.74,15165.66,15165.28,10117.58,15164.15,1892.46,1892.45,1262.19,1892.37
CN10,32G,8,4,2,2540,9503,21103,208667,1320,778.01,5661,,15439.56,10293.95,15439.42,15439.55,1927.83,1285.29,1927.81,1927.82,15142.26,10096.08,15142.78,15142.86,1890.7,1260.57,1890.74,1890.76,10118.54,10117.17,15164.55,15161.67,1262.2,1262.14,1892.37,1892.05
CN10,32G,8,4,3,2180,8291,18220,162530,1322,802.97,5549,,9906.04,14857.96,14857.96,14857.54,1236.83,1855.08,1855.15,1855.14,9905.88,14857.22,14857.36,9906.02,1236.85,1855.11,1855.14,1236.84,14875.65,14874.16,14875.52,9923.12,1856.26,1856.17,1856.3,1237.97
CN10,32G,8,4,4,2024,11731,22414,193987,304,1332,759.46,5854,15748.01,15749.09,10500.09,10500.43,1966.37,1966.46,1311.05,1311.05,15748.65,15749.08,10499.6,15748.41,1966.42,1966.46,1310.99,1966.37,15772.0,15771.36,10522.48,15770.81,1968.15,1968.12,1312.68,1968.06
CN10,32G,8,4,5,1860,8586,19530,223347,1318,807.93,5752,,15439.75,10294.45,15439.49,15439.39,1927.89,1285.35,1927.82,1927.85,15439.96,10294.98,15440.91,15440.16,1927.85,1285.29,1927.83,1927.84,10119.2,10117.39,15165.91,15164.81,1262.26,1262.18,1892.42,1892.45
CN10,32G,8,16,1,1729,9503,20317,299893,1332,792.09,6144,,10501.24,15748.51,15749.87,15749.17,1311.05,1966.38,1966.41,1966.46,10501.63,15747.87,15748.74,10500.86,1311.07,1966.37,1966.38,1310.99,15772.24,15770.24,15771.23,10522.97,1968.12,1968.04,1968.09,1312.75
CN10,32G,8,16,2,1860,11207,23987,278922,1328,746.18,5591,,15142.2,15143.29,10096.31,10097.31,1890.73,1890.77,1260.57,1260.58,15142.56,15143.21,10096.32,15142.54,1890.75,1890.82,1260.62,1890.77,14878.87,14878.18,9927.29,14878.92,1856.7,1856.66,1238.44,1856.68
CN10,32G,8,16,3,1696,10028,23462,214959,141,1346,808.47,5478,14857.05,9906.41,14856.94,14856.95,1855.14,1236.85,1855.08,1855.08,14582.96,9722.36,14582.09,14582.81,1820.81,1213.95,1820.76,1820.8,9744.18,9743.63,14603.25,14602.6,1215.52,1215.51,1822.29,1822.31
CN10,32G,8,16,4,1958,8586,19792,214959,1332,794.01,5782,,10289.92,15436.52,15436.59,15437.11,1284.81,1927.4,1927.44,1927.47,10290.49,15436.5,15436.76,10291.05,1284.9,1927.48,1927.41,1284.96,15459.16,15458.73,15457.79,10313.01,1929.08,1929.07,1929.04,1286.54
CN10,32G,8,16,5,2245,9110,21365,210764,1316,782.93,5797,,15142.11,15142.9,10096.27,10095.92,1890.74,1890.78,1260.58,1260.58,15143.03,15143.42,10095.85,15142.56,1890.8,1890.83,1260.57,1890.75,15165.0,15165.19,10117.8,15163.95,1892.4,1892.44,1262.19,1892.38
CN10,32G,16,1,1,8586,21103,38011,484443,1150,449.65,6312,,13255.29,13256.1,15906.26,15906.92,1655.13,1655.2,1986.16,1986.19,13123.3,13123.5,15747.48,13123.09,1638.65,1638.65,1966.33,1638.61,13134.99,13134.61,15753.31,13134.53,1639.46,1639.46,1967.14,1639.46
CN10,32G,16,1,2,10028,21103,39584,337642,1228,404.52,5311,,14708.49,12258.17,12256.06,12256.06,1837.49,1531.23,1531.25,1531.23,14708.93,12258.82,12256.4,14709.0,1837.54,1531.27,1531.28,1837.52,12271.47,12270.93,12268.85,14720.49,1532.28,1532.27,1532.29,1838.49
CN10,32G,16,1,3,8586,25822,43779,488637,1114,430.61,5381,,11405.35,13687.26,17055.27,9127.2,1424.94,1709.86,2130.73,1139.94,9046.16,16782.92,13567.94,6785.91,1130.1,2096.65,1694.98,847.59,15839.67,4536.17,11318.77,11316.82,1978.4,565.88,1413.39,1413.41
CN10,32G,16,1,4,11863,21103,39060,316670,1378,325.03,4599,,16107.17,2303.35,13802.14,2303.18,2012.32,287.58,1724.88,287.56,13810.15,11502.6,6906.13,17083.15,1724.89,1437.49,862.55,2133.59,15973.2,16953.64,13696.66,13697.03,1995.64,2116.61,1710.6,1710.63
CN10,32G,16,1,5,8586,21103,35914,501220,1252,417.20,5738,,12370.75,14856.68,12373.94,12380.41,1545.9,1855.0,1545.95,1545.85,12373.75,14849.19,12380.22,12370.06,1545.96,1855.04,1545.88,1545.91,14853.95,14852.88,12382.8,12382.66,1855.73,1855.67,1546.57,1546.57
CN10,32G,16,4,1,12518,22152,46400,337642,1340,317.59,4119,,2303.71,11505.62,6907.8,11508.13,287.61,1437.47,862.53,1437.45,16105.77,11503.83,13805.58,16105.79,2012.18,1437.26,1724.7,2012.18,11515.88,6915.67,17467.96,11517.04,1438.21,863.29,2181.76,1438.14
CN10,32G,16,4,2,11338,21103,44827,291505,1254,379.72,4650,,15702.17,16918.39,6730.62,15694.1,1960.68,2113.63,840.38,1960.76,8967.73,6730.52,11209.6,11207.14,1120.54,840.4,1400.49,1400.45,15703.03,16652.74,11216.63,2253.85,1961.32,2079.39,1401.29,280.92
CN10,32G,16,4,3,9241,20841,50070,408945,1212,422.78,4884,,15689.33,13447.98,4487.43,16831.53,1960.68,1680.66,560.27,2103.39,11216.27,15698.55,11212.03,6730.04,1400.51,1960.71,1400.55,840.35,13458.75,4494.21,16779.92,11226.28,1681.38,561.03,2095.85,1401.24
CN10,32G,16,4,4,12256,21365,42730,383779,1280,346.21,4272,,11402.77,9125.84,17311.86,1.18,1424.92,1140.01,2161.98,0.13,11406.8,15961.97,11407.42,9129.61,1424.85,1994.72,1424.93,1139.93,11415.69,4575.52,17310.53,9137.33,1425.71,570.76,2162.83,1140.73
CN10,32G,16,4,5,9503,18744,46924,467665,1298,372.41,4907,,14573.79,10413.63,6245.14,8332.45,1820.69,1300.54,780.43,1040.39,12493.19,8326.82,15566.69,6249.95,1560.64,1040.49,1944.72,780.37,15529.53,15570.49,12396.47,4143.04,1939.68,1944.04,1548.84,516.86
CN10,32G,16,16,1,9765,21627,40633,358613,1216,381.22,5736,,13246.31,13251.31,15904.56,15901.85,1655.29,1655.25,1986.22,1986.24,13248.17,13253.24,15892.69,13255.97,1655.21,1655.19,1986.23,1655.17,13256.52,13256.45,15908.52,13267.44,1656.08,1656.08,1987.14,1656.02
CN10,32G,16,16,2,8455,20317,46400,413139,1233,417.41,4936,,9047.16,6787.04,11305.56,11305.9,1129.97,847.48,1412.48,1412.49,11309.15,9048.81,6786.26,17031.53,1412.63,1130.17,847.63,2127.85,15704.42,13463.26,8979.19,13463.46,1961.5,1681.41,1121.25,1681.41
CN10,32G,16,16,3,10814,21103,44303,274727,1158,380.81,4782,,12594.12,12596.1,4200.17,12592.1,1573.1,1573.09,524.43,1573.08,10495.08,12594.6,4200.2,14684.76,1310.96,1573.11,524.41,1835.31,6255.64,10417.67,15461.59,15457.57,781.1,1301.08,1930.89,1930.91
CN10,32G,16,16,4,9896,20317,44827,400557,1256,361.84,4526,,16169.8,8672.77,16215.59,10839.41,2020.43,1083.44,2025.02,1354.26,16288.05,15172.12,4339.07,4337.5,2034.93,1895.77,541.74,541.84,8686.3,15184.79,10846.57,6512.03,1084.11,1896.62,1355.04,813.31
CN10,32G,16,16,5,9896,21103,64226,346031,1300,388.33,5518,,15276.58,12738.81,12730.41,12736.74,1909.18,1590.95,1590.95,1590.97,15276.25,12732.21,12741.08,15288.79,1909.18,1590.99,1590.89,1909.05,12749.15,12740.69,12745.5,15296.45,1591.67,1591.54,1591.54,1909.71
