0917-0940
CN7,4G,1,1,1,857,1045,1156,17433,1273,1444,1353.50,1420,342.03,339.87,341.36,5813.52,42.8,42.55,42.67,725.93
CN7,4G,1,1,2,824,1045,1172,2343,1308,1432,1373.60,1448,338.34,336.34,337.33,5806.35,42.43,42.18,42.3,725.18
CN7,4G,1,1,3,947,1090,1188,2245,1208,1380,1338.00,1404,5808.65,336.32,337.31,339.52,725.45,42.18,42.3,42.52
CN7,4G,1,2,1,832,1074,1172,2311,1274,1476,1384.00,1458,338.82,336.3,3070.79,3072.17,42.45,42.17,383.63,383.82
CN7,4G,1,2,2,906,1074,1205,2343,1152,1424,1332.33,1399,3071.63,3069.78,337.61,339.32,383.76,383.5,42.31,42.51
CN7,4G,1,2,3,963,1123,1303,6456,1194,1410,1315.50,1381,3072.12,336.77,337.26,3072.3,383.78,42.19,42.29,383.82
CN7,4G,1,4,1,963,1123,1762,3687,1226,1398,1331.00,1396,1706.11,1702.91,1704.07,1705.79,213.12,212.83,212.96,213.17
CN7,4G,1,4,2,938,1090,1745,4015,1200,1432,1357.83,1425,1705.26,1703.23,1704.22,1705.78,213.1,212.85,212.97,213.17
CN7,4G,1,4,3,938,1090,1778,3097,1146,1434,1351.33,1418,1705.25,1703.55,1704.2,1705.76,213.1,212.88,212.97,213.16
CN7,4G,1,8,1,1004,1156,1762,6587,1186,1440,1326.67,1394,1705.56,1703.2,1704.36,1705.75,213.13,212.85,212.97,213.16
CN7,4G,1,8,2,947,1123,1795,4621,1154,1434,1347.50,1415,1705.21,1703.18,1704.51,1705.9,213.1,212.84,212.97,213.16
CN7,4G,1,8,3,898,1074,1795,2343,1320,1434,1354.00,1434,1705.19,1703.16,1704.15,1705.71,213.1,212.84,212.97,213.16
CN7,4G,1,16,1,947,1139,1811,6128,1263,1440,1359.50,1426,1705.68,1703.65,1704.64,1705.87,213.1,212.84,212.97,213.16
CN7,4G,1,16,2,857,1090,1729,2180,1198,1448,1365.20,1448,1705.17,1703.3,1704.63,1706.18,213.09,212.83,212.97,213.19
CN7,4G,1,16,3,766,914,1729,6783,1328,1442,1396.80,1467,1705.32,1703.45,1704.44,1706.0,213.09,212.84,212.96,213.16
CN7,4G,2,1,1,824,996,1172,20055,1287,1374,1338.75,2805,338.63,336.61,5804.26,5805.99,42.42,42.16,724.97,725.17
CN7,4G,2,1,2,816,1020,1188,2245,1248,1402,1354.27,2827,5804.61,5802.58,337.6,339.15,725.07,724.81,42.3,42.5
CN7,4G,2,1,3,832,988,1156,2278,1232,1392,1340.27,2769,338.61,336.58,5803.74,5805.46,42.43,42.18,724.93,725.13
CN7,4G,2,2,1,824,1004,1139,10421,1270,1394,1343.45,2780,3071.26,3069.39,3070.91,3072.46,383.73,383.48,383.64,383.83
CN7,4G,2,2,2,799,979,1172,7898,1238,1412,1364.36,2832,3072.25,3069.88,3070.9,3072.45,383.78,383.5,383.63,383.82
CN7,4G,2,2,3,824,963,1188,9896,1292,1420,1351.82,2796,3071.9,3069.88,3071.06,3072.44,383.75,383.5,383.62,383.82
CN7,4G,2,4,1,873,1037,1680,12387,1258,1412,1340.50,2783,3071.89,3069.86,3070.88,3072.6,383.75,383.5,383.62,383.82
CN7,4G,2,4,2,832,1020,1745,9241,1240,1400,1343.00,2814,3076.72,3070.02,3071.03,3072.59,383.75,383.5,383.63,383.82
CN7,4G,2,4,3,840,1012,1188,2311,1342,1406,1363.64,2842,3072.04,3070.01,3075.69,3072.74,383.74,383.49,383.61,383.81
CN7,4G,2,8,1,840,1029,1549,2343,1247,1402,1347.25,2826,3071.69,3069.83,3070.84,3072.57,383.74,383.49,383.61,383.81
CN7,4G,2,8,2,824,1004,1713,10552,1245,1364,1336.50,2791,3071.85,3069.82,3071.0,3072.55,383.75,383.5,383.62,383.82
CN7,4G,2,8,3,840,1057,1663,11338,1242,1390,1350.75,2829,3064.49,3060.96,3063.32,3063.54,382.68,382.37,382.55,382.69
CN7,4G,2,16,1,832,1045,1729,13829,1282,1406,1348.00,2807,3077.16,3075.13,3071.64,3072.53,383.75,383.5,383.62,383.84
CN7,4G,2,16,2,873,1020,1795,10028,1222,1367,1325.50,2760,3076.82,3075.12,3071.63,3073.19,383.75,383.5,383.62,383.82
CN7,4G,2,16,3,848,1020,1745,13960,1298,1460,1360.00,2818,3076.97,3070.11,3071.12,3073.18,383.75,383.52,383.65,383.82
CN7,4G,4,1,1,766,971,1188,13829,1260,1452,1396.10,5786,5805.8,5803.27,5804.28,5806.17,725.11,724.83,724.95,725.15
CN7,4G,4,1,2,791,947,1188,10814,1328,1458,1405.10,5719,5807.96,5803.43,5806.78,5805.83,725.16,724.83,725.03,725.15
CN7,4G,4,1,3,799,971,1188,7635,1254,1454,1382.67,5576,5805.29,5803.26,5804.28,5805.83,725.08,724.83,724.95,725.15
CN7,4G,4,2,1,807,988,1188,6063,1246,1446,1403.40,5804,5806.46,5803.43,5805.61,5805.83,725.13,724.83,725.0,725.15
CN7,4G,4,2,2,824,996,1188,3064,1282,1446,1385.50,5763,5805.12,5803.1,5804.11,5805.66,725.08,724.83,724.95,725.15
CN7,4G,4,2,3,807,971,1188,2278,1324,1458,1375.25,5775,5806.29,5802.93,5805.11,5806.99,725.13,724.83,724.97,725.21
CN7,4G,4,4,1,824,988,1582,11994,1291,1436,1367.05,5763,5805.12,5804.09,5804.11,5805.99,725.09,724.88,724.96,725.18
CN7,4G,4,4,2,840,1090,1614,34866,1206,1412,1348.08,5629,5805.45,5803.76,5804.27,5807.16,725.1,724.85,724.97,725.21
CN7,4G,4,4,3,840,1029,1696,11076,1282,1434,1370.38,5702,5804.45,5803.76,5804.1,5805.82,725.05,724.85,724.96,725.15
CN7,4G,4,8,1,873,1090,1680,4555,1224,1414,1334.00,5547,5805.28,5803.09,5804.1,5807.65,725.09,724.83,724.96,725.23
CN7,4G,4,8,2,807,979,1811,4490,1274,1432,1380.90,5781,5806.11,5806.42,5805.27,5806.32,725.09,724.91,724.96,725.15
CN7,4G,4,8,3,816,988,1565,1991,1358,1454,1397.60,5806,5804.45,5802.59,5804.26,5805.99,725.05,724.79,724.98,725.22
CN7,4G,4,16,1,832,963,1647,2409,1268,1378,1343.92,5633,5805.44,5805.59,5804.6,5806.15,725.09,724.92,724.99,725.16
CN7,4G,4,16,2,807,955,1663,2245,1268,1416,1359.50,5744,5805.44,5803.42,5804.26,5807.65,725.11,724.85,724.95,725.24
CN7,4G,4,16,3,824,1020,1631,2180,1254,1410,1354.33,5651,5807.61,5805.25,5806.76,5805.65,725.18,724.91,725.05,725.15
CN7,4G,8,1,1,1139,1795,2671,3785,850,1242,1150.79,9486,9663.81,9661.93,9662.65,9664.41,1206.71,1206.49,1206.6,1206.82
CN7,4G,8,1,2,1156,1876,2737,4817,898,1264,1163.67,9526,9662.96,9659.94,9660.81,9662.28,1206.7,1206.44,1206.55,1206.71
CN7,4G,8,1,3,1319,2040,2868,4555,882,1312,1149.29,9484,9662.55,9660.24,9661.25,9662.3,1206.7,1206.44,1206.55,1206.71
CN7,4G,8,2,1,1205,1565,2966,3949,946,1226,1141.13,9421,9662.42,9659.83,9660.84,9662.17,1206.7,1206.44,1206.55,1206.71
CN7,4G,8,2,2,1221,1647,3425,36439,884,1226,1126.50,9180,9661.86,9660.13,9662.85,9662.61,1206.66,1206.47,1206.67,1206.74
CN7,4G,8,2,3,1205,1696,2999,7701,842,1260,1140.14,9317,9662.02,9659.86,9660.72,9662.05,1206.7,1206.44,1206.55,1206.72
CN7,4G,8,4,1,1319,1598,2835,30802,1030,1174,1119.48,9259,9663.18,9661.01,9661.17,9662.49,1206.75,1206.49,1206.58,1206.75
CN7,4G,8,4,2,1369,1647,2835,41681,982,1144,1085.04,8983,9666.76,9666.03,9661.18,9666.51,1206.7,1206.49,1206.58,1206.75
CN7,4G,8,4,3,1336,1631,2073,3523,1084,1150,1119.00,9314,9662.35,9660.76,9665.62,9666.24,1206.7,1206.52,1206.56,1206.73
CN7,4G,8,8,1,1336,1614,2409,44303,984,1152,1097.54,8976,9662.22,9660.77,9662.35,9663.11,1206.7,1206.49,1206.64,1206.82
CN7,4G,8,8,2,1336,1614,2343,3490,1016,1164,1107.91,9100,9667.66,9665.79,9666.8,9664.27,1206.71,1206.49,1206.61,1206.83
CN7,4G,8,8,3,1369,1696,2540,22152,990,1160,1094.68,8988,9662.11,9662.37,9663.24,9662.71,1206.7,1206.48,1206.59,1206.77
CN7,4G,8,16,1,1319,1647,2311,3982,1014,1176,1116.62,9068,9662.55,9660.39,9661.54,9666.87,1206.75,1206.5,1206.64,1206.91
CN7,4G,8,16,2,1369,1663,2376,3851,1032,1176,1108.02,9109,9663.85,9660.83,9661.7,9663.17,1206.79,1206.48,1206.58,1206.81
CN7,4G,8,16,3,1336,1614,2474,41157,982,1160,1089.88,9006,9662.43,9660.84,9661.71,9665.61,1206.74,1206.52,1206.63,1206.88
CN7,4G,16,1,1,4015,5473,8717,208667,324,936,473.54,7846,11103.35,11102.25,11102.76,11105.03,1386.61,1386.48,1386.54,1386.69
CN7,4G,16,1,2,3982,5407,13698,198181,251,938,477.16,7828,11104.87,11103.11,11103.53,11104.89,1386.71,1386.53,1386.6,1386.72
CN7,4G,16,1,3,3916,5342,9110,320865,238,922,476.05,7664,10248.74,10248.48,10240.12,10240.93,1279.58,1279.5,1278.74,1278.78
CN7,4G,16,2,1,5473,8586,18220,189793,202,904,465.68,7694,11104.51,11102.17,11104.67,11104.7,1386.7,1386.48,1386.7,1386.7
CN7,4G,16,2,2,5604,8717,14484,316670,244,918,459.44,7568,10252.11,10251.1,10251.65,10250.9,1279.97,1279.85,1279.91,1280.08
CN7,4G,16,2,3,5538,8356,12387,139461,276,852,473.46,7838,11092.43,11092.54,11091.72,11093.69,1385.26,1385.21,1385.16,1385.32
CN7,4G,16,4,1,8160,13829,23725,396362,838,439.63,7348,,10249.39,10250.15,10249.08,10251.57,1279.97,1279.96,1279.94,1280.09
CN7,4G,16,4,2,8029,13566,23462,160433,236,804,456.62,7607,11108.79,11106.19,11105.7,11109.31,1386.77,1386.53,1386.69,1386.87
CN7,4G,16,4,3,8029,13435,22676,261096,136,846,453.02,7535,11103.73,11102.64,11103.14,11106.0,1386.66,1386.53,1386.59,1386.77
CN7,4G,16,8,1,8029,13042,23725,308282,240,902,452.06,7469,11105.43,11104.83,11103.5,11105.61,1386.76,1386.67,1386.62,1386.79
CN7,4G,16,8,2,8029,13435,22152,434111,186,848,440.49,7374,11094.09,11091.84,11093.91,11094.84,1385.37,1385.17,1385.31,1385.43
CN7,4G,16,8,3,8094,13173,21627,387974,118,820,447.76,7474,10251.14,10248.97,10251.21,10251.62,1280.08,1279.91,1280.08,1280.13
CN7,4G,16,16,1,8029,13435,21890,227541,186,792,452.82,7536,11105.59,11103.25,11103.67,11105.86,1386.79,1386.6,1386.66,1386.82
CN7,4G,16,16,2,8094,13566,23200,210764,208,826,445.83,7548,11105.79,11103.44,11103.78,11105.8,1386.79,1386.63,1386.66,1386.82
CN7,4G,16,16,3,8029,13435,22152,396362,810,444.39,7430,,11106.15,11104.97,11105.56,11105.83,1386.8,1386.72,1386.78,1386.83
CN7,4G,32,1,1,8717,12518,32375,358613,554,219.53,7283,,12022.82,12020.95,12020.46,12021.88,1501.19,1501.12,1501.1,1501.21
CN7,4G,32,1,2,8717,12256,23725,371196,588,219.81,7299,,12023.49,12022.9,12022.22,12023.73,1501.23,1501.17,1501.13,1501.26
CN7,4G,32,1,3,8717,12518,28443,455082,533,215.97,7128,,12023.8,12021.3,12020.85,12022.5,1501.24,1501.15,1501.12,1501.26
CN7,4G,32,2,1,13698,19792,102237,329253,558,212.35,7055,,11501.28,11499.28,11498.54,11501.07,1435.98,1435.89,1435.88,1436.04
CN7,4G,32,2,2,13829,19530,32900,152044,122,600,217.09,7254,12025.15,12021.51,12021.42,12024.16,1501.36,1501.18,1501.2,1501.28
CN7,4G,32,2,3,13960,19530,50594,476054,616,207.34,6837,,11503.0,11499.09,11499.22,11500.75,1436.04,1435.89,1435.92,1436.08
CN7,4G,32,4,1,21103,29754,46400,574620,530,199.94,6765,,11024.24,11022.07,11020.41,11022.92,1376.21,1376.09,1376.11,1376.24
CN7,4G,32,4,2,21365,30278,54789,421528,632,206.14,6827,,11500.25,11498.37,11499.89,11500.21,1436.04,1435.89,1435.93,1436.05
CN7,4G,32,4,3,21103,30016,76022,227541,104,676,210.45,6956,11500.02,11498.88,11499.28,11500.16,1435.97,1435.9,1435.96,1435.95
CN7,4G,32,8,1,21365,30016,46400,509608,518,206.33,6916,,11500.4,11500.48,11499.96,11500.54,1436.07,1436.01,1436.04,1436.07
CN7,4G,32,8,2,21103,30016,46924,333448,620,208.68,6921,,11500.52,11499.69,11499.82,11500.88,1436.08,1436.01,1436.0,1436.09
CN7,4G,32,8,3,21103,29492,44827,599786,538,205.54,6856,,11506.16,11499.68,11500.21,11507.09,1436.07,1436.0,1436.06,1436.22
CN7,4G,32,16,1,21103,29754,54264,608175,592,204.47,6780,,11025.82,11021.73,11022.27,11025.03,1376.35,1376.22,1376.25,1376.34
CN7,4G,32,16,2,20841,29492,44827,591397,566,202.90,6772,,11027.08,11017.3,11019.76,11028.08,1376.1,1375.83,1375.92,1376.12
CN7,4G,32,16,3,21103,30016,62653,459277,619,206.29,6896,,11507.62,11499.96,11500.13,11508.02,1436.19,1436.05,1436.08,1436.21
CN7,8G,1,1,1,799,996,1156,7701,1240,1456,1382.09,1451,231.66,227.32,227.99,7520.91,28.78,28.47,28.55,939.08
CN7,8G,1,1,2,799,988,1156,30540,1267,1430,1370.45,1439,7517.98,228.19,226.64,228.25,938.78,28.47,28.42,28.58
CN7,8G,1,1,3,840,1057,1172,49021,1210,1466,1352.33,1418,228.65,7515.5,226.62,229.01,28.54,938.58,28.42,28.58
CN7,8G,1,2,1,832,1057,1205,27919,1261,1452,1367.82,1435,227.3,225.96,3871.6,3872.55,28.5,28.33,483.54,483.67
CN7,8G,1,2,2,791,996,1172,19530,1282,1464,1391.27,1460,227.28,3870.94,3871.26,227.66,28.5,483.46,483.54,28.55
CN7,8G,1,2,3,816,1020,1156,20055,1154,1502,1382.82,1451,3872.6,225.94,226.59,3872.53,483.64,28.33,28.41,483.67
CN7,8G,1,4,1,807,1037,1254,12911,1232,1440,1385.55,1456,2050.15,2048.48,2049.02,2050.08,256.08,255.9,255.98,256.11
CN7,8G,1,4,2,816,1057,1303,14877,1248,1410,1362.00,1429,2050.14,2048.24,2048.9,2049.96,256.07,255.89,255.97,256.11
CN7,8G,1,4,3,832,1057,1287,13566,1210,1458,1384.73,1454,2050.02,2048.23,2049.56,2049.95,256.07,255.89,255.99,256.11
CN7,8G,1,8,1,848,1074,1631,12780,1156,1478,1378.45,1452,2050.12,2048.34,2048.88,2049.94,256.07,255.89,255.97,256.11
CN7,8G,1,8,2,832,1037,1680,10945,1186,1466,1359.75,1426,2051.22,2048.55,2049.53,2051.04,256.09,255.9,255.99,256.13
CN7,8G,1,8,3,824,1057,1696,11076,1218,1462,1396.36,1467,2050.43,2048.31,2049.19,2050.14,256.07,255.89,255.99,256.11
CN7,8G,1,16,1,816,1029,1680,11207,1182,1442,1376.91,1448,2051.09,2048.53,2050.18,2050.8,256.12,255.92,256.01,256.13
CN7,8G,1,16,2,816,1037,1631,16319,1264,1448,1377.09,1446,2050.19,2048.41,2049.39,2050.45,256.07,255.9,255.98,256.11
CN7,8G,1,16,3,783,971,1778,10683,1260,1458,1400.82,1473,2047.1,2045.08,2046.63,2047.36,255.69,255.5,255.61,255.73
CN7,8G,2,1,1,799,906,1156,26084,1254,1420,1359.04,2810,227.39,226.05,7515.82,7517.88,28.5,28.33,938.65,938.82
CN7,8G,2,1,2,791,889,1106,31851,1226,1408,1360.96,2830,7516.93,7515.25,226.94,228.0,938.76,938.57,28.43,28.57
CN7,8G,2,1,3,791,938,1172,31851,1300,1474,1376.43,2856,228.27,225.82,7515.81,7516.87,28.52,28.32,938.65,938.8
CN7,8G,2,2,1,824,963,1172,22676,1216,1382,1341.42,2799,7517.36,3870.69,226.49,3872.21,938.76,483.44,28.4,483.66
CN7,8G,2,2,2,840,979,1237,32637,1215,1400,1335.42,2803,3873.15,7515.13,3871.91,229.21,483.68,938.56,483.55,28.6
CN7,8G,2,2,3,848,971,1156,38536,1204,1360,1320.46,2758,205.83,3483.53,6764.51,3485.17,25.67,435.1,844.78,435.29
CN7,8G,2,4,1,816,963,1303,22676,1292,1450,1355.42,2837,3872.35,3870.91,3871.58,3872.18,483.62,483.46,483.56,483.66
CN7,8G,2,4,2,848,988,1221,28443,1194,1378,1317.92,2754,3872.79,3870.58,3871.25,3872.29,483.63,483.44,483.52,483.65
CN7,8G,2,4,3,824,963,1172,21890,1288,1406,1353.58,2826,3873.12,3871.68,3871.24,3873.51,483.63,483.48,483.52,483.7
CN7,8G,2,8,1,816,938,1663,27919,1224,1384,1341.67,2803,3872.89,3870.79,3871.35,3872.39,483.63,483.44,483.52,483.65
CN7,8G,2,8,2,922,1029,1598,11994,1136,1302,1241.08,2594,3486.2,3484.51,3488.11,3489.15,435.29,435.13,435.19,435.33
CN7,8G,2,8,3,824,963,1614,22152,1228,1396,1342.75,2804,3873.33,3871.0,3871.56,3872.72,483.65,483.47,483.55,483.68
CN7,8G,2,16,1,832,963,1598,8455,1238,1387,1331.83,2784,3874.1,3875.0,3872.23,3873.27,483.66,483.47,483.55,483.68
CN7,8G,2,16,2,807,955,1647,27919,1332,1498,1391.14,2889,3872.43,3871.11,3872.78,3872.93,483.64,483.47,483.59,483.7
CN7,8G,2,16,3,840,971,1614,13435,1250,1370,1327.42,2769,3876.32,3874.99,3872.22,3873.26,483.63,483.47,483.55,483.68
CN7,8G,4,1,1,807,922,1172,64750,1112,1484,1360.70,5585,7517.53,7516.32,7516.21,7518.14,938.79,938.62,938.67,938.83
CN7,8G,4,1,2,775,889,1156,34866,1230,1468,1389.07,5676,7516.43,7515.0,7517.0,7518.04,938.73,938.56,938.72,938.83
CN7,8G,4,1,3,766,889,1172,45876,1228,1438,1376.93,5670,7516.22,7514.89,7515.67,7516.72,938.73,938.56,938.64,938.77
CN7,8G,4,2,1,832,955,1188,55837,1190,1374,1325.81,5514,3873.0,11159.57,11161.13,3872.72,483.67,1393.69,1393.83,483.69
CN7,8G,4,2,2,865,1029,1270,60031,1141,1386,1313.92,5462,11143.22,3864.65,3865.32,11143.61,1391.65,482.72,482.78,1391.69
CN7,8G,4,2,3,816,963,1188,40633,1142,1428,1368.44,5721,3871.8,11159.7,11160.37,3872.3,483.61,1393.69,1393.77,483.66
CN7,8G,4,4,1,816,947,1369,51119,1218,1438,1353.92,5669,7518.79,7516.39,7517.28,7517.96,938.85,938.65,938.74,938.86
CN7,8G,4,4,2,832,979,1385,79168,1103,1420,1341.73,5606,7521.36,7515.4,7516.07,7517.19,938.79,938.57,938.65,938.78
CN7,8G,4,4,3,873,996,1418,43254,1166,1358,1294.62,5427,6766.03,6766.86,6764.47,6765.18,844.91,844.71,844.79,844.92
CN7,8G,4,8,1,857,988,1614,52691,1172,1358,1298.29,5438,6769.44,6769.17,6769.87,6767.48,844.92,844.85,844.93,845.06
CN7,8G,4,8,2,807,955,1500,74974,1180,1422,1365.70,5704,7521.27,7519.31,7519.98,7517.43,938.77,938.58,938.66,938.79
CN7,8G,4,8,3,783,898,1647,59507,1292,1448,1395.32,5783,7522.39,7516.54,7520.54,7521.55,938.82,938.62,938.7,938.83
CN7,8G,4,16,1,857,1012,1598,77071,1078,1414,1323.62,5527,7519.29,7520.88,7521.55,7517.9,938.82,938.66,938.74,938.88
CN7,8G,4,16,2,848,988,1680,40109,1180,1383,1321.00,5534,6766.27,6763.8,6767.2,6770.11,844.92,844.74,844.94,844.96
CN7,8G,4,16,3,824,971,1598,50594,1196,1434,1355.29,5667,7518.86,7519.24,7520.9,7519.13,938.78,938.66,938.69,938.94
CN7,8G,8,1,1,1811,2442,3916,227541,226,1330,964.92,8013,11106.82,11104.1,11105.77,11106.36,1386.83,1386.65,1386.77,1386.86
CN7,8G,8,1,2,1745,2442,4883,263193,354,1318,976.78,8057,11105.93,11103.79,11105.71,11106.89,1386.82,1386.63,1386.81,1386.88
CN7,8G,8,1,3,1778,2409,4359,295699,284,1326,971.31,7965,11105.96,11104.74,11104.16,11106.08,1386.83,1386.72,1386.7,1386.86
CN7,8G,8,2,1,1745,3064,9634,141558,336,1240,965.97,7862,11105.82,11104.85,11104.77,11106.11,1386.83,1386.75,1386.75,1386.87
CN7,8G,8,2,2,1827,3064,7963,219153,452,1270,971.36,7852,11105.76,11103.63,11105.96,11104.8,1386.86,1386.65,1386.8,1386.8
CN7,8G,8,2,3,1762,3064,8029,143655,496,1228,989.12,7720,11105.87,11106.65,11106.32,11105.58,1386.84,1386.65,1386.83,1386.84
CN7,8G,8,4,1,1582,3195,10159,102237,592,1148,951.14,7812,11108.31,11107.6,11108.93,11106.6,1386.82,1386.72,1386.83,1386.93
CN7,8G,8,4,2,1680,3523,9896,193987,184,1164,929.46,7664,10254.62,10253.81,10254.35,10254.89,1280.2,1280.09,1280.13,1280.23
CN7,8G,8,4,3,1663,3425,8225,125305,582,1176,958.55,7973,11105.45,11103.82,11105.9,11105.57,1386.83,1386.68,1386.82,1386.86
CN7,8G,8,8,1,1680,3654,9110,133694,600,1162,952.14,7898,11106.48,11103.35,11104.68,11106.85,1386.89,1386.64,1386.75,1386.92
CN7,8G,8,8,2,1680,3589,9372,229639,422,1176,953.22,7880,11108.09,11103.79,11104.54,11109.38,1386.94,1386.67,1386.77,1386.94
CN7,8G,8,8,3,1582,3458,13829,119014,496,1170,939.01,7774,11106.12,11105.4,11106.07,11106.66,1386.87,1386.79,1386.78,1386.93
CN7,8G,8,16,1,1745,3654,9110,252707,508,1174,934.19,7808,11095.54,11092.85,11096.19,11097.66,1385.52,1385.29,1385.49,1385.59
CN7,8G,8,16,2,1663,3556,10421,114820,610,1172,945.32,7855,11108.42,11104.21,11104.79,11107.63,1386.95,1386.73,1386.8,1386.99
CN7,8G,8,16,3,1696,3621,9634,53216,692,1174,973.47,7673,11109.03,11104.48,11104.9,11109.24,1386.98,1386.75,1386.81,1387.02
CN7,8G,16,1,1,4080,5473,8455,270533,226,990,453.44,7516,12022.94,12021.6,12021.23,12024.19,1501.28,1501.19,1501.19,1501.3
CN7,8G,16,1,2,4146,5735,9503,295699,102,948,441.19,7336,12022.57,12022.04,12022.54,12023.14,1501.31,1501.22,1501.17,1501.34
CN7,8G,16,1,3,4113,5735,9765,287310,142,996,444.42,7317,12021.97,12021.35,12021.12,12023.26,1501.24,1501.17,1501.17,1501.35
CN7,8G,16,2,1,5866,8979,13960,557843,910,441.55,7240,,12023.09,12022.16,12021.57,12023.21,1501.35,1501.26,1501.23,1501.37
CN7,8G,16,2,2,5800,9110,23725,295699,180,888,422.22,7071,11499.82,11499.84,11498.92,11501.18,1436.02,1436.01,1435.96,1436.1
CN7,8G,16,2,3,5932,8848,16319,168821,218,858,434.22,7300,12023.12,12022.19,12022.96,12024.05,1501.36,1501.27,1501.32,1501.43
CN7,8G,16,4,1,8848,14484,23987,316670,786,420.78,7016,,11500.41,11499.99,11499.91,11500.56,1436.08,1436.03,1436.03,1436.11
CN7,8G,16,4,2,8586,14746,24249,446694,880,421.03,7001,,11501.03,11499.48,11499.01,11500.85,1436.09,1435.99,1435.99,1436.12
CN7,8G,16,4,3,8586,14091,22676,333448,820,419.38,6998,,11500.48,11499.72,11499.15,11500.63,1436.09,1436.0,1435.99,1436.11
CN7,8G,16,8,1,8717,14484,25035,291505,130,840,414.77,6945,11501.04,11500.05,11499.18,11502.45,1436.11,1436.04,1436.0,1436.15
CN7,8G,16,8,2,8848,14484,23987,429917,816,412.68,6908,,11501.11,11499.83,11500.09,11500.92,1436.12,1436.04,1436.08,1436.14
CN7,8G,16,8,3,8717,14484,23725,526386,828,339.73,6848,,11500.8,11499.9,11500.95,11500.82,1436.13,1436.04,1436.1,1436.14
CN7,8G,16,16,1,8848,14615,26084,320865,139,824,410.85,6804,11500.96,11500.11,11500.55,11503.03,1436.15,1436.06,1436.11,1436.22
CN7,8G,16,16,2,8717,14615,24773,291505,774,415.53,6990,,11508.26,11499.67,11502.01,11509.67,1436.21,1436.06,1436.16,1436.31
CN7,8G,16,16,3,8848,14484,23725,312476,812,419.81,7013,,11504.77,11499.88,11501.57,11504.31,1436.16,1436.05,1436.1,1436.22
CN7,8G,32,1,1,8848,12256,43779,476054,570,213.16,7121,,12547.13,12545.9,12549.36,12547.21,1566.69,1566.64,1566.69,1566.7
CN7,8G,32,1,2,8848,12125,61080,408945,676,212.44,7009,,11977.28,11977.74,11977.22,11977.29,1495.49,1495.54,1495.53,1495.59
CN7,8G,32,1,3,9110,12649,65799,379585,572,213.19,7081,,12548.62,12547.01,12547.27,12547.99,1566.76,1566.69,1566.72,1566.72
CN7,8G,32,2,1,14484,20317,117965,463471,584,202.05,6637,,11711.53,11710.87,11711.16,11711.11,1462.31,1462.27,1462.34,1462.32
CN7,8G,32,2,2,14353,20317,66323,566232,596,207.77,6751,,11711.94,11711.24,11710.24,11713.2,1462.36,1462.28,1462.28,1462.37
CN7,8G,32,2,3,14484,20317,91751,400557,632,200.55,6679,,11711.54,11710.68,11711.66,11712.41,1462.37,1462.33,1462.33,1462.38
CN7,8G,32,4,1,22414,32113,193987,325059,512,190.37,6372,,11215.31,11212.6,11212.66,11214.15,1400.12,1400.04,1400.05,1400.14
CN7,8G,32,4,2,22414,32113,107480,287310,558,194.87,6526,,11711.72,11710.8,11710.58,11711.93,1462.38,1462.32,1462.33,1462.37
CN7,8G,32,4,3,22152,31065,88605,534774,666,197.43,6541,,11712.49,11711.26,11710.9,11711.92,1462.36,1462.31,1462.31,1462.36
CN7,8G,32,8,1,22414,31851,117965,346031,506,197.35,6612,,11711.46,11710.87,11710.78,11717.12,1462.39,1462.34,1462.36,1462.46
CN7,8G,32,8,2,21890,31065,68682,683672,542,193.82,6581,,11712.5,11711.51,11710.64,11712.29,1462.4,1462.35,1462.36,1462.41
CN7,8G,32,8,3,22152,31327,77071,413139,706,198.06,6643,,11711.07,11710.7,11711.17,11711.53,1462.39,1462.35,1462.38,1462.4
CN7,8G,32,16,1,22414,31589,158335,566232,636,193.75,6386,,11215.7,11215.07,11216.45,11216.29,1400.27,1400.25,1400.28,1400.31
CN7,8G,32,16,2,22414,31851,217056,346031,564,191.91,6426,,11460.25,11456.63,11460.07,11459.98,1430.68,1430.58,1430.69,1430.71
CN7,8G,32,16,3,22152,30802,95945,497026,598,195.34,6580,,11714.21,11713.55,11713.91,11714.33,1462.45,1462.42,1462.43,1462.46
CN7,16G,1,1,1,775,1012,1172,29492,1210,1462,1405.70,1475,152.28,151.68,9523.74,152.67,19.01,18.9,1189.28,19.04
CN7,16G,1,1,2,734,922,1139,30016,1212,1470,1393.61,1462,139.12,138.35,138.78,8886.95,17.44,17.35,17.4,1109.8
CN7,16G,1,1,3,734,988,1139,30278,1298,1466,1421.57,1491,8886.77,138.33,138.83,140.3,1109.77,17.34,17.4,17.51
CN7,16G,1,2,1,775,881,1156,16188,1268,1440,1387.48,1457,140.06,4512.52,4512.69,139.42,17.48,563.51,563.55,17.47
CN7,16G,1,2,2,775,955,1156,20317,1312,1462,1408.43,1477,4513.17,4512.65,139.49,139.4,563.61,563.53,17.41,17.47
CN7,16G,1,2,3,775,906,1139,17695,1310,1438,1392.78,1461,139.91,139.06,4513.54,4513.99,17.46,17.36,563.56,563.66
CN7,16G,1,4,1,766,906,1156,10290,1206,1474,1402.87,1472,2326.76,2325.78,2326.41,2326.99,290.52,290.43,290.5,290.57
CN7,16G,1,4,2,750,807,1090,14484,1308,1494,1416.96,1486,2326.62,2325.7,2326.2,2326.79,290.53,290.44,290.49,290.56
CN7,16G,1,4,3,758,955,1172,9765,1194,1428,1365.35,1432,2326.48,2325.43,2326.26,2326.78,290.53,290.43,290.49,290.56
CN7,16G,1,8,1,734,947,1254,10159,1226,1453,1401.43,1470,2326.48,2325.69,2326.19,2326.77,290.53,290.43,290.49,290.56
CN7,16G,1,8,2,775,865,1156,9634,1270,1484,1391.52,1460,2324.86,2323.4,2324.44,2324.95,290.3,290.19,290.26,290.33
CN7,16G,1,8,3,742,791,1045,8455,1366,1514,1449.45,1519,2492.86,2491.37,2492.41,2493.03,311.29,311.17,311.24,311.32
CN7,16G,1,16,1,775,906,1582,11731,1200,1464,1388.87,1457,2326.46,2325.47,2326.77,2326.89,290.53,290.43,290.51,290.56
CN7,16G,1,16,2,734,758,1696,11076,1309,1438,1389.70,1458,2326.25,2326.13,2326.37,2326.88,290.52,290.46,290.49,290.56
CN7,16G,1,16,3,766,889,1549,12518,1326,1438,1394.35,1463,2327.25,2325.33,2326.36,2326.94,290.56,290.42,290.5,290.57
CN7,16G,2,1,1,775,848,1090,26084,1288,1426,1377.52,2874,140.11,8885.46,8886.69,140.27,17.46,1109.64,1109.73,17.49
CN7,16G,2,1,2,791,865,1139,30540,1226,1430,1366.72,2843,8886.62,139.27,139.64,8886.92,1109.76,17.38,17.43,1109.79
CN7,16G,2,1,3,791,873,1123,29754,1224,1424,1349.50,2822,140.31,8885.46,8886.49,140.21,17.51,1109.63,1109.72,17.5
CN7,16G,2,2,1,865,979,1139,30016,1144,1392,1317.71,2741,4231.02,130.51,4231.6,8331.86,528.37,16.29,528.4,1040.43
CN7,16G,2,2,2,848,971,1139,30540,1142,1400,1314.69,2748,8331.77,4230.06,131.04,4232.13,1040.42,528.27,16.34,528.46
CN7,16G,2,2,3,840,955,1139,32637,1118,1382,1323.88,2760,4231.98,8330.81,4231.09,131.57,528.44,1040.31,528.33,16.41
CN7,16G,2,4,1,816,930,1139,19530,1214,1404,1345.77,2817,4513.71,4513.08,4513.3,4513.46,563.63,563.56,563.57,563.63
CN7,16G,2,4,2,832,971,1172,26608,1175,1400,1336.50,2791,4513.58,4512.68,4513.63,4514.19,563.62,563.52,563.6,563.67
CN7,16G,2,4,3,807,922,1188,20579,1206,1410,1350.56,2830,4513.58,4512.62,4513.5,4514.06,563.63,563.51,563.6,563.67
CN7,16G,2,8,1,816,922,1221,20579,1212,1398,1344.88,2820,4510.11,4509.55,4509.82,4510.78,563.19,563.1,563.15,563.24
CN7,16G,2,8,2,832,963,1188,20317,1206,1400,1330.54,2778,4231.55,4230.39,4231.16,4231.75,528.42,528.29,528.37,528.44
CN7,16G,2,8,3,824,947,1205,18744,1232,1478,1335.71,2797,4513.72,4512.89,4513.04,4513.93,563.64,563.54,563.57,563.66
CN7,16G,2,16,1,816,938,1450,20579,1214,1414,1347.79,2818,4514.05,4513.42,4513.57,4514.27,563.66,563.56,563.61,563.68
CN7,16G,2,16,2,832,955,1483,25035,1234,1402,1339.58,2797,4513.86,4513.16,4513.44,4514.0,563.64,563.55,563.6,563.67
CN7,16G,2,16,3,865,996,1516,23200,1208,1402,1325.79,2753,4231.68,4230.9,4231.41,4232.31,528.42,528.32,528.37,528.46
CN7,16G,4,1,1,881,963,1106,32375,1073,1448,1308.39,5253,8331.93,8331.02,8331.54,8332.13,1040.43,1040.34,1040.39,1040.45
CN7,16G,4,1,2,783,824,1106,46924,1210,1462,1370.81,5695,8886.54,8886.31,8886.99,8887.62,1109.76,1109.7,1109.76,1109.83
CN7,16G,4,1,3,791,840,1090,47973,1150,1484,1367.24,5713,8886.83,8886.2,8887.01,8887.57,1109.77,1109.69,1109.76,1109.83
CN7,16G,4,2,1,963,1106,1319,63177,962,1396,1268.18,5174,12431.67,12430.89,4231.28,4231.87,1552.43,1552.35,528.37,528.44
CN7,16G,4,2,2,971,1123,1336,60031,950,1434,1269.96,5187,4231.58,4230.74,12431.9,12432.31,528.43,528.33,1552.41,1552.48
CN7,16G,4,2,3,1037,1237,1467,60556,820,1416,1259.71,4887,11701.08,11699.93,3982.71,3983.44,1461.15,1461.04,497.32,497.42
CN7,16G,4,4,1,1029,1270,1582,40109,882,1432,1273.21,5237,8332.05,8331.77,8331.88,8332.03,1040.47,1040.4,1040.41,1040.45
CN7,16G,4,4,2,1020,1254,1500,45876,950,1440,1285.09,5331,8332.82,8331.48,8332.21,8332.73,1040.52,1040.39,1040.45,1040.51
CN7,16G,4,4,3,1045,1303,1565,61080,955,1420,1275.75,5231,8331.96,8331.25,8331.73,8332.13,1040.45,1040.37,1040.41,1040.47
CN7,16G,4,8,1,1057,1303,1549,46924,984,1418,1273.28,5251,8331.86,8330.76,8331.56,8332.08,1040.46,1040.33,1040.41,1040.48
CN7,16G,4,8,2,1045,1287,1549,40633,980,1418,1257.66,5254,8331.87,8330.84,8331.7,8333.04,1040.46,1040.35,1040.41,1040.54
CN7,16G,4,8,3,1029,1287,1631,44827,924,1410,1275.24,5198,8331.89,8330.99,8331.72,8332.3,1040.46,1040.36,1040.42,1040.48
CN7,16G,4,16,1,1037,1287,1565,47449,948,1406,1272.14,5271,8332.6,8331.76,8332.42,8332.95,1040.51,1040.41,1040.47,1040.53
CN7,16G,4,16,2,1037,1303,1582,45876,928,1420,1282.47,5330,8332.61,8331.96,8332.5,8333.03,1040.52,1040.44,1040.48,1040.56
CN7,16G,4,16,3,1029,1287,1598,47973,912,1440,1282.81,5228,8333.51,8332.42,8332.96,8333.48,1040.55,1040.46,1040.49,1040.55
CN7,16G,8,1,1,1909,2606,5604,128451,394,1334,925.30,7653,12597.21,12596.43,12597.12,12597.62,1573.01,1572.94,1572.98,1573.04
CN7,16G,8,1,2,1893,2638,6325,189793,240,1338,919.13,7608,12024.74,12022.67,12024.2,12024.99,1501.52,1501.36,1501.43,1501.53
CN7,16G,8,1,3,1860,2606,7111,240124,384,1312,908.00,7448,12597.24,12596.5,12596.96,12597.5,1573.01,1572.96,1572.97,1573.07
CN7,16G,8,2,1,2008,3425,10814,267387,1234,896.57,7321,,12025.94,12024.15,12024.0,12025.92,1501.51,1501.45,1501.47,1501.52
CN7,16G,8,2,2,1975,3687,12256,160433,204,1238,892.74,7122,11501.89,11501.65,11501.55,11501.79,1436.24,1436.22,1436.24,1436.26
CN7,16G,8,2,3,2040,3458,10159,287310,366,1214,886.87,7265,12025.06,12023.81,12024.98,12025.0,1501.57,1501.47,1501.54,1501.59
CN7,16G,8,4,1,1958,4146,11994,158335,350,1192,866.78,7232,12024.96,12024.3,12024.83,12024.98,1501.58,1501.51,1501.55,1501.6
CN7,16G,8,4,2,1827,4015,12387,225444,240,1152,883.69,7335,12024.9,12024.43,12024.46,12025.11,1501.58,1501.52,1501.54,1501.61
CN7,16G,8,4,3,1893,4080,13435,270533,1154,854.04,7090,,12024.67,12023.92,12024.27,12024.74,1501.55,1501.47,1501.51,1501.56
CN7,16G,8,8,1,1958,4293,13566,173016,382,1154,867.79,7206,12024.88,12024.27,12024.57,12026.73,1501.57,1501.5,1501.54,1501.57
CN7,16G,8,8,2,2024,4178,13566,223347,389,1168,863.23,7228,12025.37,12025.03,12025.47,12026.04,1501.61,1501.54,1501.58,1501.64
CN7,16G,8,8,3,1975,4080,13829,181404,300,1182,871.37,7315,12027.18,12024.25,12025.42,12025.75,1501.61,1501.51,1501.58,1501.63
CN7,16G,8,16,1,1942,4228,13829,267387,1154,850.63,7098,,11496.25,11497.22,11498.68,11498.46,1435.54,1435.53,1435.56,1435.59
CN7,16G,8,16,2,2008,4424,10945,105382,516,1160,887.09,7348,12025.52,12024.91,12025.26,12025.5,1501.63,1501.54,1501.6,1501.66
CN7,16G,8,16,3,2040,4113,11207,227541,358,1156,871.13,7307,12025.47,12024.95,12025.2,12025.63,1501.64,1501.58,1501.61,1501.65
CN7,16G,16,1,1,4228,5866,10290,346031,950,431.38,7171,,12257.63,12257.04,12256.96,12258.02,1530.37,1530.34,1530.35,1530.38
CN7,16G,16,1,2,4228,5866,11863,337642,920,429.39,7149,,12548.11,12547.7,12548.36,12548.39,1566.87,1566.79,1566.85,1566.88
CN7,16G,16,1,3,4228,5997,10290,417334,112,986,428.87,7135,12548.32,12548.07,12548.02,12548.31,1566.87,1566.83,1566.85,1566.88
CN7,16G,16,2,1,6259,9634,28705,400557,936,417.06,6901,,11974.96,11975.81,11975.31,11974.49,1495.23,1495.25,1495.25,1495.22
CN7,16G,16,2,2,6128,9372,17171,337642,114,852,418.35,6990,12256.42,12256.15,12256.7,12256.66,1530.45,1530.41,1530.47,1530.46
CN7,16G,16,2,3,6194,9634,22414,413139,904,417.71,6913,,12256.38,12256.14,12256.37,12256.26,1530.45,1530.42,1530.44,1530.45
CN7,16G,16,4,1,9241,15533,58983,442500,824,384.91,6451,,11458.2,11458.04,11457.36,11457.0,1430.69,1430.66,1430.68,1430.66
CN7,16G,16,4,2,9372,15795,68682,242222,852,395.40,6613,,11711.98,11711.48,11711.89,11711.66,1462.46,1462.42,1462.43,1462.45
CN7,16G,16,4,3,9372,15926,37487,258999,112,802,398.65,6675,11713.12,11713.11,11712.48,11712.14,1462.45,1462.43,1462.44,1462.47
CN7,16G,16,8,1,9110,15401,34866,225444,150,862,407.42,6825,11981.76,11980.52,11978.96,11981.75,1495.75,1495.76,1495.75,1495.82
CN7,16G,16,8,2,9241,15401,25035,375391,810,402.56,6735,,11986.75,11986.74,11987.07,11978.33,1495.73,1495.71,1495.72,1495.75
CN7,16G,16,8,3,9241,15401,44303,246416,862,402.31,6747,,11979.01,11978.66,11987.13,11978.32,1495.72,1495.69,1495.73,1495.73
CN7,16G,16,16,1,9372,15664,30278,358613,832,394.94,6616,,11714.61,11714.57,11714.83,11715.04,1462.55,1462.52,1462.54,1462.56
CN7,16G,16,16,2,9110,15270,58459,333448,830,396.21,6644,,11718.6,11713.39,11713.8,11713.83,1462.54,1462.5,1462.55,1462.56
CN7,16G,16,16,3,9241,15270,25297,354419,136,802,404.11,6815,11980.22,11981.44,11981.97,11981.59,1495.79,1495.78,1495.8,1495.81
CN7,16G,32,1,1,8979,12256,80217,400557,570,209.38,6985,,12828.81,12828.69,12828.9,12828.93,1601.86,1601.84,1601.85,1601.86
CN7,16G,32,1,2,9241,12649,129500,392168,598,204.58,6783,,12522.75,12523.14,12522.68,12523.27,1563.71,1563.7,1563.71,1563.72
CN7,16G,32,1,3,9241,12780,87557,299893,564,209.19,6965,,12674.62,12674.55,12674.55,12673.81,1582.62,1582.6,1582.61,1582.57
CN7,16G,32,2,1,14746,21365,154141,467665,510,196.54,6562,,12091.6,12091.35,12091.51,12091.38,1509.86,1509.85,1509.85,1509.86
CN7,16G,32,2,2,14746,21365,154141,408945,779,197.35,6534,,12091.39,12091.38,12091.32,12091.3,1509.82,1509.81,1509.82,1509.83
CN7,16G,32,2,3,14615,21627,177210,408945,495,194.88,6444,,11819.42,11819.54,11819.64,11820.32,1475.89,1475.88,1475.9,1475.93
CN7,16G,32,4,1,23462,33817,103285,375391,498,186.82,6263,,11560.01,11559.97,11560.07,11560.84,1443.48,1443.46,1443.47,1443.52
CN7,16G,32,4,2,23200,33162,99091,517997,510,187.99,6301,,11568.99,11569.09,11568.69,11559.97,1443.51,1443.47,1443.5,1443.52
CN7,16G,32,4,3,22938,32375,99091,404751,471,191.28,6421,,11829.09,11819.82,11829.02,11828.92,1475.95,1475.93,1475.94,1475.95
CN7,16G,32,8,1,23462,33817,94897,246416,594,189.65,6351,,11688.45,11689.68,11690.15,11688.77,1459.54,1459.56,1459.57,1459.57
CN7,16G,32,8,2,23200,33424,181404,400557,610,186.14,6235,,11561.4,11560.45,11560.89,11560.83,1443.55,1443.52,1443.55,1443.56
CN7,16G,32,8,3,22938,33162,156238,354419,496,186.47,6295,,11565.31,11561.46,11561.4,11560.12,1443.54,1443.54,1443.56,1443.53
CN7,16G,32,16,1,23200,32900,92799,341836,587,191.93,6431,,11823.28,11822.96,11822.73,11829.09,1476.07,1476.07,1476.08,1476.09
CN7,16G,32,16,2,22938,32113,117965,438305,572,188.69,6382,,11820.51,11820.39,11824.58,11824.69,1476.05,1476.03,1476.04,1476.05
CN7,16G,32,16,3,23200,32900,107480,400557,502,189.83,6373,,11689.22,11694.25,11694.52,11694.29,1459.65,1459.64,1459.65,1459.66
CN7,32G,1,1,1,799,906,1156,33817,1192,1468,1352.25,1416,92.23,93.25,9802.46,93.06,10.41,10.34,1224.08,10.41
CN7,32G,1,1,2,750,865,1139,30016,1214,1468,1412.43,1481,83.99,83.63,84.31,10177.32,10.5,10.45,10.52,1270.9
CN7,32G,1,1,3,766,840,1106,30016,1198,1468,1383.04,1451,9796.42,80.37,80.66,81.59,1223.31,10.06,10.09,10.17
CN7,32G,1,2,1,717,865,1139,17957,1254,1480,1428.42,1499,84.54,5130.29,5130.47,83.95,10.55,640.64,640.67,10.52
CN7,32G,1,2,2,775,889,1156,16057,1168,1446,1380.09,1448,4941.14,80.7,80.5,4940.86,616.97,10.08,10.09,616.98
CN7,32G,1,2,3,775,898,1139,15664,1210,1480,1396.35,1465,81.25,80.39,4940.56,4941.16,10.14,10.06,616.94,617.0
CN7,32G,1,4,1,742,889,1156,10814,1276,1512,1423.24,1493,2607.63,2606.96,2607.51,2607.87,325.6,325.54,325.6,325.64
CN7,32G,1,4,2,783,898,1188,9634,1186,1450,1378.34,1446,2511.13,2510.63,2510.9,2511.2,313.55,313.5,313.53,313.57
CN7,32G,1,4,3,750,824,1123,9896,1283,1494,1417.52,1486,2607.59,2607.11,2607.39,2607.82,325.61,325.55,325.58,325.63
CN7,32G,1,8,1,758,840,1156,9503,1230,1506,1410.43,1479,2606.49,2606.09,2606.18,2606.68,325.47,325.41,325.44,325.48
CN7,32G,1,8,2,750,848,1156,10028,1300,1496,1424.29,1495,2607.81,2607.22,2607.11,2607.78,325.6,325.55,325.57,325.63
CN7,32G,1,8,3,734,898,1156,10552,1226,1456,1394.48,1462,2511.15,2510.73,2510.47,2511.52,313.55,313.5,313.51,313.58
CN7,32G,1,16,1,750,922,1188,11207,1176,1459,1412.59,1482,2607.84,2607.29,2607.11,2608.0,325.62,325.56,325.58,325.64
CN7,32G,1,16,2,758,889,1205,10552,1190,1497,1384.28,1452,2511.22,2510.79,2510.91,2511.33,313.57,313.51,313.54,313.58
CN7,32G,1,16,3,742,824,1188,10814,1320,1502,1418.28,1487,2607.68,2607.36,2607.71,2607.84,325.62,325.56,325.61,325.64
CN7,32G,2,1,1,824,881,1090,30278,1132,1424,1332.71,2790,78.38,9450.15,9450.41,78.53,9.77,1180.07,1180.11,9.78
CN7,32G,2,1,2,824,881,1037,30802,1160,1444,1342.28,2792,9450.22,78.03,78.65,9450.4,1180.1,9.73,9.8,1180.12
CN7,32G,2,1,3,840,898,1045,30278,1116,1434,1309.83,2716,78.43,9449.81,9450.06,77.89,9.79,1180.05,1180.08,9.76
CN7,32G,2,2,1,840,898,1037,18744,1070,1406,1333.10,2790,4764.2,4764.72,4764.73,4764.41,594.92,594.93,594.97,594.94
CN7,32G,2,2,2,832,889,1074,17171,1090,1452,1339.71,2803,4764.77,4764.41,4764.45,4765.03,594.95,594.92,594.94,594.97
CN7,32G,2,2,3,848,906,1074,19006,1078,1440,1340.23,2807,4764.82,4764.38,4764.42,4764.89,594.95,594.9,594.94,594.98
CN7,32G,2,4,1,1172,1532,1745,20317,764,1452,1251.11,2591,4447.43,4446.69,4446.53,4447.27,555.32,555.24,555.26,555.32
CN7,32G,2,4,2,1106,1500,1745,21627,760,1394,1254.52,2624,4600.63,4600.17,4600.42,4600.7,574.46,574.41,574.44,574.47
CN7,32G,2,4,3,1156,1450,1663,26084,764,1404,1259.07,2644,4598.69,4598.65,4598.37,4598.79,574.22,574.18,574.2,574.24
CN7,32G,2,8,1,1057,1434,1696,19792,742,1438,1296.54,2657,4600.84,4600.35,4600.29,4600.5,574.46,574.41,574.43,574.44
CN7,32G,2,8,2,1090,1467,1729,20841,706,1458,1269.22,2622,4600.71,4600.36,4600.43,4600.75,574.46,574.41,574.44,574.47
CN7,32G,2,8,3,1123,1434,1680,21365,792,1382,1259.79,2621,4600.58,4599.74,4600.2,4600.68,574.46,574.38,574.43,574.46
CN7,32G,2,16,1,1172,1467,1680,24773,822,1416,1259.46,2636,4600.48,4600.37,4600.2,4600.72,574.46,574.42,574.43,574.48
CN7,32G,2,16,2,1090,1467,1696,25560,750,1420,1286.10,2689,4601.79,4600.3,4600.41,4600.87,574.47,574.41,574.43,574.48
CN7,32G,2,16,3,1156,1500,1729,22938,734,1384,1245.40,2611,4448.01,4446.6,4448.2,4447.51,555.28,555.23,555.3,555.33
CN7,32G,4,1,1,832,889,1057,42206,1124,1462,1324.94,5500,9450.83,9450.15,9450.62,9450.98,1180.15,1180.08,1180.14,1180.17
CN7,32G,4,1,2,848,922,1057,49021,856,1480,1317.19,5436,9450.82,9450.35,9450.78,9450.36,1180.15,1180.1,1180.14,1180.12
CN7,32G,4,1,3,799,832,1020,47449,1140,1442,1336.45,5554,9450.78,9450.77,9450.7,9450.46,1180.16,1180.11,1180.14,1180.13
CN7,32G,4,2,1,996,1139,1319,50594,856,1442,1259.72,5201,8821.08,8820.84,8820.18,8820.95,1101.49,1101.44,1101.43,1101.47
CN7,32G,4,2,2,1012,1156,1336,55313,782,1438,1255.57,5141,8819.26,8817.97,8817.39,8818.28,1101.12,1101.08,1101.07,1101.12
CN7,32G,4,2,3,1029,1188,1418,53216,878,1426,1246.38,5098,8821.36,8820.28,8820.76,8821.33,1101.5,1101.41,1101.47,1101.51
CN7,32G,4,4,1,1123,1336,1598,45351,896,1360,1191.54,4974,8536.43,8536.3,8536.34,8536.57,1065.96,1065.95,1065.97,1065.97
CN7,32G,4,4,2,1123,1352,1614,50070,884,1426,1205.19,4922,8536.49,8535.87,8536.42,8536.62,1065.97,1065.9,1065.95,1065.98
CN7,32G,4,4,3,1106,1352,1647,50070,946,1426,1214.09,5048,8821.09,8820.89,8820.86,8821.23,1101.5,1101.47,1101.48,1101.51
CN7,32G,4,8,1,1106,1319,1631,46924,798,1454,1215.75,4952,8536.82,8536.1,8535.95,8536.7,1065.99,1065.93,1065.93,1065.99
CN7,32G,4,8,2,1123,1352,1614,49546,938,1358,1189.93,4926,8536.94,8536.71,8536.87,8537.17,1066.01,1065.98,1065.99,1066.03
CN7,32G,4,8,3,1106,1336,1565,54264,868,1414,1216.38,5067,8821.53,8820.89,8821.43,8821.76,1101.55,1101.49,1101.53,1101.56
CN7,32G,4,16,1,1123,1352,1614,48497,721,1396,1211.75,4906,8533.56,8533.01,8533.33,8533.66,1065.59,1065.53,1065.57,1065.61
CN7,32G,4,16,2,1106,1319,1582,49021,806,1396,1211.77,4971,8537.81,8536.0,8537.46,8537.78,1066.03,1065.92,1066.02,1066.05
CN7,32G,4,16,3,1106,1336,1647,47449,988,1408,1216.22,5020,8538.12,8537.08,8537.19,8537.32,1066.05,1066.0,1066.02,1066.04
CN7,32G,8,1,1,1958,2737,7177,227541,1340,880.43,7330,,12855.96,12855.59,12855.82,12856.23,1605.29,1605.25,1605.28,1605.3
CN7,32G,8,1,2,1926,2835,8225,261096,208,1312,877.71,7223,12856.15,12856.05,12856.34,12856.35,1605.29,1605.31,1605.33,1605.35
CN7,32G,8,1,3,1926,2638,5800,214959,295,1339,884.57,7270,12856.22,12855.87,12856.21,12856.0,1605.3,1605.31,1605.33,1605.31
CN7,32G,8,2,1,2089,3949,13042,283116,1298,849.81,6904,,12258.27,12257.91,12258.13,12258.43,1530.65,1530.65,1530.68,1530.71
CN7,32G,8,2,2,2147,3752,12387,221250,1222,859.09,7038,,12550.53,12549.62,12550.53,12550.39,1567.15,1567.1,1567.13,1567.14
CN7,32G,8,2,3,2114,3720,11731,254804,1238,851.25,7015,,12550.21,12550.16,12550.33,12550.4,1567.1,1567.11,1567.13,1567.15
CN7,32G,8,4,1,2147,4490,11469,141558,424,1160,858.07,7110,12546.72,12546.18,12546.36,12546.82,1566.73,1566.68,1566.7,1566.74
CN7,32G,8,4,2,2073,4424,14746,225444,188,1154,821.43,6811,11980.32,11978.88,11980.16,11979.55,1495.93,1495.83,1495.92,1495.89
CN7,32G,8,4,3,2212,4686,14746,181404,110,1180,827.11,6791,11979.42,11979.19,11980.24,11980.52,1495.88,1495.85,1495.92,1495.95
CN7,32G,8,8,1,2245,4817,13304,115868,434,1148,849.12,7066,12551.39,12549.91,12550.39,12550.68,1567.17,1567.14,1567.16,1567.18
CN7,32G,8,8,2,2376,4883,14353,84411,618,1166,840.62,6995,12550.4,12550.04,12550.43,12550.52,1567.18,1567.14,1567.16,1567.19
CN7,32G,8,8,3,2245,4817,14091,346031,247,1176,818.07,6820,11982.76,11982.03,11982.6,11982.86,1496.04,1496.0,1496.03,1496.05
CN7,32G,8,16,1,2376,5080,13304,86508,330,1156,834.79,6899,12258.12,12256.52,12256.56,12256.97,1530.4,1530.41,1530.43,1530.47
CN7,32G,8,16,2,2278,4686,13960,265290,1162,824.10,6897,,12261.53,12260.5,12261.25,12261.35,1530.81,1530.77,1530.79,1530.82
CN7,32G,8,16,3,2343,4883,13960,94897,392,1156,844.54,6996,12550.53,12550.2,12550.39,12550.44,1567.2,1567.18,1567.2,1567.22
CN7,32G,16,1,1,4359,6194,10290,341836,140,1012,425.97,7102,12987.93,12987.64,12987.75,12987.93,1621.76,1621.74,1621.75,1621.77
CN7,32G,16,1,2,4359,6259,17957,291505,112,1012,422.40,7007,12829.88,12829.32,12829.18,12830.01,1602.04,1601.97,1601.98,1602.05
CN7,32G,16,1,3,4359,6128,12387,354419,944,425.71,7085,,12986.57,12986.47,12986.7,12986.49,1621.6,1621.58,1621.6,1621.62
CN7,32G,16,2,1,6325,9896,58983,337642,1006,411.97,6780,,12524.47,12524.19,12524.25,12524.51,1563.91,1563.89,1563.9,1563.91
CN7,32G,16,2,2,6390,9896,32637,400557,924,411.56,6804,,12524.77,12524.29,12524.52,12524.56,1563.91,1563.85,1563.86,1563.87
CN7,32G,16,2,3,6259,9634,18482,400557,910,414.78,6793,,12377.83,12378.15,12377.64,12377.74,1545.57,1545.55,1545.52,1545.58
CN7,32G,16,4,1,9503,15795,29230,325059,842,393.34,6578,,12093.57,12093.17,12093.16,12092.88,1510.0,1509.99,1510.0,1510.02
CN7,32G,16,4,2,9765,16581,29492,175113,876,398.92,6668,,12233.23,12232.84,12233.08,12233.26,1527.57,1527.55,1527.56,1527.57
CN7,32G,16,4,3,9503,16188,51119,325059,1074,396.07,6621,,12233.14,12232.87,12233.03,12233.11,1527.57,1527.54,1527.56,1527.58
CN7,32G,16,8,1,9503,15926,28443,304088,148,856,399.19,6688,12375.46,12375.32,12375.41,12375.79,1545.36,1545.35,1545.35,1545.37
CN7,32G,16,8,2,9765,16909,38011,254804,818,392.74,6584,,12091.62,12091.35,12091.22,12091.58,1509.86,1509.83,1509.83,1509.86
CN7,32G,16,8,3,9503,16188,63177,299893,874,389.86,6519,,11955.71,11954.94,11955.76,11960.01,1492.88,1492.82,1492.87,1492.88
CN7,32G,16,16,1,9503,16057,65274,329253,898,390.21,6536,,11954.7,11953.82,11954.88,11954.53,1492.74,1492.67,1492.73,1492.74
CN7,32G,16,16,2,9503,16057,64226,329253,1154,389.98,6535,,11956.08,11955.26,11956.42,11956.58,1492.9,1492.86,1492.89,1492.91
CN7,32G,16,16,3,9634,16581,66323,231736,1115,391.52,6529,,12093.51,12092.97,12093.36,12094.77,1510.13,1510.07,1510.12,1510.14
CN7,32G,32,1,1,9372,12911,126354,591397,736,205.88,6812,,12772.29,12772.18,12772.11,12772.29,1595.46,1595.43,1595.45,1595.47
CN7,32G,32,1,2,9372,13042,152044,557843,658,205.27,6774,,12685.34,12684.64,12684.97,12685.06,1585.36,1585.29,1585.31,1585.31
CN7,32G,32,1,3,9372,13173,127402,476054,696,205.78,6802,,12684.66,12685.36,12685.04,12685.08,1585.31,1585.31,1585.3,1585.3
CN7,32G,32,2,1,15008,22152,191890,476054,822,193.12,6392,,11995.09,11998.12,11992.81,11990.14,1499.11,1499.47,1498.87,1498.51
CN7,32G,32,2,2,15270,22414,208667,505414,976,190.30,6326,,11855.16,11854.99,11855.05,11855.11,1481.63,1481.62,1481.63,1481.64
CN7,32G,32,2,3,15139,22414,219153,583009,824,190.72,6319,,11855.39,11855.08,11855.59,11855.61,1481.64,1481.63,1481.63,1481.64
CN7,32G,32,4,1,23462,34341,127402,425722,554,186.44,6238,,11713.59,11715.24,11713.92,11714.44,1464.03,1464.06,1464.03,1464.07
CN7,32G,32,4,2,24249,34866,89654,484443,666,184.93,6156,,11507.77,11506.81,11506.97,11507.39,1438.15,1438.17,1438.18,1438.24
CN7,32G,32,4,3,23987,34341,95945,421528,585,186.69,6220,,11645.1,11645.86,11644.59,11644.71,1455.41,1455.44,1455.36,1455.39
CN7,32G,32,8,1,24249,34341,94897,396362,582,185.41,6195,,11578.93,11577.96,11578.23,11578.75,1447.04,1447.06,1447.09,1447.14
CN7,32G,32,8,2,24249,34866,92799,471860,782,185.47,6154,,11512.51,11511.85,11511.77,11511.56,1438.75,1438.78,1438.78,1438.74
CN7,32G,32,8,3,23462,33817,108528,329253,594,187.83,6266,,11716.07,11714.92,11715.31,11715.3,1464.19,1464.16,1464.2,1464.2
CN7,32G,32,16,1,23987,34341,112722,392168,606,184.75,6164,,11580.64,11579.88,11580.21,11579.92,1447.33,1447.3,1447.32,1447.31
CN7,32G,32,16,2,24249,35390,91751,304088,686,185.18,6155,,11503.11,11502.75,11502.51,11502.59,1437.65,1437.67,1437.62,1437.64
CN7,32G,32,16,3,24249,35390,101188,346031,550,183.60,6146,,11514.41,11514.44,11513.56,11516.01,1438.99,1438.99,1438.96,1438.99
