0917-1428
CN7,4G,1,1,1,857,1037,1270,7046,1342,1476,1421.60,1494,392.06,390.24,391.4,6279.9,49.12,48.9,49.04,733.97
CN7,4G,1,1,2,906,1057,1254,3097,1320,1486,1394.20,1472,6404.21,390.21,391.38,392.57,733.9,48.89,49.04,49.19
CN7,4G,1,1,3,881,1045,1352,3032,1334,1484,1413.60,1493,392.04,6278.53,391.36,392.54,49.12,730.63,49.03,49.18
CN7,4G,1,2,1,881,1057,1156,1876,1328,1456,1382.60,1462,392.02,390.19,3479.07,3435.98,49.12,48.89,391.12,390.4
CN7,4G,1,2,2,873,1037,1123,1745,1274,1490,1407.80,1485,3551.5,3501.17,391.32,392.51,392.69,391.94,49.03,49.18
CN7,4G,1,2,3,848,1020,1106,1909,1312,1512,1432.80,1507,3524.15,390.16,391.3,3505.49,392.43,48.89,49.03,392.12
CN7,4G,1,4,1,848,1020,1156,1811,1198,1482,1413.60,1490,1862.47,1864.13,1821.94,1855.31,211.38,210.3,210.39,210.36
CN7,4G,1,4,2,881,1045,1401,1926,1312,1458,1392.80,1468,1852.29,1878.12,1852.26,1842.29,211.31,210.43,211.86,210.98
CN7,4G,1,4,3,906,1037,1237,2933,1260,1532,1407.20,1483,1853.94,1866.1,1854.41,1853.61,210.27,210.53,211.17,210.9
CN7,4G,1,8,1,799,979,1762,1909,1342,1516,1454.80,1531,1919.42,1953.42,1927.89,1934.09,218.46,219.0,219.05,219.08
CN7,4G,1,8,2,848,1029,1762,1860,1262,1478,1415.60,1492,1928.4,1948.9,1918.88,1952.57,219.07,218.25,218.37,220.05
CN7,4G,1,8,3,922,1074,1745,1876,1324,1434,1389.20,1471,1951.72,1937.88,1909.19,1947.06,220.03,218.09,218.68,219.31
CN7,4G,1,16,1,906,1074,1696,1876,1312,1532,1394.80,1482,1966.37,1962.53,2001.67,1946.87,220.3,218.87,221.47,220.13
CN7,4G,1,16,2,840,1037,1582,2376,1260,1508,1419.00,1493,1936.35,1957.02,1921.32,1952.19,218.97,218.21,218.3,219.81
CN7,4G,1,16,3,873,1057,1663,2835,1252,1458,1394.00,1470,1944.17,1966.67,1956.31,1919.17,219.65,219.53,219.37,218.9
CN7,4G,2,1,1,791,979,1270,1844,1384,1494,1426.80,2958,391.82,389.98,6316.29,6377.65,49.09,48.86,735.16,737.06
CN7,4G,2,1,2,799,1029,1401,1926,1270,1474,1393.60,2890,6174.96,6345.96,391.12,392.32,732.96,732.07,49.0,49.15
CN7,4G,2,1,3,824,1004,1254,1844,1316,1438,1393.40,2900,391.79,389.96,6186.93,6351.8,49.09,48.86,730.62,735.95
CN7,4G,2,2,1,799,938,1106,1926,1337,1447,1413.20,2926,3471.93,3544.6,3523.93,3435.63,389.7,392.14,393.0,389.39
CN7,4G,2,2,2,799,947,1123,1876,1364,1464,1399.20,2917,3542.59,3494.92,3506.25,3488.45,391.86,389.75,391.5,390.93
CN7,4G,2,2,3,783,947,1123,1827,1352,1462,1423.60,2961,3494.25,3522.91,3485.24,3505.77,391.33,390.54,390.6,392.92
CN7,4G,2,4,1,824,996,1418,1844,1263,1442,1391.10,2901,3469.73,3522.4,3521.23,3586.93,388.97,389.25,391.09,395.61
CN7,4G,2,4,2,824,988,1221,3851,1336,1456,1408.80,2926,3448.06,3520.22,3451.38,3491.41,389.05,390.01,387.72,389.51
CN7,4G,2,4,3,824,988,1270,1893,1352,1434,1405.60,2930,3522.04,3534.38,3491.37,3509.24,391.43,389.89,389.2,390.58
CN7,4G,2,8,1,832,996,1483,1778,1260,1400,1357.82,2842,3452.87,3521.87,3416.53,3495.06,388.68,391.04,387.73,388.93
CN7,4G,2,8,2,734,881,1713,3425,1388,1570,1499.80,3138,3467.35,3496.69,3425.01,3504.05,389.42,391.0,388.04,390.98
CN7,4G,2,8,3,848,1029,1565,1909,1300,1440,1384.20,2884,3453.01,3496.84,3436.5,3509.37,388.91,391.07,387.34,390.73
CN7,4G,2,16,1,840,996,1647,2114,1266,1424,1383.40,2871,3532.83,3474.5,3502.66,3505.19,389.38,388.29,388.51,389.44
CN7,4G,2,16,2,840,1012,1696,1860,1288,1424,1379.00,2872,3503.65,3442.49,3471.48,3552.18,390.18,388.63,388.0,391.5
CN7,4G,2,16,3,857,1029,1582,1827,1282,1442,1378.40,2875,3493.31,3469.97,3481.3,3627.17,388.93,388.2,389.75,397.03
CN7,4G,4,1,1,816,1004,1287,1811,1288,1462,1407.65,5879,6521.9,6347.81,6477.19,6528.4,733.55,722.68,724.31,729.05
CN7,4G,4,1,2,807,1020,1450,1827,1320,1468,1420.70,5832,6302.63,6414.96,6373.62,6143.32,732.34,734.41,734.14,723.06
CN7,4G,4,1,3,816,1139,3752,6915,1294,1484,1442.55,5869,6565.62,6594.46,6665.28,6611.15,727.02,728.48,736.07,731.06
CN7,4G,4,2,1,922,1123,1418,2769,1250,1416,1347.57,5485,6588.09,6604.48,6572.13,6534.33,730.41,733.05,726.69,729.06
CN7,4G,4,2,2,971,1156,1500,2147,1180,1374,1326.75,5411,6622.62,6631.95,6623.45,6604.65,736.53,735.43,733.81,732.95
CN7,4G,4,2,3,930,1123,1434,4080,1234,1430,1353.39,5524,6771.95,6548.78,6598.11,6640.14,736.1,731.13,727.17,731.68
CN7,4G,4,4,1,996,1188,1582,6128,1210,1362,1304.96,5339,6663.95,6577.95,6691.44,6589.48,740.18,734.74,738.12,733.73
CN7,4G,4,4,2,988,1188,1598,3654,1188,1360,1314.92,5391,6694.78,6595.28,6692.94,6602.31,737.31,730.08,736.24,730.81
CN7,4G,4,4,3,979,1156,1713,4293,1198,1388,1308.58,5182,6513.78,6502.95,6542.28,6438.14,728.76,729.94,732.4,726.4
CN7,4G,4,8,1,1004,1270,1893,3359,1184,1336,1283.75,5340,6698.11,6609.11,6686.27,6720.97,737.4,729.78,736.97,738.65
CN7,4G,4,8,2,1045,1303,1975,5800,1119,1322,1251.88,5138,6625.44,6680.28,6525.94,6709.47,736.97,739.79,730.45,739.07
CN7,4G,4,8,3,996,1205,1729,4146,1200,1394,1288.12,5156,6701.76,6704.24,6730.12,6573.02,731.77,737.33,739.05,726.74
CN7,4G,4,16,1,1012,1352,2040,3851,1218,1352,1296.50,5394,6785.44,6740.44,6718.43,6617.96,730.08,734.88,737.32,730.7
CN7,4G,4,16,2,988,1336,4621,6718,1156,1418,1324.00,5301,6867.76,6769.48,6912.47,6701.94,735.68,731.28,733.07,729.49
CN7,4G,4,16,3,996,1303,2278,3949,1184,1366,1308.42,5263,6904.44,6666.17,6802.27,6694.77,735.98,728.24,729.07,730.7
CN7,4G,8,1,1,5473,7963,10945,12518,476,1344,579.17,4825,7959.5,7734.13,7903.96,7697.14,850.39,851.5,847.72,850.56
CN7,4G,8,1,2,4752,7308,10421,16188,506,1352,644.56,5309,8804.63,8586.85,8914.41,8558.87,945.14,952.76,951.56,949.79
CN7,4G,8,1,3,5211,7767,10945,14877,486,1336,599.40,4970,8034.28,7841.37,8069.57,7730.69,855.54,859.01,856.14,854.36
CN7,4G,8,2,1,5866,8717,11994,15139,452,1304,583.63,4837,7993.38,7780.98,8066.88,7828.09,850.5,853.61,857.3,856.15
CN7,4G,8,2,2,5473,8356,11338,14615,466,1280,617.57,5134,7997.29,7815.19,7947.59,7752.6,854.3,860.64,857.23,855.47
CN7,4G,8,2,3,5604,8356,11469,14091,478,1270,593.27,4913,8116.4,7899.2,8099.3,7846.11,859.65,862.5,856.3,856.75
CN7,4G,8,4,1,6980,10421,15008,18482,458,1224,579.33,4813,7867.37,7834.66,8138.52,7871.91,853.73,853.86,857.02,860.0
CN7,4G,8,4,2,6652,10290,14877,17171,456,1196,575.46,4795,7935.02,7804.81,8039.42,7856.73,866.13,856.36,856.85,860.72
CN7,4G,8,4,3,6915,10552,13960,17695,458,1274,574.16,4745,8010.73,7858.02,8214.52,7920.33,864.14,860.94,858.13,858.51
CN7,4G,8,8,1,7111,10683,15270,19006,471,1226,589.27,4881,8006.68,7984.92,8114.19,7905.99,859.69,862.82,858.01,862.69
CN7,4G,8,8,2,6128,12649,39584,84411,418,1168,618.35,5161,7922.7,7790.1,7733.89,7748.01,865.07,857.68,861.27,859.89
CN7,4G,8,8,3,7111,10552,14091,16909,476,1218,582.33,4842,7958.95,7912.84,8141.15,8053.66,857.66,857.64,859.42,865.17
CN7,4G,8,16,1,7635,11338,15795,19530,430,1156,539.81,4498,7464.51,7424.96,7470.24,7456.42,784.5,784.26,783.38,785.94
CN7,4G,8,16,2,7570,11338,14615,19006,432,1166,555.03,4586,7331.89,7267.99,7459.1,7309.58,782.33,778.47,777.47,784.46
CN7,4G,8,16,3,7177,10814,14353,20055,440,1164,569.49,4734,8015.07,8021.47,7985.38,7960.68,863.06,856.29,863.74,860.39
CN7,4G,16,1,1,9372,11994,15795,19268,218,948,269.61,4502,8665.94,8680.54,8564.46,8672.31,942.13,941.19,936.22,941.98
CN7,4G,16,1,2,8979,11731,15270,17957,222,908,276.91,4624,8599.79,8584.73,8606.19,8604.91,940.58,941.85,941.92,940.98
CN7,4G,16,1,3,8586,11207,14746,26346,234,1034,292.53,4845,8945.28,9036.17,9070.02,8959.55,993.39,993.84,996.66,992.32
CN7,4G,16,2,1,10552,13304,17171,21103,219,880,265.18,4427,8232.67,8282.77,8263.72,8225.09,891.75,895.88,894.04,893.33
CN7,4G,16,2,2,9896,13173,18220,22938,234,900,286.47,4774,8577.83,8580.83,8477.56,8501.62,944.69,944.01,941.48,938.52
CN7,4G,16,2,3,10421,13435,17171,20317,212,852,266.84,4444,8236.76,8190.9,8282.16,8244.71,893.26,892.33,894.55,893.76
CN7,4G,16,4,1,13042,17171,21890,25560,234,872,275.42,4608,8683.25,8748.04,8648.85,8688.23,944.9,948.98,942.69,946.99
CN7,4G,16,4,2,13960,18744,23987,27657,240,882,285.54,4774,8655.58,8587.17,8560.97,8498.5,946.2,945.26,945.32,944.04
CN7,4G,16,4,3,14877,19792,25035,28705,226,894,269.63,4512,8716.88,8718.16,8659.4,8726.04,946.67,945.88,947.82,946.19
CN7,4G,16,8,1,14484,19530,25297,31327,216,842,256.56,4286,8325.86,8302.68,8313.23,8387.8,896.8,891.78,898.94,896.27
CN7,4G,16,8,2,13173,17695,22414,26870,218,898,257.89,4311,8446.48,8375.23,8446.88,8324.22,896.45,895.12,898.17,895.26
CN7,4G,16,8,3,14091,18482,23200,26346,216,884,252.94,4231,8463.17,8376.64,8355.85,8293.59,896.88,895.07,894.82,893.09
CN7,4G,16,16,1,15926,21103,26346,29754,214,812,247.62,4133,7997.63,8055.17,8027.48,7999.38,849.31,853.15,850.63,848.72
CN7,4G,16,16,2,16319,21627,26608,28967,200,828,239.82,4013,8160.15,8073.87,8055.2,8128.9,850.27,848.97,847.27,850.07
CN7,4G,16,16,3,16319,21365,26084,28705,208,816,239.14,4003,8167.41,8002.0,8108.71,8114.61,850.47,850.81,851.29,852.2
CN7,4G,32,1,1,13566,16581,20055,24249,110,542,128.57,4291,8852.15,8879.67,8827.78,8913.99,959.32,962.3,959.41,961.19
CN7,4G,32,1,2,13042,16057,19792,25297,112,586,133.18,4439,9053.39,9072.85,8977.94,9069.73,988.44,988.12,986.27,989.34
CN7,4G,32,1,3,13435,16450,21627,27132,112,606,130.88,4356,8828.8,8825.46,8825.09,8811.49,959.63,960.68,959.71,958.97
CN7,4G,32,2,1,19006,22676,27132,31851,109,652,127.28,4245,8732.9,8777.64,8719.67,8741.03,938.64,937.52,937.2,938.16
CN7,4G,32,2,2,19530,23462,27919,34866,106,570,124.65,4159,8748.79,8767.63,8684.13,8705.4,938.13,938.91,937.32,938.27
CN7,4G,32,2,3,18482,22414,26608,30278,108,572,125.89,4195,8689.9,8869.22,8745.04,8720.14,937.78,939.13,936.87,938.26
CN7,4G,32,4,1,26084,32900,39584,44827,106,516,122.94,4120,8561.68,8556.41,8575.96,8522.4,917.85,918.44,918.86,919.19
CN7,4G,32,4,2,27919,34866,41681,45351,104,596,122.96,4115,8531.03,8583.12,8583.91,8589.81,917.44,917.6,919.62,918.78
CN7,4G,32,4,3,25822,32637,38536,43779,106,554,121.06,4054,8660.03,8615.85,8600.81,8660.05,918.9,916.96,918.96,918.05
CN7,4G,32,8,1,30278,37487,43779,51119,100,528,116.56,3903,8483.77,8521.37,8523.67,8566.57,891.69,892.65,892.31,893.39
CN7,4G,32,8,2,28967,36439,43254,48497,102,554,116.05,3882,8284.31,8285.8,8287.48,8279.28,870.94,868.7,870.98,869.26
CN7,4G,32,8,3,30802,38011,43779,48497,100,550,116.96,3916,8429.74,8434.29,8574.89,8489.27,892.86,890.43,894.5,891.19
CN7,4G,32,16,1,30278,38011,44827,49021,658,115.03,3842,,8363.04,8273.41,8272.84,8332.25,866.51,865.97,865.65,865.09
CN7,4G,32,16,2,31065,38536,45876,49546,564,112.24,3753,,8185.06,8150.05,8148.48,8164.49,842.84,842.04,844.04,843.7
CN7,4G,32,16,3,32113,39584,45351,49021,558,111.28,3725,,8236.74,8238.94,8221.84,8240.15,843.68,845.01,845.64,845.59
CN7,8G,1,1,1,799,1029,1319,2040,1296,1510,1435.73,1507,277.0,275.66,8300.55,275.44,32.92,32.78,950.1,32.97
CN7,8G,1,1,2,807,1029,1483,2573,1329,1522,1450.27,1517,262.98,261.75,262.56,8201.65,32.87,32.72,32.82,954.44
CN7,8G,1,1,3,832,1029,1418,2573,1326,1524,1431.18,1502,8290.4,261.74,262.54,263.33,950.13,32.72,32.82,32.92
CN7,8G,1,2,1,783,988,1123,1958,1346,1500,1444.09,1516,262.97,261.72,4493.97,4442.31,32.87,32.72,491.38,489.78
CN7,8G,1,2,2,734,881,1057,1876,1406,1540,1475.73,1548,4372.95,4458.81,262.52,263.3,489.42,491.85,32.82,32.91
CN7,8G,1,2,3,832,1029,1139,1811,1262,1492,1438.55,1510,4445.06,261.69,262.5,4458.84,489.55,32.71,32.81,490.77
CN7,8G,1,4,1,725,963,1106,3326,1362,1492,1457.82,1528,2355.06,2353.01,2369.93,2337.17,261.53,261.29,263.46,261.08
CN7,8G,1,4,2,799,1012,1123,1860,1232,1526,1442.82,1514,2360.27,2366.78,2336.81,2369.05,262.12,261.94,261.47,262.84
CN7,8G,1,4,3,807,988,1205,1926,1252,1524,1437.27,1508,2369.48,2371.43,2361.35,2339.82,261.73,262.17,263.37,262.32
CN7,8G,1,8,1,758,971,1139,1827,1328,1534,1466.27,1538,2393.25,2345.53,2386.9,2376.14,262.14,259.6,262.67,261.31
CN7,8G,1,8,2,783,979,1188,1876,1250,1540,1454.45,1525,2360.79,2357.97,2351.89,2330.35,260.18,259.0,259.82,261.11
CN7,8G,1,8,3,701,807,1057,1844,1408,1502,1477.64,1549,2354.12,2365.18,2391.82,2343.83,260.04,259.42,261.73,261.05
CN7,8G,1,16,1,807,996,1647,3163,1332,1576,1447.09,1520,2347.55,2379.72,2380.42,2339.88,261.04,260.76,261.12,260.23
CN7,8G,1,16,2,799,1012,1631,1827,1302,1512,1442.18,1514,2302.54,2333.82,2343.74,2345.54,259.36,260.08,260.2,260.52
CN7,8G,1,16,3,816,1045,1631,2769,1214,1536,1434.73,1506,2337.86,2363.7,2348.06,2361.97,261.25,261.15,260.83,260.67
CN7,8G,2,1,1,791,955,1369,1909,1318,1460,1390.64,2900,274.85,271.91,8176.72,7915.74,32.89,32.73,950.45,945.31
CN7,8G,2,1,2,775,938,1188,1811,1266,1498,1412.95,2955,8291.72,8306.89,262.4,263.19,948.16,944.21,32.8,32.9
CN7,8G,2,1,3,783,971,1713,2573,1292,1442,1407.45,2951,262.84,261.57,7951.82,7857.06,32.85,32.7,945.94,945.47
CN7,8G,2,2,1,775,873,1074,1893,1349,1470,1418.27,2962,4412.7,4364.55,4494.5,4376.51,487.86,487.21,493.2,487.37
CN7,8G,2,2,2,783,889,1057,1647,1262,1464,1404.23,2919,4371.15,4442.88,4422.16,4367.51,487.64,488.13,488.34,487.3
CN7,8G,2,2,3,807,906,1074,1942,1236,1452,1353.42,2828,4409.58,4422.98,4407.27,4442.84,488.35,486.65,489.16,488.69
CN7,8G,2,4,1,832,963,1172,1795,1266,1452,1393.50,2890,4431.91,4370.31,4401.59,4418.94,487.16,485.49,487.02,487.76
CN7,8G,2,4,2,824,955,1237,1811,1260,1442,1372.27,2872,4434.8,4470.2,4359.15,4391.27,488.35,486.46,487.25,488.07
CN7,8G,2,4,3,824,963,1156,3130,1304,1534,1407.64,2923,4469.02,4442.97,4377.92,4414.27,488.07,485.64,489.34,487.58
CN7,8G,2,8,1,807,947,1467,1663,1338,1438,1402.45,2931,4456.68,4443.41,4371.8,4426.38,485.55,487.83,487.3,486.52
CN7,8G,2,8,2,816,955,1401,3130,1316,1398,1378.27,2881,4442.56,4429.96,4363.24,4442.93,487.2,487.52,486.37,488.06
CN7,8G,2,8,3,807,938,1483,3425,1256,1420,1380.82,2889,4450.78,4386.07,4385.79,4384.92,486.53,486.63,487.51,486.47
CN7,8G,2,16,1,840,996,1532,3195,1336,1512,1385.09,2880,4438.89,4391.62,4396.01,4411.03,486.74,486.07,488.61,489.7
CN7,8G,2,16,2,824,979,1565,3458,1252,1412,1373.36,2869,4474.11,4447.06,4435.34,4447.69,489.32,488.75,489.01,488.61
CN7,8G,2,16,3,840,1012,1631,3326,1252,1398,1363.00,2850,4389.21,4499.17,4432.56,4499.8,487.09,487.37,488.11,488.93
CN7,8G,4,1,1,914,2212,4817,9110,1122,1488,1330.19,5541,8429.99,8570.2,8485.96,8560.41,943.63,944.79,945.64,946.55
CN7,8G,4,1,2,1074,2737,5211,10552,1070,1504,1311.62,5419,8475.11,8570.73,8571.23,8622.47,946.65,945.33,950.91,948.95
CN7,8G,4,1,3,1237,2868,5866,11731,1006,1464,1250.71,5198,7768.0,7810.36,7714.41,7785.43,856.6,849.63,854.56,851.95
CN7,8G,4,2,1,1020,1385,3851,6718,1020,1390,1298.31,5380,7717.52,7709.45,7712.16,7764.73,854.83,849.06,852.9,852.4
CN7,8G,4,2,2,1352,3490,6456,8160,974,1418,1192.08,4909,7800.72,7799.78,7845.83,7900.24,852.86,853.47,857.02,854.1
CN7,8G,4,2,3,1647,3916,6783,9634,970,1440,1158.04,4838,7885.6,7778.93,7875.02,7777.24,854.4,853.38,853.77,850.94
CN7,8G,4,4,1,1139,4228,7308,9503,908,1398,1166.62,4714,7802.73,7836.39,7979.14,7789.16,852.17,857.62,857.21,857.19
CN7,8G,4,4,2,1123,4113,7308,9896,968,1402,1176.53,4756,7850.74,7877.4,7891.65,7858.17,855.81,852.39,857.27,857.37
CN7,8G,4,4,3,1123,4424,7439,11469,942,1400,1157.73,4758,7784.67,7920.54,7914.5,7858.34,852.82,856.82,858.12,852.4
CN7,8G,4,8,1,1205,4424,8455,10421,930,1324,1144.88,4781,7826.15,7798.69,7840.57,7867.68,852.81,851.59,856.82,858.26
CN7,8G,4,8,2,1172,4146,8848,12387,940,1328,1145.21,4768,7881.76,7886.22,7709.07,7877.29,856.0,855.76,854.05,857.02
CN7,8G,4,8,3,1254,4752,8848,13304,894,1458,1145.88,4752,7842.7,7898.94,7878.8,7781.53,854.3,859.16,854.72,853.49
CN7,8G,4,16,1,1319,4883,8979,11600,906,1418,1129.11,4635,7251.56,7205.47,7152.24,7177.04,780.41,777.87,778.36,781.16
CN7,8G,4,16,2,1172,3621,7635,11338,924,1346,1188.28,4854,7902.88,7831.76,7860.11,7888.89,860.98,855.97,860.39,862.76
CN7,8G,4,16,3,1156,2900,7242,10552,952,1358,1207.27,4980,7813.19,7844.65,7742.3,7842.32,853.45,861.74,858.41,858.49
CN7,8G,8,1,1,5276,7701,10552,13304,470,1322,557.93,4649,8544.46,8494.69,8557.6,8611.42,935.3,932.2,934.38,935.62
CN7,8G,8,1,2,5473,8094,11076,14091,468,1350,541.71,4522,8605.26,8574.45,8558.97,8589.64,934.21,935.6,936.89,935.64
CN7,8G,8,1,3,5604,8160,10945,13960,472,1380,537.31,4491,8564.98,8598.62,8724.26,8566.44,933.94,934.14,938.56,936.0
CN7,8G,8,2,1,6063,8979,11863,16909,460,1290,545.90,4552,8595.77,8635.69,8633.11,8533.4,939.24,935.67,937.21,936.18
CN7,8G,8,2,2,5473,8455,12518,15926,480,1232,593.68,4933,8889.65,9003.85,8842.5,8861.52,990.87,991.3,990.44,990.5
CN7,8G,8,2,3,6063,8848,12125,14746,464,1302,548.65,4553,8644.06,8580.47,8634.78,8698.9,938.84,936.12,936.46,937.73
CN7,8G,8,4,1,7242,10683,14877,19530,452,1240,537.38,4489,8604.89,8694.61,8694.64,8719.35,938.05,941.2,942.31,939.87
CN7,8G,8,4,2,7373,10683,15401,20055,454,1232,543.26,4532,8677.61,8691.59,8579.01,8661.57,943.91,940.46,940.72,939.81
CN7,8G,8,4,3,6915,10421,14615,16909,466,1208,559.43,4668,8536.63,8626.28,8466.97,8569.37,938.55,938.8,936.44,935.12
CN7,8G,8,8,1,7439,10945,14877,18220,442,1202,522.11,4361,8253.54,8261.91,8310.01,8292.05,891.19,891.78,894.92,894.28
CN7,8G,8,8,2,7373,10814,14746,17695,456,1188,537.27,4499,8764.32,8671.13,8703.21,8635.81,945.39,940.6,943.59,942.09
CN7,8G,8,8,3,7242,10814,15139,18744,442,1190,521.82,4359,8276.8,8300.42,8289.95,8286.63,892.17,892.95,892.52,896.55
CN7,8G,8,16,1,8225,11863,16581,19530,418,1160,498.71,4153,7997.42,7996.89,7999.54,7934.84,849.27,846.26,851.57,847.03
CN7,8G,8,16,2,7898,11731,16581,19792,438,1166,516.19,4297,8362.0,8556.55,8346.02,8346.6,892.91,892.7,895.59,892.72
CN7,8G,8,16,3,8160,11863,16712,21365,418,1198,499.29,4177,7972.56,8402.69,7914.21,7871.72,851.63,848.51,850.39,847.91
CN7,8G,16,1,1,9503,12125,16057,19530,216,858,257.38,4304,8937.53,9179.69,8867.86,8886.5,956.76,957.62,956.11,958.19
CN7,8G,16,1,2,8979,11863,15139,19530,226,946,270.44,4519,9261.96,9224.91,9018.59,9166.1,984.09,985.29,983.72,985.11
CN7,8G,16,1,3,8979,11600,14746,17957,226,970,267.92,4452,9142.63,9200.41,9279.44,9229.4,984.78,985.43,985.5,985.21
CN7,8G,16,2,1,10814,13566,17171,20055,220,948,256.87,4305,9018.79,9116.54,9044.54,9045.08,959.76,959.03,959.58,960.17
CN7,8G,16,2,2,10683,13566,17171,20579,222,862,261.35,4365,9051.23,9139.3,8901.45,9023.26,958.32,959.98,959.19,960.14
CN7,8G,16,2,3,10683,13435,17433,19792,224,878,259.54,4344,9110.73,8963.76,9122.55,8850.58,961.04,957.39,961.04,957.3
CN7,8G,16,4,1,15401,20317,26084,30802,215,872,249.66,4186,8761.76,8974.53,8890.28,8847.56,935.39,936.45,936.36,936.59
CN7,8G,16,4,2,14615,19268,23725,27919,218,858,249.95,4191,8988.25,8834.96,8822.09,8811.92,937.17,937.03,935.28,936.44
CN7,8G,16,4,3,14877,19530,24511,28967,216,856,252.71,4232,8905.06,8826.7,8788.72,8911.32,937.89,935.18,935.86,938.91
CN7,8G,16,8,1,15139,20055,25035,29492,212,860,239.60,4016,8710.3,8876.09,8706.4,8664.95,916.76,917.82,917.31,918.22
CN7,8G,16,8,2,14877,19530,24773,29754,210,898,243.65,4079,8722.9,8771.49,8707.64,8690.7,920.75,918.36,918.89,918.39
CN7,8G,16,8,3,15795,20579,25560,32113,208,816,242.33,4058,8842.66,8850.62,8660.01,8806.97,915.67,917.6,918.28,916.8
CN7,8G,16,16,1,15926,21103,27395,31065,204,848,238.33,3993,8450.93,8463.44,8418.95,8386.16,888.6,889.19,890.23,889.63
CN7,8G,16,16,2,16188,21103,25822,30016,202,846,231.61,3883,8355.62,8329.38,8368.56,8424.44,867.91,868.71,869.16,869.3
CN7,8G,16,16,3,16319,21627,27395,32375,202,848,230.48,3860,8366.77,8336.47,8282.76,8285.26,868.91,868.36,868.37,869.98
CN7,8G,32,1,1,13304,16188,20055,26608,106,564,126.19,4216,9419.7,9382.45,9343.29,9377.04,983.97,984.18,983.51,983.93
CN7,8G,32,1,2,13566,16188,19530,22676,110,544,125.86,4204,9363.71,9296.54,9372.69,9451.57,982.57,983.18,984.07,985.9
CN7,8G,32,1,3,13304,15926,19268,23200,110,550,126.81,4241,9299.99,9307.42,9367.63,9430.38,984.59,984.79,983.01,983.1
CN7,8G,32,2,1,19268,23200,27657,31065,103,608,121.44,4060,9034.34,9087.67,9008.28,9102.24,946.15,947.22,944.66,949.53
CN7,8G,32,2,2,19268,22938,27657,31851,104,626,121.78,4079,9134.41,9017.74,9090.21,9003.59,946.34,947.0,947.4,947.94
CN7,8G,32,2,3,19268,23200,27395,31065,108,684,124.23,4155,9388.66,9227.2,9305.29,9362.48,975.1,972.95,973.05,974.74
CN7,8G,32,4,1,27919,34866,41681,45876,103,638,117.09,3921,8874.45,9006.67,8989.99,8822.36,928.84,927.6,927.99,926.18
CN7,8G,32,4,2,31327,38536,45351,51643,103,582,118.54,3973,8907.97,8926.76,8857.11,8861.97,938.31,940.18,938.1,938.09
CN7,8G,32,4,3,29492,36439,42730,47973,100,648,115.92,3880,8862.11,8936.42,8681.9,8805.5,916.86,914.95,915.05,915.2
CN7,8G,32,8,1,30016,38011,45351,50594,612,112.26,3757,,8499.41,8592.09,8593.03,8561.21,897.65,897.91,898.15,896.79
CN7,8G,32,8,2,31851,39060,45876,50070,560,112.29,3766,,8504.55,8624.25,8591.37,8577.34,897.88,896.22,897.91,899.22
CN7,8G,32,8,3,30540,37487,44827,50594,518,113.72,3811,,8663.48,8659.84,8596.35,8654.96,909.62,910.87,909.53,911.76
CN7,8G,32,16,1,31851,39060,45876,50594,598,112.07,3752,,8701.0,8637.27,8608.5,8635.1,891.23,890.9,892.13,893.11
CN7,8G,32,16,2,32375,39584,46400,52167,580,109.30,3662,,8455.72,8539.77,8430.27,8399.43,869.73,868.23,869.16,868.21
CN7,8G,32,16,3,31851,39584,45876,51119,608,109.49,3668,,8440.67,8509.72,8367.92,8427.85,867.74,869.32,868.32,869.35
CN7,16G,1,1,1,734,988,1860,3228,1308,1496,1461.55,1533,183.13,181.84,183.27,9952.85,21.44,21.34,21.4,1197.36
CN7,16G,1,1,2,766,971,1549,1876,1340,1532,1443.68,1515,9578.97,159.77,160.23,160.75,1118.49,19.87,19.93,20.0
CN7,16G,1,1,3,766,996,1696,2769,1338,1542,1454.41,1527,171.99,10189.09,171.66,172.21,21.4,1196.24,21.36,21.42
CN7,16G,1,2,1,701,816,1106,1795,1294,1484,1461.64,1533,171.97,171.18,5716.07,5674.91,21.39,21.29,611.17,614.34
CN7,16G,1,2,2,750,930,1106,1827,1286,1506,1460.82,1532,171.95,5702.45,5652.22,172.2,21.39,612.94,610.74,21.42
CN7,16G,1,2,3,750,889,1090,1860,1342,1544,1451.73,1522,5678.08,171.17,171.65,5651.54,610.87,21.29,21.35,613.06
CN7,16G,1,4,1,775,979,1139,1795,1236,1490,1434.59,1505,2740.88,2712.34,2698.39,2733.71,295.23,293.73,294.02,293.83
CN7,16G,1,4,2,766,971,1123,1827,1258,1488,1444.64,1516,2903.72,2879.07,2868.49,2913.39,314.39,313.97,314.42,314.8
CN7,16G,1,4,3,750,938,1123,1827,1262,1512,1460.14,1532,2905.43,2885.35,2872.41,2905.17,314.44,314.92,314.22,315.1
CN7,16G,1,8,1,750,930,1106,1795,1306,1528,1477.86,1550,2892.21,2887.85,2900.33,2905.95,312.69,313.9,313.88,315.61
CN7,16G,1,8,2,734,816,1123,1795,1408,1514,1473.82,1545,2899.35,2877.2,2866.82,2885.16,315.05,313.97,313.77,314.46
CN7,16G,1,8,3,734,881,1090,1795,1312,1536,1485.77,1558,2893.2,2884.62,2882.03,2866.15,314.52,313.41,314.44,314.01
CN7,16G,1,16,1,734,840,1156,1696,1246,1546,1483.09,1555,2870.4,2888.9,2865.31,2898.58,314.75,313.35,314.15,315.15
CN7,16G,1,16,2,734,881,1336,1795,1238,1542,1485.23,1558,2872.18,2952.39,2874.59,2892.57,313.98,316.12,314.46,314.31
CN7,16G,1,16,3,725,889,1139,1811,1288,1584,1492.19,1565,2857.89,2896.46,2874.08,2908.63,313.37,314.22,313.77,313.94
CN7,16G,2,1,1,783,906,1450,2114,1278,1460,1413.39,2944,160.43,159.69,9827.87,9412.79,19.95,19.86,1118.76,1116.46
CN7,16G,2,1,2,783,930,1270,1811,1262,1482,1392.72,2861,9688.34,9921.47,160.22,160.67,1116.88,1119.15,19.92,19.99
CN7,16G,2,1,3,742,898,2114,2835,1354,1566,1453.05,3029,172.1,171.31,9950.79,9970.63,21.38,21.28,1195.32,1193.0
CN7,16G,2,2,1,824,963,1418,1991,1320,1466,1388.70,2901,9850.6,5256.7,160.16,5266.39,1118.26,568.21,19.92,571.85
CN7,16G,2,2,2,816,971,1467,1844,1278,1414,1384.59,2902,5266.83,9860.94,5303.8,160.87,569.69,1121.01,568.38,19.99
CN7,16G,2,2,3,832,1004,1614,1942,1270,1416,1382.35,2887,160.63,5279.56,9704.27,5242.72,19.95,568.41,1120.38,569.23
CN7,16G,2,4,1,783,889,1106,1680,1278,1456,1412.28,2958,5258.14,5270.96,5287.96,5241.99,569.32,569.18,570.31,570.04
CN7,16G,2,4,2,816,930,1139,1893,1274,1442,1392.39,2907,5228.48,5249.36,5254.23,5275.86,568.81,569.58,570.17,569.59
CN7,16G,2,4,3,791,898,1090,1795,1354,1478,1401.59,2934,5237.21,5272.83,5264.96,5211.66,568.77,569.78,569.35,569.05
CN7,16G,2,8,1,791,889,1057,1778,1348,1442,1406.46,2945,5276.22,5279.64,5285.77,5226.39,569.38,570.45,570.83,571.36
CN7,16G,2,8,2,807,930,1287,1762,1273,1438,1402.52,2928,5253.02,5246.37,5308.77,5249.8,571.2,571.27,572.64,569.43
CN7,16G,2,8,3,791,914,1156,1762,1272,1446,1410.91,2949,5209.35,5177.84,5286.5,5243.8,570.23,568.51,569.77,569.15
CN7,16G,2,16,1,799,922,1352,1827,1270,1420,1393.76,2922,5304.42,5220.11,5307.11,5314.53,571.2,570.71,571.38,571.98
CN7,16G,2,16,2,807,914,1369,2180,1262,1408,1372.54,2876,5255.16,5278.24,5310.8,5284.89,571.23,570.93,571.41,570.96
CN7,16G,2,16,3,799,922,1450,1844,1234,1430,1391.52,2911,5228.96,5329.11,5321.31,5364.47,571.51,572.79,571.65,573.22
CN7,16G,4,1,1,1303,2933,5800,13698,966,1484,1219.34,5066,9131.2,8886.33,9020.37,9018.88,989.45,988.28,986.94,987.86
CN7,16G,4,1,2,1926,3785,7111,15008,956,1490,1118.42,4653,8662.93,8644.61,8638.44,8752.3,936.06,935.96,935.95,936.72
CN7,16G,4,1,3,1696,3458,6456,13566,966,1490,1144.21,4788,9154.18,9102.72,9118.49,9176.57,991.69,987.08,989.69,992.31
CN7,16G,4,2,1,1029,1254,4146,15270,928,1448,1269.93,5020,4677.19,11859.86,11879.09,4749.06,503.2,1464.95,1465.56,505.47
CN7,16G,4,2,2,1020,1237,5211,15795,1032,1426,1266.16,5047,11912.84,4672.24,4689.65,11885.0,1466.27,501.89,501.99,1465.32
CN7,16G,4,2,3,988,1205,3916,15139,1066,1428,1286.39,5158,4957.21,12583.33,12595.58,4919.28,533.46,1555.05,1555.49,532.23
CN7,16G,4,4,1,1221,3294,7177,10159,910,1388,1159.66,4736,8692.27,8512.09,8427.7,8547.31,938.92,936.92,937.8,937.63
CN7,16G,4,4,2,1516,4686,8356,10945,898,1376,1068.25,4388,8285.31,8231.2,8242.36,8283.48,888.36,887.42,887.63,888.58
CN7,16G,4,4,3,1516,4817,8094,11600,886,1416,1071.49,4349,8254.44,8230.96,8298.27,8257.58,886.98,886.17,887.72,888.5
CN7,16G,4,8,1,1483,4817,8455,14091,890,1400,1068.53,4335,8259.67,8267.87,8220.23,8203.91,888.84,891.39,891.14,890.46
CN7,16G,4,8,2,1319,3785,8455,12256,926,1386,1121.25,4544,8664.32,8562.06,8648.64,8530.25,935.63,935.39,937.31,933.87
CN7,16G,4,8,3,1450,4752,8717,12911,928,1410,1074.05,4459,8191.86,8239.14,8140.83,8186.64,886.45,888.46,887.09,888.88
CN7,16G,4,16,1,1369,3949,8356,11338,906,1368,1112.91,4505,8601.25,8667.19,8568.63,8650.59,939.83,943.18,941.68,941.67
CN7,16G,4,16,2,1582,5342,9503,14746,884,1362,1046.47,4347,8332.57,8599.37,8378.44,8457.37,892.63,893.62,891.14,894.06
CN7,16G,4,16,3,1369,4113,8455,12387,930,1400,1109.68,4539,8716.23,8665.0,8921.66,8741.55,940.48,944.32,944.74,941.49
CN7,16G,8,1,1,5604,8225,11207,14484,454,1340,521.92,4369,8970.93,9006.12,9077.32,9088.26,954.91,956.68,954.72,955.04
CN7,16G,8,1,2,5669,8291,11076,13304,464,1372,517.98,4330,8979.67,8946.47,8961.21,8942.44,954.44,956.81,957.51,955.38
CN7,16G,8,1,3,5538,7963,10814,13829,468,1338,532.05,4439,9396.44,9215.62,9230.24,9154.26,985.1,984.92,985.94,984.77
CN7,16G,8,2,1,6194,8979,12518,15926,458,1326,527.57,4400,9309.19,9232.8,9187.72,9174.26,986.31,983.09,986.72,983.15
CN7,16G,8,2,2,5997,8717,12125,15270,448,1324,528.47,4408,9271.56,9115.67,9087.47,9201.16,983.92,983.44,981.93,984.68
CN7,16G,8,2,3,5932,8979,12911,18220,448,1234,542.50,4539,9460.71,9449.3,9210.7,9335.6,1015.2,1013.07,1013.16,1011.15
CN7,16G,8,4,1,7635,10945,14877,18482,448,1202,510.67,4264,9071.76,8928.94,9080.11,9066.32,958.14,959.34,958.77,958.23
CN7,16G,8,4,2,7308,10683,14615,18744,460,1214,525.56,4394,9290.94,9159.37,9278.19,9230.19,985.44,986.23,985.03,985.83
CN7,16G,8,4,3,7504,11076,15270,20579,448,1202,523.58,4379,8997.59,8912.42,8918.45,8905.65,956.56,957.41,955.82,955.8
CN7,16G,8,8,1,7635,10945,15139,17957,442,1244,509.20,4254,9202.78,9181.14,8971.83,9076.54,962.76,961.83,961.51,963.89
CN7,16G,8,8,2,7963,11469,15533,19530,440,1234,495.49,4151,8966.18,8963.43,9044.5,8852.64,937.52,937.68,936.62,936.3
CN7,16G,8,8,3,7898,11338,15664,23987,414,1208,498.03,4167,8992.16,8884.17,8960.46,8834.4,935.27,935.49,934.44,934.82
CN7,16G,8,16,1,8094,11863,15795,19268,410,1152,483.73,4045,8626.06,8812.33,8675.09,8707.04,918.52,916.25,916.18,917.29
CN7,16G,8,16,2,8094,11863,16057,18744,428,1188,489.24,4083,8561.4,8687.65,8676.89,8790.36,917.58,917.84,917.14,918.03
CN7,16G,8,16,3,8225,12125,16909,22414,412,1196,479.85,4015,8713.06,8607.05,8720.12,8714.51,915.53,917.39,916.52,916.45
CN7,16G,16,1,1,8848,11731,15795,58459,184,1114,281.91,4225,6999.61,8958.66,8896.92,10833.27,737.28,978.69,977.81,1207.18
CN7,16G,16,1,2,9241,11863,15533,19006,220,954,261.56,4368,9481.32,9491.27,9389.15,9373.05,1014.0,1009.77,1011.05,1011.83
CN7,16G,16,1,3,9372,11994,15533,18220,220,938,258.21,4316,9441.38,9220.9,9313.8,9506.2,996.59,994.6,995.14,995.94
CN7,16G,16,2,1,10814,13698,17957,21890,208,942,255.72,4273,9415.15,9628.08,9317.74,9395.97,997.63,998.45,996.75,998.4
CN7,16G,16,2,2,10945,13829,17957,21890,212,920,251.26,4199,9404.29,9638.49,9266.92,9296.61,983.86,985.33,983.36,982.57
CN7,16G,16,2,3,10683,13698,17957,20841,218,930,256.10,4286,9527.19,9667.21,9412.8,9514.12,998.7,998.94,996.54,999.05
CN7,16G,16,4,1,15008,19530,24511,28705,216,896,245.25,4112,9041.14,9424.28,9026.71,9070.32,959.48,960.25,959.57,959.39
CN7,16G,16,4,2,14746,19268,24511,28967,216,882,241.98,4052,9086.45,9521.01,8999.99,9129.5,946.31,946.48,945.62,948.09
CN7,16G,16,4,3,15008,19530,24249,27919,214,886,244.43,4089,9308.07,9608.36,9057.18,9118.36,959.93,961.42,958.78,960.66
CN7,16G,16,8,1,16057,20841,25822,30802,204,850,232.28,3892,8858.95,9121.32,8756.93,8695.71,914.26,913.89,914.55,914.92
CN7,16G,16,8,2,16057,20841,25560,29754,201,938,234.32,3925,8950.37,9301.29,8880.43,8953.02,928.65,927.78,928.3,929.4
CN7,16G,16,8,3,15664,20579,26346,32113,202,864,231.05,3871,8862.98,9253.97,8757.62,8842.62,914.72,914.19,914.48,916.31
CN7,16G,16,16,1,16712,22152,28181,32900,196,866,226.36,3794,8584.27,8982.73,8536.96,8650.43,898.9,895.11,898.52,899.29
CN7,16G,16,16,2,16188,21365,27132,32113,198,894,224.97,3773,8653.56,9068.09,8519.64,8765.89,898.08,896.06,899.28,899.77
CN7,16G,16,16,3,16319,21365,27657,33424,200,844,225.05,3771,8605.03,8594.51,8496.03,8619.71,897.97,898.71,898.72,898.48
CN7,16G,32,1,1,13435,16319,19792,23200,110,588,125.51,4199,9574.86,9981.89,9435.14,9501.42,996.21,996.94,996.01,996.41
CN7,16G,32,1,2,13435,16188,19792,25035,110,590,126.04,4210,9833.99,10059.04,9521.51,9518.05,996.98,996.85,996.47,996.19
CN7,16G,32,1,3,13435,16319,19792,23725,110,560,126.56,4232,9657.18,10164.45,9538.3,9642.32,1003.45,1004.54,1003.7,1004.77
CN7,16G,32,2,1,19792,23725,28443,32637,102,612,121.04,4051,9807.94,10044.79,9333.35,9513.58,965.16,966.5,964.95,965.25
CN7,16G,32,2,2,19792,23462,27657,32113,104,530,119.63,4010,9776.5,9698.53,9312.95,9784.36,959.1,959.04,959.01,960.89
CN7,16G,32,2,3,20055,24249,28443,32375,104,548,119.57,4004,9295.03,9661.98,9658.36,9845.02,958.02,959.67,958.88,959.91
CN7,16G,32,4,1,30016,36963,43779,51119,100,552,114.00,3824,8885.62,9389.01,9533.82,9642.15,919.81,918.81,919.41,919.33
CN7,16G,32,4,2,30278,37487,43779,47973,100,718,115.30,3863,8994.83,9500.56,9501.27,9610.18,927.38,924.54,923.81,924.82
CN7,16G,32,4,3,30802,37487,43779,49021,610,113.66,3811,,8993.53,9446.39,9568.83,9552.32,920.27,918.76,918.73,919.04
CN7,16G,32,8,1,32637,40109,47449,52691,526,110.99,3722,,8757.2,9280.47,9275.83,9261.44,902.89,900.64,899.66,900.06
CN7,16G,32,8,2,31851,39584,46924,52167,568,109.65,3676,,8747.2,8716.07,9348.93,9246.59,892.32,892.7,889.53,889.53
CN7,16G,32,8,3,32637,40633,48497,55313,556,110.12,3693,,9112.35,8785.59,9329.39,9310.0,894.12,896.8,894.14,894.37
CN7,16G,32,16,1,31065,39584,46924,52167,634,108.36,3631,,8601.13,8560.69,9095.52,8608.91,891.8,893.32,889.18,892.91
CN7,16G,32,16,2,31851,40109,47973,55837,554,107.27,3596,,8580.43,8534.66,8890.14,8526.05,880.88,881.28,877.53,881.45
CN7,16G,32,16,3,31589,39584,47449,57410,516,107.92,3620,,8529.86,8500.21,8522.76,8514.58,886.98,886.56,887.09,886.82
CN7,32G,1,1,1,758,947,1729,2769,1216,1510,1450.27,1521,10843.86,102.05,102.14,104.63,1278.77,11.83,11.87,11.9
CN7,32G,1,1,2,734,930,1926,2900,1258,1528,1470.91,1543,100.04,11062.18,99.93,100.24,12.32,1327.42,12.31,12.34
CN7,32G,1,1,3,709,922,1827,3032,1276,1502,1465.82,1537,106.82,105.46,11167.68,104.23,12.48,12.42,1328.81,12.35
CN7,32G,1,2,1,742,840,1045,1139,1282,1534,1464.27,1536,6019.05,99.82,96.18,6261.9,648.38,11.81,11.83,649.23
CN7,32G,1,2,2,734,873,1106,1270,1196,1524,1468.07,1540,100.14,103.15,6330.45,6353.62,12.32,12.28,673.32,673.23
CN7,32G,1,2,3,734,824,1057,1254,1262,1548,1478.61,1550,6310.48,6270.42,100.06,100.35,674.93,675.56,12.31,12.34
CN7,32G,1,4,1,742,873,1106,1811,1312,1542,1469.68,1541,3184.84,3179.72,3160.12,3221.89,343.9,343.23,343.56,343.49
CN7,32G,1,4,2,742,898,1106,1762,1320,1552,1469.59,1541,3241.37,3160.98,3169.8,3195.45,346.01,342.72,342.37,343.63
CN7,32G,1,4,3,709,873,1106,1795,1314,1506,1473.57,1545,3182.11,3166.15,3178.79,3172.19,343.82,342.36,343.88,341.98
CN7,32G,1,8,1,734,807,1029,1795,1196,1560,1476.73,1548,3176.36,3219.42,3151.03,3183.56,342.86,344.42,342.71,342.61
CN7,32G,1,8,2,734,807,1037,1745,1248,1522,1468.05,1540,3092.21,3063.01,3077.41,3087.84,329.94,329.51,330.88,329.83
CN7,32G,1,8,3,742,807,1045,1713,1254,1514,1462.75,1534,3067.03,3053.39,3095.41,3063.31,329.58,329.83,330.21,329.4
CN7,32G,1,16,1,734,799,1020,1696,1324,1520,1469.59,1541,3142.65,3213.33,3199.16,3201.23,342.42,344.14,343.61,343.08
CN7,32G,1,16,2,709,840,1090,1778,1350,1504,1469.43,1541,3189.55,3179.04,3230.06,3196.59,343.17,342.8,343.87,343.24
CN7,32G,1,16,3,717,881,1106,1762,1228,1480,1447.80,1518,3081.37,3058.54,3062.75,3082.3,330.9,330.0,330.18,329.74
CN7,32G,2,1,1,807,906,1467,2212,1214,1546,1372.46,2863,10594.83,92.66,92.9,10937.06,1235.04,11.35,11.39,1236.36
CN7,32G,2,1,2,799,906,1549,2474,1276,1469,1387.20,2892,92.93,10857.65,10375.02,93.12,11.4,1234.03,1229.71,11.42
CN7,32G,2,1,3,824,906,1352,1991,1224,1472,1369.02,2843,11054.29,98.45,99.17,10730.52,1236.8,11.49,11.53,1233.71
CN7,32G,2,2,1,963,1139,1401,1958,980,1440,1336.60,2765,5647.48,10608.46,5624.97,95.92,604.02,1193.59,604.34,11.15
CN7,32G,2,2,2,1029,1172,1418,1827,946,1400,1258.38,2619,86.54,5379.68,10515.19,5415.8,10.62,581.41,1153.08,582.03
CN7,32G,2,2,3,988,1139,1500,2147,968,1424,1335.73,2781,5637.9,89.45,5603.29,10377.37,605.39,10.95,601.24,1191.49
CN7,32G,2,4,1,1139,1418,1598,1811,820,1476,1315.90,2737,5665.2,5583.9,5571.55,5559.82,603.97,601.34,602.21,602.67
CN7,32G,2,4,2,1123,1434,1631,1860,816,1444,1319.01,2761,5593.38,5560.03,5605.5,5569.0,602.57,601.28,603.23,602.28
CN7,32G,2,4,3,1106,1418,1614,1795,806,1428,1316.08,2745,5670.67,5539.78,5650.2,5610.23,604.09,601.58,602.56,603.13
CN7,32G,2,8,1,1037,1401,1614,1844,818,1460,1333.02,2748,5572.93,5567.39,5615.0,5617.7,602.96,603.0,603.18,600.92
CN7,32G,2,8,2,1156,1418,1614,1844,830,1450,1302.45,2726,5632.12,5748.04,5665.68,5669.17,604.03,603.66,603.16,603.74
CN7,32G,2,8,3,1029,1369,1598,1975,826,1504,1331.42,2742,5639.76,5588.94,5720.83,5694.82,603.06,602.89,602.98,603.52
CN7,32G,2,16,1,1123,1418,1631,1778,852,1448,1314.22,2736,5673.85,5655.21,5655.96,5707.6,604.31,604.85,604.67,603.77
CN7,32G,2,16,2,1106,1401,1631,2278,810,1438,1320.67,2748,5743.21,5560.59,5712.95,5724.55,604.44,604.28,603.95,603.98
CN7,32G,2,16,3,1139,1418,1647,1942,782,1516,1303.91,2729,5706.61,5712.81,5623.67,5699.91,604.66,605.51,603.83,603.29
CN7,32G,4,1,1,1762,3523,6587,10421,928,1488,1127.08,4702,9605.48,9759.93,9706.61,9748.92,1041.64,1042.5,1041.95,1046.92
CN7,32G,4,1,2,1942,3851,6849,12911,914,1476,1059.16,4410,9221.17,9206.81,9192.54,9205.51,982.87,985.51,984.37,985.62
CN7,32G,4,1,3,2057,3982,7242,15401,912,1512,1067.79,4450,9212.22,9133.58,9156.08,9185.11,985.04,983.94,985.12,985.69
CN7,32G,4,2,1,1221,3130,12387,23462,800,1428,1130.07,4453,4724.42,4635.27,11846.28,11831.27,498.57,496.2,1457.0,1456.93
CN7,32G,4,2,2,1045,1287,11863,40109,606,1462,1229.53,4939,13082.43,13017.24,5249.46,5231.34,1597.1,1596.53,544.78,544.9
CN7,32G,4,2,3,1037,1270,4686,16581,974,1454,1255.42,4913,5085.18,5087.41,12946.77,12955.83,546.22,544.71,1597.36,1596.72
CN7,32G,4,4,1,1434,4293,7504,10552,862,1360,1071.12,4474,8996.27,9011.9,9086.43,9042.92,982.77,984.27,984.62,986.4
CN7,32G,4,4,2,1549,4621,8455,11338,868,1360,1041.40,4267,8888.76,8855.91,8939.33,8888.49,957.82,957.81,957.36,955.99
CN7,32G,4,4,3,1631,4686,8225,11076,888,1386,1042.10,4340,8859.37,8861.4,8941.42,8891.76,955.61,956.39,958.19,956.46
CN7,32G,4,8,1,1598,4817,8455,12125,880,1350,1033.17,4282,9052.42,8993.26,8981.99,8949.29,959.63,958.83,960.78,958.39
CN7,32G,4,8,2,1631,4948,8717,11994,894,1358,1023.17,4233,8919.44,8825.3,8837.38,8773.28,932.53,932.58,931.36,933.37
CN7,32G,4,8,3,1467,4424,8291,11207,898,1362,1045.23,4353,8931.42,8897.19,8889.26,9084.19,958.55,958.24,959.27,960.16
CN7,32G,4,16,1,1713,5145,9110,12125,850,1358,1007.08,4177,8751.86,8956.41,8778.46,8725.99,935.09,935.97,937.38,937.1
CN7,32G,4,16,2,1663,5211,8979,12387,882,1376,1014.21,4194,8959.27,8862.83,8880.75,8940.96,937.57,936.05,939.15,936.75
CN7,32G,4,16,3,1844,5538,9372,14091,850,1350,996.99,4161,8784.89,8823.89,8815.36,8709.55,936.56,936.4,935.9,935.52
CN7,32G,8,1,1,5669,8225,11207,15270,454,1334,511.11,4276,9341.38,9375.78,9471.89,9370.35,994.56,993.97,994.98,995.36
CN7,32G,8,1,2,5473,8029,11076,13829,466,1348,523.05,4368,9632.36,9497.49,9500.31,9600.81,1011.89,1008.68,1009.33,1010.56
CN7,32G,8,1,3,5669,8160,11207,13960,462,1368,514.69,4308,9399.27,9326.42,9447.78,9287.06,994.85,994.33,996.04,998.62
CN7,32G,8,2,1,6325,9241,12780,16319,448,1284,507.27,4239,9284.33,9272.64,9256.13,9175.32,981.41,980.36,981.73,982.01
CN7,32G,8,2,2,6128,8979,12387,15270,433,1301,518.09,4338,9424.25,9347.92,9388.78,9233.24,996.4,994.7,994.89,997.28
CN7,32G,8,2,3,6259,9110,12518,15664,450,1276,510.39,4255,9284.22,9173.11,9214.7,9313.02,981.37,981.4,982.52,980.79
CN7,32G,8,4,1,7832,11207,15664,20055,446,1248,506.01,4235,9343.37,9297.54,9216.91,9248.3,982.23,981.67,982.48,983.12
CN7,32G,8,4,2,7701,11076,15533,19006,432,1244,502.48,4205,9306.79,9299.65,9323.72,9363.02,982.84,981.92,983.77,984.58
CN7,32G,8,4,3,7635,10814,14353,17957,434,1214,505.38,4232,9235.14,9339.25,9329.95,9268.43,982.29,982.41,983.36,984.27
CN7,32G,8,8,1,8160,11731,16188,20841,432,1190,492.13,4111,9521.34,9162.12,9167.38,9085.83,958.84,959.74,958.79,960.57
CN7,32G,8,8,2,7963,11338,15401,18482,416,1212,486.56,4064,9450.74,8957.05,9133.38,9084.3,947.2,945.84,945.73,948.51
CN7,32G,8,8,3,7963,11469,15664,19006,420,1212,489.56,4087,9585.35,9176.15,9057.15,9142.29,958.96,959.47,959.41,959.78
CN7,32G,8,16,1,8455,12387,17695,21365,408,1144,471.88,3937,9266.23,8905.03,8757.11,8879.24,924.89,927.27,925.9,927.01
CN7,32G,8,16,2,8455,12518,17171,20317,412,1174,468.14,3917,8900.9,8859.38,8815.81,8872.92,926.06,928.36,926.99,926.83
CN7,32G,8,16,3,8225,11994,16581,20317,396,1170,469.65,3933,8906.76,8893.59,8855.24,8842.02,927.12,927.75,927.56,928.54
CN7,32G,16,1,1,9372,12125,15664,18744,222,986,254.72,4256,9663.23,9590.85,9625.34,9609.79,1009.91,1009.64,1009.23,1009.28
CN7,32G,16,1,2,8455,14091,392168,658506,1482,258.64,3124,,5150.4,12929.19,5043.21,1910.23,597.13,1550.09,596.98,201.65
CN7,32G,16,1,3,9241,11994,15533,19530,218,944,256.89,4290,9893.31,9408.05,9597.51,9843.49,1018.06,1019.64,1020.12,1017.7
CN7,32G,16,2,1,8160,23462,417334,549454,502,219.55,3677,,14064.66,18.37,14063.27,18.25,1723.11,2.09,1723.16,2.1
CN7,32G,16,2,2,11076,14091,18482,23462,200,676,253.49,4233,9313.78,9296.94,9296.84,9998.39,1005.92,1005.71,1005.28,1003.57
CN7,32G,16,2,3,11076,14091,18220,22152,208,944,250.71,4198,9271.57,9259.24,9239.04,9974.89,997.53,997.98,997.73,997.42
CN7,32G,16,4,1,15270,19792,24249,28443,216,908,240.81,4035,9154.51,9101.1,9102.72,9906.21,967.79,967.42,967.06,966.63
CN7,32G,16,4,2,15533,20055,25035,29492,214,838,238.73,4002,8946.31,9202.8,8918.2,9726.74,951.57,951.79,951.1,952.45
CN7,32G,16,4,3,15401,20055,24511,28443,204,944,240.18,4024,9200.46,9228.12,9157.27,9903.67,958.49,959.2,958.88,960.0
CN7,32G,16,8,1,15795,20841,26346,31065,206,960,232.31,3891,9027.18,9612.68,8967.31,9623.69,938.89,937.75,939.15,936.61
CN7,32G,16,8,2,15926,21103,26608,31589,198,850,229.35,3846,8906.31,9598.18,9003.98,9600.0,925.47,924.51,926.3,925.03
CN7,32G,16,8,3,16319,21365,26608,31327,200,812,228.35,3827,8887.3,9623.97,8999.68,9412.61,920.13,919.02,919.65,919.39
CN7,32G,16,16,1,16909,22676,28967,35390,196,880,219.83,3686,8738.32,9253.47,9112.23,8953.32,898.09,893.26,893.62,897.04
CN7,32G,16,16,2,17171,22676,29492,34866,192,818,220.14,3685,8655.1,9257.09,9065.27,9084.67,897.77,893.09,893.5,895.81
CN7,32G,16,16,3,17171,22938,30016,47973,192,806,220.77,3701,8577.63,9272.85,9125.47,8986.51,897.47,893.48,894.41,895.14
CN7,32G,32,1,1,13698,16712,26346,81265,586,123.03,4119,,9453.9,9790.29,9839.58,9688.86,985.46,987.04,986.86,987.55
CN7,32G,32,1,2,28967,115868,574620,633340,1482,72.65,2326,,1906.52,13384.14,1976.81,1981.27,205.79,1581.26,205.6,205.53
CN7,32G,32,1,3,11863,33817,308282,509608,608,150.40,4975,,12708.73,17.97,12722.57,12806.55,1554.96,1.93,1555.13,1555.32
CN7,32G,32,2,1,17695,63177,354419,417334,252,111.56,3739,,6858.04,14339.84,4739.21,5804.89,723.76,1748.79,502.65,559.03
CN7,32G,32,2,2,20055,24249,35390,105382,482,118.93,3984,,9180.01,9202.66,9176.13,9807.92,962.52,964.1,962.56,962.3
CN7,32G,32,2,3,19792,23987,33817,70779,318,119.21,3998,,9645.63,9682.81,9628.67,9731.15,964.46,964.67,963.22,963.67
CN7,32G,32,4,1,30278,37487,47973,96994,310,113.52,3811,,9583.47,9460.58,9399.37,9161.87,924.88,925.39,924.4,926.17
CN7,32G,32,4,2,30278,38011,49546,116917,319,113.90,3822,,9514.25,9515.68,9399.29,9633.79,927.44,928.69,927.55,926.95
CN7,32G,32,4,3,29754,36963,47973,110625,262,112.67,3779,,9537.8,9669.43,9398.17,9660.57,918.41,919.59,918.96,918.98
CN7,32G,32,8,1,32375,40633,52167,124257,250,108.70,3647,,8910.01,9129.98,9158.51,9286.97,896.07,893.32,893.71,892.61
CN7,32G,32,8,2,32113,40109,56361,109577,302,108.69,3647,,8756.73,8797.09,8746.37,9444.07,896.15,896.81,895.75,892.4
CN7,32G,32,8,3,32113,40109,61080,123208,248,108.82,3650,,8912.6,8891.12,8956.82,9345.07,895.34,895.55,893.72,892.23
CN7,32G,32,16,1,33162,42206,82314,141558,310,105.47,3539,,8741.47,8687.48,9034.18,9107.16,875.78,874.8,872.59,872.26
CN7,32G,32,16,2,33424,42206,58983,105382,224,104.93,3520,,8598.88,8646.12,9021.76,8658.73,871.28,870.79,866.98,871.46
CN7,32G,32,16,3,34341,43779,83362,131597,346,105.26,3531,,8968.16,9086.49,8648.97,8625.26,871.08,869.98,873.27,873.58
