
1.0041 1.0048
1.0037 1.0153
1.0040 1.0362
1.0050 1.0573
1.0064 1.0280
1.0091 1.0231
1.0104 1.0167
1.0091 1.0107
1.0080 1.0442
1.0104 1.0094
1.0059 1.0359
1.0074 1.0135
1.0065 1.0120
1.0092 1.0213
1.0084 1.0160
1.0074 1.0033
1.0036 1.0076
1.0053 1.0686
1.0052 1.0423
1.0043 1.0051
1.0043 1.0058
1.0044 1.0420
1.0036 1.0742
1.0050 1.0047
1.0046 1.0082
1.0039 1.0524
1.0057 1.0112
1.0108 1.0483
1.0077 1.0096
1.0088 1.0050
1.0037 1.0061
1.0029 1.0116
1.0035 1.0079
1.0056 1.0064
1.0055 1.0068
1.0045 1.0062
1.0083 1.0349
1.0055 1.0083
1.0062 1.0054
1.0063 1.0034
1.0104 1.0184
1.0061 1.0076
1.0045 1.0035
1.0040 1.0035
1.0034 1.0043
1.0047 1.0047
1.0041 1.0321
1.0039 1.0367
1.0047 1.0052
1.0066 1.0373
1.0063 1.0038
1.0047 1.0035
1.0039 1.0517
1.0045 1.0352
1.0044 1.0033
1.0048 1.0153
1.0047 1.0048
1.0043 1.0141
1.0043 1.0041
1.0047 1.0037
1.0041 1.0054
1.0035 1.0042
1.0033 1.0040
1.0042 1.0037
1.0048 1.0053
1.0042 1.0054
START----------
1.0024 1.0024
1.0027 1.0057
1.0024 1.0026
1.0023 1.0028
1.0031 1.0110
1.0038 1.0046
1.0075 1.0156
1.0143 1.0174
1.0319 1.0273
1.0624 1.1711
1.0467 1.2270
1.0789 1.1744
1.1113 1.1027
1.0800 1.1041
1.1235 1.1660
1.3008 1.1007
1.4819 1.2128
1.5175 1.2719
1.4814 1.2896
1.4068 1.3743
1.3868 1.4278
1.4047 1.4370
1.2193 1.4815
1.1365 1.4379
1.2201 1.4775
1.1644 1.2283
1.4216 1.3041
1.2544 1.3582
1.1149 1.1525
1.2755 1.1124
1.2822 1.3471
1.2182 1.2671
1.0402 1.1932
1.2132 1.2621
1.2392 1.2995
1.3653 1.1693
1.5669 1.3033
1.4497 1.1487
1.5293 1.3402
1.3407 1.3391
1.5028 1.2717
1.3163 1.5121
1.3612 1.5520
1.3958 1.4276
1.4993 1.5855
1.4870 1.4200
1.4744 1.2838
1.5121 1.6243
1.5240 1.4432
1.5603 1.5525
1.5975 1.5719
1.5822 1.5644
1.5631 1.5983
1.5878 1.4835
1.4165 1.5784
1.5754 1.5704
1.5715 1.5550
1.6018 1.4736
1.6008 1.6498
1.3682 1.5563
1.4998 1.5334
1.5842 1.5632
1.5679 1.5818
1.5480 1.4286
1.5793 1.6201
1.6093 1.6593
1.4853 1.5503
1.3014 1.4685
1.5137 1.5990
1.2851 1.5544
1.4060 1.4150
1.3177 1.5400
1.5504 1.4321
1.5620 1.4975
1.4857 1.4309
1.5358 1.3810
1.4550 1.4353
1.4981 1.4538
1.4339 1.4357
1.4635 1.4714
1.5077 1.4012
1.5142 1.5120
1.3439 1.4994
1.4607 1.4078
1.4909 1.5015
1.5039 1.5252
1.4621 1.4829
1.4649 1.5312
1.5622 1.4418
1.4785 1.4316
1.5538 1.4504
1.5254 1.4515
1.5111 1.5106
1.5543 1.5707
1.4416 1.3269
1.5612 1.4654
1.4522 1.4937
1.4885 1.3202
1.3874 1.5015
1.2982 1.4922
1.3581 1.5454
1.5096 1.4114
1.5338 1.4938
1.4292 1.5132
1.4436 1.4103
1.3351 1.4044
1.3954 1.4312
1.4627 1.4739
1.5155 1.4818
1.5409 1.3723
1.3679 1.4147
1.6162 1.5493
1.5676 1.3748
1.5893 1.5495
1.5760 1.4810
1.4524 1.6106
1.4983 1.5641
1.4430 1.5417
1.4437 1.5701
END----------
1.4458 1.5505
1.2753 1.5312
