0705-1336
CN7,4G,1,1,1,914,1090,1221,7963,1318,1474,1388.80,1470,9835.2,10210.5,9895.29,9778.03,1013.13,1011.61,1012.56,1011.82
CN7,4G,1,1,2,832,1020,1221,1991,1244,1478,1425.20,1497,9835.2,10210.5,9895.29,9778.03,1013.13,1011.61,1012.56,1011.82
CN7,4G,1,1,3,865,1029,1254,2008,1292,1500,1431.00,1501,9835.2,10210.5,9895.29,9778.03,1013.13,1011.61,1012.56,1011.82
CN7,4G,1,1,4,865,1057,1237,1942,1264,1500,1416.40,1494,9835.2,10210.5,9895.29,9778.03,1013.13,1011.61,1012.56,1011.82
CN7,4G,1,1,5,873,1045,1205,1860,1362,1474,1412.80,1494,9835.2,10210.5,9895.29,9778.03,1013.13,1011.61,1012.56,1011.82
CN7,4G,1,2,1,832,1029,1385,1926,1312,1510,1438.40,1518,9835.2,10210.5,9895.29,9778.03,1013.13,1011.61,1012.56,1011.82
CN7,4G,1,2,2,889,1090,1516,1991,1316,1472,1400.00,1474,9835.2,10210.5,9895.29,9778.03,1013.13,1011.61,1012.56,1011.82
CN7,4G,1,2,3,881,1074,1319,1893,1318,1510,1414.40,1496,9835.2,10210.5,9895.29,9778.03,1013.13,1011.61,1012.56,1011.82
CN7,4G,1,2,4,938,1090,1319,1876,1282,1432,1388.00,1464,9835.2,10210.5,9895.29,9778.03,1013.13,1011.61,1012.56,1011.82
CN7,4G,1,2,5,873,1074,1303,1942,1354,1460,1412.40,1499,9835.2,10210.5,9895.29,9778.03,1013.13,1011.61,1012.56,1011.82
CN7,4G,1,4,1,865,1057,1647,1762,1330,1468,1400.80,1469,9835.2,10210.5,9895.29,9778.03,1013.13,1011.61,1012.56,1011.82
CN7,4G,1,4,2,865,1057,1483,2114,1306,1498,1422.20,1508,9835.2,10210.5,9895.29,9778.03,1013.13,1011.61,1012.56,1011.82
CN7,4G,1,4,3,938,1090,1795,1991,1300,1495,1396.20,1480,9835.2,10210.5,9895.29,9778.03,1013.13,1011.61,1012.56,1011.82
CN7,4G,1,4,4,865,1037,1647,2040,1330,1480,1410.80,1483,9835.2,10210.5,9895.29,9778.03,1013.13,1011.61,1012.56,1011.82
CN7,4G,1,4,5,824,1029,1303,1811,1246,1486,1427.20,1502,9835.2,10210.5,9895.29,9778.03,1013.13,1011.61,1012.56,1011.82
CN7,4G,1,8,1,807,1020,1827,2376,1335,1494,1434.20,1511,9835.2,10210.5,9895.29,9778.03,1013.13,1011.61,1012.56,1011.82
CN7,4G,1,8,2,873,1074,1778,1860,1368,1478,1411.20,1484,9835.2,10210.5,9895.29,9778.03,1013.13,1011.61,1012.56,1011.82
CN7,4G,1,8,3,947,1123,1827,2245,1288,1454,1359.20,1445,9835.2,10210.5,9895.29,9778.03,1013.13,1011.61,1012.56,1011.82
CN7,4G,1,8,4,865,1074,1795,1860,1248,1564,1439.60,1514,9835.2,10210.5,9895.29,9778.03,1013.13,1011.61,1012.56,1011.82
CN7,4G,1,8,5,865,1037,1745,2057,1326,1490,1420.00,1493,9835.2,10210.5,9895.29,9778.03,1013.13,1011.61,1012.56,1011.82
CN7,4G,1,16,1,873,1106,1713,1893,1302,1455,1394.20,1473,9835.2,10210.5,9895.29,9778.03,1013.13,1011.61,1012.56,1011.82
CN7,4G,1,16,2,824,1029,1696,1926,1378,1502,1427.20,1505,9835.2,10210.5,9895.29,9778.03,1013.13,1011.61,1012.56,1011.82
CN7,4G,1,16,3,816,1045,1795,2024,1386,1510,1430.00,1512,9835.2,10210.5,9895.29,9778.03,1013.13,1011.61,1012.56,1011.82
CN7,4G,1,16,4,922,1123,1827,1893,1232,1448,1373.60,1453,9835.2,10210.5,9895.29,9778.03,1013.13,1011.61,1012.56,1011.82
CN7,4G,1,16,5,832,1057,1811,1975,1334,1454,1414.00,1494,9835.2,10210.5,9895.29,9778.03,1013.13,1011.61,1012.56,1011.82
CN7,4G,1,32,1,898,1156,1729,2008,1312,1522,1399.60,1474,9835.2,10210.5,9895.29,9778.03,1013.13,1011.61,1012.56,1011.82
CN7,4G,1,32,2,750,1156,1745,2114,1365,1468,1439.00,1514,9835.2,10210.5,9895.29,9778.03,1013.13,1011.61,1012.56,1011.82
CN7,4G,1,32,3,832,1188,1762,1942,1272,1470,1414.80,1484,9835.2,10210.5,9895.29,9778.03,1013.13,1011.61,1012.56,1011.82
CN7,4G,1,32,4,824,1172,1762,1909,1238,1480,1418.80,1496,9835.2,10210.5,9895.29,9778.03,1013.13,1011.61,1012.56,1011.82
CN7,4G,1,32,5,799,1045,1876,2057,1284,1522,1422.40,1502,9835.2,10210.5,9895.29,9778.03,1013.13,1011.61,1012.56,1011.82
CN7,4G,1,64,1,742,1352,1844,1926,1338,1522,1447.20,1517,9835.2,10210.5,9895.29,9778.03,1013.13,1011.61,1012.56,1011.82
CN7,4G,1,64,2,914,1418,1827,5211,1296,1446,1364.80,1447,9835.2,10210.5,9895.29,9778.03,1013.13,1011.61,1012.56,1011.82
CN7,4G,1,64,3,906,1369,1844,3064,1319,1484,1385.00,1463,9835.2,10210.5,9895.29,9778.03,1013.13,1011.61,1012.56,1011.82
CN7,4G,1,64,4,857,1254,1713,1762,1332,1448,1388.80,1466,9835.2,10210.5,9895.29,9778.03,1013.13,1011.61,1012.56,1011.82
CN7,4G,1,64,5,906,1352,1778,2114,1256,1468,1388.60,1468,9835.2,10210.5,9895.29,9778.03,1013.13,1011.61,1012.56,1011.82
CN7,8G,1,1,1,742,979,1352,2024,1338,1486,1454.73,1526,9835.2,10210.5,9895.29,9778.03,1013.13,1011.61,1012.56,1011.82
CN7,8G,1,1,2,807,1029,1270,2278,1322,1486,1437.09,1509,9835.2,10210.5,9895.29,9778.03,1013.13,1011.61,1012.56,1011.82
CN7,8G,1,1,3,775,996,1352,2376,1324,1488,1440.73,1512,9835.2,10210.5,9895.29,9778.03,1013.13,1011.61,1012.56,1011.82
CN7,8G,1,1,4,775,1004,1254,1844,1336,1500,1455.00,1527,9835.2,10210.5,9895.29,9778.03,1013.13,1011.61,1012.56,1011.82
CN7,8G,1,1,5,766,1012,1467,1893,1324,1494,1451.55,1522,9835.2,10210.5,9895.29,9778.03,1013.13,1011.61,1012.56,1011.82
CN7,8G,1,2,1,766,1020,1450,1991,1344,1482,1448.00,1519,9835.2,10210.5,9895.29,9778.03,1013.13,1011.61,1012.56,1011.82
CN7,8G,1,2,2,758,979,1516,2147,1354,1498,1449.73,1520,9835.2,10210.5,9895.29,9778.03,1013.13,1011.61,1012.56,1011.82
CN7,8G,1,2,3,766,1012,1516,1827,1302,1484,1439.55,1512,9835.2,10210.5,9895.29,9778.03,1013.13,1011.61,1012.56,1011.82
CN7,8G,1,2,4,775,1012,1631,3064,1310,1498,1441.18,1511,9835.2,10210.5,9895.29,9778.03,1013.13,1011.61,1012.56,1011.82
CN7,8G,1,2,5,783,1012,1336,1876,1242,1494,1437.45,1509,9835.2,10210.5,9895.29,9778.03,1013.13,1011.61,1012.56,1011.82
CN7,8G,1,4,1,791,1004,1500,1926,1308,1544,1444.55,1516,9835.2,10210.5,9895.29,9778.03,1013.13,1011.61,1012.56,1011.82
CN7,8G,1,4,2,783,1029,1811,2409,1373,1486,1447.00,1518,9835.2,10210.5,9895.29,9778.03,1013.13,1011.61,1012.56,1011.82
CN7,8G,1,4,3,816,1029,1811,2212,1320,1482,1420.55,1493,9835.2,10210.5,9895.29,9778.03,1013.13,1011.61,1012.56,1011.82
CN7,8G,1,4,4,775,1020,1434,1926,1302,1500,1450.18,1521,9835.2,10210.5,9895.29,9778.03,1013.13,1011.61,1012.56,1011.82
CN7,8G,1,4,5,791,1020,1745,2540,1335,1512,1459.91,1531,9835.2,10210.5,9895.29,9778.03,1013.13,1011.61,1012.56,1011.82
CN7,8G,1,8,1,742,963,1762,2311,1410,1522,1470.91,1542,9835.2,10210.5,9895.29,9778.03,1013.13,1011.61,1012.56,1011.82
CN7,8G,1,8,2,725,865,1844,2507,1380,1532,1480.55,1552,9835.2,10210.5,9895.29,9778.03,1013.13,1011.61,1012.56,1011.82
CN7,8G,1,8,3,758,988,1532,2024,1282,1482,1447.64,1518,9835.2,10210.5,9895.29,9778.03,1013.13,1011.61,1012.56,1011.82
CN7,8G,1,8,4,766,971,1647,2245,1358,1568,1472.73,1544,9835.2,10210.5,9895.29,9778.03,1013.13,1011.61,1012.56,1011.82
CN7,8G,1,8,5,750,955,1434,1942,1256,1488,1446.82,1517,9835.2,10210.5,9895.29,9778.03,1013.13,1011.61,1012.56,1011.82
CN7,8G,1,16,1,807,1045,1696,1926,1324,1476,1420.27,1492,9835.2,10210.5,9895.29,9778.03,1013.13,1011.61,1012.56,1011.82
CN7,8G,1,16,2,775,988,1762,2114,1304,1484,1427.64,1500,9835.2,10210.5,9895.29,9778.03,1013.13,1011.61,1012.56,1011.82
CN7,8G,1,16,3,758,971,1713,1975,1384,1522,1465.73,1537,9835.2,10210.5,9895.29,9778.03,1013.13,1011.61,1012.56,1011.82
CN7,8G,1,16,4,766,1004,1631,1860,1238,1490,1446.55,1518,9835.2,10210.5,9895.29,9778.03,1013.13,1011.61,1012.56,1011.82
CN7,8G,1,16,5,734,971,1745,2180,1382,1502,1464.55,1536,9835.2,10210.5,9895.29,9778.03,1013.13,1011.61,1012.56,1011.82
CN7,8G,1,32,1,824,1106,1876,2638,1140,1508,1425.82,1496,9835.2,10210.5,9895.29,9778.03,1013.13,1011.61,1012.56,1011.82
CN7,8G,1,32,2,775,1090,1844,1909,1266,1460,1415.18,1487,9835.2,10210.5,9895.29,9778.03,1013.13,1011.61,1012.56,1011.82
CN7,8G,1,32,3,775,1106,1811,2147,1284,1476,1428.00,1498,9835.2,10210.5,9895.29,9778.03,1013.13,1011.61,1012.56,1011.82
CN7,8G,1,32,4,766,1057,1876,2769,1342,1518,1443.45,1513,9835.2,10210.5,9895.29,9778.03,1013.13,1011.61,1012.56,1011.82
CN7,8G,1,32,5,742,955,1844,1958,1260,1472,1443.91,1515,9835.2,10210.5,9895.29,9778.03,1013.13,1011.61,1012.56,1011.82
CN7,8G,1,64,1,766,1156,1696,1942,1350,1508,1437.55,1508,9835.2,10210.5,9895.29,9778.03,1013.13,1011.61,1012.56,1011.82
CN7,8G,1,64,2,775,1156,1795,2540,1308,1484,1418.18,1488,9835.2,10210.5,9895.29,9778.03,1013.13,1011.61,1012.56,1011.82
CN7,8G,1,64,3,758,1156,1860,3032,1174,1468,1420.18,1491,9835.2,10210.5,9895.29,9778.03,1013.13,1011.61,1012.56,1011.82
CN7,8G,1,64,4,750,1123,1942,3261,1254,1482,1426.45,1496,9835.2,10210.5,9895.29,9778.03,1013.13,1011.61,1012.56,1011.82
CN7,8G,1,64,5,848,1156,1876,2311,1174,1452,1393.18,1464,9835.2,10210.5,9895.29,9778.03,1013.13,1011.61,1012.56,1011.82
CN7,16G,1,1,1,734,963,1942,2900,1264,1496,1462.00,1534,9835.2,10210.5,9895.29,9778.03,1013.13,1011.61,1012.56,1011.82
CN7,16G,1,1,2,742,979,1876,2900,1320,1540,1466.36,1537,9835.2,10210.5,9895.29,9778.03,1013.13,1011.61,1012.56,1011.82
CN7,16G,1,1,3,766,1020,1500,1975,1322,1576,1463.14,1535,9835.2,10210.5,9895.29,9778.03,1013.13,1011.61,1012.56,1011.82
CN7,16G,1,1,4,734,955,1500,3425,1340,1486,1454.77,1526,9835.2,10210.5,9895.29,9778.03,1013.13,1011.61,1012.56,1011.82
CN7,16G,1,1,5,742,971,1827,2606,1310,1538,1460.09,1532,9835.2,10210.5,9895.29,9778.03,1013.13,1011.61,1012.56,1011.82
CN7,16G,1,2,1,742,955,2212,3851,1332,1496,1451.91,1522,9835.2,10210.5,9895.29,9778.03,1013.13,1011.61,1012.56,1011.82
CN7,16G,1,2,2,725,914,1844,2868,1326,1546,1489.05,1561,9835.2,10210.5,9895.29,9778.03,1013.13,1011.61,1012.56,1011.82
CN7,16G,1,2,3,750,971,1926,3720,1238,1482,1437.00,1506,9835.2,10210.5,9895.29,9778.03,1013.13,1011.61,1012.56,1011.82
CN7,16G,1,2,4,725,922,1958,3687,1387,1502,1468.23,1540,9835.2,10210.5,9895.29,9778.03,1013.13,1011.61,1012.56,1011.82
CN7,16G,1,2,5,734,963,1942,3195,1394,1554,1464.27,1536,9835.2,10210.5,9895.29,9778.03,1013.13,1011.61,1012.56,1011.82
CN7,16G,1,4,1,734,963,1713,3097,1244,1490,1457.86,1530,9835.2,10210.5,9895.29,9778.03,1013.13,1011.61,1012.56,1011.82
CN7,16G,1,4,2,734,963,1385,1958,1312,1488,1455.23,1527,9835.2,10210.5,9895.29,9778.03,1013.13,1011.61,1012.56,1011.82
CN7,16G,1,4,3,734,955,1811,3458,1320,1500,1459.95,1531,9835.2,10210.5,9895.29,9778.03,1013.13,1011.61,1012.56,1011.82
CN7,16G,1,4,4,717,906,1827,2442,1352,1496,1466.32,1537,9835.2,10210.5,9895.29,9778.03,1013.13,1011.61,1012.56,1011.82
CN7,16G,1,4,5,734,963,1893,2933,1336,1516,1463.23,1534,9835.2,10210.5,9895.29,9778.03,1013.13,1011.61,1012.56,1011.82
CN7,16G,1,8,1,725,922,1713,2769,1352,1490,1459.77,1531,9835.2,10210.5,9895.29,9778.03,1013.13,1011.61,1012.56,1011.82
CN7,16G,1,8,2,734,963,1631,3425,1317,1490,1457.86,1528,9835.2,10210.5,9895.29,9778.03,1013.13,1011.61,1012.56,1011.82
CN7,16G,1,8,3,734,971,1663,2573,1322,1496,1457.82,1529,9835.2,10210.5,9895.29,9778.03,1013.13,1011.61,1012.56,1011.82
CN7,16G,1,8,4,734,971,1713,2073,1344,1490,1452.27,1524,9835.2,10210.5,9895.29,9778.03,1013.13,1011.61,1012.56,1011.82
CN7,16G,1,8,5,725,955,1778,2409,1248,1494,1460.32,1531,9835.2,10210.5,9895.29,9778.03,1013.13,1011.61,1012.56,1011.82
CN7,16G,1,16,1,734,955,1844,2573,1362,1542,1472.68,1544,9835.2,10210.5,9895.29,9778.03,1013.13,1011.61,1012.56,1011.82
CN7,16G,1,16,2,734,979,1582,2507,1242,1570,1467.95,1540,9835.2,10210.5,9895.29,9778.03,1013.13,1011.61,1012.56,1011.82
CN7,16G,1,16,3,734,963,1549,2507,1336,1516,1461.18,1532,9835.2,10210.5,9895.29,9778.03,1013.13,1011.61,1012.56,1011.82
CN7,16G,1,16,4,734,963,1844,2507,1304,1492,1453.45,1525,9835.2,10210.5,9895.29,9778.03,1013.13,1011.61,1012.56,1011.82
CN7,16G,1,16,5,725,963,1713,2835,1288,1504,1457.18,1529,9835.2,10210.5,9895.29,9778.03,1013.13,1011.61,1012.56,1011.82
CN7,16G,1,32,1,734,971,1909,3163,1390,1492,1457.23,1528,9835.2,10210.5,9895.29,9778.03,1013.13,1011.61,1012.56,1011.82
CN7,16G,1,32,2,734,947,1926,3556,1352,1490,1451.14,1522,9835.2,10210.5,9895.29,9778.03,1013.13,1011.61,1012.56,1011.82
CN7,16G,1,32,3,742,971,1860,3163,1226,1534,1462.55,1536,9835.2,10210.5,9895.29,9778.03,1013.13,1011.61,1012.56,1011.82
CN7,16G,1,32,4,717,922,1745,2507,1284,1490,1455.95,1527,9835.2,10210.5,9895.29,9778.03,1013.13,1011.61,1012.56,1011.82
CN7,16G,1,32,5,734,807,1958,4146,1412,1516,1465.95,1536,9835.2,10210.5,9895.29,9778.03,1013.13,1011.61,1012.56,1011.82
CN7,16G,1,64,1,742,1012,1926,3195,1274,1466,1430.45,1500,9835.2,10210.5,9895.29,9778.03,1013.13,1011.61,1012.56,1011.82
CN7,16G,1,64,2,750,996,1860,2507,1208,1466,1426.41,1496,9835.2,10210.5,9895.29,9778.03,1013.13,1011.61,1012.56,1011.82
CN7,16G,1,64,3,758,1057,1975,3621,1262,1476,1427.09,1497,9835.2,10210.5,9895.29,9778.03,1013.13,1011.61,1012.56,1011.82
CN7,16G,1,64,4,734,1029,2008,3130,1368,1480,1439.68,1510,9835.2,10210.5,9895.29,9778.03,1013.13,1011.61,1012.56,1011.82
CN7,16G,1,64,5,750,1004,1827,6259,1237,1512,1447.55,1518,9835.2,10210.5,9895.29,9778.03,1013.13,1011.61,1012.56,1011.82
CN7,32G,1,1,1,725,898,2474,4113,1306,1550,1455.51,1526,9835.2,10210.5,9895.29,9778.03,1013.13,1011.61,1012.56,1011.82
CN7,32G,1,1,2,725,930,1713,3195,1242,1508,1457.73,1528,9835.2,10210.5,9895.29,9778.03,1013.13,1011.61,1012.56,1011.82
CN7,32G,1,1,3,717,873,1942,2835,1332,1512,1470.14,1542,9835.2,10210.5,9895.29,9778.03,1013.13,1011.61,1012.56,1011.82
CN7,32G,1,1,4,734,889,2474,4146,1342,1562,1467.80,1541,9835.2,10210.5,9895.29,9778.03,1013.13,1011.61,1012.56,1011.82
CN7,32G,1,1,5,709,832,2089,3490,1254,1500,1468.18,1540,9835.2,10210.5,9895.29,9778.03,1013.13,1011.61,1012.56,1011.82
CN7,32G,1,2,1,717,898,1745,3818,1250,1498,1466.75,1538,9835.2,10210.5,9895.29,9778.03,1013.13,1011.61,1012.56,1011.82
CN7,32G,1,2,2,717,906,2311,3261,1264,1598,1476.07,1548,9835.2,10210.5,9895.29,9778.03,1013.13,1011.61,1012.56,1011.82
CN7,32G,1,2,3,717,848,2409,3982,1342,1496,1467.02,1539,9835.2,10210.5,9895.29,9778.03,1013.13,1011.61,1012.56,1011.82
CN7,32G,1,2,4,701,816,1975,5080,1384,1504,1473.84,1546,9835.2,10210.5,9895.29,9778.03,1013.13,1011.61,1012.56,1011.82
CN7,32G,1,2,5,725,898,2442,4948,1291,1540,1472.20,1544,9835.2,10210.5,9895.29,9778.03,1013.13,1011.61,1012.56,1011.82
CN7,32G,1,4,1,717,865,2311,3752,1400,1502,1464.66,1535,9835.2,10210.5,9895.29,9778.03,1013.13,1011.61,1012.56,1011.82
CN7,32G,1,4,2,725,906,1975,3556,1300,1498,1461.00,1533,9835.2,10210.5,9895.29,9778.03,1013.13,1011.61,1012.56,1011.82
CN7,32G,1,4,3,717,881,2180,3523,1296,1506,1460.70,1532,9835.2,10210.5,9895.29,9778.03,1013.13,1011.61,1012.56,1011.82
CN7,32G,1,4,4,717,881,1713,3982,1306,1552,1467.52,1539,9835.2,10210.5,9895.29,9778.03,1013.13,1011.61,1012.56,1011.82
CN7,32G,1,4,5,709,857,2147,3458,1251,1500,1473.09,1545,9835.2,10210.5,9895.29,9778.03,1013.13,1011.61,1012.56,1011.82
CN7,32G,1,8,1,709,857,2114,4228,1250,1558,1471.05,1543,9835.2,10210.5,9895.29,9778.03,1013.13,1011.61,1012.56,1011.82
CN7,32G,1,8,2,725,775,2442,5735,1388,1542,1475.16,1547,9835.2,10210.5,9895.29,9778.03,1013.13,1011.61,1012.56,1011.82
CN7,32G,1,8,3,709,840,2024,5080,1294,1500,1467.91,1539,9835.2,10210.5,9895.29,9778.03,1013.13,1011.61,1012.56,1011.82
CN7,32G,1,8,4,709,840,2114,3228,1270,1496,1468.23,1540,9835.2,10210.5,9895.29,9778.03,1013.13,1011.61,1012.56,1011.82
CN7,32G,1,8,5,717,922,1958,2868,1306,1502,1459.95,1531,9835.2,10210.5,9895.29,9778.03,1013.13,1011.61,1012.56,1011.82
CN7,32G,1,16,1,717,914,2008,3130,1266,1512,1465.89,1537,9835.2,10210.5,9895.29,9778.03,1013.13,1011.61,1012.56,1011.82
CN7,32G,1,16,2,725,898,2343,4178,1322,1492,1460.64,1532,9835.2,10210.5,9895.29,9778.03,1013.13,1011.61,1012.56,1011.82
CN7,32G,1,16,3,725,889,2278,4490,1330,1548,1468.57,1541,9835.2,10210.5,9895.29,9778.03,1013.13,1011.61,1012.56,1011.82
CN7,32G,1,16,4,709,775,2278,6259,1384,1494,1464.45,1536,9835.2,10210.5,9895.29,9778.03,1013.13,1011.61,1012.56,1011.82
CN7,32G,1,16,5,734,930,2507,6325,1316,1516,1468.95,1540,9835.2,10210.5,9895.29,9778.03,1013.13,1011.61,1012.56,1011.82
CN7,32G,1,32,1,725,906,2147,3752,1276,1530,1461.84,1533,9835.2,10210.5,9895.29,9778.03,1013.13,1011.61,1012.56,1011.82
CN7,32G,1,32,2,717,848,2245,3818,1222,1492,1455.20,1526,9835.2,10210.5,9895.29,9778.03,1013.13,1011.61,1012.56,1011.82
CN7,32G,1,32,3,717,816,1745,2343,1368,1477,1455.33,1526,9835.2,10210.5,9895.29,9778.03,1013.13,1011.61,1012.56,1011.82
CN7,32G,1,32,4,725,857,2057,3720,1284,1520,1465.11,1536,9835.2,10210.5,9895.29,9778.03,1013.13,1011.61,1012.56,1011.82
CN7,32G,1,32,5,725,922,2114,3490,1250,1504,1463.80,1535,9835.2,10210.5,9895.29,9778.03,1013.13,1011.61,1012.56,1011.82
CN7,32G,1,64,1,717,865,1844,3359,1168,1476,1450.67,1521,9835.2,10210.5,9895.29,9778.03,1013.13,1011.61,1012.56,1011.82
CN7,32G,1,64,2,725,889,1844,2638,1332,1478,1444.58,1515,9835.2,10210.5,9895.29,9778.03,1013.13,1011.61,1012.56,1011.82
CN7,32G,1,64,3,734,930,2278,3163,1254,1502,1436.87,1507,9835.2,10210.5,9895.29,9778.03,1013.13,1011.61,1012.56,1011.82
CN7,32G,1,64,4,742,906,1860,4817,1300,1534,1446.29,1517,9835.2,10210.5,9895.29,9778.03,1013.13,1011.61,1012.56,1011.82
CN7,32G,1,64,5,734,971,2540,3752,1320,1496,1444.38,1514,9835.2,10210.5,9895.29,9778.03,1013.13,1011.61,1012.56,1011.82
CN7,64G,1,1,1,898,996,1565,5014,1052,1506,1386.76,1454,9835.2,10210.5,9895.29,9778.03,1013.13,1011.61,1012.56,1011.82
CN7,64G,1,1,2,840,1074,1565,2704,918,1550,1406.15,1475,9835.2,10210.5,9895.29,9778.03,1013.13,1011.61,1012.56,1011.82
CN7,64G,1,1,3,775,873,1713,2966,1218,1512,1419.16,1488,9835.2,10210.5,9895.29,9778.03,1013.13,1011.61,1012.56,1011.82
CN7,64G,1,1,4,766,857,1450,2245,1239,1490,1411.87,1481,9835.2,10210.5,9895.29,9778.03,1013.13,1011.61,1012.56,1011.82
CN7,64G,1,1,5,766,840,1549,3621,1266,1504,1426.05,1496,9835.2,10210.5,9895.29,9778.03,1013.13,1011.61,1012.56,1011.82
CN7,64G,1,2,1,766,881,1827,3359,1184,1532,1418.20,1487,9835.2,10210.5,9895.29,9778.03,1013.13,1011.61,1012.56,1011.82
CN7,64G,1,2,2,758,848,1811,3228,1234,1508,1429.69,1500,9835.2,10210.5,9895.29,9778.03,1013.13,1011.61,1012.56,1011.82
CN7,64G,1,2,3,734,824,1958,3720,1250,1530,1451.33,1522,9835.2,10210.5,9895.29,9778.03,1013.13,1011.61,1012.56,1011.82
CN7,64G,1,2,4,750,865,1795,3294,1244,1530,1444.12,1515,9835.2,10210.5,9895.29,9778.03,1013.13,1011.61,1012.56,1011.82
CN7,64G,1,2,5,807,996,1614,3130,1060,1548,1413.46,1482,9835.2,10210.5,9895.29,9778.03,1013.13,1011.61,1012.56,1011.82
CN7,64G,1,4,1,766,865,1696,5407,1250,1506,1423.43,1493,9835.2,10210.5,9895.29,9778.03,1013.13,1011.61,1012.56,1011.82
CN7,64G,1,4,2,766,848,1860,3621,1256,1528,1435.01,1505,9835.2,10210.5,9895.29,9778.03,1013.13,1011.61,1012.56,1011.82
CN7,64G,1,4,3,766,865,1680,2966,1178,1528,1424.59,1494,9835.2,10210.5,9895.29,9778.03,1013.13,1011.61,1012.56,1011.82
CN7,64G,1,4,4,742,865,1942,3949,1240,1538,1439.30,1509,9835.2,10210.5,9895.29,9778.03,1013.13,1011.61,1012.56,1011.82
CN7,64G,1,4,5,742,840,2040,3654,1319,1540,1445.67,1517,9835.2,10210.5,9895.29,9778.03,1013.13,1011.61,1012.56,1011.82
CN7,64G,1,8,1,758,865,1762,3228,1298,1524,1434.65,1505,9835.2,10210.5,9895.29,9778.03,1013.13,1011.61,1012.56,1011.82
CN7,64G,1,8,2,955,1074,2278,3654,990,1522,1390.20,1457,9835.2,10210.5,9895.29,9778.03,1013.13,1011.61,1012.56,1011.82
CN7,64G,1,8,3,750,848,2073,4424,1322,1502,1444.30,1515,9835.2,10210.5,9895.29,9778.03,1013.13,1011.61,1012.56,1011.82
CN7,64G,1,8,4,1004,1106,1811,3195,944,1516,1372.96,1439,9835.2,10210.5,9895.29,9778.03,1013.13,1011.61,1012.56,1011.82
CN7,64G,1,8,5,766,873,1860,5145,1240,1536,1426.38,1496,9835.2,10210.5,9895.29,9778.03,1013.13,1011.61,1012.56,1011.82
CN7,64G,1,16,1,758,832,1762,4555,1244,1500,1429.79,1500,9835.2,10210.5,9895.29,9778.03,1013.13,1011.61,1012.56,1011.82
CN7,64G,1,16,2,938,1037,2114,4359,986,1546,1387.67,1456,9835.2,10210.5,9895.29,9778.03,1013.13,1011.61,1012.56,1011.82
CN7,64G,1,16,3,955,1074,1991,4293,974,1528,1384.93,1453,9835.2,10210.5,9895.29,9778.03,1013.13,1011.61,1012.56,1011.82
CN7,64G,1,16,4,766,832,2008,4817,1282,1514,1431.46,1501,9835.2,10210.5,9895.29,9778.03,1013.13,1011.61,1012.56,1011.82
CN7,64G,1,16,5,758,832,2311,5473,1268,1518,1429.66,1500,9835.2,10210.5,9895.29,9778.03,1013.13,1011.61,1012.56,1011.82
CN7,64G,1,32,1,742,832,2278,3425,1208,1530,1444.27,1515,9835.2,10210.5,9895.29,9778.03,1013.13,1011.61,1012.56,1011.82
CN7,64G,1,32,2,938,1057,2147,4948,980,1502,1389.29,1457,9835.2,10210.5,9895.29,9778.03,1013.13,1011.61,1012.56,1011.82
CN7,64G,1,32,3,766,857,1975,4621,1262,1492,1417.61,1487,9835.2,10210.5,9895.29,9778.03,1013.13,1011.61,1012.56,1011.82
CN7,64G,1,32,4,848,988,1762,4293,1102,1534,1411.54,1480,9835.2,10210.5,9895.29,9778.03,1013.13,1011.61,1012.56,1011.82
CN7,64G,1,32,5,766,988,2180,4621,1052,1526,1435.02,1505,9835.2,10210.5,9895.29,9778.03,1013.13,1011.61,1012.56,1011.82
CN7,64G,1,64,1,898,1020,2073,5080,1064,1512,1393.79,1461,9835.2,10210.5,9895.29,9778.03,1013.13,1011.61,1012.56,1011.82
CN7,64G,1,64,2,766,873,1991,4080,1182,1504,1413.60,1483,9835.2,10210.5,9895.29,9778.03,1013.13,1011.61,1012.56,1011.82
CN7,64G,1,64,3,758,824,2409,4146,1300,1518,1434.20,1504,9835.2,10210.5,9895.29,9778.03,1013.13,1011.61,1012.56,1011.82
CN7,64G,1,64,4,766,1012,2114,4490,980,1518,1416.26,1485,9835.2,10210.5,9895.29,9778.03,1013.13,1011.61,1012.56,1011.82
CN7,64G,1,64,5,758,848,2343,4752,1184,1496,1424.86,1494,9835.2,10210.5,9895.29,9778.03,1013.13,1011.61,1012.56,1011.82
CN7,128G,1,1,1,955,1045,1893,4424,986,1538,1367.32,1434,9835.2,10210.5,9895.29,9778.03,1013.13,1011.61,1012.56,1011.82
CN7,128G,1,1,2,1029,1106,1532,3523,970,1534,1306.07,1370,9835.2,10210.5,9895.29,9778.03,1013.13,1011.61,1012.56,1011.82
CN7,128G,1,1,3,971,1106,1713,3425,916,1510,1362.97,1429,9835.2,10210.5,9895.29,9778.03,1013.13,1011.61,1012.56,1011.82
CN7,128G,1,1,4,914,1045,1647,3982,924,1516,1379.17,1446,9835.2,10210.5,9895.29,9778.03,1013.13,1011.61,1012.56,1011.82
CN7,128G,1,1,5,955,1090,1827,3195,960,1544,1370.23,1437,9835.2,10210.5,9895.29,9778.03,1013.13,1011.61,1012.56,1011.82
CN7,128G,1,2,1,816,979,1844,3261,1046,1516,1394.01,1462,9835.2,10210.5,9895.29,9778.03,1013.13,1011.61,1012.56,1011.82
CN7,128G,1,2,2,775,840,1647,4817,1266,1538,1404.31,1473,9835.2,10210.5,9895.29,9778.03,1013.13,1011.61,1012.56,1011.82
CN7,128G,1,2,3,889,1029,1762,3228,1044,1520,1372.23,1439,9835.2,10210.5,9895.29,9778.03,1013.13,1011.61,1012.56,1011.82
CN7,128G,1,2,4,791,988,2008,2900,1012,1530,1404.03,1472,9835.2,10210.5,9895.29,9778.03,1013.13,1011.61,1012.56,1011.82
CN7,128G,1,2,5,963,1074,1582,4555,984,1566,1367.66,1434,9835.2,10210.5,9895.29,9778.03,1013.13,1011.61,1012.56,1011.82
CN7,128G,1,4,1,906,1012,1795,3851,1030,1560,1386.31,1454,9835.2,10210.5,9895.29,9778.03,1013.13,1011.61,1012.56,1011.82
CN7,128G,1,4,2,979,1090,1663,2900,940,1558,1371.05,1438,9835.2,10210.5,9895.29,9778.03,1013.13,1011.61,1012.56,1011.82
CN7,128G,1,4,3,783,971,1631,2704,1004,1540,1412.18,1481,9835.2,10210.5,9895.29,9778.03,1013.13,1011.61,1012.56,1011.82
CN7,128G,1,4,4,758,824,1762,3032,1266,1520,1423.27,1493,9835.2,10210.5,9895.29,9778.03,1013.13,1011.61,1012.56,1011.82
CN7,128G,1,4,5,791,889,1631,2999,1140,1508,1396.91,1465,9835.2,10210.5,9895.29,9778.03,1013.13,1011.61,1012.56,1011.82
CN7,128G,1,8,1,783,1020,1778,3458,984,1512,1405.69,1474,9835.2,10210.5,9895.29,9778.03,1013.13,1011.61,1012.56,1011.82
CN7,128G,1,8,2,988,1074,1614,3097,984,1498,1353.30,1419,9835.2,10210.5,9895.29,9778.03,1013.13,1011.61,1012.56,1011.82
CN7,128G,1,8,3,775,865,1778,2474,1154,1496,1403.99,1472,9835.2,10210.5,9895.29,9778.03,1013.13,1011.61,1012.56,1011.82
CN7,128G,1,8,4,889,1037,1795,4555,1005,1546,1392.78,1460,9835.2,10210.5,9895.29,9778.03,1013.13,1011.61,1012.56,1011.82
CN7,128G,1,8,5,889,1045,1713,4686,970,1550,1391.78,1460,9835.2,10210.5,9895.29,9778.03,1013.13,1011.61,1012.56,1011.82
CN7,128G,1,16,1,766,840,1762,3752,1266,1508,1408.66,1478,9835.2,10210.5,9895.29,9778.03,1013.13,1011.61,1012.56,1011.82
CN7,128G,1,16,2,857,1004,1876,3228,1043,1502,1384.69,1452,9835.2,10210.5,9895.29,9778.03,1013.13,1011.61,1012.56,1011.82
CN7,128G,1,16,3,906,1029,1795,4621,1032,1528,1376.31,1443,9835.2,10210.5,9895.29,9778.03,1013.13,1011.61,1012.56,1011.82
CN7,128G,1,16,4,783,873,1663,3982,1152,1534,1398.66,1467,9835.2,10210.5,9895.29,9778.03,1013.13,1011.61,1012.56,1011.82
CN7,128G,1,16,5,881,1020,1500,4621,1022,1512,1367.73,1433,9835.2,10210.5,9895.29,9778.03,1013.13,1011.61,1012.56,1011.82
CN7,128G,1,32,1,807,1057,1860,5276,960,1490,1381.10,1448,9835.2,10210.5,9895.29,9778.03,1013.13,1011.61,1012.56,1011.82
CN7,128G,1,32,2,947,1057,2057,4047,980,1504,1346.36,1412,9835.2,10210.5,9895.29,9778.03,1013.13,1011.61,1012.56,1011.82
CN7,128G,1,32,3,865,1012,1795,2835,1038,1480,1375.15,1442,9835.2,10210.5,9895.29,9778.03,1013.13,1011.61,1012.56,1011.82
CN7,128G,1,32,4,963,1074,1713,4228,978,1508,1349.03,1414,9835.2,10210.5,9895.29,9778.03,1013.13,1011.61,1012.56,1011.82
CN7,128G,1,32,5,873,979,1893,4080,1076,1520,1385.47,1453,9835.2,10210.5,9895.29,9778.03,1013.13,1011.61,1012.56,1011.82
CN7,128G,1,64,1,963,1074,1909,3392,964,1478,1333.40,1398,9835.2,10210.5,9895.29,9778.03,1013.13,1011.61,1012.56,1011.82
CN7,128G,1,64,2,979,1106,1795,3752,950,1483,1340.84,1405,9835.2,10210.5,9895.29,9778.03,1013.13,1011.61,1012.56,1011.82
CN7,128G,1,64,3,947,1057,1926,4080,986,1504,1361.93,1427,9835.2,10210.5,9895.29,9778.03,1013.13,1011.61,1012.56,1011.82
CN7,128G,1,64,4,865,1012,1811,2704,1020,1526,1370.62,1438,9835.2,10210.5,9895.29,9778.03,1013.13,1011.61,1012.56,1011.82
CN7,128G,1,64,5,775,848,1876,3654,1268,1510,1402.25,1471,9835.2,10210.5,9895.29,9778.03,1013.13,1011.61,1012.56,1011.82
