0807-2247
CN7,4G 1M ,1,1,1,938,1106,1319,8455,1250,1440,1371.40,1449,27.24,27.23,27.56,1903.72,3.48,3.47,3.48,237.52
CN7,4G 1M ,1,1,2,979,1123,1319,5669,1186,1444,1354.17,1421,5629.58,158.53,158.42,158.85,702.67,20.27,20.25,20.27
CN7,4G 1M ,1,1,3,979,1123,1418,4146,1252,1472,1359.60,1441,159.08,5625.36,160.09,160.02,20.3,702.93,20.28,20.27
CN7,4G 1M ,1,1,4,930,1106,1303,2311,1160,1456,1363.00,1442,158.58,159.03,5625.42,158.35,20.27,20.3,702.92,20.24
CN7,4G 1M ,1,1,5,947,1106,1418,2212,1236,1425,1353.00,1433,158.58,158.53,158.92,5631.18,20.27,20.27,20.28,702.91
CN7,4G 1M ,1,4,1,963,1106,1237,2212,1262,1468,1354.00,1437,5631.57,160.19,158.42,158.85,702.94,20.29,20.25,20.27
CN7,4G 1M ,1,4,2,971,1106,1369,2212,1232,1434,1357.50,1424,159.08,5625.36,158.41,158.35,20.3,702.93,20.25,20.24
CN7,4G 1M ,1,4,3,906,1090,1237,2245,1298,1610,1464.80,1548,158.57,159.03,5625.41,158.34,20.27,20.3,702.92,20.24
CN7,4G 1M ,1,4,4,881,1074,1205,2212,1290,1634,1442.00,1516,158.57,158.53,158.92,5612.93,20.27,20.27,20.28,701.38
CN7,4G 1M ,1,4,5,914,1090,1205,2180,1297,1638,1451.40,1542,5630.73,158.52,158.41,158.84,702.94,20.27,20.25,20.27
CN7,4G 1M ,1,16,1,988,1123,1336,2180,1154,1434,1343.67,1410,159.07,5625.35,158.41,158.34,20.3,702.93,20.25,20.24
CN7,4G 1M ,1,16,2,873,1074,1205,2212,1262,1582,1429.00,1503,158.57,159.02,5625.4,158.34,20.27,20.3,702.92,20.24
CN7,4G 1M ,1,16,3,881,1074,1205,2212,1352,1486,1431.60,1502,158.56,158.52,158.91,5625.17,20.27,20.27,20.28,702.91
CN7,4G 1M ,1,16,4,873,1057,1188,2245,1362,1493,1430.20,1504,5625.39,158.52,158.41,158.84,702.94,20.26,20.25,20.27
CN7,4G 1M ,1,16,5,873,1057,1188,2212,1196,1462,1396.00,1473,159.06,5625.35,158.4,158.34,20.3,702.93,20.25,20.24
CN7,4G 1M ,2,1,1,816,988,1172,2343,1294,1524,1437.60,2899,158.56,159.02,5630.73,5625.33,20.27,20.29,702.92,702.91
CN7,4G 1M ,2,1,2,840,996,1156,2245,1308,1504,1408.10,2819,5625.72,5625.51,158.91,158.84,702.94,702.93,20.28,20.27
CN7,4G 1M ,2,1,3,832,988,1139,2114,1274,1528,1426.10,2876,159.06,159.02,5625.24,5625.0,20.3,20.29,702.92,702.91
CN7,4G 1M ,2,1,4,824,996,1139,2278,1282,1516,1428.40,2874,5625.23,5625.52,158.91,158.84,702.94,702.93,20.28,20.27
CN7,4G 1M ,2,1,5,824,1012,1188,2212,1382,1538,1437.60,2956,193.08,190.83,6750.48,6750.0,24.42,24.35,843.5,843.49
CN7,4G 1M ,2,4,1,848,996,1156,2245,1268,1510,1408.00,2852,5625.56,5630.35,158.91,160.84,702.94,702.93,20.28,20.32
CN7,4G 1M ,2,4,2,816,996,1156,2343,1315,1550,1449.40,2904,159.07,161.02,5625.24,5630.67,20.3,20.35,702.92,702.91
CN7,4G 1M ,2,4,3,824,1004,1156,2212,1278,1522,1424.80,2880,5625.4,5625.35,158.91,158.84,702.94,702.93,20.28,20.27
CN7,4G 1M ,2,4,4,816,996,1156,2245,1330,1548,1443.60,2905,159.07,159.03,5625.24,5625.01,20.3,20.29,702.92,702.91
CN7,4G 1M ,2,4,5,848,996,1156,2212,1248,1518,1415.73,2836,5625.23,5625.35,158.91,158.84,702.94,702.93,20.28,20.27
CN7,4G 1M ,2,16,1,857,996,1156,2245,1268,1510,1403.40,2812,159.07,159.03,5625.24,5625.01,20.3,20.3,702.92,702.91
CN7,4G 1M ,2,16,2,832,996,1172,2343,1240,1510,1404.18,2823,5625.73,5625.19,158.91,160.68,702.94,702.93,20.28,20.32
CN7,4G 1M ,2,16,3,824,996,1156,2245,1256,1548,1434.40,2867,159.07,159.03,5625.24,5630.84,20.3,20.3,702.92,702.91
CN7,4G 1M ,2,16,4,816,988,1156,2311,1284,1550,1445.60,2884,5630.57,5625.19,158.91,158.84,702.94,702.93,20.28,20.27
CN7,4G 1M ,2,16,5,832,988,1139,2212,1326,1502,1419.60,2868,159.07,160.86,5625.24,5625.01,20.3,20.34,702.92,702.91
CN7,4G 1M ,4,1,1,857,1037,1467,17171,1256,1458,1374.38,5620,5625.74,5625.86,5631.58,5626.18,702.94,702.93,702.96,702.96
CN7,4G 1M ,4,1,2,848,1057,1237,2966,1274,1448,1377.90,5646,5626.91,5626.03,5625.92,5625.85,703.02,702.96,702.95,702.94
CN7,4G 1M ,4,1,3,832,1004,1237,2089,1228,1402,1359.00,5651,5626.24,5625.87,5626.09,5627.19,702.97,702.96,702.95,703.01
CN7,4G 1M ,4,1,4,848,1012,1221,2212,1222,1384,1350.00,5531,5627.25,5631.54,5625.76,5631.19,703.02,702.96,702.95,702.94
CN7,4G 1M ,4,1,5,848,1012,1205,3654,1210,1430,1347.82,5489,5626.25,5625.88,5625.93,5626.03,702.97,702.97,702.95,702.95
CN7,4G 1M ,4,4,1,840,1004,1237,2212,1220,1408,1347.30,5494,5626.09,5625.88,5625.94,5625.7,702.97,702.97,702.95,702.95
CN7,4G 1M ,4,4,2,848,1029,1221,2245,1260,1408,1362.48,5691,5626.26,5627.38,5625.94,5626.04,702.97,703.04,702.95,702.94
CN7,4G 1M ,4,4,3,857,1029,1221,6128,1232,1414,1344.04,5485,5631.6,5626.06,5625.95,5627.38,702.98,702.97,702.96,703.02
CN7,4G 1M ,4,4,4,832,996,1221,2245,1208,1400,1345.55,5562,5627.61,5625.89,5631.12,5625.72,703.04,702.97,702.95,702.95
CN7,4G 1M ,4,4,5,840,1004,1188,2057,1216,1402,1342.38,5396,5626.11,5625.9,5625.79,5625.72,702.97,702.97,702.95,702.94
CN7,4G 1M ,4,16,1,840,1037,1319,2180,1284,1396,1353.50,5574,5626.11,5626.07,5626.13,5626.06,702.97,702.97,702.95,702.95
CN7,4G 1M ,4,16,2,848,1029,1188,2278,1286,1428,1368.48,5696,5626.28,5631.74,5626.13,5631.56,702.98,702.97,702.96,702.95
CN7,4G 1M ,4,16,3,865,1057,1237,2114,1250,1432,1378.55,5721,5626.29,5626.25,5625.8,5625.9,702.98,702.97,702.96,702.95
CN7,4G 1M ,4,16,4,857,1057,1369,7046,1232,1398,1355.41,5622,5626.63,5627.92,5626.14,5625.91,702.98,703.05,702.96,702.95
CN7,4G 1M ,4,16,5,840,1020,1237,2073,1222,1404,1355.52,5618,5626.13,5625.92,5625.81,5626.08,702.98,702.97,702.96,702.95
CN7,4G 1M ,8,1,1,3163,8094,12518,16057,602,1346,873.19,7136,8764.26,8852.22,8855.7,8934.78,1094.08,1105.66,1105.49,1116.05
CN7,4G 1M ,8,1,2,3130,8979,14746,21627,592,1368,875.33,7188,8319.86,8319.95,8320.62,8319.69,1039.26,1039.26,1039.26,1039.22
CN7,4G 1M ,8,1,3,3163,8094,13829,15401,642,1352,879.50,7211,8574.71,8725.24,8715.86,8656.38,1071.14,1089.35,1088.64,1080.63
CN7,4G 1M ,8,1,4,3163,8160,14222,16319,640,1349,877.57,7229,8320.38,8320.22,8321.51,8320.09,1039.28,1039.28,1039.33,1039.26
CN7,4G 1M ,8,1,5,3163,8291,13698,16909,634,1370,878.28,7205,8324.14,8320.23,8325.02,8320.1,1039.28,1039.28,1039.3,1039.26
CN7,4G 1M ,8,4,1,3032,8717,14746,16909,612,1366,878.50,7221,8321.15,8321.11,8320.53,8319.73,1039.32,1039.31,1039.27,1039.23
CN7,4G 1M ,8,4,2,3097,8586,14746,16712,638,1364,875.08,7164,8320.28,8324.25,8321.04,8324.11,1039.29,1039.28,1039.31,1039.27
CN7,4G 1M ,8,4,3,3261,7701,13829,16712,620,1348,870.94,7187,8735.19,8765.87,8612.06,8654.14,1091.14,1095.0,1075.74,1080.91
CN7,4G 1M ,8,4,4,3097,8455,13435,17433,638,1332,881.12,7211,8326.05,8321.52,8325.68,8320.13,1039.39,1039.38,1039.34,1039.27
CN7,4G 1M ,8,4,5,3097,8455,14091,17957,624,1370,874.36,7134,8320.31,8320.52,8320.94,8320.02,1039.29,1039.29,1039.31,1039.27
CN7,4G 1M ,8,16,1,3064,8029,13698,16188,632,1291,874.64,7121,8319.82,8323.91,8319.83,8324.03,1039.25,1039.25,1039.24,1039.26
CN7,4G 1M ,8,16,2,2802,8586,13698,17171,626,1362,877.31,7269,8320.7,8319.67,8320.71,8319.53,1039.29,1039.25,1039.27,1039.23
CN7,4G 1M ,8,16,3,3032,9241,14484,15795,642,1354,877.99,7118,8325.96,8320.93,8324.72,8321.04,1039.36,1039.32,1039.27,1039.34
CN7,4G 1M ,8,16,4,3130,8094,14746,22414,614,1320,872.18,7070,8314.06,8314.85,8315.08,8312.79,1038.49,1038.64,1038.61,1038.38
CN7,4G 1M ,8,16,5,2999,8717,14615,17695,636,1362,870.11,7108,8320.35,8323.94,8320.49,8323.81,1039.29,1039.25,1039.28,1039.24
CN7,4G 1M ,16,1,1,9241,16188,22938,63177,252,1006,362.82,6031,8814.19,8811.91,8814.06,8811.9,1100.47,1100.49,1100.47,1100.48
CN7,4G 1M ,16,1,2,9241,16188,22676,63701,270,968,363.62,6059,9441.08,9441.99,9441.01,9443.62,1179.06,1178.93,1179.05,1179.08
CN7,4G 1M ,16,1,3,9634,16712,22676,64226,264,1002,362.21,6023,8263.51,8260.25,8262.96,8260.18,1031.71,1031.65,1031.69,1031.64
CN7,4G 1M ,16,1,4,9503,16057,22414,66847,276,938,361.48,6031,9399.17,9404.01,9441.18,9416.79,1173.82,1174.13,1179.07,1175.8
CN7,4G 1M ,16,1,5,9372,15795,22152,64226,272,992,361.91,6025,8814.17,8810.95,8814.04,8810.88,1100.48,1100.42,1100.49,1100.42
CN7,4G 1M ,16,4,1,9372,16319,22676,67634,252,942,361.76,6013,8811.98,8813.16,8811.59,8814.43,1100.48,1100.43,1100.46,1100.49
CN7,4G 1M ,16,4,2,9765,16450,22938,65799,262,974,361.09,6021,8814.13,8810.97,8813.93,8811.77,1100.48,1100.43,1100.47,1100.47
CN7,4G 1M ,16,4,3,9503,16712,22938,57410,256,950,362.83,6022,8814.14,8813.45,8811.94,8814.11,1100.48,1100.46,1100.47,1100.49
CN7,4G 1M ,16,4,4,9503,16581,21890,70779,272,958,362.72,6066,9441.44,9440.78,9443.59,9440.28,1179.09,1179.07,1179.08,1179.02
CN7,4G 1M ,16,4,5,9503,16319,23462,68682,266,1026,362.88,6057,8814.16,8813.27,8812.1,8813.14,1100.48,1100.43,1100.48,1100.42
CN7,4G 1M ,16,16,1,9634,16450,22676,56361,274,958,361.30,6019,8812.17,8812.35,8813.84,8813.08,1100.52,1100.5,1100.48,1100.42
CN7,4G 1M ,16,16,2,9634,16581,24773,105382,252,1033,361.09,6025,8814.78,8814.56,8811.92,8814.29,1100.54,1100.52,1100.47,1100.51
CN7,4G 1M ,16,16,3,9372,16319,21890,56886,270,1019,363.41,6053,8812.46,8812.04,8814.26,8813.17,1100.53,1100.5,1100.52,1100.58
CN7,4G 1M ,16,16,4,9372,16188,22152,63701,264,988,364.38,6066,8814.2,8813.32,8812.21,8814.11,1100.49,1100.44,1100.52,1100.49
CN7,4G 1M ,16,16,5,9634,16057,22938,61604,262,980,363.58,6072,8812.08,8811.06,8813.22,8811.59,1100.49,1100.44,1100.43,1100.46
CN7,8G 1M ,1,1,1,865,1045,1205,28967,1266,1508,1435.36,1506,7396.71,106.79,106.05,107.56,923.88,13.63,13.55,13.61
CN7,8G 1M ,1,1,2,873,1057,1270,28181,1254,1618,1430.00,1500,107.38,7395.45,107.6,106.0,13.6,923.82,13.62,13.55
CN7,8G 1M ,1,1,3,832,1037,1205,26346,1252,1498,1422.73,1494,106.16,106.13,7395.71,106.0,13.57,13.57,923.81,13.55
CN7,8G 1M ,1,1,4,824,1037,1221,30278,1344,1594,1456.82,1531,119.42,119.39,119.31,8320.37,15.27,15.26,15.25,1039.3
CN7,8G 1M ,1,1,5,873,1057,1319,26346,1218,1472,1398.09,1469,8324.42,119.39,120.8,120.63,1039.32,15.26,15.29,15.28
CN7,8G 1M ,1,4,1,807,1020,1188,28181,1242,1626,1531.40,1603,121.18,8320.26,119.3,119.25,15.34,1039.29,15.25,15.24
CN7,8G 1M ,1,4,2,824,1012,1188,29230,1374,1562,1456.73,1527,119.42,119.89,8320.17,119.25,15.27,15.3,1039.28,15.24
CN7,8G 1M ,1,4,3,848,1037,1188,44303,1296,1474,1405.45,1476,106.15,107.23,106.05,7395.55,13.57,13.6,13.56,923.8
CN7,8G 1M ,1,4,4,816,1037,1205,27919,1158,1622,1524.80,1595,8324.79,119.39,120.8,119.75,1039.33,15.26,15.29,15.28
CN7,8G 1M ,1,4,5,857,1045,1254,40109,1210,1458,1386.36,1457,106.16,7399.12,106.05,107.33,13.57,923.81,13.55,13.58
CN7,8G 1M ,1,16,1,857,1074,1237,27657,1202,1626,1493.20,1568,119.42,119.39,8320.05,119.25,15.27,15.26,1039.28,15.24
CN7,8G 1M ,1,16,2,857,1057,1336,26084,1288,1456,1392.73,1462,106.15,107.35,106.05,7398.88,13.57,13.6,13.56,923.8
CN7,8G 1M ,1,16,3,848,1029,1188,26084,1281,1462,1406.64,1477,8324.54,119.39,120.68,119.25,1039.32,15.26,15.29,15.24
CN7,8G 1M ,1,16,4,898,1090,1254,28967,1220,1614,1435.73,1511,120.8,8324.26,119.3,120.63,15.3,1039.29,15.25,15.28
CN7,8G 1M ,1,16,5,816,1029,1172,29492,1170,1658,1523.20,1596,119.42,119.39,8320.05,119.25,15.27,15.26,1039.28,15.24
CN7,8G 1M ,2,1,1,791,914,1139,25297,1355,1574,1468.52,2949,7387.2,107.46,106.05,7386.94,922.72,13.6,13.56,922.28
CN7,8G 1M ,2,1,2,816,930,1123,25035,1306,1536,1437.14,2909,120.93,8324.14,8319.93,119.25,15.3,1039.29,1039.28,15.24
CN7,8G 1M ,2,1,3,816,922,1156,24773,1302,1568,1436.48,2867,7400.05,106.13,106.06,7395.55,923.84,13.57,13.56,923.8
CN7,8G 1M ,2,1,4,832,922,1139,32900,1236,1432,1372.70,2825,107.39,7395.68,7395.61,106.01,13.6,923.82,923.81,13.55
CN7,8G 1M ,2,1,5,816,906,1106,26608,1272,1526,1431.90,2863,7400.16,106.13,106.06,7395.67,923.84,13.57,13.56,923.8
CN7,8G 1M ,2,4,1,816,930,1139,24249,1298,1476,1395.32,2865,107.95,7395.57,7395.5,106.01,13.64,923.82,923.81,13.55
CN7,8G 1M ,2,4,2,816,906,1139,25822,1288,1534,1433.43,2886,7396.17,106.14,106.07,7395.45,923.85,13.57,13.56,923.8
CN7,8G 1M ,2,4,3,816,938,1156,24511,1296,1554,1434.00,2895,107.4,7395.69,7398.95,106.02,13.6,923.82,923.81,13.55
CN7,8G 1M ,2,4,4,807,914,1139,25822,1274,1550,1442.67,2885,7396.17,106.14,106.07,7395.57,923.85,13.57,13.56,923.8
CN7,8G 1M ,2,4,5,791,906,1139,26870,1286,1568,1464.05,2953,120.95,8320.03,8324.08,119.27,15.31,1039.3,1039.28,15.25
CN7,8G 1M ,2,16,1,807,906,1139,25560,1270,1546,1439.05,2870,7399.84,106.15,106.08,7395.46,923.85,13.57,13.56,923.8
CN7,8G 1M ,2,16,2,824,922,1139,24511,1256,1534,1419.95,2852,107.41,7395.59,7399.29,106.03,13.6,923.82,923.81,13.55
CN7,8G 1M ,2,16,3,840,930,1123,26346,1252,1546,1401.96,2780,7395.85,106.15,106.08,7395.36,923.83,13.57,13.56,923.8
CN7,8G 1M ,2,16,4,824,938,1172,25035,1274,1494,1415.59,2897,108.08,7399.04,7399.08,106.03,13.64,923.82,923.81,13.55
CN7,8G 1M ,2,16,5,799,930,1139,24773,1320,1564,1454.90,2919,8325.21,119.43,119.35,8323.78,1039.33,15.27,15.25,1039.28
CN7,8G 1M ,4,1,1,832,947,1237,22676,1228,1432,1354.52,5557,7397.08,7395.71,7396.19,7396.37,923.9,923.82,923.83,923.86
CN7,8G 1M ,4,1,2,840,988,1205,37487,1192,1404,1356.49,5543,7397.31,7396.61,7396.87,7396.6,923.86,923.87,923.87,923.84
CN7,8G 1M ,4,1,3,832,947,1237,32113,1206,1404,1348.30,5527,7397.21,7395.61,7397.32,7397.16,923.88,923.82,923.9,923.9
CN7,8G 1M ,4,1,4,848,1037,1352,34341,1200,1440,1364.78,5699,7397.22,7395.96,7395.99,7396.95,923.88,923.82,923.81,923.86
CN7,8G 1M ,4,1,5,848,963,1188,25822,1188,1404,1335.04,5365,6657.3,6657.17,6659.6,6656.96,831.5,831.49,831.47,831.49
CN7,8G 1M ,4,4,1,848,955,1188,28443,1154,1410,1331.02,5320,6660.61,6655.97,6657.21,6656.27,831.48,831.44,831.51,831.46
CN7,8G 1M ,4,4,2,824,914,1188,32375,1190,1424,1350.19,5565,7396.35,7395.76,7395.46,7395.53,923.86,923.83,923.81,923.81
CN7,8G 1M ,4,4,3,832,938,1172,36439,1176,1426,1347.96,5448,7396.92,7399.54,7396.91,7400.98,923.89,923.85,923.9,923.91
CN7,8G 1M ,4,4,4,840,930,1172,28443,1208,1406,1334.28,5519,7396.26,7396.22,7396.14,7395.43,923.86,923.85,923.85,923.81
CN7,8G 1M ,4,4,5,832,971,1172,35914,1230,1420,1357.09,5605,7397.71,7396.45,7397.04,7396.55,923.89,923.85,923.88,923.85
CN7,8G 1M ,4,16,1,840,988,1237,30278,1204,1394,1344.38,5539,7396.72,7396.9,7396.16,7396.56,923.87,923.88,923.82,923.85
CN7,8G 1M ,4,16,2,840,988,1188,31851,1246,1424,1359.57,5643,7397.39,7396.9,7396.83,7397.23,923.89,923.89,923.87,923.87
CN7,8G 1M ,4,16,3,832,971,1221,40633,1148,1416,1347.23,5594,7397.95,7396.8,7400.62,7397.24,923.9,923.89,923.91,923.91
CN7,8G 1M ,4,16,4,832,922,1172,31327,1234,1410,1348.98,5582,7400.63,7395.59,7395.96,7396.69,923.89,923.83,923.86,923.88
CN7,8G 1M ,4,16,5,824,922,1156,30540,1204,1406,1344.85,5542,7396.41,7395.71,7396.19,7395.81,923.87,923.83,923.85,923.82
CN7,8G 1M ,8,1,1,4080,9634,15139,54789,568,1370,752.64,6266,9441.56,9443.32,9441.48,9443.6,1179.11,1179.09,1179.1,1179.09
CN7,8G 1M ,8,1,2,4178,10028,15008,57934,578,1344,755.62,6264,9441.5,9441.68,9444.14,9441.68,1179.11,1179.13,1179.14,1179.14
CN7,8G 1M ,8,1,3,4047,9896,15008,51119,548,1377,758.56,6272,8811.54,8811.05,8812.34,8811.11,1100.48,1100.45,1100.53,1100.44
CN7,8G 1M ,8,1,4,4146,9896,14746,48497,596,1358,755.52,6262,9273.52,9362.85,9338.02,9367.13,1157.92,1169.34,1165.92,1169.9
CN7,8G 1M ,8,1,5,4178,10290,15533,58459,578,1360,749.54,6220,9400.6,9422.15,9339.74,9364.93,1174.04,1176.49,1166.49,1169.34
CN7,8G 1M ,8,4,1,4047,9765,14877,61080,540,1300,752.33,6243,8811.51,8811.48,8812.37,8812.35,1100.5,1100.49,1100.55,1100.54
CN7,8G 1M ,8,4,2,4113,10159,15270,50594,566,1357,759.08,6296,9441.41,9441.53,9440.55,9440.38,1179.12,1179.13,1179.06,1179.05
CN7,8G 1M ,8,4,3,4228,9765,14615,53216,576,1378,756.93,6290,8814.6,8811.97,8813.26,8812.03,1100.53,1100.51,1100.45,1100.51
CN7,8G 1M ,8,4,4,4080,9896,15533,53740,580,1386,755.24,6280,9440.51,9443.48,9441.22,9443.83,1179.07,1179.1,1179.11,1179.11
CN7,8G 1M ,8,4,5,4178,9634,15008,50070,584,1376,757.76,6307,9330.23,9354.21,9416.23,9297.27,1165.29,1168.24,1175.97,1161.11
CN7,8G 1M ,8,16,1,4047,10290,15270,62653,536,1352,748.93,6228,8812.1,8811.94,8811.96,8811.8,1100.52,1100.51,1100.52,1100.5
CN7,8G 1M ,8,16,2,4080,9896,14877,64226,564,1354,752.11,6261,8813.37,8813.35,8814.44,8811.14,1100.47,1100.47,1100.52,1100.46
CN7,8G 1M ,8,16,3,4113,9765,15008,52691,562,1333,754.66,6247,8811.78,8812.23,8812.32,8814.22,1100.5,1100.53,1100.55,1100.51
CN7,8G 1M ,8,16,4,4146,9896,15401,55313,544,1334,747.89,6223,8812.46,8812.7,8812.13,8812.1,1100.56,1100.57,1100.53,1100.53
CN7,8G 1M ,8,16,5,4146,10028,15008,54789,572,1368,754.30,6241,9442.29,9444.19,9442.08,9441.55,1179.19,1179.14,1179.18,1179.14
CN7,8G 1M ,16,1,1,9896,16450,22414,68682,232,942,341.55,5706,9408.76,9407.1,9408.69,9408.46,1174.78,1174.75,1174.77,1174.76
CN7,8G 1M ,16,1,2,9896,16188,22676,64226,262,910,342.54,5688,9756.1,9756.6,9755.87,9755.71,1218.29,1218.26,1218.28,1218.29
CN7,8G 1M ,16,1,3,9896,16319,22938,58983,198,936,343.53,5737,9753.33,9751.47,9753.63,9752.7,1217.81,1217.76,1217.83,1217.78
CN7,8G 1M ,16,1,4,9896,16581,23200,61604,256,966,342.98,5737,9755.94,9756.85,9756.01,9756.03,1218.29,1218.29,1218.31,1218.29
CN7,8G 1M ,16,1,5,9896,16581,22676,78119,222,954,341.71,5687,9757.17,9755.79,9756.54,9757.08,1218.29,1218.28,1218.25,1218.29
CN7,8G 1M ,16,4,1,10028,16712,22152,121111,192,954,339.31,5652,9705.04,9671.58,9734.26,9748.87,1211.92,1207.6,1215.6,1217.4
CN7,8G 1M ,16,4,2,9765,15926,22414,72877,227,1010,343.66,5738,9757.57,9756.11,9757.23,9756.96,1218.33,1218.3,1218.29,1218.28
CN7,8G 1M ,16,4,3,10028,16909,24773,244319,156,1008,335.33,5614,9408.02,9408.8,9407.13,9407.15,1174.82,1174.81,1174.75,1174.75
CN7,8G 1M ,16,4,4,10028,16909,23462,312476,942,334.79,5586,,9375.61,9335.74,9386.0,9311.49,1170.65,1165.79,1171.98,1162.63
CN7,8G 1M ,16,4,5,9896,16319,22676,85459,236,934,341.83,5714,9756.2,9757.08,9755.83,9756.04,1218.3,1218.29,1218.29,1218.29
CN7,8G 1M ,16,16,1,9896,16188,23200,56361,136,996,341.58,5648,9757.29,9755.9,9757.32,9702.05,1218.3,1218.31,1218.3,1211.41
CN7,8G 1M ,16,16,2,9896,16712,23987,233833,126,946,338.81,5659,9407.72,9408.24,9407.54,9407.6,1174.82,1174.76,1174.79,1174.79
CN7,8G 1M ,16,16,3,9765,16188,23725,210764,170,938,340.99,5604,9757.57,9755.89,9757.27,9757.3,1218.34,1218.31,1218.3,1218.3
CN7,8G 1M ,16,16,4,10159,16712,22938,69731,268,968,342.23,5720,9755.96,9757.05,9755.36,9756.2,1218.32,1218.3,1218.25,1218.3
CN7,8G 1M ,16,16,5,9896,16319,22938,354419,922,337.19,5637,,9408.26,9407.46,9408.22,9408.85,1174.77,1174.79,1174.76,1174.79
CN7,16G 1M ,1,1,1,799,1029,1205,28967,1272,1634,1520.10,1592,70.18,9433.16,70.18,71.15,8.88,1178.11,8.87,8.94
CN7,16G 1M ,1,1,2,766,971,1139,27657,1314,1648,1585.50,1659,74.19,75.25,10167.19,74.08,9.48,9.52,1269.82,9.47
CN7,16G 1M ,1,1,3,816,922,1123,24773,1358,1624,1423.65,1493,68.89,68.88,69.83,9441.0,8.8,8.8,8.83,1179.11
CN7,16G 1M ,1,1,4,816,963,1156,43779,1176,1604,1446.41,1521,9441.03,68.87,68.83,69.8,1179.13,8.8,8.79,8.83
CN7,16G 1M ,1,1,5,807,996,1172,26346,1352,1622,1473.27,1546,69.9,9441.37,68.82,68.79,8.84,1179.16,8.79,8.79
CN7,16G 1M ,1,4,1,766,955,1156,27395,1318,1648,1577.95,1653,74.19,75.18,10167.27,74.08,9.48,9.52,1269.82,9.47
CN7,16G 1M ,1,4,2,816,922,1123,28705,1319,1614,1428.45,1499,68.89,68.88,69.76,9440.93,8.8,8.8,8.83,1179.11
CN7,16G 1M ,1,4,3,816,996,1188,25560,1188,1644,1471.91,1546,9440.89,68.88,68.83,69.73,1179.13,8.8,8.8,8.83
CN7,16G 1M ,1,4,4,816,938,1139,32900,1288,1638,1428.64,1498,69.83,9441.66,68.83,68.8,8.84,1179.16,8.79,8.79
CN7,16G 1M ,1,4,5,824,979,1188,25822,1282,1474,1412.43,1481,68.9,69.89,9440.82,68.8,8.8,8.84,1179.12,8.79
CN7,16G 1M ,1,16,1,766,955,1139,26870,1308,1638,1555.05,1631,74.19,74.18,75.05,10167.16,9.48,9.48,9.51,1269.82
CN7,16G 1M ,1,16,2,832,1012,1188,26084,1250,1458,1403.57,1472,9440.96,68.88,68.83,69.8,1179.13,8.8,8.8,8.83
CN7,16G 1M ,1,16,3,840,979,1172,24249,1226,1432,1400.26,1469,65.24,8814.29,64.24,64.22,8.25,1100.54,8.21,8.21
CN7,16G 1M ,1,16,4,816,963,1156,31589,1313,1558,1424.50,1494,68.9,69.82,9440.97,68.8,8.8,8.84,1179.12,8.79
CN7,16G 1M ,1,16,5,775,955,1156,27132,1284,1624,1549.71,1625,74.2,74.19,75.21,10167.32,9.48,9.48,9.52,1269.82
CN7,16G 1M ,2,1,1,840,922,1106,22938,1214,1572,1413.51,2784,8812.04,8812.09,64.25,65.09,1100.55,1100.54,8.21,8.24
CN7,16G 1M ,2,1,2,848,930,1123,26084,1108,1548,1390.48,2767,65.18,65.64,8813.65,8811.62,8.25,8.29,1100.51,1100.51
CN7,16G 1M ,2,1,3,816,889,1106,24249,1310,1534,1428.93,2892,8814.11,8814.57,65.19,65.5,1100.55,1100.55,8.25,8.28
CN7,16G 1M ,2,1,4,832,914,1106,26084,1117,1572,1401.31,2789,64.32,65.58,8811.52,8811.69,8.22,8.29,1100.51,1100.51
CN7,16G 1M ,2,1,5,799,889,1139,29754,1236,1556,1445.09,3005,9436.29,9436.47,69.84,70.1,1178.23,1178.21,8.84,8.87
CN7,16G 1M ,2,4,1,832,914,1106,23462,1220,1474,1387.63,2820,64.33,65.59,8811.46,8813.57,8.22,8.29,1100.51,1100.51
CN7,16G 1M ,2,4,2,840,922,1106,22938,1192,1570,1417.98,2839,8814.13,8814.58,65.21,65.51,1100.55,1100.55,8.25,8.28
CN7,16G 1M ,2,4,3,816,889,1106,27395,1264,1580,1439.73,2863,64.34,65.59,8811.54,8811.58,8.22,8.29,1100.52,1100.51
CN7,16G 1M ,2,4,4,848,947,1123,26084,1083,1562,1400.67,2784,8804.87,8806.58,65.15,65.59,1099.67,1099.56,8.25,8.28
CN7,16G 1M ,2,4,5,816,889,1090,23200,1252,1578,1444.27,2858,65.21,65.6,8811.61,8811.98,8.26,8.29,1100.52,1100.54
CN7,16G 1M ,2,16,1,824,889,1106,26608,1230,1544,1424.68,2862,8811.48,8812.2,65.22,65.59,1100.52,1100.55,8.25,8.29
CN7,16G 1M ,2,16,2,832,906,1090,23725,1204,1548,1417.87,2870,65.22,65.68,8806.41,8807.1,8.26,8.3,1099.88,1099.91
CN7,16G 1M ,2,16,3,832,914,1106,26084,1115,1554,1406.24,2804,8811.62,8814.61,65.16,65.6,1100.52,1100.56,8.25,8.29
CN7,16G 1M ,2,16,4,816,889,1090,25297,1222,1560,1434.00,2843,65.29,65.68,8811.63,8811.93,8.26,8.3,1100.52,1100.54
CN7,16G 1M ,2,16,5,807,881,1106,8029,1037,1574,1440.75,2876,64.36,64.35,8811.37,8812.61,8.22,8.22,1100.52,1100.59
CN7,16G 1M ,4,1,1,840,979,1172,35390,1228,1432,1352.73,5618,8812.49,8814.41,8813.98,8813.02,1100.55,1100.52,1100.52,1100.6
CN7,16G 1M ,4,1,2,840,938,1139,40109,1216,1420,1334.98,5499,8811.77,8812.49,8812.52,8812.5,1100.53,1100.57,1100.57,1100.58
CN7,16G 1M ,4,1,3,840,938,1156,39584,1174,1420,1333.35,5411,8263.29,8261.4,8262.19,8262.79,1031.77,1031.77,1031.83,1031.73
CN7,16G 1M ,4,1,4,857,947,1139,40109,1162,1394,1319.23,5459,8805.12,8805.23,8804.56,8805.38,1099.7,1099.7,1099.66,1099.71
CN7,16G 1M ,4,1,5,848,955,1156,41681,1182,1420,1332.12,5492,8812.26,8812.65,8811.69,8811.66,1100.56,1100.59,1100.52,1100.52
CN7,16G 1M ,4,4,1,832,930,1172,42206,1210,1410,1337.73,5542,8263.76,8261.81,8261.1,8261.44,1031.76,1031.79,1031.74,1031.78
CN7,16G 1M ,4,4,2,848,963,1188,42206,1192,1412,1334.83,5491,8261.58,8262.32,8262.1,8261.83,1031.78,1031.84,1031.81,1031.79
CN7,16G 1M ,4,4,3,848,947,1172,40633,1208,1404,1329.78,5485,8812.5,8812.69,8812.46,8812.3,1100.56,1100.58,1100.58,1100.57
CN7,16G 1M ,4,4,4,832,955,1172,41157,1224,1408,1348.08,5577,8812.51,8814.9,8814.0,8812.71,1100.56,1100.58,1100.53,1100.59
CN7,16G 1M ,4,4,5,857,971,1188,39584,1171,1406,1324.21,5487,8261.36,8261.85,8260.95,8260.98,1031.78,1031.8,1031.75,1031.74
CN7,16G 1M ,4,16,1,840,938,1139,41157,1188,1424,1326.51,5484,8814.39,8812.58,8811.62,8813.79,1100.56,1100.59,1100.53,1100.53
CN7,16G 1M ,4,16,2,848,955,1221,40109,1150,1398,1330.16,5495,8812.34,8812.66,8811.77,8811.8,1100.57,1100.59,1100.53,1100.53
CN7,16G 1M ,4,16,3,857,979,1172,27132,1138,1406,1319.17,5470,8812.35,8813.27,8812.98,8812.55,1100.57,1100.64,1100.61,1100.57
CN7,16G 1M ,4,16,4,848,947,1139,41157,1212,1402,1323.65,5534,8261.59,8262.08,8262.05,8261.84,1031.78,1031.84,1031.83,1031.8
CN7,16G 1M ,4,16,5,865,988,1156,27657,1213,1418,1325.30,5429,8261.97,8261.65,8262.68,8262.03,1031.79,1031.79,1031.85,1031.8
CN7,16G 1M ,8,1,1,4490,10159,15139,63701,512,1368,705.91,5882,10130.84,10132.56,10131.93,10130.8,1265.14,1265.16,1265.14,1265.13
CN7,16G 1M ,8,1,2,4621,10290,15533,59507,492,1380,703.87,5887,10132.81,10131.34,10130.86,10132.31,1265.18,1265.18,1265.15,1265.16
CN7,16G 1M ,8,1,3,4621,10290,15401,55313,524,1370,707.68,5912,10131.4,10131.59,10130.38,10131.48,1265.18,1265.18,1265.1,1265.18
CN7,16G 1M ,8,1,4,4555,10159,15533,52167,510,1362,708.96,5921,10130.88,10131.98,10130.89,10131.61,1265.14,1265.22,1265.16,1265.21
CN7,16G 1M ,8,1,5,4555,10290,15795,65799,478,1384,701.03,5829,9756.08,9757.37,9757.17,9755.86,1218.32,1218.32,1218.34,1218.31
CN7,16G 1M ,8,4,1,4621,10290,15139,57934,486,1362,708.35,5908,10078.38,10057.35,10126.17,10080.59,1258.41,1255.89,1264.59,1258.72
CN7,16G 1M ,8,4,2,4621,10421,16188,64750,476,1354,702.68,5840,10087.84,10131.49,10131.28,10130.99,1259.75,1265.18,1265.2,1265.14
CN7,16G 1M ,8,4,3,4621,10683,15664,57410,422,1364,708.37,5901,10131.31,10131.65,10131.02,10126.85,1265.19,1265.22,1265.16,1264.64
CN7,16G 1M ,8,4,4,4621,10421,16057,56886,512,1388,701.93,5857,10123.98,10132.74,10132.61,10131.33,1264.25,1265.19,1265.21,1265.18
CN7,16G 1M ,8,4,5,4621,10421,15401,57410,196,1368,700.08,5840,9757.4,9756.06,9755.12,9757.07,1218.33,1218.33,1218.26,1218.29
CN7,16G 1M ,8,16,1,4555,10290,15270,85459,310,1356,704.53,5880,10127.48,10127.41,10128.0,10127.45,1264.67,1264.69,1264.74,1264.66
CN7,16G 1M ,8,16,2,4555,10290,15533,60556,448,1254,697.07,5815,9756.17,9755.87,9755.96,9756.21,1218.33,1218.32,1218.32,1218.33
CN7,16G 1M ,8,16,3,4686,10290,15664,89654,366,1350,694.19,5794,9752.53,9753.56,9753.48,9751.92,1217.87,1217.85,1217.85,1217.82
CN7,16G 1M ,8,16,4,4621,10552,15664,59507,500,1330,702.14,5847,10132.66,10131.46,10131.52,10132.7,1265.2,1265.2,1265.19,1265.19
CN7,16G 1M ,8,16,5,4686,10814,17171,56361,546,1304,690.32,5778,9757.02,9756.5,9755.63,9756.91,1218.3,1218.37,1218.3,1218.38
CN7,16G 1M ,16,1,1,10028,16450,23462,94897,195,902,332.43,5538,9921.83,9923.01,9922.65,9921.96,1238.97,1239.0,1238.98,1238.96
CN7,16G 1M ,16,1,2,10159,16712,23200,80217,182,1012,330.48,5514,9922.6,9921.73,9922.32,9923.07,1238.99,1238.96,1239.0,1239.03
CN7,16G 1M ,16,1,3,10028,16581,23725,128451,216,980,328.58,5499,9736.86,9737.08,9737.37,9736.6,1215.85,1215.84,1215.82,1215.81
CN7,16G 1M ,16,1,4,10159,16909,23725,80217,230,954,329.80,5492,9890.23,9922.56,9922.33,9923.38,1234.92,1239.03,1239.0,1239.04
CN7,16G 1M ,16,1,5,10290,16909,23987,160433,132,1011,327.02,5458,9920.74,9921.43,9921.52,9920.64,1238.81,1238.8,1238.8,1238.8
CN7,16G 1M ,16,4,1,10028,16712,23725,135267,165,970,329.73,5517,9923.22,9922.71,9922.47,9923.44,1239.05,1239.05,1239.04,1239.04
CN7,16G 1M ,16,4,2,10159,16712,24773,128451,183,942,329.68,5500,9922.74,9923.1,9922.73,9922.91,1239.04,1239.04,1238.97,1239.04
CN7,16G 1M ,16,4,3,10028,16450,23200,147850,203,990,332.01,5560,9923.19,9922.83,9923.25,9923.38,1239.05,1239.05,1239.04,1239.04
CN7,16G 1M ,16,4,4,10290,16712,23725,79168,186,996,331.06,5517,9922.22,9923.14,9922.53,9922.18,1239.03,1239.01,1239.01,1239.03
CN7,16G 1M ,16,4,5,10159,16581,23987,183501,166,954,328.51,5439,9923.54,9922.78,9923.02,9922.97,1239.05,1239.05,1239.01,1239.04
CN7,16G 1M ,16,16,1,10028,16319,23987,170918,178,998,329.08,5492,9922.85,9924.15,9922.42,9922.47,1239.05,1239.1,1239.02,1239.04
CN7,16G 1M ,16,16,2,10159,16581,23200,143655,114,982,328.62,5490,9921.49,9920.97,9921.46,9920.99,1238.81,1238.82,1238.81,1238.8
CN7,16G 1M ,16,16,3,10290,16909,24511,223347,136,998,327.82,5476,9922.37,9922.65,9922.45,9922.24,1239.02,1238.98,1239.02,1239.04
CN7,16G 1M ,16,16,4,10290,16712,24249,139461,206,964,328.18,5463,9923.4,9922.25,9923.01,9923.17,1239.06,1239.04,1239.02,1239.05
CN7,16G 1M ,16,16,5,10028,16581,25297,185598,164,886,327.96,5472,9920.91,9908.73,9920.35,9920.99,1238.81,1237.27,1238.78,1238.82
CN7,32G 1M ,1,1,1,807,914,1172,25297,1196,1466,1418.35,1488,10132.68,37.83,39.39,39.57,1265.37,4.83,4.99,4.99
CN7,32G 1M ,1,1,2,783,865,1123,24773,1318,1638,1446.91,1517,40.2,10537.86,39.52,39.43,5.07,1315.82,5.02,5.02
CN7,32G 1M ,1,1,3,742,791,1106,27132,1364,1642,1594.24,1672,42.87,42.78,11452.87,42.81,5.46,5.46,1430.25,5.46
CN7,32G 1M ,1,1,4,791,873,1106,24249,1222,1616,1439.07,1509,37.96,37.95,38.51,10131.14,4.83,4.83,4.87,1265.2
CN7,32G 1M ,1,1,5,766,848,1106,27919,1256,1660,1480.66,1553,10533.31,39.43,39.41,39.35,1315.25,5.03,5.02,5.02
CN7,32G 1M ,1,4,1,775,873,1123,25035,1234,1638,1475.16,1548,39.37,10532.04,39.49,39.47,5.03,1315.27,5.02,5.02
CN7,32G 1M ,1,4,2,791,881,1123,27395,1317,1646,1503.91,1579,39.53,40.08,10537.81,39.39,5.03,5.07,1315.82,5.02
CN7,32G 1M ,1,4,3,807,922,1172,23725,1110,1642,1444.60,1515,39.44,39.44,40.06,10537.75,5.03,5.03,5.07,1315.8
CN7,32G 1M ,1,4,4,816,889,1123,23725,1150,1628,1441.91,1514,10131.16,37.99,37.98,37.81,1265.21,4.83,4.83,4.83
CN7,32G 1M ,1,4,5,816,906,1123,23987,1226,1462,1411.39,1480,38.59,10131.18,37.94,37.88,4.88,1265.21,4.83,4.83
CN7,32G 1M ,1,16,1,807,865,1106,23725,1350,1486,1424.47,1494,37.93,38.54,10132.43,37.88,4.84,4.87,1265.21,4.83
CN7,32G 1M ,1,16,2,816,873,1074,23987,1290,1450,1421.33,1491,38.01,37.93,38.52,10132.49,4.84,4.83,4.87,1265.2
CN7,32G 1M ,1,16,3,807,898,1123,24249,1157,1446,1416.50,1485,10130.82,37.92,37.87,38.55,1265.18,4.83,4.83,4.87
CN7,32G 1M ,1,16,4,807,922,1123,23462,1138,1456,1419.37,1489,38.52,10131.11,37.83,37.89,4.88,1265.2,4.83,4.83
CN7,32G 1M ,1,16,5,783,906,1139,26608,1146,1624,1527.07,1603,41.1,41.76,10977.02,41.13,5.24,5.28,1370.64,5.23
CN7,32G 1M ,2,1,1,865,938,1057,23200,1142,1518,1358.80,2754,9407.48,35.22,35.81,9408.75,1174.83,4.49,4.52,1174.82
CN7,32G 1M ,2,1,2,857,938,1057,25297,1180,1558,1380.45,2743,35.17,9403.98,9405.38,35.12,4.49,1174.39,1174.41,4.49
CN7,32G 1M ,2,1,3,857,938,1057,25035,1164,1538,1374.20,2732,9407.24,35.91,36.15,9407.72,1174.82,4.53,4.56,1174.85
CN7,32G 1M ,2,1,4,840,922,1045,25560,1107,1568,1381.44,2785,36.48,9755.83,9757.56,36.54,4.66,1218.34,1218.36,4.65
CN7,32G 1M ,2,1,5,840,922,1074,25035,1107,1548,1379.66,2781,9407.36,35.17,35.8,9408.77,1174.82,4.49,4.53,1174.83
CN7,32G 1M ,2,4,1,848,922,1057,25035,1168,1548,1382.66,2769,35.19,9407.67,9407.73,35.14,4.49,1174.84,1174.85,4.49
CN7,32G 1M ,2,4,2,865,938,1057,24773,1055,1526,1353.17,2725,9404.73,35.29,36.27,9405.64,1174.49,4.49,4.57,1174.6
CN7,32G 1M ,2,4,3,889,971,1074,26084,1076,1542,1347.72,2643,34.37,9084.31,9083.23,33.97,4.38,1134.33,1134.33,4.33
CN7,32G 1M ,2,4,4,848,922,1037,25822,1170,1546,1380.67,2743,9407.59,35.19,35.18,9409.04,1174.84,4.49,4.49,1174.84
CN7,32G 1M ,2,4,5,840,922,1057,25560,1152,1558,1385.44,2776,35.85,9405.29,9404.1,35.91,4.53,1174.4,1174.41,4.53
CN7,32G 1M ,2,16,1,848,930,1037,25560,1188,1532,1377.65,2749,9408.49,35.24,35.86,9408.94,1174.82,4.5,4.53,1174.83
CN7,32G 1M ,2,16,2,840,914,1029,26084,1126,1558,1381.85,2785,36.52,9755.98,9757.45,36.47,4.66,1218.36,1218.37,4.66
CN7,32G 1M ,2,16,3,865,938,1074,26346,1064,1560,1363.36,2728,9407.43,35.32,35.95,9408.74,1174.83,4.5,4.53,1174.84
CN7,32G 1M ,2,16,4,848,922,1037,25035,1164,1540,1386.19,2766,35.84,9407.57,9408.8,35.21,4.54,1174.83,1174.85,4.49
CN7,32G 1M ,2,16,5,857,922,1045,25560,1160,1546,1376.12,2751,9407.66,35.86,35.85,9407.71,1174.85,4.54,4.53,1174.84
CN7,32G 1M ,4,1,1,848,947,1106,41157,1158,1426,1323.20,5441,9408.1,9407.47,9408.67,9408.15,1174.87,1174.83,1174.82,1174.89
CN7,32G 1M ,4,1,2,889,1020,1237,40633,1012,1400,1308.49,5392,9408.25,9407.8,9407.89,9408.09,1174.89,1174.86,1174.86,1174.89
CN7,32G 1M ,4,1,3,848,955,1156,41681,1108,1434,1316.09,5433,9408.26,9407.92,9408.09,9407.82,1174.89,1174.86,1174.89,1174.86
CN7,32G 1M ,4,1,4,840,938,1090,40633,1044,1403,1324.37,5440,9408.38,9407.79,9408.56,9408.33,1174.9,1174.85,1174.9,1174.9
CN7,32G 1M ,4,1,5,865,979,1205,39060,982,1420,1318.90,5401,9408.43,9408.77,9408.4,9408.31,1174.9,1174.83,1174.9,1174.89
CN7,32G 1M ,4,4,1,832,922,1090,42206,1150,1414,1336.59,5477,9409.69,9407.78,9408.66,9408.93,1174.92,1174.87,1174.93,1174.94
CN7,32G 1M ,4,4,2,865,955,1106,41157,1080,1410,1302.49,5338,9083.51,9083.32,9085.03,9084.29,1134.36,1134.36,1134.38,1134.34
CN7,32G 1M ,4,4,3,840,930,1123,42206,1154,1400,1328.93,5457,9404.5,9404.2,9404.43,9404.51,1174.44,1174.42,1174.43,1174.42
CN7,32G 1M ,4,4,4,873,988,1221,41157,1026,1438,1311.61,5345,9083.57,9083.55,9084.43,9084.28,1134.35,1134.36,1134.4,1134.4
CN7,32G 1M ,4,4,5,857,947,1139,41681,1092,1432,1316.17,5376,9408.21,9407.79,9408.39,9408.41,1174.9,1174.88,1174.91,1174.9
CN7,32G 1M ,4,16,1,832,930,1156,42730,1150,1422,1339.77,5517,9408.47,9408.13,9408.54,9408.53,1174.91,1174.87,1174.91,1174.91
CN7,32G 1M ,4,16,2,840,930,1156,38536,1160,1416,1330.84,5483,9408.45,9408.0,9408.41,9408.43,1174.91,1174.88,1174.91,1174.9
CN7,32G 1M ,4,16,3,848,963,1319,42206,1112,1460,1330.79,5519,9408.67,9409.33,9408.32,9408.59,1174.92,1174.88,1174.9,1174.91
CN7,32G 1M ,4,16,4,848,947,1074,41681,1098,1428,1311.71,5385,9409.11,9408.06,9408.26,9408.31,1174.89,1174.88,1174.91,1174.91
CN7,32G 1M ,4,16,5,914,1074,1303,39060,872,1458,1301.76,5317,9080.2,9080.38,9081.86,9081.77,1133.92,1133.94,1133.95,1133.98
CN7,32G 1M ,8,1,1,4817,10290,15795,96994,246,1362,679.27,5654,10113.02,10113.06,10112.71,10113.16,1262.84,1262.82,1262.83,1262.84
CN7,32G 1M ,8,1,2,4817,10552,15926,59507,226,1356,680.36,5657,10309.38,10309.13,10309.75,10309.18,1287.36,1287.32,1287.41,1287.32
CN7,32G 1M ,8,1,3,4752,10421,15533,156238,258,1378,674.40,5637,10110.94,10111.91,10112.26,10111.09,1262.56,1262.61,1262.65,1262.56
CN7,32G 1M ,8,1,4,4817,10945,16057,61080,367,1317,674.83,5637,10111.66,10111.4,10110.71,10112.11,1262.58,1262.62,1262.57,1262.62
CN7,32G 1M ,8,1,5,4752,10159,15401,114820,228,1366,685.88,5667,10309.75,10309.89,10310.12,10309.44,1287.39,1287.41,1287.43,1287.36
CN7,32G 1M ,8,4,1,4752,10290,15533,63701,360,1338,682.94,5710,10311.83,10284.33,10299.81,10270.69,1287.64,1284.2,1286.09,1282.53
CN7,32G 1M ,8,4,2,4752,10421,15270,82314,286,1346,686.70,5698,10312.43,10312.27,10312.06,10311.94,1287.64,1287.6,1287.68,1287.67
CN7,32G 1M ,8,4,3,4817,10421,16057,67634,244,1358,682.23,5609,10113.36,10113.49,10113.8,10114.3,1262.88,1262.88,1262.92,1262.91
CN7,32G 1M ,8,4,4,4752,10421,15664,69731,342,1360,684.96,5710,10114.47,10113.58,10112.99,10113.66,1262.92,1262.88,1262.83,1262.92
CN7,32G 1M ,8,4,5,4752,10421,16057,69731,398,1364,682.06,5694,10311.77,10311.82,10312.55,10312.64,1287.64,1287.64,1287.67,1287.67
CN7,32G 1M ,8,16,1,4752,10421,15795,61080,400,1360,686.12,5729,10312.2,10312.4,10311.51,10311.64,1287.69,1287.64,1287.63,1287.64
CN7,32G 1M ,8,16,2,4752,10552,15926,65274,386,1354,682.42,5682,10311.8,10311.53,10311.54,10311.24,1287.65,1287.61,1287.64,1287.6
CN7,32G 1M ,8,16,3,4752,10290,15533,67634,310,1366,687.45,5683,10310.39,10309.78,10309.47,10310.51,1287.39,1287.38,1287.38,1287.42
CN7,32G 1M ,8,16,4,4817,10421,15533,69731,312,1378,684.23,5697,10311.94,10311.23,10312.51,10311.92,1287.65,1287.6,1287.67,1287.6
CN7,32G 1M ,8,16,5,4752,10159,15664,79168,212,1288,680.28,5678,10113.71,10114.28,10113.81,10113.78,1262.89,1262.89,1262.92,1262.92
CN7,32G 1M ,16,1,1,10290,16909,25297,145753,116,1020,324.34,5410,10103.07,10102.96,10102.76,10103.27,1261.51,1261.53,1261.53,1261.53
CN7,32G 1M ,16,1,2,8586,15270,23987,274727,1292,340.58,5164,,11828.62,9466.67,4737.94,11827.98,1477.26,1182.03,591.58,1477.22
CN7,32G 1M ,16,1,3,10159,16581,24511,193987,108,942,324.04,5396,10005.59,10007.59,10007.12,10005.56,1249.62,1249.6,1249.55,1249.62
CN7,32G 1M ,16,1,4,10159,16712,23987,154141,160,978,324.83,5416,10007.21,10007.73,10007.74,10006.98,1249.58,1249.57,1249.58,1249.54
CN7,32G 1M ,16,1,5,10159,16581,26084,187696,114,980,322.56,5391,9914.06,9913.64,9913.34,9913.76,1237.91,1237.91,1237.87,1237.87
CN7,32G 1M ,16,4,1,10290,16581,24773,175113,976,322.96,5401,,9912.87,9912.76,9912.86,9912.59,1237.78,1237.75,1237.79,1237.79
CN7,32G 1M ,16,4,2,10159,16450,23725,173016,142,934,325.45,5437,9913.1,9912.86,9912.69,9912.58,1237.79,1237.79,1237.78,1237.75
CN7,32G 1M ,16,4,3,10028,16581,24773,129500,140,942,325.41,5439,10007.43,10007.21,10007.53,10006.83,1249.58,1249.54,1249.57,1249.54
CN7,32G 1M ,16,4,4,10290,16712,24249,185598,136,984,324.15,5395,9913.19,9912.88,9912.95,9913.29,1237.79,1237.79,1237.79,1237.79
CN7,32G 1M ,16,4,5,10290,16712,23987,141558,176,1028,323.86,5419,10104.72,10104.84,10104.92,10104.76,1261.73,1261.72,1261.72,1261.72
CN7,32G 1M ,16,16,1,10159,16450,24773,206570,146,986,324.31,5417,10103.74,10103.86,10103.27,10103.57,1261.6,1261.6,1261.56,1261.56
CN7,32G 1M ,16,16,2,10290,16712,23725,221250,956,320.89,5369,,9913.98,9914.19,9914.23,9913.89,1237.92,1237.92,1237.92,1237.92
CN7,32G 1M ,16,16,3,10159,16581,25297,221250,108,978,322.98,5386,10007.83,10007.5,10007.3,10007.46,1249.59,1249.59,1249.58,1249.59
CN7,32G 1M ,16,16,4,10159,16581,23987,200279,990,324.15,5414,,9912.24,9913.05,9913.1,9912.47,1237.75,1237.8,1237.8,1237.79
CN7,32G 1M ,16,16,5,8455,15664,23987,337642,1285,330.92,4706,,6516.19,10850.27,13017.64,4346.96,813.64,1355.12,1626.03,542.8
