1004-0354
CN10,4G,1,12,1,881,1139,2180,6849,1184,1396,1309.83,1374,1729.09,1743.09,1735.27,1722.92,188.29,189.14,188.85,188.94,1730.84,1840.9,1734.76,1716.56,189.3,198.07,188.35,188.88,1614.76,1608.56,1616.53,1639.68,172.93,173.19,172.36,173.16
CN10,4G,1,12,2,930,1188,1909,2057,1218,1354,1290.00,1355,1777.09,1796.95,1764.27,1747.06,193.52,194.59,192.99,192.38,1746.13,1776.9,1745.62,1750.28,192.17,194.28,192.12,192.4,1629.13,1629.69,1619.9,1638.31,175.57,177.42,175.19,176.46
CN10,4G,1,12,3,988,1254,1909,2311,1186,1340,1270.67,1339,2051.43,2038.27,2058.32,2030.58,226.1,226.28,224.89,224.42,2073.65,2021.88,2055.89,2024.5,225.65,224.21,226.19,223.13,1874.58,1843.07,1855.03,1880.06,200.94,201.12,201.21,201.2
CN10,4G,1,12,4,963,1188,1942,2008,1210,1314,1269.00,1338,2042.77,2035.94,2049.15,2008.24,223.87,225.77,224.78,224.1,2053.49,2016.55,2048.22,2035.83,224.6,224.2,226.09,223.38,1868.0,1870.5,1868.03,1850.21,201.79,201.5,201.8,200.29
CN10,4G,1,12,5,873,1139,1942,2040,1120,1382,1315.00,1381,2069.1,2029.61,2027.98,2068.41,225.49,224.61,223.01,224.51,2071.15,2048.89,2051.06,2072.33,225.04,224.47,223.27,224.09,1870.29,1864.92,1851.17,1878.49,200.52,201.28,200.06,200.37
CN10,4G,1,48,1,914,1352,1844,2040,1112,1353,1274.83,1341,2015.44,1977.94,2028.65,2066.91,221.24,221.15,221.14,222.52,1991.32,1974.22,2014.73,2047.66,221.63,220.61,221.2,221.18,1864.15,1853.35,1874.6,1841.63,197.95,199.32,198.56,197.77
CN10,4G,1,48,2,873,1401,1795,2040,1172,1420,1305.17,1367,2020.11,2087.11,2039.49,1993.25,220.88,230.49,222.73,220.15,2000.82,2023.56,2018.89,2037.67,220.58,220.49,220.94,220.65,1954.43,1914.49,1903.17,1845.49,206.01,206.69,198.54,197.57
CN10,4G,1,48,3,898,1467,1926,2073,1130,1336,1267.67,1332,2018.61,1998.78,2071.66,2043.91,222.15,221.99,225.4,221.16,2035.16,1960.73,2055.06,2052.67,221.41,220.83,222.37,220.46,1902.86,1838.78,1871.17,1876.92,199.19,198.63,197.79,198.37
CN10,4G,1,48,4,791,1418,1909,10290,1220,1398,1351.67,1417,1839.66,1702.81,1742.42,1826.07,197.66,189.25,189.4,197.44,1743.99,1698.62,1699.63,1788.0,189.57,189.36,189.2,189.74,1625.88,1591.31,1665.03,1608.43,172.84,172.71,174.26,172.82
CN10,4G,1,48,5,873,1434,1958,2089,1212,1336,1291.67,1356,2006.61,1992.94,2038.82,2052.75,221.25,221.73,221.67,220.91,1992.33,1965.06,2029.73,2101.0,221.71,220.86,221.52,222.92,1888.71,1822.63,1861.03,1837.2,198.83,197.88,198.09,198.46
CN10,4G,2,12,1,930,1106,1713,3556,1132,1268,1229.00,2551,4192.61,4125.11,4183.32,4152.42,459.56,459.09,460.18,456.33,4123.49,4040.56,4153.9,4161.0,458.12,449.4,458.51,457.39,3677.0,3619.92,3710.88,3634.06,400.33,394.04,402.3,399.85
CN10,4G,2,12,2,873,1037,2638,5866,1198,1364,1307.83,2748,3603.67,3573.38,3563.57,3631.36,391.37,392.2,392.32,393.44,3612.28,3631.2,3600.63,3616.72,392.16,392.77,394.16,393.0,3238.0,3251.81,3318.77,3230.68,350.12,352.94,352.15,351.98
CN10,4G,2,12,3,930,1106,2573,5669,1178,1408,1260.08,2635,3602.1,3483.1,3526.71,3603.65,393.11,384.86,391.86,392.99,3548.71,3566.77,3597.2,3566.44,386.94,394.1,393.43,391.87,3243.87,3214.81,3247.9,3240.05,351.37,351.2,346.82,352.26
CN10,4G,2,12,4,881,1057,2606,6652,1104,1386,1284.33,2680,4125.95,4183.95,4199.33,4182.59,450.29,459.43,460.17,457.85,4231.67,4118.4,4255.74,4184.51,459.11,448.9,459.76,457.7,3739.0,3700.78,3777.46,3602.2,402.58,403.76,404.07,394.79
CN10,4G,2,12,5,930,1106,2409,7308,1186,1292,1241.17,2584,4182.76,4193.87,4113.94,4102.9,457.01,458.55,451.55,448.07,3552.43,3574.49,3593.64,3632.01,385.97,394.89,394.97,394.86,3682.0,3700.49,3769.89,3731.92,394.44,401.85,404.07,402.47
CN10,4G,2,48,1,922,1319,2671,6915,1062,1300,1234.67,2548,4406.79,4378.96,4300.84,4472.1,459.21,462.47,457.3,462.61,3754.29,3667.35,3836.92,3839.87,393.01,392.37,399.78,396.72,3897.57,3786.21,3802.31,3798.63,402.64,401.9,401.24,401.91
CN10,4G,2,48,2,930,1401,3458,8094,1066,1272,1209.50,2506,4318.96,4294.29,4282.34,4319.27,458.35,457.41,457.96,458.37,3779.72,3724.35,3744.64,3679.87,392.88,393.86,395.36,390.3,3869.43,3780.21,3883.17,3775.49,402.9,404.4,403.05,401.58
CN10,4G,2,48,3,938,1336,2966,7046,1108,1302,1225.83,2541,4326.63,4201.46,4363.68,4388.6,459.6,458.24,458.9,460.93,3651.29,3700.78,3741.36,3733.3,389.07,393.23,397.38,394.04,3798.87,3783.96,3861.92,3814.32,400.23,401.21,402.63,403.16
CN10,4G,2,48,4,873,1385,2638,10814,1088,1362,1284.33,2677,4344.13,4231.8,4342.68,4329.1,459.49,458.64,459.89,458.11,4343.35,4360.91,4416.92,4286.36,460.3,459.5,465.39,457.44,3895.57,3800.35,3878.31,3793.63,402.77,401.09,402.56,403.45
CN10,4G,2,48,5,889,1319,2769,7046,1089,1310,1260.17,2629,3712.11,3657.26,3694.73,3684.52,393.76,393.65,392.67,393.92,3742.16,3663.36,3740.93,3679.74,393.76,391.96,398.93,392.53,3356.63,3331.56,3379.03,3247.68,351.62,353.49,352.04,351.17
CN10,4G,4,12,1,1004,1254,2835,7832,1180,1308,1248.42,5204,7506.97,7485.8,7500.68,7503.94,913.76,910.12,914.19,912.87,6880.51,6709.44,6817.32,6796.16,785.18,782.25,788.91,782.13,7593.14,7424.92,7551.17,7228.06,801.4,798.49,797.44,792.21
CN10,4G,4,12,2,979,1205,1811,10159,1122,1338,1256.29,5022,7552.97,7517.97,7606.35,7566.28,913.76,913.78,915.2,914.33,6474.88,6862.79,6056.65,6468.46,783.85,832.05,733.28,784.21,7459.72,7443.78,7445.17,7182.35,798.76,798.04,799.49,786.1
CN10,4G,4,12,3,1020,1254,3195,5145,1194,1296,1252.50,5173,7539.64,7522.98,7513.36,7545.78,913.93,912.75,913.66,915.1,6953.17,6899.94,6875.23,6906.89,786.06,784.93,784.23,786.85,6588.58,6615.21,6596.46,6528.21,790.32,791.54,792.63,791.14
CN10,4G,4,12,4,996,1221,2311,5538,1132,1300,1241.00,5128,7577.31,7606.98,7621.86,7635.95,912.63,913.47,911.65,914.86,6550.46,6580.23,6443.95,6480.47,783.89,777.68,776.08,783.36,7271.53,7240.03,7312.95,7164.72,793.89,795.13,797.08,794.5
CN10,4G,4,12,5,1004,1254,3032,4752,1078,1287,1242.71,5056,6544.99,6576.28,6598.6,6520.68,783.37,784.61,786.54,784.57,5674.06,5651.76,5666.62,5657.0,684.89,683.98,684.12,683.09,5764.26,5763.19,5811.53,5711.31,693.43,693.04,694.72,692.59
CN10,4G,4,48,1,1020,1483,3687,8225,1010,1310,1207.08,4935,7627.49,7589.66,7606.04,7590.46,913.55,914.0,913.41,914.53,6657.75,6626.52,6550.81,6621.47,784.69,783.47,783.68,782.82,7763.72,8242.65,8054.75,7583.78,800.17,802.03,803.99,798.67
CN10,4G,4,48,2,1123,1663,4113,7898,1044,1250,1180.25,4925,6564.88,6532.41,6507.94,6545.89,783.12,782.69,782.3,782.66,6606.18,6524.1,6495.82,6579.19,785.22,775.64,782.89,784.33,6685.58,6677.5,6731.33,6643.79,792.11,793.63,793.01,791.96
CN10,4G,4,48,3,1106,1483,3556,7439,1068,1288,1162.85,4803,7703.99,7692.45,7669.33,7557.91,914.11,913.63,914.7,901.37,6651.11,6567.3,6561.2,6591.41,784.21,780.98,782.2,781.63,6683.44,6694.08,6736.33,6569.36,792.58,792.11,794.25,785.79
CN10,4G,4,48,4,1090,1500,2212,3687,1102,1252,1181.36,4892,6561.43,6552.58,6595.19,6543.98,784.25,783.3,784.86,783.14,6603.05,6553.68,6504.68,6517.06,785.0,783.18,783.03,783.63,6634.16,6645.37,6684.33,6597.93,793.34,791.89,793.15,792.23
CN10,4G,4,48,5,1106,1582,3064,5342,1086,1274,1204.25,4947,7648.68,7624.51,7572.72,7597.48,914.65,914.16,913.2,913.45,6517.19,6430.39,6557.54,6541.77,783.32,772.29,783.8,784.8,6668.02,6662.51,6608.19,6694.08,794.5,791.59,787.13,803.41
CN10,4G,8,12,1,1188,15401,29230,68682,348,1310,813.25,6443,8882.87,8602.82,8753.79,8623.27,1080.37,1044.67,1064.13,1049.57,9170.26,9532.31,9272.42,9479.94,1116.49,1158.83,1131.69,1150.19,9113.57,9531.18,9397.04,9216.51,1105.95,1157.36,1142.64,1123.8
CN10,4G,8,12,2,1156,3556,36963,38011,410,1304,871.01,6888,8876.39,8862.52,8801.68,8833.0,1077.99,1074.74,1067.69,1072.25,8752.05,8779.48,8891.73,8845.69,1062.67,1066.31,1080.4,1074.53,9351.46,9721.18,9563.82,9336.95,1138.25,1181.95,1159.59,1137.35
CN10,4G,8,12,3,1221,15270,47449,143655,302,1310,767.56,6052,9020.31,9122.79,8986.93,9079.84,1101.97,1113.31,1093.06,1107.56,8744.35,9194.0,9011.64,9156.6,1032.3,1072.05,1069.03,1071.79,9258.2,9824.12,9437.59,9537.21,1054.42,1107.18,1072.69,1077.88
CN10,4G,8,12,4,1188,3982,41157,42206,384,1326,844.46,6625,8932.79,9232.82,8955.31,9002.19,1090.32,1120.16,1091.57,1098.88,8917.73,9194.77,8885.89,8987.73,1057.8,1081.77,1048.17,1061.41,8814.15,9407.62,9123.27,8980.15,1074.03,1139.69,1112.06,1092.31
CN10,4G,8,12,5,1336,19268,60556,156238,214,1362,688.20,5583,9011.07,8997.92,8912.77,8978.99,1100.35,1086.01,1082.98,1095.1,8669.95,9090.56,8943.78,9027.85,1032.26,1070.2,1064.66,1065.27,8911.09,9508.91,9465.35,8963.97,1009.22,1079.58,1083.47,1020.05
CN10,4G,8,48,1,1156,4228,39060,42206,462,1342,856.53,6894,9071.02,9280.1,9202.82,9016.48,1089.09,1116.13,1104.63,1085.99,9209.5,9204.26,9075.09,9354.61,1051.02,1049.43,1026.51,1073.23,9184.24,9484.39,9471.92,9099.06,1101.39,1140.62,1134.81,1095.33
CN10,4G,8,48,2,1139,4752,33424,34341,453,1314,882.59,7133,8943.93,9083.27,8909.41,9078.25,1076.04,1086.97,1072.08,1083.93,8756.63,8793.35,8531.46,8891.09,1050.02,1056.86,1018.31,1054.84,9209.27,9344.5,9349.99,9151.91,1107.7,1117.49,1121.06,1092.0
CN10,4G,8,48,3,1303,14353,30802,57410,464,1300,812.34,6667,8787.21,8762.65,8698.55,8779.91,1048.51,1041.8,1041.48,1048.4,9071.51,9313.15,9183.13,9291.81,1054.39,1078.05,1053.38,1073.21,9256.74,8214.08,9360.36,9070.78,1106.02,969.09,1111.98,1088.56
CN10,4G,8,48,4,1106,5145,32113,33162,518,1280,913.03,7292,8886.83,8960.72,9022.53,9025.37,1067.17,1075.12,1083.53,1079.66,8812.05,9003.8,9153.76,8839.14,1058.52,1076.9,1101.5,1061.07,9282.83,9364.82,9514.0,9248.93,1117.67,1118.25,1136.99,1114.83
CN10,4G,8,48,5,1369,13566,29754,64226,504,1350,855.83,6804,8814.38,8751.94,8717.35,8840.99,1047.82,1046.86,1046.37,1058.7,9181.54,9157.7,9069.48,9232.66,1037.46,1033.69,1025.43,1062.78,9207.27,9495.32,9596.52,9290.21,1107.98,1137.9,1152.91,1116.1
CN10,4G,16,12,1,27657,28443,30540,50594,260,1132,356.69,5766,10244.23,10244.89,10237.48,10223.42,1248.73,1242.55,1247.33,1244.52,10284.79,10248.29,10317.01,10212.58,1255.92,1251.47,1251.02,1243.3,10553.17,10653.85,10708.49,10465.28,1289.61,1300.27,1306.87,1277.49
CN10,4G,16,12,2,20841,32375,69731,98042,210,1068,348.05,5767,9893.44,9869.07,9850.36,9880.53,1202.59,1196.76,1198.57,1202.63,10153.59,10186.03,10243.87,10143.61,1238.08,1242.36,1246.48,1240.8,10433.65,10559.97,10493.62,10289.37,1273.15,1286.7,1280.82,1253.94
CN10,4G,16,12,3,25035,28967,56886,98042,216,1106,347.77,5745,10164.36,10226.9,10093.66,10225.34,1240.12,1239.29,1231.28,1247.3,10441.61,10280.87,10322.51,10429.35,1276.08,1252.18,1255.64,1266.75,10367.43,10601.22,10541.6,10465.69,1265.66,1292.33,1285.37,1280.75
CN10,4G,16,12,4,24511,44303,94897,139461,144,1032,312.39,4837,9819.15,10141.01,9805.6,10119.91,1196.71,1233.4,1195.1,1233.59,9633.9,9931.59,9669.28,9709.07,1156.02,1191.23,1153.37,1155.48,9437.42,9328.09,9615.04,9192.99,1154.69,1136.83,1172.98,1119.51
CN10,4G,16,12,5,27395,28443,40109,217056,166,1120,362.79,6019,10299.84,10338.17,10462.78,10359.89,1255.01,1258.03,1273.47,1262.27,10576.04,10452.85,10519.39,10612.15,1289.2,1277.87,1278.17,1290.3,10570.96,10604.61,10618.89,10548.55,1291.02,1291.77,1293.18,1291.2
CN10,4G,16,48,1,19530,39584,62653,100140,216,1106,331.39,5463,9679.64,9786.01,9753.11,9669.65,1153.43,1151.99,1161.57,1152.17,10274.24,10340.13,10282.94,10336.32,1232.39,1242.3,1227.64,1241.26,10178.14,9867.69,10203.65,10146.01,1226.14,1182.83,1226.24,1220.22
CN10,4G,16,48,2,17171,36439,81265,149947,166,1110,342.68,5536,10214.2,10079.33,10311.1,10097.51,1227.5,1195.72,1236.98,1210.97,10357.79,10466.4,10563.26,10624.69,1250.29,1256.6,1262.41,1283.57,10406.53,10352.38,10575.31,10250.32,1258.12,1242.37,1277.74,1235.19
CN10,4G,16,48,3,17957,38536,73925,104334,206,1141,343.46,5568,10088.06,10098.07,10113.31,10144.68,1214.04,1200.56,1218.78,1223.79,10298.64,10211.78,10203.73,10337.36,1251.93,1232.48,1217.4,1247.83,10418.32,10591.99,10691.82,10497.83,1257.19,1273.32,1285.48,1261.6
CN10,4G,16,48,4,19006,38536,91751,175113,100,1142,323.77,5360,10064.5,10136.78,10177.17,9987.52,1208.65,1200.85,1213.79,1203.87,9757.57,9759.6,9816.19,9738.11,1173.43,1167.74,1160.46,1170.94,10500.93,10514.85,10426.85,10265.28,1275.0,1265.73,1255.72,1239.67
CN10,4G,16,48,5,22152,41681,93848,137364,132,1160,323.11,5170,10376.0,10259.22,10311.08,10151.72,1244.37,1220.8,1245.85,1219.49,10390.58,10550.8,10384.43,10364.77,1256.13,1270.34,1242.23,1250.22,10478.32,10631.76,10659.28,10600.1,1266.78,1279.69,1287.08,1285.15
CN10,8G,1,12,1,807,1029,1745,1909,1272,1444,1382.36,1451,2570.37,2565.57,2501.4,2539.45,278.41,278.25,276.47,278.0,2528.4,2560.44,2575.55,2515.81,276.29,278.46,277.89,271.76,2630.13,2629.57,2583.35,2727.97,282.1,284.37,282.83,287.81
CN10,8G,1,12,2,807,1037,1745,1991,1220,1420,1362.92,1429,2555.77,2511.07,2501.0,2530.15,277.66,276.55,275.21,276.07,2559.0,2578.24,2531.35,2578.21,276.83,277.49,276.03,277.58,2433.21,2359.25,2340.59,2388.98,257.79,255.84,256.34,257.55
CN10,8G,1,12,3,848,1074,1795,2008,1108,1396,1313.83,1379,2549.97,2508.47,2520.1,2512.45,277.13,275.89,275.3,276.6,2516.1,2549.84,2524.25,2546.21,275.31,277.01,276.1,276.28,2397.85,2354.52,2311.5,2394.98,256.06,256.88,251.86,258.9
CN10,8G,1,12,4,832,1057,1745,2008,1264,1387,1325.92,1390,2837.52,2824.31,2806.33,2782.73,307.31,307.06,306.85,301.83,2792.78,2821.61,2811.39,2730.68,306.43,307.5,305.87,299.58,2622.73,2601.47,2574.15,2625.57,284.71,282.63,281.36,284.01
CN10,8G,1,12,5,832,971,1745,1975,1264,1362,1314.83,1380,2832.19,2815.97,2794.45,2779.4,308.74,307.64,305.65,306.54,2809.12,2772.39,2858.06,2829.57,305.19,306.4,307.15,307.6,2610.8,2580.08,2607.36,2601.69,283.99,280.73,282.26,282.84
CN10,8G,1,48,1,807,881,1860,2114,1176,1390,1334.75,1400,2796.42,2754.09,2763.56,2767.51,301.11,301.39,301.27,302.06,2754.78,2786.5,2920.61,2795.02,302.48,302.9,304.18,302.36,2606.13,2595.97,2572.05,2560.77,277.02,279.7,276.45,277.5
CN10,8G,1,48,2,914,1270,1876,2089,1166,1306,1254.33,1324,2792.86,2759.53,2751.34,2747.18,303.2,301.24,301.57,301.72,2487.11,2459.55,2514.15,2523.82,270.62,271.7,272.06,272.43,2569.03,2576.57,2601.35,2593.77,277.72,278.77,277.99,278.8
CN10,8G,1,48,3,873,1188,1778,1975,1058,1354,1290.33,1356,2741.42,2770.09,2806.78,2734.74,301.91,302.64,303.29,300.67,2500.95,2505.2,2588.36,2482.73,270.74,271.99,270.79,271.14,2569.93,2556.17,2601.45,2572.37,278.7,278.7,277.26,278.87
CN10,8G,1,48,4,889,1221,1762,2024,1184,1336,1273.67,1338,2776.2,2791.65,2799.9,2796.18,302.59,303.2,301.88,303.21,2476.51,2471.95,2535.16,2506.12,271.06,271.35,270.41,271.49,2584.26,2656.0,2613.05,2574.55,277.36,280.27,276.92,277.88
CN10,8G,1,48,5,807,1106,1713,1926,1147,1432,1365.82,1437,2505.18,2525.08,2470.51,2478.47,272.74,273.03,271.17,272.15,2474.11,2514.35,2519.06,2517.12,271.52,271.9,271.44,271.94,2354.03,2359.52,2400.14,2334.52,251.62,253.92,253.46,252.79
CN10,8G,2,12,1,914,1029,1876,3818,1164,1318,1240.00,2591,5106.78,5091.28,5078.11,5001.87,557.79,554.51,553.86,550.9,5033.21,5086.45,5072.66,5065.12,552.23,555.62,553.08,553.51,5113.43,5160.87,5208.95,5143.87,559.5,561.36,558.92,559.62
CN10,8G,2,12,2,914,1029,1909,3523,1124,1348,1260.72,2614,5059.18,5169.89,5091.71,5079.27,553.37,558.64,555.07,554.23,5036.82,5100.06,5148.36,5009.12,549.4,551.69,554.28,552.95,5135.14,5172.08,5143.0,5119.28,554.29,562.02,558.53,559.28
CN10,8G,2,12,3,857,971,1680,2474,1146,1356,1309.67,2750,5088.09,5055.49,5067.32,5138.67,551.28,554.67,553.71,551.43,5036.02,5058.96,5153.07,5062.13,550.04,550.38,554.34,552.71,4735.21,4607.89,4658.69,4610.52,511.53,506.23,506.64,507.13
CN10,8G,2,12,4,881,1045,1778,7308,1085,1424,1287.33,2669,5658.66,5630.22,5720.91,5676.86,613.28,618.21,615.94,614.86,5042.92,5056.06,5198.67,4993.03,551.33,554.39,556.33,551.74,5149.13,5081.38,5197.86,5118.38,560.48,557.05,561.21,558.59
CN10,8G,2,12,5,881,979,1647,3032,1152,1358,1292.21,2705,5161.89,5114.8,5105.52,5107.78,555.04,554.46,556.15,554.22,4681.75,4643.42,4618.07,4571.94,503.3,505.27,500.57,503.79,4655.4,4738.89,4750.33,4678.71,510.58,509.77,509.57,508.59
CN10,8G,2,48,1,906,1057,1893,3720,1094,1298,1242.12,2596,4718.18,4843.18,4738.11,4791.8,500.95,506.03,504.42,507.16,4787.21,4746.25,4832.25,4733.58,503.35,504.21,506.34,502.1,4772.21,4829.16,4818.05,4799.98,508.92,508.44,509.8,508.53
CN10,8G,2,48,2,881,1037,1876,5997,1058,1352,1286.54,2675,5773.55,5879.34,5782.25,5775.87,615.44,620.39,617.62,613.71,5314.73,5288.77,5327.38,5227.54,555.21,555.15,555.95,553.5,5345.04,5302.68,5269.26,5401.98,562.17,560.52,557.99,561.21
CN10,8G,2,48,3,881,1029,1778,14091,1096,1324,1277.50,2679,5284.3,5255.91,5188.43,5306.19,557.83,553.09,554.78,556.95,4724.49,4770.61,4815.16,4771.31,501.73,504.22,506.04,503.75,4845.85,4788.08,4744.6,4909.17,509.35,508.3,507.42,510.24
CN10,8G,2,48,4,881,1020,1876,5145,1072,1350,1280.12,2680,5886.34,5637.01,5745.93,5839.77,617.23,594.83,615.44,616.39,5238.64,5255.88,5305.28,5348.34,555.17,550.99,555.62,569.71,5313.94,5261.48,5235.96,5361.39,559.34,558.68,558.63,561.18
CN10,8G,2,48,5,922,1090,1844,6128,1036,1304,1231.73,2559,5265.01,5242.91,5207.24,5243.09,553.47,553.96,555.14,553.09,5292.24,5186.98,5217.89,5237.85,555.09,553.92,552.61,554.2,5340.94,5307.89,5438.36,5398.69,559.04,560.83,560.47,559.48
CN10,8G,4,12,1,1045,1303,1860,2835,1160,1319,1230.47,5019,8197.33,8165.74,8138.68,8147.0,997.97,997.73,995.5,996.16,8267.58,8328.71,8371.81,8360.23,996.75,998.12,999.79,997.92,8195.4,8244.26,8217.79,8296.26,1001.88,1003.65,1002.2,1003.3
CN10,8G,4,12,2,1037,1270,1811,2802,1154,1332,1228.67,5015,9044.22,9016.12,9014.24,9066.4,1098.52,1098.46,1096.71,1097.08,9113.46,9026.57,9013.47,9082.31,1098.18,1096.98,1097.88,1096.94,8244.68,8320.08,8223.7,8270.81,1002.7,1003.99,1001.29,1003.85
CN10,8G,4,12,3,1020,1270,2245,5538,1174,1296,1237.84,5144,8947.42,8942.73,8953.55,8991.61,1096.56,1096.02,1095.02,1097.23,9252.37,9332.36,9429.74,9226.74,1098.33,1100.78,1101.13,1097.62,9002.85,9064.69,9026.17,9094.69,1101.04,1104.22,1102.68,1104.25
CN10,8G,4,12,4,1037,1287,1909,2769,1168,1272,1222.04,5035,8961.63,8943.13,8970.96,8952.11,1096.11,1095.99,1097.02,1095.94,8932.46,9015.4,9009.81,9042.97,1090.81,1097.22,1097.46,1098.29,9045.51,9063.96,8995.07,9028.94,1101.13,1101.62,1100.71,1101.09
CN10,8G,4,12,5,1004,1237,1647,2311,1186,1328,1254.64,5079,8190.56,8207.91,8181.65,8179.81,996.66,998.76,997.25,997.44,8415.67,8311.64,8344.07,8390.37,994.02,994.05,995.1,994.91,8193.87,8309.79,8276.27,8237.88,1001.25,1002.63,1002.86,1001.69
CN10,8G,4,48,1,1106,1532,3326,7570,946,1296,1187.98,4884,9006.12,9007.82,8952.23,9010.36,1095.5,1092.11,1092.78,1095.52,8168.48,8188.97,8208.02,8197.56,993.76,996.34,995.44,995.39,8283.33,8304.82,8225.26,8270.46,1002.44,1003.69,1000.37,1002.71
CN10,8G,4,48,2,1090,1467,2245,6390,1116,1300,1218.88,5001,8295.58,8267.59,8245.16,8229.21,998.16,997.69,998.16,996.62,8165.37,8206.46,8172.91,8184.42,995.4,995.42,995.8,995.3,7587.91,7566.86,7592.88,7601.5,918.37,918.15,919.27,917.84
CN10,8G,4,48,3,1057,1434,2737,9765,1094,1308,1219.52,5028,8269.48,8301.28,8157.38,8280.66,996.01,1011.13,982.34,996.22,8259.0,8339.21,8224.01,8075.45,998.66,1012.25,998.03,980.91,8264.15,8252.1,8327.63,8267.83,1002.81,998.26,1004.51,1001.38
CN10,8G,4,48,4,1106,1516,3228,7373,972,1270,1190.53,4896,9070.55,9084.86,9083.18,8964.14,1097.91,1098.86,1097.58,1093.54,8288.76,8195.21,8237.25,8193.48,997.55,997.19,996.19,995.11,8252.72,8357.12,8323.86,8391.95,1000.74,1003.05,1002.6,1003.75
CN10,8G,4,48,5,1090,1483,2573,6849,1046,1298,1218.38,4980,8976.91,9072.49,9007.48,8999.87,1094.81,1096.4,1095.13,1095.1,9042.59,9038.83,9033.64,9047.4,1097.9,1097.61,1097.03,1096.08,8168.9,8279.92,8263.79,8194.7,997.23,999.63,998.48,997.41
CN10,8G,8,12,1,7832,21365,42730,62653,300,1356,585.24,4587,9898.79,9948.58,10248.16,9938.88,1213.36,1217.37,1255.24,1216.56,9814.1,10275.75,10198.33,9886.19,1174.66,1222.56,1220.56,1192.89,9473.3,9512.59,9463.53,9720.38,1156.86,1159.2,1157.49,1160.01
CN10,8G,8,12,2,4752,15795,31589,85459,434,1328,687.21,5669,9890.67,9980.19,9855.27,10119.63,1213.72,1221.98,1211.97,1241.61,10064.96,10283.47,10407.79,10536.73,1215.21,1232.41,1246.09,1268.98,10520.3,10589.95,10525.89,10550.31,1290.87,1292.59,1290.86,1292.06
CN10,8G,8,12,3,4555,16909,45351,135267,388,1318,661.92,5420,10510.58,10570.99,10428.24,10522.81,1289.31,1290.65,1282.48,1290.54,10363.01,10373.04,10426.92,10471.9,1256.96,1255.09,1266.16,1256.94,9901.1,10069.96,10358.21,10155.02,1213.29,1232.17,1261.51,1243.27
CN10,8G,8,12,4,3818,14222,40633,96994,412,1298,701.30,5709,10409.22,10461.14,10332.09,10500.07,1276.83,1286.69,1267.27,1287.59,10413.01,10525.66,10650.22,10503.56,1253.5,1264.32,1276.85,1261.99,10657.09,10692.14,10932.96,10714.22,1312.11,1310.1,1342.43,1312.34
CN10,8G,8,12,5,4948,14746,29492,70779,454,1326,703.90,5795,10552.39,10680.18,10527.76,10620.4,1291.4,1300.92,1290.63,1301.36,10355.28,10503.78,10389.28,10275.44,1257.98,1286.14,1272.12,1261.46,10702.92,10749.35,10936.64,10721.11,1310.72,1316.26,1341.41,1315.37
CN10,8G,8,48,1,4047,16712,40633,70779,408,1282,660.19,5326,10350.08,10486.52,10393.3,10563.97,1259.75,1282.2,1263.22,1290.43,10336.86,10282.23,10447.32,10335.76,1231.42,1233.95,1241.45,1237.13,10522.32,10581.26,10583.0,10513.36,1288.78,1291.26,1290.87,1281.6
CN10,8G,8,48,2,4555,16712,41681,61604,438,1368,678.61,5625,9999.08,10130.54,10078.96,10214.94,1214.09,1233.51,1224.09,1246.99,10037.57,9931.94,10033.42,10241.16,1224.83,1209.14,1222.01,1243.98,10551.72,10517.56,10600.36,10535.37,1285.96,1286.8,1284.96,1277.16
CN10,8G,8,48,3,3916,16057,39584,80217,396,1296,685.24,5598,10203.72,10173.06,10184.62,10327.78,1242.26,1229.64,1237.4,1259.38,10272.78,10241.47,10395.41,10349.59,1250.05,1245.0,1264.55,1260.41,10348.23,10512.38,10557.63,10514.48,1257.43,1277.0,1284.72,1281.37
CN10,8G,8,48,4,3982,14877,38011,69731,402,1296,705.53,5805,10120.83,10325.04,10037.4,10081.29,1231.27,1254.68,1221.92,1230.2,10106.85,10176.56,10178.41,10239.26,1226.44,1233.58,1240.96,1243.57,10390.33,10585.92,10594.03,10610.54,1269.5,1291.29,1291.61,1290.43
CN10,8G,8,48,5,4555,18220,40633,91751,318,1294,655.15,5318,10195.98,10301.41,10253.07,10505.37,1246.92,1251.12,1251.93,1275.37,10371.82,10350.14,10479.62,10319.26,1265.65,1258.26,1271.97,1260.13,10587.84,10659.1,10609.77,10540.94,1288.53,1293.22,1292.66,1281.87
CN10,8G,16,12,1,20841,38011,66847,164627,198,1102,304.36,5073,10975.11,11013.31,11066.12,11040.27,1345.27,1348.33,1355.92,1353.31,11010.83,11022.93,11038.35,10971.93,1349.82,1351.89,1350.64,1346.18,11343.13,11354.6,11423.07,11364.19,1390.35,1393.32,1400.32,1391.65
CN10,8G,16,12,2,26608,44827,84411,115868,118,1120,300.84,4637,10812.42,10823.78,10814.94,10991.32,1328.08,1328.27,1327.54,1348.94,10489.91,10526.16,10670.08,10316.8,1288.89,1289.13,1308.99,1268.34,10515.67,10531.23,10565.74,10359.7,1289.44,1290.14,1290.95,1269.17
CN10,8G,16,12,3,27919,46400,91751,119014,119,1106,280.16,4389,10368.16,10072.51,10231.06,10048.91,1270.99,1233.5,1252.44,1232.69,9896.19,9784.47,10227.37,9906.95,1214.63,1196.96,1253.07,1215.0,9903.81,9929.09,9927.22,9933.83,1214.77,1216.96,1215.64,1216.82
CN10,8G,16,12,4,19792,36439,63177,106431,210,1090,302.84,5058,11031.33,10955.22,11029.79,11094.0,1351.18,1347.01,1352.9,1360.33,11060.88,11020.43,11001.44,10953.64,1357.15,1350.45,1345.8,1343.07,11061.2,11161.11,11112.27,11203.23,1357.58,1371.07,1357.54,1372.04
CN10,8G,16,12,5,21103,39584,77071,115868,204,1138,311.77,5160,11113.61,11203.87,11125.97,11079.22,1363.57,1373.2,1365.89,1361.14,10999.9,11054.14,11038.24,11026.93,1339.57,1342.06,1341.68,1342.63,11141.85,11181.31,11168.94,11163.89,1370.17,1370.6,1370.92,1370.83
CN10,8G,16,48,1,21627,43779,91751,132645,168,1116,296.60,4941,11084.82,11125.58,11105.03,11061.54,1345.05,1351.32,1348.95,1348.86,11041.14,10990.99,11089.98,11116.11,1345.45,1336.7,1343.11,1354.03,11027.86,11176.67,11111.94,11194.82,1344.51,1357.79,1352.9,1360.61
CN10,8G,16,48,2,20579,40109,88605,179307,170,1214,288.72,4773,10800.13,10850.14,10828.21,10841.8,1315.41,1311.58,1316.87,1319.21,10463.71,10472.47,10559.06,10432.75,1273.62,1271.03,1280.19,1268.53,10920.09,10941.04,10962.31,10938.2,1329.41,1329.34,1329.43,1328.74
CN10,8G,16,48,3,24249,45351,87557,122160,144,1098,281.55,4674,10878.15,10926.0,10842.06,10957.62,1316.31,1324.3,1316.82,1328.43,10581.23,10670.54,10685.66,10592.24,1287.09,1294.09,1295.21,1283.54,10985.19,10973.86,10972.22,10974.27,1334.59,1330.15,1329.93,1330.06
CN10,8G,16,48,4,20579,40633,77071,119014,212,1060,305.65,5115,11009.55,11164.22,11066.31,11116.42,1340.6,1357.33,1344.78,1354.29,10883.48,10972.67,10891.47,10857.46,1323.15,1337.39,1327.46,1323.22,11129.35,11266.11,11248.8,11286.87,1358.02,1370.37,1365.53,1370.82
CN10,8G,16,48,5,20317,41157,82314,123208,194,1174,303.81,5063,10975.82,10896.5,10993.35,11031.12,1332.97,1325.45,1337.09,1341.97,11049.74,11049.11,11170.67,11154.1,1346.48,1348.37,1354.44,1358.88,10949.27,11027.48,11102.07,11041.33,1332.24,1341.31,1350.75,1340.05
CN10,16G,1,12,1,799,889,1205,1893,1212,1414,1373.96,1441,3151.11,3198.55,3187.19,3185.04,345.36,347.08,345.03,344.83,3169.82,3124.72,3163.04,3181.26,346.21,344.2,344.51,345.04,3213.4,3202.24,3219.66,3327.24,350.05,348.05,348.96,351.27
CN10,16G,1,12,2,832,1012,1336,1958,1082,1392,1325.33,1391,3422.59,3392.99,3461.34,3389.38,369.84,368.65,368.63,368.19,3229.14,3161.73,3170.48,3237.77,346.62,344.76,345.66,345.7,3211.09,3231.18,3252.04,3301.8,350.53,349.26,348.95,350.38
CN10,16G,1,12,3,824,938,1303,1926,1200,1392,1327.54,1393,3196.37,3152.12,3249.39,3168.92,343.28,343.47,343.38,342.9,2976.72,2976.68,2990.98,3029.02,322.17,322.3,322.98,322.41,3026.88,3016.49,3061.3,3040.39,326.95,326.44,327.05,326.77
CN10,16G,1,12,4,840,1045,1385,2114,1188,1380,1298.08,1361,3194.87,3189.93,3222.32,3191.23,345.21,345.1,345.02,345.58,3224.95,3202.29,3160.3,3210.08,346.5,344.47,344.73,344.3,3191.96,3247.37,3218.6,3216.68,347.59,349.06,349.74,348.22
CN10,16G,1,12,5,857,1037,1385,1942,1130,1390,1287.48,1352,3223.5,3193.94,3189.33,3140.61,343.42,342.39,343.43,341.56,3208.2,3243.79,3184.42,3220.21,344.94,346.68,345.33,342.41,3283.03,3297.55,3227.92,3230.31,349.69,349.24,348.9,349.59
CN10,16G,1,48,1,816,1029,1696,5342,1168,1394,1347.75,1414,3218.36,3183.65,3206.7,3179.07,344.69,342.62,344.85,344.3,3217.71,3193.11,3236.8,3230.15,343.18,344.29,344.89,344.87,3117.97,3033.82,3094.33,3050.94,328.11,327.57,328.13,326.33
CN10,16G,1,48,2,832,971,1614,1991,1228,1372,1321.38,1387,3436.0,3406.87,3454.75,3393.92,367.0,367.25,368.22,367.33,3207.77,3214.86,3239.61,3234.21,344.74,344.57,344.63,344.0,3228.96,3202.43,3299.48,3251.93,347.45,348.32,348.15,348.38
CN10,16G,1,48,3,799,938,1680,1975,1196,1416,1347.83,1413,3400.59,3392.59,3455.85,3423.81,365.95,366.67,368.77,366.74,3428.62,3466.92,3432.66,3495.03,367.53,366.55,369.02,367.7,3272.28,3222.93,3260.86,3224.06,349.7,347.58,348.46,348.04
CN10,16G,1,48,4,824,971,1631,2114,1144,1364,1317.83,1382,3206.13,3235.69,3253.33,3175.43,343.9,347.6,344.99,343.02,3028.14,3101.58,3046.7,3006.67,324.51,325.94,324.86,324.57,2998.5,3027.29,3113.57,3012.76,325.91,326.68,328.25,327.5
CN10,16G,1,48,5,816,988,1713,1991,1232,1398,1357.83,1424,3261.01,3205.26,3182.46,3120.5,345.13,345.21,343.69,341.83,3150.09,3196.8,3181.24,3103.72,342.7,344.78,343.39,342.67,3072.97,3007.7,3100.4,3075.82,328.18,326.34,327.76,328.07
CN10,16G,2,12,1,889,979,1188,3032,1162,1358,1266.44,2649,6489.76,6439.45,6356.28,6393.31,691.25,692.1,691.05,692.72,6446.34,6427.87,6324.56,6325.53,692.34,692.52,692.54,690.88,6115.03,6019.82,6101.75,6087.17,655.41,655.03,655.87,653.78
CN10,16G,2,12,2,840,938,1237,4621,1246,1408,1350.96,2795,6443.57,6393.01,7254.34,6402.63,691.04,692.06,778.77,692.68,5257.44,6045.76,5990.06,6011.21,568.33,650.62,650.11,651.57,6065.38,6057.67,6132.56,6065.86,655.56,654.44,654.84,653.9
CN10,16G,2,12,3,889,988,1254,3720,1180,1350,1277.67,2641,6334.59,6441.28,6352.2,6417.7,689.92,691.75,691.83,691.99,6285.67,6350.89,6385.2,6337.66,691.52,692.34,690.39,691.32,6115.56,6042.47,6143.04,6087.25,656.03,654.54,656.11,657.04
CN10,16G,2,12,4,898,996,1319,1926,1130,1320,1256.38,2631,6014.02,6003.67,6000.56,6077.13,652.07,652.04,649.99,652.98,5941.63,5935.77,6009.71,6065.81,650.07,651.24,651.13,654.77,5749.98,5657.5,5703.94,5775.17,617.0,617.56,619.01,619.71
CN10,16G,2,12,5,898,996,1287,4621,1102,1324,1252.27,2613,6432.96,6367.46,6405.73,6328.14,693.82,695.62,692.34,691.67,6369.13,6453.77,6435.73,6416.35,691.09,694.85,693.28,691.21,6036.57,5962.65,6101.05,6127.3,654.35,653.51,659.89,656.2
CN10,16G,2,48,1,889,988,1614,5014,1044,1322,1252.44,2616,6208.79,6268.38,6234.57,6195.72,653.05,654.17,656.26,653.51,6193.98,6208.72,6231.9,6167.75,654.25,653.48,654.41,653.4,5909.92,5871.67,5811.55,5891.79,620.16,620.45,619.39,619.34
CN10,16G,2,48,2,873,979,1696,3589,1108,1374,1283.02,2679,6624.28,6559.72,6555.36,6569.08,698.69,693.69,696.53,698.18,6573.18,6500.01,6549.77,6629.31,694.26,694.91,693.6,695.85,6699.79,6562.07,6638.62,6636.95,699.26,696.51,702.49,701.43
CN10,16G,2,48,3,889,1004,1549,3884,1101,1378,1266.69,2642,6610.41,6497.85,6499.93,6505.4,693.65,694.36,694.57,697.35,6561.68,6528.08,6566.96,6637.75,693.6,694.44,694.54,695.03,6257.55,6241.07,6221.63,6121.3,656.87,656.98,660.33,654.03
CN10,16G,2,48,4,889,1012,1532,3195,1112,1370,1278.27,2638,6558.23,6523.35,6569.12,6513.59,695.34,692.82,692.54,694.21,6565.06,6603.71,6655.78,6584.44,694.11,696.51,699.24,695.95,6318.32,6225.89,6275.21,6252.95,657.17,655.86,659.23,655.1
CN10,16G,2,48,5,873,971,1467,4555,1086,1388,1288.14,2697,6219.8,6224.98,6117.0,6201.85,652.83,656.16,650.79,653.15,6190.03,6176.1,6180.56,6191.15,651.01,653.5,652.72,652.21,6304.81,6216.66,6225.06,6313.08,658.22,657.82,656.33,660.74
CN10,16G,4,12,1,1254,1745,2704,6259,818,1304,1157.71,4652,9433.49,9409.32,9427.94,9430.46,1151.72,1153.1,1152.12,1152.39,9400.95,9392.29,9562.24,9481.85,1153.72,1153.33,1156.85,1155.43,9491.22,9474.45,9459.93,9469.5,1157.32,1158.37,1157.3,1157.21
CN10,16G,4,12,2,1303,1795,2868,7373,804,1300,1152.71,4694,9436.83,9382.31,9401.72,9375.97,1151.99,1150.66,1151.09,1150.57,9379.59,9368.19,9414.72,9410.01,1152.38,1152.23,1154.21,1153.73,9433.56,9414.53,9390.24,9454.95,1153.89,1153.41,1153.65,1155.24
CN10,16G,4,12,3,1287,1729,2278,13960,728,1276,1126.03,4667,9450.26,9431.42,9409.01,9386.72,1154.11,1154.75,1154.16,1153.23,9418.76,9419.17,9439.72,9465.09,1153.22,1153.58,1153.46,1153.93,9422.49,9462.44,9414.14,9461.14,1156.23,1156.8,1155.34,1156.56
CN10,16G,4,12,4,1221,1680,2376,5997,860,1304,1162.00,4824,9943.56,9929.17,9897.85,9949.72,1218.32,1217.55,1214.65,1218.63,9400.37,9444.05,9412.79,9366.02,1153.3,1153.45,1153.64,1150.71,9429.22,9439.87,9431.39,9468.61,1156.7,1157.73,1156.79,1156.82
CN10,16G,4,12,5,1205,1680,2540,8094,858,1328,1177.63,4878,9884.32,9909.18,9812.62,9602.13,1211.35,1207.44,1199.13,1181.59,9922.05,9972.88,9932.68,9937.33,1216.57,1218.01,1217.58,1216.63,9451.12,9436.19,9478.92,9439.25,1157.26,1156.23,1157.26,1156.99
CN10,16G,4,48,1,1385,1926,3261,13960,766,1278,1101.50,4573,9965.67,9930.74,9926.41,9909.12,1217.73,1216.75,1216.81,1216.22,9943.25,9913.46,9944.5,9911.71,1215.64,1215.86,1215.79,1213.92,9485.35,9439.3,9442.02,9472.55,1156.88,1156.13,1154.92,1156.18
CN10,16G,4,48,2,1369,1926,3589,9765,794,1314,1134.89,4617,9411.12,9430.28,9438.61,9417.48,1153.82,1153.81,1154.16,1153.69,9418.9,9406.17,9413.74,9376.67,1152.84,1153.34,1153.41,1149.96,9404.92,9415.87,9399.5,9449.08,1151.8,1152.08,1152.06,1152.38
CN10,16G,4,48,3,1352,1844,3556,8848,850,1312,1123.15,4590,9945.01,9894.93,9948.22,9910.62,1217.32,1214.87,1217.05,1216.92,9955.43,9912.62,9945.13,9914.99,1217.68,1216.65,1217.43,1216.45,9477.71,9422.05,9460.77,9463.1,1156.85,1154.13,1156.29,1155.83
CN10,16G,4,48,4,1336,1876,3195,14091,788,1304,1153.13,4736,10015.37,9914.82,9951.37,9970.51,1218.5,1211.9,1217.45,1217.53,9395.94,9422.06,9437.7,9405.98,1152.67,1153.66,1152.67,1153.04,9464.78,9419.2,9436.47,9450.22,1155.8,1154.8,1155.47,1154.89
CN10,16G,4,48,5,1401,1926,3195,7635,836,1306,1129.74,4688,9423.61,9395.62,9409.21,9416.61,1154.38,1152.23,1153.31,1154.24,9435.47,9394.05,9417.78,9396.94,1153.16,1152.66,1152.31,1152.2,9424.68,9438.69,9443.88,9453.62,1154.93,1156.0,1154.33,1155.3
CN10,16G,8,12,1,6915,17433,45351,108528,402,1300,597.40,4949,11097.71,10978.32,10936.52,10999.22,1362.02,1350.69,1344.28,1353.38,11008.21,11053.74,11117.77,11009.07,1352.36,1359.52,1366.39,1352.63,11150.86,11019.04,11024.64,11096.68,1367.82,1354.8,1355.97,1363.19
CN10,16G,8,12,2,6915,17171,45876,102237,328,1302,598.27,4969,11126.56,11106.2,11137.56,11018.48,1366.32,1364.52,1366.33,1355.54,10944.1,10871.08,10973.61,10956.48,1332.98,1326.26,1335.35,1334.65,11201.56,11143.91,11217.64,11233.62,1375.69,1368.31,1376.24,1376.35
CN10,16G,8,12,3,6652,16909,41157,86508,373,1332,619.30,5144,11089.78,11024.05,11025.8,11045.39,1363.88,1356.64,1355.85,1359.54,11253.6,11270.39,11210.8,11129.01,1366.9,1369.14,1366.63,1359.27,11148.38,11143.39,11158.03,11185.73,1370.9,1370.85,1370.62,1371.15
CN10,16G,8,12,4,6325,16712,42730,101188,348,1302,622.85,5173,11242.43,11254.4,11204.7,11233.19,1382.59,1382.4,1376.14,1381.44,11201.84,11119.63,11130.56,11181.84,1376.73,1364.67,1365.64,1374.44,11528.63,11477.76,11459.99,11439.61,1412.34,1411.98,1407.55,1403.38
CN10,16G,8,12,5,8979,18482,38011,91751,298,1338,569.00,4454,9593.21,9882.59,9876.11,9891.09,1177.88,1215.04,1214.76,1215.01,10026.63,10064.03,10266.79,9691.58,1218.88,1218.26,1254.74,1179.92,9905.72,9892.94,9961.42,10226.58,1216.01,1215.91,1217.14,1254.47
CN10,16G,8,48,1,6980,19268,56886,116917,404,1306,573.33,4782,10923.01,11015.52,10933.82,10995.8,1341.52,1347.57,1340.38,1347.36,11127.35,11067.12,11134.16,10945.4,1343.5,1338.79,1343.51,1327.4,10786.72,10649.35,10744.26,10776.93,1317.9,1303.98,1314.17,1316.22
CN10,16G,8,48,2,6456,18482,47973,103285,402,1294,598.74,4965,10960.5,10968.72,11113.88,10951.32,1343.79,1343.48,1362.32,1342.81,10943.83,10934.49,10901.76,10899.73,1337.43,1338.69,1332.29,1333.99,11240.17,11199.6,11224.44,11202.0,1371.3,1370.69,1371.11,1369.62
CN10,16G,8,48,3,6456,17695,43254,104334,408,1336,609.66,5068,11007.81,10955.74,10985.6,10905.51,1345.18,1341.89,1345.62,1336.27,10871.92,10882.0,10858.76,10949.82,1329.26,1333.4,1327.8,1340.32,11226.08,11191.04,11208.11,11207.42,1371.08,1370.54,1370.87,1370.42
CN10,16G,8,48,4,6521,19006,43779,110625,384,1370,594.21,4872,11260.83,11087.67,11191.92,11161.97,1378.15,1358.67,1371.46,1365.32,11220.88,11390.06,11189.01,11228.3,1359.51,1368.81,1351.93,1357.93,11186.91,11192.39,11216.58,11206.57,1369.85,1370.22,1370.84,1369.74
CN10,16G,8,48,5,6390,18220,46400,110625,392,1308,607.56,5026,10924.01,10838.2,10881.03,10914.89,1334.18,1324.09,1329.92,1337.73,10863.0,10836.57,10873.69,10844.72,1327.97,1327.61,1327.71,1327.71,10857.58,10830.97,10862.61,10876.6,1328.59,1327.48,1328.58,1327.97
CN10,16G,16,12,1,27132,43254,90702,127402,120,1185,290.70,4550,10977.04,11324.22,11160.72,11149.31,1346.69,1389.95,1368.91,1368.52,11150.03,11161.73,11154.65,11151.14,1368.73,1369.62,1368.78,1368.64,11167.02,11145.23,10990.32,11349.42,1369.29,1368.93,1348.06,1390.37
CN10,16G,16,12,2,28181,46400,82314,143655,120,1161,277.92,4365,10812.85,10820.9,10835.1,10821.98,1327.63,1327.3,1328.15,1327.35,10846.71,10810.6,10799.55,10831.09,1328.05,1327.17,1327.24,1327.68,10830.04,11005.73,10843.56,10659.05,1327.78,1347.55,1328.03,1306.78
CN10,16G,16,12,3,21627,40109,86508,130548,158,1162,285.69,4772,11525.13,11512.89,11563.23,11630.34,1416.49,1414.01,1421.11,1425.98,11494.52,11510.61,11508.89,11491.56,1411.58,1412.45,1411.47,1410.22,11692.15,11641.97,11637.17,11619.99,1434.68,1428.87,1428.33,1426.24
CN10,16G,16,12,4,23462,40109,79168,116917,140,1162,293.95,4692,11332.92,11137.9,11117.25,11149.09,1389.27,1368.12,1367.12,1367.87,11135.07,11135.49,11140.8,10961.93,1368.36,1368.34,1368.81,1347.24,11126.24,10958.5,11306.53,11122.42,1366.59,1345.85,1388.61,1366.63
CN10,16G,16,12,5,23200,41157,80217,125305,112,1191,288.40,4536,10802.91,10806.16,10809.25,10799.67,1326.69,1326.77,1327.01,1326.69,10648.2,10622.18,10642.91,10656.68,1307.49,1306.19,1306.34,1307.29,10837.62,10490.06,10654.34,10647.24,1329.0,1287.88,1308.74,1308.58
CN10,16G,16,48,1,22152,41157,91751,128451,154,1087,275.72,4607,11229.46,11236.3,11221.35,11224.22,1367.15,1369.83,1366.95,1366.44,11392.85,11391.55,11421.94,11417.85,1390.75,1388.49,1391.72,1391.51,11422.2,11443.47,11446.94,11453.53,1391.48,1393.47,1393.39,1392.52
CN10,16G,16,48,2,20317,39584,88605,141558,174,1142,278.19,4656,11217.62,11206.38,11181.45,11175.19,1361.92,1360.85,1359.74,1358.83,11225.8,11235.2,11230.54,11218.22,1368.6,1368.35,1364.32,1366.5,11245.11,11255.17,11242.8,11226.62,1369.55,1369.14,1368.73,1368.54
CN10,16G,16,48,3,23725,44827,89654,133694,146,1192,274.47,4508,10937.86,10983.81,10954.6,10969.68,1329.9,1335.98,1331.79,1335.31,11076.91,11086.6,11080.99,11038.01,1348.57,1348.7,1348.3,1343.17,11113.57,11078.78,11080.64,11058.85,1350.13,1350.15,1349.67,1349.62
CN10,16G,16,48,4,21890,42206,90702,145753,174,1144,286.03,4770,11349.57,11376.43,11380.68,11391.33,1384.07,1386.54,1386.4,1387.89,11486.69,11505.32,11540.43,11511.28,1401.77,1403.66,1407.03,1403.26,11609.46,11622.48,11566.19,11519.01,1412.08,1415.04,1408.45,1404.99
CN10,16G,16,48,5,21103,39584,79168,111674,174,1063,281.38,4704,11411.54,11420.59,11400.9,11421.14,1391.21,1390.06,1389.29,1390.18,11574.99,11591.03,11608.89,11546.7,1410.1,1412.99,1413.99,1408.15,11638.46,11621.9,11608.58,11594.23,1414.44,1414.02,1413.81,1413.2
CN10,32G,1,12,1,807,906,1270,1909,1172,1416,1342.12,1407,3644.02,3694.6,3675.44,3706.33,394.98,394.81,394.42,396.11,3582.26,3550.41,3563.1,3571.05,381.95,381.13,380.84,380.27,3583.42,3530.57,3545.98,3592.82,382.31,382.57,383.06,382.86
CN10,32G,1,12,2,799,881,1188,1844,1226,1442,1363.46,1430,3695.65,3652.44,3674.77,3734.21,394.63,394.5,394.54,395.66,3686.84,3671.21,3695.29,3688.95,393.26,394.99,393.88,394.83,3682.39,3562.33,3620.29,3644.23,384.24,383.32,384.0,383.51
CN10,32G,1,12,3,816,938,1254,1909,1254,1428,1345.71,1411,3568.7,3530.04,3553.43,3596.83,381.45,381.69,380.26,383.24,3460.82,3415.5,3429.84,3445.92,367.71,368.46,367.44,368.54,3456.98,3489.09,3438.48,3496.59,371.1,370.8,370.38,370.12
CN10,32G,1,12,4,816,914,1221,1876,1172,1398,1351.00,1417,3681.01,3661.51,3651.02,3697.61,394.34,394.52,393.82,394.23,3552.47,3535.11,3546.8,3571.44,380.72,382.42,380.14,380.79,3582.6,3585.85,3597.26,3603.58,383.36,383.54,382.98,383.4
CN10,32G,1,12,5,807,865,1123,1909,1218,1380,1340.35,1406,3714.48,3672.51,3679.02,3778.51,395.68,393.82,395.39,396.19,3647.47,3541.69,3552.28,3544.61,381.9,380.67,380.18,381.02,3592.39,3594.23,3597.92,3576.34,383.0,382.92,382.9,382.59
CN10,32G,1,48,1,840,906,1516,1860,1160,1370,1305.86,1370,3721.19,3684.87,3759.85,3749.69,396.56,396.11,396.43,396.91,3713.28,3765.9,3744.69,3745.6,396.52,398.27,396.48,397.58,3639.6,3619.17,3660.3,3686.24,386.41,385.4,385.99,385.69
CN10,32G,1,48,2,807,865,1500,1827,1244,1448,1368.79,1436,3632.19,3547.6,3633.3,3615.87,384.09,383.2,384.19,384.56,3591.02,3592.51,3618.16,3597.5,382.79,382.97,382.61,382.61,3571.28,3515.73,3522.22,3507.2,373.79,373.87,373.8,373.06
CN10,32G,1,48,3,824,914,1549,1991,1104,1392,1314.02,1379,3585.47,3586.09,3615.86,3616.98,382.89,384.53,384.4,383.98,3560.58,3572.39,3623.5,3595.08,382.78,383.42,383.38,384.03,3631.6,3605.44,3664.3,3671.83,385.38,386.11,386.95,385.54
CN10,32G,1,48,4,824,963,1565,1893,1172,1396,1323.24,1387,3607.68,3595.99,3604.13,3600.43,383.34,383.62,383.6,383.63,3625.14,3542.19,3591.12,3597.17,383.43,382.54,383.67,383.26,3634.6,3695.48,3645.51,3670.1,385.09,385.51,385.97,386.08
CN10,32G,1,48,5,840,1045,1516,1909,1108,1396,1307.24,1371,3577.54,3552.58,3561.07,3613.57,382.99,383.42,384.46,383.99,3640.86,3550.88,3568.81,3577.86,383.9,384.23,383.81,382.58,3526.68,3499.67,3538.26,3526.37,373.38,372.24,372.52,372.41
CN10,32G,2,12,1,1045,2040,2474,3228,533,1378,1219.86,2495,6506.83,6514.8,6427.56,6566.92,693.85,693.36,693.51,694.04,6478.0,6421.48,6528.36,6511.5,692.92,693.88,694.28,693.41,6539.49,6501.66,6526.37,6589.35,695.17,696.23,696.2,695.03
CN10,32G,2,12,2,1037,1827,2147,3359,654,1384,1235.07,2586,6733.51,6655.58,6686.84,6645.96,715.11,714.74,716.58,714.82,6724.72,6639.18,6728.7,6720.81,717.72,714.21,716.7,717.07,6764.34,6600.91,6700.8,6779.62,719.72,716.0,716.93,718.03
CN10,32G,2,12,3,1090,1795,2089,2245,690,1422,1260.54,2615,6919.57,6883.06,6868.82,6901.53,739.91,740.63,740.82,739.57,6861.71,6870.29,6995.59,6944.31,739.08,739.72,741.97,739.78,6812.09,6634.94,6782.84,6783.91,718.94,716.49,719.28,718.81
CN10,32G,2,12,4,1057,1762,2278,2638,668,1390,1251.89,2616,6620.07,6648.55,6654.08,6641.32,715.11,716.61,716.52,715.7,6430.74,6470.18,6484.08,6438.51,693.44,693.93,693.57,692.76,6478.33,6433.18,6522.83,6463.32,693.79,694.67,695.67,695.86
CN10,32G,2,12,5,1074,1713,2057,2278,582,1330,1166.65,2422,6743.95,6691.94,6636.36,6643.05,719.32,717.03,714.42,715.1,6434.8,6431.81,6382.25,6407.74,692.57,693.16,693.12,693.97,6452.15,6452.54,6429.69,6529.7,693.96,695.83,694.63,696.59
CN10,32G,2,48,1,1287,1762,2147,3687,664,1370,1182.36,2478,6770.13,6723.17,6721.96,6645.26,704.46,701.39,703.76,701.4,6607.21,6663.94,6792.32,6753.99,699.11,700.6,703.71,700.48,6704.88,6584.39,6777.54,6734.92,702.4,701.61,703.58,704.12
CN10,32G,2,48,2,979,1778,2343,3589,584,1470,1219.15,2498,6797.76,6689.55,6670.55,6427.07,705.42,702.13,701.43,677.61,6664.19,6675.07,6643.26,6938.88,703.52,700.25,702.66,723.57,6633.94,6667.33,6785.11,6651.4,701.42,701.68,702.85,702.12
CN10,32G,2,48,3,1057,1598,1975,3130,618,1350,1214.43,2526,6872.95,6988.41,6844.35,6838.27,727.67,727.05,723.37,724.28,6899.71,6966.55,6882.94,6874.68,724.28,726.74,727.44,723.41,6680.35,6648.05,6756.95,6699.46,702.81,702.59,703.92,703.73
CN10,32G,2,48,4,1139,1827,2212,3589,604,1366,1201.04,2494,6677.84,6741.19,6679.79,6727.07,702.53,701.84,701.47,702.3,6622.78,6647.05,6677.14,6731.53,698.73,701.77,702.99,704.24,6724.35,6640.3,6794.3,6726.93,704.07,701.38,705.66,703.22
CN10,32G,2,48,5,1106,1582,1827,3032,730,1402,1206.26,2505,6967.35,6886.93,6882.36,6882.99,722.84,723.68,724.88,721.94,6652.88,6643.99,6679.74,6753.01,699.78,700.24,701.48,705.3,6648.7,6622.46,6809.33,6746.86,701.53,701.88,704.23,702.98
CN10,32G,4,12,1,1418,1893,3228,7832,772,1326,1086.18,4457,10198.04,10178.85,10190.08,10178.17,1250.79,1250.95,1250.68,1250.26,10192.64,10200.13,10179.14,10205.72,1251.38,1250.92,1250.61,1252.12,10210.58,10194.44,10213.58,10172.46,1252.01,1250.9,1252.43,1250.77
CN10,32G,4,12,2,1385,1860,3458,7242,813,1324,1129.81,4694,10487.95,10469.71,10468.78,10495.62,1287.53,1288.17,1288.24,1288.33,10147.26,10175.49,10168.78,10151.81,1248.56,1249.25,1249.84,1249.28,10167.72,10193.07,10189.63,10177.35,1250.92,1252.26,1252.78,1252.02
CN10,32G,4,12,3,1418,1909,3392,9503,740,1330,1095.39,4501,10496.36,10481.77,10525.57,10532.39,1287.87,1287.55,1288.24,1287.8,10498.55,10477.18,10472.78,10498.88,1288.29,1286.48,1287.53,1287.93,10517.53,10488.33,10494.5,10496.29,1289.84,1289.22,1289.34,1289.62
CN10,32G,4,12,4,1336,1778,3458,9110,798,1290,1107.39,4593,10476.88,10449.47,10480.61,10497.67,1285.58,1285.48,1286.94,1286.63,10451.65,10465.76,10497.97,10468.62,1286.54,1287.3,1287.09,1287.16,10192.34,10197.68,10168.14,10167.73,1251.45,1252.14,1251.32,1251.22
CN10,32G,4,12,5,1352,1811,3326,8160,784,1296,1094.21,4517,10775.63,10778.1,10799.27,10775.03,1325.37,1327.2,1327.36,1326.34,10477.5,10464.88,10491.62,10466.06,1286.34,1286.77,1286.95,1287.19,10475.57,10463.7,10470.24,10482.22,1288.7,1288.16,1287.94,1288.04
CN10,32G,4,48,1,1401,1876,3392,8848,818,1292,1096.37,4583,10498.97,10507.88,10495.91,10503.14,1287.99,1287.96,1286.6,1288.29,10498.95,10506.78,10497.01,10523.03,1286.31,1288.11,1287.91,1287.47,10517.48,10502.34,10517.1,10535.81,1287.81,1288.85,1289.01,1288.85
CN10,32G,4,48,2,1450,1975,3916,10683,617,1288,1090.02,4488,10460.83,10482.6,10514.69,10505.11,1285.74,1285.97,1286.37,1286.18,10484.3,10502.69,10495.3,10521.39,1288.19,1287.71,1288.84,1288.93,10525.04,10511.42,10504.5,10514.39,1289.25,1289.9,1289.51,1289.56
CN10,32G,4,48,3,1401,1926,3687,8979,828,1314,1109.40,4625,10490.21,10451.32,10450.0,10474.64,1285.17,1284.48,1284.45,1284.76,10470.06,10508.64,10492.69,10492.56,1286.71,1287.86,1287.86,1288.43,10532.95,10506.97,10488.49,10513.09,1290.38,1289.64,1288.67,1289.54
CN10,32G,4,48,4,1450,1942,3916,10814,794,1324,1087.00,4458,10499.12,10335.53,10670.56,10531.8,1288.61,1268.62,1309.25,1288.76,10598.68,10555.53,10561.05,10724.95,1286.37,1285.53,1286.19,1306.09,10238.53,10232.22,10207.99,10036.06,1253.77,1253.1,1253.09,1233.26
CN10,32G,4,48,5,1418,1876,3785,8979,812,1320,1090.42,4449,10502.18,10466.67,10489.41,10502.78,1288.85,1287.23,1287.65,1289.05,10482.38,10483.19,10501.43,10492.02,1287.05,1287.47,1288.74,1288.67,10488.82,10535.24,10475.05,10501.83,1287.42,1288.51,1286.72,1288.07
CN10,32G,8,12,1,8225,19268,44827,112722,312,1298,555.43,4601,11252.62,11261.05,11318.14,11291.57,1384.46,1384.0,1391.6,1387.11,11292.19,11317.49,11300.46,11315.61,1389.37,1389.83,1389.9,1389.65,11111.07,11126.71,11073.4,11059.38,1364.46,1367.48,1362.59,1360.68
CN10,32G,8,12,2,7570,17695,42206,82314,350,1338,591.79,4939,11579.3,11648.63,11588.2,11598.08,1424.77,1432.8,1427.04,1426.39,11556.55,11514.96,11516.16,11530.03,1417.77,1413.24,1412.84,1412.74,11676.41,11662.53,11636.55,11647.53,1434.76,1434.31,1433.67,1433.94
CN10,32G,8,12,3,7832,18220,43779,106431,300,1340,572.64,4729,11630.03,11575.95,11642.46,11647.37,1430.45,1423.45,1433.29,1431.61,11719.25,11686.25,11724.05,11709.54,1434.61,1433.94,1433.68,1433.87,11471.16,11427.54,11426.62,11422.04,1410.52,1403.6,1406.57,1406.08
CN10,32G,8,12,4,7767,18220,49546,101188,368,1326,577.89,4827,11487.83,11485.6,11502.81,11496.05,1412.86,1412.73,1413.09,1413.46,11520.29,11518.94,11543.24,11530.08,1411.33,1411.82,1412.81,1412.3,11502.79,11496.04,11485.46,11479.24,1413.58,1413.39,1413.15,1413.27
CN10,32G,8,12,5,8979,19792,46924,94897,268,1328,542.47,4477,11122.98,11128.09,11117.76,11141.3,1368.19,1368.61,1367.88,1368.78,10887.04,10849.3,10827.01,10850.18,1330.24,1326.62,1324.65,1327.07,10968.36,10953.75,10945.39,10940.69,1347.98,1347.82,1346.69,1346.12
CN10,32G,8,48,1,7898,19530,55837,125305,322,1346,546.92,4542,11000.96,11000.7,11009.54,11011.57,1347.7,1348.51,1348.11,1347.46,10825.15,10826.39,10812.8,10786.13,1318.25,1316.54,1317.21,1314.69,10840.4,10846.77,10812.79,10817.73,1328.63,1328.27,1327.55,1327.79
CN10,32G,8,48,2,7177,18744,50070,96994,360,1304,571.37,4748,11337.5,11334.68,11327.77,11320.28,1388.95,1388.72,1388.47,1388.86,11224.69,11235.15,11242.67,11248.76,1376.5,1376.75,1378.43,1378.0,11357.06,11350.95,11330.26,11326.82,1391.87,1391.77,1390.86,1391.41
CN10,32G,8,48,3,7177,18220,50594,105382,330,1278,572.57,4751,11379.76,11385.49,11359.52,11352.92,1394.21,1395.01,1393.09,1393.38,11530.54,11543.47,11539.24,11526.89,1413.88,1414.32,1413.68,1413.84,11559.15,11540.47,11529.85,11518.41,1413.72,1413.44,1413.22,1412.69
CN10,32G,8,48,4,8356,20055,55837,99091,370,1340,540.28,4486,10783.54,10786.65,10798.24,10793.54,1320.44,1319.68,1323.32,1322.11,10991.3,11013.42,11023.1,11002.54,1347.99,1348.12,1348.25,1348.42,10844.42,10834.29,10817.78,10819.23,1327.34,1326.73,1326.62,1326.39
CN10,32G,8,48,5,8029,19792,49546,102237,287,1330,565.65,4506,11174.31,11257.19,11109.32,11169.94,1370.03,1380.13,1359.31,1369.2,11191.04,11185.25,11108.98,11180.77,1370.13,1370.25,1359.03,1370.19,11195.6,11174.45,11243.99,11164.31,1369.82,1369.6,1379.34,1368.74
CN10,32G,16,12,1,22676,41681,100140,166724,156,1176,276.50,4620,11515.03,11527.57,11537.96,11515.72,1413.0,1414.22,1414.64,1413.08,11594.0,11596.34,11612.76,11602.95,1423.27,1423.3,1424.05,1423.4,11513.33,11504.8,11498.28,11496.16,1412.81,1412.48,1411.84,1412.08
CN10,32G,16,12,2,22414,41157,86508,130548,147,1181,277.96,4650,11682.55,11673.73,11690.0,11687.16,1433.84,1433.14,1435.2,1434.37,11779.6,11788.44,11789.5,11787.98,1447.89,1447.92,1447.83,1447.85,11694.36,11684.92,11689.9,11678.24,1435.66,1435.53,1435.57,1435.67
CN10,32G,16,12,3,23725,41157,88605,147850,1120,274.29,4458,,11616.41,11260.27,11257.37,11272.47,1423.53,1380.24,1380.06,1380.75,11264.85,11281.82,11292.36,11452.34,1379.67,1379.8,1380.09,1401.11,11068.71,11070.34,11049.85,11227.93,1357.6,1357.87,1356.95,1378.92
CN10,32G,16,12,4,23725,42730,91751,154141,104,1146,275.59,4607,11513.31,11524.37,11528.04,11511.59,1413.81,1413.96,1413.81,1413.63,11522.13,11531.69,11538.0,11527.13,1412.11,1411.99,1412.14,1411.99,11493.37,11497.58,11472.23,11485.6,1403.19,1403.25,1402.68,1402.66
CN10,32G,16,12,5,21890,39584,74974,116917,164,1176,272.92,4558,11569.98,11589.45,11593.99,11572.61,1419.48,1421.47,1422.65,1419.73,11360.22,11359.67,11371.64,11364.21,1395.4,1394.4,1396.43,1396.12,11500.84,11499.37,11511.72,11491.97,1411.08,1411.31,1411.2,1410.82
CN10,32G,16,48,1,22676,43254,99091,149947,162,1077,275.04,4600,11681.71,11698.88,11729.38,11709.81,1420.5,1422.54,1422.59,1422.95,11746.51,11746.08,11744.21,11741.25,1427.7,1427.49,1427.3,1427.59,11749.78,11707.98,11685.52,11701.54,1427.58,1423.16,1420.95,1423.71
CN10,32G,16,48,2,25822,47449,107480,173016,136,1110,260.01,4346,10856.98,10840.89,10871.98,10853.96,1313.1,1312.74,1313.6,1313.05,10863.43,10844.7,10825.5,10851.59,1317.49,1312.88,1312.41,1312.96,10803.01,10796.93,10731.74,10792.39,1311.18,1311.1,1304.92,1309.89
CN10,32G,16,48,3,25560,45876,109577,160433,108,1138,264.33,4160,10769.03,10753.44,10748.94,10785.43,1302.71,1302.04,1302.55,1302.53,10677.26,10693.36,10693.99,10693.63,1293.67,1293.31,1293.67,1294.03,10653.31,10692.95,10622.41,10590.75,1292.06,1296.64,1291.05,1286.0
CN10,32G,16,48,4,23987,44303,100140,179307,1098,272.91,4562,,11397.84,11381.4,11381.42,11369.67,1382.96,1382.85,1383.1,1381.25,11385.74,11373.11,11399.57,11400.1,1382.59,1383.13,1382.65,1383.12,11503.21,11470.25,11439.55,11438.93,1384.38,1384.09,1383.08,1383.05
CN10,32G,16,48,5,26084,46924,95945,147850,106,1335,271.71,4315,11120.82,11128.58,11173.01,11126.76,1350.89,1351.25,1356.3,1351.54,11063.35,11126.53,11130.62,11104.12,1344.27,1349.63,1350.24,1349.83,11055.35,11047.38,11037.1,11014.46,1341.21,1341.11,1340.42,1340.06
