
CN7,64MB,16,1,1,7898,21890,33162,36963,3520
CN7,64MB,16,1,2,11994,16319,19792,20317,1696
CN7,64MB,16,1,3,9110,15270,316670,316670,2365
CN7,64MB,16,1,4,14615,19792,32900,33424,1364
CN7,64MB,16,1,5,10683,33817,817890,817890,859
CN7,64MB,16,1,6,2573,10683,429917,429917,1649
CN7,64MB,16,1,7,1926,13173,179307,179307,3677
CN7,64MB,16,1,8,18220,21627,26608,27132,1041
CN7,64MB,16,1,9,15139,20055,23200,24249,1311
CN7,64MB,16,1,10,12911,16057,1317012,1317012,523
CN7,64MB,16,1,11,4621,9372,633340,633340,1289
CN7,64MB,16,1,12,3195,14484,534774,534774,1574
CN7,64MB,16,1,13,23725,28443,383779,383779,745
CN7,64MB,16,1,14,5538,10683,1300235,1300235,719
CN7,64MB,16,1,15,4490,8455,2298479,2298479,446
CN7,64MB,16,1,16,12387,17695,429917,429917,1160
CN7,64MB,16,1,17,14222,22676,666895,666895,618
CN7,64MB,16,1,18,3523,10552,20579,89654,2789
CN7,64MB,16,1,19,1565,4178,775947,784335,1234
CN7,64MB,16,1,20,11076,16909,19268,20055,1699
CN7,64MB,16,1,21,8717,13566,2264925,2264925,410
CN7,64MB,16,1,22,8848,18482,1468007,1468007,609
CN7,64MB,16,1,23,12125,14877,700449,725615,773
CN7,64MB,16,1,24,8160,14746,223347,225444,1647
CN7,64MB,16,1,25,3425,8848,1451230,1468007,641
CN7,64MB,16,1,26,2704,4146,23462,278922,2114
CN7,64MB,16,1,27,2147,7242,471860,471860,1752
CN7,64MB,16,1,28,8160,12256,17695,17695,3186
CN7,64MB,16,1,29,13698,18482,429917,429917,1287
CN7,64MB,16,1,30,16712,19268,22414,24773,1230
CN7,64MB,16,1,31,4359,12256,471860,471860,1595
CN7,64MB,16,1,32,17957,34866,2332034,2332034,293
CN7,64MB,16,1,33,6259,8291,1350566,1350566,673
CN7,64MB,16,1,34,2147,4228,11338,13435,8455
CN7,64MB,16,1,35,16712,21365,25297,25560,1091
CN7,64MB,16,1,36,14877,21103,206570,233833,1197
CN7,64MB,16,1,37,9372,18220,329253,333448,1434
CN7,64MB,16,1,38,5080,12649,446694,952108,1013
CN7,64MB,16,1,39,18220,22414,34866,35390,1147
CN7,64MB,16,1,40,2704,5276,14746,267387,2223
CN7,64MB,16,1,41,2704,10421,16057,42730,3234
CN7,64MB,16,1,42,2245,5997,13829,14091,9761
CN7,64MB,16,1,43,17433,19530,725615,725615,672
CN7,64MB,16,1,44,4424,11207,650118,650118,1352
CN7,64MB,16,1,45,9896,14877,616563,616563,1029
CN7,64MB,16,1,46,6652,13566,960496,968885,807
CN7,64MB,16,1,47,2114,5866,371196,371196,2049
CN7,64MB,16,1,48,5800,13435,3607102,3607102,278
CN7,64MB,16,1,49,2376,4113,13698,14484,8730
CN7,64MB,16,1,50,11994,23462,1010828,1010828,712
CN7,64MB,16,1,51,6587,14091,434111,434111,1294
CN7,64MB,16,1,52,7111,10421,817890,817890,923
CN7,64MB,16,1,53,5473,7177,541066,549454,1393
CN7,64MB,16,1,54,1631,9241,13960,15008,10.2
CN7,64MB,16,1,55,12649,18744,27132,29230,1521
CN7,64MB,16,1,56,7308,13435,23725,683672,1099
CN7,64MB,16,1,57,12387,17695,27657,30540,2122
CN7,64MB,16,1,58,3064,6325,1333789,1333789,700
CN7,64MB,16,1,59,2704,3654,10028,717226,1166
CN7,64MB,16,1,60,2966,7832,650118,650118,1291
CN7,64MB,16,1,61,4293,6456,509608,513803,1405
CN7,64MB,16,1,62,2606,8979,17957,23725,3324
CN7,64MB,16,1,63,2180,4686,8094,641729,1366
CN7,64MB,16,1,64,10028,13173,17171,20841,1660
CN7,64MB,16,1,65,19006,30540,304088,304088,874
CN7,64MB,16,1,66,7439,19792,497026,501220,1504
CN7,64MB,16,1,67,7832,14615,675283,683672,996
CN7,64MB,16,1,68,13304,21365,583009,591397,998
CN7,64MB,16,1,69,16450,27919,1052771,1052771,577
CN7,64MB,16,1,70,6456,11207,425722,425722,1500
CN7,64MB,16,1,71,3064,7308,13960,658506,1134
CN7,64MB,16,1,72,10159,16057,476054,480248,1093
CN7,64MB,16,1,73,3589,5014,20317,509608,1394
CN7,64MB,16,1,74,2212,3982,10683,16319,8730
CN7,64MB,16,1,75,13435,16581,21103,21627,1541
CN7,64MB,16,1,76,6194,17171,1384121,1400898,685
CN7,64MB,16,1,77,3687,6128,918553,926942,1022
CN7,64MB,16,1,78,17433,20841,158335,202376,897
CN7,64MB,16,1,79,3359,8586,1602225,1602225,610
CN7,64MB,16,1,80,2999,14615,1098908,1098908,778
CN7,64MB,16,1,81,16057,19792,383779,383779,889
CN7,64MB,16,1,82,12387,126354,455082,455082,1209
CN7,64MB,16,1,83,7701,88605,1019216,1019216,738
CN7,64MB,16,1,84,5145,7701,304088,308282,1952
CN7,64MB,16,1,85,5014,12518,574620,574620,1244
CN7,64MB,16,1,86,3032,9634,455082,467665,1598
CN7,64MB,16,1,87,2212,5145,14222,17957,9177
CN7,64MB,16,1,88,25035,28705,31851,32375,704
CN7,64MB,16,1,89,8848,25560,517997,952108,1043
CN7,64MB,16,1,90,7308,181404,901776,901776,543
CN7,64MB,16,1,91,5866,16581,104334,104334,2214
CN7,64MB,16,1,92,10945,14615,130548,130548,1588
CN7,64MB,16,1,93,7308,13173,1061159,1061159,775
CN7,64MB,16,1,94,1729,3032,15401,19268,9761
CN7,64MB,16,1,95,4817,9896,58459,156238,1959
CN7,64MB,16,1,96,9896,14484,21365,21365,2209
CN7,64MB,16,1,97,18482,22414,23987,24249,1038
CN7,64MB,16,1,98,5145,12256,1069548,1082131,856
CN7,64MB,16,1,99,15139,27395,387974,387974,960
CN7,64MB,16,1,100,2704,4948,19268,32375,7838
CN7,64MB,16,1,101,11731,16188,19268,19792,1740
CN7,64MB,16,1,102,9634,15401,18482,19006,2034
CN7,64MB,16,1,103,10552,16319,775947,775947,1033
CN7,64MB,16,1,104,11994,15139,274727,278922,1208
CN7,64MB,16,1,105,1926,8979,15795,19792,8948
CN7,64MB,16,1,106,9241,11207,14746,15270,2011
CN7,64MB,16,1,107,14746,21627,175113,177210,1075
CN7,64MB,16,1,108,15008,183501,666895,675283,779
CN7,64MB,16,1,109,5932,8455,792724,792724,954
CN7,64MB,16,1,110,12911,16188,375391,396362,1269
CN7,64MB,16,1,111,4948,11600,1166017,1166017,776
CN7,64MB,16,1,112,7111,13566,49546,50594,2983
CN7,64MB,16,1,113,12387,21890,36439,39584,1545
CN7,64MB,16,1,114,8291,383779,2164261,2164261,430
CN7,64MB,16,1,115,4424,20055,459277,557843,1417
CN7,64MB,16,1,116,7898,11994,549454,557843,1275
CN7,64MB,16,1,117,3851,4883,650118,658506,1206
CN7,64MB,16,1,118,10159,12911,316670,316670,1179
CN7,64MB,16,1,119,12387,16909,20055,22676,1527
CN7,64MB,16,1,120,17957,19530,23987,24249,1083
CN7,64MB,16,1,121,10421,13304,25822,28443,1959
CN7,64MB,16,1,122,13829,16450,20579,413139,1155
CN7,64MB,16,1,123,7046,12911,16909,16909,4709
CN7,64MB,16,1,124,14746,20055,25822,28443,1284
CN7,64MB,16,1,125,11469,18220,608175,608175,984
CN7,64MB,16,1,126,11600,278922,1468007,1468007,521
CN7,64MB,16,1,127,14615,633340,708838,708838,571
CN7,64MB,16,1,128,1975,5211,13829,14091,8948
CN7,64MB,16,1,129,13960,18744,21890,23987,1426
CN7,64MB,16,1,130,13304,18482,22938,25035,1363
CN7,64MB,16,1,131,16188,22676,1069548,1082131,556
CN7,64MB,16,1,132,4883,11731,683672,700449,1201
CN7,64MB,16,1,133,6063,17433,683672,683672,1332
CN7,64MB,16,1,134,2114,3982,13042,14091,9100
CN7,64MB,16,1,135,10552,19530,36439,977273,775
CN7,64MB,16,1,136,10159,15533,329253,333448,1793
CN7,64MB,16,1,137,12518,21890,809501,809501,822
CN7,64MB,16,1,138,5276,35914,725615,734004,1109
CN7,64MB,16,1,139,4359,8455,750781,750781,1082
CN7,64MB,16,1,140,10290,19792,27919,32375,3992
CN7,64MB,16,1,141,25297,31589,41157,41681,754
CN7,64MB,16,1,142,8717,123208,1753220,1769997,525
CN7,64MB,16,1,143,12256,23200,34866,37487,1605
CN7,64MB,16,1,144,1795,3621,817890,826278,1148
CN7,64MB,16,1,145,12911,16909,23462,25560,1629
CN7,64MB,16,1,146,9110,51643,859833,859833,1000
CN7,64MB,16,1,147,12911,225444,700449,700449,872
CN7,64MB,16,1,148,8094,14877,784335,792724,1010
CN7,64MB,16,1,149,4178,10552,1166017,1166017,805
CN7,64MB,16,1,150,15926,19530,32375,38011,1124
CN7,64MB,16,1,151,5211,27657,834667,843056,903
CN7,64MB,16,1,152,1958,4686,9503,530580,1778
CN7,64MB,16,1,153,20317,24511,27132,28443,933
CN7,64MB,16,1,154,10290,16712,22676,34341,2200
CN7,64MB,16,1,155,11600,158335,1518339,1518339,534
CN7,64MB,16,1,156,6980,21890,2004878,2004878,385
CN7,64MB,16,1,157,12256,16581,734004,742392,1100
CN7,64MB,16,1,158,7963,14353,20841,24249,2760
CN7,64MB,16,1,159,3032,11207,16712,270533,1713
CN7,64MB,16,1,160,19006,27132,44827,48497,2691
CN7,64MB,16,1,161,6325,77071,1283458,1283458,659
CN7,64MB,16,1,162,13304,22676,1769997,1769997,438
CN7,64MB,16,1,163,3884,16319,943719,943719,913
CN7,64MB,16,1,164,4686,7963,608175,1182794,699
CN7,64MB,16,1,165,3621,13698,935330,935330,952
CN7,64MB,16,1,166,2212,4948,21103,233833,2811
CN7,64MB,16,1,167,12387,15533,22676,22938,1508
CN7,64MB,16,1,168,16909,24773,33162,34866,1089
CN7,64MB,16,1,169,3359,5735,574620,574620,1523
CN7,64MB,16,1,170,14877,20841,497026,501220,1054
CN7,64MB,16,1,171,4424,10814,692061,692061,1129
CN7,64MB,16,1,172,8356,11600,86508,105382,2457
CN7,64MB,16,1,173,13698,19530,25822,33162,3294
CN7,64MB,16,1,174,12911,396362,834667,834667,865
CN7,64MB,16,1,175,15401,22414,299893,304088,954
CN7,64MB,16,1,176,8455,13960,274727,557843,1443
CN7,64MB,16,1,177,11994,17171,26870,196084,1805
CN7,64MB,16,1,178,2147,9503,85459,86508,5089
CN7,64MB,16,1,179,13698,467665,926942,926942,518
CN7,64MB,16,1,180,7635,11863,1233126,1233126,661
CN7,64MB,16,1,181,10421,13829,1417675,1434452,520
CN7,64MB,16,1,182,10159,19006,734004,750781,1077
CN7,64MB,16,1,183,8586,23725,1266680,1266680,635
CN7,64MB,16,1,184,8586,13304,312476,320865,1339
CN7,64MB,16,1,185,5866,15664,2734687,2734687,336
CN7,64MB,16,1,186,7635,16057,1233126,1233126,669
CN7,64MB,16,1,187,4047,12387,34341,35914,2638
CN7,64MB,16,1,188,8979,15139,19792,21103,2324
CN7,64MB,16,1,189,11469,16909,1619002,1619002,528
CN7,64MB,16,1,190,10421,15270,22152,591397,1244
CN7,64MB,16,1,191,5342,291505,1233126,1233126,717
CN7,64MB,16,1,192,16712,35914,624952,624952,716
CN7,64MB,16,1,193,3523,6521,599786,608175,1346
CN7,64MB,16,1,194,2507,5538,9896,14877,8197
CN7,64MB,16,1,195,22152,26346,34341,34866,830
CN7,64MB,16,1,196,8455,9896,13304,15664,2863
CN7,64MB,16,1,197,11076,20579,160433,175113,1400
CN7,64MB,16,1,198,6980,19530,320865,325059,1449
CN7,64MB,16,1,199,5538,10814,725615,725615,1206
CN7,64MB,16,1,200,15926,19530,476054,480248,1019
CN7,64MB,16,1,201,2507,5014,8586,13698,8948
CN7,64MB,16,1,202,10159,11600,513803,517997,1137
CN7,64MB,16,1,203,8717,21365,1652556,1669333,551
CN7,64MB,16,1,204,4178,11207,1132463,1132463,817
CN7,64MB,16,1,205,13960,17695,471860,574620,1068
CN7,64MB,16,1,206,1811,3425,557843,1035994,907
CN7,64MB,16,1,207,12911,20841,44303,44303,3652
CN7,64MB,16,1,208,10290,15139,20055,20317,2152
CN7,64MB,16,1,209,19006,27395,1585447,1585447,468
CN7,64MB,16,1,210,5604,25297,316670,316670,1699
CN7,64MB,16,1,211,17171,61604,893387,893387,585
CN7,64MB,16,1,212,7570,9110,1216349,1216349,634
CN7,64MB,16,1,213,12911,77071,367002,371196,1227
CN7,64MB,16,1,214,13960,22152,408945,413139,983
CN7,64MB,16,1,215,6915,10421,1010828,1010828,795
CN7,64MB,16,1,216,2376,7963,484443,484443,1680
CN7,64MB,16,1,217,5538,9241,13173,125305,1924
CN7,64MB,16,1,218,2638,6325,13173,14615,8948
CN7,64MB,16,1,219,14877,21365,35914,45876,1277
CN7,64MB,16,1,220,9896,12387,89654,1149240,717
CN7,64MB,16,1,221,15664,25822,876610,876610,795
CN7,64MB,16,1,222,2376,5800,14222,1182794,783
CN7,64MB,16,1,223,3326,7111,549454,549454,1385
CN7,64MB,16,1,224,5997,9634,13829,14091,3905
CN7,64MB,16,1,225,2114,6390,117965,117965,3520
CN7,64MB,16,1,226,10552,14222,20055,37487,1600
CN7,64MB,16,1,227,19530,22676,47973,50594,929
CN7,64MB,16,1,228,7635,28443,834667,834667,858
CN7,64MB,16,1,229,10159,16057,21103,25297,2789
CN7,64MB,16,1,230,8094,15795,26346,27919,2319
CN7,64MB,16,1,231,3752,5342,9241,784335,1026
CN7,64MB,16,1,232,13829,23725,36439,38536,1237
CN7,64MB,16,1,233,3687,8225,12518,16057,4401
CN7,64MB,16,1,234,24773,29492,33817,40633,769
CN7,64MB,16,1,235,13304,38536,244319,246416,1357
CN7,64MB,16,1,236,5669,106431,1166017,1166017,721
CN7,64MB,16,1,237,12649,17957,149947,1367344,450
CN7,64MB,16,1,238,2114,4359,7242,7308,8590
CN7,64MB,16,1,239,3752,6063,413139,417334,1649
CN7,64MB,16,1,240,2245,3523,15926,1820328,537
CN7,64MB,16,1,241,2376,5145,19792,24249,9023
CN7,64MB,16,1,242,2073,4080,8029,13042,8389
CN7,64MB,16,1,243,13960,20579,30016,30278,1200
CN7,64MB,16,1,244,14484,20841,304088,308282,1426
CN7,64MB,16,1,245,6194,17433,371196,379585,1829
CN7,64MB,16,1,246,17433,28967,517997,530580,1226
CN7,64MB,16,1,247,8717,12780,30540,34866,2658
CN7,64MB,16,1,248,3228,10159,242222,256902,2246
CN7,64MB,16,1,249,1582,11600,304088,308282,2550
CN7,64MB,16,1,250,15270,21103,23462,27395,1253
CN7,64MB,16,1,251,8455,13304,358613,362808,1970
CN7,64MB,16,1,252,12518,19006,185598,187696,1624
CN7,64MB,16,1,253,5604,11994,893387,893387,963
CN7,64MB,16,1,254,2966,8291,557843,566232,1536
CN7,64MB,16,1,255,8225,13304,17695,18482,2782
CN7,64MB,16,1,256,2474,7373,41681,101188,2894
CN7,64MB,16,1,257,2507,12125,692061,692061,1256
CN7,64MB,16,1,258,20055,22414,28443,28967,955
CN7,64MB,16,1,259,11731,19530,1199571,1199571,640
CN7,64MB,16,1,260,5211,10159,250610,250610,2011
CN7,64MB,16,1,261,11863,16909,28705,33162,1469
CN7,64MB,16,1,262,4293,11863,413139,417334,1605
CN7,64MB,16,1,263,3392,7111,250610,252707,2424
CN7,64MB,16,1,264,4752,7767,221250,221250,2381
CN7,64MB,16,1,265,927,961,718,,
CN7,64MB,16,1,266,19530,23200,28181,28967,1046
CN7,64MB,16,1,267,4359,15270,599786,608175,1463
CN7,64MB,16,1,268,7635,413139,1769997,1769997,435
CN7,64MB,16,1,269,2606,6128,13829,14484,6972
CN7,64MB,16,1,270,21890,30278,40633,57934,735
CN7,64MB,16,1,271,3785,19530,28967,616563,1475
CN7,64MB,16,1,272,13042,20579,26346,28705,1479
CN7,64MB,16,1,273,8848,23462,809501,809501,772
CN7,64MB,16,1,274,3326,7898,13304,383779,1644
CN7,64MB,16,1,275,5407,8586,10159,12649,4022
CN7,64MB,16,1,276,2212,4686,22938,1283458,734
CN7,64MB,16,1,277,2442,5735,11207,14353,7895
CN7,64MB,16,1,278,21627,25822,33817,34341,837
CN7,64MB,16,1,279,19530,29754,901776,901776,695
CN7,64MB,16,1,280,4113,8586,599786,2264925,421
CN7,64MB,16,1,281,6980,25035,152044,152044,2228
CN7,64MB,16,1,282,3982,8029,17695,583009,1171
CN7,64MB,16,1,283,11207,18482,509608,509608,985
CN7,64MB,16,1,284,5276,10945,14746,15926,3398
CN7,64MB,16,1,285,14484,21890,63177,64226,1519
CN7,64MB,16,1,286,2409,9765,13829,173016,3033
CN7,64MB,16,1,287,16712,42206,354419,926942,657
CN7,64MB,16,1,288,6456,9372,379585,379585,1525
CN7,64MB,16,1,289,5932,11731,792724,809501,1088
CN7,64MB,16,1,290,6063,9765,16581,1266680,634
CN7,64MB,16,1,291,3556,12649,160433,683672,1272
CN7,64MB,16,1,292,3130,6259,121111,125305,2934
CN7,64MB,16,1,293,16057,21627,27657,28443,1231
CN7,64MB,16,1,294,11207,20841,2432697,2432697,400
CN7,64MB,16,1,295,7832,11994,977273,977273,771
CN7,64MB,16,1,296,3982,10159,809501,809501,998
CN7,64MB,16,1,297,4113,16319,683672,683672,1190
CN7,64MB,16,1,298,4752,14484,608175,608175,1361
CN7,64MB,16,1,299,8094,15401,1035994,1044382,715
CN7,64MB,16,1,300,2212,8455,15795,27132,8134
CN7,64MB,16,1,301,5538,6718,9241,10290,3849
CN7,64MB,16,1,302,8291,12125,14877,16909,2538
CN7,64MB,16,1,303,10159,17171,23462,23987,1963
CN7,64MB,16,1,304,13960,22676,26346,26608,1688
CN7,64MB,16,1,305,7373,79168,650118,935330,901
CN7,64MB,16,1,306,7242,147850,459277,459277,1418
CN7,64MB,16,1,307,5538,15270,467665,471860,1424
CN7,64MB,16,1,308,1893,5145,299893,299893,2638
CN7,64MB,16,1,309,18744,21365,33817,34866,992
CN7,64MB,16,1,310,18220,608175,1266680,1283458,576
CN7,64MB,16,1,311,12649,152044,1249903,1249903,646
CN7,64MB,16,1,312,12125,413139,692061,692061,591
CN7,64MB,16,1,313,2507,11338,21365,742392,1054
CN7,64MB,16,1,314,10945,15795,21890,22676,1784
CN7,64MB,16,1,315,2540,6652,14091,17957,8730
CN7,64MB,16,1,316,19006,25297,28443,28967,917
CN7,64MB,16,1,317,9372,11863,17171,717226,884
CN7,64MB,16,1,318,4490,9634,291505,291505,2147
CN7,64MB,16,1,319,5145,15926,248513,250610,1974
CN7,64MB,16,1,320,3687,8455,442500,442500,1880
CN7,64MB,16,1,321,1827,6652,14877,17171,8801
CN7,64MB,16,1,322,2180,8225,683672,683672,1306
CN7,64MB,16,1,323,10683,31327,675283,675283,920
CN7,64MB,16,1,324,10159,12518,700449,1551893,581
CN7,64MB,16,1,325,1401,3982,158335,265290,3314
CN7,64MB,16,1,326,17171,20317,1149240,1149240,513
CN7,64MB,16,1,327,6063,18220,1249903,1249903,701
CN7,64MB,16,1,328,5735,12256,641729,650118,1110
CN7,64MB,16,1,329,2311,5145,1669333,1669333,585
CN7,64MB,16,1,330,10683,13173,675283,675283,805
CN7,64MB,16,1,331,2008,3851,5932,6128,9100
CN7,64MB,16,1,332,16712,21365,39584,40109,1357
CN7,64MB,16,1,333,6652,139461,1820328,1820328,503
CN7,64MB,16,1,334,4555,14091,549454,549454,1316
CN7,64MB,16,1,335,2376,5342,1266680,1753220,335
CN7,64MB,16,1,336,9634,17171,96994,109577,1845
CN7,64MB,16,1,337,19006,27132,650118,666895,680
CN7,64MB,16,1,338,9110,20055,792724,792724,882
CN7,64MB,16,1,339,4490,7308,608175,608175,1196
CN7,64MB,16,1,340,17433,19792,750781,767558,570
CN7,64MB,16,1,341,2540,6063,58459,851444,1018
CN7,64MB,16,1,342,5014,14615,641729,641729,1059
CN7,64MB,16,1,343,9896,19792,21890,24511,1710
CN7,64MB,16,1,344,21365,39060,103285,107480,785
CN7,64MB,16,1,345,4686,12387,926942,935330,954
CN7,64MB,16,1,346,4817,22152,683672,683672,1277
CN7,64MB,16,1,347,12125,18744,1300235,1300235,541
CN7,64MB,16,1,348,2507,6456,1619002,1619002,601
CN7,64MB,16,1,349,10945,19792,37487,38011,1657
CN7,64MB,16,1,350,9503,18744,517997,517997,1093
CN7,64MB,16,1,351,11731,17957,488637,488637,1219
CN7,64MB,16,1,352,5735,16581,650118,801113,1034
CN7,64MB,16,1,353,12125,20579,557843,566232,1281
CN7,64MB,16,1,354,10683,15008,308282,308282,1317
CN7,64MB,16,1,355,8979,17433,396362,666895,1153
CN7,64MB,16,1,356,4752,8848,425722,434111,1629
CN7,64MB,16,1,357,2835,4752,509608,509608,1508
CN7,64MB,16,1,358,3458,10159,164627,164627,2678
CN7,64MB,16,1,359,6194,14615,851444,851444,854
CN7,64MB,16,1,360,10159,14353,23462,258999,1004
CN7,64MB,16,1,361,2311,8160,12256,26608,7954
CN7,64MB,16,1,362,15139,19530,70779,214959,1200
CN7,64MB,16,1,363,16581,26084,325059,329253,988
CN7,64MB,16,1,364,15533,18220,158335,608175,712
CN7,64MB,16,1,365,3687,5735,225444,225444,2429
CN7,64MB,16,1,366,5080,8029,114820,168821,1977
CN7,64MB,16,1,367,2343,10683,15139,15139,8590
CN7,64MB,16,1,368,11207,45876,283116,675283,1439
CN7,64MB,16,1,369,11469,14353,250610,700449,929
CN7,64MB,16,1,370,6194,19530,868221,868221,830
CN7,64MB,16,1,371,4015,10290,817890,817890,952
CN7,64MB,16,1,372,4359,7832,362808,362808,1921
CN7,64MB,16,1,373,2114,5604,18220,20055,7895
CN7,64MB,16,1,374,9110,13042,977273,1417675,677
CN7,64MB,16,1,375,5080,10421,526386,526386,1424
CN7,64MB,16,1,376,11469,14484,566232,574620,845
CN7,64MB,16,1,377,3916,6718,480248,488637,1504
CN7,64MB,16,1,378,2474,4817,12649,16581,8389
CN7,64MB,16,1,379,19006,25560,34341,36963,949
CN7,64MB,16,1,380,13042,17171,616563,616563,820
CN7,64MB,16,1,381,5538,7963,17695,18482,3520
CN7,64MB,16,1,382,3654,8029,1149240,1149240,809
CN7,64MB,16,1,383,22676,26608,910164,910164,555
CN7,64MB,16,1,384,8291,15926,541066,1166017,713
CN7,64MB,16,1,385,11994,17957,131597,759170,818
CN7,64MB,16,1,386,2212,10028,425722,608175,1326
CN7,64MB,16,1,387,7242,11994,20317,358613,1142
CN7,64MB,16,1,388,5735,13960,675283,675283,1060
CN7,64MB,16,1,389,1582,4293,22938,96994,6354
CN7,64MB,16,1,390,4080,15139,608175,608175,1254
CN7,64MB,16,1,391,15533,99091,1010828,1019216,464
CN7,64MB,16,1,392,8356,149947,1233126,1233126,583
CN7,64MB,16,1,393,10814,19530,73925,168821,1572
CN7,64MB,16,1,394,6718,13042,367002,624952,873
CN7,64MB,16,1,395,4752,149947,463471,1769997,527
CN7,64MB,16,1,396,4686,12125,17957,30016,2918
CN7,64MB,16,1,397,4146,5932,530580,530580,1335
CN7,64MB,16,1,398,3982,9503,55837,55837,4022
CN7,64MB,16,1,399,4015,10683,1199571,1400898,665
CN7,64MB,16,1,400,3097,6718,14615,14615,6711
CN7,64MB,16,1,401,13435,26870,530580,1019216,677
CN7,64MB,16,1,402,7504,14877,926942,935330,781
CN7,64MB,16,1,403,2606,8225,20841,438305,1334
CN7,64MB,16,1,404,8225,13435,191890,396362,1269
CN7,64MB,16,1,405,3163,9765,254804,641729,1230
CN7,64MB,16,1,406,1516,5473,13566,13960,8590
CN7,64MB,16,1,407,19268,25035,225444,233833,764
CN7,64MB,16,1,408,4621,11076,1098908,1098908,805
CN7,64MB,16,1,409,11338,196084,935330,943719,566
CN7,64MB,16,1,410,16909,20317,792724,792724,723
CN7,64MB,16,1,411,2376,8356,15008,16057,7954
CN7,64MB,16,1,412,17433,24511,350225,354419,696
CN7,64MB,16,1,413,3785,11207,1035994,1035994,673
CN7,64MB,16,1,414,2442,4686,7898,1061159,864
CN7,64MB,16,1,415,10028,18744,43254,683672,909
CN7,64MB,16,1,416,1450,5145,10814,13304,8659
CN7,64MB,16,1,417,17433,22938,27395,29754,1085
CN7,64MB,16,1,418,9241,884999,1166017,1166017,672
CN7,64MB,16,1,419,2442,7635,14222,24773,8455
CN7,64MB,16,1,420,13042,18220,200279,210764,1311
CN7,64MB,16,1,421,1795,3163,7308,9372,8948
CN7,64MB,16,1,422,3916,10159,98042,110625,3977
CN7,64MB,16,1,423,14484,20841,43254,235930,1140
CN7,64MB,16,1,424,13042,16057,21627,22152,1607
CN7,64MB,16,1,425,2999,9110,162530,734004,1236
CN7,64MB,16,1,426,1991,7046,333448,333448,2314
CN7,64MB,16,1,427,23725,36963,183501,193987,1028
CN7,64MB,16,1,428,16909,20579,1082131,1082131,548
CN7,64MB,16,1,429,6718,12125,734004,734004,1090
CN7,64MB,16,1,430,4686,8717,1216349,1400898,391
CN7,64MB,16,1,431,2278,5932,9634,10683,8590
CN7,64MB,16,1,432,19268,23462,30278,30802,929
CN7,64MB,16,1,433,6587,9241,901776,901776,912
CN7,64MB,16,1,434,2573,7635,13566,227541,2732
CN7,64MB,16,1,435,2704,10945,58983,59507,3948
CN7,64MB,16,1,436,1696,6325,18482,154141,4437
CN7,64MB,16,1,437,13435,19006,20841,329253,1313
CN7,64MB,16,1,438,13435,44303,333448,337642,1179
CN7,64MB,16,1,439,11469,14877,24773,25035,1398
CN7,64MB,16,1,440,4424,13698,122160,792724,911
CN7,64MB,16,1,441,3621,7373,10814,608175,1158
CN7,64MB,16,1,442,13042,24773,35390,39584,3890
CN7,64MB,16,1,443,8586,18220,2298479,2298479,422
CN7,64MB,16,1,444,7832,33817,105382,708838,1010
CN7,64MB,16,1,445,2999,10028,926942,926942,953
CN7,64MB,16,1,446,3064,8586,18482,27657,8324
CN7,64MB,16,1,447,22938,33817,208667,225444,706
CN7,64MB,16,1,448,11207,24511,371196,371196,1435
CN7,64MB,16,1,449,5866,14746,943719,943719,923
CN7,64MB,16,1,450,1254,11076,179307,246416,3555
CN7,64MB,16,1,451,14222,22152,93848,102237,1231
CN7,64MB,16,1,452,14877,20841,23987,27132,1453
CN7,64MB,16,1,453,3195,14746,350225,354419,2275
CN7,64MB,16,1,454,2147,7570,15139,450888,1760
CN7,64MB,16,1,455,16712,18744,21103,33424,1272
CN7,64MB,16,1,456,13304,19792,809501,834667,498
CN7,64MB,16,1,457,17957,23462,616563,616563,831
CN7,64MB,16,1,458,7898,11338,287310,287310,1675
CN7,64MB,16,1,459,11600,21627,235930,240124,1394
CN7,64MB,16,1,460,1598,4686,16909,214959,3409
CN7,64MB,16,1,461,21627,29754,34866,35390,806
CN7,64MB,16,1,462,4752,396362,1216349,1266680,778
CN7,64MB,16,1,463,2868,4752,242222,1367344,667
CN7,64MB,16,1,464,13304,16581,104334,124257,1229
CN7,64MB,16,1,465,2900,9372,517997,517997,1465
CN7,64MB,16,1,466,2278,7701,110625,110625,3665
CN7,64MB,16,1,467,4948,11207,16057,34341,2826
CN7,64MB,16,1,468,10814,13173,98042,158335,2069
CN7,64MB,16,1,469,5342,13829,675283,675283,1105
CN7,64MB,16,1,470,10159,13042,1166017,1166017,625
CN7,64MB,16,1,471,1745,3523,22938,34341,7255
CN7,64MB,16,1,472,17171,21365,392168,392168,1043
CN7,64MB,16,1,473,7439,9372,1019216,1019216,798
CN7,64MB,16,1,474,3621,8455,734004,994051,768
CN7,64MB,16,1,475,1909,4293,15139,16909,8948
CN7,64MB,16,1,476,22938,29230,141558,173016,774
CN7,64MB,16,1,477,8717,189793,325059,329253,1364
CN7,64MB,16,1,478,16057,20317,1061159,1061159,528
CN7,64MB,16,1,479,11338,16188,19792,23725,1443
CN7,64MB,16,1,480,2474,4228,467665,467665,1718
CN7,64MB,16,1,481,5538,11600,15008,20055,3335
CN7,64MB,16,1,482,10683,17433,223347,238027,1417
CN7,64MB,16,1,483,10945,375391,1669333,1669333,543
CN7,64MB,16,1,484,17433,43254,666895,666895,716
CN7,64MB,16,1,485,8225,10159,233833,235930,1451
CN7,64MB,16,1,486,3261,12780,123208,124257,2974
CN7,64MB,16,1,487,2278,4490,8029,9765,8260
CN7,64MB,16,1,488,5538,31589,413139,650118,1024
CN7,64MB,16,1,489,17957,23725,41681,41681,1030
CN7,64MB,16,1,490,10028,13698,616563,616563,1012
CN7,64MB,16,1,491,14746,21365,91751,383779,970
CN7,64MB,16,1,492,2409,3458,918553,918553,973
CN7,64MB,16,1,493,17433,21365,43254,43779,1233
CN7,64MB,16,1,494,18482,25560,41681,43254,966
CN7,64MB,16,1,495,3326,20841,683672,700449,1224
CN7,64MB,16,1,496,4178,11469,1384121,1384121,713
CN7,64MB,16,1,497,2147,5342,11076,13435,8324
CN7,64MB,16,1,498,2008,4621,15926,227541,2826
CN7,64MB,16,1,499,2671,4948,826278,834667,1039
CN7,64MB,16,1,500,2212,4015,9241,11338,8659
CN7,64MB,16,1,501,15533,19268,27395,28181,1254
CN7,64MB,16,1,502,8979,13829,101188,101188,2114
CN7,64MB,16,1,503,14877,121111,918553,926942,687
CN7,64MB,16,1,504,5407,13698,893387,901776,853
CN7,64MB,16,1,505,2671,8160,14091,14615,7615
CN7,64MB,16,1,506,11338,17433,23462,24773,1781
CN7,64MB,16,1,507,2024,5669,13173,13435,9502
CN7,64MB,16,1,508,20055,23725,26346,295699,1079
CN7,64MB,16,1,509,4883,14484,1182794,1350566,652
CN7,64MB,16,1,510,13960,25297,675283,717226,848
CN7,64MB,16,1,511,10421,408945,1686111,1686111,465
CN7,64MB,16,1,512,11731,16909,31065,32637,1504
CN7,64MB,16,1,513,2245,6063,358613,375391,2085
CN7,64MB,16,1,514,11469,17695,20841,24249,1543
CN7,64MB,16,1,515,11600,34866,541066,1568670,410
CN7,64MB,16,1,516,4752,12125,1652556,1652556,417
CN7,64MB,16,1,517,9110,13829,33817,40633,1871
CN7,64MB,16,1,518,1188,4293,14746,135267,5478
CN7,64MB,16,1,519,20055,26608,68682,85459,904
CN7,64MB,16,1,520,17957,375391,851444,859833,794
CN7,64MB,16,1,521,7832,15533,784335,784335,923
CN7,64MB,16,1,522,2933,8094,1115685,1115685,829
CN7,64MB,16,1,523,4490,9503,13304,375391,1620
CN7,64MB,16,1,524,1909,7111,14615,26084,8455
CN7,64MB,16,1,525,11207,17957,101188,191890,1959
CN7,64MB,16,1,526,132,1209,,,
CN7,64MB,16,1,527,12911,20317,346031,346031,1385
CN7,64MB,16,1,528,4555,10945,775947,775947,1240
CN7,64MB,16,1,529,1844,5538,235930,235930,2739
CN7,64MB,16,1,530,10290,11994,16909,20841,1949
CN7,64MB,16,1,531,19268,85459,1904215,1904215,502
CN7,64MB,16,1,532,4015,10552,375391,692061,964
CN7,64MB,16,1,533,4080,6718,15664,834667,931
CN7,64MB,16,1,534,13042,19530,725615,725615,790
CN7,64MB,16,1,535,10552,22676,32375,56361,3579
CN7,64MB,16,1,536,9765,501220,901776,918553,745
CN7,64MB,16,1,537,13042,34341,599786,599786,974
CN7,64MB,16,1,538,13829,18220,333448,337642,980
CN7,64MB,16,1,539,6128,8979,1283458,1551893,628
CN7,64MB,16,1,540,2376,6849,18220,21103,8260
CN7,64MB,16,1,541,7635,23200,1233126,1233126,765
CN7,64MB,16,1,542,894,894,812,,
CN7,64MB,16,1,543,5145,13173,212861,214959,3103
CN7,64MB,16,1,544,2089,5407,15139,392168,2041
CN7,64MB,16,1,545,2671,11338,2197816,2197816,454
CN7,64MB,16,1,546,13304,65274,1484784,1484784,550
CN7,64MB,16,1,547,9241,15270,1216349,1551893,467
CN7,64MB,16,1,548,14222,19268,1954546,2499806,315
CN7,64MB,16,1,549,4424,13829,60031,65274,3177
CN7,64MB,16,1,550,2966,11207,1317012,1317012,674
CN7,64MB,16,1,551,1467,7963,910164,910164,1032
CN7,64MB,16,1,552,13042,19006,583009,717226,984
CN7,64MB,16,1,553,11731,77071,650118,750781,862
CN7,64MB,16,1,554,12649,19530,750781,750781,807
CN7,64MB,16,1,555,2704,9372,801113,809501,1090
CN7,64MB,16,1,556,2147,11731,392168,392168,1959
CN7,64MB,16,1,557,19792,60556,526386,526386,566
CN7,64MB,16,1,558,16909,34341,308282,308282,828
CN7,64MB,16,1,559,3851,7570,425722,1002439,638
CN7,64MB,16,1,560,5014,13960,73925,80217,2983
CN7,64MB,16,1,561,5800,10028,599786,599786,1229
CN7,64MB,16,1,562,2868,6521,14222,14484,8659
CN7,64MB,16,1,563,15664,20841,26084,26346,1215
CN7,64MB,16,1,564,14484,57934,244319,784335,1136
CN7,64MB,16,1,565,13173,16909,817890,826278,652
CN7,64MB,16,1,566,2040,4752,10290,11731,8874
CN7,64MB,16,1,567,4359,11863,450888,459277,1344
CN7,64MB,16,1,568,11731,21890,74974,105382,1495
CN7,64MB,16,1,569,1598,7242,22676,23200,8197
CN7,64MB,16,1,570,18744,24511,91751,100140,1009
CN7,64MB,16,1,571,8356,21365,476054,476054,1357
CN7,64MB,16,1,572,8717,12518,304088,304088,1359
CN7,64MB,16,1,573,2278,4490,1199571,1199571,802
CN7,64MB,16,1,574,12125,26084,61604,64226,2632
CN7,64MB,16,1,575,15401,20317,246416,261096,1008
CN7,64MB,16,1,576,2245,9241,193987,193987,2879
CN7,64MB,16,1,577,2008,3884,14877,16057,8013
CN7,64MB,16,1,578,12518,19792,27395,27657,1441
CN7,64MB,16,1,579,13829,40109,254804,258999,1197
CN7,64MB,16,1,580,12518,21890,387974,387974,1335
CN7,64MB,16,1,581,6980,413139,1002439,1002439,631
CN7,64MB,16,1,582,9241,17695,717226,725615,899
CN7,64MB,16,1,583,2180,3392,5866,6521,9177
CN7,64MB,16,1,584,11600,18482,1585447,1602225,488
CN7,64MB,16,1,585,10552,291505,557843,557843,1099
CN7,64MB,16,1,586,13566,26346,893387,901776,776
CN7,64MB,16,1,587,10159,13173,158335,158335,1854
CN7,64MB,16,1,588,13566,19792,23200,25035,1814
CN7,64MB,16,1,589,16319,28181,124257,129500,1271
CN7,64MB,16,1,590,9765,14615,98042,375391,1236
CN7,64MB,16,1,591,5145,12125,23987,24773,3781
CN7,64MB,16,1,592,5407,8848,400557,400557,1799
CN7,64MB,16,1,593,14615,19530,299893,308282,1039
CN7,64MB,16,1,594,6521,14615,46924,616563,1428
CN7,64MB,16,1,595,2638,9503,41157,56361,4052
CN7,64MB,16,1,596,8848,12649,26608,28181,2015
CN7,64MB,16,1,597,1909,6325,13566,14091,6587
CN7,64MB,16,1,598,8455,12125,1719665,2105541,474
CN7,64MB,16,1,599,12387,23987,513803,513803,1181
CN7,64MB,16,1,600,3163,8717,320865,471860,1718
CN7,64MB,16,6,1,22414,29230,35914,44827,2061
CN7,64MB,16,6,2,50070,54264,56886,58459,1649
CN7,64MB,16,6,3,33424,39060,43254,45876,2270
CN7,64MB,16,6,4,45876,51643,58459,65274,1820
CN7,64MB,16,6,5,43254,54789,58459,58983,1793
CN7,64MB,16,6,6,56361,66323,70779,73925,1510
CN7,64MB,16,6,7,49546,54264,56361,58983,1620
CN7,64MB,16,6,8,33162,38011,40633,40633,2474
CN7,64MB,16,6,9,44303,46924,51643,51643,1802
CN7,64MB,16,6,10,45351,49021,51119,52167,1696
CN7,64MB,16,6,11,25560,29230,33817,41681,2381
CN7,64MB,16,6,12,31851,37487,42730,44303,1536
CN7,64MB,16,6,13,25035,30278,34866,35914,3033
CN7,64MB,16,6,14,60556,868221,876610,876610,664
CN7,64MB,16,6,15,8717,14353,21890,25297,5162
CN7,64MB,16,6,16,52691,60556,65274,66323,1342
CN7,64MB,16,6,17,21627,26084,27919,28181,2557
CN7,64MB,16,6,18,43254,53216,58459,61604,1667
CN7,64MB,16,6,19,39584,52167,55313,55837,1877
CN7,64MB,16,6,20,21103,25035,26870,27132,2521
CN7,64MB,16,6,21,44827,53740,56886,58983,1519
CN7,64MB,16,6,22,23987,110625,122160,123208,2544
CN7,64MB,16,6,23,44303,767558,775947,775947,840
CN7,64MB,16,6,24,57934,96994,106431,107480,1316
CN7,64MB,16,6,25,2704,8848,13042,18220,7158
CN7,64MB,16,6,26,47973,52691,54789,56886,1554
CN7,64MB,16,6,27,46924,53216,57410,57934,1642
CN7,64MB,16,6,28,41681,50594,55837,55837,1683
CN7,64MB,16,6,29,6718,12911,15401,18482,6796
CN7,64MB,16,6,30,36439,41681,45351,45876,1629
CN7,64MB,16,6,31,44303,50594,55837,55837,1588
CN7,64MB,16,6,32,53740,2122318,2139096,2139096,392
CN7,64MB,16,6,33,57410,231736,240124,242222,1168
CN7,64MB,16,6,34,3294,8717,11863,12125,8260
CN7,64MB,16,6,35,32113,36439,39060,39060,1644
CN7,64MB,16,6,36,25297,37487,41157,41681,1981
CN7,64MB,16,6,37,54264,63177,71828,72877,1424
CN7,64MB,16,6,38,17695,408945,434111,434111,1570
CN7,64MB,16,6,39,29230,893387,918553,918553,799
CN7,64MB,16,6,40,27657,44827,53216,53216,2463
CN7,64MB,16,6,41,58983,164627,177210,177210,1208
CN7,64MB,16,6,42,28181,175113,177210,179307,1928
CN7,64MB,16,6,43,27657,258999,270533,274727,1615
CN7,64MB,16,6,44,30016,37487,42730,43254,2435
CN7,64MB,16,6,45,57410,526386,526386,530580,931
CN7,64MB,16,6,46,47973,1501561,1518339,1518339,526
CN7,64MB,16,6,47,46400,50070,55313,56361,1718
CN7,64MB,16,6,48,2868,9372,14353,17171,8324
CN7,64MB,16,6,49,34341,38536,43254,45351,2261
CN7,64MB,16,6,50,40633,47449,58983,64226,1186
CN7,64MB,16,6,51,58459,1820328,1853883,1853883,427
CN7,64MB,16,6,52,28443,72877,80217,84411,2526
CN7,64MB,16,6,53,30016,143655,149947,149947,2232
CN7,64MB,16,6,54,61080,1317012,1317012,1317012,486
CN7,64MB,16,6,55,56886,128451,131597,131597,1404
CN7,64MB,16,6,56,27395,38011,278922,278922,1473
CN7,64MB,16,6,57,36963,40109,42206,43779,1790
CN7,64MB,16,6,58,43779,1417675,1417675,1417675,553
CN7,64MB,16,6,59,29754,52167,62653,63177,2594
CN7,64MB,16,6,60,44303,46924,50594,50594,1781
CN7,64MB,16,6,61,27919,32113,34866,35390,2587
CN7,64MB,16,6,62,40633,111674,114820,114820,1992
CN7,64MB,16,6,63,52691,55313,57410,57410,1565
CN7,64MB,16,6,64,34341,38011,40633,42206,1530
CN7,64MB,16,6,65,18744,26346,30278,30802,2725
CN7,64MB,16,6,66,37487,47449,52691,53216,2232
CN7,64MB,16,6,67,3097,7308,11600,16712,8073
CN7,64MB,16,6,68,77071,83362,88605,88605,1141
CN7,64MB,16,6,69,32375,39584,41157,42730,2174
CN7,64MB,16,6,70,51643,55837,56886,57410,1735
CN7,64MB,16,6,71,3261,7635,15270,16712,8389
CN7,64MB,16,6,72,71828,76022,80217,82314,1211
CN7,64MB,16,6,73,46400,49546,51119,51643,1760
CN7,64MB,16,6,74,42206,383779,387974,392168,1188
CN7,64MB,16,6,75,28181,775947,775947,775947,930
CN7,64MB,16,6,76,23725,26346,29230,30540,3224
CN7,64MB,16,6,77,27395,30278,32900,36439,2563
CN7,64MB,16,6,78,58983,63701,65799,71828,1424
CN7,64MB,16,6,79,32113,44303,46924,47973,2365
CN7,64MB,16,6,80,27132,32375,35914,35914,2413
CN7,64MB,16,6,81,31065,38011,43779,45876,2440
CN7,64MB,16,6,82,48497,52691,56361,57410,1752
CN7,64MB,16,6,83,29230,35390,38011,39060,2575
CN7,64MB,16,6,84,65274,143655,147850,149947,1165
CN7,64MB,16,6,85,3458,8717,16188,16909,7781
CN7,64MB,16,6,86,49546,53740,56361,58459,1605
CN7,64MB,16,6,87,30802,39060,43779,43779,2413
CN7,64MB,16,6,88,37487,43779,51643,52167,1900
CN7,64MB,16,6,89,40633,52167,63701,65799,1627
CN7,64MB,16,6,90,47973,55837,58459,59507,1683
CN7,64MB,16,6,91,3228,5538,13566,13829,8389
CN7,64MB,16,6,92,52691,56361,60031,60556,1455
CN7,64MB,16,6,93,51643,60556,65274,67634,1263
CN7,64MB,16,6,94,30540,33424,35390,39584,2381
CN7,64MB,16,6,95,6849,10290,15926,16909,8389
CN7,64MB,16,6,96,32375,42206,50070,51119,1554
CN7,64MB,16,6,97,65274,73925,78119,80217,1364
CN7,64MB,16,6,98,49546,149947,164627,164627,1447
CN7,64MB,16,6,99,42206,45351,46924,48497,1796
CN7,64MB,16,6,100,60556,977273,985662,985662,624
CN7,64MB,16,6,101,3195,10028,14877,20841,8659
CN7,64MB,16,6,102,35390,40633,46924,46924,2110
CN7,64MB,16,6,103,27919,35390,40633,41681,1710
CN7,64MB,16,6,104,51119,58983,63177,63701,1629
CN7,64MB,16,6,105,11994,17171,31327,38011,5162
CN7,64MB,16,6,106,24773,30016,32375,33424,1702
CN7,64MB,16,6,107,63177,72877,81265,84411,1260
CN7,64MB,16,6,108,39060,52167,53216,54789,1928
CN7,64MB,16,6,109,37487,48497,62653,63177,1530
CN7,64MB,16,6,110,3064,8291,14222,14353,8730
CN7,64MB,16,6,111,54264,58459,60031,61080,1495
CN7,64MB,16,6,112,34866,39584,43254,44303,1615
CN7,64MB,16,6,113,58983,70779,77071,77071,1512
CN7,64MB,16,6,114,6063,11469,14353,15533,8389
CN7,64MB,16,6,115,39060,45351,47449,47973,1574
CN7,64MB,16,6,116,31589,38536,40109,41157,2156
CN7,64MB,16,6,117,56361,599786,608175,608175,847
CN7,64MB,16,6,118,58459,179307,183501,183501,1284
CN7,64MB,16,6,119,3523,6587,11863,14877,8260
CN7,64MB,16,6,120,32637,36963,42206,42206,2242
CN7,64MB,16,6,121,40109,47973,58459,60031,1649
CN7,64MB,16,6,122,42730,69731,90702,91751,2101
CN7,64MB,16,6,123,60031,66323,69731,70779,1417
CN7,64MB,16,6,124,43254,400557,404751,404751,1168
CN7,64MB,16,6,125,3785,10159,15270,21890,7457
CN7,64MB,16,6,126,43254,47449,52691,53216,1238
CN7,64MB,16,6,127,32375,40109,43254,44303,2200
CN7,64MB,16,6,128,43779,1010828,1010828,1010828,697
CN7,64MB,16,6,129,26608,95945,99091,103285,2214
CN7,64MB,16,6,130,27132,32375,36439,38536,2651
CN7,64MB,16,6,131,47449,50070,51643,52691,1563
CN7,64MB,16,6,132,39060,47449,53740,58459,1316
CN7,64MB,16,6,133,49546,57410,64750,64750,1675
CN7,64MB,16,6,134,4752,16188,34341,36439,7158
CN7,64MB,16,6,135,48497,55837,61604,64750,1549
CN7,64MB,16,6,136,39060,45351,51119,52167,1607
CN7,64MB,16,6,137,31589,37487,42206,43779,1707
CN7,64MB,16,6,138,34866,44303,47973,52691,1577
CN7,64MB,16,6,139,29230,32900,34866,34866,2376
CN7,64MB,16,6,140,38536,42206,47449,52167,1525
CN7,64MB,16,6,141,15401,20579,23987,35390,3244
CN7,64MB,16,6,142,64750,985662,994051,994051,631
CN7,64MB,16,6,143,2704,7504,16712,17957,7670
CN7,64MB,16,6,144,47449,51119,53216,54264,1775
CN7,64MB,16,6,145,47973,53216,56361,56886,1512
CN7,64MB,16,6,146,28705,40109,47449,50594,2497
CN7,64MB,16,6,147,66323,68682,70779,71828,1278
CN7,64MB,16,6,148,3130,7177,14746,18744,7895
CN7,64MB,16,6,149,44303,53216,56886,59507,1622
CN7,64MB,16,6,150,43254,1283458,1283458,1300235,592
CN7,64MB,16,6,151,60556,792724,792724,792724,589
CN7,64MB,16,6,152,61080,65274,68682,68682,1368
CN7,64MB,16,6,153,3326,7898,14877,26870,8324
CN7,64MB,16,6,154,22152,28181,34341,35914,2304
CN7,64MB,16,6,155,43254,1501561,1501561,1501561,531
CN7,64MB,16,6,156,43254,73925,91751,93848,1949
CN7,64MB,16,6,157,41157,89654,94897,95945,1718
CN7,64MB,16,6,158,27919,29754,32113,33817,2619
CN7,64MB,16,6,159,59507,64750,69731,69731,1346
CN7,64MB,16,6,160,43254,50594,55837,56361,1563
CN7,64MB,16,6,161,47449,792724,801113,801113,799
CN7,64MB,16,6,162,63177,70779,72877,72877,1393
CN7,64MB,16,6,163,3228,6456,14484,22414,7670
CN7,64MB,16,6,164,46924,55837,58983,58983,1642
CN7,64MB,16,6,165,38011,45351,49021,51119,1439
CN7,64MB,16,6,166,58983,1082131,1082131,1082131,541
CN7,64MB,16,6,167,61604,135267,181404,185598,1080
CN7,64MB,16,6,168,3556,8225,14091,14222,7895
CN7,64MB,16,6,169,32900,36963,38536,39584,2205
CN7,64MB,16,6,170,63701,2667578,2667578,2667578,317
CN7,64MB,16,6,171,44303,49546,53740,53740,1839
CN7,64MB,16,6,172,28705,258999,263193,263193,1702
CN7,64MB,16,6,173,3064,7963,14877,17433,9337
CN7,64MB,16,6,174,49021,56886,60556,63177,1570
CN7,64MB,16,6,175,56886,63177,70779,71828,1219
CN7,64MB,16,6,176,33817,38011,39584,40109,2270
CN7,64MB,16,6,177,4555,8848,18220,20317,9502
CN7,64MB,16,6,178,41157,46400,47973,54789,1629
CN7,64MB,16,6,179,42730,400557,400557,404751,1135
CN7,64MB,16,6,180,27657,35914,40633,41157,2532
CN7,64MB,16,6,181,52167,59507,1082131,1098908,616
CN7,64MB,16,6,182,3064,6980,14091,14615,7954
CN7,64MB,16,6,183,53216,58459,63177,64750,1530
CN7,64MB,16,6,184,12911,901776,910164,910164,939
CN7,64MB,16,6,185,53216,77071,82314,83362,1545
CN7,64MB,16,6,186,40633,168821,181404,181404,1493
CN7,64MB,16,6,187,33817,45876,53216,53740,1907
CN7,64MB,16,6,188,34341,42730,49021,49021,2182
CN7,64MB,16,6,189,38536,44303,46400,46400,1724
CN7,64MB,16,6,190,35390,51119,64226,64226,2057
CN7,64MB,16,6,191,28967,56361,67634,67634,2698
CN7,64MB,16,6,192,55837,935330,943719,943719,655
CN7,64MB,16,6,193,39584,530580,541066,541066,1101
CN7,64MB,16,6,194,15533,616563,633340,633340,1127
CN7,64MB,16,6,195,55837,316670,329253,329253,1118
CN7,64MB,16,6,196,9503,12780,15401,17171,6927
CN7,64MB,16,6,197,73925,80217,88605,88605,1188
CN7,64MB,16,6,198,27919,42206,46400,47973,2413
CN7,64MB,16,6,199,60556,77071,82314,83362,1303
CN7,64MB,16,6,200,41681,81265,85459,86508,2030
CN7,64MB,16,6,201,28705,34341,45351,49021,2550
CN7,64MB,16,6,202,14615,191890,198181,198181,2515
CN7,64MB,16,6,203,42730,53216,56361,56886,1713
CN7,64MB,16,6,204,43779,70779,86508,87557,1570
CN7,64MB,16,6,205,41681,51643,57410,57410,1622
CN7,64MB,16,6,206,3392,6783,11863,13566,9023
CN7,64MB,16,6,207,42206,49021,52691,53216,1588
CN7,64MB,16,6,208,32900,40633,44827,45876,2187
CN7,64MB,16,6,209,65799,616563,624952,624952,788
CN7,64MB,16,6,210,49021,53740,56361,57410,1595
CN7,64MB,16,6,211,2966,9503,16909,17171,7838
CN7,64MB,16,6,212,39060,44303,48497,48497,1996
CN7,64MB,16,6,213,46400,50070,51643,52167,1451
CN7,64MB,16,6,214,35390,44303,49546,52167,1612
CN7,64MB,16,6,215,11076,17171,36439,47973,2942
CN7,64MB,16,6,216,29230,35390,36963,37487,2309
CN7,64MB,16,6,217,30540,38011,45351,45876,1615
CN7,64MB,16,6,218,25560,30802,33817,33817,2228
CN7,64MB,16,6,219,65799,69731,71828,71828,1284
CN7,64MB,16,6,220,30802,392168,396362,396362,1394
CN7,64MB,16,6,221,30540,34866,39584,41157,2085
CN7,64MB,16,6,222,50070,55313,58459,58983,1536
CN7,64MB,16,6,223,47449,51643,56886,58983,1732
CN7,64MB,16,6,224,48497,128451,141558,141558,1527
CN7,64MB,16,6,225,27132,750781,750781,750781,1003
CN7,64MB,16,6,226,46400,49546,54789,57934,1696
CN7,64MB,16,6,227,46400,734004,742392,742392,834
CN7,64MB,16,6,228,44827,51643,53740,55837,1911
CN7,64MB,16,6,229,52167,61080,76022,77071,1581
CN7,64MB,16,6,230,18744,24773,30802,32900,2160
CN7,64MB,16,6,231,50070,65799,71828,72877,1610
CN7,64MB,16,6,232,49021,52167,60031,60556,1639
CN7,64MB,16,6,233,63177,74974,79168,83362,1335
CN7,64MB,16,6,234,2999,7308,10683,13304,8522
CN7,64MB,16,6,235,51119,57410,61604,63177,1549
CN7,64MB,16,6,236,47973,54264,56886,61604,1746
CN7,64MB,16,6,237,42730,55837,61604,62129,1721
CN7,64MB,16,6,238,32637,43779,67634,70779,1607
CN7,64MB,16,6,239,20841,24773,35390,38011,2196
CN7,64MB,16,6,240,49546,53740,62129,64226,1617
CN7,64MB,16,6,241,24773,30802,40633,41157,2081
CN7,64MB,16,6,242,29492,1249903,1249903,1249903,633
CN7,64MB,16,6,243,27919,31065,36439,36963,2575
CN7,64MB,16,6,244,58459,69731,72877,73925,1311
CN7,64MB,16,6,245,29230,33162,39584,54789,2329
CN7,64MB,16,6,246,44303,217056,221250,223347,1387
CN7,64MB,16,6,247,3949,11076,20579,22676,7562
CN7,64MB,16,6,248,41681,51643,60556,61604,1236
CN7,64MB,16,6,249,34866,47973,54264,54264,2061
CN7,64MB,16,6,250,30016,36439,40633,41681,1686
CN7,64MB,16,6,251,34866,42206,45351,46924,2280
CN7,64MB,16,6,252,20055,185598,191890,191890,2480
CN7,64MB,16,6,253,70779,84411,91751,91751,1428
CN7,64MB,16,6,254,68682,80217,84411,85459,1311
CN7,64MB,16,6,255,25297,40109,43779,46400,2918
CN7,64MB,16,6,256,27657,1199571,1216349,1216349,658
CN7,64MB,16,6,257,34341,38536,42730,46400,1396
CN7,64MB,16,6,258,54264,295699,299893,299893,1197
CN7,64MB,16,6,259,28967,32113,33162,35914,2538
CN7,64MB,16,6,260,49546,71828,76022,80217,1574
CN7,64MB,16,6,261,3392,5866,13566,16712,8730
CN7,64MB,16,6,262,62129,66847,69731,69731,1373
CN7,64MB,16,6,263,27919,38536,43779,46400,2413
CN7,64MB,16,6,264,44303,49546,53740,55837,1760
CN7,64MB,16,6,265,27132,166724,173016,175113,1749
CN7,64MB,16,6,266,47449,58983,66847,66847,1694
CN7,64MB,16,6,267,43254,49021,56886,57934,1485
CN7,64MB,16,6,268,32375,38011,41157,42206,1558
CN7,64MB,16,6,269,48497,57934,62653,71828,1552
CN7,64MB,16,6,270,47973,320865,333448,337642,1286
CN7,64MB,16,6,271,24249,29492,41157,44303,1963
CN7,64MB,16,6,272,39060,45351,48497,49021,2089
CN7,64MB,16,6,273,63177,80217,90702,92799,1363
CN7,64MB,16,6,274,42206,425722,429917,434111,1108
CN7,64MB,16,6,275,51643,131597,143655,143655,1477
CN7,64MB,16,6,276,9634,19006,27395,31327,4589
CN7,64MB,16,6,277,34341,40633,44827,46400,1565
CN7,64MB,16,6,278,49021,56886,59507,59507,1672
CN7,64MB,16,6,279,43779,51643,57410,58459,1654
CN7,64MB,16,6,280,2933,10290,19006,19792,7562
CN7,64MB,16,6,281,30278,36439,39584,45876,1639
CN7,64MB,16,6,282,44303,1350566,1367344,1367344,547
CN7,64MB,16,6,283,48497,56361,60556,65274,1591
CN7,64MB,16,6,284,65799,71828,76022,76022,1316
CN7,64MB,16,6,285,9110,16712,26084,32637,4793
CN7,64MB,16,6,286,36963,41157,44303,46400,1572
CN7,64MB,16,6,287,37487,44303,50070,50594,1598
CN7,64MB,16,6,288,30016,484443,488637,488637,1286
CN7,64MB,16,6,289,56886,121111,123208,123208,1424
CN7,64MB,16,6,290,4146,10814,13698,13698,6547
CN7,64MB,16,6,291,43254,47449,55837,55837,1102
CN7,64MB,16,6,292,29230,33817,36963,38011,2457
CN7,64MB,16,6,293,35914,44303,57410,58459,1617
CN7,64MB,16,6,294,24773,35914,40633,40633,2746
CN7,64MB,16,6,295,9110,15926,21890,22414,5212
CN7,64MB,16,6,296,34866,40633,47449,47449,1627
CN7,64MB,16,6,297,34341,42730,50070,54264,1629
CN7,64MB,16,6,298,27395,1044382,1052771,1052771,760
CN7,64MB,16,6,299,38536,42206,43779,43779,1952
CN7,64MB,16,6,300,2704,7701,16319,16581,8197
CN7,64MB,16,6,301,39584,51119,62129,64226,1222
CN7,64MB,16,6,302,31327,39584,45351,45351,1880
CN7,64MB,16,6,303,50070,56361,60556,61604,1620
CN7,64MB,16,6,304,5735,9241,14746,27657,7405
CN7,64MB,16,6,305,33817,36963,39584,39584,1521
CN7,64MB,16,6,306,42730,56886,61604,62653,1802
CN7,64MB,16,6,307,41681,843056,843056,843056,791
CN7,64MB,16,6,308,57934,994051,1010828,1010828,625
CN7,64MB,16,6,309,3556,8356,13960,18744,7725
CN7,64MB,16,6,310,67634,73925,81265,86508,1224
CN7,64MB,16,6,311,40633,1652556,1669333,1669333,499
CN7,64MB,16,6,312,43254,47449,49546,50070,1790
CN7,64MB,16,6,313,19530,23725,26608,33817,3205
CN7,64MB,16,6,314,50070,55313,59507,59507,1385
CN7,64MB,16,6,315,42730,46400,47973,50594,1617
CN7,64MB,16,6,316,46924,57934,67634,68682,1485
CN7,64MB,16,6,317,26608,32375,35390,35914,2658
CN7,64MB,16,6,318,3458,7308,13829,22152,6927
CN7,64MB,16,6,319,34866,39060,47449,50594,1629
CN7,64MB,16,6,320,55837,79168,83362,83362,1483
CN7,64MB,16,6,321,43779,108528,115868,115868,1563
CN7,64MB,16,6,322,35390,45876,47449,48497,2022
CN7,64MB,16,6,323,3392,7046,10421,12256,7725
CN7,64MB,16,6,324,44303,767558,775947,775947,819
CN7,64MB,16,6,325,32113,44303,49021,51119,2118
CN7,64MB,16,6,326,57410,164627,168821,168821,1163
CN7,64MB,16,6,327,3458,9503,13042,13698,8073
CN7,64MB,16,6,328,38536,42206,43779,43779,1595
CN7,64MB,16,6,329,30540,35390,38536,39060,1591
CN7,64MB,16,6,330,18482,28443,34341,35914,2397
CN7,64MB,16,6,331,39584,45876,48497,48497,2174
CN7,64MB,16,6,332,15926,22414,26084,35390,3304
CN7,64MB,16,6,333,61604,497026,497026,501220,806
CN7,64MB,16,6,334,52691,58459,63701,64226,1561
CN7,64MB,16,6,335,27657,37487,45876,45876,2515
CN7,64MB,16,6,336,2671,6652,13173,13829,8197
CN7,64MB,16,6,337,61080,149947,185598,189793,1211
CN7,64MB,16,6,338,47449,1027605,1044382,1044382,644
CN7,64MB,16,6,339,47449,54264,56886,56886,1766
CN7,64MB,16,6,340,47449,51643,59507,60031,1691
CN7,64MB,16,6,341,3130,8717,20317,20841,7838
CN7,64MB,16,6,342,31589,36963,39584,40109,2256
CN7,64MB,16,6,343,60031,341836,350225,350225,1036
CN7,64MB,16,6,344,42206,45351,48497,48497,1814
CN7,64MB,16,6,345,27395,33162,35390,35390,2651
CN7,64MB,16,6,346,23200,26870,32900,35914,1610
CN7,64MB,16,6,347,38011,41157,44303,46924,2093
CN7,64MB,16,6,348,53216,56886,59507,60031,1168
CN7,64MB,16,6,349,30540,38011,42730,42730,2182
CN7,64MB,16,6,350,60556,784335,784335,784335,718
CN7,64MB,16,6,351,2933,4817,10290,15795,472
CN7,64MB,16,6,352,32113,35390,38011,38536,1538
CN7,64MB,16,6,353,19792,23987,30278,32637,1914
CN7,64MB,16,6,354,54264,62653,66323,69731,1189
CN7,64MB,16,6,355,9372,12387,15664,23987,7111
CN7,64MB,16,6,356,42730,53740,58983,65274,1558
CN7,64MB,16,6,357,27657,32113,37487,38011,2402
CN7,64MB,16,6,358,39060,47973,53740,53740,1691
CN7,64MB,16,6,359,23725,248513,252707,252707,1769
CN7,64MB,16,6,360,61080,700449,717226,725615,569
CN7,64MB,16,6,361,25822,36439,37487,38536,2746
CN7,64MB,16,6,362,63177,1820328,1820328,1820328,357
CN7,64MB,16,6,363,46924,52167,55313,55837,1657
CN7,64MB,16,6,364,23725,442500,446694,450888,1393
CN7,64MB,16,6,365,27919,181404,200279,200279,1854
CN7,64MB,16,6,366,42206,64750,70779,74974,1702
CN7,64MB,16,6,367,29230,265290,283116,283116,1649
CN7,64MB,16,6,368,53216,60031,64226,69731,1514
CN7,64MB,16,6,369,44303,50070,51119,51119,1683
CN7,64MB,16,6,370,49021,994051,994051,994051,684
CN7,64MB,16,6,371,32113,36439,39584,41681,2285
CN7,64MB,16,6,372,44303,47449,49546,49546,1778
CN7,64MB,16,6,373,41681,217056,229639,233833,1384
CN7,64MB,16,6,374,33817,58983,66847,66847,2114
CN7,64MB,16,6,375,24511,492831,497026,497026,1308
CN7,64MB,16,6,376,63701,692061,700449,700449,762
CN7,64MB,16,6,377,49546,55313,58459,58983,1740
CN7,64MB,16,6,378,31851,708838,725615,725615,967
CN7,64MB,16,6,379,44303,55837,61604,63701,1763
CN7,64MB,16,6,380,33424,1434452,1434452,1434452,595
CN7,64MB,16,6,381,46924,53216,69731,76022,1667
CN7,64MB,16,6,382,48497,53740,58459,59507,1699
CN7,64MB,16,6,383,48497,1249903,1249903,1266680,596
CN7,64MB,16,6,384,32637,35914,38536,41157,2294
CN7,64MB,16,6,385,47973,54264,58459,58983,1715
CN7,64MB,16,6,386,35914,45876,49021,49021,1894
CN7,64MB,16,6,387,31589,36963,41157,42206,1584
CN7,64MB,16,6,388,32637,36439,37487,37487,2339
CN7,64MB,16,6,389,7177,11731,15795,26084,7158
CN7,64MB,16,6,390,48497,55313,58983,60031,1238
CN7,64MB,16,6,391,45876,57934,60031,62653,1672
CN7,64MB,16,6,392,43254,49021,50594,52691,1649
CN7,64MB,16,6,393,41157,1019216,1027605,1027605,700
CN7,64MB,16,6,394,3589,8225,17957,17957,7018
CN7,64MB,16,6,395,58983,1602225,1619002,1619002,469
CN7,64MB,16,6,396,28181,71828,78119,80217,2270
CN7,64MB,16,6,397,48497,392168,396362,396362,1150
CN7,64MB,16,6,398,31065,33817,112722,114820,2003
CN7,64MB,16,6,399,46924,51119,53740,55313,1715
CN7,64MB,16,6,400,64226,70779,89654,89654,1351
CN7,64MB,16,6,401,44303,49546,55313,55837,1884
CN7,64MB,16,6,402,48497,166724,198181,198181,1394
CN7,64MB,16,6,403,32113,675283,675283,683672,1016
CN7,64MB,16,6,404,19530,25822,29754,32113,2280
CN7,64MB,16,6,405,41157,45876,52167,60031,1382
CN7,64MB,16,6,406,43254,49546,51643,51643,1670
CN7,64MB,16,6,407,27132,34341,43254,52691,2451
CN7,64MB,16,6,408,31065,33817,35914,36963,2214
CN7,64MB,16,6,409,45876,51119,53216,53740,1500
CN7,64MB,16,6,410,20317,24249,31065,32113,2958
CN7,64MB,16,6,411,62129,69731,71828,74974,1349
CN7,64MB,16,6,412,5866,13829,21627,24249,5478
CN7,64MB,16,6,413,30802,36439,41681,44303,1639
CN7,64MB,16,6,414,28181,31589,33817,37487,2418
CN7,64MB,16,6,415,41681,175113,191890,196084,1495
CN7,64MB,16,6,416,13042,16188,17695,20055,4793
CN7,64MB,16,6,417,24511,29754,30802,31851,2329
CN7,64MB,16,6,418,68682,73925,79168,82314,1177
CN7,64MB,16,6,419,40109,49021,51119,51643,1887
CN7,64MB,16,6,420,40633,616563,624952,624952,984
CN7,64MB,16,6,421,44303,48497,51643,53216,1760
CN7,64MB,16,6,422,2737,8094,13829,14484,7354
CN7,64MB,16,6,423,60031,265290,270533,274727,1133
CN7,64MB,16,6,424,27657,30802,34866,36439,2544
CN7,64MB,16,6,425,43254,47449,52167,53740,1802
CN7,64MB,16,6,426,21103,26608,191890,193987,2191
CN7,64MB,16,6,427,24249,256902,291505,295699,1802
CN7,64MB,16,6,428,52691,80217,83362,85459,1498
CN7,64MB,16,6,429,41157,295699,329253,329253,1297
CN7,64MB,16,6,430,15008,154141,156238,162530,2746
CN7,64MB,16,6,431,45876,583009,591397,591397,921
CN7,64MB,16,6,432,30540,57410,59507,62653,2391
CN7,64MB,16,6,433,57410,1166017,1166017,1166017,574
CN7,64MB,16,6,434,41681,45876,47973,51643,1931
CN7,64MB,16,6,435,14091,20841,31589,38011,4295
CN7,64MB,16,6,436,45351,1434452,1434452,1451230,546
CN7,64MB,16,6,437,26870,29230,31065,32113,2658
CN7,64MB,16,6,438,57934,61080,64226,64750,1439
CN7,64MB,16,6,439,30016,128451,135267,137364,1928
CN7,64MB,16,6,440,26346,28967,33424,33817,2587
CN7,64MB,16,6,441,36963,41681,43254,44303,2093
CN7,64MB,16,6,442,61604,65799,71828,73925,1363
CN7,64MB,16,6,443,33424,42206,52691,54789,2280
CN7,64MB,16,6,444,45876,50070,53740,54789,1665
CN7,64MB,16,6,445,4948,10552,14877,16450,7255
CN7,64MB,16,6,446,54789,58459,60031,61604,1409
CN7,64MB,16,6,447,25035,29230,31589,32113,2397
CN7,64MB,16,6,448,67634,80217,87557,87557,1284
CN7,64MB,16,6,449,45351,53216,58983,62129,1729
CN7,64MB,16,6,450,3851,9896,14091,22414,7354
CN7,64MB,16,6,451,51119,65799,71828,71828,1752
CN7,64MB,16,6,452,60031,66847,70779,70779,1387
CN7,64MB,16,6,453,57934,65274,68682,70779,1352
CN7,64MB,16,6,454,3458,8160,13304,13435,7954
CN7,64MB,16,6,455,23462,27395,29754,30802,2314
CN7,64MB,16,6,456,41157,44827,50070,50594,1131
CN7,64MB,16,6,457,29754,38011,40633,45351,2191
CN7,64MB,16,6,458,27132,32113,33162,34866,2289
CN7,64MB,16,6,459,16188,26608,34866,34866,2034
CN7,64MB,16,6,460,22938,225444,229639,231736,1271
CN7,64MB,16,6,461,492831,717226,717226,725615,237
CN7,64MB,16,6,462,14353,325059,329253,333448,1996
CN7,64MB,16,6,463,31065,316670,316670,320865,1394
CN7,64MB,16,6,464,3195,8356,17695,22152,5423
CN7,64MB,16,6,465,52691,63701,70779,72877,1193
CN7,64MB,16,6,466,30016,404751,413139,413139,1339
CN7,64MB,16,6,467,44827,225444,229639,229639,1313
CN7,64MB,16,6,468,28181,36963,40633,41681,2429
CN7,64MB,16,6,469,50594,55313,61604,65274,1574
CN7,64MB,16,6,470,28443,31589,33424,33424,2440
CN7,64MB,16,6,471,55837,541066,557843,557843,891
CN7,64MB,16,6,472,43779,55313,57410,58459,1683
CN7,64MB,16,6,473,28181,52691,55837,56886,2509
CN7,64MB,16,6,474,32113,36439,41157,41157,2370
CN7,64MB,16,6,475,47449,158335,164627,166724,1435
CN7,64MB,16,6,476,42206,549454,549454,549454,1031
CN7,64MB,16,6,477,64750,69731,78119,82314,1327
CN7,64MB,16,6,478,3097,5932,14222,26608,8389
CN7,64MB,16,6,479,41157,45876,58459,59507,1541
CN7,64MB,16,6,480,51643,859833,859833,859833,758
CN7,64MB,16,6,481,60031,64750,66847,67634,1278
CN7,64MB,16,6,482,41157,54264,61080,64226,1967
CN7,64MB,16,6,483,11076,19268,31589,35390,4668
CN7,64MB,16,6,484,32637,40633,49546,51119,2289
CN7,64MB,16,6,485,61080,683672,683672,683672,791
CN7,64MB,16,6,486,30802,70779,81265,82314,2191
CN7,64MB,16,6,487,41681,63701,76022,77071,1660
CN7,64MB,16,6,488,3326,7373,13304,14091,6587
CN7,64MB,16,6,489,32900,38011,40109,41681,1670
CN7,64MB,16,6,490,22938,26870,28705,29492,2160
CN7,64MB,16,6,491,50070,56886,58983,58983,1257
CN7,64MB,16,6,492,28443,38536,45351,45351,1858
CN7,64MB,16,6,493,8455,17957,20317,22414,5450
CN7,64MB,16,6,494,28705,33162,35914,38536,2275
CN7,64MB,16,6,495,44827,52691,58459,60031,1752
CN7,64MB,16,6,496,44827,121111,124257,125305,1634
CN7,64MB,16,6,497,42730,46400,50070,50070,1790
CN7,64MB,16,6,498,3621,7832,24249,43779,7111
CN7,64MB,16,6,499,36963,40633,42730,44827,1634
CN7,64MB,16,6,500,55313,60556,64226,64750,1481
CN7,64MB,16,6,501,43254,45351,47449,49546,1796
CN7,64MB,16,6,502,43254,304088,308282,312476,1294
CN7,64MB,16,6,503,2704,5866,14353,18482,7954
CN7,64MB,16,6,504,32375,35390,41681,316670,1391
CN7,64MB,16,6,505,58983,1283458,1283458,1300235,557
CN7,64MB,16,6,506,60031,191890,217056,229639,1201
CN7,64MB,16,6,507,23462,26608,27657,28967,3042
CN7,64MB,16,6,508,5211,11207,15533,15533,7670
CN7,64MB,16,6,509,51643,60556,63177,63177,1593
CN7,64MB,16,6,510,41157,46924,55837,56886,1171
CN7,64MB,16,6,511,28181,36439,46400,46924,2581
CN7,64MB,16,6,512,5342,9765,20317,21365,6354
CN7,64MB,16,6,513,51119,56361,65274,86508,1459
CN7,64MB,16,6,514,60031,80217,84411,85459,1352
CN7,64MB,16,6,515,24249,27919,38536,39060,3094
CN7,64MB,16,6,516,6718,15008,21627,30802,5342
CN7,64MB,16,6,517,47973,66323,79168,81265,1584
CN7,64MB,16,6,518,39584,47449,49546,50594,2093
CN7,64MB,16,6,519,68682,196084,202376,202376,1142
CN7,64MB,16,6,520,3359,6390,12387,13829,8522
CN7,64MB,16,6,521,20579,23987,25822,26870,1607
CN7,64MB,16,6,522,24773,74974,93848,93848,2289
CN7,64MB,16,6,523,27132,91751,96994,98042,2285
CN7,64MB,16,6,524,27132,30278,36439,37487,2775
CN7,64MB,16,6,525,49546,517997,530580,534774,906
CN7,64MB,16,6,526,60556,94897,98042,99091,1289
CN7,64MB,16,6,527,28181,170918,175113,177210,2030
CN7,64MB,16,6,528,26084,31065,37487,42730,2178
CN7,64MB,16,6,529,32113,36439,40109,41157,2214
CN7,64MB,16,6,530,46924,51643,55837,55837,1563
CN7,64MB,16,6,531,39584,43779,45876,45876,1493
CN7,64MB,16,6,532,24511,29230,34866,56361,2391
CN7,64MB,16,6,533,30016,35390,39584,44303,2251
CN7,64MB,16,6,534,46924,55837,63701,66847,1541
CN7,64MB,16,6,535,26870,33817,40109,41681,2261
CN7,64MB,16,6,536,59507,1317012,1317012,1317012,534
CN7,64MB,16,6,537,2737,7504,10421,14746,8522
CN7,64MB,16,6,538,47449,51119,53740,53740,1670
CN7,64MB,16,6,539,49021,57934,66323,68682,1581
CN7,64MB,16,6,540,42206,509608,522191,530580,1056
CN7,64MB,16,6,541,57934,392168,396362,396362,961
CN7,64MB,16,6,542,3163,7242,14877,16909,8801
CN7,64MB,16,6,543,50594,53740,56886,57934,1556
CN7,64MB,16,6,544,28705,1233126,1233126,1233126,664
CN7,64MB,16,6,545,58459,61080,63701,64226,1385
CN7,64MB,16,6,546,28705,206570,212861,214959,1823
CN7,64MB,16,6,547,27132,51643,65274,68682,2424
CN7,64MB,16,6,548,31327,34866,37487,38536,2381
CN7,64MB,16,6,549,40633,45876,51119,51643,1435
CN7,64MB,16,6,550,47449,51643,59507,61080,1603
CN7,64MB,16,6,551,29492,35914,40109,40633,2760
CN7,64MB,16,6,552,23200,27919,30540,32637,2256
CN7,64MB,16,6,553,32900,43254,48497,49021,1549
CN7,64MB,16,6,554,41157,45351,50070,56886,1914
CN7,64MB,16,6,555,42730,50594,82314,82314,1683
CN7,64MB,16,6,556,43779,641729,650118,650118,911
CN7,64MB,16,6,557,47973,189793,1199571,1199571,565
CN7,64MB,16,6,558,27132,30016,32375,32900,2223
CN7,64MB,16,6,559,59507,72877,379585,379585,959
CN7,64MB,16,6,560,3032,6456,12649,15270,6972
CN7,64MB,16,6,561,44303,421528,429917,429917,1068
CN7,64MB,16,6,562,25297,32637,37487,40633,2424
CN7,64MB,16,6,563,55837,81265,85459,92799,1457
CN7,64MB,16,6,564,5473,10290,13698,14222,8260
CN7,64MB,16,6,565,46924,51119,56886,57410,1547
CN7,64MB,16,6,566,44827,52167,56361,57410,1574
CN7,64MB,16,6,567,52691,250610,250610,252707,1283
CN7,64MB,16,6,568,46924,49546,56886,57934,1707
CN7,64MB,16,6,569,3326,8848,11076,13304,7838
CN7,64MB,16,6,570,47973,53740,56361,56361,1572
CN7,64MB,16,6,571,28181,35914,45351,45351,2440
CN7,64MB,16,6,572,40633,45351,48497,49546,1298
CN7,64MB,16,6,573,28967,84411,99091,99091,2209
CN7,64MB,16,6,574,28967,32375,37487,39060,2397
CN7,64MB,16,6,575,26346,30016,31589,31589,2587
CN7,64MB,16,6,576,54789,261096,265290,267387,1101
CN7,64MB,16,6,577,46924,223347,229639,229639,1428
CN7,64MB,16,6,578,3458,9503,15139,19530,8389
CN7,64MB,16,6,579,29754,34866,39060,42730,2391
CN7,64MB,16,6,580,41681,49021,52691,53216,1752
CN7,64MB,16,6,581,57934,65799,69731,71828,1461
CN7,64MB,16,6,582,56886,65799,69731,72877,1512
CN7,64MB,16,6,583,30016,35914,38536,39060,2521
CN7,64MB,16,6,584,56361,434111,438305,446694,954
CN7,64MB,16,6,585,60556,985662,985662,994051,652
CN7,64MB,16,6,586,43254,505414,509608,513803,980
CN7,64MB,16,6,587,43779,46924,51119,52167,1757
CN7,64MB,16,6,588,38536,42206,43779,44827,2057
CN7,64MB,16,6,589,2704,9765,11994,32900,5681
CN7,64MB,16,6,590,50070,56886,64226,65274,1624
CN7,64MB,16,6,591,51643,58459,61604,62653,1356
CN7,64MB,16,6,592,42730,893387,893387,910164,768
CN7,64MB,16,6,593,27919,45876,60031,60556,2550
CN7,64MB,16,6,594,10028,13960,19006,19268,6316
CN7,64MB,16,6,595,53216,1249903,1266680,1266680,459
CN7,64MB,16,6,596,56361,225444,240124,258999,1227
CN7,64MB,16,6,597,27919,33162,35914,37487,2606
CN7,64MB,16,6,598,26084,329253,333448,333448,1523
CN7,64MB,16,6,599,29492,34341,38011,38536,2391
CN7,64MB,16,6,600,44303,48497,501220,501220,352
CN7,64MB,16,6,601,44303,204473,217056,217056,1314
CN7,64MB,16,6,602,3687,10945,19006,21627,7304
CN7,64MB,16,6,603,54789,826278,834667,834667,732
CN7,64MB,16,6,604,44827,48497,52167,55837,1724
CN7,64MB,16,6,605,46400,287310,291505,291505,1389
CN7,64MB,16,6,606,67634,79168,84411,85459,1319
CN7,64MB,16,6,607,2966,10290,16712,17433,8073
CN7,64MB,16,6,608,33162,36439,39584,41157,2152
CN7,64MB,16,6,609,33817,41681,43254,50070,1634
CN7,64MB,16,6,610,42730,143655,145753,147850,1620
CN7,64MB,16,6,611,42206,122160,133694,133694,1624
CN7,64MB,16,6,612,8848,17695,24773,25297,4948
CN7,64MB,16,6,613,48497,58983,62653,62653,1662
CN7,64MB,16,6,614,25822,27395,30278,31327,2491
CN7,64MB,16,6,615,56886,583009,583009,583009,897
CN7,64MB,16,6,616,60031,114820,116917,116917,1206
CN7,64MB,16,6,617,26608,534774,541066,541066,1209
CN7,64MB,16,6,618,3195,5735,9503,13173,8730
CN7,64MB,16,6,619,51119,56886,60031,60031,1591
CN7,64MB,16,6,620,36439,51119,55837,58983,1405
CN7,64MB,16,6,621,38536,50070,54264,54789,1259
CN7,64MB,16,6,622,13698,775947,784335,784335,1099
CN7,64MB,16,6,623,49021,55313,64226,67634,1644
CN7,64MB,16,6,624,42730,708838,717226,717226,872
CN7,64MB,16,6,625,47973,1585447,1585447,1585447,506
CN7,64MB,16,6,626,49021,809501,817890,817890,758
CN7,64MB,16,6,627,3392,9372,17433,17433,7457
CN7,64MB,16,6,628,58983,63177,65799,67634,1586
CN7,64MB,16,6,629,51643,62653,71828,76022,1662
CN7,64MB,16,6,630,44303,1451230,1451230,1451230,534
CN7,64MB,16,6,631,3032,8160,13829,14484,9587
CN7,64MB,16,6,632,22938,26608,30802,31065,2223
CN7,64MB,16,6,633,40633,52167,60031,60031,1514
CN7,64MB,16,6,634,23725,2122318,2139096,2139096,434
CN7,64MB,16,6,635,42206,53740,56886,56886,1864
CN7,64MB,16,6,636,21890,108528,116917,117965,2725
CN7,64MB,16,6,637,45351,51119,54789,55313,1688
CN7,64MB,16,6,638,43779,51119,54789,55313,1223
CN7,64MB,16,6,639,24773,28181,31327,32375,2544
CN7,64MB,16,6,640,41157,45876,62129,65274,1935
CN7,64MB,16,6,641,4817,11338,18482,20317,6354
CN7,64MB,16,6,642,48497,54264,62653,63701,1188
CN7,64MB,16,6,643,34341,41157,44303,46400,1799
CN7,64MB,16,6,644,62129,455082,467665,467665,941
CN7,64MB,16,6,645,3916,10945,13829,13960,7111
CN7,64MB,16,6,646,39584,43779,45876,47973,1512
CN7,64MB,16,6,647,36439,47973,56361,57410,1527
CN7,64MB,16,6,648,41681,47973,54264,62129,1605
CN7,64MB,16,6,649,47973,56886,62653,71828,1642
CN7,64MB,16,6,650,3130,6390,13829,14484,8455
CN7,64MB,16,6,651,36963,45351,50594,51119,1373
CN7,64MB,16,6,652,48497,52167,53740,55313,1622
CN7,64MB,16,6,653,30540,38011,41681,42206,1615
CN7,64MB,16,6,654,5211,9765,20055,20579,8134
CN7,64MB,16,6,655,33424,37487,39060,39584,2165
CN7,64MB,16,6,656,44827,50070,54789,55313,1622
CN7,64MB,16,6,657,60031,66323,68682,71828,1287
CN7,64MB,16,6,658,14877,22414,25297,27919,4067
CN7,64MB,16,6,659,46400,283116,291505,291505,1227
CN7,64MB,16,6,660,27657,36439,38536,41157,2575
CN7,64MB,16,6,661,55837,2432697,2432697,2466251,355
CN7,64MB,16,6,662,41681,51643,55313,55313,1662
CN7,64MB,16,6,663,43779,240124,244319,246416,1286
CN7,64MB,16,6,664,2999,10290,21627,22414,7838
CN7,64MB,16,48,1,6521,15533,36439,54264,5804
CN7,64MB,16,48,2,31327,34866,38536,40109,1593
CN7,64MB,16,48,3,24249,26870,29754,30802,2402
CN7,64MB,16,48,4,47449,413139,421528,421528,1112
CN7,64MB,16,48,5,41157,84411,86508,87557,1637
CN7,64MB,16,48,6,27919,291505,295699,295699,1660
CN7,64MB,16,48,7,27395,35390,41157,41681,2538
CN7,64MB,16,48,8,45351,125305,135267,137364,1549
CN7,64MB,16,48,9,59507,1233126,1249903,1249903,450
CN7,64MB,16,48,10,6718,14091,19792,22152,6669
CN7,64MB,16,48,11,26608,29230,31589,31851,2732
CN7,64MB,16,48,12,45876,127402,133694,135267,1500
CN7,64MB,16,48,13,27657,36439,40633,41681,2435
CN7,64MB,16,48,14,57410,952108,952108,960496,654
CN7,64MB,16,48,15,44303,50594,53740,54789,1988
CN7,64MB,16,48,16,3425,7963,14091,17171,7838
CN7,64MB,16,48,17,24511,28181,29230,30278,2110
CN7,64MB,16,48,18,58459,834667,868221,868221,683
CN7,64MB,16,48,19,58983,522191,526386,530580,901
CN7,64MB,16,48,20,43254,2038432,2055209,2055209,425
CN7,64MB,16,48,21,62129,337642,341836,341836,1052
CN7,64MB,16,48,22,42206,44827,47973,49546,1796
CN7,64MB,16,48,23,3261,6783,15008,21627,8948
CN7,64MB,16,48,24,28443,1484784,1501561,1501561,578
CN7,64MB,16,48,25,58983,68682,74974,74974,1407
CN7,64MB,16,48,26,43779,89654,94897,99091,1749
CN7,64MB,16,48,27,43254,46400,47973,51119,1757
CN7,64MB,16,48,28,58459,926942,935330,935330,670
CN7,64MB,16,48,29,12911,19006,27657,28705,4569
CN7,64MB,16,48,30,49021,55313,60031,64226,1568
CN7,64MB,16,48,31,50070,57934,61604,62653,1552
CN7,64MB,16,48,32,25035,36963,44827,45876,2753
CN7,64MB,16,48,33,18482,23200,27132,27132,3532
CN7,64MB,16,48,34,41157,46400,50070,52167,1570
CN7,64MB,16,48,35,65799,72877,74974,74974,1231
CN7,64MB,16,48,36,31065,42730,46400,46924,2370
CN7,64MB,16,48,37,42730,49546,53216,55837,1686
CN7,64MB,16,48,38,2474,10028,15008,15139,6839
CN7,64MB,16,48,39,28705,38536,43254,43779,1970
CN7,64MB,16,48,40,68682,83362,85459,85459,1153
CN7,64MB,16,48,41,42730,51119,62653,64226,2049
CN7,64MB,16,48,42,43254,105382,109577,110625,1752
CN7,64MB,16,48,43,43254,65274,70779,73925,1581
CN7,64MB,16,48,44,3130,7898,13566,15270,8522
CN7,64MB,16,48,45,63177,1635779,1652556,1652556,460
CN7,64MB,16,48,46,47973,60556,299893,304088,1254
CN7,64MB,16,48,47,46400,62129,105382,108528,1605
CN7,64MB,16,48,48,35914,110625,113771,117965,1949
CN7,64MB,16,48,49,2999,6652,11469,13042,9256
CN7,64MB,16,48,50,60031,65799,69731,72877,1302
CN7,64MB,16,48,51,31327,38011,46924,47973,2209
CN7,64MB,16,48,52,38536,46924,56886,62129,1534
CN7,64MB,16,48,53,3261,6194,11469,14615,8324
CN7,64MB,16,48,54,40633,50070,57410,63701,1534
CN7,64MB,16,48,55,62129,557843,566232,566232,868
CN7,64MB,16,48,56,49021,53216,56361,56886,1766
CN7,64MB,16,48,57,41681,312476,316670,320865,1375
CN7,64MB,16,48,58,44303,200279,202376,204473,1415
CN7,64MB,16,48,59,3064,5932,10290,10290,8801
CN7,64MB,16,48,60,60556,64226,67634,72877,1202
CN7,64MB,16,48,61,21365,26346,33424,35390,2242
CN7,64MB,16,48,62,42206,56886,60031,61604,1887
CN7,64MB,16,48,63,33162,43779,46924,47973,2299
CN7,64MB,16,48,64,36439,39060,41157,41681,2165
CN7,64MB,16,48,65,33817,39584,41681,45876,1754
CN7,64MB,16,48,66,40633,45876,49021,52167,1204
CN7,64MB,16,48,67,56886,79168,81265,82314,1627
CN7,64MB,16,48,68,43254,492831,497026,497026,1113
CN7,64MB,16,48,69,4686,11338,15270,17695,7158
CN7,64MB,16,48,70,45876,49021,51119,51119,1808
CN7,64MB,16,48,71,62653,70779,74974,76022,1489
CN7,64MB,16,48,72,47973,52167,54789,54789,1688
CN7,64MB,16,48,73,51643,57410,60031,61080,1670
CN7,64MB,16,48,74,4228,8848,12518,16712,6391
CN7,64MB,16,48,75,55837,61604,66847,67634,1473
CN7,64MB,16,48,76,34341,40109,44827,46400,2270
CN7,64MB,16,48,77,65799,69731,73925,74974,1306
CN7,64MB,16,48,78,32637,36963,39060,49021,2319
CN7,64MB,16,48,79,27395,30540,34341,34866,2413
CN7,64MB,16,48,80,31065,37487,44827,47449,2413
CN7,64MB,16,48,81,51643,55837,58983,58983,1519
CN7,64MB,16,48,82,22414,35914,44827,46400,2613
CN7,64MB,16,48,83,33162,82314,90702,90702,2026
CN7,64MB,16,48,84,55313,375391,379585,379585,1085
CN7,64MB,16,48,85,52691,60556,77071,79168,1536
CN7,64MB,16,48,86,19792,650118,666895,666895,1120
CN7,64MB,16,48,87,43779,1069548,1069548,1069548,681
CN7,64MB,16,48,88,44827,47449,51119,52167,1775
CN7,64MB,16,48,89,35914,41157,43779,43779,2105
CN7,64MB,16,48,90,59507,675283,683672,683672,700
CN7,64MB,16,48,91,43779,379585,379585,379585,1186
CN7,64MB,16,48,92,27657,31065,38011,46924,2486
CN7,64MB,16,48,93,12256,21365,36439,40109,3345
CN7,64MB,16,48,94,29754,32900,34866,36439,1541
CN7,64MB,16,48,95,25822,32637,37487,38011,2294
CN7,64MB,16,48,96,39584,47973,51643,51643,1584
CN7,64MB,16,48,97,5342,11863,21103,32375,4994
CN7,64MB,16,48,98,40109,54264,59507,62653,1545
CN7,64MB,16,48,99,21890,26870,36963,39060,2360
CN7,64MB,16,48,100,35390,40633,42730,43254,1766
CN7,64MB,16,48,101,39060,47973,53216,55313,1845
CN7,64MB,16,48,102,32375,36439,40109,40109,2294
CN7,64MB,16,48,103,31589,42206,49546,50070,1781
CN7,64MB,16,48,104,43254,1769997,1786774,1786774,430
CN7,64MB,16,48,105,27919,32637,35390,36439,2645
CN7,64MB,16,48,106,42206,124257,131597,131597,1581
CN7,64MB,16,48,107,43779,1635779,1635779,1635779,509
CN7,64MB,16,48,108,45876,53740,61080,61604,1680
CN7,64MB,16,48,109,22414,25035,26346,33162,3025
CN7,64MB,16,48,110,48497,442500,442500,446694,1033
CN7,64MB,16,48,111,3195,5800,13042,14615,10.3
CN7,64MB,16,48,112,47449,54264,57934,60031,1300
CN7,64MB,16,48,113,27132,31327,33162,34341,2480
CN7,64MB,16,48,114,51643,58459,61080,61604,1603
CN7,64MB,16,48,115,25297,30802,33817,137364,2200
CN7,64MB,16,48,116,59507,700449,717226,717226,546
CN7,64MB,16,48,117,3392,7046,12125,13435,8874
CN7,64MB,16,48,118,57410,64226,67634,70779,1311
CN7,64MB,16,48,119,25560,30016,34866,36439,1558
CN7,64MB,16,48,120,42730,60031,67634,69731,1867
CN7,64MB,16,48,121,44303,47973,52691,55313,1814
CN7,64MB,16,48,122,28705,35390,38536,39060,2097
CN7,64MB,16,48,123,44303,46924,51119,54789,1527
CN7,64MB,16,48,124,28705,32113,35914,36439,601
CN7,64MB,16,48,125,37487,43779,54789,57410,2011
CN7,64MB,16,48,126,49546,60556,73925,73925,1688
CN7,64MB,16,48,127,45351,63701,67634,68682,1473
CN7,64MB,16,48,128,31589,84411,91751,91751,2093
CN7,64MB,16,48,129,8356,11994,124257,160433,2966
CN7,64MB,16,48,130,28967,32900,35390,35914,1945
CN7,64MB,16,48,131,57410,61604,65274,65799,1280
CN7,64MB,16,48,132,46924,54789,61080,65799,1702
CN7,64MB,16,48,133,45351,566232,566232,566232,995
CN7,64MB,16,48,134,3294,7242,18220,24249,8389
CN7,64MB,16,48,135,64750,72877,76022,76022,1188
CN7,64MB,16,48,136,27919,39584,45351,45351,1772
CN7,64MB,16,48,137,29492,37487,39584,41157,1627
CN7,64MB,16,48,138,41157,48497,55313,56361,2114
CN7,64MB,16,48,139,3228,7635,14746,18744,8659
CN7,64MB,16,48,140,50594,58459,63701,64750,1244
CN7,64MB,16,48,141,28967,566232,574620,574620,1155
CN7,64MB,16,48,142,41681,50594,54789,54789,1718
CN7,64MB,16,48,143,43779,175113,177210,177210,1593
CN7,64MB,16,48,144,45351,99091,107480,108528,1637
CN7,64MB,16,48,145,2900,7308,19268,20841,8730
CN7,64MB,16,48,146,43254,49021,52167,52691,1249
CN7,64MB,16,48,147,47973,206570,210764,212861,1394
CN7,64MB,16,48,148,43254,817890,826278,826278,780
CN7,64MB,16,48,149,45876,52691,60556,64226,1662
CN7,64MB,16,48,150,2999,7898,13960,19006,8590
CN7,64MB,16,48,151,41681,44827,45876,46400,1842
CN7,64MB,16,48,152,42730,47973,50070,52167,1817
CN7,64MB,16,48,153,27395,32375,33817,35390,2918
CN7,64MB,16,48,154,45876,55837,58459,60031,1652
CN7,64MB,16,48,155,28443,1954546,1971323,1971323,453
CN7,64MB,16,48,156,62653,583009,591397,591397,843
CN7,64MB,16,48,157,26870,31589,34341,34866,2457
CN7,64MB,16,48,158,45351,113771,130548,139461,1554
CN7,64MB,16,48,159,35390,47973,50594,54264,2126
CN7,64MB,16,48,160,24773,32637,40109,44827,1935
CN7,64MB,16,48,161,36439,41681,43779,43779,1581
CN7,64MB,16,48,162,59507,616563,616563,616563,838
CN7,64MB,16,48,163,26346,541066,549454,549454,1216
CN7,64MB,16,48,164,41681,117965,124257,124257,1637
CN7,64MB,16,48,165,3425,7570,15795,16909,5999
CN7,64MB,16,48,166,64226,530580,530580,530580,861
CN7,64MB,16,48,167,45876,50070,56886,58983,1683
CN7,64MB,16,48,168,45876,187696,191890,191890,1532
CN7,64MB,16,48,169,70779,633340,658506,658506,664
CN7,64MB,16,48,170,1975,4490,12780,13435,549
CN7,64MB,16,48,171,45876,52691,61604,62129,1247
CN7,64MB,16,48,172,20055,26608,32900,34341,2446
CN7,64MB,16,48,173,65274,429917,434111,434111,927
CN7,64MB,16,48,174,40633,44303,46924,50070,1904
CN7,64MB,16,48,175,35914,1098908,1115685,1115685,717
CN7,64MB,16,48,176,45351,1132463,1132463,1132463,648
CN7,64MB,16,48,177,32637,2071987,2071987,2071987,421
CN7,64MB,16,48,178,44303,79168,84411,84411,1713
CN7,64MB,16,48,179,37487,156238,160433,162530,1642
CN7,64MB,16,48,180,65799,225444,227541,229639,1141
CN7,64MB,16,48,181,3326,5800,12649,15270,8801
CN7,64MB,16,48,182,29230,38011,45876,46924,1737
CN7,64MB,16,48,183,47449,1199571,1199571,1199571,629
CN7,64MB,16,48,184,55837,66323,68682,70779,1547
CN7,64MB,16,48,185,44827,117965,125305,127402,1588
CN7,64MB,16,48,186,2769,7898,11469,13304,7255
CN7,64MB,16,48,187,64226,1568670,1585447,1585447,473
CN7,64MB,16,48,188,47973,55837,66323,67634,1665
CN7,64MB,16,48,189,30540,52167,57410,60031,2289
CN7,64MB,16,48,190,55837,78119,84411,85459,1411
CN7,64MB,16,48,191,20841,25560,27919,28443,3294
CN7,64MB,16,48,192,33817,39060,42206,42730,1457
CN7,64MB,16,48,193,22938,29230,35390,35914,2309
CN7,64MB,16,48,194,63701,876610,884999,884999,630
CN7,64MB,16,48,195,49546,54264,62129,64750,1489
CN7,64MB,16,48,196,49546,54264,59507,59507,1654
CN7,64MB,16,48,197,39584,750781,750781,759170,893
CN7,64MB,16,48,198,43779,51119,59507,71828,1754
CN7,64MB,16,48,199,47449,633340,641729,641729,847
CN7,64MB,16,48,200,45876,53216,56361,56886,1667
CN7,64MB,16,48,201,2376,8586,15926,18744,7615
CN7,64MB,16,48,202,58459,1400898,1417675,1417675,484
CN7,64MB,16,48,203,31589,425722,429917,429917,1316
CN7,64MB,16,48,204,50594,62653,69731,70779,1595
CN7,64MB,16,48,205,47449,51643,53740,53740,1660
CN7,64MB,16,48,206,62129,291505,299893,299893,1116
CN7,64MB,16,48,207,3752,7898,14877,16319,8197
CN7,64MB,16,48,208,41681,48497,54264,54264,1581
CN7,64MB,16,48,209,64226,549454,549454,557843,850
CN7,64MB,16,48,210,31851,35390,38536,40633,2521
CN7,64MB,16,48,211,47973,52691,54789,217056,1322
CN7,64MB,16,48,212,14746,24511,27395,28181,4709
CN7,64MB,16,48,213,44827,49546,53740,54789,915
CN7,64MB,16,48,214,34341,40633,49021,53216,1607
CN7,64MB,16,48,215,44303,53740,58459,60031,1302
CN7,64MB,16,48,216,28181,32900,43779,44827,2309
CN7,64MB,16,48,217,10290,14615,31851,35914,5622
CN7,64MB,16,48,218,40633,387974,404751,404751,1202
CN7,64MB,16,48,219,57934,1971323,1988101,1988101,412
CN7,64MB,16,48,220,27657,135267,158335,158335,2139
CN7,64MB,16,48,221,26870,30278,34341,38011,2619
CN7,64MB,16,48,222,42206,60031,63701,63701,1835
CN7,64MB,16,48,223,48497,591397,599786,599786,944
CN7,64MB,16,48,224,31327,35914,44303,47449,2435
CN7,64MB,16,48,225,47973,910164,918553,935330,713
CN7,64MB,16,48,226,31065,40633,44827,46400,2334
CN7,64MB,16,48,227,47973,51119,55837,56361,1670
CN7,64MB,16,48,228,34341,39584,47449,48497,2182
CN7,64MB,16,48,229,65799,80217,83362,84411,1256
CN7,64MB,16,48,230,3621,8455,20579,23462,7018
CN7,64MB,16,48,231,41681,574620,583009,591397,974
CN7,64MB,16,48,232,44303,54789,56361,56886,1704
CN7,64MB,16,48,233,37487,42206,49546,52167,2178
CN7,64MB,16,48,234,50594,139461,143655,145753,1517
CN7,64MB,16,48,235,31589,35390,37487,38011,2237
CN7,64MB,16,48,236,51643,60031,62129,62653,1534
CN7,64MB,16,48,237,33162,37487,39584,41157,2309
CN7,64MB,16,48,238,60031,72877,78119,78119,1352
CN7,64MB,16,48,239,3228,8356,12125,19530,6243
CN7,64MB,16,48,240,49546,54264,55837,56361,1649
CN7,64MB,16,48,241,19530,26870,30802,32113,2474
CN7,64MB,16,48,242,42206,47449,50070,50594,1356
CN7,64MB,16,48,243,64750,1216349,1233126,1233126,393
CN7,64MB,16,48,244,31851,34866,39584,40633,2429
CN7,64MB,16,48,245,38011,44827,50594,50594,2034
CN7,64MB,16,48,246,44303,49546,53740,60031,1617
CN7,64MB,16,48,247,30016,36439,40109,41157,1887
CN7,64MB,16,48,248,24773,29492,36439,37487,2739
CN7,64MB,16,48,249,63701,67634,70779,71828,1283
CN7,64MB,16,48,250,42206,53740,70779,71828,1500
CN7,64MB,16,48,251,30016,267387,270533,270533,1672
CN7,64MB,16,48,252,47449,57410,73925,74974,1707
CN7,64MB,16,48,253,4228,11863,18744,26084,7457
CN7,64MB,16,48,254,21627,24511,27395,29492,2280
CN7,64MB,16,48,255,67634,72877,77071,86508,1186
CN7,64MB,16,48,256,25297,33817,38536,39584,2856
CN7,64MB,16,48,257,20579,29492,43254,53740,3130
CN7,64MB,16,48,258,28181,37487,41157,41681,2446
CN7,64MB,16,48,259,36963,56361,58983,60031,1721
CN7,64MB,16,48,260,48497,54789,64226,72877,1718
CN7,64MB,16,48,261,41157,45876,47449,48497,1959
CN7,64MB,16,48,262,4047,10159,13173,18482,4994
CN7,64MB,16,48,263,65799,70779,708838,717226,702
CN7,64MB,16,48,264,45351,1384121,1384121,1384121,556
CN7,64MB,16,48,265,58459,1035994,1044382,1044382,629
CN7,64MB,16,48,266,44303,105382,124257,129500,1644
CN7,64MB,16,48,267,6980,16450,30540,31589,5138
CN7,64MB,16,48,268,34341,40109,46400,47973,2182
CN7,64MB,16,48,269,51643,58459,63701,64750,1184
CN7,64MB,16,48,270,30278,34866,41681,44303,2463
CN7,64MB,16,48,271,30016,34341,38536,39060,2261
CN7,64MB,16,48,272,26346,30016,33162,33424,2143
CN7,64MB,16,48,273,39584,44827,49021,49546,1527
CN7,64MB,16,48,274,27395,32375,35390,36439,2256
CN7,64MB,16,48,275,52691,59507,63701,63701,1579
CN7,64MB,16,48,276,3064,5407,15008,17433,7158
CN7,64MB,16,48,277,33424,40633,44303,46924,1627
CN7,64MB,16,48,278,31327,36963,42730,44303,2334
CN7,64MB,16,48,279,63177,73925,84411,89654,1234
CN7,64MB,16,48,280,4047,16319,20317,20579,8197
CN7,64MB,16,48,281,52167,59507,63177,63177,1572
CN7,64MB,16,48,282,43254,49546,53740,54264,1737
CN7,64MB,16,48,283,26870,31065,34341,36963,2671
CN7,64MB,16,48,284,57934,76022,92799,94897,1536
CN7,64MB,16,48,285,3556,9372,32637,32900,7615
CN7,64MB,16,48,286,47973,50594,51643,52167,1680
CN7,64MB,16,48,287,18744,22676,25297,29754,2407
CN7,64MB,16,48,288,50070,55313,63177,66323,1527
CN7,64MB,16,48,289,56361,387974,392168,392168,1036
CN7,64MB,16,48,290,3097,8979,13435,18482,7255
CN7,64MB,16,48,291,39584,383779,396362,396362,1120
CN7,64MB,16,48,292,42730,1786774,1786774,1786774,463
CN7,64MB,16,48,293,50070,1069548,1082131,1082131,434
CN7,64MB,16,48,294,46400,193987,210764,221250,1363
CN7,64MB,16,48,295,44827,82314,86508,87557,1826
CN7,64MB,16,48,296,13829,19530,35914,39584,3919
CN7,64MB,16,48,297,32900,39584,46924,48497,1554
CN7,64MB,16,48,298,35390,53216,57410,57934,2101
CN7,64MB,16,48,299,67634,88605,95945,96994,1295
CN7,64MB,16,48,300,3621,10683,15533,15664,7838
CN7,64MB,16,48,301,45876,49021,53740,56886,1620
CN7,64MB,16,48,302,33162,37487,44827,45351,1556
CN7,64MB,16,48,303,23725,28181,34866,43254,2402
CN7,64MB,16,48,304,67634,71828,74974,77071,1262
CN7,64MB,16,48,305,3097,7635,15926,19006,7457
CN7,64MB,16,48,306,34866,38011,41157,41681,2034
CN7,64MB,16,48,307,39584,44303,46924,47973,1612
CN7,64MB,16,48,308,25297,35914,47973,51643,2440
CN7,64MB,16,48,309,43779,149947,156238,156238,1475
CN7,64MB,16,48,310,42206,58459,61604,62129,1924
CN7,64MB,16,48,311,21103,26870,34866,37487,2187
CN7,64MB,16,48,312,45876,53740,57410,57410,1660
CN7,64MB,16,48,313,36963,859833,1954546,1971323,337
CN7,64MB,16,48,314,58459,66323,68682,68682,1366
CN7,64MB,16,48,315,3163,11076,17695,19792,6796
CN7,64MB,16,48,316,30540,37487,42730,43779,2299
CN7,64MB,16,48,317,41157,51643,55837,58983,1584
CN7,64MB,16,48,318,28181,1098908,1098908,1098908,725
CN7,64MB,16,48,319,37487,45351,47973,49021,1924
CN7,64MB,16,48,320,2900,10552,16712,23725,7405
CN7,64MB,16,48,321,49021,55313,62653,63177,1250
CN7,64MB,16,48,322,25822,38011,46924,47449,1907
CN7,64MB,16,48,323,40633,51119,55313,58459,1652
CN7,64MB,16,48,324,26870,31589,34341,34341,2237
CN7,64MB,16,48,325,52167,55837,58459,58459,1536
CN7,64MB,16,48,326,57410,71828,73925,74974,1334
CN7,64MB,16,48,327,42730,86508,92799,93848,1839
CN7,64MB,16,48,328,43254,179307,200279,202376,1506
CN7,64MB,16,48,329,9372,19006,23987,29492,4312
CN7,64MB,16,48,330,49546,52691,55313,55313,1615
CN7,64MB,16,48,331,41681,46400,48497,49546,1622
CN7,64MB,16,48,332,28443,35914,42206,43779,1814
CN7,64MB,16,48,333,3687,11731,16450,17171,7895
CN7,64MB,16,48,334,43254,62653,73925,74974,1726
CN7,64MB,16,48,335,29230,36439,43254,44827,2334
CN7,64MB,16,48,336,63177,767558,767558,784335,708
CN7,64MB,16,48,337,29230,38011,44827,45351,2451
CN7,64MB,16,48,338,30802,41157,51119,52691,2251
CN7,64MB,16,48,339,33162,41681,46924,47973,1607
CN7,64MB,16,48,340,43779,270533,291505,291505,1115
CN7,64MB,16,48,341,28443,1350566,1367344,1367344,609
CN7,64MB,16,48,342,31065,66847,74974,82314,2037
CN7,64MB,16,48,343,30016,38011,55313,57934,1839
CN7,64MB,16,48,344,48497,55313,57934,58459,1280
CN7,64MB,16,48,345,27132,31327,35914,41157,2705
CN7,64MB,16,48,346,43779,106431,110625,110625,1670
CN7,64MB,16,48,347,28443,30278,33424,36439,2594
CN7,64MB,16,48,348,58983,68682,73925,73925,1405
CN7,64MB,16,48,349,42730,549454,557843,557843,990
CN7,64MB,16,48,350,27395,219153,233833,250610,1702
CN7,64MB,16,48,351,27132,29754,32637,32637,2532
CN7,64MB,16,48,352,45351,54789,132645,141558,1298
CN7,64MB,16,48,353,56361,60031,62129,63177,1532
CN7,64MB,16,48,354,41157,325059,329253,329253,1278
CN7,64MB,16,48,355,42206,48497,50594,51119,1952
CN7,64MB,16,48,356,3752,9503,23462,35914,7954
CN7,64MB,16,48,357,41157,1451230,1451230,1468007,526
CN7,64MB,16,48,358,62653,71828,74974,76022,1278
CN7,64MB,16,48,359,24249,31589,204473,258999,1981
CN7,64MB,16,48,360,42206,53216,96994,99091,1469
CN7,64MB,16,48,361,10290,16909,25560,28967,4971
CN7,64MB,16,48,362,54789,69731,137364,156238,1060
CN7,64MB,16,48,363,43254,387974,392168,392168,1188
CN7,64MB,16,48,364,45351,175113,177210,177210,1297
CN7,64MB,16,48,365,3359,8225,13435,16188,8013
CN7,64MB,16,48,366,20579,27132,34341,36963,2218
CN7,64MB,16,48,367,45351,49021,51643,52167,1749
CN7,64MB,16,48,368,37487,244319,250610,252707,1534
CN7,64MB,16,48,369,46400,312476,320865,320865,1184
CN7,64MB,16,48,370,3326,6587,11207,12256,7670
CN7,64MB,16,48,371,68682,74974,78119,79168,1186
CN7,64MB,16,48,372,47449,52691,60556,62129,1670
CN7,64MB,16,48,373,68682,235930,240124,252707,997
CN7,64MB,16,48,374,29754,202376,208667,208667,1757
CN7,64MB,16,48,375,35914,39060,43254,44303,1595
CN7,64MB,16,48,376,51119,54789,57410,57934,1532
CN7,64MB,16,48,377,37487,175113,179307,181404,1642
CN7,64MB,16,48,378,61604,960496,960496,960496,593
CN7,64MB,16,48,379,3195,8455,14091,18220,7405
CN7,64MB,16,48,380,35390,43779,83362,90702,1469
CN7,64MB,16,48,381,28443,40633,92799,112722,1904
CN7,64MB,16,48,382,46924,54789,56361,60556,1775
CN7,64MB,16,48,383,14615,22676,45876,56361,3948
CN7,64MB,16,48,384,49021,57934,64226,67634,1268
CN7,64MB,16,48,385,34866,41157,92799,95945,1871
CN7,64MB,16,48,386,35914,217056,221250,227541,1629
CN7,64MB,16,48,387,62653,181404,185598,185598,1257
CN7,64MB,16,48,388,12256,18744,27919,37487,3835
CN7,64MB,16,48,389,46924,52691,77071,143655,1593
CN7,64MB,16,48,390,31327,36439,40633,41681,2122
CN7,64MB,16,48,391,46400,54789,64750,66323,1793
CN7,64MB,16,48,392,38536,46400,55313,56886,2089
CN7,64MB,16,48,393,23725,683672,700449,708838,1066
CN7,64MB,16,48,394,45876,57934,59507,60031,1617
CN7,64MB,16,48,395,28443,287310,304088,304088,1536
CN7,64MB,16,48,396,61080,69731,135267,549454,1006
CN7,64MB,16,48,397,50594,54789,58459,59507,1554
CN7,64MB,16,48,398,14615,26870,238027,692061,862
CN7,64MB,16,48,399,56886,480248,488637,492831,954
CN7,64MB,16,48,400,44303,187696,196084,198181,1508
CN7,64MB,16,48,401,42730,834667,834667,843056,805
CN7,64MB,16,48,402,44303,47449,50594,51643,1660
CN7,64MB,16,48,403,4228,12649,15533,17695,7895
CN7,64MB,16,48,404,41157,51119,55837,57934,1313
CN7,64MB,16,48,405,64226,859833,876610,876610,665
CN7,64MB,16,48,406,45876,191890,200279,1702888,479
CN7,64MB,16,48,407,10028,15926,22676,23987,4881
CN7,64MB,16,48,408,27132,29492,32113,34866,2587
CN7,64MB,16,48,409,42730,135267,139461,141558,1530
CN7,64MB,16,48,410,12780,17433,31065,31589,2632
CN7,64MB,16,48,411,46400,221250,223347,231736,1371
CN7,64MB,16,48,412,3294,6390,9241,16909,8590
CN7,64MB,16,48,413,41681,53216,56361,56361,1554
CN7,64MB,16,48,414,29754,39584,110625,145753,2232
CN7,64MB,16,48,415,40633,51119,54264,54789,1634
CN7,64MB,16,48,416,3720,7832,12649,13829,7954
CN7,64MB,16,48,417,59507,63177,68682,69731,1313
CN7,64MB,16,48,418,27132,263193,270533,270533,1627
CN7,64MB,16,48,419,42730,45351,46400,46924,1772
CN7,64MB,16,48,420,3556,6128,8291,8586,8801
CN7,64MB,16,48,421,46400,52167,54789,54789,1884
CN7,64MB,16,48,422,47973,55313,58983,59507,1713
CN7,64MB,16,48,423,41681,55313,183501,191890,1417
CN7,64MB,16,48,424,53740,308282,312476,312476,1136
CN7,64MB,16,48,425,55837,68682,73925,74974,1502
CN7,64MB,16,48,426,2900,5604,15664,16909,6669
CN7,64MB,16,48,427,39584,45351,51119,61080,1746
CN7,64MB,16,48,428,58459,910164,918553,918553,687
CN7,64MB,16,48,429,40109,367002,375391,383779,1271
CN7,64MB,16,48,430,42206,50594,55313,55837,1686
CN7,64MB,16,48,431,3490,7701,11863,13435,7304
CN7,64MB,16,48,432,36963,48497,50594,52167,2026
CN7,64MB,16,48,433,40109,46924,57410,59507,1547
CN7,64MB,16,48,434,62129,446694,450888,450888,973
CN7,64MB,16,48,435,31327,33817,38536,39060,2451
CN7,64MB,16,48,436,31065,57410,80217,81265,2350
CN7,64MB,16,48,437,28181,131597,137364,141558,1974
CN7,64MB,16,48,438,58459,371196,375391,375391,1011
CN7,64MB,16,48,439,43779,48497,51119,53216,1796
CN7,64MB,16,48,440,14091,30802,80217,82314,3377
CN7,64MB,16,48,441,49021,58983,183501,291505,1213
CN7,64MB,16,48,442,45351,350225,371196,371196,1092
CN7,64MB,16,48,443,29492,44303,47973,48497,2256
CN7,64MB,16,48,444,60556,124257,128451,204473,1181
CN7,64MB,16,48,445,2835,6849,14484,20579,6796
CN7,64MB,16,48,446,43254,47449,49021,50594,1605
CN7,64MB,16,48,447,27657,33424,38536,45351,1854
CN7,64MB,16,48,448,61080,341836,346031,346031,992
CN7,64MB,16,48,449,43779,185598,208667,219153,1498
CN7,64MB,16,48,450,3490,13566,17957,85459,5773
CN7,64MB,16,48,451,50070,55313,59507,60556,1584
CN7,64MB,16,48,452,44303,156238,162530,166724,1577
CN7,64MB,16,48,453,28967,31589,34866,35914,2526
CN7,64MB,16,48,454,36439,42206,152044,164627,1612
CN7,64MB,16,48,455,55837,62129,67634,69731,1510
CN7,64MB,16,48,456,32113,40109,44827,46400,1718
CN7,64MB,16,48,457,62653,68682,73925,73925,1254
CN7,64MB,16,48,458,30278,71828,191890,200279,1784
CN7,64MB,16,48,459,9503,19268,32637,39060,4751
CN7,64MB,16,48,460,35914,41157,45351,47449,1519
CN7,64MB,16,48,461,41157,291505,295699,299893,1364
CN7,64MB,16,48,462,44303,48497,67634,108528,1667
CN7,64MB,16,48,463,42730,231736,235930,235930,1321
CN7,64MB,16,48,464,42206,50070,57934,58983,1890
CN7,64MB,16,48,465,47449,50070,59507,61604,1713
CN7,64MB,16,48,466,63177,67634,69731,71828,1364
CN7,64MB,16,48,467,30540,34341,38011,41681,2526
CN7,64MB,16,48,468,43779,53216,56886,102237,1710
CN7,64MB,16,48,469,8455,17433,33162,37487,4227
CN7,64MB,16,48,470,62653,1451230,1484784,1484784,490
CN7,64MB,16,48,471,32375,42730,117965,154141,2011
CN7,64MB,16,48,472,24249,31065,39060,40109,2711
CN7,64MB,16,48,473,41681,65799,109577,110625,1517
CN7,64MB,16,48,474,40109,45351,52691,53216,1598
CN7,64MB,16,48,475,25297,34341,36439,36439,2902
CN7,64MB,16,48,476,10421,17433,30278,34866,4330
CN7,64MB,16,48,477,47973,50070,51119,53216,1652
CN7,64MB,16,48,478,41157,51643,231736,233833,1160
CN7,64MB,16,48,479,31065,164627,175113,179307,1766
CN7,64MB,16,48,480,25297,31589,39060,39060,2658
CN7,64MB,16,48,481,36439,41157,44303,48497,1455
CN7,64MB,16,48,482,31851,38011,42206,42730,1603
CN7,64MB,16,48,483,46400,742392,750781,750781,759
CN7,64MB,16,48,484,66847,1920992,1920992,1920992,376
CN7,64MB,16,48,485,3458,7963,14746,16581,7354
CN7,64MB,16,48,486,44827,52691,55837,67634,1229
CN7,64MB,16,48,487,31851,52167,59507,68682,2007
CN7,64MB,16,48,488,62653,73925,80217,81265,1366
CN7,64MB,16,48,489,3818,9634,17171,17957,8013
CN7,64MB,16,48,490,43779,47973,50070,52691,1538
CN7,64MB,16,48,491,52691,62129,74974,76022,1584
CN7,64MB,16,48,492,42730,463471,463471,467665,1090
CN7,64MB,16,48,493,27657,31851,34341,35390,2606
CN7,64MB,16,48,494,26084,29492,31065,31327,2463
CN7,64MB,16,48,495,31327,35390,40633,43254,2147
CN7,64MB,16,48,496,71828,77071,82314,104334,1134
CN7,64MB,16,48,497,40633,67634,127402,158335,1814
CN7,64MB,16,48,498,4228,13698,21103,28967,5450
CN7,64MB,16,48,499,47449,58983,69731,74974,1887
CN7,64MB,16,48,500,64750,69731,73925,96994,1271
CN7,64MB,16,48,501,31327,54789,58983,62129,2228
CN7,64MB,16,48,502,50070,650118,683672,683672,879
CN7,64MB,16,48,503,32637,38536,44303,51643,2265
CN7,64MB,16,48,504,48497,55837,59507,59507,1570
CN7,64MB,16,48,505,52167,56886,62129,65274,1430
CN7,64MB,16,48,506,29754,34341,42730,43254,2205
CN7,64MB,16,48,507,2769,9241,12256,16057,8013
CN7,64MB,16,48,508,46400,1635779,1652556,1652556,455
CN7,64MB,16,48,509,23462,27919,34866,44303,2645
CN7,64MB,16,48,510,60556,83362,86508,96994,1504
CN7,64MB,16,48,511,40633,45876,48497,52691,1931
CN7,64MB,16,48,512,43254,87557,92799,93848,1707
CN7,64MB,16,48,513,26346,59507,187696,221250,1380
CN7,64MB,16,48,514,57934,62129,63701,66323,1530
CN7,64MB,16,48,515,41681,59507,65799,66323,1884
CN7,64MB,16,48,516,32900,35390,38536,39584,2232
CN7,64MB,16,48,517,58459,1568670,1568670,1568670,459
CN7,64MB,16,48,518,29754,131597,137364,143655,1897
CN7,64MB,16,48,519,26346,28967,30802,31065,2613
CN7,64MB,16,48,520,28181,40109,46400,47449,2429
CN7,64MB,16,48,521,51643,55837,58459,60031,1603
CN7,64MB,16,48,522,30540,2088764,2088764,2088764,432
CN7,64MB,16,48,523,31851,102237,114820,114820,2191
CN7,64MB,16,48,524,33424,46924,86508,110625,1928
CN7,64MB,16,48,525,56361,121111,126354,130548,1485
CN7,64MB,16,48,526,58459,65799,67634,68682,1430
CN7,64MB,16,48,527,3032,6194,16712,17695,8197
CN7,64MB,16,48,528,7242,14877,19268,25035,5289
CN7,64MB,16,48,529,52167,65799,110625,114820,1363
CN7,64MB,16,48,530,62129,92799,99091,99091,1331
CN7,64MB,16,48,531,30278,34341,45876,49021,2270
CN7,64MB,16,48,532,4113,13960,16909,22152,7111
CN7,64MB,16,48,533,32375,67634,509608,599786,274
CN7,64MB,16,48,534,60031,69731,82314,83362,1387
CN7,64MB,16,48,535,58983,616563,624952,633340,830
CN7,64MB,16,48,536,45876,56886,60556,61080,1500
CN7,64MB,16,48,537,2999,8356,10552,11994,8522
CN7,64MB,16,48,538,52691,64226,67634,69731,1219
CN7,64MB,16,48,539,27919,33162,37487,39060,2089
CN7,64MB,16,48,540,32113,233833,244319,246416,1766
CN7,64MB,16,48,541,3884,13304,21103,52167,6468
CN7,64MB,16,48,542,58983,191890,198181,204473,1098
CN7,64MB,16,48,543,41681,44827,46400,46924,1823
CN7,64MB,16,48,544,42206,46400,49546,54264,1858
CN7,64MB,16,48,545,3097,6783,17433,17957,7562
CN7,64MB,16,48,546,41157,48497,50594,53216,1718
CN7,64MB,16,48,547,29492,32375,39060,39584,2594
CN7,64MB,16,48,548,62653,102237,119014,119014,1308
CN7,64MB,16,48,549,3195,10683,15008,16188,8260
CN7,64MB,16,48,550,47449,51643,54264,55313,1236
CN7,64MB,16,48,551,21103,29492,49021,105382,2265
CN7,64MB,16,48,552,43779,130548,135267,141558,1500
CN7,64MB,16,48,553,3589,11731,16057,147850,1887
CN7,64MB,16,48,554,33817,38011,112722,137364,1422
CN7,64MB,16,48,555,22938,28967,34341,42730,2228
CN7,64MB,16,48,556,48497,58459,64750,66323,1447
CN7,64MB,16,48,557,22152,27132,29230,30278,2344
CN7,64MB,16,48,558,30278,35914,38536,40633,2205
CN7,64MB,16,48,559,43779,51643,175113,187696,1371
CN7,64MB,16,48,560,58459,141558,147850,149947,1391
CN7,64MB,16,48,561,43254,154141,204473,235930,1237
CN7,64MB,16,48,562,7373,18220,25297,32113,5681
CN7,64MB,16,48,563,68682,77071,83362,84411,1185
CN7,64MB,16,48,564,31851,36439,41681,41681,2376
CN7,64MB,16,48,565,10421,17433,23462,25560,4098
CN7,64MB,16,48,566,25560,29754,35914,38536,2178
CN7,64MB,16,48,567,58983,935330,935330,943719,640
CN7,64MB,16,48,568,31589,37487,45351,45876,2256
CN7,64MB,16,48,569,42206,54789,135267,145753,1541
CN7,64MB,16,48,570,2835,10290,14615,23462,7895
CN7,64MB,16,48,571,36439,41681,44303,44827,1662
CN7,64MB,16,48,572,49546,57934,62129,62129,1434
CN7,64MB,16,48,573,25822,38011,54264,57934,2275
CN7,64MB,16,48,574,2868,10159,19006,21890,7725
CN7,64MB,16,48,575,39060,51643,65274,70779,1514
CN7,64MB,16,48,576,33162,37487,42730,42730,1561
CN7,64MB,16,48,577,31065,42730,46924,46924,2061
CN7,64MB,16,48,578,3294,14353,19530,22676,6587
CN7,64MB,16,48,579,28443,44303,189793,193987,1404
CN7,64MB,16,48,580,29492,202376,204473,204473,1835
CN7,64MB,16,48,581,70779,77071,81265,82314,1223
CN7,64MB,16,48,582,3326,8160,14222,15664,8134
CN7,64MB,16,48,583,47449,63701,73925,78119,1246
CN7,64MB,16,48,584,28705,35390,38011,38536,2061
CN7,64MB,16,48,585,36439,58459,105382,143655,1500
CN7,64MB,16,48,586,4228,11076,14091,22414,8013
CN7,64MB,16,48,587,60556,73925,85459,90702,1467
CN7,64MB,16,48,588,38536,44303,46924,55313,1525
CN7,64MB,16,48,589,40109,48497,77071,79168,1271
CN7,64MB,16,48,590,3490,6980,9896,21103,7838
CN7,64MB,16,48,591,51643,145753,166724,166724,1351
CN7,64MB,16,48,592,28705,41681,46924,47449,2350
CN7,64MB,16,48,593,47449,59507,63177,63701,1667
CN7,64MB,16,48,594,4228,9372,14353,15926,8389
CN7,64MB,16,48,595,31327,42206,70779,83362,2061
CN7,64MB,16,48,596,54789,60556,64226,64750,1171
CN7,64MB,16,48,597,28181,43779,48497,49546,2645
CN7,64MB,16,48,598,22414,25822,28705,29754,2991
CN7,64MB,16,48,599,33817,47973,51643,52167,2049
CN7,64MB,16,48,600,35390,43254,50070,53216,1660
CN7,64MB,16,48,601,42730,45876,47973,48497,1743
CN7,64MB,16,48,602,42730,62129,66323,69731,1710
CN7,64MB,16,48,603,2737,10290,35390,87557,5263
CN7,64MB,16,48,604,42730,45876,49021,50594,1644
CN7,64MB,16,48,605,32375,36439,38536,44303,2319
CN7,64MB,16,48,606,58983,69731,78119,78119,1405
CN7,64MB,16,48,607,57934,121111,128451,129500,1342
CN7,64MB,16,48,608,34866,39584,44303,45351,2187
CN7,64MB,16,48,609,31327,38536,115868,126354,1952
CN7,64MB,16,48,610,30016,36963,42206,42206,1624
CN7,64MB,16,48,611,29754,591397,608175,608175,822
CN7,64MB,16,48,612,46924,54264,66323,70779,1699
CN7,64MB,16,48,613,2835,9110,14091,15795,6796
CN7,64MB,16,48,614,67634,71828,81265,82314,1231
CN7,64MB,16,48,615,29230,34341,37487,38011,1808
CN7,64MB,16,48,616,47449,50594,57410,62129,1691
CN7,64MB,16,48,617,54789,58459,64226,65274,1523
CN7,64MB,16,48,618,2868,9241,12780,23725,7111
CN7,64MB,16,48,619,24773,27919,30278,31065,2169
CN7,64MB,16,48,620,51643,56886,65274,73925,1455
CN7,64MB,16,48,621,49546,58983,62129,62653,1584
CN7,64MB,16,48,622,10290,19006,26346,28443,4278
CN7,64MB,16,48,623,49546,53216,57410,58459,1675
CN7,64MB,16,48,624,50070,68682,100140,147850,1449
CN7,64MB,16,48,625,30802,95945,101188,101188,2085
CN7,64MB,16,48,626,29754,34866,38011,39060,2557
CN7,64MB,16,48,627,34866,46400,83362,100140,1532
CN7,64MB,16,48,628,52167,62129,92799,111674,1437
CN7,64MB,16,48,629,39060,43254,46924,47449,1757
CN7,64MB,16,48,630,3359,14222,23200,25560,6243
CN7,64MB,16,48,631,29754,33424,36439,37487,1675
CN7,64MB,16,48,632,44303,53216,87557,95945,1534
CN7,64MB,16,48,633,42730,44827,46400,47449,1823
CN7,64MB,16,48,634,7373,67634,183501,240124,2105
CN7,64MB,16,48,635,49021,63177,69731,76022,1176
CN7,64MB,16,48,636,31851,38011,40633,41157,1713
CN7,64MB,16,48,637,25560,133694,147850,149947,2007
CN7,64MB,16,48,638,3490,13829,20841,24511,5836
CN7,64MB,16,48,639,62653,72877,108528,156238,1153
CN7,64MB,16,48,640,43254,692061,692061,700449,840
CN7,64MB,16,48,641,42730,53216,64750,65274,1686
CN7,64MB,16,48,642,3458,7111,14877,19006,7064
CN7,64MB,16,48,643,39060,45876,87557,94897,1781
CN7,64MB,16,48,644,46400,1920992,1920992,1920992,427
CN7,64MB,16,48,645,47973,51119,53740,54264,1672
CN7,64MB,16,48,646,2311,7439,13566,14222,8260
CN7,64MB,16,48,647,27395,30540,111674,156238,1848
