
CN8,256MB,16,1,1,13173,22152,33162,68682,2213
CN8,256MB,16,1,2,10290,13435,20579,25035,1817
CN8,256MB,16,1,3,12125,19530,859833,884999,1486
CN8,256MB,16,1,4,6390,17957,633340,1002439,1789
CN8,256MB,16,1,5,10552,14877,179307,240124,1777
CN8,256MB,16,1,6,15533,18744,26346,27919,1700
CN8,256MB,16,1,7,10290,14091,21890,152044,2062
CN8,256MB,16,1,8,11731,19268,316670,1417675,1268
CN8,256MB,16,1,9,5866,10421,557843,557843,3198
CN8,256MB,16,1,10,22676,26346,32900,658506,1141
CN8,256MB,16,1,11,6652,12256,734004,843056,1102
CN8,256MB,16,1,12,6849,12649,935330,1434452,1219
CN8,256MB,16,1,13,4686,8586,18744,40109,6153
CN8,256MB,16,1,14,4293,6915,53216,884999,2080
CN8,256MB,16,1,15,1975,3556,8356,15533,13.3
CN8,256MB,16,1,16,12780,16057,25560,45351,1493
CN8,256MB,16,1,17,6259,12649,817890,2466251,1098
CN8,256MB,16,1,18,9503,11994,1820328,1820328,1093
CN8,256MB,16,1,19,2999,11600,700449,1434452,1024
CN8,256MB,16,1,20,2933,6980,851444,977273,1003
CN8,256MB,16,1,21,11207,15401,21103,23462,2236
CN8,256MB,16,1,22,13960,26084,254804,434111,1620
CN8,256MB,16,1,23,10290,14746,210764,501220,1716
CN8,256MB,16,1,24,15795,25560,2332034,2332034,684
CN8,256MB,16,1,25,2638,5800,522191,1434452,1531
CN8,256MB,16,1,26,14877,17695,22414,29492,1299
CN8,256MB,16,1,27,13698,23462,1166017,1182794,1400
CN8,256MB,16,1,28,9372,13435,717226,960496,1811
CN8,256MB,16,1,29,14877,19792,350225,742392,1200
CN8,256MB,16,1,30,4490,6456,396362,1300235,1421
CN8,256MB,16,1,31,1909,4555,14091,24511,12.3
CN8,256MB,16,1,32,10421,18482,425722,1082131,1470
CN8,256MB,16,1,33,10159,13566,308282,926942,1526
CN8,256MB,16,1,34,8586,20579,1384121,1400898,970
CN8,256MB,16,1,35,11469,14222,3607102,3607102,697
CN8,256MB,16,1,36,3982,7308,10028,13173,7895
CN8,256MB,16,1,37,11994,28705,624952,1182794,1226
CN8,256MB,16,1,38,5735,10159,574620,817890,1596
CN8,256MB,16,1,39,5145,10290,675283,708838,1579
CN8,256MB,16,1,40,2008,4080,14222,15533,12.0
CN8,256MB,16,1,41,10028,13435,18744,21627,2186
CN8,256MB,16,1,42,9634,17171,1568670,1853883,777
CN8,256MB,16,1,43,3425,7635,650118,1132463,1093
CN8,256MB,16,1,44,13042,15664,717226,868221,1101
CN8,256MB,16,1,45,3294,10159,18744,2499806,954
CN8,256MB,16,1,46,2704,5342,358613,492831,3106
CN8,256MB,16,1,47,16909,20317,141558,383779,1059
CN8,256MB,16,1,48,7046,14353,658506,1098908,1002
CN8,256MB,16,1,49,5800,10552,530580,918553,1506
CN8,256MB,16,1,50,10290,15795,826278,1027605,1445
CN8,256MB,16,1,51,5538,11863,658506,943719,1247
CN8,256MB,16,1,52,6652,15664,784335,1035994,1121
CN8,256MB,16,1,53,1500,5080,14353,16909,12.6
CN8,256MB,16,1,54,12256,17957,851444,851444,1431
CN8,256MB,16,1,55,6259,8717,574620,817890,1431
CN8,256MB,16,1,56,10814,17171,717226,1098908,1406
CN8,256MB,16,1,57,2278,6587,15008,1216349,1212
CN8,256MB,16,1,58,13566,17695,379585,387974,1885
CN8,256MB,16,1,59,10290,16909,750781,859833,1611
CN8,256MB,16,1,60,10683,15139,977273,1010828,1400
CN8,256MB,16,1,61,9110,11994,859833,1300235,1106
CN8,256MB,16,1,62,2507,5997,910164,977273,1288
CN8,256MB,16,1,63,23462,27132,33162,34866,997
CN8,256MB,16,1,64,7046,23200,1027605,1216349,719
CN8,256MB,16,1,65,4424,7635,675283,960496,1431
CN8,256MB,16,1,66,2573,8717,16450,666895,1747
CN8,256MB,16,1,67,1631,3916,9503,11731,13.1
CN8,256MB,16,1,68,3720,8717,31851,425722,2995
CN8,256MB,16,1,69,12911,17171,24249,26084,1635
CN8,256MB,16,1,70,11994,15926,22676,28443,2163
CN8,256MB,16,1,71,11338,19530,210764,960496,1642
CN8,256MB,16,1,72,1942,4490,13566,16188,12.4
CN8,256MB,16,1,73,10945,15664,29230,32113,1837
CN8,256MB,16,1,74,4686,8717,926942,2105541,1187
CN8,256MB,16,1,75,8717,13829,985662,1061159,1386
CN8,256MB,16,1,76,2409,6980,13829,23987,9988
CN8,256MB,16,1,77,12911,16188,173016,177210,1609
CN8,256MB,16,1,78,10421,15926,467665,641729,1999
CN8,256MB,16,1,79,3326,6521,517997,1098908,2142
CN8,256MB,16,1,80,8717,12911,22152,28443,2815
CN8,256MB,16,1,81,1418,2737,21103,641729,4730
CN8,256MB,16,1,82,10683,15664,25560,219153,2236
CN8,256MB,16,1,83,7177,15401,1283458,2021655,1027
CN8,256MB,16,1,84,5211,10421,337642,893387,2310
CN8,256MB,16,1,85,4113,9241,675283,935330,1503
CN8,256MB,16,1,86,3064,10028,13698,102237,4460
CN8,256MB,16,1,87,14615,19268,25560,30016,1364
CN8,256MB,16,1,88,8586,11207,438305,442500,2873
CN8,256MB,16,1,89,11076,16319,1199571,1199571,1246
CN8,256MB,16,1,90,2311,5735,13829,15533,11.4
CN8,256MB,16,1,91,11469,15926,591397,868221,1464
CN8,256MB,16,1,92,10421,14746,952108,1468007,1325
CN8,256MB,16,1,93,7832,23200,775947,1027605,1241
CN8,256MB,16,1,94,11076,19530,33817,52691,2521
CN8,256MB,16,1,95,11731,15008,21365,28705,1799
CN8,256MB,16,1,96,11731,17171,526386,1904215,1112
CN8,256MB,16,1,97,11076,21627,876610,884999,921
CN8,256MB,16,1,98,10290,15795,541066,750781,1644
CN8,256MB,16,1,99,9634,12387,16909,750781,1828
CN8,256MB,16,1,100,9634,17433,1027605,1035994,1453
CN8,256MB,16,1,101,5014,7767,94897,233833,5095
CN8,256MB,16,1,102,5866,9110,14484,17171,4668
CN8,256MB,16,1,103,19792,24511,40633,48497,1091
CN8,256MB,16,1,104,5342,10683,1333789,1988101,1064
CN8,256MB,16,1,105,5866,11338,692061,725615,1835
CN8,256MB,16,1,106,1614,3392,11338,15008,13.3
CN8,256MB,16,1,107,8094,13435,918553,943719,1706
CN8,256MB,16,1,108,8717,16581,1098908,1350566,1312
CN8,256MB,16,1,109,10421,15926,708838,1300235,1551
CN8,256MB,16,1,110,15008,20055,599786,843056,1205
CN8,256MB,16,1,111,9372,16057,792724,859833,1219
CN8,256MB,16,1,112,17433,20317,26084,30540,1286
CN8,256MB,16,1,113,3163,6259,438305,1937769,1686
CN8,256MB,16,1,114,4686,11207,2004878,2634023,708
CN8,256MB,16,1,115,11600,15270,834667,1002439,1391
CN8,256MB,16,1,116,6652,11731,375391,1098908,1593
CN8,256MB,16,1,117,9896,21890,27395,41157,2746
CN8,256MB,16,1,118,12649,16909,2264925,2264925,893
CN8,256MB,16,1,119,4047,7439,1182794,1870660,983
CN8,256MB,16,1,120,8586,11207,574620,1082131,1390
CN8,256MB,16,1,121,5473,8455,675283,759170,1967
CN8,256MB,16,1,122,1713,3654,13698,24773,12.2
CN8,256MB,16,1,123,17957,24249,851444,851444,949
CN8,256MB,16,1,124,10945,15008,501220,952108,1486
CN8,256MB,16,1,125,2376,4490,19006,692061,2264
CN8,256MB,16,1,126,1926,5211,13304,658506,2540
CN8,256MB,16,1,127,9372,12125,501220,809501,1527
CN8,256MB,16,1,128,11731,21627,700449,977273,1186
CN8,256MB,16,1,129,2409,8455,267387,943719,1909
CN8,256MB,16,1,130,1958,3392,884999,884999,3332
CN8,256MB,16,1,131,10290,13960,926942,1635779,1150
CN8,256MB,16,1,132,5997,9634,1350566,1501561,965
CN8,256MB,16,1,133,10421,13829,624952,1098908,1611
CN8,256MB,16,1,134,10159,14091,1266680,3774874,650
CN8,256MB,16,1,135,4293,12387,1484784,2768241,554
CN8,256MB,16,1,136,4817,17171,417334,1216349,1456
CN8,256MB,16,1,137,2008,4621,13960,20055,12.4
CN8,256MB,16,1,138,15926,23987,1115685,1753220,1193
CN8,256MB,16,1,139,8455,17695,1149240,1400898,1206
CN8,256MB,16,1,140,9634,15795,60031,650118,1851
CN8,256MB,16,1,141,2769,6980,868221,985662,1762
CN8,256MB,16,1,142,17433,21103,24511,26608,1166
CN8,256MB,16,1,143,7373,9765,274727,599786,2374
CN8,256MB,16,1,144,9634,13960,346031,926942,1653
CN8,256MB,16,1,145,5932,8356,633340,641729,1783
CN8,256MB,16,1,146,11600,17171,918553,1115685,1775
CN8,256MB,16,1,147,10421,16581,1602225,1602225,1046
CN8,256MB,16,1,148,9110,27395,1333789,1535116,915
CN8,256MB,16,1,149,13960,17957,1937769,1937769,806
CN8,256MB,16,1,150,1762,4621,13042,65799,10.2
CN8,256MB,16,1,151,11994,15533,19792,21890,1604
CN8,256MB,16,1,152,16581,20317,1585447,1585447,902
CN8,256MB,16,1,153,4228,10290,1216349,1233126,1716
CN8,256MB,16,1,154,3916,7898,666895,1166017,1402
CN8,256MB,16,1,155,11469,16057,683672,834667,1637
CN8,256MB,16,1,156,10421,14877,985662,1434452,1067
CN8,256MB,16,1,157,2835,5997,459277,767558,2526
CN8,256MB,16,1,158,1975,6128,9765,583009,3254
CN8,256MB,16,1,159,17433,20841,30540,31851,1119
CN8,256MB,16,1,160,8029,13435,1384121,2399142,1152
CN8,256MB,16,1,161,13566,20055,1132463,1132463,1305
CN8,256MB,16,1,162,3097,6390,413139,1451230,1341
CN8,256MB,16,1,163,9372,14091,608175,834667,1442
CN8,256MB,16,1,164,1860,4293,13042,30278,12.7
CN8,256MB,16,1,165,18220,21365,47449,164627,1156
CN8,256MB,16,1,166,6915,10552,851444,1027605,1857
CN8,256MB,16,1,167,8717,13960,692061,968885,1299
CN8,256MB,16,1,168,3294,5735,666895,884999,1574
CN8,256MB,16,1,169,2311,5932,14877,517997,3112
CN8,256MB,16,1,170,21627,26346,31065,32637,989
CN8,256MB,16,1,171,7701,20317,1132463,1166017,1031
CN8,256MB,16,1,172,7242,14222,367002,1367344,1090
CN8,256MB,16,1,173,3228,7701,1249903,1400898,861
CN8,256MB,16,1,174,2008,3621,8029,1283458,1274
CN8,256MB,16,1,175,1811,3392,164627,164627,7983
CN8,256MB,16,1,176,14091,19792,33817,38011,1602
CN8,256MB,16,1,177,12911,31065,884999,926942,956
CN8,256MB,16,1,178,4228,7635,28967,1417675,1595
CN8,256MB,16,1,179,7701,13173,926942,1035994,1592
CN8,256MB,16,1,180,3556,9110,18220,750781,4056
CN8,256MB,16,1,181,18482,23987,28967,32375,1057
CN8,256MB,16,1,182,9503,14615,283116,650118,1386
CN8,256MB,16,1,183,5014,8848,599786,884999,1502
CN8,256MB,16,1,184,11994,15926,193987,549454,1505
CN8,256MB,16,1,185,2376,5735,11207,1149240,1541
CN8,256MB,16,1,186,18220,20579,25297,28443,1583
CN8,256MB,16,1,187,5932,11338,834667,952108,1223
CN8,256MB,16,1,188,11338,15664,826278,910164,1407
CN8,256MB,16,1,189,5997,10683,868221,901776,1297
CN8,256MB,16,1,190,4883,9241,784335,1669333,1323
CN8,256MB,16,1,191,10552,13698,23987,26346,2277
CN8,256MB,16,1,192,16712,20317,28705,33817,1335
CN8,256MB,16,1,193,5800,11863,784335,1166017,1397
CN8,256MB,16,1,194,2966,5407,442500,509608,3237
CN8,256MB,16,1,195,23462,33817,392168,400557,835
CN8,256MB,16,1,196,8094,12649,44303,843056,1410
CN8,256MB,16,1,197,6390,11207,809501,1002439,1204
CN8,256MB,16,1,198,14615,18220,68682,497026,1337
CN8,256MB,16,1,199,1795,3392,9372,17695,11.2
CN8,256MB,16,1,200,1565,3523,13829,19006,12.4
CN8,256MB,16,1,201,11994,16909,26870,33162,1350
CN8,256MB,16,1,202,4047,8029,1082131,2701132,621
CN8,256MB,16,1,203,12911,17171,67634,591397,1332
CN8,256MB,16,1,204,3589,10028,591397,952108,1198
CN8,256MB,16,1,205,12780,20841,624952,1149240,1292
CN8,256MB,16,1,206,1631,4228,13042,219153,1876
CN8,256MB,16,1,207,13960,22676,952108,1035994,1242
CN8,256MB,16,1,208,8029,11600,1082131,1400898,1043
CN8,256MB,16,1,209,401,489,1516,,
CN8,256MB,16,1,210,5604,11207,505414,1082131,1505
CN8,256MB,16,1,211,10945,16909,25297,1317012,2281
CN8,256MB,16,1,212,11338,15664,1002439,1002439,1135
CN8,256MB,16,1,213,8586,15926,1035994,2088764,856
CN8,256MB,16,1,214,4359,9634,1061159,1061159,1208
CN8,256MB,16,1,215,4817,13173,1061159,1451230,1014
CN8,256MB,16,1,216,2212,8225,14091,1098908,1814
CN8,256MB,16,1,217,6063,8848,15139,25560,4903
CN8,256MB,16,1,218,13304,17957,33817,371196,1673
CN8,256MB,16,1,219,5735,12649,784335,1069548,1239
CN8,256MB,16,1,220,5997,14353,826278,876610,1194
CN8,256MB,16,1,221,1926,4080,15270,666895,2444
CN8,256MB,16,1,222,16188,19792,28967,31851,1262
CN8,256MB,16,1,223,8848,14222,1132463,1132463,1317
CN8,256MB,16,1,224,10159,21365,884999,952108,968
CN8,256MB,16,1,225,3589,8848,17957,725615,2085
CN8,256MB,16,1,226,9241,11863,18220,24511,2727
CN8,256MB,16,1,227,17171,20317,28181,30278,1231
CN8,256MB,16,1,228,7242,10159,1027605,1035994,1907
CN8,256MB,16,1,229,8979,12649,901776,1166017,1375
CN8,256MB,16,1,230,2606,7308,641729,708838,1715
CN8,256MB,16,1,231,9372,12780,26346,2332034,1084
CN8,256MB,16,1,232,9765,18482,1002439,1002439,1505
CN8,256MB,16,1,233,7177,11731,557843,775947,1240
CN8,256MB,16,1,234,12518,16909,61604,152044,1803
CN8,256MB,16,1,235,7832,13698,1019216,1400898,1514
CN8,256MB,16,1,236,6521,14484,1551893,2701132,1013
CN8,256MB,16,1,237,8160,11994,1400898,1400898,1724
CN8,256MB,16,1,238,10290,15401,38536,122160,2159
CN8,256MB,16,1,239,2008,4015,8291,23200,12.5
CN8,256MB,16,1,240,13042,16909,29754,968885,1371
CN8,256MB,16,1,241,5997,11338,1266680,1568670,1636
CN8,256MB,16,1,242,5997,11469,1182794,1384121,940
CN8,256MB,16,1,243,1582,3392,14091,20055,12.6
CN8,256MB,16,1,244,6718,9372,14222,20317,4094
CN8,256MB,16,1,245,13304,23200,1384121,1384121,956
CN8,256MB,16,1,246,4555,9372,1400898,1434452,1181
CN8,256MB,16,1,247,15664,19268,767558,884999,991
CN8,256MB,16,1,248,5407,13960,283116,767558,1366
CN8,256MB,16,1,249,18220,20841,24511,31327,1614
CN8,256MB,16,1,250,17957,22676,244319,767558,1042
CN8,256MB,16,1,251,11600,16712,675283,750781,986
CN8,256MB,16,1,252,2769,4883,392168,476054,2950
CN8,256MB,16,1,253,5538,9765,34866,2164261,1439
CN8,256MB,16,1,254,13042,16909,25035,27132,1516
CN8,256MB,16,1,255,7635,12387,198181,742392,2053
CN8,256MB,16,1,256,6194,11863,650118,868221,1367
CN8,256MB,16,1,257,3687,5932,574620,817890,1615
CN8,256MB,16,1,258,10421,13829,26870,455082,1700
CN8,256MB,16,1,259,5145,10945,977273,3741320,902
CN8,256MB,16,1,260,6456,10421,170918,1082131,1867
CN8,256MB,16,1,261,3326,8356,467665,985662,1562
CN8,256MB,16,1,262,2540,6128,455082,926942,1357
CN8,256MB,16,1,263,1762,7046,135267,633340,1900
CN8,256MB,16,1,264,15139,19530,73925,817890,1407
CN8,256MB,16,1,265,8586,17957,801113,1182794,1312
CN8,256MB,16,1,266,10683,16319,725615,1635779,1369
CN8,256MB,16,1,267,5342,11994,1266680,2004878,964
CN8,256MB,16,1,268,15139,18744,34341,164627,1258
CN8,256MB,16,1,269,10290,13566,700449,868221,1283
CN8,256MB,16,1,270,5407,11731,968885,968885,1265
CN8,256MB,16,1,271,11076,14222,28443,115868,1554
CN8,256MB,16,1,272,2147,4621,10421,104334,11.6
CN8,256MB,16,1,273,17433,20055,29754,33424,1132
CN8,256MB,16,1,274,7570,10945,910164,952108,1702
CN8,256MB,16,1,275,4752,11731,901776,1971323,853
CN8,256MB,16,1,276,1844,4178,13435,95945,11.7
CN8,256MB,16,1,277,17171,20579,29754,33817,1131
CN8,256MB,16,1,278,5997,13173,98042,1199571,1113
CN8,256MB,16,1,279,2671,9110,16712,1182794,1833
CN8,256MB,16,1,280,18744,24773,901776,910164,1274
CN8,256MB,16,1,281,5800,10028,471860,1166017,1859
CN8,256MB,16,1,282,4293,8029,683672,801113,1400
CN8,256MB,16,1,283,3785,8848,21103,801113,2001
CN8,256MB,16,1,284,4686,7767,708838,817890,1146
CN8,256MB,16,1,285,10028,16450,27657,117965,3063
CN8,256MB,16,1,286,8160,10945,256902,1061159,2031
CN8,256MB,16,1,287,9765,15533,926942,1417675,1212
CN8,256MB,16,1,288,6849,13698,918553,1166017,1736
CN8,256MB,16,1,289,5669,8979,30016,624952,3366
CN8,256MB,16,1,290,8979,13960,557843,2701132,971
CN8,256MB,16,1,291,3916,14091,1434452,1451230,847
CN8,256MB,16,1,292,2671,8979,20841,1082131,2065
CN8,256MB,16,1,293,2671,4359,19268,742392,2518
CN8,256MB,16,1,294,11600,19792,557843,1451230,1195
CN8,256MB,16,1,295,7177,12256,901776,1166017,1235
CN8,256MB,16,1,296,6980,11076,742392,2231370,1107
CN8,256MB,16,1,297,3687,8291,12649,624952,2632
CN8,256MB,16,1,298,17695,25822,1216349,1350566,1096
CN8,256MB,16,1,299,10028,16450,750781,935330,1062
CN8,256MB,16,1,300,3851,18744,893387,960496,1057
CN8,256MB,16,1,301,6718,14615,27657,641729,1144
CN8,256MB,16,1,302,7177,9765,1249903,1266680,955
CN8,256MB,16,1,303,5014,7504,274727,1132463,1344
CN8,256MB,16,1,304,1762,6718,14353,17957,11.7
CN8,256MB,16,1,305,13042,16319,295699,1988101,909
CN8,256MB,16,1,306,1926,4228,10290,725615,2370
CN8,256MB,16,1,307,6980,10159,526386,834667,1878
CN8,256MB,16,1,308,2638,5080,14877,49021,9695
CN8,256MB,16,1,309,11076,16188,258999,291505,1794
CN8,256MB,16,1,310,11076,15664,459277,968885,1439
CN8,256MB,16,1,311,3097,6128,501220,801113,1865
CN8,256MB,16,1,312,19006,25297,1233126,1233126,879
CN8,256MB,16,1,313,16057,20579,666895,3204449,877
CN8,256MB,16,1,314,4555,8291,1149240,2399142,1022
CN8,256MB,16,1,315,4178,8455,583009,1384121,1991
CN8,256MB,16,1,316,18220,21890,26346,29230,1204
CN8,256MB,16,1,317,4293,7504,683672,775947,1794
CN8,256MB,16,1,318,3523,12911,1149240,1149240,1517
CN8,256MB,16,1,319,1795,4228,8848,15401,12.6
CN8,256MB,16,1,320,9765,13698,189793,717226,1425
CN8,256MB,16,1,321,8717,12780,566232,633340,1927
CN8,256MB,16,1,322,3425,11731,624952,801113,1224
CN8,256MB,16,1,323,1631,3163,7832,10814,12.6
CN8,256MB,16,1,324,3294,16057,25822,44827,8505
CN8,256MB,16,1,325,5866,12649,1568670,2122318,1009
CN8,256MB,16,1,326,7570,16712,1619002,1803551,990
CN8,256MB,16,1,327,5080,9241,13960,29754,6796
CN8,256MB,16,1,328,21103,24511,34866,200279,1038
CN8,256MB,16,1,329,9634,18220,408945,534774,2001
CN8,256MB,16,1,330,3621,7373,16188,325059,4029
CN8,256MB,16,1,331,12518,15926,53216,196084,1644
CN8,256MB,16,1,332,11076,14484,28443,497026,1735
CN8,256MB,16,1,333,5800,9241,227541,442500,1779
CN8,256MB,16,1,334,1434,2966,14222,574620,4848
CN8,256MB,16,1,335,15795,19006,34341,901776,1283
CN8,256MB,16,1,336,15008,30802,1166017,1182794,978
CN8,256MB,16,1,337,4490,8848,18220,91751,4033
CN8,256MB,16,1,338,5735,9372,14877,94897,4483
CN8,256MB,16,1,339,19006,23462,35914,38536,1090
CN8,256MB,16,1,340,3818,8979,918553,2701132,611
CN8,256MB,16,1,341,11863,15926,168821,834667,1165
CN8,256MB,16,1,342,4555,8848,14746,183501,7329
CN8,256MB,16,1,343,2147,4490,10028,16909,10.4
CN8,256MB,16,1,344,9765,13566,95945,379585,2240
CN8,256MB,16,1,345,8586,18220,1082131,1149240,1282
CN8,256MB,16,1,346,2606,4080,158335,708838,2393
CN8,256MB,16,1,347,1663,2933,11731,683672,4589
CN8,256MB,16,1,348,13829,18744,137364,350225,1437
CN8,256MB,16,1,349,5407,11469,1098908,1098908,1569
CN8,256MB,16,1,350,3458,7111,147850,968885,1520
CN8,256MB,16,1,351,19530,22938,35390,191890,981
CN8,256MB,16,1,352,8225,12911,1182794,1182794,1137
CN8,256MB,16,1,353,14091,19268,274727,541066,1208
CN8,256MB,16,1,354,4490,11731,27919,767558,1608
CN8,256MB,16,1,355,2638,8717,168821,2231370,1239
CN8,256MB,16,1,356,11994,15926,455082,692061,1572
CN8,256MB,16,1,357,5735,13042,1052771,1149240,1533
CN8,256MB,16,1,358,4424,8979,608175,876610,1213
CN8,256MB,16,1,359,1631,2802,11338,101188,12.3
CN8,256MB,16,1,360,9372,16909,675283,767558,1510
CN8,256MB,16,1,361,15795,21103,38536,44827,1441
CN8,256MB,16,1,362,8979,13173,522191,952108,1503
CN8,256MB,16,1,363,2180,5473,13829,15270,10.6
CN8,256MB,16,1,364,3720,8291,13566,480248,2688
CN8,256MB,16,1,365,14746,19006,42730,1044382,998
CN8,256MB,16,1,366,16057,25822,1035994,1317012,842
CN8,256MB,16,1,367,2474,4883,13960,826278,1085
CN8,256MB,16,1,368,3949,7111,591397,834667,1296
CN8,256MB,16,1,369,1532,3228,6980,20841,13.5
CN8,256MB,16,1,370,16909,20841,123208,217056,1069
CN8,256MB,16,1,371,11469,17957,1069548,1069548,1390
CN8,256MB,16,1,372,4113,8225,534774,952108,1244
CN8,256MB,16,1,373,9634,13173,24773,291505,1618
CN8,256MB,16,1,374,3687,7439,173016,329253,3876
CN8,256MB,16,1,375,17171,22414,52167,425722,1407
CN8,256MB,16,1,376,7308,13435,2399142,2466251,771
CN8,256MB,16,1,377,6063,15795,1182794,1686111,1241
CN8,256MB,16,1,378,5473,10028,14353,851444,1636
CN8,256MB,16,1,379,2540,4424,358613,358613,5549
CN8,256MB,16,1,380,253,743,1429,,
CN8,256MB,16,1,381,7898,14615,1652556,1652556,1151
CN8,256MB,16,1,382,11469,14746,320865,325059,1605
CN8,256MB,16,1,383,2147,5211,252707,254804,6468
CN8,256MB,16,1,384,14484,19792,55837,123208,1486
CN8,256MB,16,1,385,10028,18220,859833,935330,1081
CN8,256MB,16,1,386,11207,14877,189793,455082,1437
CN8,256MB,16,1,387,2769,8717,1082131,1098908,1268
CN8,256MB,16,1,388,2180,5407,12125,17433,9652
CN8,256MB,16,1,389,12649,16319,21103,36963,1509
CN8,256MB,16,1,390,7898,12649,960496,960496,1929
CN8,256MB,16,1,391,5014,8586,1233126,1434452,1266
CN8,256MB,16,1,392,11076,14746,27132,480248,1740
CN8,256MB,16,1,393,16450,41681,2004878,2004878,641
CN8,256MB,16,1,394,3851,8029,329253,1044382,1398
CN8,256MB,16,1,395,3589,11076,25035,717226,2208
CN8,256MB,16,1,396,2573,9241,23725,81265,9965
CN8,256MB,16,1,397,7963,18744,1417675,1619002,906
CN8,256MB,16,1,398,6521,13042,750781,1803551,1408
CN8,256MB,16,1,399,6063,10290,1098908,1182794,1448
CN8,256MB,16,1,400,5407,8717,935330,935330,2586
CN8,256MB,16,1,401,15008,18744,122160,320865,1384
CN8,256MB,16,1,402,15926,20055,775947,1082131,988
CN8,256MB,16,1,403,5145,9110,408945,692061,1477
CN8,256MB,16,1,404,11600,16057,29492,304088,1821
CN8,256MB,16,1,405,6980,14353,27395,42730,4783
CN8,256MB,16,1,406,9765,18744,1233126,2600469,1122
CN8,256MB,16,1,407,13304,16450,25035,2499806,833
CN8,256MB,16,1,408,2180,9372,15401,1434452,1160
CN8,256MB,16,1,409,8586,18220,26346,1082131,1786
CN8,256MB,16,1,410,10552,13960,21365,35390,1747
CN8,256MB,16,1,411,6783,13566,784335,1317012,1332
CN8,256MB,16,1,412,10421,16319,1333789,1350566,1672
CN8,256MB,16,1,413,3163,11469,69731,851444,2201
CN8,256MB,16,1,414,17957,22676,526386,530580,1015
CN8,256MB,16,1,415,14746,20579,557843,700449,1246
CN8,256MB,16,1,416,4817,9896,977273,1132463,1190
CN8,256MB,16,1,417,7242,11600,367002,541066,1998
CN8,256MB,16,1,418,1991,4293,22938,87557,11.9
CN8,256MB,16,1,419,114,192,1354,,
CN8,256MB,16,1,420,5211,14484,801113,1061159,1711
CN8,256MB,16,1,421,6783,15008,675283,1082131,1274
CN8,256MB,16,1,422,2008,3884,8094,943719,1752
CN8,256MB,16,1,423,1713,3752,13566,566232,4842
CN8,256MB,16,1,424,15664,19006,23725,37487,1449
CN8,256MB,16,1,425,6783,16188,1400898,1417675,1330
CN8,256MB,16,1,426,6194,12256,1061159,1568670,1596
CN8,256MB,16,1,427,2147,4817,8848,13042,10.7
CN8,256MB,16,1,428,176,1278,,,
CN8,256MB,16,1,429,3392,6456,20579,750781,2378
CN8,256MB,16,1,430,1795,3458,13566,23725,12.9
CN8,256MB,16,1,431,11863,16450,121111,658506,1779
CN8,256MB,16,1,432,6456,15008,700449,910164,1358
CN8,256MB,16,1,433,6849,10421,918553,960496,1713
CN8,256MB,16,1,434,4146,5407,9896,14091,7711
CN8,256MB,16,1,435,9765,16712,734004,1082131,1128
CN8,256MB,16,1,436,5800,13698,734004,1010828,1321
CN8,256MB,16,1,437,5800,10421,49021,287310,3908
CN8,256MB,16,1,438,12256,15926,22414,96994,1666
CN8,256MB,16,1,439,12911,16712,21890,65274,2164
CN8,256MB,16,1,440,10945,14615,30016,337642,2015
CN8,256MB,16,1,441,16581,23200,505414,509608,964
CN8,256MB,16,1,442,15926,20841,467665,750781,1272
CN8,256MB,16,1,443,2966,7635,750781,809501,1895
CN8,256MB,16,1,444,2343,8717,12780,202376,3684
CN8,256MB,16,1,445,14091,17433,22676,26608,1391
CN8,256MB,16,1,446,4178,7308,1132463,1132463,1337
CN8,256MB,16,1,447,4948,10683,666895,968885,1795
CN8,256MB,16,6,1,21627,40109,49546,50594,2334
CN8,256MB,16,6,2,39584,47449,54789,57410,2327
CN8,256MB,16,6,3,48497,52691,57410,58459,1927
CN8,256MB,16,6,4,34866,45351,57410,64226,2646
CN8,256MB,16,6,5,34866,56361,69731,72877,2351
CN8,256MB,16,6,6,46924,53740,64226,67634,1997
CN8,256MB,16,6,7,38536,52167,175113,175113,2329
CN8,256MB,16,6,8,35914,49021,149947,154141,2399
CN8,256MB,16,6,9,33162,43254,50070,52167,1853
CN8,256MB,16,6,10,22676,28443,45351,49021,2625
CN8,256MB,16,6,11,49546,64226,868221,876610,1344
CN8,256MB,16,6,12,6915,17695,179307,191890,6439
CN8,256MB,16,6,13,49546,56361,62653,66323,1767
CN8,256MB,16,6,14,39060,45351,49021,51119,1917
CN8,256MB,16,6,15,33424,43779,50070,56886,2246
CN8,256MB,16,6,16,14222,23725,33817,44303,4674
CN8,256MB,16,6,17,36439,46924,61080,67634,1741
CN8,256MB,16,6,18,42206,49021,1283458,1283458,1044
CN8,256MB,16,6,19,42206,60031,278922,283116,2039
CN8,256MB,16,6,20,43779,50594,56886,58983,1999
CN8,256MB,16,6,21,43254,49021,52691,59507,2012
CN8,256MB,16,6,22,33817,45351,52691,56361,1876
CN8,256MB,16,6,23,2147,13304,16909,22938,10.5
CN8,256MB,16,6,24,49546,55313,61604,67634,1765
CN8,256MB,16,6,25,32375,56886,2122318,2139096,1119
CN8,256MB,16,6,26,44303,63177,238027,240124,1768
CN8,256MB,16,6,27,22414,36439,42730,46924,2708
CN8,256MB,16,6,28,32113,37487,42206,43779,2488
CN8,256MB,16,6,29,51119,56886,61080,63701,1903
CN8,256MB,16,6,30,31065,41157,1887437,1887437,1189
CN8,256MB,16,6,31,28443,44303,109577,113771,2741
CN8,256MB,16,6,32,50070,65799,263193,263193,1671
CN8,256MB,16,6,33,27395,47973,187696,193987,2544
CN8,256MB,16,6,34,2638,7242,16319,18744,11.0
CN8,256MB,16,6,35,46400,68682,1149240,1166017,1082
CN8,256MB,16,6,36,46924,58983,1501561,1501561,1201
CN8,256MB,16,6,37,46400,53216,62653,66847,2325
CN8,256MB,16,6,38,27657,34866,42206,43779,2764
CN8,256MB,16,6,39,39584,45876,56886,62653,1594
CN8,256MB,16,6,40,46400,62129,977273,977273,1133
CN8,256MB,16,6,41,29230,36439,154141,158335,2663
CN8,256MB,16,6,42,34341,64226,1333789,1333789,1241
CN8,256MB,16,6,43,46924,58459,633340,633340,1532
CN8,256MB,16,6,44,31065,44827,208667,217056,2343
CN8,256MB,16,6,45,35914,46400,2105541,2105541,1168
CN8,256MB,16,6,46,44303,50070,291505,291505,1854
CN8,256MB,16,6,47,28181,35914,72877,80217,2841
CN8,256MB,16,6,48,40633,92799,231736,235930,1951
CN8,256MB,16,6,49,45351,53740,60031,61604,1890
CN8,256MB,16,6,50,34866,39584,43779,46400,2133
CN8,256MB,16,6,51,47449,55313,66323,70779,1901
CN8,256MB,16,6,52,1860,4948,12780,19268,13.0
CN8,256MB,16,6,53,58983,78119,84411,86508,1570
CN8,256MB,16,6,54,32900,38536,45351,52691,2451
CN8,256MB,16,6,55,7701,13566,30540,33162,8028
CN8,256MB,16,6,56,58459,71828,77071,79168,1580
CN8,256MB,16,6,57,33817,46924,50594,52691,2674
CN8,256MB,16,6,58,43254,231736,1820328,1820328,1028
CN8,256MB,16,6,59,2114,6456,13304,25035,11.8
CN8,256MB,16,6,60,28443,32113,45876,47449,3029
CN8,256MB,16,6,61,51643,63701,308282,316670,1706
CN8,256MB,16,6,62,28967,45876,229639,231736,2504
CN8,256MB,16,6,63,4883,13173,27395,30540,9851
CN8,256MB,16,6,64,46924,50594,54264,55313,1955
CN8,256MB,16,6,65,31065,35914,46924,52167,2833
CN8,256MB,16,6,66,54264,64750,147850,149947,1718
CN8,256MB,16,6,67,2073,4752,14746,16909,10.3
CN8,256MB,16,6,68,39060,44827,49021,55313,1904
CN8,256MB,16,6,69,36963,48497,56361,58459,1935
CN8,256MB,16,6,70,35390,44827,53740,56886,2280
CN8,256MB,16,6,71,45351,53216,65274,73925,2151
CN8,256MB,16,6,72,31851,35390,38536,41681,2355
CN8,256MB,16,6,73,46924,54264,66847,68682,1666
CN8,256MB,16,6,74,40633,49546,60556,65799,1985
CN8,256MB,16,6,75,4047,13042,21103,46400,7496
CN8,256MB,16,6,76,43254,67634,76022,79168,1696
CN8,256MB,16,6,77,45876,287310,1434452,1451230,890
CN8,256MB,16,6,78,51119,64226,977273,985662,1253
CN8,256MB,16,6,79,2311,5014,8586,10683,12.7
CN8,256MB,16,6,80,31065,36439,41157,44303,2694
CN8,256MB,16,6,81,47449,54789,62653,66847,1865
CN8,256MB,16,6,82,27919,34866,41157,44827,2706
CN8,256MB,16,6,83,2089,5473,10552,11338,13.1
CN8,256MB,16,6,84,54789,63177,69731,70779,1654
CN8,256MB,16,6,85,28967,41681,54264,54789,2906
CN8,256MB,16,6,86,42730,54264,59507,63701,2297
CN8,256MB,16,6,87,50594,56361,62653,65274,1985
CN8,256MB,16,6,88,31589,37487,40109,43779,1951
CN8,256MB,16,6,89,53216,62653,80217,83362,1828
CN8,256MB,16,6,90,2474,10159,18482,23987,10.3
CN8,256MB,16,6,91,33162,38011,43779,45351,1770
CN8,256MB,16,6,92,47449,58983,826278,834667,1501
CN8,256MB,16,6,93,43254,62653,212861,217056,2122
CN8,256MB,16,6,94,12780,15008,19530,25560,6401
CN8,256MB,16,6,95,42730,50594,54264,58983,1814
CN8,256MB,16,6,96,29754,45351,379585,383779,2332
CN8,256MB,16,6,97,51643,66847,1233126,1233126,1209
CN8,256MB,16,6,98,12780,14877,952108,952108,2632
CN8,256MB,16,6,99,43254,47973,50594,51643,1649
CN8,256MB,16,6,100,27657,32375,35914,39584,2798
CN8,256MB,16,6,101,43779,66323,591397,591397,1366
CN8,256MB,16,6,102,2114,5997,13698,22938,11.9
CN8,256MB,16,6,103,31065,35914,38011,41681,2807
CN8,256MB,16,6,104,39060,46924,52691,54789,1672
CN8,256MB,16,6,105,47973,66847,179307,183501,1923
CN8,256MB,16,6,106,2147,9372,17433,26346,10.8
CN8,256MB,16,6,107,36439,49546,57934,61604,1818
CN8,256MB,16,6,108,24773,28967,31589,34341,2936
CN8,256MB,16,6,109,33162,44827,51119,52167,2269
CN8,256MB,16,6,110,34866,40109,45351,50070,1802
CN8,256MB,16,6,111,23200,28181,34341,43254,2968
CN8,256MB,16,6,112,49546,78119,1350566,1367344,1153
CN8,256MB,16,6,113,2769,7111,16450,22938,11.2
CN8,256MB,16,6,114,31327,36439,42206,45876,1814
CN8,256MB,16,6,115,30540,39584,429917,434111,2351
CN8,256MB,16,6,116,51119,68682,809501,809501,1291
CN8,256MB,16,6,117,1729,4424,11600,24249,13.3
CN8,256MB,16,6,118,36439,43254,55837,57410,1867
CN8,256MB,16,6,119,30016,61604,977273,985662,1335
CN8,256MB,16,6,120,51643,63701,231736,235930,1722
CN8,256MB,16,6,121,2409,5211,11600,17433,11.7
CN8,256MB,16,6,122,27395,35390,1434452,1434452,1303
CN8,256MB,16,6,123,43254,107480,244319,248513,1829
CN8,256MB,16,6,124,27657,31589,187696,191890,2632
CN8,256MB,16,6,125,20055,29230,99091,104334,4231
CN8,256MB,16,6,126,38536,56886,66323,73925,1746
CN8,256MB,16,6,127,31851,38011,42730,45351,2793
CN8,256MB,16,6,128,52691,66847,1736442,1736442,855
CN8,256MB,16,6,129,2606,8356,14615,21365,10.7
CN8,256MB,16,6,130,45876,52167,59507,62653,1817
CN8,256MB,16,6,131,41157,278922,1870660,1870660,1080
CN8,256MB,16,6,132,44827,64750,183501,191890,2061
CN8,256MB,16,6,133,31327,36439,39584,42730,2694
CN8,256MB,16,6,134,36963,67634,2667578,2667578,830
CN8,256MB,16,6,135,31065,46400,274727,278922,2386
CN8,256MB,16,6,136,31327,41681,834667,834667,1848
CN8,256MB,16,6,137,34866,39584,45876,49021,2563
CN8,256MB,16,6,138,53740,60031,65274,70779,1647
CN8,256MB,16,6,139,37487,51119,55313,60031,2214
CN8,256MB,16,6,140,2278,6521,13829,17433,11.9
CN8,256MB,16,6,141,45351,53740,734004,742392,1540
CN8,256MB,16,6,142,28443,38536,156238,160433,2693
CN8,256MB,16,6,143,46400,60031,1098908,1098908,1346
CN8,256MB,16,6,144,1958,5538,14222,20841,12.1
CN8,256MB,16,6,145,49021,56886,63701,65274,1895
CN8,256MB,16,6,146,43779,76022,488637,497026,1564
CN8,256MB,16,6,147,41157,47973,177210,183501,2196
CN8,256MB,16,6,148,26084,35914,40633,41157,2496
CN8,256MB,16,6,149,45876,54789,64226,65799,1811
CN8,256MB,16,6,150,30278,36439,40109,42730,3029
CN8,256MB,16,6,151,27919,67634,162530,166724,2932
CN8,256MB,16,6,152,43254,60031,1283458,1283458,1026
CN8,256MB,16,6,153,26346,122160,283116,287310,2324
CN8,256MB,16,6,154,45351,80217,1501561,1518339,1095
CN8,256MB,16,6,155,2212,7177,14484,22414,11.0
CN8,256MB,16,6,156,61604,73925,80217,80217,1603
CN8,256MB,16,6,157,51119,80217,1736442,1753220,882
CN8,256MB,16,6,158,29754,45876,137364,139461,2558
CN8,256MB,16,6,159,26870,33424,91751,92799,3121
CN8,256MB,16,6,160,43779,50070,834667,834667,1529
CN8,256MB,16,6,161,34341,45351,70779,72877,2628
CN8,256MB,16,6,162,47449,55837,62129,66323,2032
CN8,256MB,16,6,163,40633,50070,54264,56361,2067
CN8,256MB,16,6,164,32900,39584,47973,51119,2180
CN8,256MB,16,6,165,54789,86508,616563,624952,1412
CN8,256MB,16,6,166,46400,52167,700449,708838,1620
CN8,256MB,16,6,167,38536,44303,46924,50070,1969
CN8,256MB,16,6,168,27919,36439,46400,48497,2361
CN8,256MB,16,6,169,30802,38011,43254,50070,2257
CN8,256MB,16,6,170,27657,36963,46400,51119,2581
CN8,256MB,16,6,171,38536,46924,52167,55313,2096
CN8,256MB,16,6,172,21103,36439,50070,52167,2734
CN8,256MB,16,6,173,55837,68682,1652556,1652556,1087
CN8,256MB,16,6,174,38536,47449,53216,60031,2526
CN8,256MB,16,6,175,49021,53740,58983,72877,1897
CN8,256MB,16,6,176,35390,49546,54264,56361,2531
CN8,256MB,16,6,177,44827,52167,252707,256902,2078
CN8,256MB,16,6,178,31589,38536,156238,158335,2572
CN8,256MB,16,6,179,48497,53216,69731,74974,1883
CN8,256MB,16,6,180,30278,34866,141558,143655,2744
CN8,256MB,16,6,181,47973,63177,83362,91751,2039
CN8,256MB,16,6,182,45876,56361,1115685,1132463,1110
CN8,256MB,16,6,183,45351,52167,89654,91751,2205
CN8,256MB,16,6,184,50070,66847,196084,198181,1724
CN8,256MB,16,6,185,1827,10552,14222,16909,10.5
CN8,256MB,16,6,186,50594,55837,60556,64750,1813
CN8,256MB,16,6,187,28181,34341,40109,43254,3059
CN8,256MB,16,6,188,36439,46924,54264,56886,2288
CN8,256MB,16,6,189,42730,47973,55313,58983,1772
CN8,256MB,16,6,190,27395,32113,35914,38011,2807
CN8,256MB,16,6,191,28443,47449,112722,119014,2353
CN8,256MB,16,6,192,1942,5932,18744,96994,9544
CN8,256MB,16,6,193,51119,60031,69731,72877,1884
CN8,256MB,16,6,194,28443,42730,103285,104334,2798
CN8,256MB,16,6,195,43254,58459,299893,299893,1948
CN8,256MB,16,6,196,39060,46924,50070,54789,1777
CN8,256MB,16,6,197,46924,54789,62653,68682,1984
CN8,256MB,16,6,198,27919,34866,53740,55837,2628
CN8,256MB,16,6,199,28967,37487,89654,90702,2813
CN8,256MB,16,6,200,35390,84411,189793,191890,2151
CN8,256MB,16,6,201,41681,73925,88605,90702,2205
CN8,256MB,16,6,202,35914,45351,809501,817890,1798
CN8,256MB,16,6,203,29230,43779,608175,616563,1903
CN8,256MB,16,6,204,51119,58983,429917,438305,1575
CN8,256MB,16,6,205,31851,43254,52167,65799,2696
CN8,256MB,16,6,206,32900,45876,130548,133694,2766
CN8,256MB,16,6,207,52167,65274,1044382,1044382,1271
CN8,256MB,16,6,208,28181,31589,38536,44303,3031
CN8,256MB,16,6,209,43779,53740,341836,346031,1868
CN8,256MB,16,6,210,2057,4424,11731,15664,12.4
CN8,256MB,16,6,211,39060,46400,52167,54264,1749
CN8,256MB,16,6,212,27657,33817,38536,40633,2466
CN8,256MB,16,6,213,47449,60031,1199571,1199571,1021
CN8,256MB,16,6,214,2180,5080,10683,16057,12.7
CN8,256MB,16,6,215,22414,26346,30278,31327,2811
CN8,256MB,16,6,216,52691,73925,145753,166724,1618
CN8,256MB,16,6,217,32637,68682,484443,488637,2116
CN8,256MB,16,6,218,30540,35390,110625,115868,2842
CN8,256MB,16,6,219,42206,49021,53216,53740,1819
CN8,256MB,16,6,220,42730,51643,58459,60031,2223
CN8,256MB,16,6,221,32113,37487,42206,48497,1958
CN8,256MB,16,6,222,2180,5342,13698,14222,11.0
CN8,256MB,16,6,223,30016,37487,42206,44303,1840
CN8,256MB,16,6,224,30016,33424,358613,358613,2460
CN8,256MB,16,6,225,52167,66323,71828,77071,1753
CN8,256MB,16,6,226,3359,11600,22676,27395,10.5
CN8,256MB,16,6,227,32637,39060,44303,46924,1983
CN8,256MB,16,6,228,43254,53740,63177,66323,2107
CN8,256MB,16,6,229,47973,287310,425722,425722,1338
CN8,256MB,16,6,230,2868,8029,13960,33817,10.7
CN8,256MB,16,6,231,38011,44827,52167,57410,1609
CN8,256MB,16,6,232,23725,30278,40633,43779,2778
CN8,256MB,16,6,233,47973,54789,68682,70779,1947
CN8,256MB,16,6,234,2278,5145,13566,15139,12.3
CN8,256MB,16,6,235,32900,38536,45351,50594,2402
CN8,256MB,16,6,236,41681,49546,438305,442500,1708
CN8,256MB,16,6,237,28967,34341,210764,212861,2583
CN8,256MB,16,6,238,27395,34866,102237,120062,3020
CN8,256MB,16,6,239,39584,48497,56886,62653,1715
CN8,256MB,16,6,240,27132,33424,37487,38536,2743
CN8,256MB,16,6,241,33424,41157,58459,61604,2463
CN8,256MB,16,6,242,2442,7439,19268,27395,10.8
CN8,256MB,16,6,243,42206,57410,212861,214959,1460
CN8,256MB,16,6,244,27132,32637,90702,98042,3018
CN8,256MB,16,6,245,47973,122160,994051,1010828,1058
CN8,256MB,16,6,246,2245,10290,13566,18744,11.7
CN8,256MB,16,6,247,54789,67634,73925,78119,1671
CN8,256MB,16,6,248,42730,49546,599786,608175,1486
CN8,256MB,16,6,249,42730,87557,459277,459277,1757
CN8,256MB,16,6,250,2474,5342,13829,20841,11.4
CN8,256MB,16,6,251,31589,43254,50594,52691,2443
CN8,256MB,16,6,252,48497,56361,64226,68682,1843
CN8,256MB,16,6,253,2540,9765,15664,17695,11.3
CN8,256MB,16,6,254,31851,35914,39060,41157,2609
CN8,256MB,16,6,255,47449,60556,742392,742392,1465
CN8,256MB,16,6,256,39584,110625,141558,143655,2194
CN8,256MB,16,6,257,27657,34866,114820,116917,3327
CN8,256MB,16,6,258,45876,52691,58459,60556,1773
CN8,256MB,16,6,259,35914,45876,633340,633340,1936
CN8,256MB,16,6,260,51119,60031,168821,170918,1806
CN8,256MB,16,6,261,2343,5342,15139,26870,10.9
CN8,256MB,16,6,262,31589,36963,44827,50594,1794
CN8,256MB,16,6,263,27132,35390,42206,44303,2970
CN8,256MB,16,6,264,30540,105382,2264925,2264925,1085
CN8,256MB,16,6,265,47449,64226,994051,1002439,1157
CN8,256MB,16,6,266,42206,58983,78119,82314,2294
CN8,256MB,16,6,267,30016,43254,254804,261096,2401
CN8,256MB,16,6,268,50070,64750,1019216,1027605,1345
CN8,256MB,16,6,269,31589,46924,876610,884999,1819
CN8,256MB,16,6,270,48497,53740,57934,58459,1890
CN8,256MB,16,6,271,2212,7308,16712,19530,11.3
CN8,256MB,16,6,272,50070,55313,61604,65799,1822
CN8,256MB,16,6,273,49546,65274,346031,350225,1744
CN8,256MB,16,6,274,43779,50070,859833,859833,1341
CN8,256MB,16,6,275,21890,25822,33424,38011,3951
CN8,256MB,16,6,276,10814,19006,26346,30278,6252
CN8,256MB,16,6,277,47973,53216,59507,61080,1648
CN8,256MB,16,6,278,28181,39060,183501,185598,2648
CN8,256MB,16,6,279,47449,112722,616563,624952,1444
CN8,256MB,16,6,280,2089,5407,14222,21627,11.0
CN8,256MB,16,6,281,47449,51643,56361,57934,1863
CN8,256MB,16,6,282,43779,55837,65274,68682,1794
CN8,256MB,16,6,283,3654,10945,404751,408945,5187
CN8,256MB,16,6,284,45876,51643,65799,68682,1998
CN8,256MB,16,6,285,29230,34866,43779,45876,1953
CN8,256MB,16,6,286,23725,34866,404751,408945,2546
CN8,256MB,16,6,287,47449,64226,717226,725615,1267
CN8,256MB,16,6,288,49021,67634,1820328,1820328,658
CN8,256MB,16,6,289,35914,47973,52167,54264,2572
CN8,256MB,16,6,290,28443,35914,843056,859833,1925
CN8,256MB,16,6,291,27919,34866,40109,40633,3077
CN8,256MB,16,6,292,44827,56361,240124,244319,1873
CN8,256MB,16,6,293,45351,60556,238027,242222,2051
CN8,256MB,16,6,294,31327,45351,53740,55837,2538
CN8,256MB,16,6,295,48497,53740,58983,61080,1935
CN8,256MB,16,6,296,43254,50070,1501561,1501561,1286
CN8,256MB,16,6,297,40633,45876,223347,225444,2168
CN8,256MB,16,6,298,36439,76022,329253,358613,1915
CN8,256MB,16,6,299,56361,114820,1769997,1769997,862
CN8,256MB,16,6,300,47973,56361,1853883,1853883,1104
CN8,256MB,16,6,301,47449,56886,65799,69731,1922
CN8,256MB,16,6,302,16450,35914,1652556,1669333,1778
CN8,256MB,16,6,303,36439,46924,54789,57934,2544
CN8,256MB,16,6,304,47973,54264,60031,61604,1944
CN8,256MB,16,6,305,30016,35914,1652556,1652556,1382
CN8,256MB,16,6,306,36439,50070,200279,206570,2286
CN8,256MB,16,6,307,32637,40633,57934,63701,1849
CN8,256MB,16,6,308,23987,35390,46924,47973,1783
CN8,256MB,16,6,309,34341,39060,47973,53740,2700
CN8,256MB,16,6,310,39584,49021,56886,58983,1944
CN8,256MB,16,6,311,36963,48497,63701,70779,2412
CN8,256MB,16,6,312,31851,39584,325059,333448,1943
CN8,256MB,16,6,313,2073,6194,13829,55313,11.2
CN8,256MB,16,6,314,49021,60556,2801796,2801796,824
CN8,256MB,16,6,315,27132,36439,181404,185598,2877
CN8,256MB,16,6,316,47973,56886,557843,557843,1501
CN8,256MB,16,6,317,2147,4948,11338,24773,11.6
CN8,256MB,16,6,318,55313,69731,497026,501220,1449
CN8,256MB,16,6,319,33424,44827,55313,57410,2627
CN8,256MB,16,6,320,46924,56361,616563,624952,1402
CN8,256MB,16,6,321,1614,6915,17433,21365,10.9
CN8,256MB,16,6,322,40109,44827,52167,54264,1717
CN8,256MB,16,6,323,36439,47449,51643,54264,2313
CN8,256MB,16,6,324,14091,26870,141558,141558,4909
CN8,256MB,16,6,325,34341,39584,47449,50594,1862
CN8,256MB,16,6,326,31065,35914,40109,41157,2732
CN8,256MB,16,6,327,41681,63177,70779,74974,1748
CN8,256MB,16,6,328,2835,11207,24511,37487,10.5
CN8,256MB,16,6,329,28443,36439,47973,52691,2646
CN8,256MB,16,6,330,41681,104334,196084,198181,1829
CN8,256MB,16,6,331,25822,37487,261096,263193,2839
CN8,256MB,16,6,332,11338,13829,20055,22414,6669
CN8,256MB,16,6,333,58983,68682,74974,76022,1628
CN8,256MB,16,6,334,16909,36439,2298479,2332034,1211
CN8,256MB,16,6,335,44303,56361,212861,217056,1842
CN8,256MB,16,6,336,2311,5145,11207,14877,11.4
CN8,256MB,16,6,337,42730,59507,63177,65799,2058
CN8,256MB,16,6,338,33817,47973,127402,131597,2470
CN8,256MB,16,6,339,27395,35390,189793,198181,2713
CN8,256MB,16,6,340,17433,26346,624952,624952,2069
CN8,256MB,16,6,341,44303,53216,83362,87557,2141
CN8,256MB,16,6,342,41157,51119,258999,265290,2237
CN8,256MB,16,6,343,29754,35914,1199571,1216349,1367
CN8,256MB,16,6,344,30802,35914,132645,137364,2683
CN8,256MB,16,6,345,49021,60556,1166017,1166017,1214
CN8,256MB,16,6,346,28443,34341,212861,217056,2681
CN8,256MB,16,6,347,29230,34866,325059,329253,2526
CN8,256MB,16,6,348,28181,30802,658506,666895,2117
CN8,256MB,16,6,349,50070,60556,162530,162530,1766
CN8,256MB,16,6,350,28967,41681,132645,137364,2671
CN8,256MB,16,6,351,2114,6456,229639,231736,7243
CN8,256MB,16,6,352,50070,64226,1954546,1971323,1018
CN8,256MB,16,6,353,27657,43779,198181,202376,2816
CN8,256MB,16,6,354,44303,53740,57934,59507,1995
CN8,256MB,16,6,355,1860,5276,13698,23725,12.6
CN8,256MB,16,6,356,44827,50070,53216,54789,1866
CN8,256MB,16,6,357,54264,69731,79168,80217,2029
CN8,256MB,16,6,358,29230,47973,60031,62129,3665
CN8,256MB,16,6,359,49546,55837,1266680,1266680,1160
CN8,256MB,16,6,360,33424,60556,69731,70779,2540
CN8,256MB,16,6,361,43779,63701,320865,325059,2044
CN8,256MB,16,6,362,39060,44827,51119,52691,2300
CN8,256MB,16,6,363,40109,44827,48497,50070,1630
CN8,256MB,16,6,364,24773,31065,36963,39060,2725
CN8,256MB,16,6,365,3916,11994,24773,38536,10.2
CN8,256MB,16,6,366,19530,29230,38536,49021,1943
CN8,256MB,16,6,367,325059,557843,717226,717226,503
CN8,256MB,16,6,368,30540,33817,204473,206570,2494
CN8,256MB,16,6,369,1991,4555,10814,15008,12.3
CN8,256MB,16,6,370,46924,55313,62653,65799,1665
CN8,256MB,16,6,371,43254,48497,683672,683672,1418
CN8,256MB,16,6,372,30016,41157,45876,50070,2778
CN8,256MB,16,6,373,37487,50070,54789,55837,2569
CN8,256MB,16,6,374,44303,549454,1233126,1233126,929
CN8,256MB,16,6,375,36439,46924,287310,287310,2317
CN8,256MB,16,6,376,27657,39060,304088,304088,2555
CN8,256MB,16,6,377,34341,51643,89654,95945,2473
CN8,256MB,16,6,378,39060,51119,1384121,1384121,1312
CN8,256MB,16,6,379,53216,66323,557843,557843,1475
CN8,256MB,16,6,380,2802,6718,17171,23200,11.4
CN8,256MB,16,6,381,39060,54264,1350566,1350566,1175
CN8,256MB,16,6,382,50070,63177,354419,367002,1658
CN8,256MB,16,6,383,23200,217056,591397,591397,2091
CN8,256MB,16,6,384,2573,10028,12256,25297,10.0
CN8,256MB,16,6,385,49546,69731,943719,952108,1143
CN8,256MB,16,6,386,28705,44827,250610,256902,2507
CN8,256MB,16,6,387,42730,49021,65799,67634,2191
CN8,256MB,16,6,388,2311,5669,13960,26084,11.3
CN8,256MB,16,6,389,41157,46924,51643,54789,2310
CN8,256MB,16,6,390,44827,51643,55837,57410,1693
CN8,256MB,16,6,391,24511,32113,46924,47973,3503
CN8,256MB,16,6,392,14353,21365,27657,28967,4837
CN8,256MB,16,6,393,49546,54789,61080,64750,1850
CN8,256MB,16,6,394,35390,45876,566232,566232,2018
CN8,256MB,16,6,395,43779,57934,191890,198181,1819
CN8,256MB,16,6,396,2073,5145,9765,20055,12.1
CN8,256MB,16,6,397,51119,55313,65274,67634,1787
CN8,256MB,16,6,398,42206,47449,658506,658506,1767
CN8,256MB,16,6,399,42730,49021,84411,85459,2289
CN8,256MB,16,6,400,36439,42730,943719,943719,1657
CN8,256MB,16,6,401,44827,62653,1283458,1300235,1084
CN8,256MB,16,6,402,43254,60556,214959,217056,2144
CN8,256MB,16,6,403,44303,52167,81265,85459,2272
CN8,256MB,16,6,404,45876,53216,57410,58459,2215
CN8,256MB,16,6,405,37487,43254,48497,52691,1829
CN8,256MB,16,6,406,26608,34341,41681,43779,3486
CN8,256MB,16,6,407,31327,36439,62653,64226,2748
CN8,256MB,16,6,408,54789,63701,83362,88605,1715
CN8,256MB,16,6,409,15664,30278,85459,90702,4479
CN8,256MB,16,6,410,31851,38011,43779,46924,2824
CN8,256MB,16,6,411,47449,58983,65799,68682,1895
CN8,256MB,16,6,412,39584,69731,198181,202376,2032
CN8,256MB,16,6,413,1467,10552,14615,17695,4589
CN8,256MB,16,6,414,19268,26346,30278,34341,1954
CN8,256MB,16,6,415,30540,40109,206570,208667,2486
CN8,256MB,16,6,416,31851,36963,131597,133694,2561
CN8,256MB,16,6,417,27657,53216,517997,530580,2169
CN8,256MB,16,6,418,46400,60031,96994,100140,1851
CN8,256MB,16,6,419,40633,48497,278922,283116,2082
CN8,256MB,16,6,420,2278,5604,12518,25035,11.6
CN8,256MB,16,6,421,44827,51643,58459,61080,1850
CN8,256MB,16,6,422,29230,41157,45351,47449,2428
CN8,256MB,16,6,423,25560,34341,208667,212861,2846
CN8,256MB,16,6,424,45351,52691,59507,60556,1862
CN8,256MB,16,6,425,31851,37487,42206,43779,2529
CN8,256MB,16,6,426,51119,254804,1853883,1870660,830
CN8,256MB,16,6,427,2442,4883,11338,17695,12.0
CN8,256MB,16,6,428,44303,53740,61604,62129,1765
CN8,256MB,16,6,429,31851,43779,708838,717226,1564
CN8,256MB,16,6,430,46400,59507,202376,208667,1771
CN8,256MB,16,6,431,2409,5276,14615,22152,11.2
CN8,256MB,16,6,432,31065,34866,38536,40109,2741
CN8,256MB,16,6,433,50594,61080,1002439,1002439,1270
CN8,256MB,16,6,434,29754,35914,162530,168821,2727
CN8,256MB,16,6,435,2024,6063,13435,20841,10.8
CN8,256MB,16,6,436,31851,45876,54264,58459,1745
CN8,256MB,16,6,437,36439,47973,51643,51643,2447
CN8,256MB,16,6,438,29754,33817,36963,39060,2938
CN8,256MB,16,6,439,40633,45876,50070,51643,1815
CN8,256MB,16,6,440,42730,49021,208667,225444,1943
CN8,256MB,16,6,441,35914,47449,137364,141558,2474
CN8,256MB,16,6,442,42206,48497,2088764,2088764,1084
CN8,256MB,16,6,443,44827,50070,55313,62653,2099
CN8,256MB,16,6,444,50070,68682,375391,375391,1647
CN8,256MB,16,6,445,2057,5145,14222,18482,12.2
CN8,256MB,16,6,446,44303,50594,70779,76022,2014
CN8,256MB,16,6,447,34866,54264,83362,117965,762
CN8,256MB,16,6,448,1942,6194,11076,17433,12.4
CN8,256MB,16,6,449,40633,47973,52691,56886,1811
CN8,256MB,16,6,450,47973,60031,717226,717226,1547
CN8,256MB,16,6,451,50594,55837,61604,64226,1838
CN8,256MB,16,6,452,5276,18482,26870,34341,6410
CN8,256MB,16,6,453,25297,32113,37487,39060,2771
CN8,256MB,16,6,454,43779,48497,53740,55837,1735
CN8,256MB,16,6,455,15008,30278,46400,48497,4668
CN8,256MB,16,6,456,42206,53216,1300235,1317012,1179
CN8,256MB,16,6,457,47973,55313,263193,267387,1858
CN8,256MB,16,6,458,44303,53216,198181,200279,1808
CN8,256MB,16,6,459,6783,18744,26346,40633,6608
CN8,256MB,16,6,460,29230,45351,341836,346031,2398
CN8,256MB,16,6,461,45351,62129,145753,154141,1955
CN8,256MB,16,6,462,45876,66847,258999,263193,1858
CN8,256MB,16,6,463,2966,7635,17171,22938,10.3
CN8,256MB,16,6,464,53740,114820,2164261,2197816,691
CN8,256MB,16,6,465,36963,44827,509608,513803,2024
CN8,256MB,16,6,466,43254,47973,375391,379585,1776
CN8,256MB,16,6,467,2057,6587,15795,23987,11.2
CN8,256MB,16,6,468,41681,52167,55837,56361,1998
CN8,256MB,16,6,469,42730,54264,270533,283116,1808
CN8,256MB,16,6,470,44303,50594,1233126,1233126,1291
CN8,256MB,16,6,471,2278,5604,13829,18744,11.3
CN8,256MB,16,6,472,43779,55837,1417675,1417675,957
CN8,256MB,16,6,473,41157,58459,204473,204473,2282
CN8,256MB,16,6,474,41681,47973,408945,413139,1844
CN8,256MB,16,6,475,1975,8225,14353,15926,11.6
CN8,256MB,16,6,476,45351,49021,2122318,2122318,1030
CN8,256MB,16,6,477,34341,46924,206570,206570,2291
CN8,256MB,16,6,478,10814,13829,16909,22676,7483
CN8,256MB,16,6,479,44827,396362,834667,843056,1067
CN8,256MB,16,6,480,29754,46400,1451230,1451230,1464
CN8,256MB,16,6,481,53740,66847,81265,85459,1719
CN8,256MB,16,6,482,2376,4948,10683,15926,12.0
CN8,256MB,16,6,483,25560,30540,34866,40633,2780
CN8,256MB,16,6,484,36963,45876,734004,734004,1478
CN8,256MB,16,6,485,33424,44303,233833,235930,2280
CN8,256MB,16,6,486,3752,13829,20841,32637,9337
CN8,256MB,16,6,487,44303,60031,295699,295699,1785
CN8,256MB,16,6,488,28967,63177,2055209,2055209,1102
CN8,256MB,16,6,489,51119,62129,1115685,1132463,1265
CN8,256MB,16,6,490,40633,46400,316670,320865,2045
CN8,256MB,16,6,491,47973,54789,60031,64226,2038
CN8,256MB,16,6,492,33817,41157,45351,61604,1846
CN8,256MB,16,6,493,31589,38536,50070,57410,1848
CN8,256MB,16,6,494,2245,4817,13042,14615,11.0
CN8,256MB,16,6,495,50070,61080,88605,90702,1797
CN8,256MB,16,6,496,28967,36439,45351,52691,2978
CN8,256MB,16,6,497,46924,53740,517997,517997,1564
CN8,256MB,16,6,498,10814,15401,208667,210764,5225
CN8,256MB,16,6,499,49546,64750,93848,98042,1788
CN8,256MB,16,6,500,45876,58459,69731,73925,2068
CN8,256MB,16,6,501,44303,51643,1019216,1019216,1402
CN8,256MB,16,6,502,1582,7570,14877,24773,10.8
CN8,256MB,16,6,503,32375,36439,40633,42730,2705
CN8,256MB,16,6,504,32637,40633,160433,162530,2065
CN8,256MB,16,6,505,41681,48497,101188,103285,2238
CN8,256MB,16,6,506,26608,38011,225444,231736,2798
CN8,256MB,16,6,507,12387,42206,51119,55837,3591
CN8,256MB,16,6,508,45351,51643,56886,59507,1660
CN8,256MB,16,6,509,23987,27657,34341,36963,2827
CN8,256MB,16,6,510,2073,6128,10552,12125,11.8
CN8,256MB,16,6,511,43779,50070,53740,57410,1637
CN8,256MB,16,6,512,25560,33424,41681,44827,2518
CN8,256MB,16,6,513,49546,77071,1434452,1434452,1151
CN8,256MB,16,6,514,2073,5538,9896,22938,11.9
CN8,256MB,16,6,515,40109,46400,53216,56361,1773
CN8,256MB,16,6,516,34341,41681,46924,51119,2176
CN8,256MB,16,6,517,27657,38011,50594,54789,2760
CN8,256MB,16,6,518,39060,43779,46400,48497,1649
CN8,256MB,16,6,519,34341,50070,54789,56886,2443
CN8,256MB,16,6,520,43779,49021,54264,55313,1911
CN8,256MB,16,6,521,2245,4817,10814,25035,11.7
CN8,256MB,16,6,522,32375,36963,40633,41681,2671
CN8,256MB,16,6,523,39060,62653,67634,72877,1684
CN8,256MB,16,6,524,23462,32637,42206,44827,3818
CN8,256MB,16,6,525,42206,48497,400557,408945,1865
CN8,256MB,16,6,526,44303,65274,2768241,2768241,823
CN8,256MB,16,6,527,35914,55313,261096,265290,2339
CN8,256MB,16,6,528,28705,33817,39060,43254,2930
CN8,256MB,16,6,529,31065,37487,51643,55837,2566
CN8,256MB,16,48,1,21627,30540,40633,43779,2879
CN8,256MB,16,48,2,23462,28967,39584,45876,2466
CN8,256MB,16,48,3,36963,52167,1249903,1266680,1222
CN8,256MB,16,48,4,33162,50594,126354,129500,2681
CN8,256MB,16,48,5,39584,50070,1019216,1027605,1474
CN8,256MB,16,48,6,29230,41681,231736,233833,2635
CN8,256MB,16,48,7,45876,91751,1249903,1249903,1063
CN8,256MB,16,48,8,7177,17957,25035,36439,6577
CN8,256MB,16,48,9,27919,33817,278922,278922,2625
CN8,256MB,16,48,10,43254,48497,658506,666895,1539
CN8,256MB,16,48,11,48497,58983,952108,960496,1286
CN8,256MB,16,48,12,19268,42730,135267,141558,3748
CN8,256MB,16,48,13,49546,56361,61080,62653,1916
CN8,256MB,16,48,14,50594,62129,868221,876610,1347
CN8,256MB,16,48,15,47973,164627,2298479,2298479,930
CN8,256MB,16,48,16,49021,67634,2835350,2835350,826
CN8,256MB,16,48,17,26870,34866,121111,124257,3156
CN8,256MB,16,48,18,27132,32900,488637,505414,2403
CN8,256MB,16,48,19,49021,59507,72877,76022,1878
CN8,256MB,16,48,20,32375,46400,158335,160433,2451
CN8,256MB,16,48,21,45351,185598,1149240,1149240,1003
CN8,256MB,16,48,22,2212,4752,11863,20841,11.9
CN8,256MB,16,48,23,38011,49021,54789,56361,2350
CN8,256MB,16,48,24,48497,55313,69731,71828,1935
CN8,256MB,16,48,25,20317,33817,47973,48497,4378
CN8,256MB,16,48,26,25560,31327,36963,49546,3215
CN8,256MB,16,48,27,56361,65799,73925,77071,1642
CN8,256MB,16,48,28,40633,48497,624952,633340,1451
CN8,256MB,16,48,29,29492,44827,158335,164627,2504
CN8,256MB,16,48,30,21627,28967,41681,46924,3266
CN8,256MB,16,48,31,54264,72877,86508,88605,1645
CN8,256MB,16,48,32,31065,55837,181404,183501,2444
CN8,256MB,16,48,33,44303,63177,261096,265290,1671
CN8,256MB,16,48,34,2442,4359,9896,20579,12.6
CN8,256MB,16,48,35,47449,63701,1837106,1853883,1092
CN8,256MB,16,48,36,31327,35390,53216,54264,2875
CN8,256MB,16,48,37,49546,57410,69731,71828,1882
CN8,256MB,16,48,38,2073,4621,13304,20055,11.4
CN8,256MB,16,48,39,43779,61080,67634,73925,2120
CN8,256MB,16,48,40,34866,44827,51119,55837,1879
CN8,256MB,16,48,41,29230,38536,59507,61080,3271
CN8,256MB,16,48,42,34341,42206,49021,51643,2393
CN8,256MB,16,48,43,54789,64226,295699,299893,1580
CN8,256MB,16,48,44,30540,36439,145753,147850,2782
CN8,256MB,16,48,45,42206,78119,362808,371196,1776
CN8,256MB,16,48,46,2278,7832,16581,20841,11.3
CN8,256MB,16,48,47,52691,60556,65274,66847,1649
CN8,256MB,16,48,48,27657,31851,35390,40109,2720
CN8,256MB,16,48,49,40109,46924,53216,55837,1994
CN8,256MB,16,48,50,2606,5932,13829,19006,10.8
CN8,256MB,16,48,51,29754,35390,43254,45876,2381
CN8,256MB,16,48,52,43779,63701,1686111,1702888,815
CN8,256MB,16,48,53,38536,93848,893387,893387,1561
CN8,256MB,16,48,54,5145,16319,24511,48497,6828
CN8,256MB,16,48,55,50070,66323,2038432,2055209,998
CN8,256MB,16,48,56,36439,47449,53740,55313,2570
CN8,256MB,16,48,57,49021,59507,72877,76022,1845
CN8,256MB,16,48,58,2278,5342,13042,16057,12.2
CN8,256MB,16,48,59,36963,44827,50594,53740,2468
CN8,256MB,16,48,60,54264,66323,68682,76022,1757
CN8,256MB,16,48,61,31327,36963,43779,47973,2978
CN8,256MB,16,48,62,3163,10945,17433,20579,10.7
CN8,256MB,16,48,63,46400,53740,61080,64750,1828
CN8,256MB,16,48,64,21627,28967,36439,39584,3274
CN8,256MB,16,48,65,22414,33817,88605,92799,3725
CN8,256MB,16,48,66,44827,67634,379585,383779,1641
CN8,256MB,16,48,67,29230,35914,40633,43779,2912
CN8,256MB,16,48,68,34866,1249903,1904215,1904215,683
CN8,256MB,16,48,69,28705,36439,119014,121111,2848
CN8,256MB,16,48,70,48497,463471,675283,683672,1133
CN8,256MB,16,48,71,37487,46924,566232,574620,1604
CN8,256MB,16,48,72,4113,13698,51119,57410,7809
CN8,256MB,16,48,73,34866,42730,47973,51119,1814
CN8,256MB,16,48,74,31589,38011,41681,44827,2701
CN8,256MB,16,48,75,40633,49021,54264,59507,1747
CN8,256MB,16,48,76,1975,4621,12387,17695,12.4
CN8,256MB,16,48,77,52691,57934,61604,66323,1755
CN8,256MB,16,48,78,32113,39060,45876,50594,1933
CN8,256MB,16,48,79,29492,40633,44303,46400,2641
CN8,256MB,16,48,80,15664,21103,23462,26608,4442
CN8,256MB,16,48,81,40109,46924,467665,471860,1583
CN8,256MB,16,48,82,43254,49021,935330,935330,1363
CN8,256MB,16,48,83,32900,44303,125305,185598,2412
CN8,256MB,16,48,84,43779,267387,926942,935330,1097
CN8,256MB,16,48,85,26608,39060,354419,358613,2575
CN8,256MB,16,48,86,43779,66847,214959,219153,1828
CN8,256MB,16,48,87,10290,15401,101188,105382,6839
CN8,256MB,16,48,88,44827,51643,54264,56361,1916
CN8,256MB,16,48,89,45351,52691,56886,58459,1887
CN8,256MB,16,48,90,26084,33817,39584,41681,3193
CN8,256MB,16,48,91,47973,84411,708838,708838,1281
CN8,256MB,16,48,92,6915,19006,23462,26084,5812
CN8,256MB,16,48,93,40633,55313,62129,69731,1722
CN8,256MB,16,48,94,27657,36439,42730,49021,2418
CN8,256MB,16,48,95,36963,46924,1199571,1199571,1215
CN8,256MB,16,48,96,47973,55313,61080,65274,1839
CN8,256MB,16,48,97,30802,37487,41681,42730,2552
CN8,256MB,16,48,98,21365,28967,108528,109577,3142
CN8,256MB,16,48,99,37487,52167,66847,73925,2564
CN8,256MB,16,48,100,41157,50594,78119,82314,1997
CN8,256MB,16,48,101,32900,62129,143655,147850,2457
CN8,256MB,16,48,102,18220,26608,33162,54264,4219
CN8,256MB,16,48,103,50594,58983,62653,64226,1651
CN8,256MB,16,48,104,39584,48497,55837,2139096,1117
CN8,256MB,16,48,105,28967,37487,244319,246416,2534
CN8,256MB,16,48,106,53740,65274,70779,72877,1666
CN8,256MB,16,48,107,23987,30802,36439,39060,2784
CN8,256MB,16,48,108,45351,55313,63701,64750,1871
CN8,256MB,16,48,109,2147,4817,9241,13960,12.4
CN8,256MB,16,48,110,46400,51643,55837,58983,1749
CN8,256MB,16,48,111,43254,170918,650118,650118,1364
CN8,256MB,16,48,112,32375,46400,1082131,1082131,1610
CN8,256MB,16,48,113,37487,47973,734004,759170,1591
CN8,256MB,16,48,114,35914,45351,50594,51643,1748
CN8,256MB,16,48,115,28705,53740,1182794,1182794,1197
CN8,256MB,16,48,116,43779,52167,76022,80217,2029
CN8,256MB,16,48,117,2073,5473,13566,15401,12.5
CN8,256MB,16,48,118,30540,41681,45351,48497,2871
CN8,256MB,16,48,119,43779,54264,210764,214959,1789
CN8,256MB,16,48,120,40109,52691,396362,400557,2089
CN8,256MB,16,48,121,21365,30540,1971323,1971323,1422
CN8,256MB,16,48,122,50070,65274,566232,566232,1542
CN8,256MB,16,48,123,26870,36963,217056,225444,2818
CN8,256MB,16,48,124,43779,59507,191890,198181,1749
CN8,256MB,16,48,125,1663,4817,14091,15139,12.2
CN8,256MB,16,48,126,29754,38011,43779,46924,2399
CN8,256MB,16,48,127,46400,60556,541066,541066,1638
CN8,256MB,16,48,128,30278,34866,57934,61604,2904
CN8,256MB,16,48,129,30540,38536,549454,549454,2043
CN8,256MB,16,48,130,51643,65799,1484784,1484784,1127
CN8,256MB,16,48,131,30016,35914,45876,51119,2894
CN8,256MB,16,48,132,49546,320865,1400898,1417675,951
CN8,256MB,16,48,133,2376,6128,11863,154141,8119
CN8,256MB,16,48,134,41681,47973,52691,55837,1794
CN8,256MB,16,48,135,55313,834667,1736442,1753220,722
CN8,256MB,16,48,136,30278,45876,104334,107480,2822
CN8,256MB,16,48,137,30016,46400,549454,557843,1745
CN8,256MB,16,48,138,28705,33817,1233126,1233126,1649
CN8,256MB,16,48,139,45351,54264,624952,633340,1588
CN8,256MB,16,48,140,33817,41681,191890,196084,2553
CN8,256MB,16,48,141,53216,67634,162530,164627,1703
CN8,256MB,16,48,142,2409,7570,14746,22938,11.3
CN8,256MB,16,48,143,31327,36963,101188,104334,2609
CN8,256MB,16,48,144,48497,116917,884999,893387,1280
CN8,256MB,16,48,145,35914,47973,124257,126354,2402
CN8,256MB,16,48,146,2802,6783,14615,27132,10.5
CN8,256MB,16,48,147,53740,68682,1233126,1233126,960
CN8,256MB,16,48,148,31065,39584,66323,74974,2802
CN8,256MB,16,48,149,53216,66847,115868,121111,1769
CN8,256MB,16,48,150,13304,21890,36439,39060,5563
CN8,256MB,16,48,151,45876,52691,59507,63701,1700
CN8,256MB,16,48,152,49021,337642,583009,583009,1240
CN8,256MB,16,48,153,47449,52167,57410,59507,1990
CN8,256MB,16,48,154,25560,51119,55837,58459,3395
CN8,256MB,16,48,155,44827,56361,181404,183501,1820
CN8,256MB,16,48,156,27132,31589,90702,91751,3149
CN8,256MB,16,48,157,44303,50070,851444,851444,1490
CN8,256MB,16,48,158,2040,4359,13829,14746,11.0
CN8,256MB,16,48,159,48497,60556,1417675,1417675,1135
CN8,256MB,16,48,160,46400,55313,725615,725615,1506
CN8,256MB,16,48,161,44827,56361,1027605,1035994,1252
CN8,256MB,16,48,162,51643,65274,308282,312476,1621
CN8,256MB,16,48,163,2180,4490,14484,26084,11.8
CN8,256MB,16,48,164,50594,66847,1669333,1669333,993
CN8,256MB,16,48,165,31065,36963,42206,44827,2852
CN8,256MB,16,48,166,49021,54264,61080,71828,1847
CN8,256MB,16,48,167,2311,5342,11600,19530,11.8
CN8,256MB,16,48,168,28181,35390,40109,49021,2344
CN8,256MB,16,48,169,41681,47449,51119,53740,1739
CN8,256MB,16,48,170,11207,15139,18744,20055,6753
CN8,256MB,16,48,171,29230,36439,246416,246416,2531
CN8,256MB,16,48,172,44827,128451,2298479,2298479,928
CN8,256MB,16,48,173,11469,28705,156238,170918,5263
CN8,256MB,16,48,174,28443,34341,40633,44827,2989
CN8,256MB,16,48,175,48497,58983,834667,834667,1431
CN8,256MB,16,48,176,30278,35914,68682,71828,2791
CN8,256MB,16,48,177,36439,49021,1652556,1652556,1031
CN8,256MB,16,48,178,32113,36963,41681,46400,2679
CN8,256MB,16,48,179,48497,55313,70779,76022,1860
CN8,256MB,16,48,180,54264,68682,83362,85459,1837
CN8,256MB,16,48,181,2024,6718,12125,16909,11.9
CN8,256MB,16,48,182,43779,56361,1535116,1535116,1137
CN8,256MB,16,48,183,28967,41681,173016,175113,2613
CN8,256MB,16,48,184,36963,52691,316670,337642,2477
CN8,256MB,16,48,185,42730,47973,58459,62129,1760
CN8,256MB,16,48,186,23200,29754,34866,36439,2715
CN8,256MB,16,48,187,52691,64226,76022,78119,1681
CN8,256MB,16,48,188,2024,5211,13566,16581,11.7
CN8,256MB,16,48,189,27919,34341,39584,40109,2842
CN8,256MB,16,48,190,33817,43779,50070,52691,1747
CN8,256MB,16,48,191,53216,66847,1069548,1069548,1025
CN8,256MB,16,48,192,2057,4621,10159,15008,13.1
CN8,256MB,16,48,193,45351,51119,54264,59507,1740
CN8,256MB,16,48,194,25297,32375,40109,49021,2547
CN8,256MB,16,48,195,20055,29754,43779,46400,4261
CN8,256MB,16,48,196,51643,65274,78119,83362,1706
CN8,256MB,16,48,197,31327,38536,62653,65274,2575
CN8,256MB,16,48,198,47973,60031,124257,127402,1859
CN8,256MB,16,48,199,23200,29492,40109,46924,3926
CN8,256MB,16,48,200,12911,21890,28705,43779,4730
CN8,256MB,16,48,201,53216,67634,74974,79168,1648
CN8,256MB,16,48,202,25560,30540,35390,37487,2863
CN8,256MB,16,48,203,11600,16581,242222,250610,5000
CN8,256MB,16,48,204,47973,61604,217056,229639,1821
CN8,256MB,16,48,205,36439,49021,55837,57934,2534
CN8,256MB,16,48,206,33817,41157,108528,111674,2526
CN8,256MB,16,48,207,57410,320865,1098908,1115685,981
CN8,256MB,16,48,208,30278,47973,1501561,1518339,1474
CN8,256MB,16,48,209,50594,64750,767558,784335,1320
CN8,256MB,16,48,210,27132,31589,166724,173016,2916
CN8,256MB,16,48,211,19268,28967,32900,34341,3992
CN8,256MB,16,48,212,46400,52691,61604,70779,1665
CN8,256MB,16,48,213,28705,35390,40633,41157,2928
CN8,256MB,16,48,214,11731,14222,20317,22676,5629
CN8,256MB,16,48,215,38011,45876,51643,55313,1784
CN8,256MB,16,48,216,27657,33162,37487,38536,2605
CN8,256MB,16,48,217,44827,54789,60031,64750,2245
CN8,256MB,16,48,218,5473,14877,23200,41157,6439
CN8,256MB,16,48,219,44303,51119,54789,55837,1828
CN8,256MB,16,48,220,52691,65799,74974,79168,1858
CN8,256MB,16,48,221,2606,6194,11469,19268,11.5
CN8,256MB,16,48,222,43254,47449,534774,541066,1661
CN8,256MB,16,48,223,27395,32375,39584,43254,3092
CN8,256MB,16,48,224,40633,62129,198181,200279,1599
CN8,256MB,16,48,225,2057,4293,8848,20841,12.2
CN8,256MB,16,48,226,35914,43779,49021,57934,1901
CN8,256MB,16,48,227,40109,51119,193987,196084,1912
CN8,256MB,16,48,228,46400,60556,217056,221250,1804
CN8,256MB,16,48,229,2073,6128,13829,18482,11.6
CN8,256MB,16,48,230,28443,35390,985662,985662,1778
CN8,256MB,16,48,231,43779,501220,1333789,1333789,956
CN8,256MB,16,48,232,35390,50594,641729,641729,1813
CN8,256MB,16,48,233,30540,53740,233833,235930,2351
CN8,256MB,16,48,234,46400,52167,56361,61604,1779
CN8,256MB,16,48,235,34341,55313,84411,96994,2461
CN8,256MB,16,48,236,55313,73925,137364,145753,1789
CN8,256MB,16,48,237,2114,5473,12518,17433,11.9
CN8,256MB,16,48,238,45876,53740,60031,61604,1803
CN8,256MB,16,48,239,28967,34341,39584,41681,2914
CN8,256MB,16,48,240,54264,68682,73925,76022,1820
CN8,256MB,16,48,241,2343,5735,15139,19006,12.2
CN8,256MB,16,48,242,28181,31327,33817,36439,2760
CN8,256MB,16,48,243,46400,51643,54789,58459,1925
CN8,256MB,16,48,244,29230,54264,675283,683672,1949
CN8,256MB,16,48,245,30540,42730,312476,316670,2403
CN8,256MB,16,48,246,43779,49021,1199571,1216349,1351
CN8,256MB,16,48,247,27657,66323,926942,935330,1632
CN8,256MB,16,48,248,50594,61080,67634,70779,1861
CN8,256MB,16,48,249,2212,6456,11731,21627,11.4
CN8,256MB,16,48,250,32637,36963,41681,44303,2693
CN8,256MB,16,48,251,44303,52167,57934,60031,1958
CN8,256MB,16,48,252,28705,33817,1035994,1044382,1769
CN8,256MB,16,48,253,24773,30540,45351,51643,4126
CN8,256MB,16,48,254,45876,50070,53740,55313,1674
CN8,256MB,16,48,255,23725,28181,33162,35390,2824
CN8,256MB,16,48,256,41681,54264,59507,68682,1860
CN8,256MB,16,48,257,2474,5735,13960,17957,11.5
CN8,256MB,16,48,258,49021,66847,1434452,1434452,1189
CN8,256MB,16,48,259,31327,44827,214959,221250,2422
CN8,256MB,16,48,260,27657,32900,208667,217056,2776
CN8,256MB,16,48,261,35390,46400,51119,101188,1757
CN8,256MB,16,48,262,33817,42730,46924,49546,2467
CN8,256MB,16,48,263,27657,36963,295699,304088,2393
CN8,256MB,16,48,264,29230,42206,1333789,1333789,1472
CN8,256MB,16,48,265,28443,47973,111674,114820,2645
CN8,256MB,16,48,266,50070,65274,910164,910164,1369
CN8,256MB,16,48,267,11731,16909,135267,135267,5990
CN8,256MB,16,48,268,24773,28443,30540,32375,2794
CN8,256MB,16,48,269,43254,49021,58459,61080,1742
CN8,256MB,16,48,270,28967,33162,616563,616563,2135
CN8,256MB,16,48,271,44303,55837,143655,147850,1879
CN8,256MB,16,48,272,2040,5211,11207,13566,12.2
CN8,256MB,16,48,273,44303,52167,57934,59507,1721
CN8,256MB,16,48,274,35390,185598,1870660,1887437,1030
CN8,256MB,16,48,275,27657,32637,1719665,1719665,1451
CN8,256MB,16,48,276,49021,71828,675283,675283,1571
CN8,256MB,16,48,277,41157,50070,74974,77071,2324
CN8,256MB,16,48,278,36963,152044,183501,191890,2089
CN8,256MB,16,48,279,35914,46400,55837,63701,2139
CN8,256MB,16,48,280,38011,58459,1702888,1702888,1199
CN8,256MB,16,48,281,43779,54789,189793,193987,1609
CN8,256MB,16,48,282,2474,5276,10945,14877,11.5
CN8,256MB,16,48,283,32113,43779,1451230,1468007,1315
CN8,256MB,16,48,284,53740,72877,114820,120062,1796
CN8,256MB,16,48,285,43779,50594,350225,350225,1824
CN8,256MB,16,48,286,2343,5014,8455,15664,12.4
CN8,256MB,16,48,287,52691,58459,62653,64226,1598
CN8,256MB,16,48,288,43254,206570,843056,851444,1354
CN8,256MB,16,48,289,14353,19530,111674,116917,4709
CN8,256MB,16,48,290,27919,33162,36439,42730,2758
CN8,256MB,16,48,291,50594,62129,141558,143655,1734
CN8,256MB,16,48,292,30540,333448,1300235,1585447,1050
CN8,256MB,16,48,293,44827,53740,308282,308282,1820
CN8,256MB,16,48,294,57410,68682,72877,73925,1639
CN8,256MB,16,48,295,36963,50070,58459,61080,2471
CN8,256MB,16,48,296,51643,71828,2021655,2021655,994
CN8,256MB,16,48,297,2245,6259,14222,22152,11.6
CN8,256MB,16,48,298,41681,48497,53216,57934,1719
CN8,256MB,16,48,299,31589,39584,177210,179307,2724
CN8,256MB,16,48,300,50070,67634,362808,362808,1616
CN8,256MB,16,48,301,1909,6718,14091,17433,12.1
CN8,256MB,16,48,302,47973,53216,56886,57934,1800
CN8,256MB,16,48,303,27919,38536,45876,50070,2341
CN8,256MB,16,48,304,3392,8979,24773,36439,9317
CN8,256MB,16,48,305,34866,51119,64226,65799,1660
CN8,256MB,16,48,306,28705,33162,325059,329253,2648
CN8,256MB,16,48,307,49546,139461,2021655,2021655,902
CN8,256MB,16,48,308,2638,5669,15926,82314,10.5
CN8,256MB,16,48,309,39584,48497,1061159,1061159,1520
CN8,256MB,16,48,310,47449,53740,72877,77071,1911
CN8,256MB,16,48,311,33817,45876,96994,212861,2355
CN8,256MB,16,48,312,15533,26346,700449,700449,2922
CN8,256MB,16,48,313,45351,52691,71828,120062,1958
CN8,256MB,16,48,314,48497,62653,1367344,1367344,1237
CN8,256MB,16,48,315,35390,51119,55837,60031,2526
CN8,256MB,16,48,316,3916,8455,312476,316670,6243
CN8,256MB,16,48,317,47449,64226,238027,244319,1786
CN8,256MB,16,48,318,22676,33817,119014,120062,3317
CN8,256MB,16,48,319,43254,54264,329253,333448,1777
CN8,256MB,16,48,320,1942,6063,13960,19006,11.2
CN8,256MB,16,48,321,45351,51643,56361,64226,1735
CN8,256MB,16,48,322,55837,177210,960496,960496,1145
CN8,256MB,16,48,323,27657,40633,193987,200279,2616
CN8,256MB,16,48,324,5866,12911,16450,20317,9652
CN8,256MB,16,48,325,43254,61604,154141,158335,1789
CN8,256MB,16,48,326,27657,31589,41681,44303,3097
CN8,256MB,16,48,327,39584,51119,708838,708838,1562
CN8,256MB,16,48,328,2278,8586,16581,19006,11.2
CN8,256MB,16,48,329,47973,53216,57934,58983,1780
CN8,256MB,16,48,330,30016,35914,40633,44303,2056
CN8,256MB,16,48,331,2442,5407,9634,12911,12.3
CN8,256MB,16,48,332,48497,62653,708838,708838,1288
CN8,256MB,16,48,333,28443,33817,233833,235930,2637
CN8,256MB,16,48,334,42206,52167,235930,240124,1987
CN8,256MB,16,48,335,2704,5473,13829,19792,11.6
CN8,256MB,16,48,336,44303,53216,3070231,3070231,878
CN8,256MB,16,48,337,44827,57934,308282,316670,1719
CN8,256MB,16,48,338,39060,71828,624952,624952,1550
CN8,256MB,16,48,339,40109,45351,48497,52691,1964
CN8,256MB,16,48,340,48497,62129,1149240,1166017,1401
CN8,256MB,16,48,341,44303,69731,149947,156238,1932
CN8,256MB,16,48,342,17171,24773,164627,168821,4010
CN8,256MB,16,48,343,5014,14091,25297,62129,7304
CN8,256MB,16,48,344,42206,52167,65274,67634,1749
CN8,256MB,16,48,345,50070,64226,283116,287310,1656
CN8,256MB,16,48,346,2540,17695,700449,717226,3436
CN8,256MB,16,48,347,27395,31589,299893,299893,2622
CN8,256MB,16,48,348,47449,125305,375391,379585,1611
CN8,256MB,16,48,349,39060,49021,160433,164627,2278
CN8,256MB,16,48,350,3261,7898,23200,59507,8967
CN8,256MB,16,48,351,50594,56886,1484784,1501561,1128
CN8,256MB,16,48,352,28181,38011,145753,175113,2659
CN8,256MB,16,48,353,52167,123208,212861,214959,1808
CN8,256MB,16,48,354,2573,9241,20841,50070,9806
CN8,256MB,16,48,355,30016,33817,36963,40109,2841
CN8,256MB,16,48,356,52691,63177,2365588,2365588,975
CN8,256MB,16,48,357,32900,62129,1535116,1535116,1306
CN8,256MB,16,48,358,6915,15795,23725,26870,5990
CN8,256MB,16,48,359,46400,58459,884999,893387,1420
CN8,256MB,16,48,360,27919,34341,41157,42730,3003
CN8,256MB,16,48,361,30278,40633,170918,175113,2504
CN8,256MB,16,48,362,51643,57410,63701,69731,1802
CN8,256MB,16,48,363,25297,44303,58983,61604,2767
CN8,256MB,16,48,364,54789,67634,121111,124257,1899
CN8,256MB,16,48,365,8979,13960,17957,21627,7866
CN8,256MB,16,48,366,45351,51119,55837,56886,1808
CN8,256MB,16,48,367,31589,46400,1052771,1052771,1505
CN8,256MB,16,48,368,43779,79168,291505,299893,1749
CN8,256MB,16,48,369,2278,4621,10945,16188,12.3
CN8,256MB,16,48,370,40633,50594,1333789,1333789,1347
CN8,256MB,16,48,371,53216,63701,70779,73925,1785
CN8,256MB,16,48,372,42730,147850,202376,206570,1779
CN8,256MB,16,48,373,2278,5932,13960,17957,11.6
CN8,256MB,16,48,374,52691,65274,350225,354419,1542
CN8,256MB,16,48,375,33424,39584,82314,133694,2541
CN8,256MB,16,48,376,6390,14222,21103,27395,6478
CN8,256MB,16,48,377,51119,57410,62129,64750,1782
CN8,256MB,16,48,378,29230,36963,46400,46924,2805
CN8,256MB,16,48,379,3621,11731,21627,24773,9652
CN8,256MB,16,48,380,44827,55837,2021655,2021655,808
CN8,256MB,16,48,381,26608,36963,122160,126354,3046
CN8,256MB,16,48,382,20841,29492,43254,52167,4338
CN8,256MB,16,48,383,41157,52167,57934,58983,1749
CN8,256MB,16,48,384,34341,40109,47973,51119,2468
CN8,256MB,16,48,385,54789,1098908,1920992,1920992,628
CN8,256MB,16,48,386,3589,13042,36963,61080,7753
CN8,256MB,16,48,387,47449,56886,1384121,1384121,840
CN8,256MB,16,48,388,52691,71828,92799,96994,1778
CN8,256MB,16,48,389,10945,14353,29230,42730,7575
CN8,256MB,16,48,390,32113,41681,49546,55837,2523
CN8,256MB,16,48,391,50070,57410,61604,63177,1843
CN8,256MB,16,48,392,41681,51119,492831,497026,1784
CN8,256MB,16,48,393,2114,6390,21627,42206,11.1
CN8,256MB,16,48,394,32375,39584,68682,74974,2601
CN8,256MB,16,48,395,57410,100140,683672,692061,1233
CN8,256MB,16,48,396,30278,40633,111674,119014,2661
CN8,256MB,16,48,397,31589,46924,408945,425722,2285
CN8,256MB,16,48,398,54789,64226,71828,72877,1756
CN8,256MB,16,48,399,32375,38536,44827,47449,2587
CN8,256MB,16,48,400,40633,49546,1061159,1069548,1170
CN8,256MB,16,48,401,35390,49546,54789,57410,2319
CN8,256MB,16,48,402,39584,50594,63701,69731,1872
CN8,256MB,16,48,403,11207,21890,33424,152044,4075
CN8,256MB,16,48,404,33817,49021,851444,851444,1760
CN8,256MB,16,48,405,44827,55837,85459,88605,2004
CN8,256MB,16,48,406,45351,63701,901776,910164,1323
CN8,256MB,16,48,407,29492,43779,51119,56361,2775
CN8,256MB,16,48,408,43254,50070,329253,329253,1793
CN8,256MB,16,48,409,44827,62653,404751,408945,1694
CN8,256MB,16,48,410,33424,44303,767558,775947,1822
CN8,256MB,16,48,411,42730,62653,2105541,2122318,760
CN8,256MB,16,48,412,28181,49021,183501,202376,2491
CN8,256MB,16,48,413,2704,6390,9765,12911,11.2
CN8,256MB,16,48,414,42206,53216,64750,70779,2008
CN8,256MB,16,48,415,47973,54789,817890,817890,1039
CN8,256MB,16,48,416,35390,42730,759170,767558,1564
CN8,256MB,16,48,417,32375,46400,265290,270533,2417
CN8,256MB,16,48,418,49021,56886,63177,65274,2014
CN8,256MB,16,48,419,45351,64750,221250,229639,1717
CN8,256MB,16,48,420,2180,5997,14222,17171,11.6
CN8,256MB,16,48,421,27919,35390,113771,115868,2776
CN8,256MB,16,48,422,53216,95945,1988101,1988101,984
CN8,256MB,16,48,423,43254,102237,156238,158335,1888
CN8,256MB,16,48,424,3785,12125,27657,46400,7405
CN8,256MB,16,48,425,49546,62653,834667,843056,1260
CN8,256MB,16,48,426,48497,62129,2055209,2055209,720
CN8,256MB,16,48,427,2212,5211,13173,14353,11.7
CN8,256MB,16,48,428,50594,55837,60556,62129,1656
CN8,256MB,16,48,429,25822,33424,39060,42730,2755
CN8,256MB,16,48,430,27132,45351,1501561,1501561,1521
CN8,256MB,16,48,431,49021,61080,193987,206570,1913
CN8,256MB,16,48,432,35390,45876,256902,261096,2324
CN8,256MB,16,48,433,27657,31851,93848,98042,2989
CN8,256MB,16,48,434,37487,53216,94897,162530,2144
CN8,256MB,16,48,435,28967,34341,40109,53216,2402
CN8,256MB,16,48,436,49021,67634,501220,509608,1423
CN8,256MB,16,48,437,1942,4424,12911,16057,11.6
CN8,256MB,16,48,438,49021,55313,61604,65274,1706
CN8,256MB,16,48,439,31851,42730,49021,50594,2720
CN8,256MB,16,48,440,43779,50594,1010828,1027605,1260
CN8,256MB,16,48,441,2278,5276,13042,14222,11.6
CN8,256MB,16,48,442,32113,37487,41681,42730,2504
CN8,256MB,16,48,443,40109,48497,61080,67634,1822
CN8,256MB,16,48,444,17957,24773,40633,50594,3901
CN8,256MB,16,48,445,30016,36963,42206,45351,2972
CN8,256MB,16,48,446,43254,62129,1887437,1887437,1021
CN8,256MB,16,48,447,33162,52691,162530,183501,2196
CN8,256MB,16,48,448,2900,10945,14484,18482,10.5
CN8,256MB,16,48,449,52167,68682,82314,86508,1670
CN8,256MB,16,48,450,31589,39060,69731,93848,2757
CN8,256MB,16,48,451,2802,8979,18220,23725,9988
CN8,256MB,16,48,452,49021,61604,935330,943719,1066
CN8,256MB,16,48,453,35390,46400,166724,170918,2357
CN8,256MB,16,48,454,28443,32900,196084,200279,2940
CN8,256MB,16,48,455,43254,51119,55313,58459,1814
CN8,256MB,16,48,456,36439,51119,61080,71828,2412
CN8,256MB,16,48,457,26870,34341,42206,47449,2884
CN8,256MB,16,48,458,44303,53216,61080,68682,1930
CN8,256MB,16,48,459,32900,50594,60556,70779,2217
CN8,256MB,16,48,460,37487,44827,56886,61604,2391
CN8,256MB,16,48,461,35390,42730,64226,154141,2199
CN8,256MB,16,48,462,47973,278922,1044382,1069548,1003
CN8,256MB,16,48,463,50594,73925,158335,162530,1923
CN8,256MB,16,48,464,2008,7308,15008,25297,11.0
CN8,256MB,16,48,465,44303,48497,56886,64226,1718
CN8,256MB,16,48,466,31589,36963,43254,46400,2818
CN8,256MB,16,48,467,17695,26608,38011,40633,4338
CN8,256MB,16,48,468,53740,64226,73925,76022,1738
CN8,256MB,16,48,469,29754,38011,44827,45876,2499
CN8,256MB,16,48,470,30540,40109,51643,53740,2529
CN8,256MB,16,48,471,1713,5080,31851,135267,10.1
CN8,256MB,16,48,472,50070,57934,66847,69731,1854
CN8,256MB,16,48,473,46400,53216,56886,58459,2087
CN8,256MB,16,48,474,2737,7701,20055,24511,10.9
CN8,256MB,16,48,475,45351,52691,60031,149947,2063
CN8,256MB,16,48,476,50070,57410,63177,67634,1672
CN8,256MB,16,48,477,31327,36963,54789,59507,2928
CN8,256MB,16,48,478,11338,17171,110625,139461,5457
CN8,256MB,16,48,479,43779,51119,63701,67634,1807
CN8,256MB,16,48,480,36963,44827,1786774,1786774,1282
CN8,256MB,16,48,481,43779,51643,350225,354419,1768
CN8,256MB,16,48,482,2212,5276,9110,13173,12.1
CN8,256MB,16,48,483,26084,32113,51643,59507,2651
CN8,256MB,16,48,484,49546,60031,72877,74974,1691
CN8,256MB,16,48,485,46924,121111,263193,274727,1920
CN8,256MB,16,48,486,34341,41681,45351,52167,2513
CN8,256MB,16,48,487,42730,50594,62129,68682,1773
CN8,256MB,16,48,488,46924,413139,599786,599786,1189
CN8,256MB,16,48,489,2114,6325,14222,18220,12.4
CN8,256MB,16,48,490,55837,67634,70779,114820,1638
CN8,256MB,16,48,491,28443,36439,350225,358613,2178
CN8,256MB,16,48,492,42206,61080,658506,658506,1538
CN8,256MB,16,48,493,2278,4883,9372,17695,12.7
CN8,256MB,16,48,494,23725,29754,40109,45351,2550
CN8,256MB,16,48,495,45876,53740,57934,58983,1911
CN8,256MB,16,48,496,2409,6521,10945,13829,11.7
CN8,256MB,16,48,497,38011,50070,566232,574620,1944
CN8,256MB,16,48,498,47449,56886,69731,76022,1877
CN8,256MB,16,48,499,47449,56361,127402,128451,1864
CN8,256MB,16,48,500,2278,5473,12256,18744,11.9
CN8,256MB,16,48,501,47449,57410,62653,66847,1767
CN8,256MB,16,48,502,35914,45351,54789,58459,2166
CN8,256MB,16,48,503,2278,4883,14091,22938,11.8
CN8,256MB,16,48,504,43779,49546,66323,74974,1979
CN8,256MB,16,48,505,28705,42730,103285,113771,2668
CN8,256MB,16,48,506,27132,35914,47449,49546,3486
CN8,256MB,16,48,507,44303,52167,57934,60031,1683
CN8,256MB,16,48,508,19268,24249,235930,404751,1430
CN8,256MB,16,48,509,21365,28443,33817,35914,4236
CN8,256MB,16,48,510,47449,63177,71828,76022,1649
CN8,256MB,16,48,511,34341,46400,1002439,1027605,1359
CN8,256MB,16,48,512,43254,51119,189793,193987,1812
CN8,256MB,16,48,513,2343,4490,15008,22152,10.9
CN8,256MB,16,48,514,23987,31327,38536,60031,2734
CN8,256MB,16,48,515,47973,53216,1098908,1098908,1284
CN8,256MB,16,48,516,30802,35914,145753,152044,2686
CN8,256MB,16,48,517,2311,16450,48497,78119,8837
