136.08 136.68
0.00 0.00
0.00 0.00
275.42 250.43
928.81 917.51
946.44 913.39
957.44 955.17
969.29 923.79
956.11 916.64
969.10 933.23
976.21 920.55
988.08 922.44
948.20 904.26
929.46 338.03
952.85 884.67
931.82 769.51
971.15 32.50
964.36 338.09
638.95 890.45
374.91 548.41
489.71 800.40
956.36 963.81
927.07 965.55
922.01 946.66
934.76 923.97
952.94 943.87
303.06 946.74
724.48 968.24
439.75 965.96
762.93 936.41
870.59 948.08
213.09 448.13
793.36 753.48
939.06 925.45
926.60 929.61
934.99 935.02
951.52 942.29
948.04 938.81
962.20 941.09
968.60 594.66
984.47 502.13
969.79 916.07
971.51 319.73
955.65 32.50
578.66 763.57
123.38 883.16
869.66 943.02
957.79 957.62
941.28 967.73
945.56 962.50
702.67 966.60
514.32 962.76
960.57 972.69
948.58 766.15
969.06 502.61
973.66 928.90
972.61 941.10
955.29 948.96
942.17 919.97
978.17 921.06
957.96 865.59
971.82 740.18
989.87 424.41
757.53 863.57
428.84 952.86
729.40 921.34
959.81 838.04
603.26 307.37
33.00 319.50
559.49 702.48
558.57 891.88
491.62 153.50
945.82 939.99
972.30 937.85
947.25 929.06
948.61 917.15
959.78 939.62
944.82 927.50
914.78 936.64
654.68 918.83
0.00 937.34
0.00 312.73
447.71 474.86
932.47 917.93
890.16 937.65
959.96 945.51
955.04 929.76
940.58 936.78
967.79 942.41
278.32 285.66
821.79 850.43
820.18 778.16
243.33 272.46
953.11 945.85
958.02 934.83
960.13 908.18
965.14 941.95
487.96 581.53
545.99 562.92
939.62 903.64
291.00 296.96
0.00 0.00
521.26 529.84
299.69 286.83
0.00 0.00
523.40 549.15
418.17 400.65
717.13 692.54
21.61 74.99
0.00 0.00
214.62 198.53
959.00 943.96
921.63 907.08
393.99 366.75
702.28 725.64
797.50 923.40
616.44 900.26
32.77 927.69
514.23 923.56
934.79 317.28
256.71 206.61
864.81 836.19
955.96 977.89
956.40 964.07
975.59 935.96
953.35 848.30
828.58 0.00
565.34 576.37
115.92 74.48
931.11 946.90
957.06 948.81
957.36 945.43
980.96 938.39
950.93 924.68
939.62 933.83
941.27 959.77
960.50 932.02
952.54 922.36
938.88 936.90
966.54 943.40
975.78 933.15
857.14 926.47
948.27 919.17
823.25 948.36
352.00 358.55
931.95 927.35
323.67 327.02
627.33 606.00
200.07 211.25
739.60 730.54
370.55 383.23
55.00 25.00
632.84 706.17
10.67 0.00
701.88 669.62
936.12 928.78
921.54 915.96
942.75 905.12
949.37 938.42
930.87 916.21
940.38 943.21
963.88 929.83
964.59 919.07
946.07 925.55
954.40 924.79
964.92 933.66
961.56 945.00
952.59 926.64
951.97 943.47
954.32 952.03
931.32 942.95
932.48 941.96
933.63 905.87
977.65 923.99
957.00 909.79
969.03 934.27
938.42 942.03
580.55 932.62
225.53 253.02
926.25 928.06
953.44 932.87
962.84 945.54
953.28 921.63
973.79 941.45
943.72 947.68
944.13 915.18
968.92 953.78
938.51 925.54
941.13 929.56
948.01 942.13
221.79 390.32
530.34 532.16
924.11 922.00
605.66 632.15
507.62 498.63
913.96 925.01
954.34 922.99
957.34 920.18
930.74 922.93
932.25 907.76
937.55 936.01
853.79 892.05
145.95 127.68
0.00 0.09
722.18 718.65
948.43 929.93
935.49 936.26
925.14 924.89
950.96 922.21
946.31 935.61
947.54 915.65
934.93 937.68
940.76 933.21
926.34 943.84
966.78 926.60
992.42 900.56
959.68 930.59
951.56 979.01
968.25 911.57
972.51 924.22
967.12 922.52
896.41 955.14
0.00 300.59
796.34 781.45
188.81 189.96
845.85 856.86
922.99 935.06
921.83 918.55
921.81 928.45
957.12 934.35
527.62 440.62
0.00 0.00
546.58 586.59
276.83 288.03
883.08 906.48
944.87 955.21
937.64 922.59
947.43 936.69
491.93 510.27
12.05 19.84
898.49 957.82
905.55 949.81
913.76 961.37
913.32 928.84
908.03 724.17
709.14 681.79
938.08 910.91
963.36 912.34
951.00 923.33
922.69 943.44
935.59 932.51
924.06 940.05
929.72 927.87
944.91 912.05
938.66 913.43
943.32 933.51
505.53 599.99
0.00 0.00
318.00 343.40
296.03 345.69
75.39 0.00
257.99 294.08
771.25 831.41
935.31 949.14
968.00 925.36
938.45 920.82
928.02 954.43
983.19 946.93
951.85 923.38
949.31 918.08
935.71 936.65
943.36 931.20
958.68 910.59
938.58 942.08
961.79 970.74
934.17 922.79
971.76 950.15
948.38 933.33
948.63 928.39
939.79 937.23
972.07 945.12
945.48 933.27
248.59 424.43
904.84 917.08
941.20 943.23
935.26 923.82
940.65 926.55
937.49 912.36
938.61 933.84
927.38 917.90
381.91 426.14
562.46 575.02
418.42 381.23
930.16 913.78
907.52 932.09
936.05 936.94
804.29 931.35
729.36 927.05
316.54 918.38
949.29 921.94
589.40 937.72
34.00 903.06
542.48 511.32
559.43 663.14
488.95 198.33
940.37 944.05
961.06 787.22
950.48 932.39
932.24 940.74
936.04 924.13
961.33 831.83
948.92 0.00
955.85 587.65
428.73 226.68
0.00 0.00
501.63 494.56
924.45 933.11
923.57 957.05
921.50 939.81
942.25 938.58
934.17 945.07
940.49 923.88
954.27 919.33
972.44 943.22
968.19 925.71
967.23 933.46
968.14 928.52
985.38 946.08
958.18 932.13
957.36 913.13
942.44 922.21
956.10 932.85
955.20 932.83
953.36 927.89
967.54 941.41
637.77 935.74
0.00 54.60
257.86 268.63
945.17 909.40
937.78 940.85
962.32 951.02
942.42 932.60
945.14 930.58
937.36 921.53
944.82 910.11
970.74 933.13
941.78 919.13
941.85 967.64
945.14 947.49
952.74 931.48
954.70 928.09
907.67 937.02
464.46 582.27
0.00 0.00
265.94 628.74
85.11 925.00
561.26 938.82
891.17 915.70
203.83 924.35
907.21 426.90
965.06 947.81
950.25 916.72
946.10 905.83
957.38 938.49
941.44 588.47
948.13 0.00
747.41 410.00
936.46 915.23
827.40 833.31
633.66 668.87
959.49 919.98
229.57 281.17
0.00 0.00
419.35 391.79
928.47 931.49
945.97 915.28
940.50 917.63
946.04 934.58
963.05 923.86
935.98 929.82
945.88 913.75
935.59 925.44
932.10 954.44
945.44 931.56
942.03 919.33
948.73 911.21
942.43 921.59
952.12 930.64
964.76 940.38
946.75 932.36
413.84 706.55
190.46 125.63
67.82 78.31
655.68 658.31
0.00 0.00
44.96 51.37
822.42 782.39
919.49 894.59
951.41 940.33
924.42 923.99
976.38 915.83
945.25 931.86
930.56 951.21
948.21 909.13
934.57 949.80
950.65 932.24
942.72 941.10
947.03 920.46
938.89 938.48
934.31 931.86
965.19 933.25
969.17 941.22
951.93 925.09
963.81 915.51
966.76 935.86
958.90 923.58
303.03 675.91
866.38 847.25
926.71 926.15
943.37 939.83
951.09 936.08
942.44 936.06
936.29 927.83
949.83 913.92
920.72 945.75
953.48 929.10
953.64 940.19
949.89 934.96
952.66 922.28
943.39 950.85
955.36 951.59
930.06 873.20
935.00 944.52
949.35 927.01
946.74 950.04
957.49 941.42
957.14 923.58
961.71 955.25
963.78 913.29
948.03 914.40
962.91 922.10
969.37 927.10
961.89 930.88
951.80 934.97
950.05 945.07
959.65 945.82
934.16 941.86
978.65 927.62
928.99 914.17
958.69 942.25
953.69 930.09
961.84 940.88
971.30 929.16
955.57 934.94
955.11 933.61
966.67 962.61
905.94 934.64
873.43 967.70
345.24 863.15
0.00 0.00
468.40 465.54
187.17 198.77
606.38 615.70
226.74 209.94
219.08 232.47
328.14 322.90
454.51 449.60
932.91 908.37
961.66 932.98
924.56 907.81
946.71 924.05
910.91 944.79
916.23 926.96
951.08 930.05
948.97 920.26
959.82 927.74
825.45 910.28
691.44 709.40
642.79 653.79
630.17 607.28
451.46 437.13
154.68 159.13
489.08 466.53
935.96 905.72
544.20 580.18
515.99 497.71
955.69 928.82
931.70 916.62
943.67 930.91
973.50 918.82
892.99 911.76
940.60 922.28
593.43 675.96
0.00 0.00
0.00 0.00
939.57 898.19
938.33 932.50
948.96 926.34
969.44 930.84
936.94 939.78
932.90 929.46
942.20 933.00
948.10 930.28
914.46 918.21
964.83 935.92
918.12 928.15
952.37 926.29
960.88 929.36
945.40 951.84
948.94 924.68
940.16 933.70
953.81 920.98
955.02 926.22
944.84 941.01
951.81 941.21
442.87 730.11
693.86 697.38
32.84 29.38
86.55 102.52
927.50 920.80
932.95 934.78
941.03 930.79
940.87 921.50
942.14 921.18
945.97 915.77
959.16 939.78
945.92 925.63
971.66 931.19
959.41 945.96
936.52 923.64
945.50 921.79
953.51 944.13
965.55 932.20
953.55 912.49
964.10 911.37
959.95 931.67
945.93 912.35
954.98 942.00
957.81 932.63
83.01 503.18
876.91 870.88
963.74 945.04
925.92 911.50
931.66 918.13
960.06 947.84
928.50 911.38
949.44 943.10
947.18 911.82
945.14 908.55
932.02 935.34
967.19 927.72
961.70 932.08
34.67 267.90
485.02 465.30
940.94 917.29
859.77 895.58
231.73 222.10
938.31 924.47
961.12 925.66
934.11 928.63
942.86 924.77
984.96 916.98
955.54 906.98
917.03 944.90
947.33 927.60
941.77 931.80
865.17 931.21
451.66 640.36
125.01 0.00
691.42 308.72
178.96 563.92
655.98 428.00
904.59 923.64
850.17 960.91
280.30 943.08
948.63 945.24
972.33 944.53
964.68 919.71
940.64 910.52
963.98 900.56
947.50 932.32
959.36 926.84
951.15 967.66
976.50 936.62
945.43 925.33
933.34 934.18
940.32 929.23
934.34 904.20
966.04 932.52
946.19 928.78
945.02 913.39
333.51 127.40
0.00 0.00
550.22 548.65
938.35 946.53
959.23 934.84
938.28 921.32
959.62 931.49
956.77 953.07
954.68 952.22
957.56 916.05
954.04 936.68
951.56 915.16
965.66 927.22
951.15 953.27
949.01 951.62
959.83 933.92
953.49 931.99
949.12 433.62
967.61 595.57
923.20 913.56
949.24 219.73
508.33 32.06
350.85 888.90
843.21 782.81
468.91 276.57
577.82 939.92
820.72 928.35
385.61 930.81
666.42 937.92
500.55 930.53
0.00 313.90
605.23 591.35
913.45 906.36
937.40 911.65
960.75 924.76
957.53 928.30
941.86 922.62
931.10 950.86
989.06 926.31
959.88 907.39
928.62 933.40
949.24 942.24
927.53 920.32
957.18 925.79
953.80 916.91
932.54 933.00
377.27 933.33
714.17 937.75
898.99 945.58
125.00 931.29
119.38 944.59
949.65 409.42
637.76 916.13
421.52 427.15
957.83 20.53
949.29 0.00
795.92 744.19
954.69 902.43
932.39 919.36
944.43 936.51
960.52 938.73
944.00 924.49
948.70 930.67
941.53 915.82
926.60 940.38
947.37 953.46
963.51 930.68
944.69 953.09
956.38 939.04
955.20 935.48
946.76 933.45
957.22 951.49
965.60 923.96
961.95 943.71
947.95 906.51
967.75 905.02
937.02 913.05
962.03 918.54
937.62 926.28
946.52 934.62
957.27 924.68
942.48 947.15
945.28 922.40
971.05 929.20
946.02 918.46
947.76 930.14
953.33 922.67
940.58 917.31
937.23 931.82
974.07 928.38
960.00 937.52
952.50 918.17
946.46 946.66
914.77 926.99
939.06 937.34
952.10 919.74
555.01 941.90
0.00 434.99
735.10 743.05
946.91 915.01
942.18 932.30
969.17 918.03
937.27 924.23
946.28 920.57
963.08 935.30
950.36 940.24
940.89 933.99
940.09 920.57
956.21 939.98
948.79 958.15
953.25 931.35
947.88 229.32
973.19 650.82
688.30 31.54
147.48 235.10
659.20 440.20
384.63 596.92
925.32 924.77
918.33 918.19
901.72 942.72
923.36 958.12
519.91 934.55
0.00 938.70
0.00 320.51
470.91 464.84
932.48 937.16
955.56 929.10
953.08 952.56
957.26 946.41
946.27 919.64
931.70 935.81
972.04 945.97
948.87 916.70
940.36 945.73
963.59 918.90
963.81 912.32
951.42 947.28
960.32 926.20
952.65 939.00
932.08 924.16
959.62 926.22
953.78 925.14
941.47 945.66
954.14 934.74
643.72 934.30
98.82 151.71
559.44 556.79
195.89 191.41
583.26 723.68
939.66 932.66
833.76 922.91
845.58 918.17
910.37 924.82
384.80 949.87
948.65 931.76
589.02 959.47
32.00 956.62
493.38 518.33
914.97 553.35
298.51 797.55
806.16 700.39
960.19 434.04
957.34 917.43
955.49 944.57
925.97 927.02
951.15 908.02
751.41 932.48
272.02 419.03
938.91 923.56
521.84 641.29
33.00 0.00
577.85 440.82
972.59 954.30
712.72 960.62
352.65 266.85
952.46 755.31
964.81 918.21
954.86 705.95
950.28 231.19
663.91 0.00
0.00 0.00
806.24 810.23
942.29 905.01
937.09 923.15
977.08 909.75
972.47 905.74
971.15 353.00
952.68 706.65
930.15 918.29
963.42 115.50
752.27 107.80
492.77 962.23
346.47 632.52
875.02 419.46
538.24 942.22
703.81 932.11
925.50 951.72
930.11 937.53
933.00 939.17
940.97 922.12
938.42 938.26
951.77 931.74
942.69 966.77
831.13 931.03
382.84 935.75
520.94 932.42
957.10 919.41
926.70 939.39
947.87 912.27
942.28 954.20
939.23 918.89
952.42 929.14
698.09 941.19
924.69 924.01
922.36 948.33
936.58 945.03
955.05 918.36
944.27 934.33
963.76 896.58
944.05 939.01
934.77 951.54
941.59 951.41
935.67 925.69
951.78 904.78
969.44 932.29
847.61 912.29
942.13 941.67
938.29 928.16
530.25 823.96
646.84 644.63
873.20 848.08
0.00 0.00
204.21 220.07
931.73 930.83
953.15 927.11
823.94 854.14
936.88 933.01
212.75 161.23
231.12 274.04
930.66 935.52
932.26 946.47
932.45 942.85
955.76 932.09
966.19 925.14
936.24 951.87
943.10 938.97
934.46 920.86
927.97 901.75
931.58 952.63
950.32 949.01
941.74 939.92
926.99 908.85
956.80 946.86
964.20 939.56
899.75 920.38
0.00 51.61
0.00 0.00
0.00 0.00
714.44 652.05
892.73 931.48
945.87 926.73
933.71 944.66
959.46 945.10
936.84 960.27
518.98 926.49
529.53 953.15
958.32 912.71
805.38 938.05
32.50 941.45
251.49 665.93
957.23 610.96
938.45 703.85
934.77 953.26
960.18 924.77
938.98 676.82
648.07 567.04
472.35 382.34
955.44 769.58
955.91 920.31
954.81 921.48
956.70 940.29
938.23 911.80
938.70 945.57
974.87 947.77
964.85 855.04
966.82 573.33
696.57 338.92
0.00 0.00
150.55 178.71
943.72 922.44
949.63 953.07
822.11 862.93
273.85 254.54
939.33 910.49
949.47 931.77
904.45 954.84
938.54 915.85
948.65 919.24
891.32 933.50
931.82 921.68
955.21 919.17
957.11 925.57
603.89 693.42
833.92 818.78
597.06 660.17
0.00 0.00
612.75 580.93
655.16 644.93
754.15 757.39
392.67 375.32
939.70 916.43
959.66 914.24
930.96 928.27
952.87 937.54
379.70 443.25
0.00 0.00
0.00 0.00
0.00 0.00
0.00 0.00
44.70 48.85
909.98 859.46
941.09 943.32
934.71 929.89
947.92 945.21
953.26 948.23
942.21 931.78
949.16 934.47
955.83 973.69
976.42 935.46
959.79 938.27
619.65 765.59
0.00 0.00
770.04 187.48
36.79 131.11
945.82 948.50
949.81 633.73
910.65 434.59
953.19 932.80
943.43 948.44
950.69 930.66
945.45 922.79
930.17 930.46
787.55 944.84
149.51 931.11
699.50 952.20
610.06 647.27
708.70 681.75
576.39 567.94
267.93 259.79
58.29 92.99
914.88 903.35
505.22 546.06
203.57 157.12
946.78 929.94
794.06 816.22
263.06 271.94
0.00 0.00
555.98 560.23
961.21 923.25
797.14 839.04
720.37 676.48
917.66 939.08
961.83 950.80
965.68 915.22
954.03 924.50
961.53 926.16
964.38 909.49
942.36 921.94
483.21 695.10
681.24 677.04
677.43 659.80
950.56 921.25
220.79 241.86
951.54 906.60
937.99 924.06
894.59 917.97
915.48 915.46
835.72 857.62
85.56 88.73
71.11 62.13
672.49 663.57
749.66 730.80
951.65 910.40
943.65 927.92
962.77 942.39
947.90 918.61
936.06 952.52
926.21 932.90
970.75 931.11
960.68 954.14
536.64 692.85
377.63 384.18
847.38 855.12
507.53 511.64
631.52 616.15
926.53 923.21
803.29 823.00
946.18 890.34
926.22 936.29
907.72 920.04
936.52 936.67
956.05 914.59
931.39 874.40
894.96 919.01
955.34 928.17
938.91 936.04
846.60 889.49
570.71 547.91
856.49 833.59
944.72 932.77
693.66 700.22
445.04 457.82
0.00 0.00
651.00 652.52
944.34 920.43
595.64 641.04
449.87 430.42
945.49 907.59
931.95 880.34
938.39 944.64
948.21 945.70
960.83 914.32
963.27 930.53
920.68 918.44
945.41 917.91
927.53 931.66
942.57 937.18
921.44 930.06
953.24 943.44
955.61 933.67
341.91 518.90
496.45 505.18
621.35 611.50
518.70 492.18
548.19 492.20
0.00 0.00
0.00 0.00
430.99 482.03
905.48 929.09
918.91 924.76
935.10 935.62
948.16 940.93
938.03 933.24
932.16 936.45
948.80 929.43
952.47 943.75
946.28 934.24
703.60 713.46
487.11 480.07
951.48 960.16
635.06 639.44
241.83 249.67
919.20 949.12
934.46 928.61
931.21 934.63
954.01 888.55
917.65 896.13
937.71 924.99
950.12 920.84
879.81 934.85
412.88 375.56
981.93 623.03
927.07 764.03
959.31 32.51
668.69 312.23
751.38 937.33
950.71 456.43
279.23 638.25
873.96 942.89
947.96 961.50
926.49 951.39
969.81 934.95
916.30 943.80
925.97 943.74
942.22 915.82
967.78 951.32
935.55 925.74
967.59 982.33
954.35 947.33
540.36 931.92
51.92 906.27
301.76 702.10
941.67 916.40
953.47 935.09
924.25 919.95
951.18 932.22
930.58 929.81
932.66 917.34
785.56 833.31
192.84 137.26
0.00 0.00
0.00 0.00
582.12 604.73
959.91 917.11
928.61 915.98
725.15 833.19
818.54 745.78
942.10 917.10
956.56 920.44
973.63 930.64
592.46 721.07
628.72 657.19
597.06 597.67
685.13 689.85
686.91 695.40
946.66 924.52
943.46 922.02
924.82 917.64
885.12 911.23
688.66 724.62
234.42 203.34
516.13 501.02
909.47 909.00
486.81 476.79
233.34 239.73
499.38 481.25
434.20 461.50
706.12 685.49
895.00 910.50
948.90 940.07
942.53 917.00
909.33 936.37
906.95 871.73
76.77 62.30
0.00 0.00
603.93 609.25
125.63 92.84
522.89 476.67
950.69 906.09
960.65 922.10
941.69 940.14
941.38 955.38
932.38 959.06
720.93 866.55
386.00 380.10
758.73 745.98
643.91 662.26
526.70 471.27
800.65 819.21
929.76 907.65
948.62 918.24
928.57 917.73
961.42 929.84
942.00 910.09
937.15 920.71
846.84 941.23
935.20 924.81
921.92 910.45
939.89 912.37
895.39 916.92
253.83 264.76
0.00 0.00
0.00 0.00
765.61 761.74
936.02 950.61
934.69 927.98
974.53 915.81
955.50 933.98
944.34 915.43
933.64 918.15
961.43 897.20
940.87 920.09
933.90 929.06
959.33 923.30
964.00 962.85
939.68 942.89
959.79 947.53
958.29 950.21
960.09 932.36
962.29 937.07
948.03 899.13
942.65 897.97
941.62 937.37
945.70 943.93
915.88 938.60
909.47 940.63
924.23 954.92
925.37 943.65
911.04 925.54
935.57 967.59
920.68 922.19
929.27 927.58
934.35 677.66
936.66 358.45
945.70 931.02
960.00 930.38
951.15 773.33
910.53 763.57
944.94 288.00
155.04 32.00
333.27 779.20
935.35 932.60
924.83 541.77
248.09 508.53
861.67 941.19
948.46 935.02
836.10 939.41
941.78 934.66
917.56 934.06
887.79 934.38
789.43 928.52
943.48 947.20
923.39 943.09
951.25 941.02
942.50 934.38
950.37 932.52
952.26 945.00
751.22 918.96
211.50 946.06
901.51 932.36
935.75 945.95
438.32 965.75
826.23 799.10
862.20 869.20
944.39 927.46
955.66 929.70
946.19 927.80
899.52 910.60
914.43 889.86
868.29 913.00
904.69 882.59
935.79 915.08
369.43 413.15
747.91 710.44
173.08 197.75
216.55 208.47
249.60 268.00
350.26 331.50
936.18 918.33
935.23 911.13
876.72 906.02
941.98 934.93
923.17 904.87
939.97 926.03
920.60 928.38
936.63 918.45
921.50 913.18
951.16 961.81
926.75 953.22
914.13 941.79
939.69 927.11
934.37 909.41
947.12 931.02
928.29 900.79
927.03 934.54
936.27 798.77
941.13 480.14
960.16 941.90
226.82 911.69
501.19 520.47
895.67 936.49
934.09 871.64
944.26 506.04
954.82 32.01
925.16 747.18
948.33 861.72
341.53 182.27
541.41 913.73
946.76 936.32
945.94 927.67
950.50 924.77
939.71 930.46
944.22 939.08
943.16 939.40
940.97 919.02
935.85 965.76
941.99 965.02
952.94 962.42
966.87 921.02
923.76 926.79
934.09 907.01
723.65 937.95
0.00 943.53
0.00 377.18
208.93 179.29
911.71 919.81
916.36 935.40
942.33 912.97
904.74 926.58
947.76 937.83
918.81 930.82
917.15 928.02
952.36 939.07
965.60 920.03
964.95 936.56
939.26 920.96
953.27 935.01
971.01 922.42
936.83 914.78
933.35 922.28
949.04 936.16
945.54 934.07
965.72 955.47
955.45 928.25
945.71 952.46
152.34 397.41
124.59 137.27
736.94 722.52
0.00 0.00
93.17 97.30
898.73 893.87
945.37 933.60
938.33 912.77
925.10 918.52
932.25 920.49
945.33 940.35
952.69 934.56
945.81 934.85
928.45 938.93
966.80 924.33
937.35 951.26
954.10 946.42
940.61 930.06
946.93 952.32
973.36 957.95
936.82 935.20
956.30 941.70
942.36 925.00
244.67 450.38
330.52 279.39
837.42 842.18
921.72 915.60
758.77 792.41
384.37 382.84
936.84 930.68
660.72 676.52
665.28 656.80
52.36 9.01
908.04 894.62
958.61 941.68
923.18 928.23
958.77 904.68
944.30 920.46
938.30 914.64
951.54 956.30
920.44 929.72
950.38 947.00
951.94 968.45
950.93 959.52
957.18 942.36
953.92 949.00
934.14 922.36
951.11 935.48
947.81 907.79
945.99 966.22
938.86 953.79
958.03 922.19
946.56 927.22
292.50 517.86
0.00 0.00
0.00 0.00
688.93 662.86
911.73 894.42
930.74 941.53
928.78 890.84
929.94 924.31
948.92 906.79
949.60 926.37
983.20 943.74
947.69 920.25
951.70 944.52
946.36 937.22
345.94 596.49
544.14 542.47
869.64 848.33
895.15 909.33
877.61 861.79
936.47 918.88
949.30 922.53
939.91 939.30
930.16 946.43
939.87 948.04
942.20 897.87
865.55 897.45
0.00 0.00
229.40 260.83
927.62 903.22
928.32 908.79
950.06 922.82
962.10 930.84
920.89 924.22
942.85 935.34
947.73 940.46
929.38 930.29
937.86 942.07
950.88 936.03
955.49 936.77
947.85 935.54
945.04 957.18
959.48 946.38
947.05 930.55
959.99 942.10
958.54 932.69
949.02 937.89
947.80 929.75
959.12 939.08
934.15 930.63
946.49 946.79
954.20 934.41
960.02 945.57
951.94 933.82
942.37 930.22
966.77 894.82
971.04 923.21
952.83 934.85
951.81 917.42
948.12 922.74
961.43 924.17
952.48 940.08
944.48 935.41
954.42 947.54
955.03 929.99
929.42 934.03
915.31 926.69
958.03 958.66
941.62 936.93
938.49 913.17
943.67 916.05
940.92 935.42
813.14 937.54
128.26 692.86
690.80 650.82
897.31 926.90
503.63 528.06
932.97 925.83
745.24 731.46
180.17 354.90
923.10 935.47
442.99 939.31
33.00 938.15
668.51 934.46
450.10 444.12
646.70 155.85
946.80 953.29
953.44 940.09
958.68 865.44
958.29 0.00
904.01 614.56
188.80 212.12
820.51 819.37
826.63 812.67
940.21 932.08
951.87 891.86
943.79 926.96
919.41 894.06
956.08 910.63
934.00 914.90
704.42 809.01
0.00 0.00
207.81 215.60
941.68 945.45
944.69 913.09
918.69 899.27
957.70 941.86
971.16 917.40
962.19 914.45
932.13 923.67
976.10 933.28
955.56 944.11
962.14 934.91
955.59 930.75
958.48 947.48
953.30 949.54
955.53 927.04
951.53 928.01
944.67 920.93
948.73 945.53
950.04 942.52
949.68 921.46
961.72 938.01
968.41 933.98
938.85 925.12
947.58 940.07
684.12 947.13
707.53 922.86
932.27 910.53
913.42 931.92
925.33 917.40
939.05 932.35
946.55 942.00
943.53 950.03
949.03 923.26
927.85 922.78
968.03 933.23
959.97 951.02
933.51 939.91
962.35 921.79
962.14 931.54
939.71 960.28
952.67 935.61
956.44 932.56
921.00 925.78
950.95 927.70
958.57 924.03
533.00 732.96
124.58 132.57
111.11 102.11
945.15 910.24
942.45 924.72
932.77 935.48
957.20 934.22
939.08 929.03
955.86 953.60
961.31 898.52
934.89 922.38
976.58 963.37
957.49 923.76
947.87 937.78
963.36 911.35
950.64 932.85
953.15 936.92
926.77 913.14
955.75 947.41
964.32 929.06
943.21 912.28
935.04 932.39
389.46 934.55
677.39 938.90
470.02 278.90
451.49 411.86
440.85 898.20
668.48 935.68
937.01 927.86
386.59 946.96
713.12 939.52
899.38 335.97
935.77 916.04
947.27 899.74
947.98 912.00
918.15 935.55
965.99 923.51
949.43 931.48
953.75 916.49
956.88 919.81
942.41 926.01
954.95 934.44
948.77 909.05
963.31 933.78
959.19 937.28
983.31 923.55
963.69 845.19
733.09 203.25
549.30 524.14
142.73 148.12
79.32 56.05
835.58 864.39
940.01 915.43
938.31 916.57
981.59 936.44
969.17 933.23
943.04 910.55
957.85 921.86
934.05 942.42
952.35 900.13
953.86 916.29
891.28 917.81
871.16 925.40
182.17 933.35
935.32 920.85
610.15 927.03
32.50 931.76
513.28 756.25
960.11 666.44
975.09 930.47
955.56 889.78
897.90 352.79
277.97 689.34
861.36 349.03
951.85 0.00
515.59 484.42
925.25 920.68
951.15 428.67
952.38 649.02
946.67 943.54
939.70 913.06
951.04 930.69
595.42 939.04
959.39 952.40
445.66 938.08
0.00 64.59
849.56 791.96
914.53 947.15
648.55 698.70
481.72 460.19
722.56 808.11
91.91 44.92
506.39 521.52
616.73 585.03
945.85 920.04
948.30 927.10
609.10 634.83
730.48 760.62
861.47 857.56
937.49 914.81
862.00 881.26
935.22 921.84
965.45 944.10
922.09 916.41
910.97 922.84
952.28 930.43
60.51 89.62
0.00 0.00
47.53 45.80
906.37 916.40
917.53 920.76
943.91 936.36
943.66 909.91
951.06 926.17
946.04 924.63
945.31 921.62
951.21 943.79
970.01 926.83
948.93 932.49
949.10 929.73
961.24 940.21
969.39 917.70
957.96 949.93
952.92 916.01
961.59 934.40
925.83 932.12
949.15 959.89
958.74 952.99
924.68 921.05
386.18 700.04
496.91 516.25
174.29 160.63
359.37 341.22
920.14 887.80
931.99 936.93
932.02 940.16
913.97 937.35
951.38 922.96
932.16 921.65
948.86 960.52
949.53 929.87
951.25 914.20
957.70 944.96
944.89 913.77
966.00 900.36
974.62 919.52
949.48 941.01
949.64 936.26
951.79 941.61
977.34 921.74
936.93 926.85
976.05 915.20
846.66 945.99
0.00 312.29
116.00 114.41
867.27 833.29
947.85 925.98
916.98 933.87
941.84 936.08
936.48 939.19
924.12 931.67
957.60 931.38
968.70 924.65
969.93 960.17
971.81 939.12
940.32 930.06
943.23 932.40
958.43 920.76
966.90 945.11
937.45 894.66
948.33 121.00
942.89 604.75
708.40 114.59
131.91 317.11
964.33 945.62
928.85 794.00
315.29 253.04
679.00 939.54
952.25 921.74
978.66 934.79
821.85 946.54
941.39 925.59
127.71 954.40
0.00 864.42
816.25 818.69
955.65 914.96
915.81 911.83
559.67 594.51
920.08 895.10
959.75 936.89
943.07 955.31
918.97 813.57
951.82 203.44
956.15 917.90
951.96 587.15
953.00 32.00
669.99 503.83
171.29 433.60
0.00 613.76
915.32 931.14
923.43 949.17
934.25 933.56
964.16 917.82
947.15 932.70
948.49 937.63
943.00 904.57
942.88 949.76
103.61 956.36
212.38 845.11
889.98 875.12
927.56 922.44
936.26 914.29
953.58 937.13
946.72 934.31
951.06 930.83
961.07 903.64
954.23 922.61
921.21 900.81
984.12 935.86
948.98 939.47
951.90 930.50
964.13 927.54
946.92 924.78
952.70 443.15
606.08 559.21
134.19 912.62
936.25 818.18
947.61 32.00
351.53 302.90
764.14 884.54
913.36 517.74
945.50 604.52
513.46 942.10
934.88 937.25
929.56 922.21
938.72 919.62
358.71 961.51
0.00 782.61
623.30 569.58
950.95 921.37
933.82 920.38
969.44 936.72
947.12 927.68
950.86 942.20
949.97 922.86
958.47 921.13
951.17 943.48
961.54 914.46
971.40 921.29
930.77 934.03
976.41 949.33
943.54 902.28
949.90 950.57
936.49 922.55
944.88 934.25
944.34 932.34
939.41 926.46
956.33 940.28
566.61 917.24
0.00 29.79
830.32 825.12
929.44 926.86
924.19 917.29
926.01 916.86
936.23 934.63
927.78 933.74
278.22 297.22
580.42 564.66
933.43 923.40
923.59 940.41
935.70 933.06
929.26 960.89
917.32 907.91
940.69 918.26
958.09 919.98
944.67 908.01
945.19 950.50
943.48 930.63
950.10 935.52
948.71 914.38
947.00 929.10
950.88 935.74
452.59 578.10
0.00 0.00
298.25 309.82
936.26 928.03
925.02 891.73
936.42 939.64
947.33 938.96
939.20 935.05
932.16 925.14
952.90 927.23
928.35 926.27
965.91 918.36
939.69 929.44
956.77 910.71
960.05 926.15
985.00 946.52
969.32 925.64
950.21 948.31
955.12 937.84
939.54 962.39
949.86 946.41
934.95 923.29
916.51 930.17
0.00 271.09
657.18 649.04
930.54 905.86
489.39 507.85
916.56 937.78
939.48 913.85
937.78 918.40
930.88 927.77
949.81 911.29
956.71 930.88
943.09 932.00
946.05 928.39
938.57 939.22
952.65 933.01
951.74 965.84
919.96 939.99
379.58 494.02
177.86 207.14
913.66 912.67
898.48 930.04
712.78 671.11
521.09 526.64
931.05 910.61
924.24 907.65
928.71 897.97
379.65 421.70
0.00 0.00
233.93 222.95
933.40 887.04
936.32 938.28
947.12 950.37
952.85 934.99
960.64 952.93
906.75 936.16
979.68 939.22
969.56 950.44
943.91 938.79
938.17 912.08
968.79 294.91
953.91 735.38
959.34 867.66
952.77 133.00
533.16 86.76
637.47 937.20
475.81 755.28
892.12 672.70
287.33 415.59
338.07 631.95
948.10 909.42
920.43 931.38
962.32 949.06
909.37 926.59
928.67 925.77
898.24 925.69
597.78 949.63
0.00 937.45
27.52 260.75
666.88 652.67
927.59 894.01
925.92 938.76
937.99 898.75
926.27 903.08
911.96 928.32
941.24 963.09
901.10 891.21
880.50 959.81
906.16 945.03
957.19 907.62
930.76 388.84
959.84 642.70
959.94 932.10
948.45 841.66
961.52 460.18
944.91 32.02
168.17 698.57
750.46 887.68
750.95 167.64
467.03 473.53
332.99 948.78
917.45 708.40
522.35 31.69
0.00 364.44
567.09 936.29
416.64 859.35
934.03 917.21
963.37 357.67
679.56 698.96
849.79 937.19
918.85 933.30
951.27 918.98
733.53 923.35
459.84 927.96
672.31 923.50
619.09 910.37
606.85 942.09
936.93 905.77
964.93 931.34
932.69 920.80
942.85 913.87
924.15 919.16
953.33 901.10
902.02 919.45
933.01 934.12
940.60 945.47
917.97 923.96
928.02 937.75
170.47 408.88
0.00 0.00
732.79 707.02
938.94 925.80
930.88 906.87
945.04 911.99
940.38 915.11
941.27 897.88
954.41 945.60
947.73 921.17
948.78 923.38
924.46 919.97
951.37 905.26
203.30 429.14
638.12 648.21
573.09 568.66
738.44 753.44
686.47 666.95
970.74 906.41
962.11 914.67
953.64 954.29
953.54 942.67
891.18 954.55
977.53 953.49
645.97 669.05
677.86 701.83
0.00 19.33
113.46 81.24
930.61 901.98
948.00 427.35
951.52 938.00
946.09 947.00
945.63 939.46
535.24 929.70
184.63 371.48
953.96 944.34
935.44 934.52
966.48 948.59
959.00 949.77
947.17 934.12
954.69 908.04
936.55 935.18
942.19 914.91
940.22 878.09
908.84 825.43
956.32 120.21
934.51 590.13
773.26 32.52
0.00 456.58
757.94 863.76
950.93 956.66
937.87 961.91
913.96 963.58
958.50 930.94
43.50 937.45
356.45 917.82
678.91 682.54
923.63 933.37
945.06 923.56
965.73 903.83
948.95 903.66
947.28 902.78
928.97 888.34
935.49 885.25
941.28 337.56
968.74 835.58
951.17 809.76
960.28 645.79
955.70 32.03
38.50 386.85
759.70 917.94
855.27 400.02
278.51 668.70
822.63 972.69
935.67 954.69
922.81 931.23
927.96 954.13
960.45 923.63
916.85 944.62
182.42 952.50
0.00 876.62
133.22 124.71
750.31 749.12
923.65 943.83
947.78 929.43
962.23 917.56
944.38 898.80
942.02 903.44
965.20 937.55
938.17 931.69
955.90 937.97
963.11 953.04
937.09 957.92
946.92 953.27
963.60 942.27
938.42 867.13
961.20 196.82
955.97 505.41
550.91 174.61
803.82 649.36
23.31 824.96
565.85 246.84
749.83 933.74
958.94 955.47
905.68 980.64
826.73 945.08
382.98 936.66
699.57 926.68
957.23 932.19
323.52 640.20
143.67 141.18
0.00 0.00
617.38 759.83
822.04 916.16
949.99 930.37
939.25 943.84
927.68 941.74
959.50 938.96
967.77 966.86
941.20 953.45
964.36 929.19
948.52 947.43
938.40 943.90
941.83 923.27
945.42 951.31
959.93 942.73
972.42 958.62
940.58 946.76
952.00 926.36
962.66 953.57
204.46 91.00
526.26 478.28
936.69 955.61
271.14 275.31
670.53 597.68
382.30 444.68
280.03 292.04
0.00 0.00
366.91 360.82
938.85 945.47
950.99 936.97
935.16 929.27
978.83 894.35
956.25 914.00
958.81 922.70
958.59 929.56
949.50 923.27
950.81 919.07
962.43 914.01
957.38 945.35
956.29 962.41
959.13 918.21
966.85 938.38
193.55 593.61
106.05 94.60
933.24 924.12
542.07 577.03
511.99 467.10
894.17 274.63
956.93 608.26
891.01 530.51
186.09 507.94
297.11 945.41
324.69 670.38
852.27 850.38
939.29 908.79
915.00 933.91
964.40 940.28
969.68 936.48
930.41 952.90
964.87 936.62
959.86 936.43
971.62 918.69
959.26 914.97
977.35 940.41
940.58 937.86
939.71 932.64
880.42 938.24
939.50 889.73
947.38 931.33
942.43 923.75
936.72 921.36
960.10 919.67
955.69 948.23
896.57 926.09
0.00 297.22
591.99 586.23
926.71 912.62
945.69 920.99
942.27 905.90
953.19 928.49
958.53 912.51
953.44 916.23
961.72 914.64
946.82 950.08
939.35 938.89
954.16 939.98
944.97 763.20
938.11 284.00
957.29 928.13
469.06 519.33
297.61 32.04
906.62 554.63
569.27 885.34
447.14 259.00
954.23 807.28
194.25 939.25
53.79 943.08
850.33 868.53
717.65 753.11
359.26 334.43
500.13 501.38
0.00 0.00
456.76 453.03
397.90 427.69
226.03 207.36
933.09 947.90
808.63 810.85
773.40 747.76
934.89 926.51
417.58 438.88
567.92 594.79
931.95 914.26
412.29 389.52
251.36 224.97
438.08 429.57
103.28 126.72
894.64 934.93
949.87 916.01
969.59 930.88
924.53 931.12
951.52 961.48
943.02 914.60
947.40 943.97
918.79 918.38
376.67 920.66
686.30 932.94
973.20 943.45
937.51 923.21
888.53 923.09
533.77 938.15
32.61 938.95
658.19 578.66
950.46 633.76
853.95 470.07
387.72 489.32
770.06 213.43
945.73 938.33
922.88 935.93
958.94 919.71
958.14 939.35
952.27 936.17
955.92 917.10
956.64 913.81
950.65 954.93
961.91 938.97
949.75 926.33
958.11 637.72
388.24 164.33
544.66 461.14
927.73 409.00
942.24 353.69
946.46 719.68
967.63 944.53
945.47 932.98
954.40 930.71
926.05 930.42
943.39 916.22
909.91 947.47
0.00 956.08
732.29 949.03
948.05 919.80
914.89 925.15
955.02 913.00
710.87 903.09
789.47 757.68
945.90 942.60
600.41 679.03
598.90 589.09
931.28 946.44
961.26 918.51
947.69 917.92
958.09 918.40
962.35 886.35
961.08 165.14
914.60 943.73
957.09 687.55
933.98 91.84
637.45 342.61
128.36 866.26
958.39 436.17
528.44 686.94
735.83 950.72
945.88 951.64
940.26 936.86
935.72 925.83
954.75 944.31
415.41 931.97
490.51 918.57
195.05 926.26
124.63 176.75
19.30 9.52
943.75 829.01
956.94 915.19
954.62 907.10
948.07 936.51
951.51 940.91
949.70 934.66
968.17 892.11
959.51 930.20
971.84 943.12
806.46 940.71
392.96 641.04
683.79 685.95
869.69 798.48
647.80 166.65
942.84 900.30
359.38 858.42
666.91 532.29
930.76 32.30
966.03 595.47
950.78 877.81
938.11 761.89
919.97 375.82
481.69 973.31
452.61 948.29
952.73 949.57
958.93 943.52
953.91 927.72
953.60 935.54
952.53 914.24
955.44 920.95
968.66 949.54
961.27 940.22
950.02 938.39
952.72 945.83
944.54 936.92
945.24 943.60
953.97 954.40
956.70 931.88
924.42 932.74
440.17 946.63
619.29 943.46
530.50 939.81
32.50 914.16
544.54 923.30
572.52 932.09
475.60 908.69
922.57 760.52
953.95 879.97
938.20 949.10
948.23 353.06
960.84 0.00
240.26 187.90
782.40 743.70
940.81 933.83
943.12 934.82
941.22 915.03
932.92 947.73
969.69 914.07
927.59 931.38
942.98 941.21
949.06 918.80
963.96 935.99
974.23 947.16
961.13 932.27
979.28 955.82
977.44 941.88
964.38 936.68
965.68 911.73
958.73 894.24
971.94 341.83
927.98 765.88
948.04 870.41
736.96 963.77
229.11 973.69
14.51 372.21
926.29 823.93
974.54 121.52
935.18 764.99
960.99 875.28
938.72 155.30
945.46 945.93
708.39 940.13
919.06 920.76
941.25 925.39
954.02 931.72
959.99 931.15
959.30 923.12
966.78 924.75
871.05 934.23
912.17 960.19
897.42 915.51
932.89 955.17
905.75 944.29
887.92 923.12
927.18 934.78
859.61 921.91
0.00 945.19
0.00 580.49
0.00 0.00
168.68 151.72
777.65 817.52
931.61 904.49
949.42 882.42
965.01 912.62
914.79 909.81
963.21 208.96
958.06 661.83
954.70 32.00
636.25 290.00
0.00 370.84
252.39 673.50
964.12 952.06
961.11 927.54
936.45 924.25
951.36 914.95
984.14 950.87
970.96 952.09
971.71 923.49
901.23 908.22
928.17 936.61
955.38 923.60
275.21 926.46
295.06 944.96
956.45 923.06
758.45 932.23
672.97 931.32
821.11 822.57
960.03 920.84
182.63 271.95
210.30 130.55
0.00 0.00
444.33 435.45
942.42 830.69
950.25 909.23
941.97 653.11
942.30 390.02
960.81 928.91
966.78 414.86
948.66 656.76
774.57 491.80
0.00 28.51
142.39 556.42
939.78 525.86
711.18 307.47
325.87 935.95
488.24 483.97
926.83 33.56
0.00 684.81
736.41 437.57
21.50 610.46
923.12 930.09
972.78 940.55
857.45 963.06
943.32 967.11
953.50 927.52
949.67 959.48
953.72 958.27
962.12 960.70
284.35 935.00
126.58 936.23
664.87 897.08
958.24 972.23
966.81 932.19
944.42 943.89
954.37 936.58
952.63 926.00
939.15 949.90
941.18 938.34
973.88 939.53
968.02 936.16
946.68 884.22
873.45 916.49
159.38 304.58
755.64 772.82
853.68 873.68
397.83 361.97
757.04 755.74
955.64 885.91
943.85 906.17
949.50 918.72
893.14 890.09
936.87 374.33
733.56 719.16
636.18 886.22
625.38 125.51
894.77 86.02
952.23 922.48
664.40 696.01
745.80 297.64
578.66 939.71
941.53 948.73
956.46 947.99
924.06 934.81
934.75 936.53
939.67 958.60
928.11 945.12
940.31 933.10
950.96 927.30
948.45 934.42
896.35 955.10
958.21 948.54
931.95 955.11
973.84 943.81
913.80 935.23
946.60 933.73
972.80 948.93
951.02 948.20
930.31 935.15
575.93 954.61
805.32 933.99
53.84 945.67
341.70 564.86
947.02 638.72
926.28 635.83
946.94 881.45
927.27 225.92
970.06 32.01
547.81 886.82
893.95 785.41
168.41 240.14
733.27 941.31
951.25 928.00
934.51 935.37
939.82 953.62
937.89 921.61
911.03 951.71
929.08 942.27
946.15 922.02
922.99 951.07
949.45 930.61
927.70 933.76
958.37 909.84
949.81 928.44
615.12 936.66
0.00 945.59
0.00 497.06
120.90 121.17
102.57 88.70
690.47 704.28
930.49 901.20
943.34 897.28
937.84 933.86
944.82 940.81
941.30 936.16
920.20 937.59
942.01 909.46
969.88 947.99
946.56 944.45
934.84 666.46
967.11 384.70
980.83 917.58
948.48 892.51
975.97 128.05
373.16 50.14
359.48 944.20
937.88 706.22
459.05 307.90
582.69 403.97
193.12 685.73
954.30 898.10
438.62 150.98
0.00 44.00
720.89 940.38
928.64 871.18
836.01 970.75
949.35 935.70
951.12 259.50
0.00 926.86
0.00 963.56
308.01 801.11
886.92 901.75
940.91 950.04
931.98 942.37
970.36 915.47
940.91 916.76
964.99 939.69
974.71 933.30
612.70 686.69
561.09 599.42
536.73 517.28
736.35 763.42
541.14 499.54
899.55 926.73
932.84 920.41
938.93 917.60
941.42 941.19
937.99 941.15
928.75 935.58
952.52 960.95
903.80 912.66
937.96 890.53
952.86 923.24
809.05 841.35
104.95 81.95
652.49 664.55
932.11 916.97
935.84 924.31
934.98 918.79
967.09 924.43
953.04 949.89
942.60 937.02
949.16 932.60
931.48 927.66
940.08 918.45
952.14 924.17
894.30 931.60
656.41 936.98
542.74 933.87
528.08 898.88
921.68 209.70
277.62 891.97
32.57 938.59
835.19 282.85
833.88 861.52
248.79 932.90
935.78 931.38
965.58 814.33
955.58 510.75
963.73 0.00
219.54 0.00
581.70 558.27
952.08 921.18
949.65 938.42
970.50 928.35
965.18 916.29
974.11 931.43
947.82 921.50
914.67 923.44
946.20 926.29
916.75 914.41
942.12 925.79
952.78 937.14
974.55 924.66
737.97 942.04
68.54 115.19
836.65 839.23
945.11 924.78
547.51 544.32
538.11 562.87
974.85 953.25
949.34 940.39
937.98 868.66
914.47 503.13
75.40 393.80
0.00 150.64
0.00 0.00
672.01 420.99
175.15 414.68
913.73 915.30
937.75 936.26
921.02 930.73
916.33 942.18
917.15 929.41
899.39 924.57
397.95 319.96
828.84 854.14
925.22 899.73
307.61 312.41
664.42 665.71
920.72 943.64
935.75 948.76
876.06 923.85
949.06 931.62
557.37 939.15
33.19 938.55
566.30 925.28
960.96 941.71
735.00 953.53
331.86 266.59
969.82 900.52
950.19 902.48
953.32 906.76
938.95 932.02
967.71 927.05
959.81 124.40
905.62 131.65
692.36 713.25
933.63 937.64
928.83 919.95
971.18 928.05
924.87 935.89
979.28 922.78
967.18 926.41
387.87 559.42
731.65 711.40
814.75 837.50
933.55 940.70
409.59 405.13
691.07 679.49
920.58 915.27
939.12 911.35
959.72 922.96
929.37 929.21
936.39 929.87
932.63 942.79
227.56 282.87
878.92 873.18
947.47 946.85
946.12 926.93
174.00 156.45
480.45 496.44
935.36 939.75
908.37 957.51
921.95 943.10
928.83 951.17
947.75 919.27
926.27 926.80
943.41 946.79
934.42 946.12
946.41 958.25
964.78 927.49
924.77 947.18
940.04 923.79
968.92 935.05
950.96 947.81
952.88 910.05
947.87 941.80
966.74 936.83
965.12 941.59
948.36 916.56
950.96 910.11
868.43 934.46
199.60 917.56
958.67 926.81
580.52 903.94
473.19 944.39
122.57 937.76
65.00 450.83
928.56 347.47
155.79 454.67
926.15 459.78
951.37 924.00
962.67 920.61
952.21 940.16
947.46 966.66
960.26 927.14
958.36 945.30
984.05 929.96
935.81 918.08
990.79 928.83
957.22 927.43
960.27 926.44
962.95 930.64
944.39 918.55
963.54 552.80
960.92 0.00
748.00 696.72
941.26 920.03
917.02 892.88
959.25 934.59
933.53 938.15
954.53 950.01
954.92 920.19
941.42 919.58
978.12 969.73
975.86 934.43
956.95 919.71
943.36 910.03
968.56 932.79
927.78 947.63
962.46 950.58
970.34 912.78
641.83 934.80
267.11 296.58
838.78 862.45
0.00 0.00
477.79 456.56
140.51 138.33
25.52 37.02
936.77 900.59
917.70 927.18
0.00 0.00
0.00 0.00
0.00 0.00
464.73 448.11
919.87 907.01
943.35 926.47
946.03 958.06
947.12 941.44
931.42 920.31
945.40 912.20
819.55 922.99
558.06 550.63
143.78 121.73
529.40 551.50
942.79 886.84
927.18 897.42
915.67 925.79
958.74 924.42
923.64 936.96
926.78 888.55
918.99 900.19
942.08 941.48
937.27 903.10
934.89 940.54
946.31 959.33
920.36 940.77
792.03 884.61
0.00 0.00
0.00 0.00
0.00 0.00
477.11 494.22
964.74 930.89
942.01 894.20
948.87 900.43
931.36 905.64
948.31 925.91
949.54 942.02
920.50 892.59
948.20 939.26
951.60 940.82
966.16 940.47
976.30 931.48
956.13 948.25
659.38 956.19
158.86 147.36
867.43 877.71
447.70 421.61
622.78 623.85
941.94 930.65
959.46 911.99
946.32 933.40
929.12 916.35
825.66 914.04
241.70 260.41
930.28 908.93
935.05 913.97
955.64 929.36
292.93 402.96
574.93 525.18
916.85 907.34
959.21 926.90
952.22 920.47
955.50 917.05
933.69 932.41
933.45 916.64
946.77 936.84
760.46 935.65
588.53 614.33
741.36 699.92
930.71 914.08
922.96 916.63
952.86 917.40
932.64 934.61
934.84 914.60
941.33 929.65
953.29 922.84
810.76 935.82
911.64 898.49
917.65 884.65
564.78 604.84
610.12 610.07
940.06 884.49
962.78 917.89
949.67 911.53
935.70 915.35
959.59 921.36
879.46 932.56
922.43 900.21
915.46 932.01
911.74 924.27
954.66 904.11
967.38 930.94
941.23 897.23
917.30 925.62
934.28 942.01
941.10 940.28
934.59 931.18
708.64 927.06
475.07 505.82
282.85 331.80
0.00 0.00
781.70 734.87
76.37 68.78
919.90 921.51
920.97 904.50
909.62 857.32
0.00 0.00
280.66 314.87
921.23 932.68
929.88 896.51
970.42 914.93
976.94 968.66
946.22 943.70
960.08 947.86
936.07 955.99
957.67 933.19
952.18 967.59
947.34 932.54
912.79 939.59
964.81 920.07
962.06 926.98
945.50 931.32
967.68 926.80
964.07 921.80
880.44 926.84
958.50 896.03
915.75 932.90
927.37 912.19
956.04 937.98
741.32 915.04
319.12 918.57
950.15 935.81
702.96 933.06
33.05 917.13
403.04 958.00
477.59 603.43
597.31 0.00
952.52 469.12
951.73 948.56
960.23 957.11
968.43 959.05
953.51 941.54
950.74 922.20
910.80 942.41
942.54 921.46
979.94 538.74
961.51 727.97
939.36 864.79
948.54 813.16
955.18 780.60
53.00 0.00
625.71 629.03
644.96 605.11
207.45 184.52
585.54 617.09
933.01 944.70
944.37 932.79
961.39 913.51
948.45 935.86
955.35 925.90
950.04 947.63
936.78 943.30
929.87 947.93
931.92 934.46
951.07 919.20
951.21 954.79
941.16 946.74
938.78 942.40
835.07 918.34
429.03 415.66
938.65 908.20
764.03 817.86
914.20 918.22
130.04 132.41
715.15 667.77
850.73 873.02
216.07 196.76
933.75 909.79
508.39 557.17
0.00 0.00
0.00 0.00
614.32 599.18
943.24 919.39
932.07 907.68
961.20 907.75
951.55 918.50
948.33 931.83
288.06 439.96
0.00 0.00
534.91 534.54
912.95 908.16
942.46 918.51
949.21 940.77
950.27 922.65
963.86 917.17
962.51 938.88
948.01 940.38
956.08 942.89
958.48 943.43
939.54 946.19
950.04 941.91
956.81 935.34
949.11 941.67
740.34 911.85
423.80 445.77
927.85 939.11
958.66 921.69
947.99 914.53
960.02 922.24
943.58 925.20
963.18 918.17
972.19 932.40
956.44 940.21
63.18 287.11
909.47 918.65
807.44 769.35
368.87 398.79
748.29 742.78
620.40 548.46
593.65 627.81
140.30 173.26
0.00 0.00
456.98 742.61
582.36 911.82
569.41 891.18
500.16 692.39
945.23 487.38
953.13 339.45
484.33 773.47
323.19 0.00
588.47 599.04
551.89 586.08
230.96 499.28
600.96 616.16
361.48 941.70
949.04 931.71
964.94 906.89
958.53 897.32
951.56 917.68
950.32 927.40
971.27 948.81
965.01 935.91
971.26 895.81
979.01 774.86
921.99 631.23
108.40 103.44
666.45 619.05
941.04 903.81
925.70 916.22
948.88 914.45
924.88 940.92
923.88 908.04
938.04 940.85
379.62 457.27
915.63 909.37
933.32 923.29
951.67 938.25
657.80 692.37
917.69 940.70
945.77 914.04
965.30 915.10
944.65 945.50
961.71 939.23
963.97 911.64
957.32 914.80
959.44 945.29
962.35 931.83
598.86 859.47
0.00 0.00
521.27 466.96
953.04 909.14
944.80 928.73
190.45 184.14
863.29 871.85
908.48 916.94
948.63 922.15
904.27 937.48
945.22 929.62
946.29 941.97
894.82 915.95
946.49 947.14
250.68 262.92
0.00 0.00
0.00 0.00
783.81 763.89
948.54 918.75
941.08 935.20
959.03 933.13
949.49 938.67
957.60 943.58
959.55 928.23
224.17 339.51
653.58 690.95
915.97 905.06
343.19 357.48
817.39 789.85
946.41 927.69
903.12 901.50
920.84 924.22
945.25 951.39
944.12 909.55
79.44 153.85
758.63 767.08
0.00 0.00
273.64 265.61
949.90 941.19
291.89 268.06
603.88 633.92
943.98 930.78
943.42 934.27
400.50 409.05
153.17 137.19
541.07 553.35
691.28 724.14
922.04 921.59
948.66 927.43
935.44 918.60
982.83 915.59
938.20 954.82
938.06 920.90
955.97 945.39
936.42 951.38
948.50 928.76
938.98 978.28
944.92 935.15
970.42 953.13
954.35 942.31
975.27 932.97
965.50 959.10
958.04 943.37
929.95 917.01
945.19 920.55
626.78 804.46
80.57 70.03
682.16 678.81
435.20 435.28
944.73 898.60
811.15 808.86
945.43 887.87
909.50 912.73
950.95 906.25
937.44 940.56
948.52 931.85
958.25 941.71
970.18 933.06
947.69 936.92
946.96 912.94
929.87 915.64
937.63 908.02
954.92 917.15
925.31 936.03
900.83 976.28
925.02 897.09
915.08 927.21
953.74 944.63
937.89 961.81
261.48 420.57
0.00 0.00
514.59 507.78
917.00 900.91
962.27 910.97
958.11 929.18
956.66 945.10
954.53 952.46
966.60 934.09
941.93 932.81
953.58 942.38
971.06 949.05
937.66 916.13
954.02 914.04
941.45 923.87
962.98 927.23
938.70 938.52
931.44 944.67
948.84 939.63
936.41 916.37
957.97 931.08
939.06 943.76
649.38 949.77
0.00 19.32
655.19 657.16
174.21 165.18
543.42 579.11
927.12 919.77
949.73 892.72
936.70 928.81
951.04 909.24
952.86 916.76
953.20 930.64
931.86 942.80
954.90 925.22
961.21 922.92
957.39 933.29
957.81 946.41
945.92 925.46
951.26 920.43
664.71 915.84
929.95 923.97
543.29 595.69
606.87 566.79
188.32 153.10
879.36 907.66
814.80 822.25
927.60 947.81
874.25 836.87
0.00 0.00
0.00 0.00
215.10 215.26
499.00 492.43
913.71 942.79
970.24 924.79
950.85 948.95
955.11 928.61
939.44 935.98
951.40 941.44
944.80 908.52
964.25 934.49
953.91 901.15
967.89 927.72
965.17 919.93
927.01 921.45
967.45 939.03
969.31 917.95
962.65 936.71
955.23 924.77
963.19 939.77
952.72 942.21
952.62 921.43
928.35 941.49
159.12 561.11
25.95 34.97
946.76 916.11
956.99 930.68
943.09 930.53
954.67 928.84
974.33 936.71
943.17 935.89
954.32 912.58
926.09 921.45
955.18 940.47
962.71 933.35
956.90 918.23
939.92 960.06
387.03 647.39
659.93 668.18
711.76 660.82
488.41 526.08
553.08 552.67
930.93 925.63
953.40 900.26
936.06 931.81
930.77 900.43
930.87 909.96
269.62 427.15
583.90 545.81
937.12 955.09
942.66 913.16
923.94 920.24
509.67 502.24
937.28 860.39
933.92 964.90
943.08 957.29
933.89 904.00
949.95 933.82
951.14 908.27
945.81 940.21
928.48 946.43
925.66 931.28
958.52 930.49
962.49 924.48
939.82 934.96
926.09 935.05
916.44 948.63
944.54 924.20
930.27 918.66
960.23 917.77
949.51 928.63
949.97 934.52
852.79 917.57
0.00 219.15
868.03 848.93
943.00 887.14
945.02 931.55
950.54 911.89
536.38 692.15
724.16 694.94
948.61 913.42
279.73 335.36
942.90 929.04
952.80 923.96
965.19 928.67
937.67 938.16
953.22 950.88
929.29 918.26
939.04 937.74
957.98 952.15
948.73 944.81
942.06 932.48
933.57 941.34
927.60 941.12
940.73 921.04
761.61 848.73
0.00 0.00
0.00 0.00
518.14 512.42
928.87 924.61
922.14 925.12
948.21 937.64
932.92 927.67
963.79 917.19
927.35 909.44
976.62 925.15
982.14 913.19
958.64 952.36
924.00 933.21
951.46 942.71
956.31 945.60
973.48 967.45
971.90 970.21
952.88 943.42
934.50 918.16
936.15 928.80
945.75 916.75
954.48 959.60
606.49 901.56
385.61 393.22
956.44 900.86
902.78 917.01
933.97 927.43
964.13 929.59
948.93 919.65
936.36 926.01
958.04 934.27
972.48 936.97
942.82 918.16
957.30 920.89
965.64 910.15
960.94 955.52
945.35 961.50
940.08 953.07
952.64 933.05
965.42 965.10
956.15 915.95
954.52 921.69
949.50 931.92
734.13 930.66
0.00 164.01
769.93 757.44
948.56 922.55
918.92 909.09
962.78 930.82
938.20 919.94
948.37 934.94
968.15 903.76
970.73 940.63
40.88 301.56
853.69 750.46
772.56 789.79
248.87 308.32
814.46 792.08
944.70 425.27
949.79 458.74
946.59 682.19
949.33 373.59
925.69 929.21
825.54 901.09
904.61 930.27
944.52 944.67
929.91 935.29
842.86 938.71
0.00 943.96
0.00 612.73
445.99 447.16
918.41 914.50
930.80 896.80
935.19 937.92
936.77 967.40
950.26 918.88
950.75 932.91
969.34 938.21
945.16 904.81
944.40 933.93
964.01 953.98
934.77 933.70
970.94 922.73
978.47 928.58
941.70 916.45
957.71 924.44
937.97 925.65
912.34 947.35
913.05 947.55
963.06 937.70
928.25 929.35
554.70 789.94
445.70 462.09
900.44 936.39
927.31 931.48
948.26 941.48
949.63 953.10
927.95 942.77
944.27 893.68
934.65 923.21
953.07 914.65
949.62 937.60
942.87 917.59
961.10 918.49
935.98 951.95
955.84 914.74
952.87 933.54
949.29 927.77
935.58 922.63
932.35 951.38
925.87 949.37
958.32 940.03
860.43 941.54
126.56 262.73
297.88 281.11
385.17 442.70
903.37 866.30
903.57 911.26
934.46 937.25
928.16 921.74
940.55 936.37
948.72 946.24
962.14 933.44
960.66 938.42
967.37 936.26
959.16 938.08
964.21 925.10
954.29 936.36
948.14 920.18
955.73 976.28
960.82 955.41
906.60 933.31
950.01 944.18
961.96 942.58
932.38 914.41
950.49 933.21
144.11 378.40
190.77 125.18
0.00 0.00
0.00 0.00
878.51 892.72
923.94 925.99
925.54 949.77
947.99 937.32
953.42 933.86
935.42 958.71
926.97 928.52
958.17 895.78
951.04 916.10
912.46 925.40
955.00 922.47
959.53 913.83
947.00 918.62
955.06 915.31
932.26 897.06
953.15 920.63
925.95 939.17
952.55 920.99
933.22 957.35
943.71 957.15
800.14 968.42
928.58 956.01
905.73 911.66
949.56 925.15
292.73 376.26
752.20 742.91
948.07 933.59
937.72 941.29
966.79 919.38
944.12 915.47
954.01 938.62
959.75 931.23
963.60 428.38
972.96 627.35
961.95 941.55
959.62 724.08
872.41 87.05
25.61 282.27
932.00 910.86
668.72 454.24
406.05 582.88
935.04 929.65
952.29 928.55
909.88 940.02
844.37 923.96
953.15 938.59
934.49 931.62
510.19 912.53
137.92 920.48
0.00 549.96
0.01 0.00
735.28 684.68
840.85 772.45
938.10 915.59
954.52 924.40
942.19 941.15
951.31 963.18
939.24 906.88
946.29 941.18
943.27 922.24
961.99 835.72
973.54 923.86
946.66 931.65
939.31 944.32
955.96 431.76
945.56 789.80
951.16 364.68
507.23 32.12
468.39 704.79
920.73 909.65
251.89 161.79
817.40 941.06
935.27 933.35
928.25 930.38
287.54 914.39
0.00 941.34
0.00 203.28
903.20 879.32
924.56 922.78
913.59 934.22
942.83 930.53
965.36 902.98
942.32 933.72
930.80 934.32
938.65 944.06
926.43 928.74
958.05 953.21
941.33 915.36
939.00 936.31
689.54 911.67
500.15 940.01
33.15 923.83
583.38 922.49
913.04 893.99
212.17 437.44
894.13 428.37
961.84 757.66
957.15 611.79
941.21 682.45
956.53 921.63
951.36 916.19
947.26 919.67
946.48 808.90
948.67 695.54
255.18 126.60
0.00 0.00
495.29 500.93
914.10 907.17
942.78 926.73
935.29 922.77
929.12 930.27
954.53 930.37
935.90 936.63
951.34 935.41
963.23 926.92
954.82 940.33
926.88 947.34
948.57 944.56
925.79 875.97
447.95 164.50
623.31 949.86
789.82 838.08
655.19 379.24
578.51 32.10
920.16 694.86
962.84 427.25
536.19 647.99
931.24 919.97
925.00 911.97
184.00 928.96
0.00 733.46
172.12 168.12
690.88 694.35
866.47 879.06
920.63 930.48
890.51 896.34
896.72 917.48
888.47 929.62
929.86 940.66
938.86 946.62
960.42 936.68
946.20 944.83
953.51 945.76
948.59 917.39
941.10 944.89
962.33 934.83
934.07 917.59
956.40 938.44
973.39 899.19
919.81 925.08
953.44 919.19
970.36 930.12
927.31 965.67
334.37 443.03
723.94 725.98
940.25 939.10
931.54 918.89
926.12 934.70
964.32 935.54
940.61 921.29
945.23 910.45
935.76 900.80
935.11 925.51
935.74 893.94
949.82 935.66
954.24 930.11
931.22 928.63
968.33 946.58
948.48 920.58
961.38 929.79
880.60 934.42
954.76 925.14
939.23 941.51
929.30 937.25
922.00 938.06
934.58 921.92
959.60 929.63
720.88 930.98
0.00 82.44
693.29 691.54
885.54 898.73
964.69 932.04
948.14 918.35
963.13 929.65
951.80 948.15
944.08 930.23
966.45 921.82
940.72 947.24
947.40 931.35
951.98 931.56
934.50 944.27
980.75 919.93
967.73 915.10
967.98 942.86
952.93 921.56
931.57 936.56
946.68 903.95
943.44 935.29
942.70 896.26
433.17 851.87
416.71 377.76
323.63 296.99
759.32 214.70
923.39 943.49
941.05 799.34
931.74 293.10
948.26 933.77
952.25 949.43
946.50 937.01
959.77 938.50
947.91 958.06
952.36 925.13
933.33 924.16
955.34 928.32
939.87 944.23
952.70 944.48
946.89 933.82
921.55 943.30
937.96 922.42
935.26 928.93
321.06 930.48
786.44 945.24
854.19 915.16
94.06 943.60
159.34 113.32
696.05 533.12
837.19 928.68
349.12 912.99
959.69 927.05
940.51 927.00
897.11 942.81
955.24 946.29
963.05 943.08
945.35 933.67
948.62 912.90
957.46 952.54
952.25 924.78
957.32 956.52
962.99 935.58
956.55 922.10
936.99 951.84
955.53 919.69
967.28 913.82
956.76 938.19
949.19 959.34
952.80 873.99
660.78 313.66
926.41 893.04
938.87 921.59
966.73 928.92
936.80 913.18
946.46 917.30
935.40 480.86
931.16 557.07
957.82 903.32
966.62 276.62
848.66 31.73
427.43 807.64
417.42 863.26
829.29 181.29
600.08 932.78
543.25 938.40
918.63 950.26
938.26 916.54
954.91 941.16
924.81 936.15
955.57 928.39
925.28 909.80
933.91 931.35
0.00 931.04
217.00 871.82
672.63 689.83
0.00 0.00
803.48 793.00
947.94 946.92
941.65 943.79
932.66 932.39
943.72 947.54
935.46 963.04
956.56 928.03
960.14 919.08
946.64 950.14
946.95 926.52
834.88 888.54
71.83 58.86
968.17 926.05
615.98 685.04
345.54 309.18
950.88 941.27
943.18 905.40
937.93 935.41
954.44 902.94
948.36 306.65
947.50 728.25
887.54 933.36
563.65 625.22
0.00 32.03
0.00 417.82
658.06 890.05
943.69 387.49
932.79 689.47
947.39 945.29
944.43 928.31
944.58 955.08
