56.61 
0.00 52.05
0.00 0.00
194.90 0.00
802.06 196.86
830.73 930.12
924.03 923.12
929.85 930.90
900.67 914.46
927.91 900.68
886.43 899.07
924.86 870.56
940.37 869.52
950.40 941.27
939.65 923.80
909.81 905.11
935.10 919.66
918.69 921.00
936.65 923.47
952.80 935.52
936.95 947.97
931.77 950.30
967.28 969.27
953.53 955.83
954.72 925.45
966.17 937.88
971.80 928.63
962.97 930.20
975.03 960.19
947.07 946.48
927.35 919.48
913.02 942.54
937.66 940.46
924.75 927.34
884.35 937.60
923.18 937.50
956.05 918.26
963.41 930.82
939.04 912.79
944.21 949.28
976.58 945.26
903.99 959.33
985.05 944.97
950.17 939.78
969.51 964.15
734.53 955.09
500.28 795.78
929.03 476.29
918.53 955.45
958.51 944.17
631.37 929.08
0.00 585.94
128.69 0.00
953.91 140.63
921.94 926.80
913.34 933.25
891.95 914.64
925.84 892.57
942.90 925.91
906.83 952.43
907.92 875.85
947.08 913.35
924.72 903.31
898.59 905.81
951.68 948.20
951.74 934.86
710.21 929.36
110.59 754.81
927.95 118.07
618.79 914.38
628.57 626.71
754.10 606.52
840.26 770.33
930.89 859.27
935.72 900.41
944.40 933.03
698.68 929.97
0.00 703.41
0.00 0.00
564.57 0.00
871.71 599.34
892.67 895.91
940.10 909.20
957.08 908.97
956.00 885.95
940.64 915.82
939.50 937.41
951.45 881.21
924.78 946.82
928.94 927.36
924.59 913.68
913.27 920.10
913.35 924.28
916.37 958.97
962.17 947.74
909.40 929.25
944.10 911.11
951.98 920.47
931.27 923.86
959.74 948.49
635.36 946.25
884.22 701.98
914.61 903.36
942.49 895.14
943.77 943.57
961.94 940.70
947.94 944.70
933.08 926.93
950.51 943.12
946.48 919.03
905.28 916.23
963.74 962.31
942.12 910.05
928.97 926.08
958.43 923.94
502.99 946.46
636.66 557.08
437.62 642.41
928.34 433.20
918.92 920.77
946.02 917.85
929.21 916.39
924.19 950.77
941.84 937.40
921.30 958.58
923.29 920.33
368.45 925.29
136.98 346.48
241.21 120.80
900.89 260.41
865.59 895.58
897.43 881.17
905.74 880.70
923.70 915.01
945.76 893.91
897.40 933.03
909.94 914.79
920.76 913.58
912.30 899.87
931.66 936.80
944.08 923.98
941.01 941.11
932.12 910.16
963.13 935.28
934.97 937.89
940.31 905.89
966.32 948.64
970.47 941.46
951.89 951.91
674.56 946.25
526.24 768.91
637.41 589.33
859.38 582.26
903.32 872.37
933.91 881.02
883.41 923.45
888.31 881.63
912.71 899.66
897.68 906.93
918.96 880.39
927.96 918.12
909.24 924.34
914.02 944.99
958.66 913.98
953.63 915.76
533.60 946.99
731.90 587.36
824.41 718.19
563.22 850.46
640.45 542.50
883.94 612.20
919.79 877.01
943.30 904.49
885.10 926.64
0.00 849.29
0.00 0.00
126.55 0.00
0.00 189.55
700.27 0.00
882.56 694.68
895.56 905.21
911.07 901.95
895.69 929.46
917.17 928.56
936.47 885.56
948.32 933.53
935.55 915.41
949.64 914.23
960.65 946.86
921.67 942.07
953.35 923.03
899.73 939.92
926.51 950.53
946.39 964.29
954.88 939.72
954.18 936.27
955.12 935.42
918.84 932.43
867.14 924.92
418.47 857.11
779.23 445.64
909.84 729.87
309.01 910.06
927.27 306.98
574.45 925.95
869.25 573.06
893.03 883.06
909.88 880.05
886.06 926.36
915.15 926.55
933.48 948.73
897.42 929.70
893.70 733.06
918.56 552.39
918.72 691.78
921.30 938.59
937.07 947.28
929.37 948.12
917.08 938.13
940.46 919.92
929.50 967.98
935.94 938.88
920.31 952.54
947.23 945.45
978.77 939.96
968.67 936.24
393.15 946.23
838.03 945.85
941.55 814.09
947.26 937.40
928.80 915.05
944.39 942.17
468.81 928.88
930.65 434.02
504.35 889.22
922.20 381.57
957.21 659.94
965.58 881.20
969.65 193.50
973.87 32.00
18.33 874.25
358.44 240.70
931.68 829.04
954.99 931.13
931.86 957.12
946.65 917.91
945.29 940.97
956.47 915.42
943.45 932.30
949.26 936.43
225.27 939.83
74.78 952.73
103.75 894.82
854.04 45.28
946.82 929.93
926.16 917.89
901.42 927.63
920.24 911.34
931.97 910.02
964.90 919.78
935.24 935.11
921.43 917.08
892.93 900.07
897.68 915.37
941.78 930.00
930.70 910.98
943.32 939.04
844.12 928.39
309.30 848.21
883.18 289.19
525.53 876.57
742.55 530.64
896.96 678.60
937.40 715.44
938.11 878.95
840.19 952.34
913.57 939.46
942.00 906.20
941.56 947.04
794.34 923.52
930.53 922.64
877.05 914.38
961.24 904.97
535.64 920.55
0.00 542.25
852.61 0.00
933.41 886.35
822.91 930.41
373.29 802.98
216.37 366.53
702.30 223.17
916.56 686.58
652.81 892.67
969.94 676.45
943.24 912.11
922.20 914.69
974.89 894.16
931.04 933.72
932.63 948.32
906.58 947.64
960.65 911.96
932.10 930.55
172.79 945.19
911.82 222.41
422.51 918.50
0.00 449.49
617.56 0.00
687.15 531.17
951.67 707.95
324.44 928.23
938.80 343.19
928.55 930.24
926.06 927.90
873.64 942.92
803.84 818.89
944.49 831.54
891.25 904.05
934.79 905.33
935.16 932.10
945.23 920.86
941.69 932.98
956.18 918.74
921.86 925.24
933.81 926.55
953.54 941.57
930.06 937.14
960.41 912.96
924.91 932.43
929.82 917.60
322.97 925.53
49.01 454.42
909.47 25.56
944.03 898.37
901.00 916.27
930.53 908.00
879.04 912.88
924.14 881.86
932.44 917.45
874.20 929.78
939.45 894.07
949.90 914.35
950.88 948.28
960.66 928.86
930.64 931.22
929.73 926.63
946.84 940.14
937.01 951.16
967.63 937.30
951.87 965.64
946.16 934.58
933.99 945.85
689.55 934.75
661.02 752.02
528.01 675.89
876.16 500.36
913.92 903.58
920.66 902.44
938.22 927.24
914.32 933.24
895.27 902.91
887.33 894.96
867.68 884.47
932.07 846.99
938.35 943.07
931.32 936.32
943.47 928.59
904.83 918.72
938.08 928.38
945.06 921.16
946.34 931.19
951.71 919.76
936.59 941.60
953.81 927.91
960.82 933.36
447.19 944.81
0.00 530.63
357.12 0.00
788.95 352.91
858.47 917.49
905.87 849.65
895.30 858.83
922.18 897.33
902.89 929.93
931.78 909.45
953.15 898.02
927.68 925.15
925.11 855.19
941.51 905.37
941.87 940.99
937.60 927.59
938.87 913.50
955.97 928.31
970.42 928.87
454.56 928.05
818.53 493.37
843.46 839.44
362.92 832.47
798.05 360.00
940.16 763.70
250.51 919.23
761.42 280.40
936.81 744.32
950.90 943.25
624.42 919.42
703.63 606.80
926.99 742.71
917.29 913.37
919.38 908.97
924.05 938.95
920.62 928.70
925.95 937.22
948.35 935.78
939.17 918.41
967.64 925.98
967.31 922.74
937.88 955.58
927.33 965.95
945.77 944.74
953.15 935.61
934.34 931.96
961.45 938.29
939.49 935.61
833.24 940.17
889.70 425.15
928.31 636.27
947.07 512.45
409.21 32.00
928.05 545.05
446.68 902.69
341.42 256.70
888.46 815.46
947.25 935.52
920.67 931.74
946.70 931.33
944.43 942.80
931.55 932.08
950.79 924.15
935.78 935.05
907.49 944.00
954.24 916.57
958.11 937.28
948.21 953.84
947.30 922.28
938.30 941.50
953.19 945.48
960.18 929.10
938.60 928.73
942.59 898.59
445.36 941.76
177.17 940.92
456.24 935.05
58.53 903.91
0.00 0.00
592.24 0.00
923.83 612.57
919.40 932.79
893.27 907.40
916.46 885.04
939.85 919.04
935.73 912.66
940.77 940.13
946.41 938.65
939.33 928.96
951.45 922.22
927.94 916.92
924.86 945.30
946.83 914.73
932.42 940.61
926.64 944.15
937.99 932.54
969.31 914.92
921.63 99.48
950.30 572.18
257.49 32.50
272.98 465.15
920.85 757.44
904.49 893.95
950.92 925.94
936.13 928.72
407.42 951.30
83.78 933.26
853.59 945.74
876.01 911.63
897.22 935.17
887.58 908.29
853.52 920.82
923.29 850.81
923.13 927.49
909.69 887.01
867.79 881.72
891.87 870.10
937.78 916.77
948.83 909.78
963.08 906.48
933.11 940.09
923.08 925.11
939.73 929.03
924.75 932.67
941.37 963.64
950.75 939.92
910.17 962.02
966.79 963.98
116.30 958.68
213.79 100.61
881.76 206.99
898.12 891.29
881.97 882.96
838.21 889.32
891.92 842.82
904.92 886.19
925.55 892.46
929.32 878.13
930.16 916.80
939.37 932.14
938.46 947.56
933.24 932.17
972.01 950.84
960.63 915.82
579.87 939.45
275.87 683.08
705.20 279.51
873.66 688.52
25.85 892.25
390.28 1.12
911.90 408.12
859.94 908.35
847.56 854.06
353.60 832.20
918.22 331.68
474.17 899.70
0.00 491.56
0.00 0.00
281.14 0.00
910.61 268.44
843.42 912.82
853.92 866.85
904.71 856.41
932.57 927.14
940.09 897.63
922.27 917.42
933.46 924.48
950.72 918.79
933.24 910.32
927.03 956.97
938.38 954.24
936.99 928.32
913.93 910.25
951.29 939.13
944.95 926.65
951.11 915.21
953.71 935.25
946.08 930.79
970.93 945.35
949.71 934.62
955.17 957.00
963.23 939.39
960.02 954.88
811.46 951.59
745.25 899.49
891.32 772.86
908.12 896.33
926.76 930.69
900.54 896.02
899.17 954.98
900.11 894.27
910.86 901.36
948.03 901.50
896.33 913.11
931.40 918.55
936.97 930.03
911.78 923.12
935.78 930.79
931.21 949.11
914.81 948.63
942.15 934.00
957.71 932.20
937.45 938.04
928.62 924.54
951.23 961.54
273.50 947.80
132.05 221.31
589.35 127.52
878.95 547.19
873.70 855.83
884.71 852.31
914.54 931.83
876.73 893.66
919.56 899.19
902.65 927.72
889.72 896.43
932.25 871.48
924.50 909.76
933.91 905.94
912.73 941.34
917.20 928.37
954.57 935.85
919.51 935.18
928.02 914.36
928.23 954.15
945.95 939.50
936.69 952.40
953.36 936.97
497.54 925.95
656.01 469.45
552.43 691.22
914.10 552.60
917.32 886.79
930.91 923.74
927.54 907.84
919.05 937.60
916.24 900.37
892.91 909.78
949.22 916.15
950.20 907.77
476.18 928.38
607.18 521.69
935.56 644.99
374.16 901.75
889.98 403.66
804.80 896.77
867.92 820.70
951.58 869.23
943.93 930.53
903.06 940.92
934.65 909.66
969.51 917.28
833.30 954.92
0.00 880.52
385.79 0.00
874.83 352.42
905.77 894.06
935.60 888.15
951.22 938.88
952.25 927.20
967.66 927.88
932.98 932.37
948.45 917.33
966.17 913.67
951.64 919.85
939.59 940.06
912.85 927.64
920.07 947.24
949.36 921.02
948.00 948.54
925.18 939.15
947.45 933.71
321.83 959.05
956.86 418.97
802.24 942.62
635.12 792.57
217.84 627.47
907.49 234.78
501.00 887.19
0.00 549.30
638.75 0.00
933.34 594.73
913.12 928.61
723.59 883.63
0.00 725.67
197.12 63.29
0.00 188.89
420.24 0.00
946.33 403.19
894.55 929.16
889.80 900.56
929.85 879.78
901.67 892.50
936.95 924.14
928.59 903.28
943.24 903.14
907.13 934.90
933.45 918.89
936.35 931.17
942.45 925.28
927.31 936.04
893.39 948.45
557.95 882.45
611.34 564.71
612.62 609.95
868.32 601.85
952.60 850.61
911.11 927.00
923.62 927.51
642.84 915.00
331.62 671.72
416.76 292.82
867.73 416.24
956.09 845.29
939.49 926.98
942.17 921.53
941.43 930.09
930.28 941.44
952.43 955.27
903.58 934.55
909.27 925.13
926.22 933.88
906.68 879.44
897.04 668.29
923.70 538.01
914.00 872.61
936.42 936.61
952.12 939.68
937.15 937.74
931.53 937.30
942.38 933.45
951.15 936.74
949.46 944.81
951.33 938.83
957.36 926.80
845.56 943.94
262.01 960.58
912.42 743.17
876.86 872.95
907.31 898.87
915.63 907.81
908.93 914.71
916.70 899.56
946.49 877.99
907.00 925.97
925.70 911.77
933.21 888.91
931.83 949.83
917.21 915.15
948.02 925.14
948.06 944.81
945.83 940.71
921.85 925.52
948.21 922.05
941.89 964.40
913.41 947.26
943.30 919.54
941.27 932.31
354.88 956.45
400.89 362.42
901.06 386.63
916.42 912.82
868.08 908.08
899.30 899.65
919.60 919.38
938.82 923.01
893.66 906.74
881.76 885.25
899.88 914.41
928.64 906.67
916.81 921.05
915.91 920.44
877.15 927.66
943.92 918.55
951.14 926.77
952.14 936.76
350.38 939.95
852.73 298.37
911.29 422.95
929.73 567.81
944.68 488.24
399.48 557.81
262.50 961.38
615.96 936.92
635.76 932.39
930.20 603.50
933.97 930.76
941.31 918.81
925.45 940.34
921.67 949.25
921.31 910.40
916.12 925.41
931.38 923.48
950.34 870.34
953.76 666.95
950.94 422.66
949.89 931.38
939.50 919.93
946.25 608.57
963.21 497.50
349.59 453.58
678.60 576.46
939.15 933.54
513.40 425.54
735.44 646.04
879.90 903.83
581.84 950.32
176.51 946.31
7.86 940.96
686.27 626.74
729.49 673.52
908.59 758.99
920.92 920.97
938.56 900.85
934.39 935.07
920.34 941.71
943.49 900.78
916.64 915.19
925.58 932.19
780.92 918.52
761.58 766.10
292.49 764.92
215.22 344.15
933.70 165.08
226.96 937.96
404.27 183.02
826.45 457.19
869.02 765.12
690.59 878.17
779.16 652.43
951.30 772.63
920.87 915.94
935.74 895.04
945.02 930.69
857.84 929.68
126.59 928.13
369.55 141.47
811.85 348.74
874.78 783.95
941.58 845.88
933.30 933.08
939.37 925.71
942.39 904.49
939.26 942.20
746.71 943.47
539.27 814.10
0.00 538.90
658.10 0.00
908.78 648.06
918.53 937.26
926.85 935.81
928.39 923.29
946.33 917.52
945.33 955.25
939.86 934.03
938.23 926.96
930.81 935.70
931.66 943.41
936.25 933.12
956.31 947.59
911.31 938.75
953.54 924.40
939.02 909.54
930.62 928.96
66.86 943.17
180.13 46.33
906.35 135.31
870.02 917.42
916.58 885.42
908.25 912.42
945.14 913.26
925.95 902.97
933.58 924.63
916.17 919.25
923.25 925.24
925.33 919.51
923.85 919.49
920.00 934.63
954.69 592.51
957.91 463.25
957.99 920.30
884.25 345.64
547.05 31.00
0.00 597.21
367.68 513.74
925.86 520.17
920.32 947.30
935.36 939.69
779.66 969.10
141.65 943.02
456.43 935.38
261.62 938.08
815.06 310.40
940.43 872.99
933.20 920.97
933.24 948.40
934.16 920.86
962.60 925.65
953.40 925.15
882.06 942.47
890.20 882.21
953.96 889.65
938.81 927.90
956.66 921.87
940.91 918.98
341.87 958.94
802.22 416.61
912.77 776.45
346.08 914.13
816.01 372.59
931.50 800.57
899.54 917.76
937.83 903.08
934.24 924.87
399.09 943.87
0.00 394.84
0.00 0.00
484.28 0.00
923.60 480.80
868.61 888.62
913.39 873.24
912.37 920.24
917.75 913.28
931.45 894.45
940.26 931.78
934.76 932.38
923.19 103.00
939.66 64.89
369.17 522.51
117.56 512.58
933.11 944.15
910.92 916.53
939.29 939.25
967.16 955.52
924.35 935.68
949.45 953.47
948.68 936.57
937.25 924.56
945.52 946.80
608.39 971.27
800.72 928.88
295.77 936.09
763.08 881.49
914.49 745.12
628.15 903.86
557.07 637.30
0.00 558.57
376.45 0.00
809.89 426.80
896.88 854.17
915.48 886.40
881.04 902.21
925.53 900.97
929.82 928.50
923.60 931.73
907.26 903.71
897.52 883.48
918.00 876.36
942.07 911.23
960.54 950.69
936.51 905.29
950.26 953.58
939.45 934.95
952.41 919.79
935.27 948.98
938.57 950.84
921.32 930.94
931.89 938.41
538.63 941.57
705.13 522.32
915.59 706.74
919.71 882.12
909.78 899.24
945.50 903.61
971.23 935.89
961.22 934.89
710.27 928.27
785.79 801.76
717.56 760.93
939.07 760.85
936.06 945.73
928.66 952.54
925.36 896.00
937.49 938.81
944.53 949.26
923.69 924.04
933.88 917.06
854.77 913.48
463.93 824.92
393.61 471.73
681.59 383.15
916.09 696.57
736.26 904.77
0.00 792.85
217.43 0.00
291.05 125.58
454.01 309.18
946.29 427.85
938.80 730.48
942.85 899.91
922.71 860.07
875.21 922.73
942.21 872.01
930.69 915.52
942.77 907.30
943.75 936.07
912.28 934.02
433.46 958.39
574.25 742.62
713.89 587.35
670.55 775.98
567.69 553.36
853.43 617.73
800.11 854.70
936.71 814.19
937.93 942.10
940.50 937.21
941.18 928.09
941.12 905.45
790.07 925.47
0.00 810.74
133.70 0.00
907.16 130.31
853.00 864.85
922.39 895.40
924.24 911.51
922.37 890.05
949.83 922.18
915.65 913.65
946.51 921.60
936.22 938.98
907.72 949.07
932.98 906.24
918.80 927.24
943.86 930.71
900.07 926.44
897.48 922.31
919.73 915.60
955.83 946.86
932.98 933.80
899.52 939.02
948.08 944.94
925.85 942.70
964.11 947.55
930.27 938.89
953.83 924.82
945.02 942.86
926.52 907.04
925.97 890.45
944.11 928.98
694.66 926.35
343.46 676.78
940.57 373.46
930.66 942.92
919.20 919.27
935.87 930.53
944.61 932.39
978.83 941.49
947.63 920.49
948.76 918.30
646.72 924.81
797.73 744.12
940.07 793.50
30.61 906.34
242.85 72.83
927.06 233.19
784.50 917.20
903.14 839.83
909.38 851.42
650.13 923.74
765.16 651.12
238.65 791.40
651.17 188.15
0.00 639.48
0.00 0.00
621.77 0.00
907.91 636.19
821.20 938.92
908.88 839.41
923.30 883.02
921.10 890.99
920.78 908.65
944.97 933.59
953.97 901.83
956.35 914.88
670.55 928.70
0.00 735.75
534.29 0.00
930.26 501.90
937.86 907.81
948.40 928.20
932.81 924.55
931.30 941.13
952.20 938.07
925.78 957.02
963.41 930.83
940.16 926.62
946.36 950.28
951.02 925.40
942.59 941.94
938.45 938.20
823.47 925.72
935.57 907.68
551.67 904.91
899.61 572.24
617.64 891.53
29.64 612.73
898.04 66.88
872.48 838.09
896.33 870.57
934.16 858.03
946.32 898.72
927.67 927.54
941.53 913.62
860.54 910.36
954.31 922.54
938.19 935.08
913.36 934.79
915.31 928.75
937.09 918.99
924.67 941.43
933.15 923.66
923.73 930.66
967.32 939.68
605.76 967.67
120.58 616.05
0.00 139.62
705.70 0.00
904.55 645.88
911.21 899.74
905.27 895.07
942.56 951.40
910.84 903.86
935.59 913.68
935.48 922.88
924.30 910.95
939.53 472.57
940.85 577.91
945.16 898.03
945.33 259.50
854.63 727.97
480.85 544.29
886.47 604.76
918.42 909.95
589.21 647.89
370.21 380.75
942.99 936.34
932.91 953.16
930.29 936.46
865.33 919.29
535.06 947.19
0.00 912.41
203.38 931.66
0.00 525.45
648.76 0.00
802.27 649.68
920.79 812.22
916.47 911.20
901.31 919.66
948.58 901.55
929.05 937.46
938.01 931.89
934.86 950.15
932.63 926.76
905.71 913.76
934.31 922.58
934.42 924.03
949.78 914.17
936.28 940.42
929.18 947.58
944.17 941.38
928.73 929.38
918.86 939.09
946.96 951.02
949.85 949.35
921.27 933.52
939.80 917.29
934.03 939.01
949.12 929.12
947.28 930.73
950.20 934.32
958.73 935.84
933.02 929.36
963.24 923.66
932.65 966.29
945.12 949.59
942.37 952.44
927.76 923.10
945.41 939.94
951.57 933.11
946.61 911.74
948.60 908.33
940.07 445.01
966.56 572.29
790.43 378.49
903.37 752.63
940.41 853.99
0.00 324.61
492.12 30.02
214.54 670.15
0.00 37.59
753.52 402.26
502.25 375.81
654.67 766.80
935.27 941.21
930.10 932.27
931.93 952.77
932.08 930.73
955.28 930.50
919.04 952.48
958.76 904.67
932.86 932.37
938.58 913.40
918.97 931.24
915.90 957.97
931.18 938.12
934.94 925.21
931.25 934.81
922.71 938.44
936.25 922.08
445.44 598.50
915.04 444.54
861.85 912.96
946.40 851.19
787.67 910.12
936.60 861.12
33.48 71.88
227.48 127.00
892.28 936.34
918.11 909.73
847.81 893.61
632.81 567.35
572.46 460.29
750.84 945.79
933.44 943.82
901.65 937.16
922.62 936.25
892.87 938.22
952.45 902.15
672.28 600.25
783.02 550.44
877.51 877.97
915.31 920.11
932.97 947.68
915.78 938.88
965.30 927.92
925.30 936.08
933.32 948.93
953.82 932.57
950.31 958.68
949.43 945.25
57.99 914.76
61.82 925.23
0.00 348.57
857.73 576.43
951.92 590.62
946.59 32.34
977.71 612.09
704.36 485.89
636.32 545.55
926.41 930.36
942.48 924.40
920.81 944.56
901.61 928.56
933.65 941.82
926.53 936.41
946.67 921.94
943.74 918.92
952.70 921.84
943.63 944.09
935.48 930.08
917.84 923.69
911.09 932.22
905.00 931.94
945.04 928.74
477.28 916.58
0.00 916.74
240.01 938.82
481.87 549.91
145.46 491.00
906.05 137.59
871.44 819.31
900.97 874.14
877.80 887.20
901.71 886.24
895.27 897.39
908.39 924.25
900.34 892.89
923.82 861.86
950.81 934.96
924.27 932.20
958.43 919.83
953.41 942.15
954.01 935.73
955.62 924.63
941.17 929.97
951.84 940.39
922.07 945.14
927.28 933.83
945.88 930.46
704.74 947.67
0.00 864.49
649.66 0.00
945.35 618.96
881.98 677.76
919.30 924.36
863.91 929.01
954.35 927.46
924.32 926.73
914.78 940.94
937.11 921.68
929.12 938.50
946.98 939.07
922.99 919.06
932.75 928.87
960.35 911.46
945.84 931.76
885.55 926.91
936.30 929.96
957.33 938.29
951.78 965.31
940.00 951.49
953.07 963.46
120.60 913.89
88.76 195.10
957.02 78.31
927.11 910.81
813.23 926.92
122.96 871.20
767.24 181.48
943.98 715.17
918.79 935.07
913.69 891.91
943.04 938.37
960.32 907.05
962.81 926.19
943.84 928.40
958.42 939.03
974.30 932.34
917.46 939.39
941.48 941.99
955.60 940.39
951.91 939.54
961.35 939.10
911.74 944.30
948.77 913.80
935.75 948.74
429.18 929.96
0.00 604.75
0.00 0.00
864.07 0.00
883.52 861.57
923.52 881.05
946.94 924.15
921.97 922.39
928.70 922.51
948.30 919.48
951.13 920.93
938.21 938.42
926.45 923.52
914.85 943.14
919.45 950.17
943.22 911.51
952.26 922.42
922.73 928.92
922.21 916.99
955.69 946.13
934.58 933.41
944.50 937.94
951.33 943.25
957.77 944.49
957.49 909.24
953.84 944.64
939.95 942.71
951.01 923.12
959.32 917.58
954.47 933.42
945.24 940.94
924.93 915.96
936.29 939.24
953.55 929.97
933.20 941.58
932.38 934.52
952.03 938.26
941.49 920.11
941.30 922.82
945.42 934.63
934.87 934.54
951.94 932.82
959.43 941.49
925.87 934.08
950.17 958.73
959.85 940.60
676.75 923.85
549.44 939.18
520.01 671.23
918.72 498.89
674.92 881.24
804.65 226.75
864.20 726.10
902.36 703.57
927.88 486.01
951.27 488.61
965.71 875.58
942.42 871.41
874.44 690.05
946.32 900.33
852.26 925.13
925.21 803.23
515.73 669.44
471.58 355.62
927.10 936.85
943.26 949.25
936.48 920.15
940.05 931.07
899.17 928.96
940.01 959.78
923.63 940.62
935.08 925.09
177.09 926.90
0.00 962.79
150.38 853.20
686.42 124.59
873.97 687.52
867.98 866.02
959.33 870.50
906.42 927.39
926.37 916.21
872.19 923.53
921.37 861.37
947.91 919.23
927.09 922.54
919.61 896.18
927.99 945.84
951.67 926.46
909.00 932.03
926.87 922.70
955.80 921.92
950.32 942.03
944.41 934.40
953.53 953.01
955.48 933.80
975.84 926.31
131.35 927.12
414.62 245.07
274.68 412.32
204.30 236.24
848.07 233.82
880.85 787.38
863.28 910.14
914.15 905.30
914.68 896.12
899.13 931.60
930.47 909.19
912.13 908.54
941.57 928.69
939.61 927.68
944.39 934.13
964.44 926.27
963.26 638.39
974.81 392.84
965.96 944.15
924.72 941.29
953.81 599.79
435.12 39.99
310.69 438.12
761.79 938.29
928.05 884.74
780.44 580.61
343.02 432.83
0.00 931.40
96.36 948.90
812.50 653.32
896.77 801.89
901.14 895.72
939.89 889.78
909.30 906.46
944.10 930.29
938.97 912.81
944.27 932.82
936.81 904.61
897.94 918.96
934.37 942.47
906.78 642.53
922.71 373.69
907.03 923.81
928.67 803.90
961.01 765.58
534.31 32.28
616.47 255.50
402.97 932.20
923.38 511.78
612.08 508.00
742.69 951.73
927.35 921.93
949.30 933.55
931.39 937.48
943.41 926.05
951.61 938.58
321.89 945.55
0.00 926.43
320.18 933.08
931.40 480.79
947.42 922.07
869.55 936.00
909.31 871.30
909.32 900.29
952.34 872.29
945.94 921.75
916.56 934.75
926.89 916.85
941.67 915.12
921.09 917.56
948.89 932.61
940.49 941.73
947.74 956.29
968.57 926.50
937.94 920.00
943.71 945.08
939.24 958.97
956.09 937.51
951.42 938.99
567.55 962.33
390.98 632.65
858.07 393.20
894.79 847.64
918.46 866.01
955.94 898.18
942.59 917.31
936.50 927.99
931.16 901.20
940.72 301.20
943.78 657.15
848.03 35.50
110.37 161.22
71.98 487.89
943.68 501.38
944.32 941.71
937.92 959.53
931.36 927.34
944.09 948.33
923.87 957.96
910.78 925.30
951.47 954.96
939.35 959.85
960.15 954.53
942.58 932.80
143.91 930.20
0.00 936.40
653.28 663.56
936.77 637.27
934.57 919.93
956.97 917.07
947.48 937.93
949.39 949.66
924.85 934.09
923.48 921.44
937.99 933.74
951.94 925.15
895.39 931.93
916.14 895.22
875.26 922.49
940.55 862.00
941.71 943.57
967.80 941.19
428.32 945.72
615.84 926.08
144.20 515.85
92.02 822.94
913.46 330.44
145.15 855.92
960.65 777.32
949.17 703.72
940.06 953.35
956.72 883.30
947.36 940.35
952.60 710.25
960.60 792.65
165.49 62.75
0.00 0.00
904.62 0.00
879.50 880.71
855.82 900.90
915.17 842.24
877.34 920.17
892.67 865.30
951.61 886.51
943.82 929.33
928.12 940.47
947.98 936.92
948.60 928.80
935.71 927.45
937.26 927.73
934.81 927.42
953.21 946.88
950.68 950.83
948.82 928.38
924.53 933.46
946.76 913.96
931.19 930.59
813.41 942.47
68.81 934.12
870.08 82.27
868.94 841.71
910.63 831.52
919.89 916.24
938.57 910.97
925.84 903.63
963.11 881.52
940.27 902.91
939.08 929.47
939.91 912.04
929.92 891.71
921.97 878.45
947.78 933.06
937.27 924.82
942.39 921.44
896.43 937.14
45.02 925.73
931.12 328.08
569.84 668.16
620.62 814.92
920.53 601.95
891.10 675.14
904.46 32.00
962.67 752.88
928.51 947.36
947.27 968.93
965.60 955.04
230.92 961.29
0.00 566.26
755.22 513.80
937.77 946.49
934.02 951.42
916.44 932.12
928.57 927.52
940.02 925.05
961.70 931.50
949.56 937.88
909.73 942.51
929.02 913.67
944.78 935.06
942.27 923.48
939.82 928.69
937.31 933.43
941.44 938.68
967.07 963.91
954.06 952.54
937.37 935.99
932.56 915.67
944.23 948.82
714.11 954.82
591.61 845.42
939.91 546.44
910.00 932.71
927.58 858.15
938.79 556.67
943.82 548.03
943.22 929.54
947.74 940.73
958.28 936.89
937.00 948.32
920.92 943.89
944.52 938.24
943.03 917.52
945.69 942.92
934.08 934.29
567.31 945.07
902.20 937.97
702.52 930.23
0.00 957.95
429.52 149.63
955.58 432.67
297.06 939.75
786.05 331.27
927.86 778.98
722.82 892.10
0.00 684.80
0.00 0.00
819.92 0.00
731.50 858.63
886.12 708.85
938.88 885.66
936.87 917.38
908.24 945.24
903.11 933.44
927.13 890.33
888.76 926.32
937.41 866.25
934.19 930.21
941.91 908.92
953.05 926.42
762.49 949.80
550.40 813.28
872.52 543.49
554.14 879.47
812.25 530.37
884.34 835.72
956.84 892.51
754.55 916.72
770.29 812.27
947.42 737.33
717.82 920.04
0.00 730.88
0.00 0.00
297.08 0.00
856.24 298.21
928.07 875.46
925.31 863.06
948.30 928.45
917.57 926.35
948.29 935.02
938.02 914.58
942.73 945.62
956.38 933.61
957.85 934.16
933.95 962.05
950.73 974.73
955.96 958.56
942.51 955.26
952.24 931.68
943.30 951.41
949.20 947.09
951.60 938.04
946.50 977.92
934.54 944.43
942.73 946.34
932.81 943.11
944.05 937.65
946.35 952.11
643.96 963.00
904.50 558.63
919.44 888.92
928.32 940.40
918.29 913.47
933.05 890.51
883.93 927.31
0.00 924.30
915.44 3.25
927.40 940.91
904.49 919.18
946.72 936.47
908.47 935.29
943.58 958.39
940.27 936.26
897.90 961.46
956.69 958.78
935.77 949.74
955.31 936.72
953.25 950.83
957.80 957.79
956.34 912.54
853.50 946.75
0.00 743.22
0.00 0.00
124.58 0.00
841.17 185.66
915.99 675.03
874.89 559.00
912.01 710.45
893.19 941.25
894.63 947.79
959.11 936.74
944.18 920.18
945.76 936.36
369.14 944.84
922.31 866.10
902.92 922.03
935.16 918.05
937.41 946.42
929.86 931.44
928.11 931.96
939.50 934.93
901.72 912.45
951.28 925.76
959.06 948.94
961.57 920.81
582.89 937.20
58.78 618.02
608.48 62.19
0.00 609.34
552.66 0.00
938.89 548.18
923.61 929.72
937.52 941.22
943.03 937.55
899.29 910.77
904.42 907.38
926.99 917.40
911.49 909.24
908.15 920.00
950.79 913.65
944.20 933.04
930.94 932.53
918.91 939.15
933.43 915.95
954.66 919.45
953.63 957.60
951.41 946.76
949.43 935.54
951.35 937.82
928.21 935.58
122.03 934.11
0.00 160.36
0.00 0.00
632.86 0.00
892.30 624.21
909.53 920.95
939.87 906.00
973.31 904.27
929.93 926.03
842.39 926.80
926.60 877.19
959.97 909.38
279.02 927.09
923.09 281.51
867.27 897.04
897.10 892.22
941.38 879.46
948.07 907.38
948.33 865.02
913.53 586.25
933.19 554.05
951.57 938.79
949.80 917.82
937.43 964.13
928.44 945.69
199.30 954.11
130.35 945.55
920.31 168.50
962.68 909.97
850.10 925.39
932.30 870.86
850.99 840.31
945.85 245.14
937.56 923.68
958.49 668.19
876.25 32.00
423.92 385.57
953.72 961.69
941.40 936.36
931.19 911.42
289.71 247.31
828.37 873.52
942.23 920.52
935.89 942.38
954.59 948.68
963.47 924.35
939.27 951.64
944.42 929.50
969.76 952.58
331.95 949.79
407.01 955.28
0.00 933.97
123.90 619.87
385.59 128.19
942.88 384.58
901.00 889.17
927.49 882.91
924.60 939.32
940.40 928.45
923.15 916.63
905.73 935.94
939.73 921.22
956.47 946.81
933.36 944.80
908.38 924.23
768.71 925.91
530.89 778.45
280.16 536.08
913.02 278.33
322.31 916.38
737.80 345.60
906.53 730.23
927.55 923.89
937.11 906.65
913.29 913.69
950.69 941.01
938.86 920.40
891.12 910.41
927.62 913.48
937.57 904.42
586.17 936.79
0.00 584.28
704.20 0.00
908.10 726.49
888.07 935.62
931.03 906.37
863.50 879.62
929.44 895.42
931.59 907.29
896.44 904.84
918.49 870.98
936.07 924.03
964.96 904.58
953.99 906.08
956.40 941.02
955.41 909.99
951.07 913.77
773.15 944.15
802.27 944.49
937.38 798.34
280.88 920.04
943.25 268.31
909.75 938.06
895.82 891.22
929.66 906.91
169.13 918.56
6.31 165.41
0.00 37.82
376.91 0.00
376.03 342.00
0.00 322.66
390.41 58.53
943.23 377.51
932.32 922.56
923.71 937.73
947.68 903.08
914.38 935.53
937.91 904.01
933.76 906.24
936.10 907.63
960.91 939.58
961.82 937.90
956.55 940.68
933.83 933.78
921.90 906.83
946.61 936.63
939.61 955.85
952.12 982.52
943.24 941.26
933.61 940.02
936.88 934.52
952.82 944.55
195.82 945.28
421.00 233.62
853.82 418.62
889.31 848.56
921.48 907.57
905.97 907.51
934.98 892.64
956.27 942.70
943.12 932.71
972.19 911.42
954.86 928.26
927.98 932.14
923.89 917.94
964.92 917.68
950.89 916.40
934.23 916.06
947.04 940.07
947.25 914.53
930.59 931.28
944.44 932.46
944.54 943.48
953.17 949.70
390.65 908.92
840.22 634.40
670.01 852.26
564.66 678.61
625.45 575.31
905.10 520.55
947.24 914.96
933.98 886.83
956.78 240.31
923.47 32.50
954.99 873.40
90.68 243.50
931.56 774.59
313.79 144.77
493.69 63.50
40.85 876.46
221.71 207.00
941.00 880.78
956.66 937.32
933.02 951.57
958.43 943.72
935.22 941.37
928.12 927.97
940.25 919.89
919.89 951.62
946.71 938.05
657.92 930.56
501.09 946.11
580.07 927.97
857.92 942.36
693.50 918.47
602.54 935.33
771.89 677.83
916.07 782.51
942.13 907.45
894.56 927.16
913.07 929.79
906.95 880.67
942.10 878.30
957.99 932.65
960.99 910.99
946.77 926.78
943.79 901.95
943.82 926.47
960.46 928.70
952.37 930.54
957.29 945.40
941.17 941.53
946.82 949.34
930.05 960.41
928.18 954.73
957.00 936.93
747.91 930.64
0.00 940.54
625.52 54.50
857.40 651.77
939.20 454.53
955.95 68.56
983.37 722.55
649.42 881.65
302.51 146.50
918.69 933.65
966.75 936.70
945.44 937.78
933.60 922.62
931.08 906.78
970.47 938.16
579.04 927.91
596.55 920.21
0.00 941.72
825.55 763.37
913.93 840.21
924.44 925.70
950.81 919.12
930.12 929.53
937.74 949.21
948.13 955.12
969.19 940.37
675.94 895.58
0.00 184.85
206.88 553.26
876.06 198.84
860.78 380.22
934.06 841.52
912.04 312.69
917.23 726.56
936.78 342.37
748.83 714.35
934.16 888.14
412.97 594.27
0.00 29.01
711.00 550.16
216.14 665.93
929.40 348.46
864.29 936.56
848.88 936.73
428.66 715.91
625.58 329.31
941.57 939.14
954.62 921.84
667.11 686.93
0.00 33.00
529.45 398.36
266.91 588.67
860.05 544.93
0.00 734.57
882.08 288.81
935.38 933.01
937.28 945.19
945.01 932.23
949.35 971.60
734.13 891.22
550.48 142.03
742.22 876.91
303.82 269.59
23.01 32.50
540.31 804.82
354.92 866.80
946.04 166.00
396.37 940.72
942.05 933.09
927.75 958.69
950.70 911.46
942.76 923.62
938.65 942.28
931.72 944.69
953.18 925.97
922.50 933.57
948.27 945.53
958.12 932.54
949.34 944.67
953.68 507.25
646.94 511.80
241.19 757.87
933.33 443.28
486.17 435.51
0.00 816.83
918.61 132.06
935.93 921.44
934.75 952.85
936.24 929.10
961.78 940.57
915.16 942.59
931.06 922.01
933.00 922.04
173.50 946.68
42.49 931.49
913.66 880.97
943.79 932.29
926.87 908.72
919.52 923.90
882.13 884.56
935.66 908.92
919.42 926.36
926.68 926.05
935.72 916.19
931.84 924.59
921.69 918.75
947.01 919.75
936.27 932.29
931.22 927.70
958.35 944.31
953.59 926.12
947.63 946.74
955.41 951.69
933.66 936.88
956.37 925.68
697.28 940.30
587.52 785.79
888.22 598.10
928.55 908.96
912.81 915.33
868.97 914.36
922.35 877.03
926.71 906.81
959.31 937.95
875.58 894.82
935.27 911.72
917.52 901.36
942.00 926.08
938.43 917.60
933.05 925.20
945.33 926.73
936.61 938.03
941.17 934.78
953.39 937.26
945.03 943.26
849.25 949.05
458.75 926.87
812.64 437.74
692.98 816.19
0.00 631.95
0.00 61.69
0.10 0.00
680.96 0.00
927.33 677.75
918.12 868.82
930.09 909.63
934.54 932.80
382.34 941.51
6.50 451.48
918.96 18.01
893.44 902.03
839.07 897.34
962.62 796.11
936.85 923.92
942.62 913.83
952.65 742.84
947.37 285.24
935.35 936.50
947.22 514.59
437.94 33.00
527.20 551.40
658.54 916.02
665.24 238.23
847.00 844.31
952.56 947.17
957.82 944.54
548.53 948.08
0.00 934.10
123.38 941.44
683.54 555.59
904.14 661.60
933.20 899.66
920.36 921.94
941.43 872.06
890.91 169.54
958.04 924.92
949.34 766.43
931.97 649.28
952.55 548.35
115.20 347.43
946.84 619.56
396.67 162.50
619.09 887.89
879.04 952.88
914.39 942.88
933.79 910.73
929.47 923.16
736.76 908.41
452.17 218.50
851.04 811.25
441.33 580.56
653.95 549.62
895.61 847.93
0.00 92.50
493.96 122.00
89.92 871.52
620.28 156.10
570.13 904.35
241.51 926.31
315.45 925.80
953.07 923.86
938.31 890.22
938.29 938.59
923.07 956.13
944.89 942.13
907.37 955.17
955.03 941.19
946.91 923.56
958.77 923.27
952.06 933.41
949.03 944.01
945.70 960.29
973.62 927.88
942.26 930.59
943.90 925.55
951.79 951.69
948.84 937.76
941.06 916.17
919.95 944.60
964.76 922.62
128.69 941.22
242.42 274.18
952.14 240.89
922.26 936.79
954.61 918.83
948.84 931.04
937.21 926.75
940.08 923.81
901.00 928.08
920.52 926.44
953.59 920.40
920.65 921.99
951.14 915.42
957.75 928.66
979.96 935.45
951.25 918.48
943.17 915.77
926.63 929.43
936.25 904.11
924.38 931.83
944.56 933.59
944.56 946.67
375.33 934.86
0.00 516.00
44.95 0.00
889.81 37.97
942.18 879.89
927.27 930.16
923.92 906.83
939.80 911.79
908.42 931.51
928.40 942.29
957.06 934.83
956.06 942.81
970.99 916.81
932.18 942.52
930.47 953.68
950.17 922.26
940.62 940.81
953.53 940.28
956.03 944.94
949.04 929.46
943.10 946.75
940.30 930.81
933.29 921.28
931.51 904.12
423.50 918.82
625.25 550.67
932.10 591.06
930.02 924.88
926.98 911.98
913.87 925.53
948.00 903.12
957.38 944.11
967.67 942.51
912.33 932.38
913.09 923.35
954.68 929.06
923.87 935.96
949.45 931.26
930.26 956.38
939.15 914.48
939.36 918.90
867.39 914.59
139.05 944.32
852.23 141.30
351.22 863.14
638.23 349.73
846.36 638.29
920.12 850.06
922.57 887.61
891.86 898.67
949.71 917.51
939.58 931.61
71.47 913.82
56.15 97.45
767.21 58.54
0.00 764.17
739.22 0.00
927.92 738.14
917.25 906.72
920.28 915.87
895.88 910.87
897.38 891.31
925.66 907.05
944.45 895.63
965.15 926.18
919.58 929.07
964.12 925.97
894.90 932.45
947.14 949.37
943.91 935.82
934.69 934.81
908.56 923.97
938.03 908.85
901.90 921.69
914.12 936.12
925.97 921.81
935.31 941.36
150.29 929.03
410.54 118.95
951.35 390.85
703.10 928.74
908.37 770.46
948.59 890.18
944.86 933.51
946.22 921.20
964.58 949.65
941.55 932.83
945.66 926.76
935.11 919.60
974.71 939.57
965.67 927.91
945.02 912.57
945.89 932.78
946.79 913.56
937.44 909.12
944.50 941.16
935.90 727.67
956.60 310.00
946.35 934.49
795.27 490.89
242.57 32.52
599.37 564.33
625.43 895.11
720.71 243.73
763.16 827.96
941.09 937.81
947.26 927.33
946.76 946.33
957.19 936.02
885.86 928.28
942.83 922.15
927.58 939.25
945.94 943.16
936.54 951.28
335.46 922.62
737.61 942.90
739.62 933.96
305.44 935.03
945.33 891.71
872.11 915.29
927.55 874.16
939.58 938.86
933.38 900.50
918.02 927.35
680.43 924.61
946.83 723.75
713.35 925.01
677.45 759.70
794.88 624.06
0.00 779.39
61.69 0.00
938.01 101.12
952.08 908.77
684.26 915.70
720.03 727.00
665.63 699.83
894.40 648.15
915.05 887.11
929.45 894.65
919.91 909.79
943.69 925.65
900.05 919.60
930.37 896.07
932.14 925.04
902.67 928.06
958.83 947.87
947.70 927.99
952.29 934.28
945.85 929.44
944.60 919.34
915.41 920.67
916.30 916.26
932.86 909.69
865.29 917.09
0.70 943.95
462.47 4.89
895.19 506.95
878.38 913.51
944.31 846.09
947.18 924.01
310.44 942.28
851.41 267.51
912.11 831.55
802.45 925.92
889.36 799.39
959.59 893.43
941.39 927.74
918.98 940.26
954.09 914.50
933.70 942.51
918.91 940.69
0.00 936.88
425.23 0.00
935.98 415.13
891.73 909.51
917.91 871.74
930.47 901.65
962.32 939.10
954.59 948.65
140.53 915.03
0.00 174.66
675.61 0.00
0.00 666.61
550.46 0.00
817.47 629.10
906.74 807.93
935.66 891.28
932.80 898.11
955.90 915.67
930.27 920.88
932.93 912.08
949.17 920.92
936.71 928.81
958.15 933.31
931.39 934.89
962.83 949.00
968.66 934.17
944.63 921.89
954.48 932.01
951.29 932.31
948.82 931.21
938.62 923.95
938.15 920.09
950.87 949.96
87.27 970.88
124.14 215.21
708.52 127.54
924.13 731.89
949.04 910.00
937.19 920.40
915.69 930.61
960.45 891.23
957.79 921.67
923.21 907.08
901.65 938.00
975.24 922.57
909.82 938.69
907.55 943.08
935.05 884.91
939.30 944.43
945.60 919.83
975.99 933.44
977.43 929.46
914.55 953.90
922.35 924.87
933.42 929.48
738.89 916.90
0.00 892.93
474.86 0.00
872.95 461.48
791.27 872.86
938.49 799.59
957.82 900.66
963.70 933.19
945.26 924.28
934.38 908.36
926.28 916.73
933.40 946.78
941.54 939.88
928.85 923.47
923.98 919.36
923.90 934.52
949.38 949.77
959.89 934.21
946.06 929.62
945.28 938.95
935.59 933.42
939.94 918.08
950.75 928.44
936.60 939.42
949.82 941.33
940.97 936.82
971.88 917.09
957.52 910.05
953.32 906.87
947.98 974.07
948.82 923.54
958.17 919.72
943.52 916.87
934.89 947.30
547.28 947.21
190.37 938.16
54.11 941.93
0.00 942.82
60.51 922.75
0.00 933.94
60.58 936.91
54.80 930.67
59.54 930.68
399.54 934.58
446.00 940.36
310.43 947.98
0.00 420.73
0.00 0.00
122.67 0.00
0.00 127.09
114.33 0.00
784.70 109.14
920.87 771.70
556.64 932.48
856.14 532.98
439.19 835.19
0.00 443.14
0.00 56.78
508.45 0.00
164.47 458.55
412.53 240.97
759.87 316.88
942.11 789.40
931.05 927.68
952.96 942.79
891.21 908.03
904.20 914.66
940.33 901.54
922.86 926.71
898.07 938.58
802.83 881.99
782.83 815.79
462.15 787.73
838.40 413.39
669.93 865.50
891.06 686.11
942.02 904.43
932.04 937.48
941.76 932.96
916.48 916.13
916.67 918.41
822.93 923.20
925.69 888.23
231.19 915.83
82.31 176.58
875.83 87.29
912.03 879.86
920.71 919.91
913.98 918.65
933.36 938.41
925.38 901.93
944.70 953.66
942.72 929.01
718.96 950.57
781.74 667.12
165.13 796.81
550.89 156.24
936.77 552.52
941.52 889.12
912.04 926.25
919.52 920.63
931.45 909.01
885.01 924.58
917.56 915.67
941.65 918.05
934.95 930.75
941.99 945.89
937.22 942.41
938.05 949.36
959.87 947.20
950.71 936.08
250.80 954.07
895.12 281.30
937.88 919.53
912.15 915.85
917.68 926.16
928.62 933.46
924.50 939.70
929.27 927.43
932.71 849.95
950.01 215.34
862.76 880.85
943.54 204.60
755.94 109.00
780.52 725.25
650.41 945.53
930.74 903.07
739.89 646.92
726.45 390.00
504.83 945.19
916.83 955.66
966.12 935.20
955.29 927.65
948.79 957.67
483.64 945.82
0.00 945.96
116.68 933.24
531.78 552.19
0.00 550.59
521.00 0.00
843.98 500.59
917.45 858.78
911.69 914.47
891.85 912.97
897.82 889.48
926.84 915.76
824.63 930.18
937.11 820.86
85.74 916.09
931.44 105.10
891.69 904.02
952.70 916.33
801.25 919.60
915.48 767.10
941.41 913.65
952.60 931.85
853.10 934.11
945.30 907.52
943.11 946.77
945.04 900.38
680.81 940.37
938.47 672.44
14.19 940.44
0.00 18.68
633.49 0.00
926.67 638.36
940.17 915.31
928.73 910.99
936.67 946.00
931.40 934.65
920.18 933.88
939.14 933.92
601.68 939.11
879.92 583.17
337.26 908.58
748.94 301.80
914.96 773.04
961.61 898.16
955.16 915.54
950.02 943.95
936.06 924.89
941.60 916.07
939.13 929.46
933.69 951.97
947.82 941.22
894.21 917.86
913.70 906.21
936.35 916.97
932.86 915.44
944.63 927.60
194.51 922.54
125.60 288.99
0.00 135.78
205.22 0.00
927.72 195.15
882.88 935.08
931.50 887.84
931.05 890.07
943.18 938.61
970.64 944.83
956.58 931.64
930.58 894.94
958.15 930.07
970.29 940.10
939.34 929.47
935.48 934.21
905.37 943.52
932.89 905.51
954.71 907.48
945.08 928.01
928.93 929.06
939.93 930.44
933.35 938.48
948.38 927.80
943.83 937.01
227.12 942.72
212.66 377.26
930.37 224.35
941.32 900.72
927.48 908.34
824.42 897.94
955.85 916.61
954.05 898.51
942.59 914.12
953.21 928.19
927.07 923.42
923.23 916.59
943.75 916.32
914.63 946.78
926.21 927.59
940.73 919.84
764.26 948.97
605.66 857.04
871.38 604.08
934.11 828.36
951.32 940.67
270.30 924.68
915.13 306.93
827.36 933.57
910.31 844.01
957.45 914.87
931.25 925.06
852.54 936.41
129.56 857.44
0.00 132.90
624.23 0.00
798.90 631.15
924.20 803.58
905.01 897.11
933.85 905.65
839.97 907.39
905.58 847.60
917.75 906.65
907.50 911.05
917.17 901.52
924.64 902.33
955.58 896.44
250.21 936.20
444.18 353.28
903.59 437.61
937.51 880.90
937.98 925.75
955.20 903.90
919.64 943.14
969.96 921.83
952.13 917.74
952.63 923.52
919.33 943.46
565.76 934.42
16.29 646.53
652.64 52.80
929.51 563.54
963.30 882.27
925.21 909.65
929.42 932.82
935.44 917.85
927.84 901.14
946.38 931.50
967.12 932.92
496.49 926.38
681.49 673.96
279.10 699.12
884.63 288.42
884.69 868.13
955.79 879.54
905.88 833.60
928.60 923.44
955.27 759.04
958.93 652.06
955.22 543.38
959.27 117.09
929.80 937.27
216.92 341.81
947.21 692.73
935.94 946.48
940.88 948.28
846.22 932.69
126.54 939.12
534.36 925.50
928.50 946.64
949.18 937.79
939.25 928.46
923.14 920.34
931.63 941.68
945.47 951.47
930.76 943.95
946.72 937.06
922.67 937.10
903.94 941.76
935.40 928.58
938.39 940.40
948.05 941.27
932.22 925.48
928.77 954.46
949.56 933.56
971.29 932.25
925.69 927.69
949.36 939.29
939.58 918.09
951.13 936.36
944.43 933.17
934.44 945.96
930.38 949.30
938.14 919.84
970.25 927.71
953.50 920.39
949.50 889.15
963.28 921.20
946.62 925.65
945.93 933.55
951.73 948.69
947.56 946.51
940.88 929.62
950.08 921.11
927.48 941.84
957.37 947.51
968.02 910.47
954.22 950.42
954.97 921.55
945.17 921.00
936.05 899.47
962.11 883.75
943.25 922.24
953.57 932.79
964.47 906.65
918.11 895.76
948.61 916.96
942.16 954.26
949.65 903.52
955.06 941.77
949.16 918.33
923.20 934.42
946.44 941.28
950.52 945.31
948.42 937.51
958.55 939.06
939.48 926.59
951.83 891.81
959.61 944.17
602.05 924.74
613.85 942.52
122.18 937.87
853.19 798.97
929.97 858.50
951.99 931.79
926.14 922.20
929.06 918.21
938.68 716.41
961.41 700.57
950.93 636.78
952.18 449.22
936.06 546.41
952.19 650.63
965.70 223.62
964.83 726.69
961.87 916.98
951.57 928.06
957.94 925.68
920.48 927.93
957.60 923.35
947.37 544.33
942.13 899.44
940.25 940.65
939.53 933.10
936.00 785.57
930.54 905.44
938.47 699.21
919.96 774.53
952.15 896.00
946.57 781.09
530.61 594.85
825.84 418.32
947.78 832.17
919.94 916.62
925.72 892.28
911.48 909.59
949.00 896.74
938.99 908.89
970.60 928.01
963.97 936.37
928.97 936.00
919.93 916.04
941.62 937.91
965.72 930.79
935.38 948.47
824.00 940.85
0.00 919.59
334.18 113.49
952.32 316.89
922.17 920.38
907.63 912.89
932.14 915.48
950.24 916.15
938.97 931.16
938.94 913.54
919.56 909.50
896.82 874.33
920.17 916.59
944.21 910.66
926.93 936.36
924.80 923.57
941.54 900.88
960.91 924.81
936.78 924.11
935.35 939.57
948.15 914.77
941.23 940.68
936.54 905.24
946.31 952.44
192.11 927.84
830.20 425.40
920.59 830.15
915.57 932.82
939.71 904.96
912.36 899.53
907.18 904.58
902.73 899.27
931.93 912.96
932.07 907.40
925.77 933.10
905.52 923.69
943.72 908.57
940.08 927.93
946.59 934.23
926.81 947.64
930.19 947.77
596.37 939.47
941.54 635.17
171.18 912.37
848.20 187.64
896.03 863.45
935.34 865.67
314.10 938.77
0.00 326.04
387.89 0.00
876.71 393.40
935.86 822.61
916.48 894.23
938.04 941.86
892.22 952.27
951.85 960.05
985.93 933.85
900.58 931.61
921.80 927.08
770.53 904.13
585.14 812.44
945.58 547.86
889.38 908.96
497.04 915.01
636.10 535.52
902.52 680.39
915.82 898.45
945.93 911.40
928.36 931.03
921.26 948.10
947.38 914.66
913.08 906.35
575.71 897.60
0.00 643.64
125.57 0.00
0.00 125.56
418.89 0.00
834.72 409.33
920.94 849.14
850.91 893.00
914.19 905.53
932.20 887.75
901.14 912.69
932.67 875.30
940.06 912.92
940.20 925.17
786.36 939.69
798.56 838.53
764.18 791.31
324.39 776.92
926.30 315.09
948.92 892.53
948.17 911.68
956.47 928.45
892.90 935.15
916.33 913.14
927.20 938.99
934.62 925.53
939.67 902.15
437.88 936.51
551.52 517.59
942.03 531.77
924.09 918.66
563.92 914.96
0.00 568.84
607.20 0.00
919.80 605.88
890.55 920.50
900.54 907.71
915.81 937.84
887.83 927.07
908.72 820.73
899.52 880.59
909.00 917.85
939.30 928.33
929.71 916.06
944.59 946.99
943.28 937.60
901.00 931.67
942.53 909.78
953.41 926.21
937.21 941.49
919.66 932.44
945.21 924.48
955.42 961.74
956.36 910.69
940.00 966.73
197.56 927.16
943.93 220.34
911.93 923.16
933.14 914.94
922.15 908.29
849.34 905.93
920.31 922.68
888.36 919.60
924.95 877.31
932.78 922.39
944.83 928.71
954.69 947.45
926.23 932.57
898.01 941.58
943.73 949.43
934.85 924.10
945.90 945.90
935.67 943.59
929.10 935.11
927.10 937.96
942.35 937.71
577.95 940.48
721.30 558.08
877.08 688.49
946.78 912.49
397.16 919.00
0.00 408.60
799.95 0.00
801.07 770.95
541.66 814.73
172.35 533.06
918.44 164.39
933.01 927.27
852.30 907.93
922.71 857.25
929.61 877.96
942.22 928.09
945.67 920.39
908.76 928.99
960.83 938.09
964.05 952.07
917.42 921.28
936.08 895.79
958.58 905.03
942.81 941.74
941.89 913.52
210.48 946.07
288.02 360.98
916.34 293.28
933.31 886.54
904.80 921.00
944.47 900.89
955.05 895.02
956.71 939.65
935.62 920.04
920.46 912.73
879.80 931.58
896.17 928.72
924.95 881.48
950.16 920.97
966.18 937.49
960.56 913.57
944.63 930.00
966.91 924.13
966.71 930.18
977.10 937.79
962.17 925.98
977.31 959.42
544.59 919.51
362.37 941.54
286.23 949.75
747.73 391.75
891.38 684.94
931.04 888.75
925.43 905.46
923.90 885.11
933.02 922.69
935.74 888.97
906.91 230.75
901.02 863.85
950.02 831.01
954.64 33.00
799.23 257.72
496.17 933.74
924.02 916.83
953.23 742.80
775.09 321.10
248.81 955.99
945.59 960.81
948.17 943.97
883.89 951.15
944.09 931.49
935.22 917.48
647.94 935.97
174.00 935.64
0.00 934.38
242.68 617.91
908.65 202.02
934.72 895.51
913.95 915.40
914.26 888.18
946.40 917.98
929.63 940.97
923.38 931.61
945.17 921.19
946.50 914.11
946.22 934.89
945.98 925.21
928.84 907.30
911.51 940.86
944.40 931.27
920.32 941.63
960.46 942.48
926.19 927.22
930.01 942.80
954.49 953.13
954.59 932.96
967.27 940.98
369.06 934.64
931.48 504.91
912.77 898.23
774.21 938.90
354.39 790.81
364.12 371.20
919.82 349.41
941.94 923.12
922.10 921.34
940.29 920.06
940.59 916.94
935.75 933.61
913.81 907.93
929.21 913.73
955.41 921.89
960.30 935.57
721.75 927.03
875.39 846.60
742.57 866.75
917.57 740.81
895.58 892.07
958.19 903.49
936.56 910.29
604.48 924.10
0.00 638.51
0.00 0.00
740.76 0.00
910.89 742.87
955.38 920.99
945.35 919.69
919.48 873.44
944.04 929.91
937.29 920.66
942.12 935.61
949.87 927.23
957.45 928.37
924.24 959.96
943.27 939.20
938.35 935.22
955.02 958.64
950.67 934.64
937.59 914.63
944.59 948.05
954.80 939.07
948.96 934.75
830.67 946.94
761.56 946.87
910.78 805.31
925.04 890.05
245.01 932.38
733.35 241.47
839.43 740.20
401.57 868.74
794.37 373.09
946.26 762.12
950.31 927.18
947.81 934.53
932.16 924.41
923.58 911.58
556.35 922.36
179.24 561.01
721.35 229.89
0.00 726.28
542.31 59.64
932.12 468.85
903.03 961.81
312.46 892.61
713.54 293.87
530.85 767.02
699.56 482.65
878.33 741.67
214.91 827.34
299.15 212.37
903.94 260.67
208.49 889.48
799.10 225.46
892.60 800.94
878.81 878.86
938.76 896.94
939.35 901.55
930.89 925.37
631.81 896.88
0.00 599.34
0.00 0.00
657.04 54.00
201.41 700.55
0.00 153.17
811.72 0.00
894.38 824.97
914.14 865.40
910.68 912.33
938.98 898.90
925.56 916.00
908.58 916.53
976.82 932.56
941.43 923.45
920.36 920.77
930.03 918.69
967.48 895.17
962.21 911.91
965.55 929.34
954.04 932.98
417.48 956.60
748.38 598.11
940.56 732.54
404.89 932.54
570.63 402.67
927.91 583.63
913.91 928.85
634.51 909.49
0.00 628.75
579.49 0.00
805.69 572.75
927.33 832.87
915.86 940.40
948.07 879.66
954.66 913.63
943.15 794.75
975.75 540.05
436.38 599.75
221.16 925.74
944.68 670.36
935.25 905.70
736.21 936.93
937.86 762.06
844.34 911.72
957.11 889.06
939.80 934.63
931.81 892.60
940.49 914.58
911.27 916.36
939.29 925.38
913.16 893.54
900.83 913.34
960.62 908.63
928.75 638.99
941.67 537.71
641.03 785.95
0.00 942.40
651.18 644.23
832.75 646.82
902.78 825.93
930.60 878.80
920.20 888.42
965.55 918.20
0.00 917.48
393.27 117.15
943.90 256.97
921.42 899.13
934.20 927.96
932.69 929.21
927.01 912.57
934.97 919.06
975.63 921.51
969.79 929.11
940.42 909.29
950.01 941.83
954.54 932.05
927.58 932.86
952.56 923.27
930.73 949.93
899.95 946.38
365.70 911.80
487.51 577.90
919.96 408.66
931.33 914.78
307.69 943.58
666.67 327.38
252.71 586.37
928.81 323.10
782.70 666.65
326.61 52.50
955.86 918.78
947.81 903.67
928.51 943.12
915.51 631.20
928.77 32.50
965.45 408.95
198.26 904.50
872.27 660.19
946.68 916.69
944.62 295.47
834.39 774.80
511.51 947.76
939.40 943.87
929.25 951.48
921.43 960.32
946.49 942.17
187.31 930.84
0.00 966.86
194.19 961.65
852.01 207.99
885.70 849.46
912.74 895.29
936.80 886.39
955.67 925.51
945.17 914.73
949.98 932.09
932.32 925.18
961.64 917.88
940.94 943.55
950.27 926.73
743.17 918.65
0.00 882.73
842.68 0.00
820.58 791.26
934.14 863.99
928.98 933.08
920.68 925.27
934.60 903.77
939.91 954.75
920.30 920.26
915.24 928.17
893.67 897.27
944.15 894.87
915.26 908.22
944.04 916.44
659.90 925.83
374.35 695.19
0.00 387.88
376.34 0.00
489.35 363.33
353.27 514.08
930.03 357.64
916.64 916.18
927.77 915.41
938.79 928.94
960.58 920.00
927.05 923.32
888.52 941.48
935.41 888.93
697.20 920.43
721.11 689.47
434.30 708.73
0.00 459.78
651.41 0.00
801.30 619.79
944.55 793.30
905.70 910.25
104.59 930.59
912.50 95.81
850.47 925.32
874.24 876.94
564.74 878.45
812.57 555.17
213.02 830.71
0.00 223.57
901.01 0.00
181.72 860.62
848.63 209.55
945.47 858.96
943.62 950.50
958.81 879.81
201.12 907.51
0.00 343.84
486.73 0.00
825.55 534.16
866.88 866.03
911.25 856.41
905.47 895.78
917.69 886.48
955.92 868.42
901.36 753.77
928.16 556.16
933.17 670.28
936.57 931.56
958.19 943.59
953.93 927.69
954.35 933.45
929.23 933.02
967.10 940.99
937.66 918.56
970.22 920.79
982.21 860.51
985.34 143.23
926.95 930.80
361.37 723.57
597.27 193.32
673.27 476.70
606.90 660.26
84.88 408.26
957.59 636.97
921.22 938.13
894.22 945.11
926.12 940.16
887.63 941.23
925.50 940.24
678.36 925.87
456.69 929.71
927.09 934.96
936.69 918.24
942.05 788.70
950.08 253.50
962.71 870.83
366.73 51.00
97.98 173.66
950.13 892.82
312.50 164.13
942.01 939.24
938.01 944.13
863.07 943.14
519.53 893.18
745.81 145.67
727.19 936.14
689.48 793.59
456.33 629.21
0.00 485.50
136.38 31.68
139.45 562.10
963.36 554.77
976.36 466.39
951.00 942.06
941.80 936.94
945.66 890.69
954.81 950.10
977.06 942.82
937.78 946.61
924.76 932.02
954.04 939.00
952.99 935.31
929.44 950.15
955.68 941.32
599.88 939.20
936.65 939.97
852.84 940.59
0.00 933.97
791.84 938.83
938.79 921.70
938.83 945.22
958.91 916.97
885.11 942.97
0.00 954.08
0.00 201.26
687.90 0.00
894.58 641.05
884.89 920.69
923.19 886.29
955.63 899.78
907.75 924.15
954.46 923.77
943.34 921.83
941.61 918.18
908.11 892.83
912.59 929.14
925.91 909.74
915.71 935.25
956.96 893.47
932.05 939.21
904.76 953.62
429.70 957.00
694.55 454.16
175.11 694.66
934.23 171.14
935.60 914.76
950.46 902.41
907.29 922.74
930.23 864.57
946.40 908.27
941.59 918.13
948.94 912.66
353.94 946.29
0.00 547.89
356.84 0.00
922.10 344.07
925.71 926.02
890.17 919.87
872.35 904.50
926.48 864.09
942.69 907.21
930.70 915.73
942.94 913.65
927.26 931.76
945.24 927.77
933.01 905.84
906.72 936.87
912.64 923.88
930.85 901.96
938.56 909.15
928.04 925.91
952.34 955.95
963.41 925.92
927.72 926.70
928.13 931.82
932.04 948.82
935.64 938.88
941.29 954.45
957.93 938.72
267.49 935.18
764.02 298.60
889.40 760.94
916.26 878.66
918.15 890.53
874.06 864.40
896.40 892.18
904.46 891.01
912.68 924.67
929.84 886.09
955.68 911.16
924.15 930.27
951.99 918.58
951.09 866.55
918.51 161.83
948.47 939.47
946.45 927.75
819.58 404.37
328.18 32.50
944.26 683.55
64.40 431.74
641.39 614.10
951.54 936.61
934.26 928.76
213.50 936.27
0.00 928.36
179.65 807.15
507.06 123.93
704.62 528.41
891.00 706.67
944.48 854.89
930.74 921.27
892.62 943.79
922.32 890.00
909.64 899.35
926.79 920.75
941.87 918.58
939.26 958.43
953.16 963.19
926.85 929.23
934.10 936.07
925.93 935.60
968.20 911.04
955.35 932.81
943.68 928.91
949.27 921.65
926.65 927.39
938.94 898.95
945.00 920.94
150.28 945.14
121.32 313.78
0.00 133.77
254.21 0.00
869.77 234.65
904.47 885.73
906.59 889.47
878.03 888.93
886.14 907.49
900.98 897.04
964.91 910.02
959.64 922.17
911.23 916.66
928.27 905.64
880.56 904.13
942.79 925.01
937.09 917.06
955.85 910.29
936.94 927.82
949.29 912.13
914.19 922.55
944.88 926.56
938.21 919.87
952.03 927.51
680.37 926.99
584.04 890.03
808.92 576.03
915.23 831.57
930.72 870.94
943.05 903.81
932.83 919.11
931.32 931.14
933.25 931.31
946.11 926.87
935.24 925.06
923.74 924.35
929.36 921.45
881.17 946.16
930.70 938.00
940.55 922.43
953.59 902.18
924.81 908.56
947.49 931.27
935.10 933.21
959.75 931.26
937.88 939.92
940.61 931.56
967.23 921.98
945.25 932.15
589.60 943.70
782.55 734.40
920.49 807.06
648.16 898.39
108.44 681.98
934.42 96.35
950.73 912.63
926.67 909.96
949.24 918.69
924.68 925.01
904.92 903.77
0.00 925.32
0.00 95.49
526.10 0.00
907.39 524.13
924.35 892.99
776.19 917.66
575.45 755.69
947.33 551.25
944.64 868.03
944.41 914.40
938.89 881.88
933.23 944.94
952.19 668.24
881.80 486.67
892.92 918.28
952.45 335.00
469.88 33.12
0.00 803.85
128.06 865.35
