57.52 
0.00 52.97
0.00 0.00
305.82 0.00
901.39 260.63
920.28 937.02
976.00 910.51
930.38 943.99
894.29 932.97
918.71 881.28
901.27 921.53
924.79 923.05
954.07 923.24
941.54 927.65
945.50 907.45
940.29 931.91
933.02 933.69
954.59 923.49
966.42 932.75
444.13 947.63
438.54 528.04
940.42 434.86
939.47 900.16
944.55 924.04
965.32 953.37
956.36 919.69
341.42 931.88
684.63 470.41
435.46 680.84
732.59 467.46
922.67 684.94
294.98 901.65
769.24 333.79
959.81 743.99
941.58 907.32
962.86 928.58
957.54 940.82
939.49 954.30
919.23 935.00
945.20 923.73
939.38 974.39
941.79 945.39
950.76 947.52
933.48 959.29
789.44 933.01
42.08 786.18
847.65 37.85
917.87 862.61
932.01 893.92
932.71 960.00
858.97 958.67
477.21 785.08
942.47 478.21
972.90 926.86
943.65 912.15
960.78 940.05
941.85 953.04
955.08 940.27
921.64 952.46
937.76 951.67
946.06 933.54
943.75 952.81
948.92 949.76
934.25 948.01
547.16 925.06
936.63 523.36
936.35 916.38
890.93 918.97
175.62 957.93
392.48 129.63
809.19 446.34
476.91 795.49
670.28 460.15
811.73 690.40
903.89 839.94
942.50 883.78
928.57 942.06
941.78 981.31
931.81 925.26
478.65 951.00
0.00 487.74
14.00 0.00
467.97 0.00
889.58 432.16
881.58 905.00
927.74 890.17
935.16 931.84
934.52 884.68
911.47 926.60
518.92 926.11
889.40 509.69
725.11 877.42
290.43 754.12
910.74 300.95
888.77 896.14
947.56 934.38
952.82 942.91
666.57 926.08
538.15 607.81
908.76 545.91
300.07 901.96
0.00 298.78
561.71 0.00
300.19 547.96
0.00 262.90
496.76 57.22
409.50 484.63
675.88 461.06
93.96 630.44
0.00 140.20
206.27 0.00
913.23 174.75
904.02 934.19
492.16 889.67
643.97 473.59
936.69 603.10
914.54 941.08
914.80 921.08
926.15 934.36
393.20 925.61
132.11 356.63
860.37 130.65
899.72 835.54
923.37 933.18
961.89 905.97
979.34 941.03
19.47 960.56
549.89 69.43
85.92 580.36
911.65 34.51
942.17 891.73
842.52 932.49
875.35 857.42
939.98 850.31
932.68 938.91
959.64 928.99
956.28 938.49
957.01 960.28
953.17 938.66
954.93 941.55
949.20 943.49
914.89 950.43
944.27 934.80
948.19 934.55
516.67 933.92
879.27 573.90
417.48 917.60
553.30 396.05
238.93 559.15
783.12 226.48
388.56 714.76
16.51 461.55
710.79 0.00
0.00 685.67
587.04 0.00
927.41 630.48
918.94 917.80
919.67 920.17
931.63 911.75
935.15 912.85
931.54 921.08
911.13 935.67
916.51 957.67
921.94 940.93
892.44 930.53
879.85 909.81
934.25 904.28
932.11 947.28
949.21 931.78
910.61 937.33
944.29 928.33
960.87 920.07
935.94 934.88
960.50 911.34
917.81 918.91
958.64 920.06
930.68 933.98
902.50 944.49
495.29 920.62
926.62 437.79
932.35 912.12
888.00 917.15
922.07 889.75
881.13 924.56
912.42 899.77
909.60 889.72
899.83 927.36
916.56 882.97
941.07 922.78
906.29 944.02
791.31 944.15
496.35 784.50
889.26 508.87
678.98 849.20
515.11 702.63
929.20 507.69
935.15 920.14
932.87 918.57
899.05 910.31
951.22 944.98
931.17 941.79
917.62 910.45
199.58 967.72
0.00 140.42
619.53 0.00
966.35 670.56
904.14 911.60
931.76 897.39
904.79 880.33
909.53 607.44
943.38 542.92
935.37 871.52
921.70 951.08
963.25 941.09
935.08 940.69
927.44 933.58
918.44 934.45
915.56 941.86
933.28 918.73
965.92 928.51
957.93 940.28
954.62 930.81
336.22 923.13
786.21 948.78
159.02 928.92
844.57 253.29
915.15 831.16
939.59 912.72
858.91 927.73
895.99 893.23
725.08 883.32
0.00 669.15
514.17 0.00
316.25 485.00
845.29 328.11
908.91 764.13
930.18 907.86
936.19 917.00
667.15 435.01
0.00 636.03
888.33 513.18
927.52 32.50
956.29 528.27
922.77 842.88
838.75 329.21
710.15 821.81
944.12 900.94
931.67 968.49
939.14 931.86
943.16 932.12
937.59 914.57
940.23 944.94
911.50 948.56
911.48 923.65
925.52 932.39
926.65 935.33
593.90 939.81
0.00 947.55
317.61 952.58
399.67 644.30
0.00 339.62
269.46 0.00
762.00 296.80
880.88 727.26
915.74 896.39
938.93 898.72
940.75 942.72
912.19 912.94
904.60 915.74
916.21 908.21
947.95 943.92
903.81 937.37
917.11 941.66
914.47 922.83
932.52 885.39
953.71 954.23
943.74 966.87
952.13 949.16
955.02 943.36
911.89 954.47
941.65 953.32
955.63 942.15
858.98 930.08
863.04 768.38
904.96 851.58
939.02 871.08
939.70 702.39
950.60 413.01
932.44 932.17
954.09 394.70
430.91 32.53
566.56 670.84
390.05 445.57
927.63 554.13
900.19 944.20
960.98 922.06
897.41 948.10
915.81 921.02
930.42 924.10
955.22 951.93
963.47 920.53
929.88 941.83
524.07 936.37
595.51 949.96
231.90 937.73
861.58 914.26
865.39 925.67
911.10 953.80
897.34 934.36
926.72 891.20
945.35 929.11
34.40 930.00
502.01 140.83
316.59 503.13
0.00 314.51
477.19 0.00
878.66 433.14
899.86 840.09
921.15 885.54
884.75 890.54
880.64 923.91
913.85 908.00
934.71 907.67
952.03 914.49
902.16 960.25
918.36 911.28
949.26 918.54
950.91 918.63
937.20 923.97
941.06 923.05
944.19 930.72
953.14 916.81
913.33 938.17
959.28 909.65
940.56 936.34
962.65 908.02
427.63 927.65
228.87 604.08
897.96 216.43
881.39 880.38
926.07 921.59
943.59 921.91
929.71 918.30
883.49 956.45
933.27 902.03
927.85 917.03
932.59 941.14
937.75 894.35
952.05 902.61
943.39 616.50
940.70 864.41
945.50 50.51
865.17 157.90
0.00 887.45
567.94 133.57
930.41 902.48
949.61 957.64
947.75 939.14
952.76 935.48
348.50 944.55
931.93 949.68
929.54 937.13
932.13 850.73
894.28 844.14
702.83 589.50
0.00 653.93
340.82 891.67
826.57 277.02
927.32 32.50
702.16 395.61
923.46 624.54
309.12 389.35
0.00 274.96
384.54 807.21
900.52 863.36
919.49 910.52
932.04 925.93
940.48 924.71
939.31 925.71
918.14 936.14
931.16 927.58
907.86 937.74
911.74 940.36
932.80 939.19
913.59 944.61
933.69 926.56
966.66 943.95
951.87 934.31
964.75 950.82
960.97 933.82
747.48 953.46
128.19 945.04
63.11 931.47
667.98 66.35
0.00 666.06
40.44 0.00
930.30 23.51
944.35 756.55
917.57 879.35
946.58 910.80
921.23 911.96
932.43 913.24
929.78 924.77
944.04 923.85
940.33 904.16
930.09 944.98
931.48 945.50
911.85 944.97
922.89 917.13
945.90 916.49
926.27 925.03
941.20 921.38
928.94 953.48
952.59 935.71
928.66 950.69
945.25 929.93
660.72 925.62
809.14 897.88
861.44 817.95
909.26 954.38
933.80 921.23
948.03 912.32
954.55 915.21
931.90 908.72
947.78 923.98
947.01 916.44
944.52 929.25
919.25 918.91
909.38 924.60
915.26 930.54
958.80 921.66
947.77 930.19
950.86 928.89
947.54 906.50
931.87 919.29
965.20 933.78
920.41 931.01
938.39 948.60
950.93 911.24
940.58 940.01
941.87 911.15
969.18 940.21
952.78 934.33
942.16 946.20
929.95 933.61
955.80 926.78
978.38 918.42
951.83 952.78
937.50 967.70
949.44 922.37
944.51 920.03
943.24 938.61
901.10 931.24
946.33 955.69
941.69 921.06
947.70 948.80
950.73 951.43
950.81 935.09
848.19 919.66
0.00 943.20
375.31 201.36
281.70 406.18
557.77 268.23
253.94 563.71
179.11 237.25
451.99 203.40
342.47 430.70
918.22 327.43
926.91 918.81
936.10 908.70
914.43 922.48
950.70 939.19
939.10 951.66
916.48 923.92
937.22 914.00
907.83 936.22
950.23 949.20
764.56 913.07
651.68 754.23
537.50 689.55
530.46 539.94
112.12 514.50
466.40 97.09
938.02 489.43
491.43 918.04
551.50 513.22
924.72 536.32
926.52 910.15
940.51 934.41
938.70 921.94
933.25 948.13
946.52 948.78
735.15 925.76
0.00 721.92
0.00 0.00
800.42 0.00
906.82 808.87
904.46 883.16
925.58 920.17
928.05 908.44
933.81 947.98
949.90 921.30
926.67 948.66
866.92 951.53
916.93 868.60
927.14 904.91
937.87 905.47
931.71 913.85
925.47 948.42
953.79 934.57
923.19 953.47
950.34 937.21
954.42 959.81
933.23 926.06
900.34 925.68
961.57 922.33
787.67 930.08
57.87 814.56
45.64 0.00
930.74 95.88
906.86 907.92
922.27 906.35
906.23 931.11
888.78 885.82
932.57 870.57
933.03 939.12
911.31 913.00
942.63 929.03
914.34 918.06
935.72 934.13
949.45 915.82
933.43 916.05
939.90 939.80
956.68 939.93
940.54 951.19
969.03 920.97
951.78 916.99
948.79 920.60
954.52 913.37
639.36 953.65
810.43 818.05
932.00 808.44
908.58 908.68
885.64 930.12
951.61 906.18
942.86 915.95
930.16 917.95
925.17 913.18
932.87 885.32
958.56 904.25
938.83 907.19
956.18 936.25
312.03 943.45
407.93 512.75
904.34 405.99
870.42 851.47
308.65 912.63
857.33 289.27
931.90 886.74
942.70 909.93
929.92 917.91
906.82 936.55
940.84 931.65
940.79 934.88
917.69 935.16
950.34 910.94
941.39 941.93
756.24 952.98
0.00 721.41
615.28 0.00
213.23 624.00
761.70 224.87
950.04 775.99
936.43 889.69
911.43 933.95
945.68 921.84
947.79 936.41
955.23 937.75
960.91 926.56
946.22 937.31
970.39 941.64
941.19 937.17
947.23 917.92
935.28 926.55
934.58 899.17
922.32 944.47
836.04 930.82
922.07 929.65
931.21 907.27
954.70 921.85
769.14 935.79
0.00 895.37
0.00 0.00
472.37 0.00
903.30 445.52
874.93 901.39
886.25 903.60
877.78 875.96
917.57 872.62
911.62 895.09
934.65 932.40
933.06 929.83
932.51 924.97
902.11 896.40
936.49 905.50
961.52 918.69
919.91 905.92
965.84 927.41
897.36 926.25
945.53 923.06
946.23 949.14
953.68 933.93
960.70 934.99
609.06 931.04
857.69 795.90
574.61 862.49
494.15 488.20
807.21 584.51
935.24 790.65
675.33 934.56
0.00 636.71
0.00 0.00
544.22 0.00
915.06 590.48
903.80 904.78
927.24 902.87
928.96 916.19
922.24 944.38
894.71 922.97
891.52 884.50
904.94 901.55
900.48 906.00
934.99 928.44
946.02 919.91
935.29 942.68
952.06 926.77
926.60 927.24
948.81 907.46
956.90 929.78
941.13 911.36
946.21 934.80
971.99 947.38
492.31 945.15
907.91 656.09
471.78 876.86
44.00 482.50
0.00 67.29
705.61 0.00
894.77 660.22
927.21 888.74
895.92 914.30
918.21 879.04
896.30 933.22
912.60 921.56
905.61 918.39
937.32 922.71
945.80 935.32
939.47 928.94
950.91 900.55
912.05 940.95
932.66 954.03
952.78 958.44
937.10 963.90
937.54 955.16
924.85 972.85
951.25 929.88
955.93 934.63
952.27 945.74
946.95 922.87
964.24 946.71
955.40 920.33
942.72 940.51
953.91 948.96
953.38 927.83
947.90 952.11
939.00 933.74
938.35 925.50
927.15 946.60
945.66 924.09
962.17 949.56
955.08 948.33
935.07 934.64
961.83 965.38
925.32 974.42
941.05 950.63
952.36 952.50
949.34 955.18
954.53 929.78
295.08 950.65
671.92 353.48
943.55 695.15
940.24 918.28
937.86 937.53
922.55 912.85
907.86 896.28
906.21 919.40
922.95 878.78
924.97 910.42
920.47 896.22
948.69 905.88
952.39 933.20
951.64 926.29
949.25 939.65
931.91 930.06
959.12 963.67
312.59 933.61
698.58 438.01
374.13 697.85
920.14 364.61
915.10 927.04
902.39 923.03
908.01 884.35
522.49 913.23
0.00 532.74
0.00 52.40
467.13 0.00
876.00 425.80
892.12 865.12
921.07 911.01
901.20 908.65
928.44 907.99
951.55 895.12
929.19 927.42
926.87 920.52
923.68 908.40
937.46 931.40
935.35 942.48
939.32 921.80
955.78 941.90
910.27 950.80
952.44 939.97
940.94 893.30
946.71 938.64
933.37 921.68
931.41 933.15
948.82 936.10
393.64 949.80
630.78 449.45
136.06 572.42
697.54 190.20
851.21 655.52
905.63 872.64
913.18 911.80
921.77 921.75
936.75 892.32
929.57 919.40
936.99 921.64
936.46 914.34
772.16 940.88
608.06 854.32
699.63 597.75
716.72 698.15
447.34 707.83
955.60 480.55
872.93 881.39
952.92 915.79
946.70 928.66
953.02 911.39
452.24 905.82
852.76 552.46
744.93 860.05
0.00 698.36
457.72 0.00
954.67 458.17
945.79 924.89
261.50 938.33
765.82 283.69
921.11 773.11
827.52 940.98
124.47 792.47
0.00 121.87
0.00 0.00
748.17 0.00
892.49 743.63
902.69 888.86
913.87 895.74
921.70 910.19
920.99 903.73
924.50 938.50
943.80 908.54
960.68 915.88
956.41 903.31
716.71 928.06
342.81 847.34
901.69 327.48
542.03 897.70
643.24 533.87
948.22 627.61
921.17 920.29
933.50 937.30
957.06 903.12
939.33 921.27
945.39 904.15
956.12 961.08
814.09 933.65
430.10 931.36
443.59 437.02
872.86 472.62
908.80 836.37
908.44 906.09
925.70 910.14
911.65 932.27
928.85 928.39
952.31 943.81
946.88 927.62
936.37 907.29
920.67 924.41
903.08 924.41
932.38 913.29
939.83 935.17
932.49 953.46
932.63 924.04
956.67 931.05
945.96 949.14
930.05 944.22
949.09 936.68
939.78 915.09
914.90 913.00
922.85 940.33
712.66 900.52
576.96 801.87
900.33 605.53
31.41 915.17
181.23 0.15
922.34 162.67
965.10 901.15
837.66 923.52
931.68 881.03
267.64 919.71
182.24 270.32
956.34 207.08
932.52 929.33
935.87 912.85
939.26 930.59
911.90 899.73
937.83 922.05
930.75 938.02
957.66 904.38
929.42 943.29
937.53 923.10
954.78 929.59
955.08 933.78
873.47 925.61
924.91 907.86
946.65 930.41
947.86 916.14
161.11 924.27
0.00 316.26
0.00 0.00
727.76 0.00
774.81 654.24
918.52 829.94
915.60 897.48
924.27 884.95
915.64 910.81
953.96 909.25
922.65 951.90
909.03 899.29
956.94 918.45
950.35 923.07
939.13 929.94
642.91 552.91
627.15 488.87
935.54 659.99
939.25 33.97
717.35 395.55
589.84 713.43
355.01 191.10
801.72 838.99
956.73 944.76
928.01 940.15
961.74 940.75
950.03 943.02
949.81 939.04
931.64 941.43
814.10 829.34
536.90 674.09
400.87 629.09
0.00 848.62
125.17 683.30
929.30 34.25
933.22 360.40
904.41 911.58
218.26 429.50
930.96 605.68
950.19 910.87
944.53 944.68
956.16 957.44
947.64 944.65
942.97 933.57
921.86 939.32
959.20 943.98
936.32 943.42
583.84 507.12
807.83 557.46
687.68 915.60
0.00 267.00
584.16 33.00
630.26 840.85
754.77 276.51
380.40 798.04
926.14 935.50
928.26 938.28
942.24 940.29
953.21 934.88
449.57 921.62
0.00 933.42
0.00 938.48
0.00 177.36
0.00 0.00
45.86 0.00
830.18 0.00
912.79 860.48
896.56 916.25
945.13 911.30
954.04 887.76
980.39 395.82
943.51 941.22
923.81 866.20
949.49 745.62
933.91 403.74
886.67 354.00
0.00 32.00
760.44 710.40
0.00 893.38
917.84 170.01
938.19 923.03
950.74 934.96
929.27 934.42
938.79 921.89
931.38 953.36
933.73 930.35
937.71 929.28
892.70 920.53
123.44 958.53
763.79 932.84
556.33 920.87
648.43 939.87
626.75 935.47
278.91 644.27
63.03 280.03
891.77 70.39
589.01 923.09
127.23 559.84
922.50 120.03
877.97 921.47
263.57 871.34
0.00 294.54
521.46 0.00
954.30 510.37
848.36 923.45
675.68 860.36
950.43 663.86
933.01 923.38
930.11 910.69
923.36 930.62
943.45 420.50
951.95 677.40
940.93 884.88
672.21 163.50
610.67 35.46
677.57 919.43
916.00 837.90
256.83 493.58
912.33 631.67
964.15 933.93
863.45 930.24
953.48 933.80
868.14 958.77
117.65 931.29
19.01 937.04
693.25 800.33
668.58 694.34
826.99 659.17
881.26 835.84
956.19 903.57
941.55 747.40
922.46 265.07
928.01 932.14
928.41 937.29
956.68 741.28
927.98 30.50
348.27 325.07
836.50 932.66
551.80 877.86
599.83 161.50
938.80 922.76
799.94 925.61
935.01 935.79
950.83 931.95
951.71 925.96
961.50 954.02
936.00 932.61
920.54 941.02
842.15 931.30
902.45 946.48
925.46 929.21
922.79 929.49
570.41 945.51
814.23 927.28
936.22 882.89
707.84 245.48
493.98 816.11
0.00 223.00
591.02 43.06
927.45 792.72
677.76 866.24
402.67 177.00
925.60 935.41
930.51 932.68
939.57 940.72
935.70 929.46
934.01 945.29
929.71 942.41
935.07 968.12
955.89 931.21
925.04 962.37
959.14 958.71
938.34 940.45
962.69 954.00
969.32 955.62
406.53 959.21
477.92 919.30
607.21 963.60
491.10 929.05
552.04 702.66
0.00 581.41
0.00 0.00
449.88 0.00
938.68 417.22
920.41 924.91
873.21 833.96
856.78 243.62
893.25 963.61
895.75 942.96
917.20 935.19
936.63 924.22
961.44 791.80
946.57 33.00
516.73 326.86
916.43 934.69
713.01 443.48
196.86 631.66
921.79 916.54
941.75 942.70
940.65 938.44
902.76 943.83
906.59 907.70
925.48 941.80
898.68 924.76
883.69 935.03
554.27 932.85
948.04 944.11
896.78 953.63
928.79 903.79
757.73 927.86
736.33 930.14
923.48 943.45
350.62 939.78
873.11 766.39
952.53 866.95
884.89 913.32
930.21 913.36
891.35 923.26
888.46 910.75
942.96 923.29
924.46 927.80
943.63 912.98
934.32 945.44
973.05 944.70
757.61 917.58
99.63 830.87
246.54 108.97
951.28 239.48
898.30 937.23
933.83 915.67
924.28 953.58
951.18 952.00
932.80 921.90
876.16 935.04
136.93 837.82
0.00 158.03
0.00 0.00
548.30 0.00
944.40 548.03
888.98 917.42
914.71 869.05
763.57 645.51
923.15 370.99
896.85 917.37
948.00 447.80
724.21 32.00
614.42 606.50
686.26 886.58
590.02 208.63
685.90 863.82
936.30 922.02
938.69 924.44
907.11 934.92
920.95 946.87
787.15 690.06
159.77 240.34
491.27 556.92
935.35 857.52
449.17 245.78
294.60 458.41
444.64 486.12
482.65 763.01
658.31 242.50
899.19 944.46
943.29 929.79
931.53 935.87
934.26 927.08
914.69 936.92
132.56 945.48
0.00 979.55
534.64 796.47
163.35 541.28
357.18 92.06
807.74 368.54
908.22 813.13
931.71 849.62
923.65 240.99
947.18 873.09
957.90 113.00
505.08 92.57
791.87 931.09
715.28 911.72
460.13 357.35
790.94 721.76
930.15 930.69
927.46 948.18
938.30 946.72
889.85 928.59
940.09 949.77
957.56 931.30
933.60 928.38
933.50 950.22
941.17 924.98
948.31 950.46
927.01 926.18
213.84 936.35
0.00 956.85
0.00 923.39
740.27 0.00
876.88 730.84
881.60 856.82
884.34 875.84
896.23 896.66
930.85 915.56
944.62 913.06
946.31 914.26
925.12 909.78
927.33 886.58
913.71 935.69
933.25 912.42
958.35 947.45
931.48 948.16
931.18 929.57
936.36 919.97
935.17 940.98
945.74 927.64
947.01 926.34
920.94 907.49
915.89 928.57
963.28 946.81
955.52 920.11
958.11 959.46
917.31 934.24
926.45 935.52
946.56 916.69
932.77 923.94
941.25 920.59
927.09 956.64
945.08 932.88
951.18 936.01
969.38 940.30
958.54 926.38
961.62 943.44
924.60 945.30
607.69 938.87
282.43 812.38
920.06 288.94
944.86 911.33
297.69 921.71
837.14 299.47
937.97 878.53
797.44 917.12
935.01 785.13
937.03 893.77
917.42 934.91
761.84 934.31
942.69 834.62
935.37 931.15
929.62 922.54
930.79 913.84
958.07 597.29
956.23 417.62
820.69 729.81
181.64 32.58
932.62 316.32
908.43 931.53
481.11 820.46
810.96 230.86
803.33 912.26
928.05 941.10
932.75 927.94
940.92 923.01
950.53 949.19
912.54 872.33
904.56 859.90
875.99 961.68
911.70 942.34
399.45 821.19
733.24 282.50
228.02 464.04
176.50 32.50
286.20 583.49
288.96 524.91
935.72 509.80
933.96 928.13
911.54 934.03
923.76 939.47
945.28 938.37
931.68 940.38
945.12 940.95
934.05 943.39
895.87 930.54
906.28 920.63
955.55 948.24
926.33 951.92
912.29 938.89
926.49 924.56
933.82 950.15
903.32 944.52
933.74 936.67
940.03 940.78
922.47 919.67
939.92 920.54
446.47 931.26
508.62 958.74
824.38 922.79
907.91 949.56
925.97 910.86
935.01 919.72
983.18 906.17
952.78 912.05
475.99 936.39
508.13 639.09
919.12 493.11
923.07 902.47
888.80 869.35
908.46 895.50
929.45 892.34
946.67 931.69
913.98 919.14
943.86 907.41
941.74 925.81
949.38 922.09
961.29 935.59
935.39 926.36
935.94 926.46
939.84 928.28
5.30 926.33
0.00 277.59
182.01 0.00
872.37 121.27
895.94 863.22
867.05 891.38
915.31 877.63
923.43 919.91
868.47 924.01
874.76 870.54
938.06 879.70
935.66 897.49
962.96 927.46
914.50 919.41
920.81 920.78
942.15 939.94
939.41 914.08
966.66 926.49
947.23 901.06
937.15 917.14
938.91 927.22
954.99 949.73
941.44 943.46
705.64 925.18
123.86 929.03
718.88 133.42
0.00 734.30
82.97 0.00
895.53 54.49
931.53 920.60
935.38 923.16
939.00 931.55
933.66 957.71
953.30 920.29
923.67 910.76
929.97 945.21
949.92 931.14
948.13 931.50
941.20 907.90
926.65 927.33
950.12 930.62
940.70 921.79
948.14 830.35
942.64 178.00
961.95 930.49
969.71 626.57
375.56 32.02
364.79 402.86
789.85 920.50
943.98 864.17
781.10 459.69
377.79 683.72
920.26 942.50
760.21 933.49
696.87 929.99
0.00 937.91
804.92 930.00
933.99 881.29
908.88 923.69
914.88 935.86
901.69 920.77
883.64 890.34
936.48 910.82
923.15 911.87
923.90 918.82
948.39 923.04
933.52 925.99
927.33 939.15
929.57 927.70
928.98 944.36
964.00 944.32
936.15 947.73
964.21 939.70
973.07 972.87
911.67 943.89
936.68 942.99
762.18 920.04
0.00 786.56
0.00 0.00
598.45 0.00
845.21 610.01
938.01 874.89
930.20 912.57
859.45 901.10
908.68 909.97
906.69 875.86
882.99 812.28
958.84 222.85
939.59 933.37
963.63 905.45
822.20 262.18
471.49 29.24
870.35 839.81
871.68 928.05
912.73 810.22
928.31 949.13
942.10 931.71
915.65 936.37
934.25 917.69
927.48 924.21
909.02 949.09
928.55 949.51
52.77 948.98
186.76 926.17
950.97 914.95
913.77 895.25
926.97 925.91
923.88 935.86
956.17 932.44
961.89 943.64
946.81 925.93
942.89 923.71
918.55 920.61
896.97 925.26
942.35 933.53
897.54 947.55
929.01 930.06
940.57 923.96
949.42 936.95
944.13 933.24
946.42 921.85
950.39 941.67
961.01 938.96
942.24 942.07
960.90 910.61
937.57 940.76
944.26 920.60
935.97 920.88
955.38 944.57
949.36 938.66
949.15 929.75
932.10 952.69
917.47 922.96
951.34 942.43
954.01 921.76
928.86 944.22
941.40 927.66
956.92 935.87
936.01 934.86
962.46 917.96
942.34 925.46
950.91 922.42
954.06 939.22
932.55 925.92
942.44 952.62
967.06 899.73
950.12 913.89
936.67 666.13
512.02 353.09
596.82 910.71
919.27 468.41
517.42 32.17
940.52 598.69
717.13 898.91
369.98 208.34
931.62 862.03
922.72 948.30
918.74 946.89
936.18 949.77
564.17 928.61
69.16 932.62
924.01 922.34
940.61 964.62
939.87 912.54
56.28 949.79
563.41 506.70
265.29 540.03
755.67 289.26
900.76 695.41
848.37 917.09
933.01 831.86
939.07 931.68
948.53 935.56
944.08 915.73
916.41 929.77
825.33 933.53
0.00 824.98
156.55 0.00
931.68 181.62
941.66 902.54
922.62 934.36
917.94 916.63
934.19 919.37
951.95 923.27
924.06 923.88
942.84 924.30
895.39 937.34
915.83 914.33
931.81 921.58
917.70 898.32
896.88 930.74
968.21 919.01
960.80 938.73
922.44 940.37
929.84 927.71
965.31 926.61
950.27 929.17
960.25 949.62
944.82 940.28
953.86 920.64
960.24 926.95
942.18 936.76
949.35 915.64
889.82 942.24
911.89 927.06
901.86 929.63
891.77 895.85
940.74 925.09
918.67 929.23
905.86 925.39
943.15 910.85
933.04 913.65
928.76 931.01
942.66 924.12
961.16 920.99
950.40 940.81
925.56 935.01
943.58 926.16
949.51 953.57
940.60 924.48
963.74 920.17
928.55 924.17
937.89 931.70
203.96 920.34
45.98 394.45
844.46 64.79
918.62 862.36
925.17 902.25
936.88 892.60
921.30 922.64
941.94 877.66
943.43 928.06
932.62 926.64
937.17 927.42
922.29 932.21
925.21 937.56
940.72 910.34
937.64 947.65
949.29 939.46
933.53 908.97
945.55 939.79
953.67 919.02
952.41 947.93
960.97 937.83
949.91 940.15
979.01 939.49
370.98 930.04
303.36 598.30
904.68 289.92
921.82 880.05
938.60 840.65
957.14 877.20
933.88 934.69
364.70 915.43
891.41 668.70
863.31 863.54
942.69 857.33
923.33 930.83
923.92 927.75
930.52 933.74
916.45 907.75
937.63 906.41
947.90 938.98
985.01 921.31
946.14 933.09
936.08 905.89
936.40 914.78
932.92 936.44
962.66 927.86
194.25 944.10
482.24 336.10
282.05 503.89
0.00 277.49
865.61 0.00
844.52 802.34
941.00 851.23
883.43 885.21
933.94 922.83
900.65 918.55
937.23 918.34
926.17 888.93
929.88 917.54
948.10 942.51
957.41 918.53
926.43 919.86
946.60 927.85
940.10 919.46
946.01 938.45
956.12 944.37
764.13 923.25
624.67 933.13
950.38 702.54
895.20 919.89
939.04 921.64
324.95 913.55
120.97 321.48
0.00 203.01
498.57 0.00
801.60 400.07
919.97 842.84
916.44 908.99
951.02 886.76
974.89 946.18
937.26 929.45
808.73 929.41
953.19 853.21
544.96 920.31
0.00 584.20
757.48 0.00
939.65 749.17
682.03 923.67
430.71 739.00
864.03 400.78
0.00 840.92
561.55 9.01
519.77 573.94
908.89 518.23
942.22 925.07
725.68 930.23
700.41 703.94
836.68 689.38
934.96 839.36
884.86 932.08
923.10 882.87
903.01 902.55
936.31 929.64
919.14 916.25
966.79 930.05
231.09 940.30
0.00 197.15
0.00 0.00
872.56 0.00
898.62 880.01
898.70 901.11
918.69 896.65
951.15 880.61
916.10 842.21
940.47 607.19
914.35 544.79
897.54 874.28
919.21 935.49
934.93 913.42
954.39 939.55
951.95 950.94
932.25 929.42
945.09 925.09
938.30 951.76
967.29 920.40
938.64 946.56
937.27 949.35
966.76 921.28
886.90 944.23
403.01 938.41
291.48 929.86
254.24 550.25
856.86 249.04
955.19 829.30
939.24 916.74
914.59 933.68
939.29 918.80
939.47 924.02
921.60 883.40
922.17 944.42
956.78 932.83
900.91 952.68
937.61 949.94
933.14 931.79
931.81 929.70
962.46 934.09
955.15 961.11
936.45 953.64
945.72 941.42
936.72 924.72
959.97 953.27
946.77 931.74
391.50 917.89
118.06 433.10
776.81 118.04
862.68 746.73
892.65 905.24
916.10 868.45
949.37 914.27
932.38 928.32
929.94 931.19
910.30 925.17
943.75 929.95
938.09 927.13
918.46 914.23
927.10 937.51
936.02 956.33
951.46 913.31
950.09 927.13
970.39 928.52
974.62 944.19
965.30 932.29
274.63 923.39
924.24 422.23
911.71 916.54
491.64 879.11
589.11 461.62
955.82 614.69
930.40 934.18
886.57 949.20
934.38 854.24
227.59 914.24
0.00 268.72
728.64 0.00
909.53 696.79
896.37 931.58
651.52 914.95
904.34 679.60
885.25 908.81
833.75 884.39
922.02 818.88
928.58 916.58
865.86 932.64
942.44 891.85
954.25 923.91
933.61 916.33
374.63 940.25
0.00 347.33
802.88 0.00
855.05 818.79
805.33 875.23
933.86 815.65
912.34 884.73
934.18 916.19
933.35 928.53
941.27 906.49
561.37 927.18
143.14 597.44
892.04 146.08
895.45 878.58
947.18 880.08
916.18 847.89
949.86 915.44
927.97 938.44
936.78 896.64
924.40 938.26
930.08 930.82
899.56 926.29
904.86 936.45
921.35 922.60
945.31 915.42
935.37 921.26
965.73 934.30
948.22 950.91
250.44 916.38
956.78 333.82
866.30 899.25
527.02 903.00
699.57 510.58
886.64 707.04
957.78 900.32
541.07 902.60
909.27 581.96
937.80 900.78
933.09 899.21
455.23 915.42
0.00 548.56
501.22 0.00
949.36 458.78
934.65 919.46
912.59 928.60
921.99 943.86
917.07 910.30
937.99 894.51
951.74 930.59
901.00 932.78
930.81 923.98
929.95 908.44
904.39 897.41
960.19 928.64
945.10 924.12
954.50 942.14
950.62 905.85
946.68 933.42
923.98 942.89
937.71 925.24
910.18 929.78
961.61 948.78
106.40 946.15
752.05 226.61
912.52 800.50
928.21 923.92
878.91 905.66
924.65 892.57
927.07 896.23
453.62 926.75
505.77 475.10
894.61 491.43
898.71 900.86
910.85 859.26
908.29 913.41
952.07 886.37
949.16 936.28
944.18 825.28
935.06 551.05
954.56 605.88
941.13 935.39
944.91 936.50
944.14 927.34
922.64 923.84
936.38 909.25
722.42 927.01
0.00 944.54
236.95 717.66
896.41 241.18
941.45 910.18
935.27 927.26
921.20 934.21
929.33 889.32
949.69 921.56
922.87 943.49
906.27 931.32
912.05 948.96
951.28 929.60
931.55 923.24
945.01 895.84
913.29 926.26
952.33 951.52
932.69 931.40
934.68 955.68
934.33 944.23
933.70 953.09
978.31 941.67
931.94 926.80
436.15 944.37
551.85 376.70
918.31 574.29
604.67 910.29
854.23 619.15
931.74 840.38
898.95 931.96
902.82 870.06
916.04 920.72
895.20 900.50
927.21 908.03
951.91 912.02
957.43 903.46
891.72 897.12
958.04 916.98
959.26 941.72
572.40 933.09
220.88 773.51
917.49 218.40
882.96 911.72
755.14 905.12
540.86 721.07
933.94 539.62
911.38 940.75
915.82 885.67
475.14 912.80
0.00 470.90
175.13 0.00
948.24 189.05
859.03 913.06
933.08 885.47
912.59 928.63
919.11 899.67
943.49 921.58
925.35 929.71
928.78 925.70
947.95 944.27
953.06 935.83
896.87 911.28
939.96 905.37
942.51 928.68
952.29 914.07
934.47 925.80
625.77 933.28
442.99 704.44
936.25 440.85
287.61 916.79
336.35 332.52
904.36 303.17
944.75 891.45
925.78 909.38
906.26 887.24
914.20 938.07
940.48 910.61
678.44 913.83
0.00 795.90
0.00 0.00
640.40 0.00
912.97 654.12
925.12 876.06
926.96 918.55
948.41 925.21
912.56 928.83
962.58 919.37
884.67 918.76
900.52 916.52
909.51 900.91
946.07 948.85
955.36 926.38
936.41 936.10
962.26 931.99
949.76 913.65
944.10 957.35
945.70 951.58
288.30 938.44
704.29 329.96
799.00 693.77
413.27 781.29
318.48 431.13
950.63 334.83
550.79 947.93
0.00 528.82
603.05 0.00
331.52 610.50
915.30 325.73
949.84 935.25
738.82 913.14
855.90 773.23
898.07 843.72
923.17 864.83
771.57 908.82
482.51 837.39
732.71 471.46
625.02 721.34
586.48 598.27
915.38 602.80
940.62 919.69
952.64 909.26
966.68 925.29
931.72 942.67
954.00 933.44
941.22 919.41
958.56 936.65
929.88 922.23
955.38 906.98
896.56 900.03
194.10 927.06
0.00 390.04
629.08 0.00
899.05 558.11
926.34 897.10
939.72 898.90
910.46 926.76
899.88 911.35
914.78 892.62
946.13 913.29
922.58 917.33
938.32 918.86
937.56 923.22
536.01 890.88
634.54 660.99
579.36 703.28
743.05 505.14
681.65 753.41
882.27 685.25
888.55 891.54
936.74 873.62
966.75 918.03
941.79 899.30
927.97 919.65
852.23 943.86
653.39 933.44
0.00 661.36
72.32 69.87
876.15 48.70
865.56 860.84
919.06 872.43
943.64 891.58
935.63 933.20
797.74 960.35
136.73 842.47
947.50 114.94
935.66 931.89
906.67 916.77
916.60 933.54
944.63 925.79
932.87 923.52
934.44 911.03
907.99 911.22
944.65 897.96
940.56 936.72
940.58 923.45
921.94 927.14
931.38 918.12
1.79 937.02
727.78 69.65
889.12 692.61
894.32 896.39
926.34 931.08
942.50 888.92
270.53 926.30
223.94 332.00
715.32 241.54
891.02 700.43
926.51 910.89
902.33 919.74
929.98 881.15
913.24 933.64
921.21 899.42
871.97 886.70
830.81 887.06
946.33 841.39
919.00 911.44
926.14 919.20
948.80 942.59
636.40 932.05
763.51 694.32
766.12 757.04
322.65 767.94
820.80 302.86
900.64 842.06
904.36 880.76
913.89 880.29
944.97 920.56
944.54 922.42
232.33 931.96
0.00 353.75
192.46 0.00
683.94 131.91
919.75 663.97
939.98 869.59
944.84 923.85
916.31 919.73
947.80 890.06
934.80 542.33
947.73 543.18
967.96 909.71
958.55 926.47
939.26 951.94
938.82 966.83
958.79 932.96
951.64 960.55
956.89 934.46
964.22 933.73
699.61 395.36
734.35 639.62
150.50 505.54
450.58 32.03
776.16 526.41
979.84 895.56
876.04 915.30
814.00 840.65
375.94 249.47
725.31 876.17
942.12 934.06
337.04 919.50
192.02 918.31
0.00 945.43
660.52 378.28
933.02 630.93
907.09 938.77
890.05 894.64
910.95 872.25
950.31 904.21
925.97 920.17
940.12 767.83
927.11 546.00
929.11 656.39
947.62 928.87
945.50 935.21
953.90 940.65
939.87 909.35
978.18 909.91
931.20 920.07
955.39 908.94
959.05 914.03
498.38 441.76
427.87 31.50
919.85 645.83
313.34 469.04
718.50 560.30
311.74 948.02
374.56 945.19
0.00 947.02
245.92 447.49
900.22 251.99
930.89 871.91
922.37 920.80
914.76 931.33
908.10 897.37
914.66 923.70
869.75 891.91
901.08 878.11
923.99 845.93
940.17 370.59
944.58 638.50
946.29 937.17
951.74 904.85
952.47 914.04
891.16 620.78
42.01 109.52
903.95 330.96
640.20 704.39
451.66 311.34
905.31 926.98
941.14 947.71
948.07 938.67
483.53 940.79
0.00 944.05
253.79 945.08
834.76 630.02
894.09 834.07
909.04 899.46
913.02 907.64
927.27 890.39
942.09 919.35
910.99 898.79
944.44 926.56
944.65 908.52
868.13 908.89
948.40 924.81
933.34 910.88
946.02 925.01
960.82 943.87
942.63 906.30
949.76 924.75
947.94 917.88
971.64 936.21
955.44 940.32
947.13 929.83
936.77 934.69
459.40 924.93
520.78 684.07
923.41 504.26
952.97 928.10
932.29 918.27
931.10 912.32
896.94 927.42
923.93 907.54
950.59 915.02
903.38 906.92
923.60 870.46
962.10 182.89
943.26 918.21
936.34 824.57
958.36 618.84
915.07 595.57
181.62 177.84
903.41 807.63
638.40 482.13
383.11 470.16
958.92 916.90
312.05 334.33
0.00 32.00
784.68 745.38
780.62 865.82
286.65 175.00
547.17 941.42
0.00 467.85
450.76 648.40
445.71 881.38
124.49 203.77
937.50 34.50
871.09 858.86
688.00 258.69
959.92 778.29
488.84 916.87
522.97 351.68
920.65 671.57
418.86 422.10
250.50 31.73
496.69 620.88
33.71 548.80
878.19 466.43
914.36 948.01
944.93 947.49
932.72 923.60
961.29 939.63
925.40 950.14
941.15 942.03
934.46 917.44
922.27 937.02
944.93 928.74
961.07 915.33
898.95 950.42
918.94 906.27
966.83 927.30
953.03 930.10
585.65 935.37
616.80 929.15
438.41 876.41
565.12 940.29
150.06 897.60
914.16 354.36
945.90 864.50
841.92 575.13
889.53 871.43
942.74 903.99
914.47 850.75
949.10 916.02
951.36 899.00
936.03 811.71
942.52 34.50
790.32 241.94
212.82 864.17
445.68 164.00
895.56 933.28
925.97 935.75
922.37 937.53
965.81 915.03
930.39 923.98
971.51 943.43
916.43 938.17
941.69 927.72
973.62 918.99
82.03 942.28
618.07 935.61
923.37 942.72
927.63 938.58
943.47 923.29
838.24 906.15
742.90 925.82
900.54 934.76
718.78 933.12
534.18 900.37
896.31 480.52
930.45 888.62
919.73 896.52
931.19 893.65
916.08 917.54
951.84 904.56
939.97 936.00
960.70 941.30
902.79 930.70
877.01 930.20
101.82 935.83
931.34 145.14
619.53 897.59
657.42 649.74
912.83 656.62
892.16 902.41
933.46 916.49
939.23 914.35
604.59 908.92
422.56 645.43
273.81 426.27
63.13 214.99
66.01 121.40
790.98 69.09
859.20 726.89
892.89 831.03
889.96 897.16
950.18 896.83
928.21 888.55
941.51 779.28
958.57 233.21
941.56 951.62
944.36 550.21
834.24 547.78
577.55 558.70
853.89 452.99
640.31 939.87
935.17 968.43
380.73 555.47
694.38 472.31
944.94 934.62
931.77 941.23
963.21 943.12
969.85 926.67
940.63 931.88
524.64 942.83
339.22 947.26
962.60 944.79
911.91 943.79
928.39 935.55
930.65 911.08
957.51 927.72
951.33 943.94
958.17 923.50
956.17 928.17
958.86 929.30
953.53 913.34
961.74 940.36
978.41 958.82
948.58 925.60
949.02 950.77
958.14 938.96
982.93 937.60
940.37 925.25
943.67 924.99
521.56 934.65
381.63 954.72
931.97 885.60
735.46 893.03
621.61 800.35
814.51 588.51
972.50 840.36
439.29 929.69
0.00 458.83
111.62 0.00
716.37 173.86
937.17 643.60
948.12 941.23
938.52 918.64
917.33 929.28
922.49 928.22
927.01 919.39
916.47 923.92
930.95 909.31
938.38 907.06
878.18 925.19
951.85 910.77
933.11 932.74
938.36 936.31
951.70 938.03
946.41 944.60
943.99 922.51
931.70 928.21
955.54 933.15
933.85 937.03
955.76 932.60
618.98 931.85
0.00 740.81
834.34 0.00
924.84 813.06
913.15 918.75
962.58 926.18
957.62 941.46
953.10 923.20
786.85 924.95
957.74 863.13
927.92 903.85
909.72 919.12
934.68 893.66
956.10 953.81
910.18 947.41
926.21 931.91
937.81 921.64
935.66 912.32
942.71 898.15
954.29 953.55
855.69 925.29
853.01 938.44
968.76 884.36
95.45 932.14
0.00 106.26
0.00 0.00
69.79 0.00
762.20 79.36
819.86 759.79
897.31 894.04
955.67 928.97
949.44 931.14
936.24 908.62
942.79 897.75
947.58 894.17
963.81 916.46
72.13 943.06
176.00 95.65
924.16 174.95
929.27 918.86
922.81 914.65
944.51 914.72
950.76 914.56
932.49 897.46
939.37 902.74
915.46 917.17
953.15 935.02
947.61 906.39
497.39 929.74
206.56 710.97
915.05 185.70
891.13 894.02
617.92 883.08
766.47 670.91
948.65 758.40
334.41 928.41
150.16 360.00
0.00 135.69
337.59 0.00
749.22 307.94
870.79 755.32
938.16 767.05
907.20 436.62
886.79 945.85
966.17 947.95
938.92 953.44
954.91 915.06
444.80 901.14
55.05 590.95
926.62 427.40
825.94 231.26
226.08 405.63
553.13 766.56
850.31 520.98
107.34 925.07
614.35 624.75
180.79 577.85
752.74 160.27
941.72 753.42
941.48 931.28
898.46 961.42
893.38 923.77
946.22 919.81
919.12 898.13
924.37 942.69
625.24 919.35
129.70 632.31
582.82 130.12
884.20 581.31
960.79 926.47
901.17 925.21
920.81 896.29
905.02 899.27
973.14 910.93
963.71 958.32
922.58 852.40
886.09 179.40
898.57 941.58
949.44 615.22
526.54 32.51
741.89 438.03
932.17 928.02
327.79 339.22
751.82 736.64
938.45 935.87
890.77 937.66
931.79 929.13
924.36 928.58
944.65 916.81
783.44 931.86
625.16 744.27
715.28 549.40
767.75 692.50
939.35 935.99
720.35 934.30
775.31 926.57
496.74 949.78
971.21 946.50
956.51 935.56
933.36 941.48
942.33 937.60
945.89 926.62
935.19 939.27
892.27 942.60
957.69 925.30
941.96 926.70
951.54 929.02
934.07 932.57
950.76 912.81
945.95 924.28
929.66 946.83
950.98 949.73
941.05 939.55
954.79 936.98
951.07 933.29
660.57 927.80
555.80 935.49
313.51 953.98
180.57 566.76
950.22 204.45
942.94 934.05
930.48 940.69
921.30 920.37
931.48 917.92
820.73 918.03
771.24 774.57
220.65 746.78
714.08 235.07
934.80 714.14
901.84 948.76
947.91 886.67
937.26 950.54
940.84 944.52
949.86 945.92
942.44 919.61
938.55 927.34
927.95 934.51
940.73 936.22
970.78 920.59
928.81 911.08
732.66 941.19
0.00 837.61
55.90 0.00
126.61 0.00
0.00 120.09
729.81 0.00
872.88 742.20
897.50 851.74
904.88 906.26
893.31 911.99
937.96 875.89
924.17 931.29
954.42 927.45
939.73 928.88
947.86 929.49
958.29 911.12
944.86 931.95
957.68 918.16
966.51 921.85
977.71 918.30
732.33 933.86
236.31 925.94
853.65 227.52
581.97 856.85
673.43 572.97
70.23 688.90
917.70 85.27
601.39 938.95
0.00 520.05
638.12 0.00
867.68 672.89
890.85 817.79
895.99 873.82
967.21 939.79
118.00 923.61
0.00 193.47
242.02 0.00
885.46 189.70
969.49 271.73
965.87 944.47
984.34 87.15
949.83 941.59
952.01 934.35
966.46 929.71
669.08 934.49
534.85 936.92
403.01 928.67
783.29 960.87
666.62 914.99
724.52 890.54
927.63 726.38
918.25 897.17
940.07 913.62
928.54 877.48
958.29 903.89
951.01 944.20
957.24 941.08
932.32 930.53
884.98 912.23
876.12 917.82
210.41 906.34
526.01 333.92
893.52 478.04
970.79 915.23
901.57 939.34
905.06 917.32
891.65 868.31
948.73 935.17
918.40 914.89
938.77 918.96
931.12 913.44
927.93 926.15
945.04 920.51
958.75 925.40
951.53 933.54
951.84 921.99
232.90 954.59
931.17 314.69
934.54 846.63
408.20 912.67
739.82 488.45
923.37 730.02
908.78 928.17
837.82 899.80
652.50 833.34
0.00 635.94
0.00 0.00
386.50 0.00
901.45 405.85
925.15 900.18
930.09 904.25
910.34 926.14
917.79 925.24
920.14 913.74
924.87 915.13
936.07 912.76
934.70 925.11
929.39 936.98
934.75 925.24
951.74 946.74
947.79 901.25
355.04 928.15
709.87 452.20
941.09 688.02
673.49 902.58
409.59 723.96
919.08 409.91
925.22 925.05
953.19 907.45
934.93 917.92
236.13 909.74
0.00 275.59
0.00 0.00
628.04 0.00
85.87 651.04
828.12 87.32
853.53 812.47
923.57 826.05
943.90 847.86
949.53 286.09
947.69 864.67
599.09 33.13
715.95 215.19
951.12 946.19
293.55 545.62
699.87 506.70
854.71 945.17
938.53 929.67
929.18 949.83
953.77 943.79
954.56 956.49
910.02 952.43
924.44 959.17
947.90 923.88
926.61 936.04
406.67 953.31
883.82 939.31
946.43 938.74
896.21 925.68
936.27 939.80
910.77 946.64
213.75 919.34
29.50 947.78
706.05 212.52
926.03 702.34
950.63 900.14
929.47 371.13
934.38 679.28
960.36 930.05
939.63 680.99
605.36 32.02
737.44 378.07
692.38 945.90
961.16 926.83
403.58 592.76
680.16 477.00
921.55 948.70
884.72 928.64
893.07 937.42
940.03 928.30
921.80 937.43
921.27 937.33
439.26 949.55
734.52 915.21
933.98 919.93
943.32 926.67
314.40 942.01
427.04 937.01
884.62 671.77
951.77 895.78
915.16 917.37
931.53 938.65
927.87 907.21
934.18 905.37
909.52 925.21
911.88 946.28
936.03 903.84
936.89 915.04
939.45 903.23
919.28 927.54
931.37 922.39
946.42 936.68
926.49 901.41
925.44 898.74
929.43 908.10
939.66 922.76
953.97 940.20
946.67 921.68
946.65 939.98
676.78 915.19
393.36 943.02
940.55 925.41
946.63 925.23
931.57 926.52
946.19 975.68
72.00 860.30
123.20 248.67
525.10 550.30
537.81 339.04
958.98 934.16
947.57 932.05
923.89 922.06
950.54 916.68
932.31 938.55
953.76 930.92
946.08 929.89
948.82 931.22
975.66 935.15
943.24 939.83
937.84 927.41
949.18 936.56
941.49 919.49
781.70 652.21
597.94 0.00
942.69 594.92
934.12 924.08
915.05 913.24
922.71 919.20
929.22 919.42
949.46 930.24
920.87 925.36
906.03 922.22
920.48 902.23
923.81 920.71
905.72 910.57
955.35 873.84
948.41 603.42
934.60 434.41
969.09 890.96
953.94 326.92
403.69 726.78
891.07 548.73
85.29 29.15
346.07 38.09
266.39 558.40
0.00 309.00
833.19 525.97
939.59 913.36
95.78 931.63
0.00 929.51
0.00 838.08
318.44 0.00
900.71 302.97
851.69 878.77
863.43 824.94
917.11 267.64
870.89 837.73
940.12 868.33
934.78 33.00
783.80 229.10
259.95 888.89
438.43 190.00
935.71 939.91
950.89 935.68
950.27 900.06
955.01 942.19
965.29 953.23
953.67 941.01
919.71 914.27
950.57 934.41
895.43 935.09
941.94 934.06
929.52 935.20
949.26 942.00
847.26 926.13
0.00 928.43
0.00 943.38
0.00 693.93
359.93 0.00
910.05 355.35
950.35 927.45
935.70 904.75
914.36 917.32
927.47 927.10
922.95 910.18
946.15 916.05
926.88 926.03
887.64 909.00
906.03 931.62
951.29 936.70
946.14 940.44
945.97 938.43
190.01 931.42
880.94 245.44
394.98 891.19
631.87 392.22
927.35 638.27
952.94 899.91
926.32 913.15
929.81 911.67
919.51 350.44
212.88 727.99
849.97 871.47
958.57 380.49
958.82 253.00
546.37 489.78
444.86 159.59
894.30 879.94
951.38 942.08
949.39 945.25
942.82 926.01
934.43 933.59
953.41 942.10
950.14 927.76
783.95 766.54
682.32 560.43
644.79 667.51
938.36 942.35
947.16 918.99
910.86 940.23
933.09 928.65
918.84 932.43
926.67 925.54
921.23 937.99
937.51 942.44
866.47 940.39
928.99 915.69
553.64 573.65
613.94 552.16
923.44 874.45
941.79 953.89
923.39 933.91
923.73 937.85
939.37 928.32
931.61 930.17
906.36 928.42
934.73 906.96
937.80 936.50
950.60 943.29
938.91 930.13
946.50 929.35
940.59 924.64
952.76 947.42
936.24 957.68
938.45 921.84
878.65 939.97
345.90 103.72
422.55 892.69
0.00 205.40
668.14 29.52
99.90 619.67
859.70 281.56
899.65 941.18
938.54 948.06
96.02 942.95
149.26 945.43
855.15 937.22
894.73 860.21
905.85 916.19
930.24 923.28
893.19 913.03
909.74 903.36
922.97 930.61
919.63 894.69
942.11 908.40
939.58 899.17
947.92 934.08
945.14 916.58
937.99 914.69
927.17 925.62
969.45 917.84
948.11 957.31
969.78 937.95
948.16 930.10
950.02 919.10
968.83 928.53
956.42 940.55
981.00 937.54
943.69 959.96
941.24 928.09
943.08 921.09
959.61 942.63
940.93 942.75
709.53 943.43
0.00 917.64
340.72 155.44
924.18 331.20
953.34 892.18
896.80 906.68
898.12 913.57
939.52 929.86
970.62 945.00
936.66 915.08
804.47 938.25
553.03 863.47
942.23 551.75
747.71 938.10
883.14 726.41
0.00 906.18
544.67 21.39
617.44 24.50
297.55 819.35
491.33 294.50
900.74 728.54
921.40 924.83
953.61 894.65
925.23 913.52
932.38 927.69
918.30 927.95
908.18 914.38
924.33 920.36
924.83 946.03
935.34 937.79
930.08 934.11
962.69 929.75
967.74 924.69
966.05 472.64
500.25 563.06
924.03 898.74
772.65 538.24
945.10 794.18
239.69 32.50
584.54 227.53
846.98 404.20
204.34 608.78
945.40 947.22
638.51 936.13
0.00 942.18
0.00 944.57
493.02 227.13
917.41 471.65
923.20 918.90
898.57 915.43
924.84 912.34
949.35 922.98
524.43 916.28
0.00 548.91
431.93 0.00
923.48 436.62
860.80 895.94
916.44 863.54
932.50 930.95
939.45 916.21
934.80 943.26
951.79 923.09
917.96 918.95
926.57 934.15
929.44 935.06
919.73 928.63
943.95 937.63
943.23 941.47
936.69 954.27
558.99 905.97
943.14 564.24
935.14 895.15
934.02 930.61
922.00 922.65
944.10 888.37
953.66 209.44
944.74 870.03
953.93 833.02
265.56 31.39
817.77 228.89
900.35 942.07
318.56 534.96
758.79 492.51
686.92 810.48
502.42 201.00
268.86 870.40
0.00 110.00
672.89 95.50
923.02 942.93
878.71 916.76
731.26 729.04
461.25 312.09
285.31 491.71
895.79 892.54
0.00 59.05
508.86 139.75
587.91 949.06
467.90 616.49
596.99 419.71
920.82 941.72
943.11 930.54
958.44 918.36
923.89 952.03
955.92 930.57
942.50 951.52
970.70 947.13
936.52 925.29
950.31 931.82
715.98 924.33
538.63 930.86
140.96 927.49
561.98 939.44
923.69 788.39
937.25 914.39
935.82 916.78
956.65 949.35
958.69 931.82
934.14 951.16
425.40 920.75
834.09 498.96
924.79 811.40
921.78 926.68
797.20 941.79
780.89 697.77
900.33 895.29
895.26 925.66
931.97 914.45
967.38 903.35
953.50 912.66
927.58 900.12
959.85 931.65
933.59 917.65
950.29 937.11
122.18 937.40
332.37 185.52
899.80 342.68
953.96 889.52
338.06 932.80
773.17 405.15
918.23 713.27
850.91 909.60
894.68 881.62
945.98 855.19
935.75 941.92
919.48 911.03
942.57 929.51
460.59 909.30
0.00 546.76
0.00 0.00
589.75 0.00
908.32 573.20
911.06 941.49
925.70 890.41
905.76 920.56
926.57 913.79
941.50 917.29
502.16 915.31
715.48 553.23
850.73 762.06
353.88 810.41
830.29 364.26
923.35 788.63
934.86 932.99
932.95 898.98
911.21 925.29
945.00 911.51
206.92 921.44
794.53 257.48
0.00 810.27
142.07 0.00
896.43 137.56
487.42 922.14
416.19 457.38
915.40 417.29
923.01 922.10
657.63 931.26
17.51 600.48
668.61 23.51
414.43 661.60
920.00 512.57
923.92 896.87
948.11 936.69
929.58 932.26
889.32 884.26
905.33 868.81
930.78 878.89
902.03 904.45
922.57 908.79
968.79 929.49
938.86 925.27
929.01 921.29
932.15 944.97
943.42 920.62
915.32 754.19
924.97 548.36
933.24 647.86
942.17 950.63
968.50 936.59
405.08 915.64
788.94 934.83
257.79 948.47
897.48 476.29
884.03 920.78
934.52 856.67
944.42 943.74
886.46 907.25
927.70 915.74
925.61 913.32
934.63 911.58
889.52 929.53
921.23 936.54
946.18 944.23
912.70 931.35
946.67 939.12
944.64 931.87
966.78 915.13
917.66 917.47
943.42 935.14
945.11 935.46
928.46 909.68
943.64 940.03
522.40 924.94
0.00 507.02
401.65 0.00
866.37 435.19
848.27 818.40
926.61 850.56
918.68 922.40
899.94 936.00
936.10 922.89
933.08 928.03
911.33 934.66
928.53 905.78
927.56 923.90
944.07 899.79
953.93 923.84
957.02 908.35
932.27 936.05
930.39 701.04
950.63 543.92
932.80 754.04
936.74 929.73
947.40 941.76
948.19 937.69
381.70 945.28
559.41 940.32
313.12 889.17
322.68 283.23
795.47 288.18
829.18 787.54
923.79 855.35
871.83 927.81
909.34 870.44
930.91 878.47
897.97 919.84
911.38 911.91
929.33 923.71
948.52 921.11
943.40 910.72
939.47 916.26
950.13 928.28
946.07 930.79
965.34 923.36
971.84 946.94
526.38 910.67
327.33 740.52
661.17 343.18
887.02 652.82
915.24 863.90
930.46 929.29
117.80 909.89
0.00 134.76
101.84 0.00
601.86 104.86
779.85 537.70
926.72 865.07
908.01 897.67
909.68 921.20
833.96 911.73
885.53 800.42
913.64 913.40
889.30 894.90
936.94 895.94
935.57 930.35
924.05 938.42
935.21 918.69
931.89 914.59
926.11 927.59
965.35 914.13
927.03 942.24
936.87 918.73
939.30 927.50
944.46 928.40
922.02 891.73
912.84 912.15
160.77 939.37
794.74 235.81
914.34 783.32
917.24 896.62
902.94 889.06
938.58 897.17
966.45 918.55
925.29 935.27
922.50 957.94
934.30 925.98
949.54 922.57
947.89 932.18
947.96 939.03
837.10 922.14
545.17 913.06
661.67 598.02
562.85 629.77
635.04 582.54
794.73 644.92
923.03 809.28
925.23 937.98
927.84 924.32
887.21 930.75
553.16 925.75
418.50 475.69
912.68 444.82
889.87 907.57
911.20 895.93
607.46 925.99
902.21 586.89
929.05 791.73
943.06 924.53
912.26 927.40
897.71 925.79
926.17 915.97
933.30 953.43
899.06 924.14
922.57 918.17
920.96 929.92
925.71 924.69
900.08 913.89
950.06 919.25
942.59 935.07
910.07 933.53
940.70 933.05
937.98 925.76
935.04 932.64
957.84 938.98
943.11 914.51
535.86 943.40
727.78 570.33
870.91 726.85
927.95 895.20
922.03 930.28
824.08 933.71
568.83 795.92
907.77 602.74
380.34 899.38
901.62 357.56
946.60 911.37
911.38 912.96
936.13 937.37
944.11 923.70
930.73 949.61
926.55 946.71
922.96 904.51
930.91 942.51
927.87 923.75
976.62 919.65
931.95 934.32
941.70 924.77
939.10 894.89
139.10 959.26
0.00 159.63
383.70 0.00
939.11 389.21
943.95 925.13
925.41 951.43
916.98 919.09
900.95 917.36
940.15 914.16
936.35 919.45
914.22 943.67
948.54 935.26
962.42 918.82
919.63 914.05
931.54 925.29
957.27 889.60
935.42 948.50
952.69 929.95
948.14 936.84
938.22 952.37
957.22 946.34
969.56 938.27
934.37 943.66
404.51 930.18
897.71 544.07
903.41 935.95
925.29 927.85
942.34 916.60
906.50 921.11
934.56 919.17
958.15 924.46
956.19 929.49
932.30 925.36
916.50 907.25
898.91 905.74
929.97 918.26
944.13 922.48
945.31 925.79
949.16 911.76
930.84 933.81
958.24 933.33
925.89 939.85
941.35 921.63
941.29 910.53
409.53 923.76
545.37 559.61
829.41 551.87
856.67 867.46
926.16 827.68
934.31 765.36
905.02 228.78
924.22 929.78
953.19 576.93
659.28 30.10
722.95 467.72
762.18 912.06
281.18 835.90
822.96 217.75
897.95 929.47
941.04 927.28
947.69 945.85
939.73 913.70
921.33 948.21
815.62 938.60
910.33 959.25
931.26 941.24
941.96 941.13
962.11 922.85
62.96 918.83
0.00 920.02
324.78 751.78
912.72 309.91
881.48 927.86
913.99 933.11
936.10 920.33
917.98 935.66
885.69 886.07
916.46 890.38
943.84 917.39
930.88 918.17
910.64 922.31
945.44 925.49
900.08 931.17
939.74 928.98
950.20 917.55
941.48 921.68
949.45 931.05
944.05 932.15
959.27 917.80
948.54 925.06
961.62 934.29
945.26 917.24
459.64 931.83
911.73 597.46
931.19 881.46
906.64 869.56
919.55 917.71
859.33 925.25
923.34 871.62
937.99 922.89
873.67 935.30
935.28 890.46
933.01 911.39
939.88 918.52
910.14 888.32
942.99 924.44
938.78 928.63
952.44 955.61
952.14 937.10
940.86 935.10
935.14 930.35
952.68 941.51
944.91 935.75
555.23 931.90
191.28 726.78
539.79 47.12
724.16 226.54
919.40 894.19
919.75 164.73
949.13 940.25
973.32 934.16
936.10 942.85
933.90 924.25
968.04 940.72
924.70 949.77
949.43 927.12
977.62 931.24
965.94 915.93
953.00 933.77
953.74 954.63
949.42 926.59
923.77 936.52
937.40 920.89
957.98 910.51
942.09 931.15
930.96 925.72
387.07 935.70
51.48 925.86
65.87 743.64
0.00 63.31
767.41 0.00
807.66 741.78
905.14 791.69
920.65 898.86
915.63 920.41
898.40 932.36
913.61 919.22
920.90 931.02
939.54 940.34
935.09 939.15
916.70 913.63
948.16 902.83
892.14 931.42
941.72 906.65
952.10 923.94
935.90 940.09
926.00 933.77
959.65 927.95
938.61 926.67
943.15 951.89
934.98 948.36
947.18 942.33
912.63 938.90
944.83 929.97
773.08 919.97
574.12 763.59
900.15 580.43
912.10 929.18
949.56 912.28
917.35 927.32
924.28 931.09
938.23 941.05
906.75 914.42
902.51 915.42
942.11 886.92
942.82 912.77
926.66 929.26
519.97 912.28
797.72 544.40
840.60 801.19
249.90 834.35
933.99 254.84
936.29 931.96
908.71 912.12
890.53 931.08
895.25 882.45
933.20 881.89
721.65 919.54
130.31 734.48
0.00 183.64
0.00 0.00
696.52 0.00
694.15 704.99
913.09 665.83
938.85 909.63
940.08 902.32
941.37 938.26
915.25 906.89
927.99 950.09
933.81 918.20
927.80 914.68
923.44 909.74
925.47 949.43
953.36 920.26
928.54 937.63
919.14 925.62
882.65 945.68
938.22 909.90
452.10 927.74
917.38 433.20
450.57 908.71
638.07 443.90
913.77 647.59
954.03 920.12
467.66 936.20
0.00 470.53
0.00 0.00
758.65 0.00
906.71 561.86
919.75 927.62
903.62 918.76
908.19 943.87
936.02 926.19
948.83 929.83
965.09 955.73
952.99 919.69
939.03 938.38
887.99 930.64
921.10 934.01
917.79 918.64
958.84 804.29
939.82 227.36
945.63 935.36
934.08 572.32
437.28 32.08
417.38 468.97
904.00 896.32
568.25 339.00
566.50 732.05
931.86 934.23
936.49 933.71
933.72 931.38
939.31 950.98
548.77 939.57
321.57 954.33
0.00 933.59
310.55 559.32
906.06 298.53
948.36 853.34
929.30 945.89
920.05 923.23
927.94 920.85
917.82 931.87
910.31 916.69
922.03 928.47
662.09 926.30
401.76 930.88
943.37 936.72
392.59 918.70
33.05 935.42
742.55 849.32
906.79 577.99
165.43 671.32
952.58 647.10
959.13 554.62
944.68 940.54
958.17 931.60
944.10 577.54
947.15 941.52
955.92 925.36
672.91 326.25
0.00 0.00
860.41 0.00
701.83 811.06
870.31 755.22
916.77 882.22
930.97 899.55
918.41 907.48
929.37 913.72
930.91 936.32
929.07 928.83
924.79 915.23
923.30 952.04
928.67 934.12
943.35 929.18
935.25 917.14
927.45 935.67
920.19 910.76
931.25 927.13
940.93 921.07
952.90 895.58
940.52 924.73
948.41 938.97
790.97 955.31
572.19 864.84
902.48 567.66
949.73 678.82
956.11 562.42
945.31 541.47
952.28 556.30
941.90 862.29
919.77 932.76
942.73 935.18
943.65 932.30
947.20 942.25
935.16 947.32
955.91 936.86
937.26 939.43
954.43 954.22
937.44 930.02
947.60 938.98
969.96 919.59
911.30 953.47
938.76 945.58
951.65 934.22
948.41 948.12
919.76 952.45
873.07 946.12
0.00 916.80
573.87 947.80
819.48 948.15
923.81 911.40
886.30 926.71
928.39 877.34
912.52 918.91
900.85 924.31
889.54 880.70
937.28 891.12
927.69 915.19
928.11 907.19
934.46 924.88
929.50 913.16
938.81 941.29
951.11 955.22
952.92 936.20
940.65 933.54
936.24 940.23
935.15 942.62
952.29 932.27
955.97 924.44
409.05 949.07
453.42 546.99
534.93 472.84
902.23 553.98
938.87 910.22
915.06 914.23
935.45 942.16
936.58 923.82
884.78 884.00
930.75 898.24
962.28 923.77
946.62 913.89
943.88 891.98
954.69 929.99
938.76 941.98
923.52 926.85
951.56 945.69
951.01 953.30
956.15 925.13
945.06 945.17
943.93 922.96
935.90 952.70
896.19 934.28
0.00 943.73
0.00 184.94
422.34 0.00
920.11 379.08
872.33 896.40
885.53 913.00
919.35 857.82
940.77 919.13
919.84 919.76
906.28 879.89
921.45 950.31
911.45 911.89
904.52 922.12
944.67 945.00
929.95 940.19
960.89 917.87
957.49 953.16
961.86 928.32
960.54 933.04
961.15 925.16
974.28 939.37
952.35 926.81
960.10 932.75
383.77 937.70
891.17 571.21
953.24 916.60
906.38 929.10
928.52 904.28
930.61 881.39
922.58 905.94
920.32 931.77
901.61 920.54
946.39 923.39
966.30 935.96
600.48 931.04
413.09 620.97
854.01 404.85
707.50 842.27
430.38 720.72
949.79 401.28
920.20 944.83
894.49 932.88
936.70 922.53
980.99 914.97
960.57 935.72
970.39 914.19
157.38 941.23
124.69 292.73
689.22 124.66
57.81 672.20
612.11 36.85
848.65 626.83
927.73 859.80
891.31 926.33
910.24 929.81
945.25 907.62
953.72 895.31
895.84 272.56
931.56 787.64
924.83 946.61
962.17 557.22
370.66 55.05
843.43 461.01
842.84 909.66
147.93 309.55
945.99 725.41
948.38 959.61
932.31 941.12
935.20 933.93
945.35 923.72
946.55 919.84
924.17 931.21
712.97 933.20
0.00 953.67
0.00 943.19
476.74 622.66
920.65 426.70
918.57 889.50
925.66 925.56
937.60 918.39
921.31 924.53
