51.67 
0.00 59.77
0.00 0.00
397.06 0.00
845.77 416.29
914.79 921.18
987.94 943.65
959.21 927.05
929.77 933.35
924.23 938.35
917.04 941.44
908.77 950.13
917.16 932.95
963.27 954.67
884.85 943.26
957.86 917.38
893.40 958.14
968.79 948.42
936.78 933.59
944.04 935.63
949.92 931.86
958.70 924.96
960.50 945.00
957.61 959.99
966.45 935.94
938.55 862.08
893.81 915.68
959.80 893.86
931.63 908.05
947.97 921.86
945.25 919.20
942.74 932.13
968.36 935.17
948.38 967.54
988.36 926.29
952.07 917.36
950.41 939.33
940.44 925.02
896.61 945.38
940.04 971.64
931.49 953.04
963.29 955.44
971.84 948.49
954.95 928.05
934.10 919.15
0.00 915.42
772.29 297.00
927.21 716.43
932.55 933.07
928.91 918.23
312.45 911.86
0.00 422.49
380.27 0.00
940.23 395.89
944.37 945.77
934.10 949.28
942.38 941.45
931.74 956.91
991.87 945.61
921.53 939.95
965.84 945.39
955.31 954.89
959.02 933.44
954.29 786.47
945.85 270.50
955.15 566.19
0.00 261.07
374.47 33.36
939.51 589.66
342.72 541.87
774.90 497.09
978.19 954.11
903.84 942.83
923.91 938.60
947.19 939.11
748.73 947.71
411.67 921.31
0.00 944.31
0.00 943.84
848.39 83.85
926.09 862.44
968.59 915.70
954.85 904.08
942.47 927.16
919.84 933.47
938.00 920.64
960.71 931.60
949.29 907.29
956.41 936.20
928.95 932.76
930.52 937.85
954.02 945.90
940.14 965.54
945.04 962.83
939.19 956.13
949.81 937.55
941.27 938.65
941.18 927.71
933.40 927.35
360.13 932.71
782.16 593.22
926.97 763.44
921.19 871.37
922.87 914.22
938.76 917.78
942.76 948.85
921.28 926.53
929.87 931.26
941.63 937.26
944.96 934.61
983.00 897.16
929.43 924.97
947.62 909.30
980.18 924.05
727.11 920.17
549.51 911.04
333.72 683.07
745.66 360.96
913.04 712.66
900.22 921.01
931.61 905.63
942.39 906.91
903.10 929.86
925.48 928.84
929.01 910.87
948.00 947.31
43.98 938.96
127.43 72.98
501.22 124.39
908.75 509.15
956.52 912.76
925.57 922.59
922.85 913.61
969.74 922.26
964.97 934.03
920.83 913.51
937.77 936.12
942.73 936.90
939.39 926.54
948.71 928.91
957.39 928.54
946.23 935.46
928.72 933.40
924.14 915.17
947.43 926.67
935.22 936.16
955.25 928.68
944.56 898.75
784.75 933.37
364.10 933.91
343.88 581.73
827.20 323.32
907.17 844.27
907.34 910.44
939.31 924.96
927.22 920.15
939.62 940.26
926.30 941.39
943.65 937.19
941.53 915.45
926.12 928.45
941.61 455.63
930.29 578.93
938.86 903.60
739.68 249.57
455.91 32.50
707.09 811.58
531.20 303.94
731.95 738.44
837.24 934.13
928.50 948.54
920.73 938.42
957.24 943.92
438.32 917.75
0.00 942.81
131.32 946.96
0.00 400.52
52.25 0.00
861.10 51.21
885.55 906.64
938.38 909.55
953.37 911.24
916.87 911.83
922.82 921.78
933.41 924.43
953.83 929.29
928.69 931.15
940.07 919.47
950.10 925.85
949.31 950.34
937.34 918.35
961.91 931.51
939.31 937.65
911.01 911.90
933.79 942.17
942.37 491.22
949.01 569.51
944.65 908.42
366.09 255.73
628.90 33.50
788.55 849.69
714.80 821.53
504.61 278.25
905.15 950.99
632.32 896.20
930.72 934.13
935.69 945.05
939.09 927.42
941.75 915.64
957.53 956.55
921.25 927.78
947.90 931.94
948.03 950.46
948.19 959.81
936.28 932.73
925.45 937.55
934.00 931.09
950.36 928.38
945.45 919.57
901.67 925.15
941.76 931.93
941.68 930.56
911.81 941.26
893.10 937.27
944.54 920.13
641.41 937.29
190.54 947.25
919.45 909.12
920.77 911.73
949.69 923.80
896.72 923.66
810.38 935.03
650.92 912.61
958.92 938.30
452.91 926.57
925.87 482.29
941.55 938.27
952.32 910.74
956.26 930.86
708.43 940.82
0.00 750.75
614.68 0.00
935.15 637.74
913.23 931.52
950.88 913.84
936.67 928.96
942.16 918.54
905.60 915.55
912.31 921.33
942.10 897.40
31.73 939.22
177.49 108.07
208.41 185.23
922.20 193.34
913.13 924.03
912.96 897.47
923.26 899.42
912.15 920.53
929.60 921.36
933.45 940.02
947.12 916.52
952.02 892.13
939.39 862.07
939.82 182.64
941.47 944.92
913.99 930.58
935.92 846.39
390.66 32.78
585.23 252.06
943.97 926.31
320.70 526.54
767.40 530.54
931.74 935.42
915.36 914.66
916.63 936.10
866.36 924.73
914.56 948.94
940.58 910.84
931.88 933.39
758.41 946.91
901.65 772.85
929.31 899.50
936.93 608.58
236.35 411.50
238.21 913.52
921.69 695.24
947.82 842.38
485.89 39.53
568.31 173.50
85.40 928.90
896.45 643.69
862.61 611.69
671.49 915.24
927.34 926.43
944.74 953.50
932.35 913.96
929.65 927.20
965.18 930.16
932.59 924.40
917.04 929.25
920.32 919.53
719.52 928.08
365.90 431.27
929.61 605.58
184.54 883.13
0.00 243.50
872.31 28.67
602.75 810.32
758.47 858.09
512.73 157.62
901.05 949.89
921.60 920.58
913.00 922.69
894.19 913.18
921.76 930.09
936.11 923.05
925.55 936.30
932.49 911.10
915.19 911.30
923.50 927.50
909.15 934.50
954.49 919.25
944.45 937.65
919.97 938.03
937.06 932.99
929.53 920.71
945.94 942.81
929.66 933.05
817.43 907.52
0.00 939.87
303.03 925.70
930.51 928.02
923.56 909.94
909.38 942.46
913.78 916.30
931.38 901.29
930.22 916.62
955.10 919.04
935.26 923.76
949.44 920.15
955.77 934.04
937.02 938.99
933.35 934.09
961.08 897.92
942.49 916.40
907.83 937.29
901.63 923.46
944.27 929.42
939.10 941.27
931.27 929.33
951.74 950.94
264.95 949.81
594.10 512.42
797.38 616.54
934.90 776.65
925.66 924.52
909.51 910.56
935.23 943.35
940.65 937.09
952.59 935.25
936.63 943.62
939.41 924.23
936.43 898.78
919.71 930.64
924.65 938.81
948.47 938.56
923.01 928.30
939.97 941.45
954.85 916.46
954.18 927.13
940.21 923.17
939.34 937.80
925.05 954.48
566.88 931.07
124.70 724.36
0.00 136.49
493.62 0.00
921.02 523.77
943.22 932.34
941.73 916.62
941.14 951.93
934.50 941.89
924.91 939.95
945.75 916.96
939.43 922.92
939.08 955.59
923.44 911.18
950.29 924.75
968.30 922.46
949.24 941.09
944.69 921.52
959.91 906.57
213.06 913.52
650.70 412.50
802.80 665.97
785.08 782.95
451.25 800.03
782.26 135.31
895.22 839.01
107.12 95.14
914.06 99.50
932.93 906.59
958.98 696.21
405.99 296.68
952.11 928.04
937.13 925.45
949.01 939.14
944.99 924.63
923.72 925.36
947.90 921.10
957.99 950.57
935.23 915.11
930.82 941.97
946.98 907.04
932.81 930.90
946.20 958.00
924.27 931.49
935.28 948.06
929.91 927.33
937.31 926.38
948.78 924.54
714.91 923.97
885.72 930.16
912.26 926.54
914.99 912.00
932.28 924.17
377.31 921.65
916.61 935.17
150.64 900.62
621.74 912.03
903.93 734.77
914.61 907.47
930.86 925.24
949.06 942.17
935.37 941.51
924.51 937.44
926.64 908.39
944.61 923.11
959.15 946.40
914.24 912.54
938.46 926.59
925.84 909.24
956.68 918.38
953.65 898.70
942.70 937.07
938.95 911.99
913.08 909.16
931.58 928.92
238.55 929.96
426.83 457.92
215.95 437.63
0.00 224.51
48.34 0.00
914.63 44.20
920.41 903.50
922.85 926.44
910.58 921.23
947.87 901.12
951.00 926.95
957.97 936.65
919.67 934.18
948.63 970.21
945.38 938.17
940.38 937.39
939.27 936.76
930.52 936.30
949.72 937.56
926.97 924.29
940.00 935.58
955.79 925.91
943.50 927.64
906.52 927.65
651.05 905.81
0.00 828.21
523.63 0.00
923.68 526.81
963.30 913.20
974.40 914.62
853.88 943.17
218.21 907.28
166.67 243.70
915.84 214.03
942.91 888.93
918.52 884.74
929.91 916.82
935.83 916.09
930.84 917.34
912.61 955.25
939.88 917.88
956.92 921.84
941.09 921.42
938.79 933.62
953.04 927.50
946.52 927.21
954.92 922.89
966.02 932.27
939.15 937.10
963.99 922.89
939.17 934.38
940.07 937.78
924.92 929.82
165.06 925.14
0.00 579.61
541.21 0.00
919.54 529.11
930.85 894.83
934.29 926.43
936.66 927.62
933.00 913.06
931.98 919.78
926.66 269.34
932.38 708.00
932.93 928.65
931.58 873.73
934.88 813.43
940.32 804.30
912.45 817.75
301.63 32.58
806.73 622.54
24.50 266.91
925.57 719.50
641.02 922.04
0.00 428.46
631.49 32.50
933.66 840.70
858.21 914.49
750.96 917.18
426.52 530.88
867.60 491.77
219.37 918.49
0.00 930.79
0.00 912.85
531.56 234.89
918.17 508.04
952.28 913.50
947.72 950.75
953.12 939.99
917.89 922.22
910.87 920.81
922.90 915.88
948.37 915.80
924.04 909.49
932.72 930.47
953.71 933.39
942.95 931.66
925.92 925.92
945.11 927.21
963.58 941.43
993.13 928.07
951.77 945.80
956.50 933.77
911.45 942.99
953.84 908.48
929.25 935.59
927.97 932.70
922.85 933.21
608.04 921.93
672.54 875.63
809.26 689.56
921.44 811.80
933.09 920.24
941.07 941.15
924.52 929.29
937.61 957.71
922.40 923.79
910.84 945.18
923.15 917.83
957.37 923.73
943.57 940.83
925.61 920.82
905.26 915.27
947.32 919.94
940.00 917.43
939.64 919.21
912.45 936.09
923.63 922.17
936.77 928.16
929.02 928.43
645.89 933.70
81.30 757.46
46.86 78.35
849.81 52.36
955.74 822.98
931.52 905.87
919.36 936.93
938.81 925.42
928.05 909.00
931.22 919.49
937.20 935.98
949.03 916.38
932.43 912.43
943.00 925.27
938.95 949.49
938.97 935.04
951.94 925.29
933.42 902.29
921.31 926.02
950.31 927.22
929.85 909.33
928.01 943.57
933.32 911.72
545.06 919.29
92.98 878.50
588.06 110.83
841.17 581.81
930.55 776.75
932.02 925.99
972.24 905.95
948.72 926.09
942.00 944.12
942.03 933.95
930.02 924.00
925.16 929.44
881.19 921.92
0.00 924.55
914.19 142.24
682.34 849.86
570.87 749.67
912.27 595.96
838.07 887.73
935.30 805.27
924.77 941.75
903.33 915.23
928.94 891.18
936.68 905.54
921.97 942.65
488.93 919.13
58.01 575.24
616.84 33.51
924.25 592.98
909.88 914.66
891.35 909.39
919.81 923.77
953.52 927.78
940.07 931.37
933.66 926.10
937.10 925.59
941.78 922.62
891.69 942.18
935.99 884.26
923.88 933.86
922.20 941.68
920.09 884.90
933.49 275.20
956.57 892.55
878.32 176.04
370.14 44.50
942.75 925.90
827.09 849.84
305.10 460.89
512.57 601.57
936.06 616.56
236.64 482.49
0.00 39.00
850.08 575.67
941.10 937.93
916.64 938.32
434.59 834.77
0.00 251.19
216.00 929.04
0.00 925.46
676.50 443.69
952.51 653.68
924.00 928.30
963.03 927.93
937.64 930.92
922.14 908.95
928.93 925.76
961.92 926.77
982.64 935.36
931.83 932.75
947.03 929.75
959.88 720.97
939.51 534.31
927.97 164.63
219.96 64.00
871.05 922.76
563.88 547.72
531.67 516.51
949.89 933.73
937.63 928.79
938.56 943.88
917.55 939.16
329.56 916.44
538.60 929.87
376.81 925.20
911.34 929.61
918.23 921.91
935.15 932.88
929.57 929.40
929.52 934.26
934.80 944.36
938.15 910.16
938.53 933.45
949.07 928.96
930.01 906.24
947.45 922.75
935.16 926.05
922.31 942.52
933.14 950.18
917.68 933.10
935.64 936.49
949.09 915.45
955.59 918.91
927.52 944.96
939.19 932.27
952.88 925.82
929.92 929.14
941.06 938.25
309.72 911.93
518.41 666.12
907.52 497.77
930.61 932.72
956.84 941.71
931.31 927.52
924.36 912.15
937.15 910.75
953.72 926.90
952.86 920.50
939.44 943.65
938.97 926.56
929.35 941.92
943.48 953.34
913.94 960.21
933.53 968.20
941.34 954.40
936.71 934.64
933.17 949.21
935.44 946.98
936.66 925.90
942.56 949.45
609.13 924.28
0.00 613.72
617.88 0.00
916.58 640.14
946.42 914.93
923.86 926.99
940.47 909.88
931.91 944.18
929.05 926.67
940.02 916.70
933.71 925.28
933.05 927.74
946.02 918.62
936.97 927.03
920.97 937.84
935.10 942.41
966.81 909.69
896.69 958.35
542.69 908.54
158.72 592.30
935.51 189.34
919.54 927.70
936.80 931.59
959.37 942.61
231.08 914.98
374.60 302.83
335.33 368.99
876.98 341.38
923.38 875.88
920.32 933.28
910.29 919.58
946.95 934.32
905.60 941.27
929.48 936.07
926.29 931.44
940.90 938.42
959.74 933.70
948.75 934.25
932.16 932.10
928.67 913.06
918.97 889.92
949.78 241.25
832.36 860.26
397.54 843.12
668.90 30.57
899.51 253.98
364.50 950.86
822.10 914.24
949.45 729.99
336.12 350.15
119.05 927.92
242.31 931.58
557.40 521.89
921.07 534.40
923.37 908.48
913.84 928.12
907.27 896.95
920.87 934.74
931.09 841.33
934.32 181.50
926.57 922.75
669.09 628.42
889.72 34.46
756.02 314.68
100.06 891.63
399.00 488.82
784.16 311.91
358.13 32.50
286.12 800.01
900.85 863.34
686.17 608.47
795.05 497.78
862.85 963.55
938.80 936.30
939.68 932.02
934.99 944.39
930.85 937.97
577.37 918.79
168.68 923.77
559.31 927.87
737.43 933.30
879.56 923.65
944.72 919.24
951.30 928.30
941.13 935.09
901.37 918.23
919.37 928.67
553.18 936.32
534.75 637.46
0.00 574.81
879.51 0.00
942.34 843.82
954.12 925.45
926.81 919.03
948.46 916.37
933.71 902.86
941.60 918.29
920.93 929.44
939.97 931.62
933.40 940.28
938.76 923.44
916.49 917.55
916.75 933.41
935.27 924.78
907.99 926.81
924.51 924.53
694.31 935.01
0.00 823.55
387.74 0.00
924.44 377.26
942.93 922.00
917.43 910.02
926.11 911.07
929.66 928.15
936.66 920.00
922.63 921.11
938.05 926.43
940.34 911.84
929.04 921.94
958.39 932.52
934.95 929.97
925.88 930.73
952.60 942.52
923.74 934.91
363.45 919.88
502.87 520.95
0.00 512.79
647.71 0.00
908.19 638.92
927.84 918.47
912.14 924.05
489.74 923.11
232.72 531.03
691.10 128.60
182.07 697.01
890.75 228.97
922.44 907.88
926.27 933.24
950.13 918.87
957.82 939.65
928.04 918.65
929.85 919.31
940.78 932.34
953.85 931.72
929.68 943.05
920.88 928.68
930.49 910.60
810.87 914.87
358.91 906.87
804.12 345.95
912.47 789.30
221.99 937.23
921.93 203.15
918.10 916.47
927.44 916.85
936.24 940.81
930.87 949.81
103.93 927.01
0.00 85.31
124.58 0.00
579.33 125.57
929.21 623.19
916.71 948.89
936.55 943.75
936.59 915.33
938.25 904.67
907.97 915.26
907.43 917.42
931.33 878.00
936.77 169.50
907.73 907.22
0.00 117.17
332.66 94.50
947.45 946.69
926.04 657.51
915.00 403.57
945.14 928.65
956.13 947.55
891.91 934.36
904.59 912.10
271.87 949.34
811.65 932.98
333.92 927.97
37.50 941.06
819.60 950.50
299.86 932.33
837.56 900.32
934.47 926.60
918.24 921.92
881.61 370.29
568.00 0.00
931.79 584.58
894.56 904.70
948.14 944.04
933.71 948.05
922.79 939.86
932.49 937.55
935.24 959.48
916.26 932.13
958.22 941.84
937.14 894.67
938.85 919.26
952.50 920.14
929.65 934.12
932.37 923.70
924.65 916.51
939.46 917.92
944.48 927.87
951.99 921.36
946.46 938.64
816.30 951.52
114.33 776.73
827.70 245.07
932.94 843.11
928.18 901.02
935.47 331.39
928.80 338.58
954.95 521.73
938.77 921.89
521.99 514.77
685.24 532.39
911.77 921.28
932.96 913.04
950.47 929.88
944.87 940.04
923.23 952.32
953.20 927.22
899.83 937.61
922.18 926.90
942.81 898.41
549.96 934.48
726.38 929.57
123.35 940.18
910.78 937.14
918.06 931.26
529.12 912.74
0.00 855.42
125.56 0.00
528.61 196.47
418.53 512.50
877.48 460.36
938.05 905.23
953.10 949.24
960.34 888.68
936.72 929.15
922.49 928.00
939.72 922.56
924.43 940.40
945.89 927.58
746.64 929.32
507.31 771.77
557.01 507.19
534.12 552.35
605.45 547.43
811.86 601.50
940.38 813.16
946.73 922.85
937.52 942.23
954.86 913.13
925.30 921.58
937.41 914.07
944.75 899.53
209.75 931.60
0.00 423.73
421.09 0.00
929.76 378.69
935.63 928.24
940.69 929.68
941.04 922.97
958.52 911.64
927.02 916.97
941.12 929.02
944.17 914.16
950.68 947.53
936.62 928.20
968.00 929.37
922.54 919.06
945.45 923.99
933.56 936.50
918.59 931.02
936.31 928.08
943.12 913.86
975.64 934.14
920.02 942.29
974.93 927.69
924.27 946.61
954.93 948.15
935.06 941.33
671.12 935.99
581.41 948.11
901.86 669.68
928.77 897.95
913.09 911.76
446.89 898.36
595.70 487.37
973.02 559.00
942.18 915.70
918.79 923.09
928.22 934.09
931.61 929.96
959.67 938.96
934.28 912.53
953.21 936.52
488.84 916.93
930.87 642.64
738.71 896.46
0.00 768.12
464.80 0.00
946.57 448.91
793.22 930.13
957.48 824.91
840.09 919.61
624.34 874.51
505.83 617.13
451.42 527.08
455.21 455.71
0.00 466.85
0.00 0.00
820.84 0.00
931.94 806.68
934.99 902.29
957.65 914.79
958.35 934.05
931.18 915.00
914.93 918.96
936.72 927.87
940.21 952.35
575.52 924.48
425.66 740.21
0.00 470.69
786.44 0.00
912.85 786.54
969.89 926.31
944.42 940.96
949.91 920.66
948.01 959.67
913.34 930.74
928.63 941.91
916.18 923.59
939.66 929.61
919.77 939.64
926.64 900.92
919.09 912.96
929.74 919.67
820.62 952.10
918.73 819.94
519.56 928.06
922.85 548.73
437.64 907.06
181.23 463.38
911.73 161.74
925.38 908.09
950.82 927.76
939.26 969.63
953.47 941.77
956.35 926.56
961.92 915.08
958.66 934.50
976.19 918.56
980.61 925.31
951.71 918.42
956.88 927.00
967.34 933.50
964.11 929.56
978.11 906.52
964.87 939.92
580.56 913.91
0.00 949.06
126.60 108.48
23.51 129.59
941.85 20.51
925.51 930.71
929.89 927.57
915.86 939.55
926.89 928.18
946.84 919.75
923.63 929.37
936.33 929.98
955.37 929.43
951.93 948.82
907.29 944.53
941.35 938.24
851.41 948.86
653.60 895.07
480.62 622.75
889.64 460.10
957.99 883.28
281.28 920.90
632.02 318.28
949.60 640.06
923.21 909.77
908.43 928.61
626.17 918.26
575.28 677.27
0.00 582.54
208.71 0.00
0.00 146.93
901.05 12.69
937.68 844.34
920.40 940.51
940.60 938.73
941.68 921.78
922.59 917.34
931.50 929.25
933.62 948.02
929.13 927.59
902.40 906.19
936.61 940.75
916.36 922.22
915.62 937.35
922.98 931.41
930.00 896.49
923.81 934.11
940.72 937.32
930.35 927.30
938.42 951.09
930.25 931.42
932.93 921.24
941.19 947.98
937.99 941.38
902.98 953.45
917.71 909.48
960.75 913.62
937.46 908.43
912.78 949.02
935.04 945.58
930.61 924.00
929.14 946.78
937.39 917.31
954.58 949.46
937.70 932.91
943.87 915.93
928.80 931.55
947.83 926.46
946.78 923.35
935.17 926.95
834.13 928.97
659.24 941.85
921.05 773.97
693.44 917.41
0.00 723.46
672.88 0.00
0.00 603.77
51.50 0.00
854.66 95.99
594.44 843.77
652.00 605.54
923.97 660.79
913.63 916.87
923.74 914.40
932.31 951.80
941.06 908.07
932.47 907.75
928.88 923.50
934.44 924.49
927.80 929.49
928.33 944.29
931.44 939.74
925.33 942.42
935.85 921.79
935.89 909.97
949.67 925.15
907.32 924.59
410.51 929.72
922.16 470.06
882.12 899.53
831.65 889.03
879.50 788.91
701.42 915.46
0.00 706.97
466.72 0.00
879.40 491.93
835.65 858.15
925.66 865.40
618.55 913.99
379.87 626.24
904.92 385.49
940.63 908.05
903.05 915.92
902.03 910.42
926.34 921.82
924.91 920.48
528.39 942.81
865.19 518.59
917.25 870.38
912.60 926.92
941.81 902.73
926.39 927.72
924.25 929.49
912.38 918.93
915.61 931.01
937.03 922.88
939.02 933.71
788.89 923.32
0.00 813.45
0.00 0.00
238.63 0.00
930.44 247.34
921.50 928.53
945.49 950.50
921.58 924.78
481.44 945.31
885.05 478.58
939.58 872.57
931.67 919.84
928.03 924.71
938.53 879.18
925.60 899.58
879.78 900.70
942.44 912.67
936.67 925.09
922.98 904.87
915.47 917.62
914.65 918.10
922.33 928.53
930.10 923.12
933.97 926.14
927.30 936.15
226.82 921.40
0.00 378.42
463.30 0.00
222.53 503.81
400.40 190.56
911.18 392.47
933.23 912.40
901.05 950.51
946.82 936.74
930.95 912.73
942.40 914.96
935.16 921.60
943.73 919.42
929.56 926.78
943.32 928.19
948.35 922.29
925.08 935.07
935.67 919.68
942.50 936.22
942.17 935.23
932.73 951.82
926.68 934.63
936.06 901.21
930.87 930.32
938.13 928.65
49.96 948.73
0.00 218.61
900.28 0.00
910.87 914.50
928.98 929.33
929.37 920.61
921.19 938.35
916.40 922.50
954.52 925.37
926.07 949.51
927.91 919.39
913.42 926.90
931.62 911.90
947.04 928.41
932.07 935.94
941.49 934.93
935.05 938.41
944.73 934.37
943.22 945.83
935.74 937.24
951.44 944.25
927.48 896.91
536.82 902.17
0.00 625.21
331.95 0.00
928.55 320.71
920.69 919.37
705.58 940.54
84.61 731.43
961.88 80.04
921.60 932.83
935.26 934.12
915.13 917.24
918.42 908.96
914.70 902.19
939.54 940.91
915.45 898.90
932.68 931.29
933.70 927.62
910.94 920.55
931.59 932.63
948.55 926.96
934.13 976.74
931.77 933.36
925.52 943.07
959.97 949.24
933.04 933.68
241.33 933.43
0.00 314.72
209.18 0.00
926.86 228.96
917.91 932.09
940.10 918.09
939.78 925.81
926.75 918.51
936.00 933.14
951.57 934.13
936.41 916.53
927.06 927.13
919.82 925.20
951.45 934.59
910.58 939.28
918.46 906.04
942.63 916.62
920.14 946.62
930.66 924.17
914.45 934.40
943.14 958.36
896.63 919.93
937.84 923.18
969.51 930.63
956.08 938.31
931.38 926.90
941.32 921.82
901.08 927.65
932.79 915.64
937.09 922.98
949.62 945.37
944.25 939.08
951.88 934.48
941.73 948.70
933.33 929.19
952.25 943.07
956.10 938.16
945.65 925.72
945.79 921.04
939.54 928.18
918.50 945.97
932.39 944.44
940.73 933.05
928.44 921.29
935.74 919.77
944.92 917.28
370.38 924.96
838.28 658.47
451.71 825.28
837.26 487.43
610.58 823.20
927.89 614.81
923.68 895.62
926.48 929.42
920.39 903.75
910.95 943.31
938.60 930.29
930.70 927.72
794.46 934.61
922.78 837.79
876.32 922.67
928.18 848.65
231.06 907.17
737.04 251.77
924.75 729.50
931.35 938.53
941.22 920.35
901.68 936.40
914.64 913.67
928.46 916.18
939.72 937.24
792.28 905.28
0.00 818.82
26.01 0.00
162.13 29.51
903.56 152.22
904.64 896.68
918.10 935.22
926.47 939.99
934.12 926.13
934.83 908.18
904.22 914.64
915.58 902.57
930.99 939.37
925.08 915.75
958.78 891.88
944.65 929.52
926.57 939.64
957.45 925.65
931.63 926.35
929.38 914.05
940.23 926.75
935.97 937.33
920.00 925.95
929.58 920.91
547.57 923.94
0.00 742.43
670.91 0.00
16.83 685.07
472.36 10.29
906.49 475.82
946.89 927.28
932.22 931.29
902.38 952.10
939.13 940.44
928.73 943.04
919.80 946.73
939.52 946.89
918.44 954.41
907.07 949.44
956.49 962.98
927.84 924.85
934.35 913.54
953.31 917.27
941.48 936.13
946.95 893.11
815.00 917.71
306.68 777.62
155.12 322.32
918.91 147.73
907.82 921.41
779.22 935.11
73.65 764.68
0.00 63.59
354.87 0.00
784.09 363.38
921.79 794.31
929.22 917.00
892.92 921.50
918.25 914.21
919.96 897.13
947.96 902.20
941.42 924.55
953.25 940.58
931.91 928.48
928.09 916.93
930.85 915.81
915.70 919.86
931.38 926.19
927.02 943.00
779.14 917.29
505.11 896.25
632.13 497.92
402.91 660.28
660.41 395.44
680.29 653.33
921.22 684.68
934.47 912.73
916.99 926.04
969.09 899.34
923.42 913.34
941.46 934.14
91.00 909.81
0.00 208.58
548.01 0.00
931.98 539.60
937.05 927.42
942.17 916.70
933.65 923.81
922.54 918.97
927.91 929.27
962.00 934.37
968.02 927.97
930.93 923.26
938.23 949.40
935.19 930.52
946.88 916.23
932.84 926.38
925.62 936.33
928.14 934.82
934.44 909.38
941.65 952.45
962.43 927.40
922.85 930.22
943.68 910.46
0.00 938.46
636.44 222.07
945.39 655.45
920.52 939.62
916.78 902.14
932.76 908.26
907.02 933.67
918.59 945.91
924.75 918.92
936.59 943.22
880.80 937.18
608.86 850.38
0.00 585.03
285.54 0.00
930.78 313.25
940.98 919.75
946.85 932.18
932.60 921.53
936.10 934.34
928.47 910.94
925.19 929.19
927.97 929.96
936.19 920.27
932.17 939.42
721.87 927.34
0.00 820.77
0.00 0.00
926.84 15.52
939.24 938.32
938.57 915.56
931.69 907.13
906.94 921.84
922.36 902.20
927.16 925.32
957.88 934.16
937.92 922.85
998.57 947.33
967.79 920.86
956.25 924.80
940.45 872.34
935.18 194.00
950.91 939.97
935.14 602.11
229.82 33.00
767.09 485.69
802.52 901.20
309.56 318.67
863.60 762.63
575.89 929.39
915.28 941.30
921.45 931.99
935.64 937.62
923.45 932.70
600.44 914.42
659.20 925.39
0.00 935.85
0.00 914.85
235.12 0.23
932.13 213.72
951.98 934.12
912.36 896.90
934.02 947.29
933.34 917.76
934.38 916.39
957.79 915.37
951.50 926.93
940.23 915.93
941.27 918.25
924.16 920.38
961.93 936.71
953.39 928.40
955.04 940.64
956.39 946.25
947.82 923.76
942.00 919.70
917.05 919.73
944.42 945.99
922.65 933.64
128.51 928.15
330.53 433.20
828.45 345.66
931.60 802.55
933.39 950.81
942.00 926.36
970.73 908.70
923.11 935.35
955.63 898.13
943.83 918.72
921.03 932.63
930.51 934.10
919.01 936.55
927.60 911.63
933.60 923.52
929.62 931.54
925.58 932.56
460.94 927.18
288.73 658.06
925.88 288.48
276.27 930.96
908.13 320.58
954.35 866.06
947.78 900.37
819.81 931.57
942.74 868.84
944.85 932.81
937.16 917.62
805.47 925.00
143.89 876.45
75.82 135.56
868.52 94.33
915.14 937.45
937.56 930.19
963.48 918.48
941.73 930.63
950.92 932.22
954.73 963.53
936.83 932.00
930.79 929.08
954.12 935.59
927.00 954.91
931.24 935.39
928.42 936.83
957.37 929.58
944.56 933.98
930.72 919.84
960.17 927.44
928.11 914.64
931.25 929.28
935.21 947.71
349.04 931.60
779.54 439.54
944.96 796.66
929.83 912.56
947.79 924.40
927.16 928.40
924.01 912.45
962.73 929.48
933.65 908.36
922.77 925.62
942.13 917.90
934.63 901.20
959.07 933.89
932.93 961.04
935.37 918.51
934.57 861.50
553.14 176.64
929.92 940.70
415.72 928.16
0.00 832.12
690.16 33.32
920.78 246.29
203.61 928.44
918.38 530.90
850.54 516.85
476.45 149.50
0.00 952.36
136.86 897.75
760.31 126.85
950.08 794.11
928.04 915.92
943.54 920.71
923.43 936.80
943.13 931.75
929.44 901.36
943.48 943.14
944.57 927.61
942.99 924.51
950.74 938.18
943.38 922.99
571.82 934.68
662.52 732.41
610.42 663.72
928.51 619.32
488.06 744.78
813.65 284.47
928.00 153.03
766.21 425.74
715.87 311.97
904.63 937.20
930.22 926.81
475.26 918.28
0.00 925.34
0.00 939.64
530.02 363.04
925.80 554.11
897.09 866.28
927.96 925.98
948.20 946.96
945.48 929.62
932.86 941.40
925.32 925.18
960.28 939.75
936.68 929.92
928.65 926.49
935.16 915.20
934.59 904.14
928.63 914.74
953.47 941.50
929.31 935.59
950.67 930.73
921.19 951.29
906.82 934.25
946.85 926.63
934.67 932.24
936.11 930.59
902.58 924.30
920.55 933.18
718.96 921.98
884.87 882.67
930.43 907.16
910.99 929.14
945.47 903.35
942.55 949.13
930.81 937.96
419.75 931.19
234.52 420.84
926.68 237.04
931.82 937.11
922.22 920.52
930.60 906.71
938.50 926.40
939.50 947.54
917.90 921.75
929.40 952.74
909.38 943.59
943.66 912.37
941.79 956.77
918.44 947.81
917.27 931.02
929.92 915.60
632.51 896.42
0.00 662.61
0.00 0.00
262.88 0.00
941.25 279.23
915.02 934.60
922.26 925.58
940.65 932.84
911.73 926.17
932.90 927.43
916.81 940.94
930.58 937.78
596.31 928.02
550.58 586.22
926.22 541.12
909.33 926.90
949.37 908.67
918.61 937.93
941.38 923.33
939.95 947.89
950.92 929.35
936.33 945.38
946.30 943.77
945.92 943.05
926.51 947.84
150.80 943.92
352.25 235.37
375.76 319.25
0.51 382.36
770.47 14.01
912.05 904.47
932.51 900.19
943.51 942.87
911.57 928.81
925.90 929.48
938.02 934.25
946.23 940.04
940.53 922.94
941.50 917.28
952.25 939.51
941.36 930.81
977.17 955.26
920.39 928.50
949.68 933.72
946.57 930.64
932.95 937.06
945.00 932.26
942.50 945.48
938.07 901.10
446.20 932.70
0.00 545.51
0.00 0.00
0.00 0.00
881.16 0.00
909.51 914.13
918.77 939.46
930.34 947.38
940.35 933.68
934.35 934.08
786.30 927.25
924.16 773.77
870.63 925.86
274.14 910.38
946.18 240.64
921.99 939.25
926.74 914.79
917.43 940.83
941.33 923.65
943.57 909.76
929.35 788.46
901.98 621.55
931.82 419.60
940.58 944.28
934.41 945.31
748.46 896.15
0.00 261.00
414.53 32.14
923.61 881.91
849.60 790.15
919.27 207.31
914.46 939.94
936.54 922.78
931.58 934.69
928.34 932.76
919.67 916.22
570.66 940.76
653.88 955.82
927.48 919.95
910.27 930.99
905.28 928.83
344.46 942.80
815.34 946.45
913.39 933.17
914.70 925.14
955.71 928.40
910.64 917.06
896.70 874.14
925.01 160.40
849.82 924.45
563.57 858.03
118.04 818.46
0.00 273.97
137.42 29.00
628.18 781.77
940.86 609.95
944.27 603.88
922.27 734.73
934.46 927.57
937.70 914.43
909.57 912.26
957.13 921.73
972.14 528.25
919.10 818.48
936.26 908.93
934.00 453.71
269.40 32.50
815.01 632.56
252.16 621.07
719.01 758.94
539.22 261.50
704.37 810.99
927.31 928.89
939.59 938.65
951.23 932.13
920.74 931.88
928.72 950.13
934.84 937.75
803.19 939.02
909.84 923.89
922.61 927.80
354.45 938.96
37.03 921.47
908.71 945.55
908.58 933.26
944.99 927.60
938.47 924.01
962.61 924.29
939.30 948.71
912.12 941.36
930.19 942.65
852.93 941.00
267.63 925.73
946.54 940.89
949.28 929.46
928.03 923.01
547.70 949.10
102.72 938.52
652.82 931.54
884.55 586.58
189.52 809.11
949.26 755.06
915.11 419.81
919.56 904.56
950.36 919.52
926.23 931.24
947.03 675.37
565.04 167.62
0.00 0.00
616.65 0.00
26.44 588.75
53.79 81.36
598.88 0.00
933.18 669.96
918.80 502.63
920.32 782.35
933.97 928.56
920.29 941.56
944.84 928.79
949.78 948.31
941.78 942.83
945.83 937.20
943.28 937.52
950.65 939.26
942.47 923.26
931.35 933.60
925.92 929.80
936.58 938.58
953.85 928.87
934.32 930.54
925.03 940.20
935.17 915.74
736.63 943.88
0.00 942.91
714.90 437.55
915.95 729.50
917.83 923.47
912.84 919.83
934.94 949.89
949.44 931.93
920.05 940.84
938.72 934.07
943.82 927.42
968.09 928.25
936.56 925.61
920.72 921.70
940.20 910.06
919.42 912.74
933.71 935.08
933.02 918.15
908.79 900.98
938.98 155.32
900.67 934.52
944.75 907.46
715.82 428.60
422.57 33.00
836.42 697.73
461.17 886.91
521.43 164.67
858.36 953.69
918.68 937.94
904.76 933.32
936.27 925.46
931.06 927.16
932.84 936.99
711.01 924.08
237.13 913.65
931.96 930.15
111.85 934.29
460.48 764.20
0.00 457.90
492.16 0.00
941.00 515.69
961.84 935.82
951.94 902.02
928.76 950.49
941.53 937.27
942.00 856.47
929.43 173.54
940.03 913.77
935.19 789.40
534.40 33.00
305.61 280.72
865.29 927.08
741.05 497.68
564.38 553.81
704.17 931.57
924.72 929.37
911.78 934.63
939.11 932.12
922.77 947.50
933.22 934.02
929.41 960.98
930.93 927.11
927.77 927.70
920.07 946.23
921.42 932.89
939.13 916.35
923.65 936.33
938.26 942.55
918.81 910.92
931.99 944.90
936.02 908.63
898.65 936.41
932.21 938.02
951.89 932.00
936.27 923.40
514.53 933.80
33.01 932.65
956.21 943.39
925.09 949.62
937.06 948.53
955.59 929.16
939.28 936.70
181.12 948.77
573.91 387.70
930.73 542.87
948.62 929.51
907.72 938.42
933.54 941.38
929.15 921.20
929.47 911.01
503.55 934.30
448.95 557.39
171.50 440.48
914.55 185.96
925.56 922.61
947.23 922.71
938.24 932.73
925.14 943.35
934.86 936.57
921.42 936.61
947.64 940.47
361.59 909.50
0.00 387.10
483.97 0.00
933.67 473.18
931.92 334.75
944.25 929.71
878.93 926.84
930.03 923.38
707.22 925.58
805.12 939.25
940.56 907.19
123.59 955.66
30.12 378.66
919.97 38.50
225.83 897.31
916.50 255.55
769.47 923.98
906.79 762.48
440.15 879.65
639.32 454.62
917.10 639.33
924.37 908.83
392.63 898.31
0.00 447.35
741.12 0.00
239.37 738.79
654.34 243.77
248.12 679.00
943.63 209.48
919.23 809.71
950.17 258.08
940.83 801.25
971.07 244.42
386.17 929.10
769.56 933.04
580.10 924.86
159.12 933.18
330.99 847.80
217.37 271.65
686.82 262.14
930.07 693.41
379.78 925.79
942.09 373.91
936.69 937.47
938.85 935.21
911.17 920.76
928.28 902.30
925.31 926.74
902.44 932.32
949.39 926.57
934.65 905.51
915.87 936.71
910.99 938.84
951.88 916.58
438.35 922.53
524.77 488.45
915.89 526.41
211.67 946.22
238.39 247.29
939.67 204.23
895.90 931.72
917.64 908.39
943.57 899.68
923.75 932.84
922.86 961.56
903.13 920.64
879.75 907.75
0.00 914.31
282.09 0.17
907.36 273.65
928.27 893.86
934.21 931.15
927.18 921.07
914.07 917.44
914.73 934.58
935.82 927.66
933.87 916.67
943.10 932.76
953.47 888.83
934.65 918.37
927.07 930.17
905.14 933.58
945.05 922.28
940.20 920.39
922.31 926.86
916.72 930.17
930.39 946.48
922.77 930.53
926.95 924.65
283.12 941.01
910.20 395.39
926.14 888.96
912.95 921.89
948.59 922.87
934.33 918.27
917.78 929.24
928.28 928.87
950.23 943.00
937.39 937.11
915.26 911.32
935.37 947.93
946.39 924.48
930.83 940.87
917.29 929.67
948.68 912.71
934.81 842.08
943.98 164.50
945.42 914.24
932.60 656.19
155.93 32.14
739.79 396.12
580.40 949.68
576.24 939.30
0.00 566.29
0.00 490.06
186.18 923.74
798.60 226.38
941.72 782.91
939.40 929.68
925.41 939.05
944.73 912.92
41.91 936.40
279.85 85.07
952.17 271.36
934.79 929.55
747.61 903.53
945.73 777.16
961.03 930.37
921.25 921.27
944.77 902.72
961.23 927.85
906.50 912.96
691.38 923.92
638.74 846.39
530.83 639.34
371.93 516.62
841.04 396.56
943.42 845.72
962.86 903.83
969.99 926.58
201.98 923.94
0.00 292.07
370.79 0.00
674.99 363.63
942.81 449.45
929.48 966.17
928.08 925.05
945.19 940.99
936.49 951.07
928.08 951.47
913.06 933.40
953.39 955.05
723.31 932.28
246.56 892.56
793.24 270.95
519.49 771.53
642.59 552.04
921.45 629.92
940.90 913.40
895.28 926.01
954.05 929.41
406.66 912.17
698.43 438.26
823.11 700.33
436.07 854.74
657.02 422.10
642.47 639.37
0.00 650.82
613.37 0.00
0.00 619.06
658.91 0.00
664.51 639.20
0.00 722.14
622.18 17.24
922.43 614.67
924.20 905.64
932.61 896.64
926.04 944.55
897.53 953.25
934.17 939.21
936.05 921.31
949.51 916.29
931.19 953.05
928.12 942.74
939.67 946.00
939.06 898.37
908.84 940.34
946.39 923.50
951.80 913.64
936.66 940.47
939.96 926.14
948.06 938.66
924.56 937.40
838.88 924.40
0.00 903.92
477.11 0.00
944.40 498.96
921.79 925.07
931.31 911.92
921.26 934.87
924.89 935.48
942.42 919.88
929.55 945.95
946.96 950.67
944.93 951.60
951.51 943.30
968.15 950.38
934.68 934.42
952.46 944.77
915.79 960.54
923.14 935.12
920.36 938.38
937.63 949.15
914.87 911.57
931.91 937.64
878.55 914.12
0.00 891.32
0.00 0.00
279.41 0.00
918.19 275.35
925.92 904.94
927.47 944.32
932.78 920.53
927.65 935.59
913.56 917.41
912.93 943.65
934.22 931.07
954.53 923.75
937.22 953.77
949.75 917.01
931.39 924.02
934.93 918.26
959.20 920.41
929.28 943.60
936.04 920.15
933.63 929.56
926.01 940.68
921.89 928.25
892.82 926.06
931.23 929.13
166.72 901.25
794.70 271.03
883.66 816.82
910.69 882.71
904.62 891.97
929.40 903.04
911.33 935.41
925.33 930.40
915.68 917.39
925.95 942.12
956.79 901.27
934.82 915.95
928.96 884.21
928.92 193.00
925.95 893.34
913.68 911.86
939.34 879.52
699.72 189.50
395.26 53.00
589.74 853.16
640.86 244.50
625.65 838.82
945.04 945.18
916.80 935.57
930.79 925.46
946.20 943.06
934.46 932.92
476.34 932.30
0.00 944.33
310.88 937.83
521.38 605.22
119.32 503.59
846.57 127.88
954.00 816.29
926.26 280.34
866.65 513.98
870.28 835.13
925.75 820.21
940.20 296.69
904.72 948.34
967.65 935.48
910.86 926.79
909.03 923.67
916.91 924.87
954.95 948.50
889.27 927.14
905.68 922.43
937.51 953.48
934.95 910.11
918.31 925.92
949.63 930.37
928.30 927.68
702.19 948.79
0.00 930.90
654.99 932.90
934.77 936.01
737.58 923.69
911.40 924.28
920.10 922.56
917.61 956.89
938.80 942.27
940.02 938.95
923.85 941.83
919.36 925.41
956.14 918.21
928.63 930.34
940.87 934.53
939.15 927.16
919.60 927.82
945.68 921.69
942.40 926.31
953.37 929.21
928.46 935.10
918.88 932.71
927.70 922.52
604.02 933.89
479.00 808.87
618.50 482.55
436.55 606.45
704.14 456.37
932.96 710.78
928.57 902.77
933.42 910.52
936.90 924.94
940.48 932.63
853.19 916.08
911.50 934.39
930.87 913.36
905.47 914.94
963.86 935.01
176.94 960.40
845.16 194.98
534.48 849.57
559.72 579.03
912.54 520.67
905.53 911.54
917.02 914.17
939.56 912.41
899.53 915.45
932.02 919.97
665.51 933.39
915.37 670.46
517.78 910.64
883.33 531.84
505.98 877.48
0.00 537.83
344.46 0.00
917.59 330.28
935.45 940.75
687.65 930.56
454.72 680.45
885.61 461.22
918.52 879.22
908.92 901.47
909.85 904.50
918.56 933.37
899.69 908.09
913.25 893.27
912.14 919.84
916.63 927.58
906.19 921.52
937.13 911.81
937.61 919.61
920.29 958.28
904.71 914.96
926.52 928.51
918.41 920.93
855.36 941.28
818.38 906.19
805.77 909.84
0.00 629.33
696.68 0.00
795.36 790.83
78.89 909.51
412.30 926.11
572.46 894.71
878.81 896.80
896.67 179.30
926.00 908.54
901.57 916.68
919.56 911.68
922.21 929.30
929.37 922.79
921.93 926.31
917.14 912.25
931.99 925.93
931.49 941.91
684.37 516.25
663.73 0.00
914.35 698.05
934.67 915.77
931.97 925.83
933.35 908.44
929.96 930.81
693.60 920.64
0.00 735.74
114.34 0.00
572.73 125.60
0.00 565.52
809.15 0.00
926.48 916.09
929.54 937.17
933.50 942.68
904.02 932.96
936.13 927.50
938.60 929.15
924.54 949.65
910.22 944.85
917.38 947.15
934.99 909.36
931.28 913.80
944.25 952.61
934.28 923.85
940.07 909.72
946.70 932.82
899.67 934.46
938.88 939.05
929.43 940.68
927.61 933.29
682.51 929.20
0.00 542.56
284.03 0.00
945.67 302.52
933.76 914.08
919.86 925.29
939.28 929.83
724.83 911.45
928.32 758.15
937.35 915.16
918.36 932.71
935.95 925.08
941.55 916.65
924.79 926.32
918.47 947.40
937.75 921.88
937.61 911.45
943.56 945.41
931.00 928.08
911.55 930.86
924.90 913.13
928.55 918.86
950.39 935.44
489.90 925.48
0.00 582.28
727.46 0.00
931.53 720.63
945.05 927.30
932.92 909.09
931.86 920.98
922.21 917.76
906.50 925.34
931.62 910.66
932.29 945.69
944.04 924.72
931.98 914.14
941.98 943.24
964.96 928.51
928.84 939.65
922.64 931.26
937.51 923.39
938.14 932.82
908.99 930.79
934.49 924.19
913.34 934.75
931.02 918.52
935.73 945.81
892.10 931.16
888.00 943.47
902.80 951.13
932.84 944.99
932.71 940.97
928.77 925.03
941.44 917.75
932.15 943.11
910.50 918.52
920.60 956.44
941.39 944.18
940.85 946.94
926.15 961.89
927.49 941.93
903.91 935.96
932.73 904.04
937.50 64.12
936.49 59.57
932.97 37.06
926.47 197.20
933.66 441.75
928.85 473.99
944.60 73.90
969.81 0.00
941.68 0.00
930.34 118.95
941.28 0.00
938.54 347.04
934.25 813.48
948.33 793.90
942.83 649.17
933.96 662.16
941.22 445.84
589.36 0.00
685.28 0.00
129.30 688.69
384.53 132.62
900.66 385.37
937.91 925.09
961.76 897.41
932.73 805.99
931.85 261.03
912.19 940.72
940.40 835.34
962.03 424.10
638.37 32.25
669.29 724.77
928.23 933.26
356.68 607.00
829.51 420.66
804.18 928.99
942.08 930.40
943.55 944.00
905.09 932.85
888.36 928.08
933.20 940.75
936.82 940.03
920.93 961.21
728.57 960.13
0.00 972.66
336.88 938.57
902.24 946.29
907.54 913.44
918.83 907.80
923.18 896.63
960.52 912.17
929.93 926.05
934.25 927.56
938.35 903.73
651.97 930.18
491.04 747.19
409.05 483.15
550.33 437.92
927.23 536.02
907.97 926.93
936.03 930.43
941.59 922.33
931.04 930.43
931.24 931.42
941.21 932.71
936.37 950.82
954.73 950.61
945.98 926.98
937.65 929.11
928.34 947.07
937.54 936.43
810.89 931.61
264.29 824.64
926.36 267.90
909.92 908.37
940.59 929.77
938.62 910.12
920.63 910.40
931.47 940.50
931.16 909.03
950.40 919.59
938.69 920.59
925.11 933.57
950.24 945.17
635.04 946.15
550.15 636.01
868.33 546.72
927.61 870.86
570.62 879.31
789.37 605.14
604.57 781.87
923.87 637.00
926.56 901.72
924.65 917.04
969.11 936.38
283.38 942.85
0.00 264.17
365.18 0.00
307.37 397.99
0.00 318.24
781.85 0.00
910.70 681.97
927.12 901.48
943.23 934.67
963.50 931.25
922.32 929.00
930.00 923.87
609.99 905.47
681.91 714.47
317.32 703.59
887.37 326.95
924.79 884.16
928.01 899.91
926.75 903.69
881.46 890.48
890.04 952.33
929.22 889.97
923.80 921.92
922.99 941.50
914.81 913.15
652.96 927.42
883.46 642.76
685.50 894.87
0.00 678.39
0.00 0.00
872.19 0.00
934.08 876.54
896.34 926.61
932.80 931.08
953.09 919.85
920.77 931.97
935.07 908.23
928.41 934.02
601.40 931.17
684.30 583.80
502.73 700.36
734.93 483.81
933.45 745.94
922.44 907.55
922.77 938.89
915.44 911.32
918.36 920.24
940.15 897.32
914.83 942.51
923.28 921.78
925.56 940.94
890.21 929.27
909.18 927.83
919.83 895.35
923.07 909.94
929.78 941.51
192.59 925.42
0.00 177.09
0.00 0.00
463.14 0.00
954.40 453.38
904.81 904.28
950.27 934.96
934.46 934.86
946.94 962.89
939.70 944.30
921.92 929.98
923.82 943.82
933.17 944.92
938.31 963.74
910.25 952.24
917.05 942.22
913.49 943.52
920.38 938.09
929.65 969.55
930.67 931.91
935.30 943.91
936.52 933.95
947.38 926.91
928.24 919.84
825.15 935.39
0.00 620.16
475.07 0.00
932.47 487.73
943.50 937.32
938.63 913.41
916.84 923.64
930.37 927.89
922.88 923.04
902.00 938.08
939.87 911.64
938.61 936.19
933.70 873.67
911.46 169.50
952.78 897.24
973.79 804.94
958.65 31.51
586.53 234.43
522.80 922.68
970.18 926.05
925.85 931.54
852.88 867.68
327.66 174.47
902.30 932.18
917.30 915.10
910.30 929.11
937.28 927.96
925.50 940.92
674.70 939.46
0.00 940.84
0.00 941.81
777.18 741.97
942.41 725.04
925.56 934.93
906.01 943.79
927.28 941.01
936.41 925.65
940.75 931.95
716.71 898.46
307.45 936.41
809.98 920.14
34.03 953.09
237.05 938.77
406.19 643.80
618.90 0.00
947.04 708.40
931.43 934.16
934.48 899.25
917.36 931.93
936.48 950.25
938.54 781.78
953.24 219.48
958.28 967.57
938.21 859.24
941.50 279.17
930.52 32.50
937.70 826.40
926.14 846.62
935.54 176.00
955.79 927.97
902.14 923.08
932.29 937.11
911.55 939.95
942.00 922.67
922.77 920.05
691.95 926.67
456.66 931.63
531.39 943.22
921.42 919.53
898.91 951.21
909.59 941.42
929.69 928.77
913.73 936.47
944.00 926.10
934.71 941.87
931.65 947.72
930.23 929.57
720.36 948.21
449.04 939.56
925.56 471.77
903.63 931.10
932.93 925.82
774.55 948.87
0.00 739.04
783.89 0.00
947.47 800.67
932.22 908.57
932.59 908.49
932.45 936.89
946.43 921.88
944.94 913.06
917.68 927.16
930.52 916.31
928.52 912.20
958.82 909.90
925.25 914.13
931.20 934.15
951.70 938.02
913.20 959.57
932.51 909.51
937.22 940.24
928.58 921.98
933.52 940.74
959.27 928.35
933.50 955.05
922.43 923.39
943.05 931.93
951.89 944.19
925.22 919.90
918.21 939.71
954.28 926.65
951.92 934.21
950.59 936.63
913.49 915.60
934.77 945.04
927.09 918.05
942.48 931.55
933.58 930.68
925.09 921.60
936.55 947.01
938.07 923.46
901.37 917.43
917.53 949.18
935.69 933.05
935.60 933.17
930.97 939.46
954.65 934.70
917.13 938.00
925.18 921.08
955.27 932.51
942.77 922.48
947.92 917.68
945.30 937.74
961.09 948.30
924.53 938.91
962.19 938.95
932.80 928.00
933.85 943.57
922.48 936.73
913.06 929.97
948.25 949.00
901.35 960.84
928.01 914.21
935.23 930.49
919.26 927.25
943.04 922.05
445.34 921.16
279.20 572.61
913.32 346.04
927.60 928.97
919.40 948.94
927.15 896.04
931.09 918.09
951.32 953.32
932.85 906.88
925.88 930.76
937.79 909.61
789.90 929.54
335.31 940.50
735.68 919.33
942.49 934.01
912.26 954.79
913.78 917.27
919.96 908.63
732.98 870.13
691.01 823.49
929.04 709.04
933.96 713.81
923.73 401.41
838.47 925.19
944.01 415.00
449.88 32.00
933.50 604.10
899.08 878.86
749.76 218.00
351.64 850.96
705.27 951.30
920.72 943.63
925.21 915.38
917.56 900.27
931.21 910.60
927.00 923.37
918.32 934.56
940.53 923.32
946.29 939.92
918.35 926.17
918.07 929.12
914.57 932.80
945.64 917.04
915.14 922.74
911.00 949.83
548.53 923.73
0.00 935.39
568.36 928.57
922.09 907.29
942.52 924.10
915.85 899.90
928.47 939.29
931.41 924.08
928.11 921.28
937.31 901.48
930.69 937.83
926.55 905.04
925.99 922.91
949.02 916.03
910.33 940.50
681.54 914.81
537.95 949.44
853.12 932.61
927.38 932.97
932.65 938.98
975.09 945.60
929.06 913.57
914.37 916.19
924.82 919.88
813.40 809.58
927.03 328.19
944.75 877.30
940.76 924.01
939.26 912.13
924.83 912.95
923.74 920.99
915.40 925.52
937.34 917.28
920.31 920.54
926.50 937.15
942.11 931.29
932.80 931.43
943.47 891.45
926.97 197.50
919.34 853.78
867.65 290.00
365.01 31.68
711.77 778.74
366.38 342.46
850.22 697.83
927.01 935.60
812.62 917.32
177.22 942.09
0.00 952.80
581.99 918.39
886.96 770.20
925.36 841.65
936.64 926.57
899.29 937.94
924.53 931.46
210.76 902.84
815.46 930.48
885.75 901.49
33.00 930.63
153.50 954.36
916.83 534.03
347.44 824.56
723.92 911.95
914.18 693.28
935.05 762.62
934.06 616.67
932.84 934.32
935.96 931.22
925.51 932.28
937.27 934.65
922.39 924.46
930.96 914.06
945.90 905.87
937.45 326.44
501.04 0.00
0.00 132.18
646.82 0.00
864.22 647.55
940.40 839.58
938.63 945.63
932.22 891.16
930.06 331.12
926.46 687.32
914.13 883.20
943.64 166.00
617.24 43.50
905.06 933.27
804.94 860.17
530.85 823.40
575.60 300.62
936.54 944.99
922.20 938.38
923.43 922.58
911.09 932.97
908.16 927.13
908.60 938.38
924.49 925.70
953.23 940.38
954.14 927.11
205.70 928.19
815.46 940.12
936.63 923.28
930.05 915.12
224.02 930.01
0.00 929.54
862.02 480.51
920.51 891.41
926.31 917.46
932.27 933.83
919.79 921.96
909.46 911.15
926.00 929.52
947.28 915.56
942.99 934.38
931.99 944.08
936.23 931.10
912.60 927.41
930.33 939.52
918.46 946.40
935.05 931.77
935.25 891.91
921.42 926.68
940.29 936.36
920.56 885.45
942.15 931.80
923.60 925.92
423.14 926.25
446.21 488.39
934.76 434.06
929.68 943.03
929.58 902.93
899.54 890.60
898.22 912.44
936.60 927.22
942.73 930.16
903.32 912.17
942.90 948.50
932.31 917.11
946.76 919.04
919.87 937.85
903.82 943.97
929.71 909.98
937.72 947.48
946.21 936.50
917.90 937.30
907.25 932.07
938.39 931.97
900.93 940.57
265.03 903.52
923.19 284.52
915.26 940.72
916.52 956.34
135.56 932.46
113.45 82.61
897.73 107.59
702.74 930.61
351.30 679.05
441.55 421.70
928.39 417.12
926.99 913.60
901.84 920.14
939.62 915.47
934.51 953.58
925.56 940.23
897.80 924.53
926.20 911.71
933.36 916.76
922.45 906.87
940.28 914.44
929.29 947.85
939.65 945.37
929.14 927.15
817.58 911.15
0.00 852.55
525.15 0.00
928.00 122.33
916.36 654.46
933.79 344.41
947.09 953.64
930.34 938.00
933.10 923.08
951.62 921.34
930.07 925.52
935.76 931.42
911.92 929.10
926.86 933.94
932.52 934.05
922.28 926.41
924.01 939.84
914.60 950.64
944.89 924.99
921.67 913.21
943.62 933.99
926.36 940.88
731.77 922.81
0.00 932.81
586.15 929.24
126.69 913.27
929.40 109.40
915.06 943.69
919.84 934.26
929.21 913.11
934.74 913.38
932.55 911.42
916.80 935.14
930.35 930.28
936.13 932.03
919.45 905.93
788.67 931.06
583.49 836.35
705.07 564.29
922.00 690.96
790.29 924.88
714.17 787.76
454.72 702.67
911.29 473.92
936.44 917.35
914.86 910.77
924.85 928.43
922.99 910.08
574.96 915.89
39.39 539.87
0.00 0.00
444.93 0.00
908.82 516.46
921.38 936.28
916.32 924.15
925.39 928.59
917.35 925.67
943.15 929.46
940.54 948.12
932.77 936.54
940.35 924.23
933.18 919.40
947.29 942.29
926.90 929.85
911.35 944.91
944.36 915.65
941.41 928.64
929.33 912.01
914.36 663.67
887.94 354.99
920.20 930.68
925.37 887.48
940.24 703.50
409.73 32.00
919.72 406.50
948.05 926.46
769.61 376.32
81.15 666.93
675.52 929.49
918.22 933.19
937.42 926.76
915.53 937.91
944.13 933.31
922.05 944.64
935.99 912.35
942.15 925.96
933.09 921.78
929.60 930.41
917.50 950.78
673.95 924.05
658.58 943.66
898.73 943.05
915.18 937.16
940.47 935.47
881.99 937.32
935.86 930.01
331.05 665.63
0.00 361.24
85.13 921.27
936.10 126.20
906.21 622.23
913.38 529.21
924.21 609.19
943.04 854.33
937.42 188.60
929.73 941.94
943.71 926.43
920.37 941.23
931.96 935.43
952.28 944.06
939.46 939.18
908.99 946.66
938.67 944.62
913.23 940.42
936.50 930.99
920.68 936.59
943.48 921.43
946.34 934.30
783.60 939.34
877.45 931.11
913.19 940.22
916.66 923.93
57.38 945.12
920.92 941.31
633.25 939.66
591.44 840.57
829.90 253.90
912.99 826.96
927.98 839.99
932.40 854.14
939.87 480.37
936.13 789.82
255.04 158.65
439.61 118.00
489.34 641.02
0.00 32.64
762.46 432.21
933.46 899.55
654.25 372.96
543.49 697.55
464.78 329.88
770.42 949.99
630.08 795.39
821.02 365.38
0.00 31.50
552.38 790.60
659.10 856.72
473.21 150.00
754.32 925.18
936.95 935.32
932.46 951.33
939.37 912.12
831.78 934.24
951.21 941.73
268.63 946.94
0.00 925.94
233.48 933.57
403.41 518.05
200.90 442.41
171.21 191.13
923.08 144.44
916.45 559.38
929.20 939.60
920.21 927.84
911.19 905.32
943.03 930.08
947.18 940.32
924.21 930.25
902.74 938.57
922.08 795.63
932.70 814.80
928.48 243.00
924.09 947.28
949.58 913.43
948.21 221.15
138.24 29.76
919.30 921.14
929.44 927.17
142.60 889.58
813.20 181.03
946.48 937.08
926.47 934.95
339.40 921.04
0.00 912.03
709.02 934.47
934.01 938.39
919.52 565.99
945.21 444.87
927.33 949.15
933.07 858.70
924.68 609.28
719.48 31.50
407.93 498.08
448.59 949.55
924.30 826.75
946.74 189.73
721.01 937.29
903.07 936.50
915.43 944.15
921.23 939.79
969.52 935.32
944.37 938.96
929.85 942.44
940.15 928.51
905.22 929.78
924.82 924.61
921.82 916.31
925.47 943.59
915.67 937.16
945.93 933.49
302.95 942.78
90.78 921.80
727.48 939.02
909.97 607.40
936.74 420.75
927.58 899.72
927.58 671.49
628.32 32.50
0.00 386.50
445.63 556.81
915.37 682.04
939.94 921.44
939.71 918.77
940.64 937.84
938.49 915.46
956.52 930.19
893.04 950.37
919.94 939.97
934.83 925.86
934.17 926.97
913.11 949.73
940.80 931.24
952.68 927.45
921.38 938.32
929.64 951.77
208.96 903.36
645.72 253.81
906.56 824.73
958.50 879.58
60.39 34.15
706.89 209.09
439.55 928.84
827.38 569.09
641.99 470.90
544.78 933.85
927.24 927.39
922.43 932.13
943.64 918.69
955.99 924.30
936.29 932.10
875.09 930.93
166.95 923.34
934.51 937.32
928.55 934.74
932.26 945.25
610.77 933.55
750.50 935.16
929.75 929.98
922.34 911.99
935.44 926.10
883.79 922.53
0.00 935.60
19.01 310.73
410.57 21.01
900.73 393.62
948.31 901.50
911.95 911.27
930.90 936.24
950.07 921.65
897.35 933.87
934.08 905.31
942.10 390.67
932.85 645.47
929.26 865.24
954.98 223.01
397.80 32.57
148.35 859.55
944.36 813.00
779.07 223.50
946.68 920.41
893.12 920.90
898.24 918.62
925.04 913.58
921.38 938.07
931.47 919.53
915.73 920.13
902.38 939.95
968.04 918.58
871.74 920.41
737.61 926.88
845.51 569.96
163.60 477.33
0.00 252.33
585.09 32.50
262.12 485.82
563.43 451.71
931.19 905.47
929.99 936.21
934.07 937.68
914.26 933.98
948.76 919.92
938.53 938.76
921.56 931.26
943.48 702.28
378.09 296.22
936.60 925.54
195.13 511.57
0.00 32.00
866.04 513.80
768.50 898.79
948.03 820.02
660.45 609.41
307.60 564.55
908.55 936.45
934.98 929.64
932.40 934.79
282.11 653.08
913.66 385.21
0.00 752.97
202.49 35.55
860.68 329.86
224.50 319.51
857.68 733.32
956.58 933.68
960.16 949.01
866.01 946.81
68.79 959.94
0.00 938.22
646.22 930.87
936.77 766.21
923.56 912.71
956.08 948.48
950.52 928.27
942.37 917.85
959.63 921.42
943.24 913.56
924.82 930.81
932.07 918.88
935.56 928.95
924.91 928.71
915.34 942.69
923.42 939.26
952.91 932.91
946.71 929.94
955.63 930.63
934.98 919.13
917.63 937.05
910.30 938.42
519.71 921.31
203.35 635.37
791.05 191.39
693.98 805.43
382.33 706.17
320.96 394.79
911.04 315.75
922.87 920.97
930.31 900.11
908.85 938.77
893.25 919.17
926.82 917.69
419.72 897.40
692.21 402.96
920.89 728.30
907.44 918.46
918.60 932.40
906.49 941.15
939.64 958.71
187.11 928.38
329.33 126.88
804.37 323.93
432.86 847.44
896.83 394.97
845.41 913.98
931.87 860.92
320.98 902.46
917.51 339.60
745.80 923.67
665.69 742.62
224.54 688.54
0.00 216.78
195.48 0.00
321.01 216.83
928.32 319.44
920.68 933.35
934.84 934.12
940.11 950.48
924.25 929.26
959.94 936.26
917.94 936.78
941.23 931.14
951.93 943.64
929.13 922.96
915.00 207.77
929.73 870.84
936.60 832.10
746.41 33.00
910.93 263.79
662.66 922.80
85.58 521.79
922.69 567.46
940.19 938.69
936.53 936.26
940.76 927.83
637.27 924.07
0.00 946.32
39.22 941.36
873.55 684.70
918.65 838.33
924.01 904.27
922.47 933.11
935.42 922.06
920.18 922.39
915.80 932.45
934.44 921.67
903.68 926.14
910.73 893.44
363.82 921.14
682.98 935.87
900.60 913.37
706.63 911.43
30.50 936.99
361.59 938.31
909.60 640.24
431.15 679.59
613.70 438.47
938.27 459.70
931.54 922.97
945.07 928.37
917.43 938.25
918.54 947.50
927.83 935.99
934.18 936.50
923.36 938.17
935.78 920.42
898.43 28.21
604.40 0.00
940.61 603.72
939.62 934.08
932.59 932.22
938.80 896.86
926.73 934.74
926.39 932.23
934.14 969.00
934.94 939.18
935.77 924.59
940.27 923.79
947.05 947.89
934.38 939.95
949.90 944.81
925.32 930.87
935.20 924.64
938.99 924.41
922.04 926.06
941.91 921.11
919.17 939.74
947.64 931.13
939.52 915.11
947.85 936.62
929.95 944.13
401.56 923.93
275.20 555.84
933.66 223.54
932.85 915.84
924.60 936.35
911.99 918.88
937.36 878.28
925.08 180.46
927.33 926.17
959.19 879.52
930.25 885.83
925.56 945.46
921.24 918.74
935.70 889.42
929.75 900.93
861.98 402.91
825.81 112.28
822.79 903.81
480.46 706.23
579.09 373.11
787.82 930.08
0.00 923.13
832.07 935.54
934.77 928.32
892.19 920.11
0.00 916.27
0.00 925.55
406.25 2.50
371.08 371.68
933.67 357.65
896.13 908.57
933.08 911.60
923.14 928.48
959.29 939.40
934.17 925.30
935.34 945.72
933.76 930.56
948.22 959.24
947.55 914.97
936.24 940.41
921.07 926.42
942.49 925.88
927.81 940.61
951.70 926.04
932.21 933.02
934.75 938.74
927.12 921.80
898.80 923.86
922.76 924.27
495.18 922.99
0.00 563.06
124.41 0.00
0.00 120.91
512.15 0.00
913.00 524.97
925.78 899.98
915.16 927.30
931.01 932.45
937.65 933.41
934.92 920.48
940.95 925.71
930.17 935.14
930.62 917.13
940.06 940.82
937.81 932.10
922.96 936.19
943.89 902.75
933.44 932.75
946.21 932.54
907.76 951.62
928.72 936.40
952.25 923.40
943.20 960.87
922.98 941.82
67.83 939.36
737.87 124.79
933.73 740.79
931.24 917.64
936.85 922.34
925.08 907.45
946.71 912.94
922.44 931.51
939.64 924.69
943.63 917.44
935.04 947.17
931.52 917.88
949.43 941.60
914.22 936.29
923.59 945.02
907.80 921.58
942.90 929.15
947.58 953.61
938.58 934.18
939.17 948.50
953.78 886.03
916.31 231.00
926.74 851.11
922.62 851.84
494.44 33.00
798.48 236.87
815.35 918.13
810.80 551.27
498.27 503.05
333.64 944.22
903.63 940.19
941.32 937.83
928.33 909.67
934.26 897.59
947.67 331.00
678.38 704.14
0.00 864.43
0.00 165.53
765.67 32.01
931.92 905.34
950.03 833.57
420.67 520.46
876.88 587.48
934.85 930.52
909.62 925.81
921.60 949.49
883.31 927.19
939.41 922.75
932.51 922.47
929.83 921.54
913.71 922.82
890.19 946.74
205.67 935.14
0.00 929.78
