52.59 
0.00 60.67
0.00 0.00
502.26 0.00
924.39 551.23
958.04 933.97
947.00 946.92
921.43 948.34
943.36 931.45
938.93 933.94
973.77 939.21
958.53 939.98
963.19 946.12
950.57 933.55
948.13 899.40
947.81 456.85
961.26 582.83
873.76 909.61
793.43 241.50
66.02 877.90
777.97 919.90
973.47 928.92
959.67 892.15
943.44 380.83
915.57 667.04
941.80 883.48
224.70 183.78
761.28 38.05
267.16 942.56
953.83 723.65
819.60 300.31
119.76 939.89
968.77 956.89
956.92 953.16
950.32 937.22
974.11 938.40
961.78 953.23
949.39 961.35
923.40 921.81
917.95 948.49
973.57 950.00
951.26 959.58
934.99 937.50
934.55 945.58
443.46 942.00
213.27 965.94
959.20 967.58
963.93 926.12
931.74 918.58
948.37 931.48
408.02 937.19
771.94 781.47
948.16 772.37
939.41 945.88
935.35 939.96
928.57 936.14
950.89 940.85
939.07 928.27
969.35 945.05
900.55 925.93
948.78 940.21
934.37 926.34
967.77 905.65
751.48 935.71
750.09 810.78
966.91 691.51
818.26 906.28
830.82 934.30
0.00 823.00
678.18 0.00
838.81 674.97
235.35 843.64
767.39 232.61
914.79 786.13
914.29 907.63
956.32 921.47
927.60 918.14
936.97 941.62
921.77 915.97
228.71 918.05
0.00 310.77
124.60 0.00
554.96 136.21
906.75 537.87
946.02 906.53
940.81 541.27
934.45 480.99
929.31 890.19
791.21 361.26
453.69 33.06
719.74 723.02
710.69 394.28
474.50 682.50
916.05 933.53
927.21 939.26
923.74 922.04
949.33 935.81
337.38 899.85
813.54 157.07
913.40 876.66
12.85 290.96
0.00 75.50
844.22 455.71
25.34 587.52
0.00 328.22
795.55 31.96
156.92 369.07
704.77 456.11
0.00 312.50
0.00 517.04
496.57 33.00
971.22 552.84
923.80 884.30
111.86 268.70
966.21 796.20
880.09 926.35
934.66 933.68
900.34 921.55
910.05 929.29
96.71 909.58
328.33 916.06
914.46 938.12
946.41 534.81
927.02 480.32
956.22 886.19
679.91 366.66
128.95 32.00
455.31 685.72
305.18 431.18
927.93 588.67
949.17 918.34
949.98 931.64
925.73 937.17
947.56 917.46
920.23 941.48
930.48 923.59
910.46 920.88
978.56 951.89
914.99 958.27
927.52 964.75
943.90 941.95
986.60 922.50
941.72 954.58
684.02 871.00
586.39 181.41
890.88 919.83
136.09 745.05
733.78 172.56
275.84 207.73
547.98 928.31
397.65 426.99
273.22 627.86
449.72 912.68
0.00 934.68
873.99 519.52
933.67 915.62
932.55 938.36
898.81 941.84
951.25 938.19
906.12 922.38
914.39 936.38
925.21 944.57
948.47 947.07
943.22 962.70
970.38 928.21
971.06 925.62
947.99 943.80
963.87 910.58
936.30 925.64
927.42 931.94
927.70 917.47
939.99 940.04
960.01 923.36
957.93 924.82
937.27 936.35
952.46 920.11
948.50 948.81
546.50 934.59
453.50 625.10
926.94 471.28
914.73 900.25
935.94 917.15
912.08 935.15
925.70 951.63
929.28 910.03
938.42 941.54
938.80 924.74
931.86 793.81
931.60 254.25
949.54 839.08
205.82 110.31
771.86 186.00
896.54 922.07
617.49 114.50
532.28 938.34
893.54 921.70
924.01 960.09
935.95 933.09
932.15 922.73
919.04 938.60
917.18 934.96
809.09 944.42
32.29 946.87
0.00 927.71
921.69 495.81
926.78 893.64
931.89 916.06
932.10 942.33
923.67 919.06
946.91 899.09
927.48 925.66
955.17 924.49
931.60 931.11
951.58 923.13
938.72 938.10
933.78 928.43
964.64 932.95
924.33 912.87
927.07 356.56
955.67 685.14
923.59 827.68
888.99 265.63
111.06 321.00
745.60 610.41
339.09 177.47
871.37 886.00
979.79 931.26
854.93 916.42
922.42 922.58
927.82 936.24
287.02 907.42
0.00 938.52
692.01 927.48
355.78 821.71
817.48 328.26
922.89 750.70
932.52 32.00
934.06 251.36
385.89 930.66
239.67 522.59
914.16 489.30
936.48 927.52
900.32 934.54
954.43 917.36
821.18 900.08
727.50 906.28
932.71 940.61
920.21 943.99
947.66 923.54
908.81 917.22
907.82 928.88
921.10 931.52
930.98 929.15
928.47 926.18
926.73 913.90
928.60 920.81
289.64 923.36
0.00 916.41
607.50 369.25
132.15 566.39
0.00 101.35
409.13 0.00
867.85 500.46
913.31 893.98
928.12 935.46
918.22 935.10
910.13 927.36
951.13 940.29
925.59 919.21
931.13 915.64
926.27 929.73
925.84 941.56
918.40 946.22
928.88 942.54
930.28 918.04
937.18 838.63
929.16 904.71
911.50 936.73
931.45 926.51
935.46 924.53
924.87 941.43
942.70 927.26
687.56 909.21
901.63 661.27
935.30 935.81
919.80 926.92
924.89 890.48
904.44 930.07
940.22 896.36
849.63 936.97
501.25 865.59
372.11 491.90
595.69 383.32
946.52 581.67
865.97 929.70
937.99 893.62
950.33 927.67
931.55 916.57
913.04 898.11
948.78 912.97
923.57 939.29
924.19 912.34
251.83 911.82
854.03 395.29
236.33 844.29
936.96 238.32
827.40 908.19
935.97 833.53
907.29 882.13
917.96 875.65
596.46 902.76
0.00 726.60
708.86 0.00
179.82 688.38
0.00 124.54
609.57 0.00
932.42 738.35
922.50 924.96
917.52 913.67
931.00 927.02
957.90 911.97
948.98 927.74
933.92 947.09
951.37 930.15
965.80 921.10
895.80 918.58
928.89 929.30
927.42 930.94
927.07 911.62
905.15 932.73
909.62 920.39
930.78 927.69
920.79 920.99
940.63 911.18
934.26 921.98
863.43 939.39
0.00 905.24
479.90 0.00
918.10 486.77
902.64 904.81
905.35 900.37
916.40 921.28
940.40 935.13
929.06 915.78
929.22 922.54
905.09 937.34
942.24 919.65
923.64 914.29
943.38 931.37
914.99 928.29
959.80 918.97
920.53 943.18
528.61 937.04
0.00 501.10
838.47 0.00
948.73 833.35
933.54 921.98
939.61 896.84
931.81 928.48
362.62 929.25
921.85 495.85
943.72 924.63
913.79 905.70
927.40 927.36
329.96 918.25
0.00 352.26
573.79 0.00
937.24 590.80
898.80 905.84
661.84 909.34
941.04 629.06
23.12 921.17
0.00 44.55
645.30 0.00
945.48 643.54
944.99 899.60
920.18 900.64
934.01 922.48
934.36 934.34
938.06 918.43
903.48 917.58
948.49 942.96
944.52 925.81
933.85 939.23
930.00 930.21
932.21 944.54
933.83 932.56
956.06 925.12
936.63 924.08
929.75 934.51
324.61 880.76
153.49 513.06
325.39 124.61
339.19 341.01
0.00 394.61
304.14 0.00
796.80 268.64
928.98 784.21
916.89 933.56
935.94 912.66
916.94 930.80
941.30 881.58
938.89 943.21
899.23 923.45
920.91 937.03
965.23 903.40
918.37 927.91
944.93 931.93
937.11 920.01
950.91 938.32
931.54 929.26
939.61 934.07
938.66 946.37
930.34 936.16
926.97 932.70
965.51 918.45
515.68 936.01
919.31 713.26
911.44 889.60
964.74 921.24
918.33 950.45
907.09 942.76
919.05 925.54
953.07 922.24
944.20 919.68
945.20 940.98
934.39 910.53
914.96 923.38
921.56 929.83
914.18 915.08
932.41 919.19
934.03 921.96
941.85 914.03
923.62 929.67
940.40 921.43
929.62 932.16
932.12 932.54
904.80 914.66
922.77 921.90
941.36 917.23
946.55 914.90
931.27 926.38
927.56 930.18
932.35 925.71
910.21 934.31
957.18 938.27
933.04 926.82
921.53 904.64
942.70 921.20
916.46 928.60
919.29 939.99
941.05 915.99
942.25 932.56
947.29 922.59
921.99 925.85
942.93 924.44
939.05 216.71
927.12 799.42
764.08 532.52
0.00 35.71
659.55 95.01
0.00 391.84
827.51 576.39
0.00 70.90
478.17 163.19
132.52 882.73
647.21 143.50
900.68 914.55
915.11 924.79
924.44 919.47
931.19 933.25
928.54 930.64
920.89 921.37
940.50 931.58
954.78 883.11
932.45 846.56
895.56 939.90
586.91 580.52
523.40 460.71
840.48 901.18
215.80 373.81
399.82 32.50
482.38 706.62
778.27 885.63
607.49 145.62
586.18 939.17
939.01 941.35
926.08 931.09
919.85 917.41
955.41 940.19
953.94 913.94
924.84 945.27
381.72 942.63
0.00 958.43
216.87 930.21
920.35 330.27
939.96 932.68
950.61 912.36
953.62 933.31
917.54 926.05
924.46 935.34
927.45 931.67
929.60 927.27
938.88 932.30
952.95 923.25
943.86 900.28
964.87 927.81
954.74 937.84
929.02 928.80
925.40 930.14
906.19 959.72
928.06 926.77
903.40 929.93
903.35 900.81
921.36 918.59
479.76 910.39
704.53 599.73
0.00 680.29
343.47 0.00
927.12 344.65
931.50 904.75
922.43 921.58
926.03 918.22
934.33 926.69
907.14 935.34
943.11 927.95
935.28 909.63
914.69 911.79
958.34 926.70
970.45 928.21
952.55 939.89
944.01 947.05
935.15 928.03
934.40 910.95
934.28 935.79
937.85 932.81
934.70 946.96
949.33 939.54
945.21 933.23
298.60 927.92
923.63 498.24
954.99 922.68
906.45 936.67
942.70 905.16
923.21 909.47
929.44 922.75
935.60 905.22
930.56 805.70
932.03 237.14
941.42 922.78
938.48 649.47
892.80 208.85
0.00 670.32
719.51 460.45
923.92 860.82
644.44 146.03
451.28 924.95
914.74 946.45
932.52 932.71
932.10 917.83
937.28 914.37
932.25 938.50
956.72 925.33
910.34 925.96
910.56 909.15
919.83 941.67
941.70 937.35
407.33 504.42
3.50 32.00
774.01 544.38
315.23 84.00
781.29 907.61
918.67 950.43
919.95 930.72
931.36 954.08
926.01 934.10
951.74 936.15
932.69 948.24
921.99 931.94
925.68 946.45
925.47 939.26
946.04 904.76
931.91 924.45
928.73 927.79
923.83 914.98
937.13 926.97
959.27 924.42
945.10 927.67
926.21 937.71
938.76 944.23
494.55 916.83
0.00 978.65
0.00 914.30
786.52 254.48
935.91 797.00
924.76 918.10
926.17 917.66
931.42 921.22
929.16 930.31
935.48 939.75
930.71 930.68
948.85 908.99
938.80 935.66
935.44 932.72
934.02 944.91
967.19 918.01
932.13 916.64
939.03 919.80
937.76 916.70
940.77 935.63
942.34 938.32
947.84 937.52
516.51 910.94
554.12 703.10
887.34 574.33
484.28 844.24
503.89 464.49
920.79 491.53
918.19 929.45
390.10 906.20
0.00 402.94
126.75 0.00
718.88 128.60
929.67 707.38
906.86 904.31
925.45 904.30
961.27 929.09
937.16 920.32
940.11 935.05
927.88 908.74
935.76 931.97
952.08 931.42
951.56 924.79
924.95 918.07
981.54 931.29
939.51 924.94
953.57 936.87
965.95 925.51
954.72 934.00
979.45 939.27
946.39 918.83
398.81 961.70
652.98 717.57
879.82 656.12
268.26 874.00
0.00 270.72
41.00 0.00
932.78 46.51
917.29 923.08
924.94 914.56
943.36 939.69
925.27 927.64
937.26 937.93
928.29 918.27
938.43 934.45
932.90 934.91
950.06 927.96
920.54 945.50
946.37 944.23
932.45 923.29
941.00 925.16
951.45 938.87
931.54 942.96
931.48 944.03
932.57 920.61
926.59 928.42
947.60 941.14
935.54 924.27
932.92 927.54
915.87 932.40
922.29 913.26
948.15 933.08
936.35 921.91
939.70 901.39
937.11 924.73
935.72 926.78
938.04 932.23
942.12 921.11
922.21 934.57
927.17 939.09
950.16 926.91
930.67 930.86
934.59 938.59
922.22 926.44
938.92 919.30
934.25 937.76
930.35 929.11
944.79 937.90
79.48 917.64
953.90 272.36
951.76 918.05
943.38 921.35
943.97 923.87
925.06 939.47
937.52 934.03
943.99 918.89
943.55 941.29
919.69 926.35
934.28 920.54
941.42 921.94
944.28 931.08
943.81 942.76
931.15 937.33
966.09 930.67
588.68 921.94
341.74 763.98
427.62 334.02
640.18 431.30
895.72 638.15
922.12 906.92
906.10 915.57
912.25 916.02
272.21 907.07
0.00 260.80
0.00 0.00
719.94 0.00
936.37 751.56
951.40 932.34
934.61 924.07
919.66 921.18
894.89 930.59
932.92 934.26
919.96 932.57
883.87 938.05
944.94 927.61
946.79 936.48
944.89 931.85
953.83 939.22
929.12 937.28
924.07 929.93
940.71 927.66
957.57 922.98
933.16 933.46
911.25 917.74
932.51 912.70
748.57 905.51
328.85 818.64
494.59 324.35
67.85 475.84
824.21 85.10
928.60 809.72
958.55 924.52
944.88 932.31
904.57 921.31
949.46 907.10
918.69 919.60
934.76 946.63
936.19 915.83
646.49 927.80
394.53 763.38
906.34 397.66
696.30 931.53
473.85 680.10
934.84 478.28
917.03 921.33
937.47 939.16
913.91 948.08
934.09 949.33
386.95 951.65
922.61 310.00
427.15 949.36
0.00 374.88
695.63 0.00
930.68 715.66
776.40 899.06
467.73 811.19
752.46 461.29
924.62 732.12
529.55 910.70
126.50 535.87
0.00 121.87
146.46 0.00
932.46 133.62
895.46 946.83
939.31 917.52
922.80 920.10
947.79 912.73
936.36 931.24
926.85 939.57
912.92 925.71
944.64 937.49
749.36 940.05
510.71 746.20
604.62 500.27
884.89 577.93
272.69 900.15
925.96 276.11
894.44 937.77
942.07 911.29
913.09 921.81
949.04 927.35
961.14 923.12
974.08 921.35
919.30 945.56
785.43 917.33
298.29 887.12
626.28 287.50
934.97 540.43
936.54 64.77
953.27 934.43
943.64 852.16
934.44 897.23
921.09 255.79
777.87 924.67
938.35 922.02
964.01 916.04
926.38 955.09
920.42 920.66
969.34 933.51
951.06 908.88
932.65 921.67
951.88 920.76
940.64 929.04
912.42 926.90
925.68 934.38
917.55 913.63
962.02 938.99
950.13 943.72
921.00 935.64
212.94 545.55
919.82 477.75
628.43 906.02
0.00 352.00
453.25 32.15
949.21 742.80
837.37 936.90
957.11 905.66
828.25 391.64
55.98 862.98
456.89 164.62
914.08 901.60
936.86 929.21
950.48 921.77
948.67 944.26
947.64 928.07
939.62 918.02
936.25 946.36
924.74 927.28
941.70 942.33
940.19 937.43
932.69 934.87
931.55 950.29
923.23 927.67
947.05 926.69
948.95 911.71
716.33 929.78
0.00 932.10
0.00 939.90
204.24 516.38
702.91 175.89
912.57 743.18
939.50 950.98
931.53 938.83
939.59 901.86
946.90 934.50
942.65 940.44
948.45 926.28
944.14 940.91
925.79 908.46
940.63 932.00
657.10 937.93
408.53 719.32
928.12 445.15
913.66 893.39
926.66 934.63
727.90 925.21
308.35 658.88
634.87 334.59
780.45 620.78
937.47 798.40
899.54 924.04
929.96 893.20
923.33 927.88
915.02 929.92
934.96 933.40
586.60 932.92
819.41 656.83
199.26 757.63
0.00 195.87
392.25 0.00
930.63 414.01
954.88 935.14
618.07 928.94
522.76 606.24
935.11 534.80
938.22 907.48
931.30 932.61
940.05 942.85
918.84 949.39
910.77 930.41
933.68 936.06
938.28 915.58
927.23 922.32
663.60 934.33
806.61 668.03
367.59 785.85
164.66 405.10
463.43 125.20
909.21 454.50
746.73 914.29
382.51 741.63
927.71 396.96
933.85 921.73
931.73 937.24
935.17 920.94
159.50 907.30
0.00 246.82
0.00 0.00
0.00 0.00
0.00 0.00
249.11 0.00
924.58 258.98
913.73 926.45
936.23 925.29
906.50 936.06
918.58 929.16
951.94 891.08
934.03 910.56
930.46 929.20
942.91 924.72
931.89 889.90
591.73 954.94
162.54 679.47
557.39 144.19
319.58 618.22
923.08 283.38
937.55 907.88
940.87 950.70
931.39 929.08
924.25 843.36
946.19 171.43
904.37 955.47
934.30 606.75
605.90 32.50
412.46 471.77
517.59 867.67
530.49 190.69
836.42 909.07
674.61 408.87
10.90 375.62
341.11 32.50
955.83 901.88
255.97 773.56
426.16 82.00
917.22 773.92
744.26 888.03
112.49 83.92
0.00 137.01
777.48 944.29
948.59 622.65
595.65 436.16
944.91 942.90
940.73 939.19
950.21 936.53
938.13 931.65
931.96 930.84
944.68 923.52
900.33 946.43
900.56 916.64
462.48 907.92
625.51 942.20
899.95 949.87
688.65 921.51
487.73 938.01
932.81 925.69
920.36 949.02
943.10 943.12
950.49 917.53
682.68 944.80
0.00 794.42
279.23 0.00
462.50 297.68
952.33 470.19
905.67 918.75
942.62 913.05
946.37 913.13
956.24 927.15
908.20 905.74
942.36 928.15
950.28 949.82
939.36 920.64
411.75 936.18
648.73 499.87
868.96 565.84
235.64 127.85
889.14 791.78
817.92 350.34
929.92 692.05
934.22 936.80
959.38 915.58
933.51 929.65
962.82 947.66
915.78 944.20
951.18 957.14
791.41 927.11
939.49 938.77
910.44 935.78
614.23 933.95
750.36 929.90
892.43 913.80
946.79 922.21
724.73 940.30
188.07 849.75
0.00 222.51
919.70 0.00
940.43 893.21
339.08 941.24
705.60 304.52
939.86 754.90
990.76 933.68
967.24 909.04
953.97 915.50
918.84 944.75
961.30 930.47
955.30 945.37
950.60 964.18
953.94 925.24
907.73 548.94
913.69 534.52
919.36 922.10
941.34 279.91
120.88 32.50
762.57 821.97
551.55 297.21
572.37 761.79
281.76 929.55
0.00 934.41
0.00 888.86
675.61 0.00
940.18 704.50
923.93 915.99
944.45 931.21
947.51 933.35
946.67 933.48
935.43 924.29
937.65 936.04
942.52 931.69
935.20 931.64
679.67 925.41
444.48 714.60
904.37 464.85
436.78 915.58
511.17 461.78
940.04 496.21
944.71 927.09
925.10 939.25
930.65 930.21
925.59 914.87
907.69 912.35
928.65 912.71
653.74 893.16
681.83 743.77
906.60 648.82
928.58 908.31
920.76 922.44
767.21 936.76
799.07 794.96
909.28 724.39
333.61 925.48
858.72 319.17
936.54 895.68
924.88 938.29
926.41 927.82
931.28 924.69
935.48 928.90
927.37 924.87
935.60 382.94
911.25 633.94
914.63 910.06
921.50 191.62
548.89 32.16
0.00 879.02
539.08 238.00
946.13 806.22
925.07 911.25
950.02 928.39
928.91 929.32
940.52 929.46
806.21 939.15
666.57 932.56
165.62 906.74
0.00 411.47
0.00 619.20
855.75 390.34
951.64 36.61
945.34 513.38
575.80 178.50
919.65 890.58
920.62 941.85
933.98 942.21
858.71 925.23
737.71 930.24
677.37 955.76
379.44 947.14
742.65 936.39
829.77 925.74
942.95 915.95
925.91 924.45
937.72 920.59
879.34 928.31
443.77 923.08
508.19 650.90
473.17 437.70
712.27 508.52
665.05 709.32
19.46 694.59
756.23 0.22
349.12 725.04
741.48 377.28
928.00 714.59
924.44 925.94
927.15 919.47
919.04 921.38
721.81 923.08
0.00 820.71
0.00 0.00
745.74 0.00
0.00 694.56
784.87 0.00
916.96 578.08
943.87 914.40
932.31 903.62
919.13 954.31
919.94 930.97
581.89 919.30
626.16 758.74
772.93 605.22
430.25 775.13
751.88 412.26
764.24 766.23
929.07 810.92
925.15 914.64
916.04 913.82
928.65 881.84
940.88 928.22
923.95 925.79
906.58 922.76
936.64 901.84
920.44 913.55
912.75 896.49
903.91 929.79
42.01 921.12
0.00 122.99
157.17 0.00
856.83 147.95
916.99 874.85
931.32 904.01
947.94 960.56
964.55 952.27
947.37 938.53
973.11 909.98
938.22 960.82
941.93 939.36
972.29 926.68
959.21 943.32
941.94 947.41
942.98 934.92
928.11 959.81
948.91 944.03
937.08 944.54
939.72 944.13
929.37 945.73
940.62 967.80
926.92 924.25
944.19 898.04
937.05 908.83
953.33 920.02
933.65 934.25
956.87 931.46
976.13 935.65
964.05 908.36
952.46 930.51
957.77 927.09
927.78 904.67
926.71 929.08
959.25 933.55
941.10 927.36
947.09 932.13
933.43 926.96
727.38 925.45
0.00 936.90
602.77 174.20
933.94 590.09
888.21 889.22
228.09 938.21
882.15 244.18
845.05 889.64
921.79 867.50
920.38 869.05
943.90 924.63
782.70 930.75
888.22 821.80
931.41 884.43
918.21 915.00
943.94 930.84
919.80 909.92
930.61 933.12
914.05 902.51
575.23 911.61
458.72 637.26
942.50 476.85
927.08 899.83
358.46 943.66
820.36 322.36
902.09 849.37
963.34 902.70
922.09 914.45
932.08 932.74
912.89 914.99
897.53 911.26
875.54 938.46
928.21 885.30
912.88 923.92
201.68 918.02
848.54 184.93
0.00 856.75
435.81 0.00
0.00 455.44
619.16 19.47
936.16 586.74
899.07 895.46
925.48 898.62
921.51 892.88
915.22 902.30
939.69 920.61
932.25 915.74
915.96 941.11
931.87 922.05
912.66 919.65
924.38 931.20
920.43 934.87
913.19 922.79
942.95 900.34
928.24 932.84
911.09 932.12
935.66 917.76
936.59 938.52
896.93 922.76
919.72 930.20
166.34 922.96
733.24 247.19
954.15 712.08
924.46 915.71
936.58 944.19
907.78 887.18
955.08 935.88
921.15 928.03
95.52 917.77
821.40 147.66
923.37 814.74
916.94 934.09
927.03 915.33
929.41 915.93
916.52 938.82
919.05 919.11
946.78 925.83
922.95 928.23
930.19 951.24
933.67 928.91
910.96 935.85
925.67 925.05
939.62 936.47
609.05 932.11
0.00 650.66
0.00 0.00
481.29 0.00
936.27 425.89
913.37 920.18
949.35 924.57
910.10 910.64
951.94 912.57
944.75 926.81
940.18 916.99
929.58 919.66
940.94 917.43
935.30 922.70
925.44 915.54
950.98 911.06
955.68 932.41
924.70 916.48
966.91 932.68
950.78 934.00
963.00 940.41
935.91 940.08
957.81 937.38
855.22 940.35
0.00 933.18
332.07 258.10
516.35 321.25
0.00 543.16
373.11 0.00
901.76 341.48
908.26 878.10
933.91 887.97
935.25 908.77
938.35 930.98
922.76 892.30
944.62 931.61
909.78 908.16
935.73 916.21
934.51 935.84
928.83 921.16
938.94 944.02
945.12 937.46
940.58 922.74
946.34 937.35
933.62 902.99
939.99 938.60
918.64 927.13
428.17 923.49
259.33 648.15
899.29 263.26
934.20 914.68
506.00 899.23
607.93 543.43
911.51 598.23
697.05 904.25
432.09 730.53
246.93 473.59
912.67 212.67
964.37 922.35
939.54 930.57
909.70 954.30
906.80 926.60
917.88 911.29
925.76 925.71
909.51 942.79
934.42 934.93
908.87 935.53
918.72 923.51
943.44 935.46
910.64 911.73
929.37 939.54
946.57 924.72
899.67 921.30
936.18 931.29
934.55 925.21
939.95 931.81
933.07 953.82
464.89 947.68
0.00 363.98
0.00 0.00
923.77 0.00
941.47 912.99
917.53 917.18
938.40 938.32
903.96 949.19
941.20 947.90
938.49 935.69
924.34 935.52
958.35 932.58
941.02 938.99
949.80 953.59
209.40 942.66
781.51 180.02
870.38 785.94
843.64 865.02
923.62 838.33
925.11 922.90
918.18 929.08
929.22 932.73
935.47 933.99
941.37 905.05
915.37 919.05
603.49 906.34
0.00 741.67
520.46 0.00
926.64 474.79
933.22 898.20
940.55 926.14
954.08 940.19
939.23 937.31
935.43 936.93
943.89 936.88
946.40 911.25
949.03 930.68
915.34 893.69
939.97 925.99
934.11 936.47
932.66 904.81
938.05 913.87
922.65 923.04
943.56 927.18
940.81 950.94
957.62 924.75
924.39 930.16
925.40 939.15
948.82 945.95
942.11 939.82
946.62 911.25
941.24 948.29
925.91 935.51
932.21 915.28
927.50 922.93
939.15 924.84
913.49 930.32
948.66 921.20
967.08 920.91
913.36 922.61
942.11 933.65
921.58 938.48
940.68 924.50
930.47 928.62
941.23 940.97
966.29 907.58
912.07 945.18
914.23 922.65
926.44 926.66
935.86 920.36
904.78 952.38
934.90 912.79
282.42 928.34
886.24 639.84
753.88 862.82
715.88 760.90
722.36 685.41
729.02 745.41
554.15 775.44
919.88 338.93
933.46 894.69
945.99 337.69
966.98 32.50
181.73 777.71
402.98 932.86
926.59 551.93
935.59 437.07
631.63 509.33
0.00 33.10
829.50 582.10
149.44 298.67
930.32 717.26
801.60 940.44
952.84 917.63
935.58 948.72
937.81 941.03
943.26 903.10
916.88 936.26
943.17 917.70
433.61 938.21
0.00 922.37
469.56 912.27
908.95 809.70
917.84 930.85
915.49 928.14
949.08 931.51
924.59 917.92
928.75 927.95
935.64 931.46
921.83 941.58
929.49 935.26
916.58 933.29
923.09 927.44
937.92 930.67
923.19 943.89
937.53 933.43
951.01 933.03
937.59 952.30
944.14 943.95
936.03 943.16
931.61 938.54
971.22 938.75
943.72 941.58
961.93 915.05
934.65 933.00
877.33 922.27
921.02 922.76
919.70 912.34
927.97 932.45
919.86 915.02
941.00 926.83
934.92 934.93
937.62 930.55
954.97 936.20
961.46 928.92
984.40 940.42
945.75 925.09
912.53 939.01
947.03 957.34
922.41 938.74
924.51 945.24
942.45 934.78
959.19 942.23
937.00 940.66
966.46 936.37
930.49 941.23
305.11 935.75
127.03 469.12
342.02 125.58
929.59 339.58
936.23 891.36
928.92 934.90
929.85 924.92
933.77 919.75
937.19 946.48
934.74 937.29
941.45 942.11
930.51 929.44
931.75 945.55
934.52 942.11
947.00 918.86
934.82 929.66
915.05 931.46
917.26 934.51
934.46 932.15
934.77 945.96
952.20 938.50
911.44 936.40
934.03 923.12
920.19 943.37
0.00 935.06
663.44 0.00
923.58 686.99
928.28 938.89
921.83 916.23
935.52 923.03
925.95 918.63
331.66 928.52
891.55 335.39
939.17 883.95
945.91 929.48
925.75 938.26
931.63 938.41
936.26 927.63
928.49 919.33
942.35 934.63
946.82 912.56
940.93 939.47
951.29 952.92
940.71 926.16
918.24 932.92
924.40 934.50
500.33 932.27
134.92 554.36
686.58 143.27
0.00 732.99
319.21 0.00
879.63 265.03
909.42 903.42
888.72 911.86
914.33 929.11
938.94 929.41
929.75 920.90
952.02 930.23
909.14 924.19
925.28 929.71
948.88 926.82
944.51 961.18
958.13 929.50
943.07 948.20
945.81 935.71
943.03 935.31
933.88 934.19
388.10 913.18
910.12 409.31
937.51 914.59
925.38 909.03
906.54 915.98
0.00 935.82
147.15 0.00
0.00 138.65
738.51 0.00
914.88 769.86
939.42 899.40
948.44 883.01
903.18 158.76
950.98 907.87
927.43 343.01
703.26 610.39
956.75 494.59
196.21 632.66
158.06 441.27
930.85 597.60
710.18 810.04
617.03 213.88
731.90 951.82
526.34 570.92
286.63 31.70
270.97 498.80
829.15 868.68
921.48 921.94
928.24 908.62
467.18 239.31
867.68 846.93
905.47 927.01
933.59 922.92
854.95 931.68
950.87 940.16
935.75 930.71
919.42 946.09
924.55 917.68
798.17 925.13
0.00 921.94
0.00 945.89
287.41 586.69
944.60 294.10
941.64 932.89
939.90 933.03
950.88 928.45
946.56 938.79
899.53 931.81
954.00 929.61
924.41 930.41
935.88 931.57
907.77 922.90
940.52 916.94
946.50 931.07
920.91 932.35
939.07 937.89
933.84 929.65
919.86 929.39
955.82 929.39
955.04 931.63
939.43 929.76
934.41 934.85
321.21 932.95
689.52 478.09
0.00 649.26
595.99 0.00
916.88 629.59
926.68 924.01
934.16 935.14
943.85 936.74
951.00 919.08
911.80 896.99
967.81 926.75
929.52 941.24
940.99 929.43
939.67 933.92
921.80 948.18
946.61 932.49
947.75 940.12
920.43 917.18
948.57 944.37
936.71 945.65
950.94 943.95
943.21 932.09
945.61 938.11
771.06 940.98
0.00 899.13
273.81 0.00
942.06 274.82
898.17 939.39
918.30 942.46
931.64 928.88
914.83 952.91
921.75 922.53
909.04 916.28
946.07 908.77
965.30 923.43
927.62 945.25
944.09 938.94
946.93 946.28
940.50 949.97
928.09 933.52
938.78 929.26
945.04 914.77
943.10 931.72
738.39 928.00
395.30 753.90
944.23 386.68
925.20 935.02
109.20 921.54
911.54 129.35
909.44 934.07
922.12 889.02
894.91 336.71
806.56 730.55
0.00 845.72
156.33 159.00
925.18 45.17
929.86 856.50
954.56 246.50
528.90 811.90
933.48 918.86
939.58 919.62
932.02 924.12
923.72 921.08
931.35 932.54
927.85 951.26
881.76 921.18
938.44 946.74
714.02 930.28
0.00 933.74
220.17 915.59
904.46 227.52
941.83 940.22
924.30 959.00
938.67 926.65
976.49 935.44
954.73 919.55
943.62 905.78
777.19 938.84
0.00 861.94
481.12 0.00
891.96 476.76
918.40 896.38
949.65 910.13
946.99 919.30
929.78 926.17
939.17 929.80
923.26 949.79
922.65 929.59
948.98 940.19
912.86 910.96
960.88 918.43
953.53 923.90
953.56 902.65
928.67 319.33
945.68 754.96
483.74 392.61
369.53 32.52
932.87 691.67
927.32 868.63
213.65 165.06
936.95 938.18
906.86 916.97
942.98 929.84
521.92 925.16
929.68 937.68
942.00 957.95
867.00 932.35
127.64 927.65
0.00 941.33
844.48 505.21
900.35 834.33
918.35 944.71
937.99 928.19
924.91 936.53
922.90 931.61
929.83 924.60
927.99 935.49
928.29 941.25
940.64 931.15
899.68 937.17
923.67 933.35
941.87 931.42
941.38 933.98
927.28 925.88
926.01 942.48
949.90 912.74
947.79 932.26
914.73 940.38
939.89 932.93
732.74 919.49
231.47 645.75
867.21 243.33
934.06 868.23
938.45 928.34
941.71 286.77
914.44 31.02
906.50 776.39
0.00 577.50
849.72 444.10
934.42 935.83
937.18 931.19
936.75 936.71
936.46 913.78
921.16 958.34
938.69 910.92
954.70 934.05
932.16 921.45
915.81 937.47
933.69 913.30
929.16 929.20
938.26 927.32
965.16 931.19
936.67 947.92
202.00 928.34
0.00 938.50
567.92 825.17
929.52 566.38
965.28 947.15
942.71 930.99
924.32 893.76
958.93 920.82
925.98 942.30
937.13 944.54
958.42 917.17
933.81 930.50
948.34 920.10
947.78 925.00
933.50 939.20
932.41 929.77
944.89 921.69
882.80 925.08
614.70 953.00
522.14 927.19
948.83 909.15
823.30 921.39
33.53 940.30
322.77 902.33
797.12 98.54
291.10 911.99
942.17 931.92
948.35 486.33
931.98 934.39
920.30 928.80
959.12 899.89
940.56 953.56
929.62 884.31
915.13 935.21
931.20 910.64
924.93 464.48
950.64 531.44
913.27 903.62
954.80 297.56
954.54 28.55
943.22 771.59
961.25 860.70
922.39 879.09
838.61 338.68
598.01 781.68
942.22 939.28
898.96 943.79
931.26 924.85
56.90 917.33
0.00 915.55
518.73 788.08
913.09 511.32
943.39 904.38
925.26 927.05
926.68 916.75
928.51 924.81
942.00 929.62
903.17 927.68
918.03 935.54
935.46 917.43
954.89 932.73
956.33 929.14
935.94 938.00
949.20 935.06
930.49 935.89
534.64 928.54
610.00 635.82
706.48 586.43
921.68 752.51
4.48 887.79
630.00 0.00
939.29 641.18
930.40 928.63
933.54 944.87
943.70 924.97
951.87 922.53
926.84 926.50
198.51 919.34
0.00 309.04
305.09 0.00
644.59 312.54
948.79 650.40
922.01 932.49
935.36 928.15
937.00 944.68
923.65 921.43
944.01 926.07
910.44 916.35
927.35 926.11
956.41 927.60
944.49 922.60
936.51 929.10
926.69 912.47
939.18 916.50
930.01 926.41
936.21 937.07
796.57 931.25
274.25 929.80
781.55 258.60
403.83 780.58
647.71 440.24
454.19 661.56
938.13 459.25
225.20 919.52
204.17 226.17
369.81 222.55
701.37 358.11
925.08 675.10
960.49 863.51
685.56 296.44
870.96 765.10
946.35 378.38
786.08 30.64
668.66 659.19
642.51 848.96
436.84 751.12
599.72 251.91
895.39 930.64
905.67 933.05
927.54 921.90
942.15 930.46
932.53 927.51
916.47 938.54
938.92 933.36
950.10 929.51
915.80 903.94
939.20 930.34
910.28 927.70
819.64 930.29
0.00 929.50
68.07 940.32
914.05 694.40
936.97 927.96
923.59 926.95
937.23 920.73
951.47 911.61
920.21 914.81
918.17 426.85
931.68 589.50
946.43 897.22
925.93 802.14
844.38 32.00
385.14 313.40
369.91 912.66
833.58 478.34
717.87 529.17
710.96 945.29
946.02 926.94
932.70 923.34
947.20 915.06
948.50 896.86
917.37 930.05
950.80 927.77
469.38 937.10
631.24 924.44
0.00 873.93
366.51 151.69
937.64 920.35
932.87 909.13
936.83 362.42
944.00 337.52
936.98 436.00
312.43 871.63
453.08 161.00
928.20 918.84
939.13 942.23
912.58 916.70
930.93 921.73
929.04 940.45
951.08 934.66
905.41 935.76
940.28 914.45
917.89 929.54
938.56 942.46
916.30 930.97
918.71 925.71
625.52 925.83
115.99 927.71
904.75 951.26
938.19 919.61
931.23 929.04
941.84 922.04
775.45 936.03
0.00 916.75
607.62 414.02
657.59 562.47
935.52 724.90
922.78 910.63
941.77 921.71
940.26 918.98
939.36 894.45
909.22 926.29
937.29 921.33
950.87 899.08
931.78 924.24
928.24 946.07
939.89 940.12
852.38 928.73
215.09 934.75
754.08 271.69
686.24 734.57
530.26 693.36
787.58 534.95
927.84 793.91
933.86 912.74
948.41 925.78
914.12 896.02
836.69 900.00
0.00 938.92
102.37 0.00
136.55 107.37
942.08 117.72
927.12 918.63
922.32 926.04
934.72 918.11
928.69 931.78
931.67 912.94
942.11 922.23
918.81 924.23
936.99 907.29
963.51 932.73
915.99 918.14
939.89 924.50
955.78 922.11
946.53 936.63
943.73 922.82
945.56 936.00
574.08 924.08
767.29 799.89
0.00 768.85
707.15 0.00
809.03 734.82
933.09 768.63
806.06 937.09
776.50 836.16
536.71 784.82
733.41 516.18
912.61 733.79
190.22 929.76
0.00 218.03
94.87 0.00
926.20 84.79
920.64 909.50
943.37 896.41
935.09 920.67
940.97 929.77
938.41 929.94
924.41 936.00
934.26 893.47
934.67 931.82
936.26 928.69
931.99 922.06
953.70 927.45
921.96 931.45
924.40 929.38
930.74 935.63
938.90 931.69
924.81 928.52
927.99 895.34
0.00 326.18
758.91 742.67
821.91 400.72
371.81 32.23
387.74 610.44
670.00 511.01
36.82 529.66
0.00 928.91
609.09 61.51
929.43 588.68
964.82 901.83
921.68 929.78
933.27 926.27
938.76 921.00
917.78 907.89
926.88 930.38
953.80 934.59
937.96 921.22
950.42 841.89
939.49 167.70
911.77 927.75
949.13 799.34
929.93 595.98
216.59 543.71
353.71 107.42
936.00 860.10
297.78 142.60
718.97 921.52
928.70 943.16
914.71 926.02
849.89 922.48
290.08 918.22
0.00 939.81
588.72 659.90
853.68 573.40
943.86 860.91
933.99 940.84
917.53 938.03
912.49 919.57
942.12 927.01
933.13 935.17
933.37 930.65
928.17 928.26
908.56 945.65
935.65 918.54
942.38 917.50
929.39 938.36
936.75 924.39
942.49 945.16
941.29 950.84
944.24 926.64
936.82 933.91
926.36 950.13
947.65 932.85
858.99 940.31
0.00 871.99
813.50 0.00
896.91 803.51
936.84 919.82
916.20 919.03
940.14 920.69
890.58 921.83
904.02 931.73
935.81 928.37
929.95 911.31
938.31 922.21
949.00 926.98
932.74 926.36
920.39 927.22
958.57 930.17
587.88 928.78
504.67 638.43
890.52 492.05
324.97 882.18
677.79 333.59
932.36 698.18
18.96 921.18
173.31 45.76
904.27 141.10
499.66 919.24
604.29 514.26
272.48 579.25
0.00 283.92
703.74 0.00
163.69 714.09
433.73 171.15
933.12 441.19
649.26 919.51
943.22 666.96
926.10 933.85
180.18 919.59
848.41 178.21
928.86 809.30
129.51 926.15
471.58 185.95
169.77 493.32
386.18 152.79
927.38 369.82
932.85 893.64
947.32 936.79
929.21 930.37
923.08 909.82
929.21 927.82
925.60 963.09
944.69 958.14
942.68 947.81
926.81 933.17
921.04 935.66
950.52 909.25
926.11 570.62
911.72 435.21
757.28 916.53
617.25 384.70
660.11 32.50
352.19 695.59
457.19 863.24
463.96 154.55
910.68 930.69
908.61 921.25
930.62 920.64
948.89 907.49
929.92 891.12
930.03 932.15
935.78 958.46
915.47 921.18
947.03 942.84
779.28 940.70
679.29 930.33
0.00 913.92
757.71 773.42
899.94 735.39
938.21 929.22
916.90 926.78
930.42 915.09
925.39 952.37
921.46 955.70
909.52 910.39
925.65 913.08
796.15 912.75
57.01 614.34
529.32 263.60
501.28 916.80
647.40 545.14
389.97 301.88
945.95 521.67
924.45 668.55
925.99 798.84
928.34 215.77
901.77 933.82
922.71 922.72
935.06 929.30
933.56 927.04
940.49 934.22
929.95 938.50
924.28 918.19
959.18 956.15
922.07 920.18
922.43 929.70
937.65 936.44
559.50 924.10
921.02 921.84
539.18 930.18
756.32 932.43
910.54 879.12
917.30 927.02
924.46 935.39
918.06 940.26
279.42 920.25
688.68 263.00
0.00 686.19
129.05 0.00
251.62 137.77
932.83 235.40
932.47 851.80
905.45 927.67
931.82 922.87
932.07 929.06
935.13 940.35
954.31 909.85
908.28 933.50
920.16 926.13
934.90 951.63
289.22 912.42
875.70 365.90
760.58 870.27
750.59 844.50
935.36 695.26
371.22 927.40
687.13 385.27
934.60 667.68
930.13 907.54
940.17 900.75
943.20 935.06
695.34 931.62
463.56 774.95
672.19 523.45
926.83 658.50
938.64 916.08
925.59 928.71
918.04 924.09
924.77 925.27
940.95 921.40
944.23 908.91
936.31 930.80
926.83 926.92
929.27 943.33
924.97 935.51
934.50 938.26
951.98 923.55
931.29 938.58
942.62 938.94
942.48 936.72
940.44 918.47
941.31 913.43
455.68 937.77
686.61 540.07
896.90 703.13
559.06 871.49
720.73 617.78
939.02 706.64
905.65 919.23
159.93 906.97
0.00 182.33
205.72 0.00
895.18 204.75
919.25 915.66
925.55 892.97
947.14 901.80
938.14 933.17
950.84 909.97
940.45 893.27
927.54 948.49
931.61 929.89
934.90 939.12
931.20 937.79
947.69 945.65
943.16 941.77
947.07 923.74
921.33 922.04
952.84 945.69
942.83 935.77
936.69 941.01
938.34 926.95
943.75 913.53
934.51 944.75
125.95 960.38
237.33 313.49
913.85 216.53
914.75 918.23
946.20 950.14
935.28 924.44
931.41 915.23
927.82 929.61
813.41 928.06
892.77 836.37
916.00 926.67
922.14 909.86
931.79 912.15
915.44 908.66
930.47 924.55
925.93 922.48
922.98 923.89
938.66 924.84
902.06 911.48
939.78 920.29
914.42 914.24
942.46 924.55
637.30 931.01
0.00 674.89
0.00 0.00
0.00 0.00
388.61 0.00
782.05 412.96
874.53 774.19
947.55 906.72
908.60 948.28
934.45 899.25
935.19 935.46
937.07 918.93
932.58 937.58
540.17 927.45
0.00 603.42
525.75 0.00
936.86 478.00
934.24 923.47
939.23 929.60
924.77 918.41
920.58 929.75
944.06 896.89
944.02 932.43
917.22 898.80
930.80 324.99
923.44 736.14
176.65 410.36
494.61 31.54
927.71 618.58
631.05 490.46
667.18 553.18
905.59 937.75
931.40 941.39
242.42 921.42
0.00 934.63
0.00 926.12
490.26 43.55
961.85 510.74
968.64 907.71
952.32 932.38
961.67 942.47
948.25 915.27
955.47 916.37
951.78 931.49
706.00 939.15
0.00 874.21
377.40 0.00
939.27 355.93
465.75 910.92
542.95 521.33
475.62 537.90
718.60 496.86
54.11 714.92
738.64 41.51
197.68 749.68
940.38 187.75
903.79 924.60
884.97 942.26
943.62 875.36
959.92 915.01
944.23 933.59
927.34 923.00
953.30 927.72
158.17 916.28
80.06 298.30
887.90 106.14
943.32 841.04
939.91 933.60
937.58 934.90
939.14 910.72
932.18 920.98
933.66 904.85
918.95 953.95
937.60 926.52
908.04 925.90
931.32 912.18
870.65 931.40
355.25 925.14
755.36 378.59
660.52 751.00
596.22 638.97
738.38 595.77
934.49 740.57
917.18 925.11
946.05 933.24
927.67 922.23
947.01 962.63
725.05 939.58
642.41 749.27
611.29 632.35
928.80 589.70
749.78 896.50
868.09 767.96
462.48 858.28
841.49 521.13
950.67 808.49
930.32 928.93
951.91 918.93
950.24 911.24
931.50 902.33
940.23 929.68
941.69 923.37
947.91 920.40
917.61 943.49
943.94 950.00
897.04 938.99
937.43 926.49
954.88 937.09
963.48 927.07
919.70 916.54
929.93 936.84
920.20 929.34
922.97 931.77
497.68 937.52
781.94 642.73
0.00 791.03
536.75 0.00
918.50 534.31
921.15 922.98
943.50 919.40
923.31 913.81
941.35 919.43
618.35 923.96
799.75 643.69
300.33 755.74
736.36 341.49
946.43 732.29
894.61 920.61
950.07 922.35
940.96 945.33
940.94 913.58
935.07 921.19
917.68 918.39
909.40 930.80
944.34 912.32
912.40 944.53
910.98 924.22
933.70 927.48
485.67 938.70
0.00 561.34
0.00 0.00
122.70 0.00
307.26 123.61
705.21 305.81
929.57 714.64
936.98 921.49
917.47 924.94
920.56 911.13
914.26 947.41
939.48 930.37
925.55 915.96
944.87 917.68
920.22 923.74
930.76 899.77
926.92 941.83
957.44 939.90
937.08 926.04
921.10 903.59
440.17 937.94
544.54 526.89
905.01 533.98
500.04 918.33
337.74 515.88
439.05 333.52
942.92 436.90
224.62 902.56
95.02 277.60
823.52 97.79
920.81 807.63
854.85 889.91
939.82 903.75
730.55 912.64
0.00 779.15
0.00 0.00
511.75 0.00
925.50 470.73
924.68 902.60
936.02 918.95
928.41 689.37
932.25 363.03
916.06 930.55
923.76 445.03
592.91 32.50
502.36 622.97
712.16 897.05
766.71 184.41
481.83 894.73
940.58 947.85
934.18 940.02
924.03 937.47
920.58 940.32
948.13 926.27
926.32 917.58
943.01 923.07
943.50 910.98
908.34 948.71
934.27 903.07
720.64 943.17
0.00 927.18
804.58 939.51
932.97 921.07
916.49 929.39
914.38 938.10
927.93 931.88
934.78 904.65
932.33 921.35
918.22 930.68
933.10 925.73
938.35 932.38
678.10 919.66
322.23 944.15
929.59 934.79
486.06 946.61
29.54 925.73
593.00 948.75
885.94 574.92
228.17 879.15
870.68 927.36
948.32 257.48
940.30 926.97
951.75 914.00
914.38 902.46
921.09 838.12
944.51 324.94
55.23 0.00
737.00 0.00
911.80 725.83
929.78 915.20
925.75 930.01
916.26 940.43
937.88 912.98
911.94 910.12
915.34 924.66
923.84 937.31
938.16 859.85
912.46 158.57
918.21 916.92
943.07 742.06
895.73 88.40
104.44 543.53
907.84 626.61
921.93 929.33
371.63 686.55
731.26 329.64
921.17 925.11
915.58 945.64
951.63 916.62
824.82 940.39
0.00 928.26
0.00 935.89
21.51 655.14
663.09 54.17
352.71 676.84
919.64 336.55
948.03 915.69
919.19 929.31
914.89 909.65
934.46 918.60
942.61 917.46
238.82 918.87
920.78 319.76
920.79 922.97
303.28 870.27
658.96 327.69
911.55 669.19
899.29 917.00
939.76 906.47
931.48 932.34
942.87 945.88
927.05 959.71
953.75 927.55
897.23 953.83
933.48 928.23
376.15 931.12
945.23 373.44
912.95 927.26
934.12 908.27
916.54 925.17
748.42 928.96
0.00 799.77
359.40 0.00
739.15 348.26
922.36 672.19
919.38 912.69
929.58 930.75
919.08 952.03
926.90 923.65
911.91 913.84
488.02 919.98
683.67 477.22
905.40 699.49
807.37 892.22
557.26 796.29
656.54 571.73
893.40 668.71
923.89 914.61
908.19 919.21
926.57 905.98
931.46 899.05
951.33 919.48
243.33 924.75
925.67 306.78
913.03 918.93
918.99 930.98
26.99 934.83
678.09 0.00
935.96 666.62
939.18 912.16
889.07 937.48
914.15 908.81
940.21 922.03
922.60 931.96
941.80 928.65
938.77 933.74
922.53 935.94
942.18 912.37
928.98 926.75
946.27 929.84
944.71 927.98
930.96 928.68
928.56 930.61
928.62 938.39
925.58 918.81
933.31 944.70
906.05 928.19
943.56 939.47
925.16 929.00
913.75 931.87
951.90 950.76
909.56 932.39
935.53 920.53
947.06 927.44
283.71 922.97
561.06 346.13
238.59 530.97
653.79 263.89
925.27 654.94
920.16 901.41
901.72 922.94
929.08 932.49
934.88 925.54
933.10 927.64
930.14 911.74
929.63 922.80
943.78 926.17
899.51 923.05
930.26 914.94
936.46 952.88
924.92 937.45
402.91 914.63
0.00 417.26
945.69 0.00
915.19 917.58
920.41 902.60
923.81 873.84
918.19 921.02
927.17 931.33
927.61 925.24
939.60 935.89
923.05 926.65
919.48 926.30
937.87 946.66
923.70 937.03
921.86 938.43
904.96 920.16
931.76 925.65
916.72 940.62
907.55 938.61
394.91 887.92
659.84 387.51
0.00 630.71
585.79 0.00
0.00 628.02
243.59 0.00
941.39 236.06
636.69 921.10
0.00 754.06
0.00 0.00
133.44 0.00
592.43 92.32
897.20 571.72
935.14 921.74
937.43 931.62
942.33 934.41
939.96 925.82
925.15 942.51
654.18 932.47
717.93 639.51
0.00 725.35
738.03 1.24
907.91 715.66
935.07 903.01
934.45 927.31
945.25 917.49
944.95 925.40
927.43 913.62
944.19 892.24
916.64 928.63
946.40 930.51
944.65 929.97
916.89 915.29
911.33 917.98
533.79 921.05
0.00 723.05
0.00 0.00
58.00 0.00
677.33 0.00
944.82 702.43
939.42 923.32
937.72 935.98
913.09 924.65
917.63 935.09
925.70 928.03
920.72 922.90
920.70 935.27
923.76 921.44
948.36 908.75
949.48 339.17
939.10 658.21
672.26 32.17
342.44 158.06
681.94 529.81
628.40 485.98
629.96 929.19
894.91 937.53
923.50 919.50
931.25 926.86
943.01 920.22
639.40 934.42
485.48 943.80
889.39 917.28
930.41 911.60
912.87 933.75
224.94 919.84
722.49 932.03
910.48 906.93
921.14 894.80
921.18 933.90
933.25 929.56
937.37 932.55
937.75 944.32
931.16 912.92
859.27 929.07
425.24 902.78
909.98 425.69
925.63 920.90
907.26 935.53
936.90 901.00
947.52 928.38
931.52 929.31
942.55 942.05
902.30 927.13
871.96 938.36
942.10 847.29
830.27 933.26
620.50 849.74
606.50 601.37
919.00 631.36
941.58 911.49
928.18 910.17
904.56 932.10
922.44 907.00
927.28 936.51
905.00 910.63
926.59 923.94
943.03 915.98
941.39 909.56
931.78 909.26
956.37 930.85
947.31 941.48
930.83 912.71
928.00 932.45
917.52 919.58
572.03 929.76
688.96 737.08
143.84 647.19
38.65 148.31
698.48 46.13
264.97 639.90
937.15 313.35
891.55 917.42
726.31 922.23
0.00 722.08
454.86 0.00
895.79 461.57
921.56 925.41
919.87 912.12
941.23 920.06
934.63 929.58
910.58 951.08
928.59 933.64
947.71 934.92
934.59 950.28
937.18 939.60
938.44 925.33
917.42 944.05
902.47 928.80
925.51 935.90
927.44 947.78
936.04 935.82
922.77 944.75
905.44 916.36
927.12 931.64
940.34 914.55
942.98 941.45
950.74 924.22
941.62 934.02
936.61 680.54
927.83 345.96
928.43 811.20
933.27 200.51
486.58 100.63
0.00 931.98
652.48 106.50
921.62 941.27
908.77 932.30
934.79 916.01
940.12 926.20
924.70 943.89
932.44 937.13
944.61 923.74
388.09 872.21
915.15 132.37
781.20 925.16
928.98 928.64
547.22 867.06
0.00 137.09
661.14 83.00
791.63 877.73
21.23 187.26
774.95 859.05
931.65 905.91
951.35 944.22
929.50 902.00
922.97 959.22
941.95 929.39
939.15 924.74
947.38 949.17
925.72 922.06
925.30 936.46
933.46 919.84
920.46 950.19
935.93 941.92
922.36 922.58
766.88 805.20
617.65 171.17
931.26 926.57
760.86 912.00
853.67 864.87
0.00 821.19
898.09 869.78
654.65 224.73
396.49 196.10
943.85 917.45
297.17 442.71
52.15 554.30
0.00 940.89
779.70 836.87
913.27 707.70
922.93 393.73
931.73 942.46
937.12 552.19
951.04 30.00
137.09 549.64
0.00 890.20
736.41 269.00
924.83 825.99
925.17 928.39
940.44 921.57
925.06 930.92
945.60 940.35
923.94 926.14
898.97 910.49
935.22 926.87
935.48 939.85
914.21 931.88
906.16 935.52
923.41 930.74
922.02 929.30
854.99 903.57
559.66 896.53
898.95 914.72
932.83 926.48
935.85 941.42
923.85 927.09
926.11 915.40
916.67 916.06
925.44 956.24
945.55 927.70
324.50 940.42
933.41 943.61
589.34 931.54
580.11 636.03
733.48 555.43
403.27 763.52
707.06 391.90
0.00 713.57
62.96 0.00
913.35 60.75
929.79 903.78
916.45 935.49
462.67 912.85
671.98 474.97
331.63 663.86
595.12 364.90
0.00 571.80
557.78 0.00
841.48 569.80
472.09 837.93
612.93 473.34
923.58 572.06
930.81 935.36
919.71 930.92
944.58 917.72
940.16 907.10
920.60 804.17
933.86 210.66
943.37 931.82
925.39 588.39
481.25 34.08
731.12 464.32
0.00 652.67
849.68 365.26
920.99 924.85
927.37 929.75
915.00 948.16
930.68 950.23
932.10 953.80
937.19 916.73
367.71 931.14
939.15 946.44
956.18 923.98
928.68 930.95
620.18 938.51
940.15 938.93
936.11 952.81
960.88 940.36
916.66 935.13
919.48 939.32
934.85 928.97
926.76 773.63
928.61 266.56
909.38 945.91
669.97 790.92
0.00 317.84
656.17 31.70
936.72 851.21
922.86 921.73
141.75 494.36
924.12 553.36
918.05 924.72
936.03 942.01
917.39 924.80
914.51 919.98
918.72 933.65
910.03 944.80
920.50 938.94
134.81 941.06
0.00 915.35
22.51 927.38
923.55 0.00
908.28 902.36
898.08 751.78
926.06 182.74
917.57 939.77
930.24 875.90
934.27 321.07
437.08 28.51
662.88 765.48
745.92 888.76
489.09 175.35
824.95 935.27
949.89 916.42
883.44 929.98
957.65 948.58
914.25 924.15
817.43 871.60
227.67 144.42
562.11 862.20
0.00 186.59
444.97 31.72
931.47 861.59
138.38 810.16
770.25 213.69
936.50 938.98
914.28 930.27
242.01 946.51
320.60 922.49
490.28 942.66
769.51 825.67
932.16 696.99
950.41 920.23
927.25 930.74
955.51 944.82
908.03 926.51
945.48 915.06
912.56 946.38
925.13 926.60
926.39 943.98
923.21 941.77
949.61 933.93
935.80 935.70
933.09 909.75
946.46 918.17
940.95 937.07
933.67 887.68
938.59 164.07
911.49 926.91
639.10 671.47
298.80 31.00
498.64 415.69
630.80 912.74
791.31 376.58
943.93 703.60
931.92 948.65
924.56 927.81
929.82 935.91
933.77 938.66
918.50 921.41
934.31 921.81
896.10 933.74
939.01 937.24
910.96 928.42
922.59 916.02
942.04 926.72
932.96 928.44
918.15 926.35
921.08 926.01
944.76 926.68
922.18 930.73
919.88 937.64
907.02 938.21
237.07 945.52
0.00 928.78
683.96 781.31
879.74 700.61
918.47 919.55
940.95 935.88
925.27 912.80
952.48 923.75
923.51 940.89
930.43 930.81
975.77 934.75
953.51 919.39
932.51 948.83
927.51 925.04
938.84 909.91
930.92 927.77
921.74 924.53
927.48 927.81
939.03 939.44
938.70 924.89
936.91 929.11
917.25 932.69
757.85 930.44
53.01 830.89
809.30 92.74
0.19 771.53
680.30 0.00
941.61 770.80
911.41 946.26
909.31 929.18
928.34 935.59
939.74 928.09
947.11 918.15
961.75 937.21
942.88 925.05
924.29 923.36
925.45 511.72
942.81 515.82
931.43 922.98
928.20 540.46
848.24 529.90
940.96 803.62
368.93 568.76
770.45 422.07
124.30 170.85
923.16 902.11
834.14 927.19
917.68 945.67
660.12 918.70
0.00 946.37
0.00 955.13
413.07 439.51
495.86 413.03
889.22 470.29
918.81 944.72
929.13 924.98
925.78 941.68
918.84 944.54
927.75 929.33
937.23 956.31
938.86 934.03
914.15 947.51
940.78 927.05
934.00 931.85
934.01 941.24
942.19 956.56
936.20 909.51
928.19 926.73
925.90 931.29
953.20 936.98
938.08 960.15
928.65 928.39
922.30 938.28
360.15 935.57
229.65 238.55
931.81 232.67
941.10 934.32
929.14 919.77
930.77 930.10
935.12 912.74
915.86 924.96
939.11 952.33
930.16 927.45
917.81 648.57
915.80 424.70
935.93 913.95
925.70 391.61
448.09 32.50
696.99 659.29
836.25 886.21
528.79 159.35
525.59 952.19
938.81 934.51
928.77 927.52
928.69 907.56
930.12 928.77
932.09 935.05
150.52 931.47
729.88 936.51
930.60 909.75
891.93 940.30
939.64 940.00
507.58 928.59
915.21 923.32
913.31 918.77
940.12 945.49
926.72 931.32
928.29 946.93
927.01 933.61
922.27 928.84
934.72 948.84
910.54 939.79
951.19 934.04
924.39 915.15
908.32 923.81
949.17 940.47
926.32 930.49
949.14 951.49
931.52 930.25
917.88 925.97
934.11 949.73
952.38 905.61
892.98 928.68
159.84 580.03
904.80 451.57
918.26 892.24
927.80 390.97
940.78 32.50
448.09 667.98
898.43 891.29
892.81 164.59
360.84 949.30
952.42 941.28
927.24 934.51
930.86 928.00
944.86 930.44
922.37 947.86
912.97 938.76
934.56 948.64
929.64 927.23
941.61 925.50
934.97 923.04
940.58 930.21
942.66 942.60
929.25 921.86
670.37 929.14
0.00 948.43
52.01 934.31
659.00 346.55
932.29 661.83
928.87 928.53
955.37 937.23
917.09 933.90
941.04 926.22
941.68 933.05
928.71 930.70
927.86 935.25
927.29 948.73
921.10 941.55
940.12 929.37
935.00 935.01
942.00 931.20
937.14 938.72
924.81 927.51
934.25 921.37
930.36 928.87
918.51 933.10
942.22 935.88
723.47 922.42
569.73 763.15
918.92 572.17
919.73 921.21
911.48 929.89
932.39 930.13
922.58 928.16
955.54 930.20
939.10 911.01
936.86 913.81
918.16 912.02
959.25 933.83
929.51 928.81
919.58 926.66
940.26 936.36
935.69 940.33
924.28 943.40
942.50 955.75
940.88 942.02
926.37 946.74
932.63 942.66
892.69 941.98
124.60 899.97
808.26 126.60
923.06 823.18
920.08 904.87
926.67 937.26
905.91 918.33
937.01 917.24
934.11 938.61
942.84 921.23
157.97 937.25
767.39 171.10
919.71 767.64
247.13 908.60
805.57 263.84
924.99 814.61
927.30 911.04
889.54 920.17
943.85 921.77
926.57 941.61
923.72 922.09
909.15 933.61
908.98 902.68
934.86 927.32
650.06 933.21
0.00 649.73
0.00 0.00
630.76 0.00
939.72 642.56
925.79 930.35
908.49 945.08
925.46 946.27
907.49 935.26
923.50 926.38
932.13 936.39
934.83 919.10
929.96 939.62
947.50 894.71
947.54 908.49
920.77 936.05
933.92 923.45
948.29 941.18
947.08 920.46
945.05 939.15
922.10 930.66
920.36 929.94
939.96 929.26
935.57 932.28
706.43 933.60
519.39 760.89
929.07 473.84
938.61 920.36
919.78 926.12
917.76 908.68
917.19 923.48
924.04 910.18
926.17 917.71
926.96 923.49
932.14 945.82
944.75 934.90
932.00 931.53
910.19 938.03
929.09 904.96
923.88 927.91
915.66 942.46
933.26 923.39
923.68 913.82
934.63 947.41
942.68 931.86
908.05 956.06
127.62 938.22
513.90 146.54
356.38 500.37
879.00 369.24
918.16 930.94
914.38 930.68
909.32 963.11
948.93 931.75
912.14 917.49
931.11 913.40
904.78 935.03
940.10 926.27
915.45 943.27
935.50 931.18
935.94 948.16
932.46 945.15
931.03 934.09
923.31 938.53
936.50 938.20
920.37 933.16
945.75 937.93
944.76 936.93
949.41 952.13
279.47 931.40
198.86 157.96
0.00 118.17
123.66 0.00
901.84 163.41
900.04 927.75
914.00 920.01
918.66 908.73
929.23 897.05
941.50 910.30
935.49 917.13
931.14 952.52
943.25 926.19
941.87 933.80
950.08 926.22
936.47 944.04
944.26 937.78
928.31 935.97
945.50 937.90
924.07 932.54
948.27 918.90
942.62 952.26
948.61 938.67
912.31 945.93
915.57 929.04
930.71 937.95
937.99 935.08
911.00 928.12
170.84 925.26
927.20 221.98
934.65 911.82
939.22 921.20
935.07 898.74
912.55 929.09
941.51 944.26
917.83 939.01
925.43 929.40
940.55 916.48
941.10 930.99
936.61 929.07
925.57 937.35
231.73 924.62
917.74 294.67
490.68 924.78
570.65 461.69
923.50 613.81
928.70 927.43
928.99 909.22
857.25 949.80
938.11 851.77
948.90 931.73
267.91 933.56
193.52 368.19
0.00 129.14
176.19 0.00
623.27 197.13
888.20 605.04
925.06 894.13
933.23 907.16
934.38 912.04
913.91 923.66
951.81 941.97
923.94 938.35
913.84 930.82
943.60 927.33
938.01 914.48
937.53 921.19
933.67 936.85
933.94 936.93
933.86 940.63
910.36 939.63
644.98 939.78
621.54 638.07
955.78 639.67
134.35 927.13
911.60 144.90
911.47 901.83
940.58 904.77
88.58 921.19
0.00 136.62
184.46 0.00
906.78 197.45
924.54 889.53
945.27 948.08
943.10 919.35
919.97 948.06
928.76 942.33
916.11 925.75
939.80 930.02
912.62 931.01
925.41 954.15
917.14 930.51
914.77 932.10
940.70 949.59
921.32 936.96
924.61 933.55
935.87 940.46
688.69 927.25
589.37 553.16
481.74 640.90
553.87 465.53
602.26 570.89
830.67 616.74
924.57 843.48
899.11 953.74
947.25 944.21
638.54 937.30
662.46 603.28
192.06 629.09
0.00 206.16
624.00 0.00
918.89 686.53
941.00 944.77
931.93 938.29
941.76 935.91
925.57 930.72
933.04 951.60
935.85 918.73
916.72 936.05
915.07 957.62
917.98 940.31
937.11 945.77
934.22 916.94
392.39 929.45
670.44 282.41
872.11 672.92
698.01 898.16
577.08 680.76
928.09 550.12
876.74 921.10
604.90 840.99
940.93 653.66
918.88 912.40
0.26 924.45
0.00 14.35
355.86 0.00
666.65 349.46
937.49 668.86
951.50 928.69
948.02 921.15
922.83 926.26
937.32 926.44
936.04 930.75
953.67 935.46
925.86 916.19
930.57 931.67
914.80 941.56
931.19 924.88
927.11 920.95
926.30 929.34
948.97 939.99
939.20 943.10
944.58 949.75
925.84 922.98
935.26 928.34
937.98 936.58
905.07 951.06
176.69 914.24
887.65 216.15
935.31 887.60
922.29 917.99
918.13 902.74
941.24 941.10
894.24 935.37
941.57 918.59
909.58 925.17
911.88 930.29
926.56 928.46
938.12 943.14
916.59 946.63
942.20 919.63
939.65 926.45
960.65 920.09
957.32 940.70
926.84 922.66
944.09 925.20
916.73 935.98
940.48 932.74
951.97 932.70
910.24 914.57
930.45 909.28
728.53 916.86
0.00 804.89
842.09 0.00
936.31 845.29
927.87 919.88
919.45 907.55
950.93 927.36
925.50 945.11
926.71 905.86
936.67 931.76
931.27 912.10
933.22 934.59
929.72 933.02
923.03 927.96
930.03 937.64
939.20 935.91
919.49 910.24
921.29 924.07
914.22 922.46
935.28 925.59
941.21 937.25
940.52 919.15
652.66 926.62
556.04 755.10
129.37 552.73
918.90 133.10
928.65 920.44
957.98 926.63
919.82 929.52
913.15 956.02
933.58 924.62
938.81 935.84
907.47 915.22
909.85 930.04
950.13 917.47
915.91 946.12
926.48 910.39
926.17 915.76
923.28 923.78
926.56 939.09
944.81 917.85
927.22 901.71
932.62 934.08
922.16 929.08
935.29 901.67
601.04 942.77
0.00 663.92
0.00 0.00
721.21 0.00
936.92 724.73
907.66 927.67
931.37 899.99
939.74 926.34
911.19 942.86
935.18 927.50
932.60 941.04
949.25 937.12
919.14 928.63
927.05 929.84
952.93 925.40
938.65 930.30
936.48 929.22
930.81 937.98
928.98 936.39
915.20 918.45
947.32 943.70
939.60 928.56
929.86 921.56
739.43 947.71
514.59 752.81
915.04 517.66
917.52 908.07
922.53 905.81
948.91 908.97
947.33 923.43
911.88 913.00
950.26 935.32
924.03 924.86
926.74 931.76
790.05 949.02
588.61 853.81
444.23 610.72
619.02 421.09
592.26 682.31
733.89 579.54
920.97 739.75
938.62 925.25
926.18 931.31
912.33 934.23
905.20 887.37
920.92 905.67
867.76 925.73
131.64 485.04
83.36 532.50
635.14 96.55
51.71 519.07
911.25 171.77
935.38 855.44
915.97 257.22
933.82 925.47
930.01 915.78
925.81 929.17
939.97 924.04
957.73 930.11
932.90 908.37
946.01 924.82
752.39 915.57
279.33 949.35
910.10 853.00
479.13 920.77
504.45 448.81
908.67 550.61
907.48 913.32
935.84 921.72
930.31 919.96
903.23 929.87
900.88 949.42
931.26 903.07
484.73 941.97
0.00 462.53
0.00 0.00
722.01 0.00
945.31 784.79
944.50 916.29
910.79 907.30
915.03 896.81
914.30 909.85
