
1.0056 1.0665
1.0057 1.0275
1.0062 1.0161
1.0052 1.0055
1.0062 1.0168
1.0139 1.0138
1.0102 1.0299
1.0045 1.0048
1.0036 1.0032
1.0041 1.0048
1.0039 1.0048
1.0043 1.0056
1.0062 1.0050
1.0069 1.0071
1.0080 1.0102
1.0079 1.0276
1.0096 1.0045
1.0066 1.0252
1.0091 1.0254
1.0063 1.0322
1.0059 1.0133
1.0102 1.0085
1.0230 1.0177
1.0058 1.0094
1.0037 1.0441
1.0072 1.0766
1.0074 1.0132
1.0072 1.0132
1.0164 1.0262
1.0079 1.0518
1.0108 1.0098
1.0058 1.0084
1.0108 1.0298
1.0073 1.0168
1.0039 1.0053
1.0038 1.0258
1.0038 1.0049
1.0051 1.0046
1.0083 1.0284
1.0071 1.0040
1.0049 1.0037
1.0063 1.0069
START----------
1.0029 1.0029
1.0025 1.0034
1.0033 1.0023
1.0025 1.0243
1.0026 1.0024
1.0028 1.0027
1.0024 1.0088
1.0032 1.0029
1.0027 1.0028
1.0027 1.0021
1.0026 1.0364
1.0029 1.0230
1.0025 1.0200
1.0025 1.0264
1.0030 1.0027
1.0024 1.0086
1.0028 1.0333
1.0028 1.0384
1.0024 1.0465
1.0026 1.0524
1.0031 1.0198
1.0024 1.0218
1.0025 1.0027
1.0029 1.0340
1.0026 1.0200
1.0208 1.0210
1.0030 1.0169
1.0027 1.0030
1.0027 1.0025
1.0036 1.0024
1.0027 1.0025
1.0024 1.0214
1.0027 1.0109
1.0027 1.0028
1.0029 1.0241
1.0032 1.0246
1.0026 1.0136
1.0027 1.0258
1.0029 1.0027
1.0031 1.0298
1.0030 1.0031
1.0029 1.0314
1.0029 1.0087
1.0031 1.0123
1.0029 1.0175
1.0027 1.0026
1.0031 1.0101
1.0032 1.0079
1.0028 1.0032
1.0029 1.0027
1.0025 1.0029
1.0027 1.0119
1.0031 1.0182
1.0027 1.0267
1.0029 1.0030
1.0025 1.0027
1.0034 1.0215
1.0027 1.0226
1.0028 1.0028
1.0028 1.0178
END----------
1.0032 1.0031
-1 -1
1.1710 1.2309
1.0189 1.1115
1.0038 1.0035
1.0037 1.0041
1.0035 1.0045
1.0050 1.0045
1.0082 1.0108
1.0089 1.0053
1.0055 1.0056
1.0111 1.0480
1.0047 1.0446
1.0121 1.0490
1.0085 1.0317
1.0147 1.0082
1.0092 1.0368
1.0129 1.0058
1.0049 1.0476
1.0036 1.0076
1.0084 1.0238
1.0111 1.0448
1.0037 1.0238
1.0032 1.0062
1.0024 1.0197
1.0037 1.0123
1.0034 1.0284
1.0033 1.0184
1.0039 1.0325
1.0027 1.0057
1.0033 1.0428
1.0041 1.0052
1.0046 1.0055
1.0043 1.0028
1.0037 1.0244
1.0028 1.0031
1.0035 1.0161
1.0036 1.0033
1.0037 1.0099
START----------
1.0033 1.0035
1.0045 1.0036
1.0060 1.0045
1.0049 1.0062
1.0032 1.0188
1.0037 1.0034
1.0035 1.0032
1.0037 1.0246
1.0038 1.0033
1.0047 1.0037
1.0039 1.0036
1.0043 1.0069
1.0063 1.0211
1.0041 1.0071
1.0055 1.0199
1.0065 1.0122
1.0036 1.0049
1.0037 1.0043
1.0036 1.0170
1.0038 1.0314
1.0037 1.0296
1.0033 1.0088
1.0033 1.0097
1.0030 1.0114
1.0036 1.0235
1.0160 1.0164
1.0041 1.0176
1.0035 1.0066
1.0033 1.0057
1.0031 1.0068
1.0034 1.0156
1.0032 1.0046
1.0041 1.0282
1.0030 1.0633
1.0036 1.0255
1.0041 1.0200
1.0038 1.0272
1.0039 1.0047
1.0034 1.0170
1.0033 1.0046
1.0031 1.0048
1.0036 1.0037
1.0039 1.0192
1.0035 1.0039
1.0034 1.0059
1.0032 1.0181
1.0032 1.0074
1.0038 1.0052
1.0033 1.0061
1.0032 1.0049
1.0028 1.0081
1.0036 1.0168
1.0031 1.0040
1.0029 1.0128
1.0031 1.0222
1.0034 1.0077
1.0028 1.0486
1.0043 1.0057
1.0028 1.0194
1.0037 1.0054
END----------
1.0036 1.0312
1.0038 1.0071
1.0044 1.0075
1.0042 1.0056
1.0051 1.0051
1.0057 1.0316
1.0070 1.0070
1.0035 1.0229
1.0038 1.0035
1.0035 1.0302
1.0045 1.0065
1.0065 1.0080
1.0096 1.0115
1.0110 1.0314
1.0068 1.0150
1.0037 1.0166
1.0064 1.0146
1.0074 1.0072
1.0107 1.0109
1.0088 1.0080
1.0055 1.0236
1.0062 1.0057
1.0085 1.0098
1.0070 1.0046
1.0096 1.0095
1.0095 1.0056
1.0030 1.0077
1.0042 1.0430
1.0034 1.0099
1.0035 1.0055
1.0065 1.0051
1.0049 1.0078
1.0047 1.0047
1.0040 1.0053
1.0046 1.0169
1.0038 1.0057
1.0032 1.0048
1.0044 1.0061
1.0040 1.0038
1.0058 1.0052
1.0043 1.0069
1.0048 1.0065
START----------
1.0034 1.0039
1.0054 1.0038
1.0078 1.0039
1.0044 1.0064
1.0058 1.0195
1.0039 1.0127
1.0053 1.0397
1.0051 1.0038
1.0049 1.0044
1.0043 1.0045
1.0057 1.0049
1.0037 1.0043
1.0036 1.0041
1.0062 1.0051
1.0031 1.0328
1.0039 1.0351
1.0039 1.0422
1.0092 1.0154
1.0040 1.0526
1.0044 1.0053
1.0045 1.0280
1.0041 1.0127
1.0041 1.0159
1.0044 1.0165
1.0043 1.0040
1.0038 1.0048
1.0061 1.0086
1.0044 1.0045
1.0041 1.0055
1.0035 1.0076
1.0037 1.0044
1.0040 1.0071
1.0040 1.0072
1.0033 1.0395
1.0032 1.0200
1.0040 1.0711
1.0045 1.0184
1.0029 1.0040
1.0040 1.0087
1.0042 1.0295
1.0036 1.0041
1.0037 1.0174
1.0041 1.0173
1.0161 1.0158
1.0037 1.0453
1.0033 1.0220
1.0041 1.0165
1.0037 1.0284
1.0042 1.0428
1.0047 1.0043
1.0046 1.0108
1.0052 1.0088
1.0054 1.0043
1.0037 1.0147
1.0040 1.0121
1.0062 1.0032
1.0051 1.0263
1.0163 1.0101
1.0041 1.0035
1.0041 1.0133
END----------
1.0035 1.0091
