
1.0344 1.0443
1.0040 1.0027
1.0045 1.0041
1.0365 1.0594
1.0053 1.0049
1.0220 1.0155
1.0104 1.0100
1.0037 1.0103
1.0039 1.0229
1.0038 1.0620
1.0045 1.0042
1.0104 1.0049
1.0046 1.0300
1.0051 1.0349
1.0246 1.0089
1.0133 1.0459
1.0076 1.0383
1.0057 1.0166
1.0111 1.0123
1.0182 1.0756
1.0163 1.0252
1.0256 1.0530
1.0277 1.0495
1.0087 1.0406
1.0048 1.0239
1.0052 1.0367
1.0065 1.0527
1.0029 1.0240
1.0034 1.0325
1.0089 1.0447
1.0088 1.0044
1.0041 1.0255
1.0035 1.0638
1.0033 1.0238
1.0066 1.0346
1.0060 1.0244
1.0394 1.0588
1.0056 1.0446
1.0067 1.0250
1.0077 1.0241
1.0036 1.0124
1.0054 1.0320
START----------
1.0344 1.0109
1.0295 1.0555
1.0168 1.0548
1.0050 1.0288
1.0047 1.0136
1.0026 1.0025
1.0026 1.0021
1.0196 1.0187
1.0032 1.0026
1.0028 1.0132
1.0027 1.0027
1.0159 1.0024
1.0029 1.0027
1.0029 1.0029
1.0164 1.0191
1.0033 1.0029
1.0028 1.0025
1.0032 1.0550
1.0034 1.0026
1.0024 1.0094
1.0036 1.0057
1.0038 1.0134
1.0028 1.0194
1.0031 1.0031
1.0033 1.0292
1.0038 1.0332
1.0247 1.0202
1.0169 1.0628
1.0033 1.0140
1.0258 1.0241
1.0030 1.0198
1.0037 1.0023
1.0032 1.0142
1.0023 1.0030
1.0023 1.0149
1.0161 1.0029
1.0031 1.0027
1.0026 1.0029
1.0027 1.0029
1.0028 1.0028
1.0026 1.0033
1.0030 1.0025
1.0033 1.0026
1.0031 1.0112
1.0034 1.0223
1.0027 1.0276
1.0030 1.0026
1.0173 1.0440
1.0027 1.0161
1.0027 1.0030
1.0514 1.0532
1.0032 1.0027
1.0201 1.0202
1.0029 1.0028
1.0249 1.0080
1.0030 1.0028
1.0032 1.0077
1.0025 1.0028
1.0031 1.0291
1.0155 1.0025
END----------
1.0037 1.0757
-1 1.0025
1.2265 1.0030
1.0180 1.0152
1.0223 1.0032
1.0046 1.0046
1.0050 1.0039
1.0272 1.0031
1.0077 1.0043
1.0159 1.0080
1.0258 1.0049
1.0099 1.0249
1.0111 1.0515
1.0147 1.0258
1.0130 1.0223
1.0082 1.0224
1.0196 1.0053
1.0079 1.0076
1.0245 1.0074
1.0435 1.0090
1.0508 1.0062
1.0045 1.0046
1.0050 1.0049
1.0036 1.0034
1.0045 1.0043
1.0077 1.0060
1.0170 1.0053
1.0032 1.0284
1.0037 1.0037
1.0277 1.0297
1.0051 1.0034
1.0040 1.0049
1.0076 1.0054
1.0245 1.0046
1.0045 1.0039
1.0046 1.0038
1.0045 1.0042
1.0141 1.0027
1.0035 1.0039
START----------
1.0154 1.0034
1.0070 1.0038
1.0080 1.0046
1.0043 1.0168
1.0056 1.0227
1.0059 1.0066
1.0031 1.0170
1.0036 1.0044
1.0033 1.0040
1.0028 1.0049
1.0029 1.0163
1.0031 1.0036
1.0029 1.0128
1.0031 1.0172
1.0030 1.0167
1.0149 1.0044
1.0246 1.0184
1.0330 1.0261
1.0072 1.0165
1.0031 1.0034
1.0282 1.0044
1.0266 1.0039
1.0045 1.0154
1.0027 1.0220
1.0031 1.0138
1.0030 1.0029
1.0036 1.0150
1.0382 1.0030
1.0137 1.0113
1.0264 1.0026
1.0027 1.0159
1.0028 1.0028
1.0027 1.0031
1.0028 1.0257
1.0032 1.0047
1.0030 1.0162
1.0028 1.0038
1.0026 1.0066
1.0140 1.0236
1.0153 1.0194
1.0030 1.0154
1.0025 1.0031
1.0029 1.0149
1.0151 1.0290
1.0030 1.0029
1.0114 1.0181
1.0026 1.0043
1.0027 1.0023
1.0029 1.0028
1.0029 1.0103
1.0029 1.0144
1.0146 1.0135
1.0162 1.0027
1.0284 1.0236
1.0029 1.0105
1.0132 1.0061
1.0128 1.0036
1.0031 1.0152
1.0159 1.0034
1.0029 1.0029
END----------
1.0032 1.0032
1.0033 1.0045
1.0031 1.0177
1.0054 1.0040
1.0042 1.0038
1.0054 1.0056
1.0047 1.0739
1.0039 1.0034
1.0036 1.0225
1.0045 1.0038
1.0049 1.0040
1.0102 1.0051
1.0069 1.0042
1.0126 1.0058
1.0078 1.0117
1.0060 1.0058
1.0074 1.0067
1.0083 1.0073
1.0069 1.0254
1.0081 1.0134
1.0067 1.0146
1.0089 1.0079
1.0092 1.0181
1.0045 1.0130
1.0067 1.0078
1.0078 1.0149
1.0192 1.0044
1.0046 1.0042
1.0101 1.0037
1.0045 1.0199
1.0085 1.0041
1.0072 1.0232
1.0080 1.0052
1.0045 1.0085
1.0038 1.0389
1.0055 1.0248
1.0259 1.0166
1.0042 1.0053
1.0048 1.0199
1.0064 1.0045
1.0048 1.0280
1.0050 1.0058
START----------
1.0035 1.0286
1.0168 1.0183
1.0172 1.0030
1.0040 1.0030
1.0128 1.0031
1.0160 1.0037
1.0189 1.0040
1.0036 1.0032
1.0030 1.0031
1.0147 1.0117
1.0216 1.0157
1.0027 1.0142
1.0287 1.0030
1.0037 1.0155
1.0151 1.0034
1.0032 1.0188
1.0038 1.0049
1.0041 1.0157
1.0056 1.0043
1.0083 1.0161
1.0050 1.0149
1.0033 1.0044
1.0062 1.0044
1.0151 1.0034
1.0038 1.0036
1.0177 1.0033
1.0095 1.0167
1.0039 1.0164
1.0041 1.0281
1.0037 1.0032
1.0060 1.0175
1.0066 1.0293
1.0047 1.0368
1.0138 1.0148
1.0088 1.0123
1.0173 1.0168
1.0038 1.0293
1.0156 1.0149
1.0059 1.0250
1.0038 1.0425
1.0035 1.0253
1.0195 1.0182
1.0182 1.0138
1.0184 1.0037
1.0032 1.0037
1.0034 1.0046
1.0161 1.0034
1.0037 1.0034
1.0297 1.0040
1.0036 1.0037
1.0039 1.0035
1.0035 1.0034
1.0051 1.0035
1.0034 1.0143
1.0039 1.0029
1.0033 1.0147
1.0146 1.0153
1.0094 1.0153
1.0106 1.0112
1.0061 1.0147
END----------
1.0035 1.0278
