30400880
30401180
30410404
30252296
30396076
30293860
30409492
30525896
30284560
30731000
30320628
30787068
30267012
30310952
30294456
30338152
30755284
30363788
30342832
30825944
30334612
30241068
30441136
31193652
30391048
31313640
30272804
30362116
30573880
32247844
33262060
31373188
30809340
30555096
31034852
30238644
30013856
31262248
30079056
32097880
33452308
31903584
30722200
31625680
30682388
30285416
30327924
30631200
30644152
30788764
30290476
30271304
30354284
33394436
30931336
30570624
30358728
30888936
31348012
30320844
30260632
30036468
30714680
30704400
34228684
32871568
31585756
30442768
30299896
30333988
30348328
30272316
31010308
31010960
31812224
30370300
30276988
33675584
31276860
30315532
30653272
30319968
30263896
31701684
30715256
30255596
32414888
31632836
30136160
30617224
30356464
30265548
30193200
30227436
31076520
31379688
30461016
30327864
30580432
30503796
30278628
35836540
33583896
30629544
29883080
29913144
30755300
30489616
29466692
30006068
32297152
30445588
30249920
30432372
31782004
30926404
30745944
30345852
30377544
29852640
31539560
30741304
30379296
30370744
34592424
32034916
30589468
30247416
31259304
30690232
30121888
30749628
30234396
31777616
31316460
30756348
30916532
30310912
31025208
30096860
30899488
30382704
30282596
33964120
31737552
30411940
30865836
31388644
30493552
30366784
30695080
30378548
32290216
30294904
29663956
30676544
30327788
32432936
31382316
30296560
30346312
30636256
30263604
30272176
30295744
30296144
30240220
30266224
30392760
30380144
30369200
32261940
30336560
30313868
30645412
30344336
31208740
30192724
30998856
30986928
30709720
31104608
30435908
30412684
30392540
30343304
30358848
30943688
30359992
32116208
32500816
30302868
30320824
30336856
31668304
30586824
30431980
30529852
30510364
32756420
30362856
30735380
30260100
30248928
30716580
30594960
30292952
30493240
30887176
30360896
30346784
30099472
30344552
31424100
30371492
30354572
30743624
29980988
34253336
32183924
30982168
30372464
30364172
30971560
30229648
30029160
29923508
30987968
30368724
30403300
30283212
30910344
30400888
30293532
30333916
30423092
37153244
36757692
34600848
32050116
30324496
30334968
30395440
30368212
30463124
34290452
34403252
32371592
30350348
30918576
30224372
32299560
30989192
30322736
30308976
30240984
30223804
30331656
30326656
31465184
30223584
30262520
30339040
30311672
30304020
30249636
30295048
30398044
31948588
31801632
31360460
30821872
30396852
30551920
30230772
30389744
30640588
30408056
30194596
30614392
30345592
30466496
30182852
30663728
30140656
30351428
30459608
31007932
30416884
30256388
30367156
30265664
31529144
30484188
30305772
30411152
30381676
30336888
30052912
30292972
30316328
31574432
30377424
30183508
30273704
30363500
30870600
30345352
30331652
30332396
31046012
30463388
30440964
30608936
30644828
30969000
30372372
31024852
30267012
30940216
30644792
30225208
31249504
30335104
30368360
30674580
29991672
30300896
29918160
30634152
31775420
30345784
30347556
30398300
32348224
30351648
30389476
30375472
30366784
30467468
30198812
30449556
30289112
30230576
32913544
30250740
30499768
30755720
30738560
30555288
31098524
30988512
30975144
35000408
32423608
30691776
30589112
30337576
30460404
30282224
30318432
30532492
33232840
31538340
30255936
30023920
29913656
30792900
31892120
30434700
30355704
30760500
30186620
30289036
30086900
30297072
32784332
30582152
30206968
30546112
30483972
30253048
30277044
30805104
30310272
30332064
33309940
31200984
30277492
30312736
31135992
30359556
30788480
30034092
30211344
30628584
30354768
30256408
30084612
30399120
30916644
30208352
30243228
30309164
35625612
33324652
31042604
30464812
30284384
30499000
30258536
30288988
30319088
33435936
33396156
31574820
30757008
30161364
30315024
30260720
30233544
30326292
32054416
32053488
34476296
32178064
30453444
31373884
30364132
30378000
30266656
30356048
34585892
31885788
30874936
30137364
30358888
30790416
30449548
30253832
30527048
30158528
31610484
31613104
30450288
30349488
30350832
30352528
30336456
30264096
32679980
30336200
30453192
30379296
30348100
33713632
31429196
30346292
30601932
30507464
30672812
30219224
31052628
30303608
30175500
30104920
30259216
30648596
30477648
30684096
30685904
31532412
30275576
30401936
32048192
30403368
30263672
30275296
31158528
30268144
30343972
31032140
30444180
33968292
34284368
33182436
32507496
32903632
32475672
32076524
30332188
30329116
31328816
30953600
30323740
30229024
30234952
30233848
33547268
31358684
30378976
30332516
30365324
30318240
30543276
30300548
31715852
34065628
32126880
30297612
30371756
31375236
30285836
30318180
30740756
30662448
31212000
30220928
31125572
30168356
32272308
31297708
30346716
30273632
30387376
34764600
32489264
30272036
30322504
31195648
30420648
30306440
30220992
30651480
31922516
32422216
30188160
30833040
30911920
30633096
30642864
30972964
30943720
31953888
30383488
30326900
30463920
30387088
30555352
30508196
30347540
30212304
30615168
30254804
30361016
30421464
30273600
30243980
30800732
30013836
30337764
30087064
30902608
31241564
30290720
30378700
30636048
32029464
30264524
30363792
31106212
30935468
30199268
30247916
29936712
30218108
30326280
32264008
31156160
30252076
30363436
31394484
30111100
30353412
30625392
30148284
30778032
30269620
30267164
30329816
32195936
30490948
30259692
30309572
30318592
34519180
32046980
30629192
30738928
31002008
30781640
30047360
30000532
30773676
35715140
33677188
31974048
31837624
31889824
30430704
30432044
30250028
30150476
31207788
30328456
30218868
30244968
30270252
35689868
33336060
30778880
30326312
31004864
30353840
30468568
30267336
30471928
32364512
30253208
30294700
30371100
31271236
31764500
30487232
30350504
30410716
31129164
30395912
30260792
30244192
30392316
32998928
30845208
30374256
30460912
30276112
30422652
30262432
30328416
30351900
30395244
33137832
30329484
30865528
30517936
30772264
30454748
30613360
30609908
30169716
30883436
30346320
30497576
30622052
31935304
30283976
30501620
30449012
30267020
33210072
30988180
30330220
30577696
30438744
31257244
30902440
30581580
30099588
30616448
30328912
30233552
30374656
30261356
31420888
31439128
31346040
30320728
30370044
32539968
30521708
30284964
30419424
30260424
30666528
30262348
30747036
30102524
31849524
31529792
31326276
30902352
31041460
30474132
30364000
30247164
29976200
31545784
31432316
30545316
30354104
30311988
32635720
30383008
30312780
30318056
30587792
30378728
30371604
31178052
30374380
31171428
33190848
31931848
31202928
30357944
30316224
30323376
30368196
30465092
30432424
33709452
32290196
30996012
30353972
32632296
30491132
30330156
30325492
30312876
30021296
31907400
30319396
30315944
30948388
30364964
30271240
30232956
30264988
33828936
32515832
30831164
30341696
30366200
30355680
30352956
30260852
30316608
35962508
34140552
31964932
30342536
30258860
31801928
30173004
29712360
30068624
30893540
34490960
32493416
30353200
30371420
30254812
30739128
30164864
30261880
30224644
32439844
30302136
30654032
30181108
30246032
30819796
29925256
30286092
30275008
30353172
32851780
30487156
30491680
30600532
30326460
30314212
30540668
31009260
30252412
30370152
30954816
29985760
30049852
31977396
32388804
32130552
30433464
30364660
30244744
30185604
30334804
30292500
30343724
34261952
32042404
30627864
30326628
31139532
30354588
30923760
30198120
30185336
30838716
30106732
29700772
29527660
30319300
30842496
31497832
30359156
30267672
31843656
30313840
30456868
30425024
30361816
33832424
31372792
30430116
30363160
30375160
36671204
33896020
31897752
30569628
30990980
31599532
31981300
30319656
30130744
30372384
30514400
30341656
30299992
32218064
30590608
32038932
30362192
30094020
32167316
30411640
30233900
30066348
30271076
31610256
30341088
30254584
30471364
33813948
30946976
30317236
30852508
30297964
31667468
30750676
30512780
30274320
30460548
31798792
30129660
30237900
30671568
29779672
32244944
31404944
30318052
30353640
33037480
30539168
30346008
30328064
30228128
30541652
30429672
30318480
30275364
32440612
30676508
30092468
30564340
30276288
30573836
30371000
29968228
30403432
30281052
30787172
30919268
31184564
30291848
35706348
33605680
31351256
30466664
30358360
30384400
31372108
30264120
30341056
29739088
29663696
30278084
31165316
30060232
30361472
33547468
31042380
30678036
30034164
30352696
30706200
30057032
30283660
30331520
33938844
31325392
30275092
30270308
30955760
30284188
30369784
30834148
30409516
32588468
30322364
30877360
30396548
30235932
32084772
30135816
29811960
30783804
30356020
30118020
30976860
29711984
30303132
32204280
30392452
29764036
29750248
30351628
32031988
30869892
29956504
30251396
31365100
30357644
30300304
29685684
31241672
31341432
30825072
33076052
31456980
32085788
30277728
30080576
30067268
30104184
31223648
32245444
32253972
31218892
30425912
33921052
31603076
30561960
30324188
31080080
30370520
30315740
29949368
29789520
36230620
33830632
31917592
30278420
30413840
30572176
30189344
30386696
30298076
30301120
32349568
30557396
30303652
30168716
29911352
31766048
29867752
30074992
30561252
35587828
32910056
30421064
30449172
32934560
30348088
30360152
30260188
30675304
34275924
31792628
30071320
30319720
30501280
30401252
30007832
30755712
30756952
34320736
32101428
30469812
30356908
30329160
30577304
30296200
30350324
30680728
30633244
31434440
31564120
30531356
30217824
34721592
32785760
31357528
30774388
30250984
30383560
31709760
30168000
30320680
30219052
32874984
35346664
33214616
30855756
31439136
30350180
30254500
30270488
30365048
35760964
33249624
30857468
30593580
30339020
31294536
30046840
30260468
31279904
30190976
31356084
31221184
30299896
30291200
31209576
30520388
30543604
30546272
30287196
33950296
32143304
30563708
30354224
31153164
30344636
30451484
30165680
30532204
32291828
32558728
31223876
30347144
30305384
31682108
30733684
30713024
30332712
31453652
30331832
30274576
30375972
30210652
34649732
32703840
30938484
30313568
31223224
30253796
30288180
30358360
30357028
31398696
30384384
30444860
30328192
30366048
31108628
30255316
30695712
30496656
30418636
31779932
30318324
30340440
30159292
32443556
33915864
31716492
30306796
30473656
30564312
30247472
30261836
30298804
31946020
30282240
30180076
30388332
30360352
31510976
30268480
30418252
30317472
30341596
30341756
31015756
30330868
30294520
34385848
32353144
31877224
30325320
30259144
31423504
30371180
30248000
30296956
30335780
33758936
31694028
30262604
30341712
30781564
30348928
30317436
29665992
29779484
31032348
31334528
31523480
30311952
30312604
33579948
31446668
30335192
30366328
30257400
30439716
30346436
30223280
30300760
30566496
30716316
30876400
29982316
30065164
32135624
30231700
30280224
30508824
30999944
30392360
30319476
30395764
30432772
31440212
30360744
30548392
30303316
30264652
31199400
30179128
31074180
30210724
30199792
30053380
30958364
30130876
29635576
30747612
30666784
29634772
30276996
30048620
31718372
34715600
32473380
30557264
30382724
30603328
30301828
30087688
30401520
31239156
30268384
31094028
30655284
30075684
30877416
30246600
30562448
30583384
29846064
31056448
31651428
31078036
30350104
32402780
30321464
30277656
30367752
30334884
31582444
30254492
30620200
30888144
30297868
30517900
29937108
30370424
30622912
31315340
31108048
30579604
30255000
30712300
29917728
30261460
30277616
30923652
30419980
30049884
30957144
30650872
30274572
30567048
30971304
30347792
30219604
30299136
33498804
31210136
30691088
30337288
30405212
30031588
30790168
30228752
30031132
35539284
33810536
32250004
30330760
33055612
30907672
30385584
30174992
30007300
29992944
30536784
30158132
30163148
30255868
31289176
30333188
30230472
30339836
30450324
30254572
30069780
30372756
30270988
32778820
30344120
30534328
30380604
30351572
31614024
30273408
30295688
30349040
30334016
30334096
31354992
30232228
30657504
32247420
30293148
30593756
30316624
30746292
30561128
31025328
30610364
30385192
32989224
34028624
31789348
30284404
30444528
31215576
30233636
30289248
30269284
30262152
31305816
30302372
30129524
29861632
30350296
30763876
30309992
30171768
30316604
30753384
30211976
30239084
30239224
30363084
34394488
32234708
30344260
30303124
35751396
33614724
31411168
30830172
30295288
33304448
30233228
30539028
30283612
29942480
29690584
30350316
30185392
29974264
30220584
30289944
30296464
30275660
30262200
30274044
30307360
30265380
30385820
31742172
30381420
30439212
30356060
30748064
32746008
30357072
30450552
30287304
30338256
32161680
30237444
30470292
30221552
31252704
30476276
30599780
30225964
30019152
31648860
32872580
30635356
30303676
30385484
32340856
30560992
30336492
30713272
30314488
31742168
30950736
30934368
30329796
32716692
30751060
30356724
30368640
30271312
31827884
30470000
30439380
30549364
30353340
30352908
30321864
30340496
30442096
32994172
30831868
30251220
30317980
30262768
35992600
34218688
31873636
30613408
30341608
30478892
31114356
30467692
30435852
35044452
34095752
32357916
30677476
30353248
30349672
30294856
30378828
30323544
30693596
30700852
30700188
31082176
30372096
34530020
32095736
30277668
30262672
30548724
30275800
30291920
30317976
30527552
30498776
33395220
31391960
30240732
30605184
30901580
30246568
29880784
30607432
30558292
33814352
31598924
30350796
30430568
30352308
30448744
30442480
30367588
30271448
34350596
30668804
29984508
30026120
30319884
30140836
30918044
30362260
30059052
33437452
34531980
33182348
30351148
30139424
31895580
30300432
30086148
30332956
30299872
35585960
33205540
30784636
30420212
30360824
30366924
30254992
30673800
30314780
31607624
30793284
30156772
30788536
30272296
31874668
30294520
30791124
30272472
37433404
34885616
32296960
30283148
30888128
31535276
30911188
30725560
31044504
31405780
30782860
30343704
30035212
30255376
29624340
32859268
30593728
30543700
30137052
30305264
31564552
30415384
30206580
29941836
30021224
30431484
30264364
30261260
33868348
31196236
30742992
30259608
30743964
30324468
30342156
30266400
30405196
31668236
30062808
31504784
30107164
29870416
30302072
30645792
30186460
30012568
30082308
31003512
31101544
31111356
30301480
30308316
33107932
30664500
30265736
30395664
33155576
30865032
30332464
30324932
30810296
31856164
30089436
31192076
30343800
30359832
30465840
30265016
30778748
30204852
32679720
30238044
30387536
30361108
30404280
35283104
31890356
30472628
30525032
29831348
31492536
30471072
30405856
30743956
30712660
30247940
30336772
30616140
30247368
31761216
30183112
30484272
30339748
32690376
30994464
31445544
31427700
30362152
30369760
30282556
31268588
30784660
29901424
30392796
30619952
29391316
30367676
30617696
30839680
30284516
30299136
30351952
31380344
30268372
30142660
30314056
29908296
30667680
30860984
30415532
30349820
36039760
33563256
30969504
30309404
30367392
31257108
30367624
30807752
30718992
30321484
31270600
30107268
30648508
30317528
30772820
30138104
30225664
30224020
30051300
29970616
30834472
30881436
30690568
30419676
33356700
30364064
30185832
30256828
30322396
31428564
29694536
30169188
30341600
31501852
30272772
30369108
30309144
30889424
30372892
30294100
30270428
30588004
29942304
31466412
30429468
30230400
30400824
34035516
31817680
30345636
30512120
30124836
30326772
30323168
30285800
30354544
30335224
35433236
33504844
31348156
30291096
30746024
30325620
30308784
29896832
30636020
31808112
32424220
31913120
30370856
33860848
31509656
30239912
30272248
30709160
35910996
33188660
31283708
30954248
30918740
30660040
30368604
30380924
30344012
31410380
30352076
30292956
30339656
30283696
30795768
30326824
30357316
30146104
30534568
30802488
30386040
30360504
30355092
36754168
34504044
31953584
30284784
30328464
31751256
30775192
30248960
30267908
30036216
32925732
33008452
32240516
30355108
30341436
30408240
30306468
30378072
30263424
31281056
31282284
31260044
30339684
30348596
30347316
34418584
32025152
30291896
31424448
30689780
30354112
30317480
30575644
32362204
30206516
30619068
30294060
30254796
31034948
30116536
30511264
30104068
30357416
31162580
31680696
31340536
30381824
31020980
30502116
30250856
30708404
30299736
34985200
32479620
30350496
30664044
32187088
30250932
30316296
30612032
30372404
30566188
30073308
29958324
30224952
30295916
31793436
30924708
30267968
30304568
30379492
30317712
29984288
30323520
30369756
37007240
34890016
34619428
33728156
33729540
32472424
30308288
30354704
30389504
30623360
30502568
30403304
30416052
30782276
32322928
31629096
30374100
30234764
30235848
30368316
30328920
30274844
30329824
34611912
32614544
30417152
30406368
30507584
30616692
30381892
30642104
30251860
32122448
31792560
30105588
30302708
30075192
30173820
30196524
30274704
30369644
30313968
34589540
32446564
30607872
30677884
31560588
30389324
30284424
30541672
30065576
30258380
29855412
29621888
30122828
30297340
35938728
33500172
31627348
30188384
30672760
30684272
30183452
29687836
30336148
35024388
31689276
30275624
30224456
30460708
31398164
30179720
30154472
30018672
34709872
33700088
32083560
30236680
30323208
30377044
30307796
30321896
30281360
30288096
30503812
30466108
30334116
30343112
36723616
34503672
32314828
30393028
30414264
30974036
30327796
30285668
30320552
31744908
31590660
30349884
30378596
30329924
35014988
33062836
30864556
30368656
30274384
35229424
32885680
30792872
30355784
30363576
31197812
31228496
30334020
30431264
30433252
30549760
30361552
30466892
30454816
31816224
30481392
30416564
30163596
30281560
30288780
30320824
30440048
30367544
35435644
32998640
30691580
30269784
30371664
30537156
30709600
30701656
30307588
30582636
31473256
29963488
30572300
30904256
29836728
31161524
30739512
30279384
30317680
33952484
31535852
30305816
30656088
30316008
31091592
30364284
30591396
30278120
30278956
32059792
30841864
30052340
30594332
30258808
31478004
30431072
30136044
30236048
30237468
30237496
31274716
30300028
34650220
31198740
30836768
30488344
30576372
30255988
30310816
30047656
30540188
30970896
30248788
30162780
30390612
30257816
30822184
31240904
30015964
30415720
30333272
30349236
30310968
30371604
30382880
33605940
32130848
30331916
30367200
30321300
32416928
30342992
30909080
30341688
30271580
31437676
30316996
30350588
30352328
31459964
30356396
30358308
30418936
30227792
32261740
31244728
30337600
30410432
30389128
30318188
30307064
30292280
30254808
30255076
30415368
30388988
30322064
30389232
30400408
30343996
31247648
30325132
30466376
30679044
30438356
30247460
30239128
31937568
30565688
30166040
30550204
30259888
32119284
32755936
32520124
30250676
30496268
32843248
30359028
30301652
30638868
30762312
30312968
30452340
30278844
30718100
32359976
32023180
29908096
30926668
30619340
30693032
29841416
30638880
30648000
30647408
36282840
34229320
31853948
30439216
30372672
30348928
30480324
30214524
30269548
36335380
34262932
32376620
30207756
31601860
30469876
30030104
30036012
30294228
31377672
30808864
30320748
30409392
30367164
31242384
30280820
30366700
30808060
30367644
34888900
32500572
30421852
30362524
30105620
31520080
30661816
30102304
30679568
37213484
36066184
34777128
32867436
32124524
30358008
30184132
30668668
30355660
30379660
30741208
30303228
30303948
30300172
34861600
32402064
31038184
30335384
31111776
30296640
30474764
30377672
30293496
35738688
33578908
31986132
30264680
30267836
31550156
30228876
30353268
30492420
29612136
33557460
31238280
29998280
30244064
31252012
30251124
30756224
30482336
30266660
35626312
32827104
30379804
30972184
33022672
30718512
30026704
30271184
30282592
30682476
30692268
30036568
29953364
31146872
31318856
30372008
30458624
30350400
31386920
30275596
30878672
30270700
30263520
30354172
30495296
31484468
30277068
30189696
30166840
30315288
30248768
30264504
32553888
30336144
30117684
30365868
30053144
30870380
30245012
29986648
29986300
31300404
30284472
30368500
29884076
30150544
31049508
30315364
30649968
30272088
30319292
31442936
29989072
30354340
30462528
32079636
31052960
30310980
30265476
30462924
30476156
30515248
29937068
30343712
30382568
34363612
31989784
30396528
30369404
30884072
30337884
30361036
30363676
30447504
30307680
31194204
30248164
29859240
29632564
34613624
32014288
30428568
30350860
32259120
30223884
29802692
30416244
30311868
30317700
35518180
33430416
31128744
30440600
30624332
30331820
30337020
30335540
30752756
31584904
30857800
31176380
30161904
30338560
30268708
30585896
30134608
30366040
31042800
30985924
31004256
30662792
31738124
30418352
30722036
30320104
30373044
31821620
30250156
30265552
30445920
30351992
30685540
30256096
30290372
30531692
30368972
30848064
29954476
30717548
30228764
29833976
31952040
30263652
30316288
30622980
30381928
30388928
30599352
30641720
30345528
34029828
31760188
30429236
30876356
30627048
30365180
30264468
30055352
30645524
30907308
30938440
30347860
30518628
30393084
30565088
30415208
30279500
30368420
36374420
33939132
32021484
30359404
30231076
29879480
30558200
30427644
30228860
30234100
30137344
30153280
30178388
30085172
30494536
30277852
30551004
30681328
30838992
31988468
30350076
30270120
30358632
30302988
30329588
31477680
30334092
30343940
35487844
33133316
30824328
30378812
30539144
30615264
30579048
30299408
30227352
30582852
30315064
30265964
30399020
30529584
34351584
32024176
30713668
30341244
30373088
30550332
30237972
30237316
30294452
33452396
31332492
30383472
30245840
30347924
30385144
30168912
29498520
29790680
31304400
33618648
31999920
30325752
30259024
31993784
30321692
30554636
30826948
30570416
31403192
31015140
30303444
31105056
29638944
30078656
30253348
30340336
30696008
31443488
31045032
31094384
30546772
30258544
31264984
30458824
30313992
30301636
34599260
32743772
31437664
30388432
30260816
30383232
30278076
30441064
30312484
30313868
31779880
31672160
31239424
30386376
34882192
32060508
30254372
30324108
30165188
30312696
30206492
30049876
30694628
34073324
30968340
30414340
30176440
30292224
31020584
30042636
30248552
29959144
30325248
30890756
31108688
31503840
30357596
32415696
30357860
31007104
30286732
30377008
33312248
32575660
30848088
34011164
33005576
31231820
31139584
30143280
30241480
30368104
30148376
30329488
30098028
30444004
30685128
30257300
30288752
30307328
30062552
31864824
31925596
32170336
30392236
34608352
32247144
30322900
30316412
30309076
30291912
30446428
30328584
30291552
30332928
33652544
32317204
30610408
30275828
30352296
30236140
30708344
29822864
30579592
34585580
32425224
30458740
30245708
30963568
30326104
30351032
30367196
30733852
32452624
33304152
30838144
30354536
29768928
32146264
30888180
30382516
30281588
30186912
33451168
31565576
30363048
30270508
30858108
30206396
30374360
30375140
30312520
35397892
33099744
30795316
30402028
31731060
30455764
30375412
30361768
31938792
29771724
31202016
30749644
30425180
30354244
32159004
32002164
30178684
30283792
30709288
30780468
30147264
30263568
30313888
35059668
32105236
30284460
30204388
30360544
30329020
30288476
29976828
30224188
29669212
31914872
30430672
30083828
30319580
30955932
30882584
31008980
30310940
30277152
29989684
30044112
30176580
30267620
30771028
30474204
31180552
30274744
30491256
34860568
32621052
30571064
30351472
30289824
30790172
30303504
30359944
30206608
30332924
31055548
30918100
30024512
30335932
31373664
30578192
30019912
30303160
30359836
32803080
30507024
30252008
30267000
31625996
30630536
30180716
30241572
30723032
31333264
30098944
30878644
30179776
30327832
30195236
29712864
30067784
30994612
35883308
33802916
31672620
30856340
31258648
32272892
30362948
30257656
30479144
30302828
35442176
33638196
31629052
30262872
30441812
30335300
30109652
30281952
30190876
31924552
30343452
30285928
30316736
33065436
30377544
30582340
30315404
31119860
29962448
29839768
29693772
30342768
30349740
32096264
30684512
30588288
30542540
31025840
30329836
29702012
30372828
29971964
30831140
30336064
30235212
30316972
31157892
30866468
30380528
30316804
30305804
30495212
30409904
30600916
30052384
30274432
31861192
30584544
30008244
30306216
30421336
30429060
31304256
30312920
30347876
32383728
32284984
30337760
30484856
30355584
31140300
30270252
30611384
30345964
30361640
31372684
30265956
30748176
31185960
31809412
31015252
30057276
31070872
30319356
32826328
30737232
30544080
30315052
30493844
30663632
30332988
30499264
30320564
33279596
32164284
31096624
30209864
30503092
32669472
30897316
30268044
30268384
30654856
30248168
30258424
30249756
30372044
32956040
30621396
30381448
30579804
30280064
30846088
31005356
30886120
31355944
30300348
30468856
30308668
30346304
30297168
33720728
31674624
30310032
30317684
32263012
30240996
30241924
30268084
30264880
33588056
35088396
32970260
30627852
30316588
30305944
30393464
30364476
30998920
30754344
35427700
33610220
33002448
30986172
30742888
30277664
30295124
30289184
30374620
30322200
30277272
30380200
30232992
33085452
30761172
30423732
30433264
30286212
30670768
30345040
30279700
30371452
30460748
32812132
30289944
30327896
31014148
30357456
30442596
30247564
30285236
30593684
31872808
30280200
30354504
30297736
30268328
30997852
31840292
30336332
30382208
34451200
31635148
30620428
30337536
30534740
30732944
29798856
30564096
31007792
30507088
31135872
30212688
30037700
30394956
31612748
31045180
29769068
30275472
30852968
30204908
30173968
31423972
30366800
31755348
30642584
31904068
30637144
30345704
30829460
30573744
30369080
30310824
30316148
34382940
32442004
30836076
30910684
31496592
29925316
29471504
30470916
30265080
34030844
31978068
30291164
30265312
30451040
30257168
30783332
30276712
30644100
30882860
30431408
29880384
30098588
30043452
30271088
30266436
30322232
30081156
30235752
33698644
33090584
30818004
30394312
32842076
30387424
30717332
30423816
30355744
30297020
30570072
30414948
30247544
33833056
31796180
30329144
30252360
30345140
31230272
30292048
30331712
30332848
31295652
31244292
31245060
30351644
30396716
33964268
31585724
30349768
30296448
30296452
33660084
31319972
30330652
30485648
30297124
30255908
30272444
30369808
30225348
31539288
31048300
30259080
30338368
31185548
30939704
30310188
30488456
29971004
30789472
30332592
30387848
30290724
30919744
35442000
31881304
30274776
30334176
30009828
29311344
30187748
31229464
30356256
30296516
30062416
30334808
30133196
30397988
32322196
30376856
30356420
30543628
30312600
35902152
33957828
31704824
30192288
30578508
30253020
30313012
30201440
30052988
30457992
30099068
30263996
30523240
32303700
31774896
30596788
29992756
29541844
30347684
29855668
30163792
30324344
30767920
33687164
31005804
29896428
30356968
30574340
30393528
30258840
30280256
30330432
30527320
30269696
30335128
30350620
30380072
30377432
31350296
30299360
30286848
33087204
30672284
30333452
30374556
30339964
32257092
32258248
32207668
31131668
30842288
37188844
35033108
32607776
30291400
31352792
30319184
30567360
30745068
30346996
35829348
33323224
31577736
30281092
30152768
30423412
31186128
30341772
31104496
30505076
31006408
30291460
30027488
30608356
33735632
31711888
30330944
30636104
31102244
30599548
30399068
29801988
29336368
30255364
36773832
32775168
31663372
30800288
31570100
31158864
30497788
30178472
30204160
32423124
31108312
30591540
31194696
30294580
30051516
30160288
30525740
30363960
32821544
30523324
30341396
30701424
30703160
32199920
30396528
30280344
30461432
30274792
30195936
30515120
30556700
30406116
31481964
30315688
30350984
30318308
31953516
30457616
30445376
30425284
30333780
33606800
32926748
32189388
30325428
30260932
30767440
30347568
30462000
30488904
31504784
30336928
30472768
30380276
30303312
34654900
32609048
31909160
30301524
30389476
30313028
30250552
30209028
30153264
37058672
35038256
32754776
30469612
30606628
31842824
30625080
30536200
31629200
30322560
32097756
31721692
32158164
33885472
31425864
30040736
30262404
30146272
30654388
33428988
30832268
29953152
29934444
30268864
30198976
30846412
30609644
30896432
35533476
35337608
33390212
31053028
30174384
31000896
30559600
30480992
30205724
30407700
32373076
30426052
30201788
30310532
35568424
33507924
31175652
31015352
30365724
30496440
30384444
30263324
30332668
30334464
30453080
30349924
30345656
31128044
33114976
30724324
29977896
30364928
30286784
35688716
33250736
31140244
30445792
32257236
30629332
30388060
30433916
30312780
30408832
30368092
31256312
30301656
30279256
30290592
30324880
31041088
30500360
30362716
30796296
30184492
30347284
30347776
35309836
33075376
31085100
30329384
31362192
30235772
29601976
30240644
30373904
30939384
30348132
30761128
30494968
30807776
34083372
33409556
31265492
30190124
31417368
30788364
30266308
30305808
30303072
30402020
30333320
32320400
30355168
30356468
33602980
31315184
30468780
30264364
30749980
30346984
30493476
30305936
30394560
32536760
32356528
30408360
30351904
30270508
30271456
30290652
30234700
30342180
30307156
30308644
31034664
30295604
30369596
31144904
30462964
30314852
30363244
30260092
35103800
32676328
30820876
30311040
31618848
30440732
29775784
30528444
30354060
33691840
35946760
34273460
32399284
31204312
30245008
30370176
30334980
30029324
32690816
33762292
35789056
33423156
31650276
31454744
30355592
30306316
30427420
32813832
33240200
31300136
30349732
30624600
30278084
31067956
30232100
30598716
30258416
31062224
30220284
30257636
30670524
29916932
31657280
31402604
30345880
30450124
34221984
32338624
30366396
30552608
30769108
31384368
30358644
31298484
30622764
30398624
30652896
30402388
30337016
30178800
30805576
30285784
30241200
30368952
30339480
31416244
31416136
31279700
30322656
30271956
33429896
30646948
30347000
30677112
31335624
30369776
30387776
30251112
30287928
31696924
30339844
30324136
30464976
30331204
31146828
30249440
30813116
30527940
30856756
31666300
31694392
31646580
30359508
33456180
31376100
30350624
30295652
30852820
30557572
30596888
30266796
30328596
34563696
32006060
30349344
30206380
30297452
31017100
30332800
30739076
30365628
30870476
34023492
31767088
30275428
30334100
30489344
30331592
30377464
30283352
30824488
33932108
31301456
30198112
30273156
30363124
30254116
30656420
30250656
30156836
30862880
30163156
30424512
31079016
30282460
30295128
30139936
30341484
30306156
31747236
30507436
30400048
30192028
30335456
30268604
30268516
31728120
30390100
30364248
30523156
30291064
30341708
30398152
34841576
33137420
30842784
30359960
30361464
31000412
30384724
30385456
END
END
