30304604
30304624
30305460
30197112
30285660
30282548
30311676
30238108
30320252
30242304
30385220
30179456
30500688
29733592
30456156
30234900
30653496
29803184
30787852
31332500
31341080
31605460
30691632
30691872
30691436
30692140
32147760
39623212
37159360
34738284
33635440
33612080
33628912
33637592
32994416
30695304
36584668
34312208
32238788
30293720
30287444
31426396
30272420
30246064
30181588
30539248
30187416
31097940
30712988
30242484
29620512
30035240
29259864
29274956
29665008
30206056
30113416
30177572
30101788
30653592
33991844
30587672
30206520
31045804
30282200
30087272
29954320
30149420
29046120
33043344
29578232
29746512
29443172
29547184
29108512
31440376
29333580
29894436
30936800
31909216
30198528
29720000
29725916
30062292
31463732
29804900
30233084
29960208
31455524
31900308
30501796
30416232
30233036
32280432
30491864
30490552
30340404
30342116
30341028
31104840
30224220
30340056
33353300
34887000
33030064
31878008
31320864
29946736
30342640
29777708
29619412
31014292
29749496
30245336
30179680
29865236
30244048
29680464
29852464
30263396
29881908
29847692
31914836
33574440
32310792
31824824
30986948
30555660
30050584
30247652
30213660
29604504
30087176
30962644
30411912
31598364
30205516
29954132
30229248
29735188
35509532
33332184
33003740
33317984
33301416
31818208
30208604
30188484
30318292
30245252
33051152
30213456
30585188
30722680
32872724
30090092
29503396
29951404
30042020
30128600
30722960
30244440
30578948
29781136
30564300
30043928
30144400
30919608
31026300
31395524
30615216
30555104
30555816
30555448
31404048
31604976
31428640
32827924
30566068
30725312
30206596
29436428
31062520
29413972
30732160
29458556
31963852
31338780
30559424
31249876
30279748
35719292
32807864
30766828
29105900
30105740
29455680
30101404
29909572
30280440
32158672
29936420
30500644
31614016
31716488
32680028
31029012
31028132
31029580
30751944
30752316
30752492
30753076
30337104
40020312
37168248
34368400
33707232
33692972
33252720
32116816
30730280
30685528
29734848
29821740
30046824
30800504
30773944
31088928
34463948
33879968
33064712
32123920
31287044
30583868
30182860
29786752
30137208
29200416
30641180
29482968
30043004
36055392
33839940
33804216
33444244
33175052
31817804
31065288
31023024
31102576
34015444
31620612
30217324
30273904
30215544
32627564
31767264
29802464
29792892
29242152
31020684
29768584
30151396
30082612
30170112
30902028
30652636
30240372
29678308
30735508
30295396
29383632
29813564
29758816
31846320
31278888
30649364
30300268
30593664
30299468
30245276
30649372
30309812
35048508
32600812
31674472
30386580
30161752
32894964
30808472
29662088
29686328
30152092
31321664
31321272
31322396
30265120
30275152
31692352
31692580
31692136
31693960
32708900
32413212
30450056
30287984
35090012
34873856
33757704
32634996
31884984
32532068
32262068
31854400
31855852
31855508
31855436
32040536
32042112
32043148
34223632
33462804
31180384
30302472
30378808
33790504
30991260
30432452
30608364
38185204
38442416
34543908
32489928
31186408
30723128
29535848
29209124
29617528
30095248
29878800
30249068
29795300
30234636
30911060
30220812
29735536
30207808
31272768
30521736
30867948
31408064
29558632
30587584
31876372
31883640
31885580
31884452
31405692
31429368
31430312
31430132
31431080
35909772
33375448
30575976
30291120
30267256
30268320
32006004
32006480
32007356
32006632
33569028
32174288
30851352
30284212
30350016
33937304
32833328
31643528
30247492
29852704
31693204
30030376
29886672
29763680
29982708
30756928
30200708
30125184
30132152
30196988
30141456
30399404
30365532
32137488
32073320
31780696
31662752
31283560
30674684
29964932
29883336
30570544
31671068
31670932
31672596
31672232
30885588
39172620
36778268
33802872
31423368
29977936
28822208
30454612
29821600
29606064
29513176
32481100
33342644
30311932
29133208
31032916
30541600
29411536
28943204
30062000
30515104
30525104
29570264
30176084
30210728
30074964
30186904
30053252
30200904
29624260
29783764
29964860
29935232
30826512
30318884
30322016
30710264
30553224
34417124
32029828
30224768
31508360
29770316
30029788
29719452
29896832
30056116
30966284
30695460
29517228
30714436
29404916
30958196
30265644
30263460
30262260
33066044
30685280
30834920
30431368
30778356
30797640
30690396
30559632
30560552
30560816
30560588
31115228
30308760
30261468
35050392
34855624
34865440
33451420
33161348
33168760
33391420
31044328
30311968
30243624
36674824
34110344
32054980
30740844
30688792
30263640
31044924
30675452
29388856
30052572
29984112
29805480
30480452
32309836
30484776
29819580
30121172
30482116
30293492
33862148
31426028
30204572
30216712
32867496
30547048
30318808
30482404
30221064
30310472
30089848
30217828
30198276
30048432
30036812
29817956
29811344
30143100
29547900
29244592
29734708
31046904
29378236
30311276
31086820
31282540
30813352
34466352
32136752
30283052
30252320
30228652
30204544
30251584
30880384
30725136
32064392
33964904
33422672
30745968
30006304
29982464
30191556
29663940
30275684
29990280
30313900
29682164
31322448
30274012
30637944
31692756
30969880
30086536
29628336
34587700
33708556
32638144
30739380
30226380
29559028
32589224
30562996
31531864
29792536
30595132
30254024
30270316
29863584
30670360
30258920
29933292
29479820
30139928
29333384
29906368
29623492
30051112
32737472
35511624
31965008
30431188
29800436
31098276
31699892
31654644
31654636
31655980
31656220
32515800
30978668
30899024
30897612
34917536
32603740
30318336
30508140
32650156
30503516
30353040
30187568
30264828
30458548
30534276
31430640
31668744
30202548
30447488
29624772
31011376
30694184
29339824
29834208
29682196
30769952
31255056
31227704
30115608
30326772
30314232
32969784
30203988
30442712
31335852
30836676
29647344
29720284
29875892
29850940
30226740
32015216
31195160
30871964
31595724
31296820
30369800
30085912
30163392
30116552
30279716
30290620
30844272
30846540
30289680
33872196
31598416
30404736
30254828
31135792
30328044
30253252
30256032
30684984
29411800
34925816
31036820
29882156
29680056
29520804
29686068
30040940
29713136
29652908
30036808
29704988
30464784
30598232
30615940
30616212
30616056
31347928
31313360
32961300
30582260
30023260
30657988
31014636
30278488
29295492
29993024
30297236
30183256
30105632
29663236
29771092
30212312
29891608
30346160
30039656
29711336
30295920
29362140
29813956
29644316
30210844
29763588
31115360
31825324
30190312
30306204
31383844
31278064
31277556
30263068
36738276
34556732
32276796
30297696
30227256
30446760
30330884
30206468
30932660
30306296
29084048
31018844
29506760
29925680
30936700
30371108
29133728
29460848
29585500
31292836
30612748
30020808
29795256
29846132
35789156
33479584
31438044
30221564
29872352
31372004
30432780
29533184
30346184
30140212
33019620
31710348
30166796
30183100
30864784
29721488
29911352
29485972
29767832
31313308
31518724
31360608
31429392
31431568
31431488
35832192
33421896
31228392
32648996
32690780
32692184
32692472
32586344
32473212
32474352
32474104
32474188
32941376
32941728
32941068
32844360
44584876
42291916
39917256
37764952
35560968
34265944
32231124
30919684
29748016
29790008
32304952
30272148
31110152
29410204
32351804
31075160
31102676
31087524
30685124
30037332
29593852
29971868
29692460
29976968
31810744
30846768
30299004
30201428
30348736
29948212
29614672
30016284
29519832
30616104
30170748
29878628
30100112
29716092
32759724
30611468
30261008
30297032
30434788
30623588
30263360
30134716
29841016
37405356
35541724
33041492
32924228
32194988
31777428
31045992
30559784
30400852
30691336
29494820
30041788
29876864
30103636
31581928
30092900
33410224
31025016
29731260
29601536
29943508
30387936
30094648
30158260
30470748
31084068
31085724
30384412
37178232
34785124
32907476
30756960
30281376
30207812
30814888
30658716
30199676
29896940
30117200
30003128
29996040
30266076
30658224
31199260
30265580
30210592
29017904
29698528
29401060
31041676
30444252
31763544
31806388
30854160
31199344
29528232
29918280
30683644
30710832
30710364
31685500
30224208
30264876
30419732
30268460
31214784
36194032
35156212
34118092
32895316
34066264
32131728
30882324
30110644
29645688
30230532
29813208
30009300
30148768
29967776
30727768
30844584
30773820
29318908
31632620
31775852
31216732
31141848
29898988
31671140
32786184
32823892
30474732
29489172
30193180
30097708
30126572
30204732
29451932
29990732
29857104
30254680
31562608
32156928
30327068
30213720
30720888
29928908
32390088
31086600
30108088
29931356
30511528
30148328
29843420
30180748
30447120
30447812
30997604
30404884
30269716
32135172
31236024
31270588
31497060
31515596
31515216
31516528
31582256
32238616
32238236
32122688
32132224
32132728
32132240
32581864
32397940
32333892
32334760
32334168
37308228
35151008
31759772
30288980
32336096
31466952
30206960
30287440
30358764
29923260
30532572
29903396
29861904
30728360
29626416
29839264
29592796
29530828
30764460
30332092
31223120
31232924
31460896
30209076
30538904
29966620
29693716
30092652
30857020
31121192
30895112
30904160
30903692
33276712
33278824
32237112
30258952
37830776
35731224
33480404
31162860
30270872
30804672
30622648
30541000
29721416
29614784
37469216
36065512
34349644
32562272
31619496
30879192
30144468
30207000
29817688
30320372
29639524
30022772
30394792
31929388
30212812
29845384
29822036
30159456
29839180
31301648
31416472
30315676
30233404
32307692
30790636
29570220
31471648
29569380
30117768
30729276
30305964
31221788
29486832
30169744
30444632
29761212
30630420
30745288
30604808
29497236
30929140
34516100
33067636
31101680
30963052
29563892
29789664
29578276
30363920
29707712
38316548
38466116
38297984
36124136
34010836
33794052
31574160
30590016
30296256
30256968
30697236
30272808
30305112
30540096
30252304
30552020
30091384
29107116
31132680
29597480
30080280
29927100
29869368
31471500
29761648
29879480
30606804
30691380
30975008
30321896
30303808
30225152
29678536
31003028
30244932
29332852
30209372
30268280
32035440
31603624
30420824
30211916
29267260
30985836
29820244
30087608
29178064
31794664
30391876
30866644
30390064
30231684
30013236
29807844
30015708
29994668
30285956
30318972
30319860
30302012
30225380
33378188
31133664
30238200
30351756
33108916
30240256
30078296
29595068
30023296
29232024
30940084
29514580
30505340
29951616
33027808
32393016
30909784
30141028
30542596
31057608
31067204
30876796
30254904
30262852
31925356
31927336
31928140
31928176
32125876
30691616
30344576
30284920
29931912
35639200
35908364
35924148
35925488
37643448
35458732
32955356
30944676
30306292
30766480
30277996
30320892
30168084
30944788
31687324
31933848
31620384
31244696
31252460
31251784
32578156
30280168
30255372
35217152
32929828
32582024
33811676
33811552
33813264
34609740
31533092
31932808
31932820
31933252
34145788
31933436
30513404
32884916
31196236
31199636
31118360
31118916
31118476
31067528
30278860
30251304
34643644
32046592
30843932
30271368
29854644
30842588
30531372
29533540
31307908
30162388
30213404
31293468
32289996
32299024
32298548
32342072
30195328
30183900
30164284
30420812
30463152
30463376
30311420
30608620
30632344
30632352
32148580
32150612
32149936
32150448
32150160
31912292
30360768
30369940
30372088
30371696
30371836
30626208
30331664
30136180
31426468
30316968
32030448
31919292
30622028
30197512
30213688
33073408
31257876
30282784
29927468
30311632
29957576
30165784
29649844
30278920
30184320
30065820
30461768
30247996
30139096
29340904
29856312
29427440
30270044
30516000
31076648
30296840
29816668
30842916
29426704
30346012
29925616
30066800
30277204
29868836
30994216
29792464
30472920
32755584
30583676
30273156
30303764
30328464
31386172
30293544
30048172
29699612
30401604
33150916
31939168
30265852
30146112
30091148
31089992
30842728
30219428
30437464
30438576
30336400
30625412
30625524
30626960
33327728
31048952
30272696
30150144
30070952
32558596
33234160
31702236
31678584
31679376
32217152
32118072
32118848
32119540
34601552
32402224
30281776
30312992
36126808
33904020
31060016
31323264
30078864
30293224
30899936
30715296
29695652
29704132
29702716
30045504
30011464
30312760
30663036
30869140
30896620
30899184
30333076
30334796
30333972
30333652
30333692
31216244
31217580
33769820
31592096
30207484
30341912
30353224
30385152
31451484
30335156
31330908
30278084
30302356
30222048
30291904
30317388
30662848
30217820
31105784
29651380
31092536
29417708
30105636
29497112
30163556
30807536
29260036
30275440
29731608
29864796
30836800
30631128
30481308
31288436
30294872
30306956
30203536
30440364
30296044
30165208
29852120
30258704
29863808
30249640
30655992
30253348
30384356
30688776
31009148
32845864
32854500
32727252
33543860
33552076
33552504
33552660
33880636
36796384
36797784
36091420
33932756
33849588
31080284
30308268
30922064
30535780
31090588
30305256
31003740
31013548
31013896
31014576
30556012
30395200
30281192
35704260
33377624
31313924
30224532
30282352
30280476
29712564
29966020
30597044
30613456
31375220
30021444
30246988
30277504
30278956
30279252
30280148
30934660
30935236
32892364
32672664
30322004
30507436
30832732
33860416
37076388
37652712
37653320
39558788
37709984
37439332
37447396
37447116
37448284
38354684
38362732
38233664
39993536
39602972
34361304
33010920
32717636
32870352
33750480
32028380
30223248
29891116
29573264
30143492
29539736
30490292
30303832
37378292
35763760
35923024
33704264
32664348
32568072
31910396
31816304
30859692
30500928
30506424
29838768
30107388
30089340
31993728
30331936
30395176
30197976
30260748
31479984
29738776
29892776
29427712
31720312
29802224
30213752
30144436
30056732
30064064
30337084
30255308
30301824
29741132
31068592
30193400
30676420
29517992
29692016
34665180
32066840
31443820
30952212
29583796
30039276
29927552
30504568
30224316
29797820
29427180
29579968
29612800
30976224
29538900
29371628
29729244
29753688
30043968
30010228
29851908
30619640
32246100
30955432
29518540
31158096
29612196
30114276
29797628
30194220
29831968
30815012
29717228
29983328
29687908
29823996
31902648
30189168
30480640
30001276
30010080
30822160
30906104
30759632
30599784
33569588
32344416
34622436
35128816
35152928
36345428
34053812
34388116
34405188
34405068
36657220
32256688
31355124
30564992
31484976
30744876
31893516
31904592
31904672
31905044
32374716
32192780
32202656
32201868
32201444
37440788
35233220
32864480
42600504
38980156
36093408
32163464
29484400
29497296
31212420
28844892
29734388
29393140
29548800
30077624
29901008
29383324
29218836
29444616
30089760
29746528
29078624
29788604
30086420
30305640
30703740
30711840
30712036
32983368
30739340
31404948
32142288
32197628
32115152
31283804
36437264
34337464
32164340
30332432
30268736
30235384
30267468
30282256
30880564
30237120
30321152
30538272
29882644
31033388
30266152
29550032
29651660
30582296
29258608
31441620
30066472
30169592
30008712
29687004
29794888
30390516
30188344
30468956
31409056
30151996
29803060
29938784
29845400
30285020
31006756
29269196
30616244
29816444
32351556
30135052
31212088
30625736
30219872
30753724
29962104
30171044
29268424
29795832
29456312
29705364
29790292
29857980
29395428
30300776
30240480
29933720
31570496
30318444
30005128
29746044
30164820
29478564
31027928
29591404
30036064
31136840
30148480
29907744
30092972
30456832
29518776
30509748
29901260
30126204
30134408
30260396
29858220
30124384
29525648
30290288
30915536
31572516
30643660
30307536
30306392
29930888
30198304
30117004
29514548
32267976
31601016
30181372
30281932
34068484
31915460
30313008
30305776
30030560
29651372
31551140
29739300
29699884
30065900
30146112
30748416
31393284
31409716
37675244
36318496
36726900
35334144
34896684
34920880
34919116
34918764
35878676
35879056
35878432
35831248
34175916
34222824
34222060
43329640
41043912
37992264
34660052
33927576
33053952
32652824
31339404
33493472
35620128
34271856
34066928
32038016
31036592
30324236
29858052
30115548
30074472
29511360
30962284
29620240
29926400
29460956
30035400
29618916
30071504
29686944
32932672
30236420
29891480
29233320
30124120
30224348
30086152
30027592
29901512
30506108
29525316
29768340
30080804
30115948
30003664
29820924
30470632
30095340
30281520
30206984
29861288
29993788
30268084
30710560
30312472
30311204
30391352
29586764
29880464
30002708
30284096
30040040
31880100
29972440
30411860
30025380
29916552
30509964
30085496
30304388
30820828
29973824
30424700
29931820
29766648
30202512
29817872
31558048
32289996
31733564
31824604
31031232
31002548
30581608
30959824
30650732
33467076
31293488
30315992
30220232
32264076
31355148
30786244
30294468
30750388
30310104
30070004
29746440
29801812
29944172
31791612
30238120
30932632
31971160
29495012
30221980
30562020
30570268
30570556
30570256
30612460
30270916
30361588
30360548
34488492
31621224
29740752
30323052
33060880
30898000
30309844
29993736
29309120
32393504
30310104
30167056
29661396
29780752
29855008
29805744
30026640
29921080
30033204
30054348
29571336
30112004
30213772
31893880
30856588
29773376
30016436
29885828
29689768
29922404
29682784
29915888
29530148
30833812
30135772
29822968
30015744
30189232
30034688
29998588
30295876
30211096
30084908
30130364
30405192
29994856
30379044
30204280
30482624
31441756
29708408
30611708
30024992
30181388
30284060
30321848
31010224
30748604
29668768
29999904
29940512
30194836
30106796
29735092
33569104
31012700
35431428
33561568
31844056
31391552
30226916
30232624
29588888
29982880
30196888
29999700
29412068
31107780
29455848
29378344
30121400
29916504
30440396
31168216
32125568
30267948
30400512
30230444
31493060
30269492
30656512
30230892
30014416
30019208
30256584
29755624
30236784
33064568
31403240
31032360
30847472
31103836
32858268
30677208
30793796
30794908
30793924
30793036
31249016
31251804
35471340
33244308
30968500
30278004
29632732
29999860
30951272
31468980
31145544
30407864
32367476
31550904
30293380
30302108
33127896
32686624
30344540
30248904
30409316
29505520
31090128
29696116
29887404
30255108
30704772
30140948
30010464
29954716
30056484
32004200
30404864
29972076
29793568
29598900
30238712
29447292
30056496
30220428
29487300
29767668
30939344
30294340
32230788
32457740
30244264
30273792
30273136
30607012
30320072
30394820
30367220
30291116
30277216
30240132
29510272
30047680
29737140
30001288
30310816
29497240
30989948
29418900
30074764
29591844
29892748
29780948
30167472
30776796
30229832
30174764
30692616
32560660
30289616
30084616
29924228
30245112
30351384
30177744
29849116
29989336
30061620
30048764
29696480
30439800
35039600
32699552
30404228
30251516
30066540
30654676
30671304
30669668
31157736
31156536
32057104
30713328
30637292
30184748
32688704
30237288
29607320
30622176
30279792
31993840
32139508
32137888
32137184
32734064
33023516
33024092
32399776
30266680
29698236
31372128
33814884
32340480
30258660
32144392
29963284
30079776
30056484
30004276
36596340
34350668
33102308
32010044
31834796
30291244
30100748
30731192
29502704
29769844
29783232
30343908
30746340
32040692
30263160
30280516
30279504
30279248
37613420
32904512
31245052
29187588
29813728
30255708
30309896
29996588
29712456
30220744
34335788
33125040
32521056
30576456
30757708
29660704
28836560
30845444
30508452
32021096
30964152
31257780
31266712
31489308
31490488
31490720
31491896
35042700
34144284
33686492
33103268
30800444
32321796
30370520
30447708
31070248
30657464
31434220
31440072
31438284
31690604
31165172
31044744
30004340
31682924
31094876
32821120
32859556
30143196
29476720
30058196
30381980
29987484
30200164
30303812
29967056
30031748
29812940
30061984
29818316
32768504
30304504
29483572
29986172
29622968
30506152
29847128
29911504
29951388
29569712
30286904
29791608
29740620
30408332
31346420
31516700
29553352
29668544
30304060
30343776
30274672
29670216
30033852
29094644
29775172
30067808
30073748
29691608
31611780
32890300
30805248
29873504
29796264
29950200
30099780
29756084
30257532
30494056
29526584
29609528
29685544
29989600
29731380
29893944
29776500
30037328
30080156
30324204
29828136
29983696
30361780
30453876
30172384
30177756
30066868
29971716
29924912
30322948
30318672
30129568
29689500
30971480
30438912
30207424
29739468
29762676
31005376
30204716
30014204
30551288
31662768
31294584
30359768
30246788
30248672
33652800
31603128
30229488
31183040
29989044
29702652
30242512
30803004
31230696
31723076
31739276
32002748
32003012
32017412
31018944
30551028
30789588
30788412
31183936
31438928
29685684
29917276
30326216
30323956
31059600
31060552
31057660
31055248
31915700
30252584
30341812
30322788
38157000
36839392
34741080
32469488
31156324
29644916
30037444
29823960
30182644
30198248
32784180
31222828
30265656
29475632
30795840
30766060
29379700
30264668
30175592
32346732
33490404
32433788
30262264
32572640
32503260
31682848
30221392
30231420
30647840
30985300
29598152
29800112
29690216
29766860
30155936
30147676
30006232
30211516
31436360
31262280
29568140
31024584
30678028
31195720
30451644
29999444
29861644
30063696
29732776
30099084
29730752
32196832
30366084
31822112
29779508
29710704
30000312
30419536
30239444
30402304
32514732
30380232
30224992
30479100
30251636
30258412
30294480
29888776
29565096
29668272
29552848
30104436
29951420
30472352
30667004
30392228
30204744
30228324
30302812
31130124
31130384
31131388
31131664
31129104
31481208
30341904
30280216
30190932
43015228
40721940
38500168
35946020
33496636
30282436
30765560
30176204
30181228
29697604
33387856
31862340
30383124
30064776
33283452
30969456
30546692
30634692
30537828
31056468
30857216
30858052
30858152
30852800
30860632
32430368
30248308
30431712
32722700
30319340
31392364
29387128
28984772
32407340
31058180
30955496
30235504
30163480
34354392
32163684
31174072
31394140
32139832
32235580
32232996
32239260
30028900
30845824
30817676
30818132
30819236
30818956
31496920
31506828
31506112
31505236
31522424
30489080
30341240
30342820
30279656
44150284
41088476
39348144
36992552
34715948
32435784
30535204
30810672
31249336
30232892
33935828
31230764
31066916
30404752
29808372
29825960
29380144
29906056
31272496
30487688
30480076
30343604
30365648
30579720
30260704
30229280
30221408
30323016
40235156
37894108
35640084
33261668
32231600
30267392
30259356
29789864
29786940
29533500
29394728
29426364
29767252
30245532
30282472
29942556
29344904
29439540
31024600
30267172
30383824
30384780
30382368
32088872
30251540
30400956
30250652
30566944
30573852
30216508
30479440
29870408
30298804
30130612
29626212
29859760
30111472
33668512
32919256
32044076
30654364
30181740
33087184
33228788
33229552
33232404
34274728
33428364
33430276
33026580
30780732
34400924
33569108
32423240
32431296
35087000
32706776
30443152
30273816
30346032
35721300
33668260
31034532
30336228
31170064
29728776
30256772
30622336
29290036
31083276
29972140
29791792
30010368
29793864
29944476
30099744
30164840
29608524
29611508
29982652
30230012
29947096
30310700
30337548
30185388
29385196
29764912
30183948
30534440
30145124
30053220
29879656
29800264
32175604
30373100
30276136
30202400
30965816
31074400
30281788
31016524
30718288
31069180
30724060
29646804
31068468
30956216
31229072
30935364
30122212
29833888
30114788
30073824
29866940
30115432
30012800
31187900
30156896
30203960
29870960
30014108
30125216
29757620
30278456
30261168
33411896
32320336
30272096
31212900
30520108
30217884
29717272
29918872
29651500
30845892
30383616
30090436
30217516
29980852
30795260
30303644
31262076
29931628
29720488
30015912
30111224
29886872
29984824
31268648
31270236
30259800
30256432
30320524
30276192
30481056
30327872
30007528
29635176
30163996
29817736
29761276
30115864
30878468
30266356
29335176
30969212
29479280
30521488
29561812
30348252
30292436
30345348
29789048
29643464
30626980
29495520
32442668
30608208
30241888
30092808
30005564
30023620
33139704
31524376
31396152
31264284
29923920
29972192
30025700
29954832
30243424
30226328
30259988
30281340
33981220
30122644
32300704
29724952
30184768
30073876
29354968
29480200
30237720
29572944
30185100
30158684
30002456
30898380
29711296
29696588
30346244
30156128
29948760
30212200
31045100
31052332
31053872
31444740
31446220
31446116
31444984
30255172
32695072
32399984
30243036
30243344
30628508
32946732
30504664
29890008
30506112
34418036
33963952
32565808
31756032
30229732
30222064
30741108
31999140
29019368
29963252
29694132
30414760
29814908
30111992
30240220
29954560
30270244
30810972
30638968
29380108
29736436
29100992
30378392
30159040
29667796
30306448
29897904
30395096
31655072
31276604
30667620
30682264
30297272
30272784
30304264
30293900
31029660
31156060
29524012
32203216
31590416
30266592
30330600
30218832
30223536
30164412
30236320
29912708
30457240
29969420
30038944
29962316
30139248
30242948
30258796
30199016
30175528
30002636
30012500
30158324
30635016
31004328
30130156
29979960
29683004
30189664
30300380
29862652
30545544
29911720
30318984
35951760
34348992
32116556
30315912
30422896
30447848
30308280
29892076
29904920
30595984
31047660
31048092
31332332
34391284
32643160
32541700
32557548
32556076
32635984
32694604
30874884
31041100
31047576
31046644
31839908
31839732
31840568
31840976
33309316
30863396
30211588
29887052
30284432
30575312
31089004
30231456
30232012
30231124
30230500
30290320
31073232
32262892
33691512
32667256
31691748
30479468
29717800
29987600
29672028
29996616
30298364
31235604
31259972
31261296
31260052
38128216
35829460
32389320
31393176
30271192
29882960
30008764
29078740
30303340
30287000
31442360
30092148
29990384
29635228
34207292
30899884
29797596
29665752
29747848
29807832
28477588
29650324
29424432
30801516
30430492
30332748
30264672
30250996
36687808
34673388
34142776
30794004
30804264
30088840
30163608
29025104
29083168
30018108
30336120
31021456
30282028
29341180
29925312
29697620
29634848
30233064
30238212
31227808
29822268
29386860
29710508
29953644
30314088
29994164
30350588
30748556
35556096
33143244
30724312
30329268
30592992
30266492
30234772
29902752
30186424
31107428
30229572
29783100
29751304
30478080
29298844
30084988
29250956
29972568
30253760
30326972
29776880
30609960
30625004
30697012
30698496
30178888
30435672
30433816
31405360
30227632
29858764
30428588
30449764
30630928
30315728
30324312
30308272
36828288
34303544
32300800
30236820
30333436
30347008
30289116
30234016
30298596
30747144
30635284
30224316
29720424
29356976
30553504
30151908
30036036
30251940
29621760
29633416
29894340
29800884
30277912
30240784
29823060
31224136
30301360
29999076
30333988
29802768
29283816
30094240
30155836
32359812
31092716
30066356
30139560
29165736
31658944
31083660
31987048
32028800
32293076
32302236
32299680
31304380
31208020
31741024
31742256
31742708
31743080
33587752
32979792
31619384
30744836
30285424
32225984
32227588
32225804
30845496
30749020
31778452
30344916
30275964
30243432
32303208
30103936
31180556
28904652
29330208
29583916
30079112
29881924
30315524
30017124
30711820
29853428
30260280
29919852
30271752
30554364
29926800
30340280
29542156
30123844
29759760
30496012
30155124
29972480
30163812
30212348
30723164
30393028
30417044
30416940
31165708
30448644
30827756
32515096
30428480
30472436
30325984
30241704
29249164
31003428
29716620
30182864
30098644
32940780
30162204
30070072
30492108
29590224
29705172
29943380
29974328
30071768
30401808
30785540
30810276
31215012
33488872
31797692
30481428
30512520
30526808
34853716
34853180
34854904
34854688
36713480
33556116
30316616
30318388
30279872
30346312
35125652
31345888
29687124
30090956
30169584
30311724
29036116
29934988
30207148
29623844
30084868
29698832
30063672
30231280
30735680
30419448
30442860
30318584
30328684
30588212
30453628
30463476
30460128
31090292
30187024
30259312
30260372
30259712
31077112
31076812
31076828
31072140
38642136
36539960
33882584
32597444
33195008
33360432
33335484
31549444
30297628
35520032
32987284
30888672
31131684
30583396
32060452
29339616
29797096
29620188
30063900
29664488
28927068
29653460
30075784
30239372
29742464
30019452
29590628
29923376
29583820
30245372
29860028
30267264
30318956
29876108
29997680
30132268
30006380
30162312
30160496
31072024
30328500
30557192
30389500
30271924
30217044
30198844
30249048
30298588
30224096
30450196
29372776
31192684
31216380
30514604
30470752
30470272
30469712
30470264
31255992
31255392
31738196
31613140
30251292
30355452
30080888
30177780
31533712
30638536
30735896
31778948
30741796
30742500
30311440
31491096
35170000
32962996
30753368
30407444
30358580
30332116
30344612
30088656
30590380
29936068
29627832
29676684
29912880
30735916
35105160
32677368
31214100
30412156
31524484
31761672
31761508
31763536
31763116
31761312
32219088
30602356
30521412
30520444
30520320
30414840
30627576
30105428
30468200
35202528
34329704
34329792
34327052
39889544
37427176
35309488
32899344
30495616
30291212
30246912
30223760
29650660
30805396
31374900
29645376
29999684
29764292
31772632
32513364
30773576
30903656
29695320
30340212
30132980
30270428
30222408
30112916
30495112
30367360
31683716
30523604
33138692
30688996
30248528
30282924
33338528
31363484
30276568
30372092
30342744
30270288
30720908
30513356
30638628
31281456
30422272
29977636
30304856
30333528
29881792
30219272
30860848
30358124
30209624
32003872
30339380
30453744
30231708
30898128
30301904
30297988
30220768
30055952
30278932
33197832
31373428
30405800
30279432
29629240
29519008
29610068
29233852
29523216
29552900
30709032
29491940
30207096
30215968
30242920
30305516
30343896
30269136
31488372
32003152
31049316
30341448
34649036
39421248
37823352
36046620
34640448
34680476
33578720
31648224
30257860
29773036
29919132
30079624
29967208
30726516
30451160
30737912
30351324
30340284
29934900
30281724
29959772
31287900
31687092
31175732
31177196
31177704
31177880
31178752
39254744
37070324
34891276
32770092
30475044
30270792
30264476
30374868
30234372
32173700
30295320
30234252
29652376
29817324
30229600
33505400
31943608
30312536
29967872
29875228
31304372
31903724
31107472
31205448
30302504
31038768
30898316
29144792
30135720
29728388
29113928
29536372
30180536
30329872
30548912
30292988
29584024
29588928
29693464
29533116
29826692
29982072
30264976
30249472
30161344
30707468
31883412
30360572
30437968
30773916
30490180
30490936
30490484
30490176
30588584
30312472
38738336
36486364
34049160
31709744
30338864
30192828
30185544
30233848
29247332
30272652
30253564
30212952
29732216
30117564
36071748
34445496
32336956
31579312
31224728
31370840
30249124
30078052
30233084
29909652
END
END
