30222252
30221768
30223104
30131924
30126544
30195864
30158096
30230488
30141436
30314588
30165684
30450908
30144292
30065808
30083388
30194240
32327188
29074248
29252580
30205992
29273912
29773560
29716560
30095944
30222576
29292548
30043748
31532132
31488356
30137256
30122128
29861492
31334640
31359824
31150928
30207932
34453308
32324732
30243836
30231964
30230708
32400880
30181368
30602116
30090948
29927864
32447852
31675760
30177048
30176704
30826664
31674120
30583264
30083800
29844208
30656076
30598756
31399020
31432184
30296280
34080448
32037252
30294080
30148848
30235520
30905972
29609792
29915124
30005020
30637752
29442384
29619580
29958688
29931188
30085888
30144200
29923100
30253716
30186364
31356288
30649536
29464608
30476180
29388680
31021764
29950348
30278404
29931464
30155060
31018228
30548336
30178768
29993124
32886776
31282348
30048464
30144596
29949144
30403680
32604272
30585640
30236812
35161420
33090060
30574180
30158960
30768296
31095556
29604776
29849560
29679260
29700216
30181264
29566500
29752968
29682636
29986464
29894564
30692740
30200564
29436024
30078060
30364736
30240108
29925212
30199124
30409656
30455288
30746656
30821628
30822780
30822412
30383784
30228408
30236604
31073104
31073104
31073524
31309044
30819256
35252716
32741644
30804000
30512244
30970384
30217548
29670576
30068640
30193392
32123088
33735232
31703840
30799588
30513780
31621260
30249076
29716012
30130732
30078200
29884600
30313064
30163236
30173872
30310644
30105704
30682940
31039328
31048572
31965776
32147080
30492624
30495312
30495204
30496212
31045148
30822548
30609412
38311456
36361948
34216620
31980100
30263032
30569128
30260772
30960736
29619208
30013788
31414396
30615816
30771100
30204808
30622672
30238332
29800684
30349560
29285736
29836392
29677092
29611108
30211428
30074952
31217124
30607772
30333032
30199676
29398848
31286004
29372904
29822052
29535820
29841780
30583048
29777304
29930572
33389572
30985956
30706744
30196296
30309028
32225540
30856212
29452684
29602240
30225324
30060772
29881312
30227224
30223696
30265732
30225492
30138508
29622688
30087728
30114472
29581624
29912484
30268860
30197120
30001376
29775152
30249668
30657880
30564360
30560316
30552712
29539780
29403972
30352732
30352208
30352148
30197604
31351784
30470700
29927148
30656852
29477632
30079956
31902040
31458668
30251768
31101448
29571120
29556668
29755952
29955108
30033016
36917328
34394460
32736360
31565756
31503332
30775216
29311084
30402108
30428076
31021812
30227412
30132328
30215660
37566000
35389920
33203244
31113828
30173384
30538620
30717572
30190424
30205184
29947988
30732936
30124608
31029044
29199092
29758824
29442836
29566476
29461200
30865208
32544080
32310824
32311836
32311812
32312184
32378808
32673684
30585772
30123832
31450068
31451188
31657972
31667396
31667824
31668124
32555952
31860496
31860776
31861652
31862228
31846332
31854356
31854212
34470876
32536044
31088436
30258608
30180384
34977412
32402664
30379376
31010952
31930092
32532180
29997320
29540588
30192584
29646704
29726880
29717452
30073596
30037912
30845276
30218628
29473164
31130580
29501844
29837408
29563880
29943144
30209044
30829172
30808496
30195552
30015712
29977288
30345336
30048032
30009416
30120516
30945028
30589984
29889508
30724452
29377276
30441884
32902916
31691432
30737668
30248132
29975176
30133988
29581252
30041332
30121260
29742452
30290760
30213436
30250704
33003736
30658576
30170580
30239632
30207428
30170200
29543088
29591096
30714932
29227396
30224368
30003072
29665880
30621500
29998308
31021296
31602548
30272948
31139404
29500188
31075532
31567996
32159808
32183612
32072708
31414348
31415312
31415956
32028256
32062932
32062940
32063312
34803200
33390932
30837412
30118408
29707520
30405596
29622100
31317676
29603260
30123136
30260312
33043852
32469040
30556696
30118444
30521812
30202120
29810696
29853560
30001264
29741304
29887920
29611684
30251360
35069252
30245980
30579440
30907044
32837760
32831784
32832748
32833272
32291976
32290640
32980056
30784224
30176096
30198948
34086504
32125036
30394720
30901412
29840440
29994964
30179540
30228488
29464772
29727644
29856220
30013688
29870488
30214956
32315808
30289084
29692540
29446964
29792620
29880492
30293868
29942960
29225852
30638460
31081160
30224528
29981080
29640476
30095084
29802944
30095056
29871772
32130036
31779184
30700516
30026372
30023252
30013768
30799260
30145412
30186408
35249628
33243068
31172268
30268360
30234908
31342364
30292908
30273740
30227620
30156668
29967532
29653376
30220044
29225664
30504864
30208240
29687380
30065648
30189072
30221536
31364200
30251772
30199212
30247596
30403892
30201324
30142856
30236692
30174732
30936308
30738352
30858952
30151092
30312272
32117272
30163752
30082724
30246640
30264500
32454180
31986860
31987368
31987020
31986988
33686120
33526528
33031272
38537872
36824028
34513700
32287484
30211872
34815628
32843988
30710748
31791192
30163120
35595580
32188808
30726484
30162272
29765292
29886100
29005040
29783940
29830376
29693492
31072732
32126736
30227300
31400680
30192592
29889892
29418516
30027616
30337200
35248196
33733844
31544544
30147952
30735308
31672132
30090204
30241800
30238968
39870932
37350444
34656768
33179652
30271400
31217988
31090512
30417320
29832232
30569180
29011380
31218160
28636248
31911216
31031444
30213060
29388620
29395128
30593776
29985524
30111832
29946480
29842940
29885864
30628316
29721704
29634880
29652496
31458816
30143664
30148984
30380972
30253964
30167364
30222264
30218700
30196936
30242280
29388324
29719224
30253460
30064608
33464320
31009444
30282500
30167304
30128304
30152560
30078628
30160540
29812168
31010116
30857292
30138356
30120708
30059068
30440216
30650348
30393696
30145832
29425816
29840280
29766760
30097552
29885296
31249508
31581072
30247788
31093184
32205544
31047032
30390096
30422500
30299824
31216728
31507512
31796548
31798104
30865432
34545408
32311336
30185744
30196356
31555420
30147964
30421964
30224648
30269612
32167540
30257584
29176672
29915048
30212732
30781628
29917564
29598032
29711616
29943264
29828960
29088936
30003940
29917088
29569184
29884424
29325212
29455700
29421552
30232944
30123044
30201260
30144140
30512564
30341496
29414500
30778748
29730352
33994740
32065736
30760532
30404776
30151024
31159528
29956988
30018040
29568180
29857408
30211888
29888916
29642348
30838096
29474812
30231528
30667012
30157944
30247020
34587080
32224336
32200848
30912376
35185476
32502112
30342068
30178992
30155540
34070788
30735200
30141952
30148400
28785860
29910248
31360608
29801432
30578916
28857876
30254240
30180940
30019724
30196412
30022848
30385804
30971876
31533580
31637376
32740236
30966684
30208012
30230844
30115884
31351364
29942224
30170408
30268720
33615868
38107456
35751016
34437644
33030168
32125212
32136804
31560988
30445908
30338852
30162460
30139540
29983900
30160640
31437524
30825600
30696632
30169992
30262380
30978848
30311672
29905540
30018812
29570912
30240472
30178312
29877016
30477916
30344428
29898040
30329180
30276180
32112364
30189068
30232792
30236560
30192084
30265048
30252712
30380252
29374408
30139936
33054424
31632188
31851632
29568032
29863204
31088020
30291912
29793472
29501552
30094376
29880352
29713580
30293012
29313140
29850656
30697144
30018816
30020872
29837040
31061408
31160048
30057180
30014280
30694232
30910312
30943176
30943180
31467784
34752280
32965632
30812620
30206648
30282728
31105928
30074024
30020808
29673528
35033588
32166368
30252148
29451344
29732196
29678620
31298084
29874704
30012840
30163056
29902536
30616240
29975720
29887420
31588216
30113260
30251612
31628088
29272672
30100112
30219256
29332208
31433236
30653916
32937140
32960160
32961236
31868828
35449784
33241736
30885008
30242868
30232056
30880812
30158084
30504636
29737724
29812632
29990020
30066696
29788812
30615336
30141708
34480256
32425828
30759596
30159784
30001496
30316328
29923936
29531696
29502444
29721096
31734936
30213824
29539136
29842436
30914380
31022148
31629312
30927064
30138644
31139984
30161512
30124016
32312480
31145352
29988896
30302872
30210488
31187852
30242368
30230864
29977304
30134016
30102900
29853464
30204280
29927340
31433528
34411308
32140832
30215868
29908012
30012176
30435976
30010624
29272620
29936540
29939320
31178240
30803976
29776436
29648816
29518196
30138732
30156804
29449564
30206788
30843736
29413684
30103704
30167688
31063020
29930024
30065516
31427384
30053008
30039192
35622180
34329448
33759028
34942508
32558604
32957560
31704724
31656228
31043480
30476784
31049652
29604604
29637836
34443276
33282380
32996632
32955344
32061292
31513360
31926368
31280708
29894900
29732940
30100612
29879040
29863680
31046132
30755872
29984564
30067332
30452680
36194896
34271628
32867748
31153592
30153592
31621640
30200904
30174288
30145036
33101792
33102256
30557596
30120296
29939828
30088888
29645920
29534236
30046680
30316364
29431632
29509076
29773640
29949204
32671608
31125676
30300568
30843976
29270172
30293648
30448608
30449184
30474684
30474628
31025484
31027268
30154544
30251984
33794376
31710396
30172832
30163564
30799028
30194088
31053472
30223264
30807044
29657172
32713780
30687432
29718968
30163336
29934748
29961932
30214316
29868564
29951596
30892232
30632016
30757732
30206332
30259520
30547800
30182888
30206764
30207184
30207612
30207096
30480980
30214592
34805508
33331016
30687564
30126536
29695944
29383052
34318788
31231424
29788960
29405300
29814872
30167976
29788292
29732040
30449628
29428536
28984028
30062532
30311840
30162852
30504436
29512372
30507816
30234556
30052656
30155788
29936104
29910016
30215240
30215432
31277108
30215320
30149336
30628896
30251768
30172976
30247404
30378192
32376764
30503408
30200628
29353284
29629280
30241084
29914264
29458932
30132536
29478332
29633956
29638544
30254876
30173028
32952652
30289204
29471328
30511628
31379716
30279256
30140388
30751668
31330548
29934376
31421748
28908828
30122620
30093608
29637840
30616232
30172788
29491364
29820812
30228256
29929856
29812240
29980688
31006000
30060264
30101304
30019920
30758684
30133296
29745732
30122460
30215532
30577216
30577632
30578376
31950056
30229980
36470236
34326808
32064256
30161240
30633280
29820356
30538988
30638288
30138824
30216916
30203708
29981920
30814772
30215352
36054316
33152684
30244968
30255652
30743256
31109116
31143232
31068648
30281536
30281700
31397464
31398168
31398364
31397872
32783152
31064212
30252208
30216320
30304436
35260796
35261088
35262036
35262104
37946408
35878080
33606168
31444160
30270760
36859132
34678172
32255036
30226740
30236292
30044900
29658372
31710504
28997340
29932844
30031884
29483140
30104572
30810832
32216968
30004908
29409740
29559584
29640380
29851600
29867908
29981716
29968196
30018924
30600392
31005192
30127504
30180384
29559892
30796704
30597800
30588804
30947980
30928696
30223848
30146720
30161228
31756000
30196756
29600596
29455760
29645624
30001508
30509432
30491768
29724648
29556652
30416136
30672276
30672780
30672892
32385176
34173220
32055348
30180452
30246448
30548572
30574252
30574096
33111744
32256756
32256892
32257464
33239588
33240744
33240400
33240364
33241588
33314220
31928568
31946388
31945284
31945688
31945832
39253252
38236488
34951712
34568468
32891764
33536948
41531444
38997052
36755244
34541000
36161796
32425072
30771460
30422432
30195012
30216688
30519132
29836928
30026236
29464328
29904536
29899104
30240328
31689312
31768904
30369856
30668768
30668708
30770300
30971344
31243636
30954516
30356836
30355828
31407480
31407580
31407132
31408176
32585808
29897160
30513236
30430156
37103124
34963860
32963036
30828084
30187220
30665704
30193092
30141540
30153940
30089620
30422728
32494448
30431572
30124908
29510032
30034576
29826272
30133356
29821364
29783320
30406376
29865660
29560360
30373084
32118120
30188548
30202264
30191068
30315128
30314380
32349480
30460228
30433344
30434880
30858952
30875980
30876096
30875172
34801164
32860684
30802692
30222332
30494860
30235468
30183684
30237600
29924008
29003128
29024864
31187636
30401260
30164540
31988140
31160300
30157168
30123372
30212296
30469400
29751876
30012916
29999608
30145044
30090972
30233036
30098460
30435124
31119044
30944468
30214736
30139640
29573392
29479820
29454848
30210232
30246944
32558356
30884172
30822696
30853828
30913876
33828568
31382868
30135020
30223080
29802728
29526844
29613240
30169492
29869804
30852416
32709744
32709704
32710344
32709976
32715264
32752312
32752576
31047192
32136944
32659252
30212448
30263432
30616872
31265484
30194024
29736876
29991592
30481024
30737496
31890288
30802344
30157420
32512068
30508460
30184588
30832776
30663292
31800132
32007876
32006992
32007544
32007520
33025168
33025940
32439144
30281348
34780444
34086348
34086956
34087444
34088360
36345264
34623564
34556464
34564320
34564896
34565764
35432104
34144760
33475524
40437348
38172460
36037236
33964796
31748456
30591044
30239280
29889344
29366440
29513824
30427144
29997556
29645960
29790872
30190684
28950380
29405320
31192568
28819932
29567140
29033072
29183376
30149968
30176164
30193548
29494136
29693756
30000524
30409244
30242328
29875828
29995816
30069348
29792988
29888968
29652840
30655640
31249784
30230000
29845880
30240900
29945804
30055348
30196804
29723784
29934320
30139176
31225976
30562648
29801472
30092552
29942180
29926768
30075148
29499492
29647456
29719544
30302812
30179456
30155164
30127084
30302140
30027956
29981712
29911524
29947384
30248912
30026280
30451600
30120308
30729720
30763768
30763020
30830116
30831784
30633476
30416316
30406780
30407876
30407028
30408168
31478156
30226048
30139628
30109820
30125316
32153232
30275096
30158344
30953284
30098576
31027596
29327348
31264336
30210248
29997920
30379152
29672880
30618868
30116344
30539464
30580036
30579876
31788860
32302880
30623420
30512644
30521192
30509396
31095764
31096592
30216132
31589936
30361272
29851040
30195432
30195796
30195664
31154180
31769128
31778064
32507544
32046116
31684696
31686396
31686168
33912264
31622376
30168892
30251168
31714468
31540672
30274624
30336760
30425328
34040072
30853464
30650256
30767924
29576492
30071148
29939572
29190928
29423916
29564364
29402696
29908336
29710924
30483488
31640412
30133368
30100124
29924912
30187656
30296636
30093272
29915540
30166516
30185088
30185512
30366800
30156516
30172804
30200748
29793140
29839528
30624192
30075740
31059276
30216784
30319184
30622580
29574056
30033492
29983036
29754160
29796820
34134440
34080472
33051076
31933380
30880400
30048132
29839284
29867524
29622736
31401992
30099284
29892628
30304092
30496460
30299100
30029956
31058176
30545600
37459952
35294820
33313716
31183036
30226212
30248804
30227704
30144404
30144724
29901748
31564988
29526380
29546928
29954928
31043880
32914108
32312048
30049996
29864132
29799704
30174188
30120360
29842100
30450648
30144920
31677052
31677404
30540848
35900280
33380240
31090880
29786280
30027988
29994020
30145060
29923808
29235064
30031808
30538940
29706740
30651248
30525124
30211544
30172804
29943384
29701036
30242420
29728400
30169356
30256620
30340036
30702956
30702464
30101220
30276428
30165248
31417644
30234988
30157528
30201432
29521624
29841768
30488652
30002360
30213296
30569184
31240800
29835480
30951108
29448728
29263260
29491664
30590896
30204884
30738840
30116596
29741160
30015580
29968724
29820388
30101580
31574152
30870620
31465452
30647944
30505796
30547224
30545668
33004424
33004084
31979988
30779676
30161812
35729768
33686192
31584620
30151100
30198232
30565656
30154408
29692500
29409020
30750064
29695456
29712944
29624732
30183800
30500140
30287156
30451036
29687824
29660672
29734636
29879188
29740568
29887760
30747980
30747592
30721872
30259800
30302568
30302452
35017624
32796984
30201608
30264276
29919064
30341844
30228628
30088648
33479708
34334980
32213168
31060664
30289704
31087644
29260720
29639096
29280632
29454072
28884184
28999588
30750584
29730816
29768820
30245412
30361000
30452536
30753476
31485020
29733320
30203932
30220624
30740984
30728168
30728824
30728196
30728688
30726832
30685820
30683448
30323864
30323848
30321200
30320576
30714808
30137892
32059180
30283848
30350936
30221764
30212992
31740040
30205044
30130188
30124832
30241904
31164392
30359400
29061252
29689924
30714216
29851972
30231088
30880812
30290076
29907076
30072576
29980536
29996176
31335828
31434992
31631428
30269892
30222416
30167124
30421964
30791108
30491780
30501092
30499660
30498620
30498608
32072324
32071404
31359820
30213572
30216976
30253480
35334296
33208964
31101428
30220880
30672128
29764888
30117772
29720016
30239716
31526788
36366532
34124004
31795328
31307908
29554180
29689040
29652768
29766852
29837144
29788564
29892216
29707728
29485028
30088920
31543224
30193756
30327256
30243076
33043216
30664356
30437140
30748568
30747736
35508692
32311040
30437328
30003392
29838736
29986440
30190800
30824072
30838388
31306948
31308644
30715488
30062776
31933244
33428736
31457552
30191892
30685128
30618552
32059300
32320440
32200228
32774156
32795172
33757988
31568724
31616788
31648820
31648096
31647088
31775356
30254684
31919652
30995420
36560728
36630040
36637276
36643040
36642140
37662984
35648396
43488836
41149912
38273340
35647856
32240876
30185020
31022432
30164072
30174252
29512320
29675804
29417468
29501080
29987296
31417072
30340436
31538220
29845888
29484784
29592988
28774564
30203960
29975388
29579168
30076976
30069764
29832956
29988344
29930512
30172916
29861000
29667560
29602008
29759504
30113352
30305636
30137748
30364012
30398492
30182028
30239072
30803996
30513400
31132964
29527380
30433312
30538080
30826096
30902184
29480856
30472304
29340460
31674400
30135460
30711892
30777448
30783464
31075428
31488788
31489436
38999612
37023332
34946612
32213524
32329992
32965620
32965564
32965908
32251872
32244392
36645056
34476916
32399164
30265304
32323688
30211244
30246568
30186184
30086288
29369504
30539668
29645800
29945792
29807508
30162924
30095324
29991308
30524164
34610620
34331736
31914740
29777576
29771712
29537360
29678956
30670084
31382212
31262864
31262736
31262404
31247068
31005308
33166196
34090780
31991308
30211072
30206720
32413492
30273520
30215144
30247676
30272264
30711472
31063792
28909180
29916784
36748956
34217052
32203028
30207576
29126728
30269404
31345212
31346384
30739604
30185688
30185512
31174996
31173324
31174240
34149556
32011028
30155848
30056584
29933688
30188564
30804604
30600472
29299880
32201840
29801480
29898688
29661856
30123168
33229984
35982520
34549524
31897448
30132392
30798920
30140100
30267720
30027168
30052040
29970968
30173888
30109432
29687492
33759988
30640648
30471344
29307672
29633792
29664828
30251324
29873288
30127360
30244296
30027848
29833524
30183104
30645828
30829340
33367052
30595828
31259156
30175840
30230164
30446856
29046856
30068804
30647848
32758716
30423496
31715516
29107084
29596228
30663664
30553100
30888600
29479784
29943172
29675168
30091348
29818388
30228364
29874988
29688416
30003084
30004056
30823448
29690764
30026928
30113476
30655984
30201796
30513140
30474592
30232876
30105012
30217880
29931624
29733748
30184368
30133228
30410304
30418412
30419776
31919224
31643964
30968172
30990268
31000348
30986776
30986436
30987896
30988180
32884812
32769108
30738360
30393324
30182972
30124116
33153464
33170996
33167828
31820840
31677324
31855724
31871360
32134480
34179520
33559684
30353904
29533372
29165680
30574504
31498092
31159664
29152244
29811872
30032100
29578960
29322712
29728820
30062440
29795892
31111104
31275508
31290048
30795652
30507016
30291348
30290956
30289952
30288036
30739468
30748668
30747168
30745648
31123320
31090704
30835364
30834480
36375616
33608328
32719668
31820068
30193148
30291336
30258060
29611036
29629960
30461160
29433888
29745972
29701128
29676760
30941980
31541592
30033816
29667776
30687812
30701244
30701564
31086784
30355440
30173160
30180908
30182004
30182404
31033232
31033048
31033384
31033728
31170820
30233640
31737668
30178540
29531040
30440752
30454992
33041204
32210340
31533020
31542172
31540852
31540864
32023296
32034288
32035128
32033804
31822540
31488032
30367068
33171416
33910472
34152620
34153040
34153476
36053236
33677792
33029672
30995220
30149964
35565120
33541792
31518516
30146728
30543456
30181308
29968436
29368772
29596228
30441788
29529300
29718300
29811916
30292272
30788368
30351156
30361120
30355836
30546912
30259396
30039500
29215788
30086212
29347900
30233136
31911020
31910124
31908012
33418116
31712412
30152908
30199596
30796892
30263248
30165692
30355992
30340292
30535572
30186276
30061928
29745388
29766996
31130252
30008808
30610156
29624192
30092756
30567488
31185980
30608004
30203980
30205996
31950908
31048324
30193288
30323576
30615256
32172196
30193252
30235196
30233584
30276528
30618036
29612668
34334412
33459328
30931616
29885860
29689204
30901904
29444272
30045884
30174020
29385592
30412096
30260496
30111148
29578668
30256612
30143164
29942600
30222228
29747376
30336528
30170420
30118316
29918572
29795896
31645436
31915148
30234532
30272464
35982208
33890764
31971472
30371900
30249592
30236128
30229388
30592680
30818840
29756288
29934124
29342600
29263404
29733628
29490544
30978844
30507560
30133220
29854272
29401024
29454368
30057272
29947792
29852132
30819308
30890300
30654284
30471916
33462944
31258024
31010284
30334456
29923276
30174492
30051012
30074108
30068564
31041884
33261300
31432616
30150988
30121680
33530568
31966472
30226968
30104616
29283820
29691116
29524052
29730552
29522636
30166236
29878516
29997120
30345676
29632008
33955960
31942336
30873760
31176540
31058392
33309220
30633048
30252376
30593376
30246392
32437380
29997148
30105428
30000964
29769992
29698752
29539044
29260284
30326840
30457068
30177896
29919476
29323924
30038320
31589436
31703660
31713676
31725820
32253896
31694784
31317936
31325496
30263808
31055684
30149252
30395312
30187208
30263504
30164496
30236008
30217068
30173680
30938412
31671272
30277296
30165832
30022724
31195848
30521212
30171456
30135568
29978220
30957172
30066032
30032808
30435068
30975408
32501124
30755736
30277940
30242824
32307112
30681604
30237980
30151416
31241020
30157912
29883112
29857516
30169684
29945264
30143388
29931564
29973416
30039928
31255884
30107056
29383248
29830360
30083384
30215796
29645640
29522408
30469160
39367976
37241204
35207928
33110448
30841972
30255652
30136656
31035784
29447288
30879824
29367720
29312592
29785476
29336464
31234148
30337572
29267752
31104328
29455896
30077144
29680912
30147480
29853600
31122080
29977952
29721372
30081476
30238248
30935548
30165852
30083124
30078952
31048080
30194832
30203008
30199332
30896336
34400220
31782416
30091496
29838908
30531688
29702200
29797952
29487708
29904968
29806456
29958608
31095940
31824096
31832428
31830484
31830980
31961260
32024936
32024600
32024216
32916244
31147836
30177500
31812784
31595568
31604652
31592956
31593468
31299424
30419168
30654480
30651340
30800016
33212648
33063640
30888380
30966448
33523592
32325672
31218984
30341736
30155248
33415092
31767996
30246044
30167556
31976524
28942716
29557124
29756876
30141848
29855804
29742960
29956260
29384292
29882140
29931512
30844924
30612972
31122316
30138604
31738556
31439432
30165948
30227324
34593248
31872148
31094192
30143588
30247792
30192804
29956564
30138972
29960024
30118176
29590084
29791840
29808124
29661240
29918784
30492668
30198468
30350944
30133612
30831284
30839620
30841164
31758564
31970560
31971168
31264680
30137736
30176424
36318932
34145536
31935548
29989728
30170660
30056220
30213836
31248736
29467024
29500144
29579964
29469920
30421276
30454496
30468832
30867320
30215500
30237440
32897816
32655716
32684432
32685008
32692180
34332536
33613172
33680484
33678612
33674960
40149376
38086340
35261916
32381288
31038520
31761704
31902708
31902452
31898660
31944388
30299052
30257404
30208240
32010752
33899928
31061800
30309000
30363680
29566592
29956912
30680680
30378680
30181468
29727840
29599352
33096612
30390748
30237924
31536756
32795680
32800988
31801320
31378980
31395828
31397224
31397684
31528436
31790168
31792212
31790624
30243860
34848784
33468268
30829488
30923536
30909108
31626972
31584740
30500072
30019680
30062364
30165416
36717148
35155876
33371676
33053228
31091332
29623524
29696312
29559656
29862788
30124256
29696972
29534200
30415940
33224344
31109668
30163796
31052964
30568372
30099708
30299572
30234916
30242272
30237960
30228148
30411328
30429096
37177376
34922472
30452244
30180676
29319588
31441140
30252056
30184700
30763032
31090332
29401936
32452904
32029504
30930848
30258984
34549640
32796680
31811276
30168060
29571388
30204072
29949696
29914988
30547744
30628344
31202804
31204636
31204268
31789196
38095420
36282488
33892412
31290540
32051524
32266448
32267276
32267920
32268596
32264508
33720924
31682764
31313764
31320324
36309368
33562360
31558724
30157788
30913644
30214964
30366996
30202156
30175092
30240056
30099188
30087444
31073812
29549920
29864832
29786768
29289772
30409500
29417028
29947732
29949168
29687460
29848556
29484772
30202808
30177652
29857176
29851980
31540608
30622612
30226760
29757148
28895284
30477936
29841684
30032712
30973736
30445520
30800276
31028104
30163080
32159888
30150676
30893672
29626624
29847180
29699676
30154672
29887704
29685056
30558440
30690548
31476732
31477096
31473460
37904124
35745880
33945080
34063140
34120004
34118896
35234212
35242272
35242392
35241172
35248696
35380912
35380580
34904412
39849960
37605160
34833416
34416400
34790400
35178424
35273628
34367412
34367540
45054864
42952344
40760120
38839328
36751264
35278144
33065376
30440272
30276220
30228536
30100152
29660176
30285720
30417300
30732332
30732856
30732692
30734216
30733648
31074972
31074864
30945972
30246080
30248476
30236988
29951624
29859892
30034176
30130236
30376548
30547188
30572780
30569952
36545552
34622424
32382556
30180104
29936912
30125328
30142836
31417708
29534656
30001648
30133052
29764952
30641236
29645976
29714248
29850364
29998920
29868164
30657540
35693376
31701420
30107480
29641952
29124704
30889524
29580432
29785360
29403960
30847888
29875544
30156344
30213820
29139992
30210580
30986284
31053804
31421596
36803936
34686768
32730800
30467972
30357944
30204060
30413868
30358856
30271796
30956672
30183808
30945504
30939020
29351488
30870204
30095120
29856844
30724664
29294180
29871432
29849360
29712156
31148996
31412384
31724200
30256696
29876228
29649324
31311480
30492048
30095644
29924248
30078940
30131496
31209740
30241024
30198516
29350260
29899180
29859092
29685348
29850108
29735236
30081640
30077248
29988864
29700904
30112980
29975876
29652424
30150192
30843756
31968156
30402728
30173832
30277436
30225428
30707024
31187660
30274068
30374656
32652872
30168572
30204120
31493672
30254812
32570896
34382572
33026564
32094064
33209340
30963084
30060364
30134600
29132932
30078476
29736808
29518196
29734680
29558760
29497232
33036776
30943856
30305520
29527944
30385164
28780984
30190912
29294504
29687756
29405548
29932852
29801072
29752280
29812896
30251056
30141676
30207512
33980968
31030524
30257560
31040428
30227108
29693640
29753080
30552704
28990780
29808440
31856220
29539080
30570012
30397740
30113248
29494816
29596836
29664400
30042860
29940864
30527832
30552536
30816960
31026640
30322368
30245284
30828588
29420464
29799172
31618476
31652280
31652424
33142464
30278608
30195700
30586524
30221456
32183992
31923044
30260520
30026204
30567944
29756120
30513160
30298596
30472748
30480000
30481284
30480040
30610880
30868856
30876720
30876888
31029972
30967920
35097104
33026204
31075460
30875532
30875788
30873704
32541332
30969520
30993716
30994412
30993388
32236792
32236996
32237172
32236124
36764008
34651424
32364688
30620156
31193868
31210704
31209952
30249584
30216360
32013996
30845668
30743376
30043032
29957760
31169336
31363072
30206572
30065080
30044192
29424652
30945140
29972800
30273640
35600892
31255052
29982240
29258532
29632316
30887728
29941572
29789248
30162744
30034332
30867852
30664644
30223336
30283212
30837184
30624512
31013324
30216052
30232648
30175812
30207348
30897108
30268900
31977628
31782860
30212152
30450396
29963152
29072404
29684188
29993108
30101244
31109360
30867084
29409980
29554872
29587672
29797312
29967088
29997072
30242520
30149408
30138672
29967812
30004788
29954588
29575888
32003716
32139636
31156320
32524380
37142316
35040320
32295528
30271712
30192216
30271592
29665640
30784204
30097704
30901032
30139700
30647152
30770440
30908892
33254836
31083256
30206856
30570652
31305084
31855904
31778536
31779316
31779660
31778144
32656748
30949156
30386920
30395112
30395392
30160544
30324484
30368820
30548624
34172888
33207092
33206748
33206528
40038348
37930928
35909000
33862440
31922356
30193364
30403416
30629468
30275432
30218756
29370068
29747636
29224076
30205416
29333736
30485704
29604796
30414508
29393868
30806092
29531408
30853092
31250848
31423412
31424520
31425216
31475292
31108264
31824804
30169732
30145916
30195212
30425304
30164788
30192404
30348336
30170388
30254776
30168604
30236596
30228828
29621832
29692360
29366424
30407976
30543128
30240736
30061480
30329040
30201572
30223580
34233556
32118004
30654228
29887456
29760008
30061660
30175072
30028752
30164296
30028664
33178652
31302720
30109424
30176088
30187208
30672464
30673356
30672288
30966704
31229920
31229212
31226908
30237148
30450144
34093004
31697540
30222852
30212832
29483220
33008136
31234768
30277288
35566624
32959292
30233976
31326320
29005532
30720444
30110856
29963576
29376136
30561404
29955060
30291284
30123504
29507304
29880400
29640940
30267116
30292672
30424616
29443444
29372408
29739656
29399616
30605484
30014900
30467276
30466540
30467292
32405724
30461664
30286768
30151028
30224592
30148424
30200920
30191112
30443232
30367480
30181700
30190224
30287900
29491448
30282412
30337788
30180880
30411924
30461400
30469408
31695248
31596176
30795044
30247976
29906720
30172380
29665468
30679148
30013300
30220052
30173004
29983404
31525176
30041572
30002388
29716120
29974428
29664024
29977392
29806372
30037360
30125852
30286840
30693212
31103180
31104000
34142564
31657344
30050100
30155060
30119496
30765332
30765456
30765688
31188284
30219048
30875684
30144360
30212884
30274308
32581344
30308684
33074932
32993284
31989936
32405928
31383768
30059312
29478912
30075196
33301108
32387728
31169204
29248772
30559192
31202068
31393620
31526316
31570924
31570824
END
END
