30366360
30367816
30368140
30292800
30255116
30329756
30231876
30219948
30255736
30275884
30255080
30283300
30208512
30232624
30228532
31675744
30451940
30391672
30253704
30283868
31002344
30449448
30423824
30001580
30267800
30893432
30182964
30404472
30300600
30207224
35205604
33352160
31492104
30320084
31363072
30294416
30203040
30493552
30257092
34829388
32652900
31068820
30417008
31097296
30492104
30223876
30307048
30376232
30376700
30392916
30313880
30213340
30204392
33329972
31193732
30316204
30274048
30374668
30563572
30220272
30283748
30311644
30281112
30972700
35281160
33608508
32574364
31263260
30253740
30248696
30494972
30225188
32041192
32049308
31922948
30305056
30301336
33381876
31665576
30305840
30266096
30222584
32167504
30308920
30274144
30189072
32986288
30926916
30219040
30260776
30298024
30509972
30191940
30535440
31100188
30270380
31300488
30300980
30365164
30378640
37605076
35597664
33854980
31741540
30440936
30308288
30306460
30211456
30975844
30288152
31886452
30211820
30303100
30263212
33932040
32010144
30190724
30240148
30293408
30299584
30467284
30276772
30271444
30380888
34454704
32589820
30592956
30257924
31134184
30221084
30262808
30224708
30412220
36278320
34144648
31746212
30442016
30263488
30584732
30276396
30159428
30201928
30285524
34234172
32428140
30365392
30207816
31650296
30205724
30342428
30234296
30434304
33298372
31597532
30262764
29963024
30418740
30847904
30174104
30234140
30213008
30620804
30254920
30208436
30224192
30226348
30257116
30254060
31746784
30209392
30310904
31028776
30310308
30278952
30245504
32814968
32682672
30728332
30233256
30313428
33373372
31270020
30245552
30231780
30483520
31871448
30481688
31274108
30319784
32597908
31906504
30248220
30187928
30212696
31305528
30176608
30260968
30198436
30296852
32396036
30271408
30222880
30254748
31694744
30886044
29992420
30052652
30552688
31843164
30178408
30267924
30144656
30501720
31548968
30195724
30273716
30259720
29976176
33904528
31851020
30515696
30218400
30285896
30248500
30028172
29750560
29550500
33459324
31335428
30274952
30256868
30210524
30259960
30169648
30227800
29879144
37468492
37022992
35003932
32987648
30966344
30307592
30255860
30241348
30269932
37495056
35543236
33429812
30780788
30364772
30693740
30941504
30300296
30152228
30229328
30293512
30392908
30340800
30260500
31541440
30294080
30334936
30341668
30061356
30366332
30301592
30148944
30302424
31807948
31129384
30649920
30289392
30288764
30282900
30295068
30290448
30210020
30279384
32242516
30841464
30212688
30130864
30726976
30289636
30312464
30153948
30156308
31004820
30205316
30363404
30247052
30176456
31577644
30249812
30283044
30224896
30726104
30207784
30205728
30313244
30291456
31547552
30330136
30075700
30385532
30154640
30635920
30265464
30258832
30294312
30402460
30438172
30231864
30258872
30233504
32808000
30780260
30264548
30232320
30250572
30552640
30335376
30374512
30462792
30305936
32352700
30422628
30296440
30286456
30629312
31630112
30499772
30274180
30211312
32779448
30754132
30213764
30196924
30531952
30180472
30280132
30256524
30337524
34982440
32638328
30657696
30280156
30397168
31483596
30234500
31188756
31518720
34009228
35085736
33368700
31421616
30218408
30249032
30225028
30306644
30221108
30268176
33977536
32047660
30280624
30278236
30177464
31820536
32406752
30676508
30219572
30674396
30295888
30297148
30204092
30401096
32180352
30192720
30208212
30298812
30268480
30274260
30297036
30251120
30165928
32416400
31082216
30232360
30341796
30499052
30549412
30610124
30170080
30148352
30253352
30939928
30251404
30256572
30163776
31094408
31221712
30153024
29951432
30223352
35575368
33171120
31277688
30216256
31039492
31194208
30224188
30190584
30270124
36829820
34615348
32165920
30967708
30267592
30296728
29976580
30530084
30158552
30507092
30506500
34457228
32396800
30456316
30980968
30224092
30317832
30204428
30283144
34057564
32210144
30296576
30213388
31191088
30245516
30534060
30437192
30273272
30157320
30275052
29889424
30484812
30259552
31120788
30210236
30219648
29911460
32642880
30854560
30307964
30213552
30209288
33407180
31523232
30317416
30249744
31130600
30265392
30336512
30219536
30230124
31535648
30272820
30487844
30847152
30080164
32302080
32319976
32484464
30566688
33827424
32167716
30317388
30282784
30203752
30614988
30233472
30578932
30334400
30245692
30127600
33843696
32795508
32326920
31982932
31572244
31263076
30309056
30170132
30937308
30474032
30301176
30234960
30243300
30242872
33530832
31696760
30226764
30276560
30290260
30316876
30229296
30318384
36330488
34307592
31977300
30221576
30257032
30398072
30281188
30247648
30215712
30246828
30319424
30256212
30710896
30272204
31153932
31661864
30274468
30288764
30318924
34428428
32560572
30487376
30309316
30217988
30212656
30330224
30255272
30301848
35890044
34123952
31379520
30256484
30383744
30325824
31157576
31178712
31327436
32427280
30632024
30282060
30344940
30215524
30334160
30241988
30229708
30265744
30306768
30218816
30172940
30215988
30249820
31038532
30490200
30468696
30155008
30272904
30061924
31156016
30240792
30276960
32540936
31857056
30228344
30230284
30257896
30905068
30251060
30675732
30774324
30227512
30521876
30268452
30187124
30313396
32069340
30309272
30308696
30278860
30245068
31778724
31776984
30946904
30301588
30292036
32115324
30231424
30236268
30272832
30232920
35840036
33890368
31849372
30217060
31394448
30243328
30266132
30201472
30866328
35877752
33796960
32168916
31738208
31709864
30202472
30211416
30261008
30329460
30877232
30272860
30205868
30246188
30244056
35658352
33679784
31732084
30325008
30213196
30198548
30215824
30246188
30247848
31299992
30311276
30397136
30858128
31353392
31735012
30497900
30223648
30362084
31353696
30243716
30127316
30191796
30252796
33237776
31314812
30272252
30188864
30301712
30211656
30314988
30265608
30253332
35538012
33288036
31616380
30201164
30276452
32082096
30590736
30305572
30345176
30278724
30158792
30291984
30577620
31104812
31993172
30221920
30319716
30209488
30229632
32864136
30891180
30277508
30328680
30161664
30661916
30194376
30442840
30255196
30248780
31584752
30309932
30262560
30515332
30641352
32205256
31581388
30307332
30388352
32400000
30330244
30301384
30190328
30361208
30273516
30309676
30197748
30258784
34635316
31771996
30697804
30101016
30342264
30238308
30289264
30108236
30215992
29689668
31071180
30486364
30248776
30289132
32302864
30400276
30197248
30168928
30273344
30292376
30322696
30244748
30728712
32078068
30247532
31699940
31586180
30109672
30269580
29975508
30188672
30255468
30142252
33366684
32429384
31387212
30209780
32680116
30618596
30194080
30288328
30203844
30918224
30432056
30338828
30235356
30230992
30325544
30155964
30280320
30192836
33072748
31856156
30240352
30354108
30265780
30335108
30241720
30221316
30222720
35579780
33849856
31853756
30241168
30221172
31388292
30469292
30428776
30171872
30238656
34442036
32394364
30322208
30450448
30922420
30301576
30214492
30452572
30181408
31475168
30230652
30219132
30300552
30463332
30261536
30211884
30221080
30205900
30524056
33672756
31738980
30308688
30238108
31767564
30264196
30291816
30220520
30235980
33619968
31867540
29836600
30540572
31540232
30858712
32610604
31032080
30288512
30281316
30254388
30044620
30307424
30238848
34093216
31960308
30208496
30213320
31375028
30216512
30252800
30216924
30212304
31377296
30329396
30662720
30683780
30314660
31967264
31116804
30224856
30208640
30517604
30304844
30335660
30336180
30160240
34282220
32388972
30245792
30279940
37636992
35428332
33405260
30701288
30311628
29895180
30231732
31365016
30296420
30782112
30714924
30198816
29881000
30310604
32528772
33002468
31126600
29930440
29966400
31128184
30162988
30200620
30270944
30271560
31081484
30238244
30246244
30218468
31796540
31756540
30266968
30217164
30232776
30817084
30255384
30197132
30296208
30146608
30492068
30528972
30236924
30415624
31405764
32430952
31797288
30273292
30218632
33032480
30598480
30026108
30213080
30285376
30469724
30284876
30263752
30214664
31358388
30390856
30035776
30281148
30232024
30660868
30304092
30277668
30218524
30274616
31316556
31316352
31079676
30232240
35910160
33935664
32116360
30248820
30265460
30465032
30272920
30322388
30234888
30060928
30641820
30236172
30274844
30285944
35231656
33410532
30413108
30163780
29928892
30563352
30346756
30420644
30421172
30310452
34241572
32257872
30303040
30208604
36529724
34650688
32586012
30671948
30186404
30316508
30264204
30265592
30267988
30224620
31305916
30189856
30559180
30249464
31401204
30500364
29894372
30140004
30396008
31290172
30258064
30235700
30270144
30268300
30711112
30309420
30524720
30311636
31609672
30196692
30213752
30290976
30231648
32977784
32955144
31964252
30286972
31147512
30089120
30229792
30314116
30153352
32040196
32041200
32041012
30804804
30280780
34595188
32570312
30623076
30330440
30276276
30189908
29957584
30322100
30273580
36316284
34153696
32079944
30291832
30230264
30346492
30389848
30107004
30264876
34275896
32541764
30374872
30264208
30144360
30213432
30060264
30193692
30278824
30218040
35477908
33657632
31619256
30206896
30940148
30228648
30328660
30287228
30284540
35891984
33955556
31774164
30210620
30210144
30326380
29971416
30412688
30411840
31862972
30245048
30301420
30279836
30328772
31523576
30217164
30232172
30323844
30344396
30460576
31036412
30609812
30104704
31404256
32649428
30404916
29806120
30238212
31167732
30334344
29865564
30213080
29953040
30153204
35081516
33358968
31500700
31142368
30350404
30261920
30202640
30245472
31928548
30205148
30250820
30234700
30288628
32668700
30206380
30295712
30454908
31137576
31039700
29555856
30194948
30175964
30477004
30281752
30193128
30219512
33087728
33853204
31899512
30404184
30244296
30180984
30276596
30227780
30796028
30670524
31382896
30570396
32147044
30224548
30147856
31264724
30223224
29847748
30254008
30098860
29986936
30307924
30272888
30604508
34983376
32774872
31252424
30330196
30692552
30162832
30203304
30307076
30671832
31819728
30739788
30115120
29824768
30279724
30271916
30505440
30307244
30202736
29625556
31767860
30264984
30303668
29986948
31775756
33815160
31485188
30618740
30271788
30316660
30260132
30132376
30154404
30986724
30241360
30686288
30212124
30313076
31812820
30326584
30228644
30295872
29979392
29934576
30898172
30265864
30194072
30822384
30424272
31881376
30463620
30214704
31623100
30650416
30322972
30301988
30175256
33388056
31473892
30328652
30244804
30222616
30160088
30197840
30136356
29753676
32286316
31142064
30924392
30183612
30335956
33319284
31419096
30316648
30223784
30383052
30231356
30257940
30270440
30317064
33765820
31515188
30526056
30294736
30578748
31588408
30279932
30624364
30999820
31039268
30303024
30302028
30245404
30256008
31238284
30260856
30302468
30254008
30195496
30548408
30350480
30239780
30237560
30497892
31600112
30274428
30199144
29671984
30233968
30881512
30848232
30245748
30475260
34067392
33837880
31792776
30229336
31719360
30196540
30175104
30235512
30366396
32384416
30140896
30204456
30210180
30209380
30463772
30291624
30158872
30481548
30049448
31262656
31270316
31086360
30258168
33246564
31079824
30204552
30284896
30285700
31034140
30314768
30284336
30272088
33737040
31424816
30250996
30878808
30382488
32722664
32086332
30219836
30452984
30227408
30624248
30232428
30244552
30476596
30139800
32144920
30114384
30178020
30257428
30165640
30628024
30372276
30216888
30152220
33341308
30413272
30064536
30274368
30071432
30810676
30248240
30164624
30227548
32988444
30707728
30226520
30293792
29940228
32234404
30616440
30365300
30315908
30311756
30206368
29831956
29781728
30466760
33453128
31107232
30030388
30428688
30206676
30138156
30272032
30197788
30448388
32334148
30470408
30309048
30274212
30122948
31889700
30267152
30276680
30284836
31036328
30306624
30300268
30378616
30301148
32268072
30477324
30289068
30622476
30289164
31655676
31724968
30780872
30782632
36865180
34916164
32869972
30907620
30306312
30258204
30319628
30170940
30301224
30325572
30691812
30313848
30221452
29947356
31253044
30271396
29686372
29513276
30544220
30518680
30270212
30142260
30426428
32577348
33726328
31774076
30250480
30200208
33821528
31724096
30292132
30237288
30284172
33806680
31777372
30310216
30314888
30634048
30315356
30376228
29707724
30246976
29997580
30152756
30403700
30301012
30320664
31175788
30188996
30742148
30580624
31281648
30253288
30214864
30183676
30228668
32818632
30749724
30236356
30260512
30294152
30688356
30246660
30191612
30421320
30257752
30829460
30310064
30563492
30668088
31657636
32604560
30876620
30241268
30235088
32292808
30434584
30237720
30246088
30239196
31349932
29834404
29750024
30573884
31182772
30203556
30257020
30253732
30656876
32468852
30284452
30194600
30332324
29767892
30338980
30393072
30289764
30241236
32922848
30746068
30308212
30173584
30206980
35675072
33938564
31922128
30218696
32009792
30310884
30285920
31031548
30418292
32176872
30581944
32504840
31501460
30600176
30940264
30298636
30236512
30110928
30028788
31135604
31154000
31287852
30264332
35186920
33117180
31367092
30279200
30255736
30247188
30246460
30228408
30411248
30258736
34196452
32101680
30247904
30511248
30455492
30540120
30232260
30759628
31078840
33804428
31973572
30215508
30315580
30222064
30525184
30193960
30231740
30303936
33348680
31359828
30215240
30229360
30201340
32050972
32139312
30171492
30352420
33709196
32884768
31300016
29503936
30431884
31398460
30224760
30094360
29716188
30287364
35403828
33389368
31274528
30445140
30249804
30228584
30283268
30231628
30274128
32675712
30396360
30300016
30345232
30495036
30292872
30205580
30417216
30086216
37018724
34966868
33061340
30928160
30401344
31009640
30306136
30275468
30379328
30241912
30062476
29950700
30543972
30499952
29881352
32218200
30327300
30287884
30246176
30896032
30146508
30194260
30322068
30177884
30187324
30220956
30217156
30284000
34324060
32252520
30223948
30248412
30234876
30647100
30294488
30112388
31122296
31206336
34781892
33197624
31126568
30193116
31194364
30365716
30222896
30225184
30235200
31111564
31110832
31112572
30339480
34886368
32757868
30865764
30250984
30212672
31667072
30197344
30229112
30474444
30284140
33697648
31109016
30134212
30160324
30700616
30406000
30581376
30236072
30499420
32048652
30309240
30396732
30303244
30221148
35189884
33202648
30867380
30017468
30258276
31039436
30204556
30266948
30232712
30257360
30189660
30311200
30197232
30352816
31554976
30213912
30239128
30238880
31276556
31702268
31703936
31703780
30252240
34742576
33178268
30913724
30174528
29712384
30842772
29998568
30534204
30226024
31536512
30280704
30264848
30295448
30197184
33304076
31459816
30293116
30243884
30051384
31140752
30389512
30257496
30238524
35017136
32949216
30944992
30200020
30231056
30287120
30169840
30204536
30374220
30223340
30339484
30446556
30419872
30351248
31754840
30599540
30001156
30246188
29986252
30697856
30699648
30699484
30181436
30244076
32670656
30746572
30498276
30173868
30300480
30179392
30302780
30243608
30287312
31018852
30232992
30307900
30486268
30689624
31287172
30554520
29989608
30198700
29542756
30453920
30220140
30253988
30216896
34850644
32917996
30721888
30215456
30367416
30556316
31585428
30478808
30310608
29715132
31515880
33619104
31213132
30212472
30263228
30412480
30214732
29965452
30223716
31066852
32176584
31822076
30299380
34262820
32206524
30242428
30291252
30331908
35240864
32992028
30809640
30251480
31095384
31324404
30278340
30193300
30256148
31339752
30330832
30182808
30247640
30209036
30766228
30284484
30283556
30280116
30722536
31476188
31056468
30304364
30306832
36037676
34239356
32221488
30239680
30299072
30462912
30279776
30260648
30270380
31294656
32572156
30557760
30694780
30274308
30291328
31425228
30202988
30265664
30294284
30500876
30503440
30482668
30257424
30923140
30922208
33914740
31931504
30226776
31056848
30268664
30283764
30324668
30293560
32219928
30372184
30167260
30487444
33217920
31284440
30260080
30380816
30585684
30287804
30167384
30906024
30502632
30273140
32121648
30267644
30311308
30237312
33413728
31266024
30284472
30241796
30258852
32521396
30294036
30208632
30582096
30425976
31482764
30195884
30683068
30115012
31934576
31957592
31115768
30291532
30283532
30320692
30621440
30242812
30648984
29998696
35685652
33395056
32851548
32398176
32191136
31811044
30217512
30210676
30343180
30210212
30251652
30724768
30275112
30489108
29854000
31015384
30347028
30255956
31365304
30250376
30316292
30299444
30220252
34902628
33005012
30675184
30476420
30179992
30596376
30205660
30197172
30258720
32361936
31740512
30387884
30362348
30218460
30216144
30124700
30322660
30263312
30279700
30324864
31452680
30657168
29991996
33088100
30745924
30350764
30302668
30571532
30306028
29836344
29649892
30383736
30221280
34925928
32873148
30862736
30200176
31677096
30187428
30099764
30213140
30089104
34594620
32850556
30270224
29844272
30205560
30945456
31033984
30179548
29998048
32334136
31254032
33328260
31603160
30230908
30624920
29935576
30221844
30272988
30191776
30359796
29818724
30009344
30190952
37004432
34672680
32193820
30256760
29929604
30203396
30077476
30228576
30061988
30247348
32736636
31462532
30451048
30312028
33641228
31731272
30359444
30261468
30219416
35377340
33571032
31354692
30282556
30961524
30244628
29575120
30267356
29879376
29632828
31043452
30174576
30633160
30224412
32607548
30465624
30175152
29971336
30403048
30296996
30222252
30312696
30272536
34976916
32918036
30931292
30353252
30205120
30313492
30203352
30301936
30250892
30251656
31807780
30219248
30307808
30370108
31239508
30655020
30979592
30277308
30326332
33858904
31927336
30237760
30249420
30178812
30240596
30188212
30335988
30339792
32203780
33265532
30910328
30202216
30368124
30343784
30757292
30289668
30216004
30283268
30383400
30382456
31707772
30348356
34512760
32493356
30310208
30354444
30275120
30261884
30281932
30309736
30191904
31067024
30216836
30239440
30191532
30136344
33542184
32183784
30497032
30143868
30528716
30574688
30270556
30182712
30201604
31572520
30324040
30323144
30315580
30369892
30778744
30615068
30195224
30292824
30094360
30131384
30108016
29839840
30163932
31169096
30585824
30226340
30307284
29910828
31870516
30181032
30572996
30237600
30101080
29813844
29746624
30213760
30088796
31019608
30858012
30282520
30379332
30207272
31834816
30214560
30227228
30306272
30242052
30409080
30268756
30151740
30278412
31430900
30300932
30170068
30209160
30488260
30035516
32559644
32360324
30387428
30286020
31937704
30317648
30236644
30316460
31017028
30304720
30282828
30197120
30300724
34792980
32432552
30466324
30234336
30275976
30209872
30255616
30565396
31232144
31231028
34439908
32534032
30573956
30281232
30971064
30267012
30348500
30401232
30319312
35621280
33588488
31344632
30292356
30309208
31235292
30234024
30227884
30165236
33204220
31242204
31669540
30655036
30232692
31267852
30289492
30310360
30417080
37032416
35265144
33240616
31130500
30259964
30335632
30198244
30611236
30025156
30746008
31943376
30851200
30156972
30275836
33747000
31747488
30300336
30235300
30003344
30214420
30158256
30211820
30268032
30257820
34805856
32555172
30669108
30211732
30926060
30145304
30413116
30240148
30215348
35946312
34105104
32124364
30367032
30235440
30358968
30233608
30202224
30391444
31412996
34019080
31836656
30401264
30231180
30848264
30301096
30323416
30407472
30102492
34030300
31686952
30199144
30247240
30843952
30300120
30041996
30302048
30092848
29990060
30446984
29967492
29734412
30946020
31112508
30052416
30183064
30331116
30492760
30772528
30015044
30702736
30266452
32617432
30205744
29747076
30084640
29936464
30275592
30174460
30258936
30307200
31284312
30245412
30147856
30382288
30236308
31765128
30261116
30251360
30290568
30715320
30403548
30265380
30183440
30328096
32388264
30582408
30189720
30217340
30239712
30546940
30156408
30318460
30323736
32253752
30274980
30025220
30270824
30236864
30641356
30328740
30282020
30264652
30231532
35450904
33396436
30779224
30803548
30922792
30218000
30302956
30322524
30240132
33075656
30939316
30312120
30069524
30408968
32974908
31111604
30245932
30194160
31816204
30222076
30285552
30287600
30243220
30276448
35406288
33797088
31873972
30267652
30638224
30239880
30309748
30320800
30312996
30595812
30214276
30283040
30244588
33400452
31414876
30175372
30253632
30304700
30621944
30388968
30658464
30449116
32681456
30655440
30249496
30313932
30207264
30636556
30291940
30341420
30180852
30289872
32008292
30259476
30259776
30230592
30273068
30197148
29962764
30227840
30163200
30242100
32261156
30395344
30231664
30322932
30255652
30283672
30245660
30168592
30310524
34829300
33055372
31121452
30313044
30238268
30171016
30201732
30404568
30306904
30302120
29821800
30429508
30387880
30281420
30530212
30339428
30532076
30147480
32141036
33507056
30942444
30197620
30268936
30995920
30983860
30008592
29832092
29978328
29779172
29980756
29805176
30172044
30189020
30189788
30172448
30214464
30200248
35861144
33800300
32619388
31190060
30764208
30766492
31687112
30467548
30193212
35666848
33608196
31389276
30240476
30331064
30227716
30236708
30705328
30310428
33586940
31787296
30713724
30218692
30261616
32237268
30188964
30254028
30286108
31199664
30291852
30239172
30265888
30318012
33482260
31264040
30191908
30323720
30233828
32681276
30314472
30336896
30156028
33406504
32129444
30313748
30209568
30199064
30993776
30251112
30200944
30329620
30520756
30630508
30286364
30150908
30241236
31357296
31367636
30247204
30246688
30228488
34130260
32064004
30318032
30484256
31270012
30305568
30227032
30687056
29941492
34560888
31783408
31659016
31078504
30276000
30594284
30237216
30989972
30443584
31913452
32121484
31934816
31488688
30275716
34874084
32869220
31043544
30286328
30575452
30920080
30350200
30213828
30189716
34162828
34211924
32320708
30285392
30222104
30203116
30173776
30489528
30207432
30441608
32284276
32286708
32057936
30272728
31933816
30339388
30292100
30287976
30350240
37532300
37513096
35749968
34875272
33399076
31392788
30267180
30269260
30326916
31215288
30138164
30158072
30215208
30179992
30553472
30292468
30181396
30244340
30190292
30191272
30191372
31370060
30325872
35329124
33173416
31096256
30266520
30350124
30774132
30322688
30254832
30293384
30198464
35252340
33257648
30873260
30178476
31019456
30207892
30247196
29967860
30806016
34187436
32203796
30297228
30193184
32060340
30229616
30279984
30242100
30219912
35178616
33053352
31047636
30450900
30387280
32116732
30879116
30239220
30296500
30819284
33551648
31722944
30308516
30227228
30523392
30176096
30147592
30197332
30287224
35551500
33620804
31532172
30165364
31387592
30294244
30293544
30324160
30420796
30377336
31176220
30569392
30227256
30275756
32710988
30685836
30180336
30236704
31378812
30297948
30292544
30244072
30195820
34921460
32492352
30434792
30322188
30207068
30255860
30320260
30301972
30275336
30230380
34812528
33048808
30828892
30447908
30594524
30212380
30237980
30434888
29788508
30437768
31113600
30303796
30190864
30675776
30183432
29953544
30158312
30785956
36019984
33796840
32067748
30324184
30719608
30572072
30217584
30597848
30651416
30877760
30303092
30303680
30435308
30243128
30630720
30191788
30377560
30136272
30918348
31898580
30772480
30232172
30490840
30172684
30654348
30203304
30662636
30208008
30584856
30251884
30306340
29976808
30274368
30979372
30171152
29475976
30728460
30330788
33687620
31616276
30297852
30378780
32167824
30193332
30227556
30480528
30794056
36492208
34379876
31822560
31399972
31795332
30998240
30187344
30092712
30600012
32522000
30651064
30320216
30237284
33062836
30571780
30965884
30905628
30826864
31877384
30406196
30874240
30639056
30381420
30534740
30347080
30076344
30007096
30264348
30169392
30370268
30367704
30096528
30274580
30153788
30303204
30243160
33791328
31913160
30292980
30322184
30298196
30364308
30247496
30208836
30219072
30216348
31825912
30400856
30491928
30297504
30389080
30398016
31710912
30293720
30328832
35084316
33181520
31288660
30312080
30321620
30326268
30232524
30273080
30301832
30590568
32342744
30247296
30221588
30469944
30510216
30760312
30485788
30996784
30264504
32634724
30646960
30201092
30212972
30364448
30377488
30393592
30235468
30234280
31156484
30306256
30423648
30280644
30790316
32305872
30680040
30263664
30179360
30810212
30175804
30177656
30205484
30220588
34776652
32836200
30586532
30315888
30298536
30311448
30229284
30474464
30687260
30790592
30301024
30113216
30283328
30337380
33269224
31015484
30297616
30193112
30198364
30322736
30255876
30265828
30205312
32991884
35337504
33378720
31518580
30234236
30483428
30220656
30324872
30296584
30556404
35127880
33556948
32637272
30772828
30907428
30246684
30313048
30295416
30310972
30248528
30268064
30301004
30147676
32913760
31032412
30305208
30402752
30127548
31081448
30175884
30254488
30207916
30268340
33805692
31776224
30231388
30218752
30251144
30254920
30278924
30329392
30289764
33100432
30867524
30157844
30444076
29970528
32630664
32261704
30279548
30340600
33961340
32193900
30255904
30320416
30311464
30270472
29942788
30364712
30760172
31305548
30439580
30537648
30395028
30508752
30335564
30455464
30348964
30204952
30208184
32890356
32846960
32684992
30676836
31484044
31189092
30210700
30302468
30244236
30672564
30282304
30234536
30346976
30236596
35463916
33780364
30715256
30370192
30278388
30164712
30738012
30746096
30288276
34870332
32881492
30856060
30185204
31391584
30293948
30204532
30195228
30284188
31946296
30268636
30633020
30642900
30170996
31284900
30262744
30238348
30729724
30440864
31970252
31454924
30270444
30308708
33817772
31827104
30208812
30216724
30280356
30276096
30744588
31081000
29684600
34548152
31380836
30241960
29612772
30232620
31382824
30674004
30222652
30300900
31745924
30730320
31736664
31022084
30212872
33637320
31476524
30363880
30275692
30295536
30700296
30331896
30212244
30232544
32298624
30285580
30399920
30231276
30272048
30477504
30412056
30198476
30024592
30767372
31251048
30188924
30315692
30296020
31103000
30266380
30344856
30250052
30411112
33226736
31390740
30353168
30237040
30311064
30196496
30244344
30300560
30215112
31229228
30246724
30193612
30242920
30243220
32008932
30295924
30397268
30242332
33952932
34585236
33181348
31222500
30447408
30210100
30610492
30544912
30552164
30813992
30143680
30132988
30192076
30344472
32234760
30339588
30298804
30266504
30255592
30809224
30317372
30300552
30316796
30221528
32969908
30588712
30505088
30446124
31171872
30485832
30219832
30320488
30334820
30522600
30250604
30231316
30249780
30199056
30239264
31312072
30277328
30249552
32762940
30929492
30384600
30215048
30371672
31497448
31499116
31511464
30422296
30241960
37185672
35258604
33330764
31292620
30696324
30326600
30190664
30257380
30253128
30771068
30328820
30314668
30271520
32481120
31261188
31411156
30293240
30262112
30941916
30242828
30276552
30426396
30435308
33590464
31675900
30295952
30261792
31760632
30281520
30087448
30158352
30409456
34619892
32497968
30467384
30149256
30223088
30208160
30291852
30227176
30270948
30594788
30185784
30320320
30218612
30283460
30254076
30442836
30915612
30289428
30304940
30440228
30200876
30307384
30578140
33533560
32493600
30482696
30303204
30269112
30386016
30390968
30373028
30326616
30288844
30396916
30502948
30309376
30488372
32036516
30583624
30445608
30287720
30316164
34598712
33794444
33109564
30564048
31518864
30695392
30397972
30260780
30243544
30331264
30758952
29549384
30607892
30226468
31315944
32525616
31576408
30250992
30234048
30642620
30253004
30692280
30966536
37669216
35909580
34018372
31811340
30251316
31345668
30287472
30327172
30283332
30293468
31677384
32262860
32387408
30409404
31063692
30190144
30296128
30341432
30278724
31619076
30267212
30255852
30262544
30263740
30385880
30289960
30227548
30233284
35248984
35054544
33225108
31278976
30181136
31084232
30261608
30280616
30284844
30234544
31817584
30314440
30260568
30218608
35172568
33285852
31267064
30640468
30259020
30496052
30354276
30219568
30316104
30323856
30396868
30267084
30261580
30358628
32749636
30843052
30100332
30100496
30232616
35904824
33978036
32050256
30268928
31384012
30505752
30277832
30297536
30319812
30310744
30944888
30646276
30521868
30556508
31365052
30259064
30292020
29967284
30222780
30158188
29892544
29763212
29712936
31315440
33286912
31107408
30192496
30275096
30235116
29596764
29568244
30252360
30525132
30379888
30187712
30151552
29401804
30118444
32648328
31186860
30152992
30735788
31680448
30046272
30267208
30169596
30253296
30061584
30310544
30234920
30049892
30681036
30844640
30299624
30372076
31770768
30999592
30291792
30205976
30256908
30766072
29936072
29564512
30040076
30488952
30246940
30375772
30213492
30169120
30172528
30181376
30761004
30276508
30320040
31452440
30278396
30198300
30292200
30174256
35044524
32999600
31016456
30323680
31557816
30214440
30746496
31482564
30204172
30236500
35849036
33541708
31690164
30291260
30526856
30214056
30278484
30068512
30352224
30357768
35433260
33213092
31434904
31647400
30214636
30207460
30297612
30292856
34565268
32495332
30600432
30270488
31178092
30274132
30249848
30386540
30280260
33601928
31483912
30373232
30212616
30230788
32101100
32387844
30468460
30267552
34648892
32643284
30861120
30353496
30216980
30839372
30329176
30346668
30317448
30294172
31731396
30411192
30245668
30112972
30094628
29597812
29543328
30252432
30198656
29969004
30605248
30795188
30185024
30323756
33563228
31419488
30155036
30248272
31205316
30304160
30234780
30313184
30225320
31576740
30190496
30252204
30289704
30292092
31432724
30301540
30494032
31084028
31280144
31646840
31639584
31640220
30286972
33667720
31647088
30311272
30315444
31746188
30219912
30175208
30242452
30205596
34698564
32600452
30364788
30233912
30372308
30555668
30221700
30225840
31053460
31172328
34292748
32381000
30389244
30228904
30330700
30365440
30264848
30396648
30239536
33750200
31838024
30334220
30283824
30896608
30207708
30281516
30256636
30516604
30942708
30324344
30600160
30596528
30548492
30206552
30089468
30292744
30285788
31175612
30232832
30185964
30329880
30197164
30204064
30204324
31000316
30258768
30651940
30436408
30276964
30280140
30404168
34676700
32885924
30281012
30047444
30266840
30256040
30217388
30914188
END
END
