30242260
30242704
30242940
30196604
30201352
30187720
30139348
30179740
30202772
30118632
30225284
30171432
30204376
30199764
30161636
30231216
30842292
30256996
30431124
30165044
30166684
30201996
30531164
30248004
29992980
30212288
30221988
33104424
30793972
30281396
30301444
30207592
30176948
30244456
30161436
30184056
30145112
32586732
30477320
30251668
30234328
31023072
31581948
30457764
30228900
30235028
31327732
30100556
30170724
30197304
30154980
30152180
30257076
30344552
30360628
32730664
33385104
30182636
29988784
30025496
31661372
30155084
30228108
30160088
30108680
36639388
34970656
34217024
32612176
30518480
30168240
30132528
30036216
30114332
30163460
30163924
30163984
30117348
30188624
35632168
33645956
31574212
30220960
30316792
37602496
36133384
34579820
33474480
31360800
30127972
30207624
30141696
30126484
30115844
30071200
30080136
30187772
30162232
30862260
31817388
31166108
30207728
30208564
30208204
34785988
32631132
31112024
30783656
30180008
30153536
30073248
30214996
32009468
31873816
30192132
30145184
32608992
33070344
32257460
31968356
31480876
37649900
35611172
33726508
31817156
30222044
30303556
30205600
30765704
30785720
32601108
30498368
30097628
30256664
30093108
30767508
30110608
30235584
30185812
30185688
30134780
30159384
30251364
30192272
30187204
34301088
32383028
30163204
30220816
31365604
30192412
30208224
30071180
30216796
33867984
31507044
30134568
30191648
31614424
30248360
30118544
30158932
30605700
30937268
30267056
30188952
29739384
30380800
30157916
30166332
30136672
30184884
34766368
32824200
30884756
30151292
30176460
30939188
31052212
30240668
30218120
36833900
35772416
33469836
31844000
30173240
31210228
30129632
30296648
30150716
30150212
35418304
33278244
31197876
30309220
36050956
33752076
31645264
30081120
30231468
30111460
30603528
30184784
30154872
30172784
30026712
30130980
29429064
30174204
32170816
32754436
30891188
30129064
30179712
30123024
30196268
30214588
30250004
32504400
30781892
30135256
30147344
31071752
30765352
30163640
30709804
30220736
30138340
30836552
30085440
30205980
30202052
35589188
33605032
31295756
30554876
30230984
30473232
30481452
30111224
29748400
30167216
31439696
31439760
30623248
30219268
34151872
32094876
30175256
30155372
30141736
30163296
30127624
30170580
30229228
35296948
32824004
30470536
30106828
30167024
31101572
30538624
29858836
30813172
31716184
31626240
30203920
30114452
30234596
32491908
32528836
31087508
34392340
32314672
31166984
30174048
30201584
30125980
31278400
30732548
30185112
30112768
30235708
34236160
33336840
31283364
30268360
30100976
30266232
30307236
30324748
30187236
30114912
30156232
30317816
30193216
30247056
33431812
31551916
30122952
30173348
30237604
30972800
30216204
30297660
30176876
34128980
31894724
30284572
30200292
30482536
30186868
30450712
30965592
31172408
30195072
32113496
30118336
30121004
30164732
32304600
30187440
30194288
30215344
30269220
32265036
30129780
30560236
30188284
29891724
31011936
30491784
30163792
30181368
31329876
31215252
30542144
30212248
29993676
30806972
30014220
29950376
30526424
30847132
36694792
33663372
34230004
33418216
34697772
32516080
30384028
30169180
30109360
31571960
30412988
30155004
30143476
30144368
33470156
31729836
30138296
30270808
31824112
30102648
30075996
30561376
30194376
30115988
30116004
33502008
31771760
30223168
30162144
30213048
30148228
30245264
36104408
34949548
32890668
30864652
30311052
30205056
30127068
30310456
30271124
30429268
30792228
30857436
30850840
30178716
32535636
30631048
30164280
30186256
30233696
35145608
33283092
31264744
30216420
30199236
30219648
30122956
30212856
30205732
30238564
31332040
30144424
30144284
30432208
30893164
30543692
30128448
30105964
30134868
31480320
29910036
30166908
29999936
30167648
30810444
30214200
30100840
30274672
31408104
30017996
30309676
29858536
30146844
30371400
31036280
31004284
30160724
30160496
30222316
30195832
30165992
30134780
30142688
30224824
30116148
30130240
31789200
31186576
30177448
30049388
30162396
31351848
30279652
30280116
30160536
30230648
30456744
30107652
30170784
30129492
31829584
30177152
30153084
30158340
30130712
30124364
31093680
30121944
30199868
30115492
34337520
32384224
30273896
30189652
31536724
30186984
30266100
30288064
30219968
35834968
33994032
31474972
30209796
30233612
31057392
30332420
30236696
30237940
35744420
33700576
31715092
30191900
30244188
30190532
30109856
30171300
30294892
30177364
35468084
33477232
30930568
30216964
30670100
30035564
30194880
30584868
30123668
33769304
33022136
30954336
30230228
30944616
30373492
30233924
30168724
30233616
35344344
32307760
30279700
30648900
30643452
30185160
30254412
30128504
30148940
30242256
30140564
30230408
30050508
30085240
31611520
30136848
30043692
30145884
30242500
31817140
30869960
30156296
30244380
30192956
31863108
30159700
30159552
30139876
31927036
30250316
30354648
30105020
30130008
34263824
31935392
30765128
30224904
30102432
30025220
30186960
30189480
30189968
34591492
32683024
30778140
30126404
30202528
31426712
30175576
30107204
30222052
30337792
34847568
32855504
30638168
30122508
30886564
30181300
30232624
30391444
31003272
34418544
32624620
31590476
30266480
30171924
30120936
30120928
30105020
30176460
31666416
30255744
30233796
30186612
30254900
31947352
30222960
30148356
30173372
30304240
30841432
30169208
30068056
30220300
30115596
30090900
29980780
30868416
30171864
31652196
31233824
31235056
30229348
30922680
30263304
30166112
30237552
30229796
30527628
30196516
30158604
30194608
30161476
30113716
30220980
30177300
30191272
29965424
30904552
30157628
30425084
30168164
31734764
30940952
30522132
30218244
30113048
30218484
30127988
30161932
30785732
31514024
30599580
29998216
30527876
30106452
30124208
30731628
29614828
30505464
30774568
36434936
34385912
32392944
30385948
31623980
30226580
30167448
30148352
30100868
30172916
30218652
30167192
30241972
30180396
31349680
32030084
30962352
30171444
30405228
30106768
30169308
30134484
30181860
31047144
36124100
34264496
32316336
30353356
30139020
30259824
30158452
30136716
30300544
30182356
30208116
30236600
30306968
34422064
32042688
30315044
30309764
30133372
30344404
30893000
31324884
30255980
35414676
33486324
31664328
30267436
30163356
30265504
30249576
30142064
30236824
30161484
30277624
30154236
30144816
30242004
34052380
31912104
30220000
30210712
30440340
31913128
30059516
30075680
30193492
33897196
31874016
31359676
30248284
30126232
31302652
31228960
31229404
30454296
30153540
36183988
34199968
32179784
30191544
30733832
30166764
30142120
30356168
30216120
32148052
30468712
30152812
30233308
30187332
33329832
31265640
30291220
30196892
30374352
31728880
31054084
30158144
30221900
33109532
30849684
30389512
30343100
30169508
35451008
33421484
31531152
30180016
30212608
30120148
30194476
30332192
30240544
35399616
34096840
32041148
30449976
30290772
30065892
30157752
30212020
30172288
31633596
30202808
30246008
30135408
30103308
30066488
31198476
30208796
30184840
30223400
30352408
30184104
30198704
30196928
30408532
33328464
31535228
30210988
30239348
31299104
30079024
30295676
30305084
30305940
34047476
32733788
30800296
30173660
30310840
31185868
30202788
30244744
30332812
35466188
32217564
31198972
30666496
30848164
30430484
30951160
30049932
29642608
30023460
30156348
30407356
30108968
30137908
31899176
30625260
30042768
30225436
29907092
29836440
30123664
30921108
29893704
31740616
33706448
31406132
30174804
30442012
30209116
30249104
30206852
30215476
30513964
34478240
32386508
32376896
31347484
30222332
30041308
29927932
30208524
30665528
30143136
29880656
30184408
30158544
30165828
30166936
32686600
33860312
31881216
31532084
30318516
30494964
30119624
30206984
30188516
31260812
30423156
29708912
29430684
29659600
34720460
32404200
30140212
30127344
30551052
30239812
30102596
30567440
30048096
31040780
30479848
30213216
30196824
31082520
30945484
30161524
30120748
31115180
30234292
30179904
30155584
30261940
34623832
32590992
31352588
30157252
30138096
30269120
30156652
30059396
29939356
31173436
32581148
31203168
30223196
29899100
33528692
31278600
30119528
30749812
30170092
30447280
30870164
30242480
30171124
34618868
32404740
30218716
30206136
30022912
30148388
30194840
30059156
30019832
30116592
30815964
32016920
30124144
30588148
30929476
30424132
30137352
30728160
30121400
31008912
30097028
30108912
29931320
30182360
30456276
30106376
29752292
29908032
29814632
35087544
32755232
31585312
30569948
30275856
30161424
30735824
30455736
30196776
30584692
30102568
30433436
30141892
30824448
30661456
30079872
30148592
30097524
30930692
30119068
30120532
30120384
30131032
33903356
31953000
30793376
30180904
31724600
30148692
30478388
30181812
30347384
32881820
35347376
34145276
33298676
31745032
30256136
30126264
30161480
30402464
30408312
30169952
29531168
30260656
30061852
30743936
29692036
29975748
30240532
35789564
33989112
31882172
30183256
30130656
31451716
30193124
30275596
30351768
30121228
36384924
35948784
35416388
35089688
34242268
32267168
30202604
30198288
30090904
31906648
30620588
30483420
30483768
30091236
34481888
32534020
30414104
30597196
30558436
30148800
30128748
30011216
30112536
31553196
31316088
30123416
30137560
30186232
32633072
30190476
30167196
30014932
30793188
31295284
30485980
30067072
29999008
32305488
33588608
31062084
30218276
30160684
29981744
30427612
30127184
30189836
37257172
35369740
33086244
30934120
30156456
30155636
30186504
29882048
30135392
30262220
30417092
30061692
30113588
30081088
30536248
32505336
30328784
30459512
30134736
30187584
30203540
29984504
30071700
30141236
34835840
33151076
31275408
30212856
31428980
30192860
30236424
30128636
30127564
35160012
33202768
30900652
30112180
30262736
30214696
30138460
30119160
30427584
30143540
32141908
30178748
30559060
29787952
30947368
30599704
29689240
30316708
30221688
31615060
29696096
30031128
30740440
30004208
30611300
31474400
30272292
30072556
30140744
30138416
30096080
30215796
30214080
30245872
30154848
30181636
30132808
34155888
32236456
30148140
30388684
30099836
29945188
31419484
30118288
30204556
31020936
30725768
30191488
30237496
30130400
30191912
30491628
30002508
30159516
30127176
31096996
30158032
30600808
29703652
29791620
30124312
30201136
30181336
30100604
33622432
31609744
30385948
30128464
30140436
30611884
30202848
30169768
30103896
30145476
32047592
30403480
30111676
30206452
31304180
31933036
30929636
30133840
30133240
33716880
30584808
30225516
30236536
30092028
30098676
30231084
30162228
30197492
32584556
30537536
30138676
30181160
30237732
30445888
30155340
30080436
30745540
30483676
30500140
30499508
30114848
30125444
34907224
32876116
30974324
30183696
30202012
30210048
30205160
30213472
30147900
30128336
34103692
31780936
30210112
30441736
30997944
30460640
30464500
31077452
31035260
31190672
31190688
31174840
30114316
30205824
31420220
30168084
30271888
30100300
30122440
34968164
33034360
31212324
30264792
31611556
30134428
30506024
30119704
30180672
29985460
30337428
31280140
30172976
30748920
31070680
30198304
30019824
29772460
37876716
35956424
33838272
31591524
30069712
30316440
30213148
30081868
30184868
30792632
30204996
30323864
30132136
30276872
32787188
30422540
30175116
30573380
30273716
30997996
32481512
32513856
31751424
35450096
33333996
31343028
30152328
30225724
30233264
30222168
30195440
30244800
30189436
33500996
34935576
33063724
30942564
32279688
30220172
30165788
30172124
30122292
32233600
29952416
30085424
30145616
30241796
33062816
30996856
30270428
30116916
33741708
35438864
33796260
31786888
30172352
30286584
30154016
30149820
30172444
30101876
30667968
30164640
30817556
30165592
30367996
31030852
30267672
30089488
30503776
34080416
32445856
30077772
30746452
30083260
30181648
30198084
30667028
30126892
30701008
32676664
31180616
30174680
30058856
32128428
29978772
29491456
29929828
30168988
36437356
34269452
32431912
31509932
30126808
30144692
30555056
30246612
29713576
30732236
30116800
30626584
30207660
30218484
36121812
34426056
32640560
30831672
30206252
30117936
30135208
30073960
30114372
30236244
30235476
30427428
30169924
30167672
31284208
30120244
30163376
30177288
36763908
34788656
32873212
30907016
30231720
30159584
30302484
30261324
30101004
32290236
32681752
30188336
30742600
30158508
29953160
30828000
30168840
30230640
30239476
32803724
30813880
30164528
30177772
31554576
30101312
30183980
30236660
30309844
34419604
32421404
30356900
30528212
30393248
30848556
30170780
30888348
30791512
35479240
33461436
31410508
30192192
30224156
30735376
30204720
30185348
30098160
30208484
30301432
30296880
30145904
30178516
32250476
30164472
30160068
30384116
29938652
31039592
31374408
32251848
30155780
30295244
30940108
30403676
30515856
30219552
30160860
30174432
30228300
30183960
30202516
33751004
31468568
30108948
30292424
31133312
30091580
30309800
30082176
30443568
31147416
31137948
30499716
30158452
30231960
33160576
31123424
30226744
30227644
30189076
30116968
30189796
30401484
30181644
31558852
31629392
30144696
29896928
30776928
30444580
30146232
30199508
30075140
30198800
30199368
32763924
31098536
30133708
30361288
30186924
30132916
30349252
30240348
36266812
36267308
35136480
33160720
32366864
32036332
30285592
30139944
30199668
30244476
30166424
30477096
30096152
30119924
32500416
30557392
30190072
30192888
31157264
30143556
30107444
30141072
30141372
30142788
30152340
30272924
30177568
30137156
32826436
30377608
30074448
30125076
30229440
30238412
30344936
30148844
30114244
31953716
32265580
30134356
30627156
30117160
29606080
30056708
30239020
30033668
35873732
33737724
31678952
30188872
30119008
30168852
30208968
30260836
30191012
30147660
34623092
32404532
30386160
30422316
31675632
30175424
30270100
30306176
30656764
31911840
31077256
30205224
30259316
31934216
31366572
30165236
30121936
30173848
35133156
33111504
30992836
30136420
30150008
30468808
30315192
30475200
30162812
37005608
35288324
33181028
32570396
30674888
31216764
30122924
30161144
30223060
30232588
31041044
30190084
30190676
30448268
33646068
31747568
30223760
30237480
30223848
31076616
30167492
29957048
30126616
30124616
34921616
32960520
31329956
30203916
31541328
30128352
30117360
30433644
30328140
37235104
35382704
33543400
31361624
30107244
30961096
30148564
30204860
30158860
30228872
35209112
33189380
30916256
30414756
30044912
30718076
30303360
30202872
30261928
35653320
33580212
31642080
30230880
30567224
30215804
30166628
30126800
30127400
36593260
34613544
32643216
30628992
30180732
30229892
30218548
30194192
30172260
30117980
30115800
30120564
30157788
30165984
31976696
30815896
30149232
30216400
30780340
30759712
31938944
30231008
30152988
32436340
30299452
30641240
30632596
30177884
31028292
30162564
30148320
30234976
30364432
30923140
30169000
29939040
30624572
30736240
30855632
29996724
30126400
29926704
30385080
30126136
30118340
30177644
30200880
33105532
30997848
30118836
30177044
31377136
30213456
30242388
30196032
30100448
34713728
32816724
30608856
30170528
30129168
31227220
31141284
30695316
30219804
30463312
33613616
31493672
30179616
30195396
30944436
30171972
30205128
30110892
30232932
34220348
31622480
32011416
31488592
31231000
30109516
30206100
30132004
30142112
30268116
30196448
30213020
30152688
30194672
33693884
31389688
30180848
30132412
35538960
33904836
32029888
30240808
30113620
30507184
30220776
30612128
29812644
31594552
30587320
30175020
30057744
30061132
35085492
33193912
31033008
30167132
30191964
30091556
30208664
30208064
30140244
30191420
35006740
32940364
30956516
30186436
31494420
30150500
30187044
30143600
30192824
30557568
30260560
30146064
30166348
30188020
31103552
30622332
30098144
30161480
31408484
30161476
30125712
30145476
30149996
30177700
30245476
29938908
30151612
31160416
30697792
30172692
30245860
30266080
31582556
30138264
30161484
30192540
30173808
30316936
30164916
30146388
30331476
30454884
30295140
30100188
30161712
30161620
37244284
35349804
33393448
31382396
30174036
30177268
30212200
30185260
30325728
30108028
31501284
31144692
30335576
30115792
36400080
34518952
31955572
30113656
30129512
30109392
30116752
30129800
30234560
30240152
35135988
33295320
31174460
30159724
29936052
30916320
30847132
30132212
30196412
36869780
34326424
32112944
30438268
30155808
30065372
30157240
30172004
30052000
35012204
34923816
33529936
31627768
30220008
30157792
30278940
30359220
30144904
30254676
35127512
33214624
31205856
30129336
31380088
30147060
30225384
30240708
30349852
31728532
29946524
30606448
30168572
30172804
33117036
31200000
30172160
30197656
31150172
30251532
30079556
30059564
30084728
32702672
30822848
30223980
30151216
30428156
35294460
33337468
31511672
30191732
30787212
30204196
30812636
30370152
30166364
30324956
30388300
30021264
30163320
29900856
32558676
30601332
30214824
29563316
30125776
30531784
29999304
30133336
30430216
36115436
34209088
32268100
30302048
30230748
30242628
30499648
30481176
30156900
30707080
30373004
30220484
30508860
30707352
30713248
30078340
30037864
29703120
31004372
30704520
30124212
30026420
30013660
30138388
35638256
33574872
31594620
30211020
30217448
30115496
30134692
30251004
30739068
30300044
30099548
30189196
30623028
30683748
30507236
29783284
30266336
29845204
30263680
30241032
30312592
29840660
29937760
31080972
30110148
30182968
30201880
31988392
30096984
30147700
30187492
30146196
30221392
30250708
30216324
30220924
35233196
33329024
30795028
30228092
30140576
30487640
29845980
30382120
30396580
30175680
32906124
30960668
30203800
30246968
31176808
30229320
30152472
30686292
30616556
35728404
32701704
31773544
31481968
30244408
29807732
29862928
30248904
30205340
30574464
30394324
29707092
30758868
29967632
30538220
30385024
30347720
29931008
30094216
33407268
30983984
30169840
30545288
30233096
30064192
29808604
29648692
30070536
35736564
33802708
31560352
30163092
32230116
30208476
30281920
30079360
30208992
30922796
30143132
30151192
30487024
30191540
29947112
30728628
30041300
30257468
34491744
32166980
30473520
30231448
30218168
30738500
30123564
30207864
30788560
30556536
30569236
31523292
30425320
30185628
31015288
32526464
30245072
30003240
30149780
30839840
30175224
29891376
30185460
30153116
31881600
30507068
30172604
30284860
32856976
35084612
33059104
31064904
30252604
30265088
30161960
30412988
30482976
30922540
30447684
30856584
30238244
30190152
33151472
31230252
30126808
30330952
30381432
31950964
30941408
30942868
30634516
37186080
35385220
33476544
31431248
30097852
30195924
30193096
30222176
29715456
29590964
29790516
30169224
29942892
30239556
32394540
33125972
30897248
30247256
30151748
29896796
30342044
30004192
30089372
30312180
30901120
30588520
30110688
30255268
30157968
30268124
30339084
30195900
30454652
31105736
30063236
29985080
30103324
30860928
31659204
29691280
30274228
30115636
30943700
30349176
30103904
30143340
30208428
32468676
31784068
30242256
30159148
30219024
32733640
30654524
30208932
30279076
30678556
30225776
30238188
30165908
30373868
35479912
33530524
31108796
30156796
30112108
30181352
30381852
30273588
30263724
34936672
32890788
30508728
30144972
30205260
30499916
30243724
30196840
30211028
30733988
30312260
30142140
30224392
30422044
31684540
30194336
30123804
30198776
30144640
31499792
31516736
31517604
31515496
35002320
33029836
30953360
30236496
30144228
31682300
30173356
30542596
30619048
30619256
30125432
30136196
30268636
30228416
31074216
32484692
30198348
30236204
30111144
35464800
35588124
34565472
32401060
31191052
30169980
30156876
30204564
30138396
30138236
31521144
30242848
30171004
30218700
33875732
31461264
30256380
30194356
30261684
30840348
31092908
29954172
29664120
30486620
30036432
30094428
30212548
30128276
35686660
33445700
31766172
30237304
30208396
30185552
30637784
30221240
30203424
35624716
33525620
31569840
30194388
30178872
34510020
32524660
30253804
30149248
30252088
30431484
31370256
29987916
30064948
30043808
30645680
30189056
30092924
30157416
31516272
30196428
29962032
29879292
31602536
30097376
29725368
31272716
29925832
31295492
30331080
30757856
30482440
30029516
30972812
30030524
30014832
30323964
30191832
30122076
29943596
30123732
30157836
31890020
30126052
30024516
30029352
30441744
36599792
34446956
32325792
30282872
31042756
29988856
30173596
30169456
30231832
30309684
30206692
30299708
30164228
31736532
30234992
30033964
30191136
30156520
30922980
30131624
30202488
30149708
30149084
30690460
30690856
30224708
30283236
34382768
32454000
30450648
30193440
30217584
30317908
30151720
30166568
30319004
30275896
34087020
30705708
30870112
30787516
30128012
30123604
30240748
30237676
30193184
30109320
30640600
30111488
30421644
30145248
30177500
30130676
30130792
30283536
31935152
30212044
30520228
30114676
30718384
34030284
30858400
29839004
29734712
30747880
30207916
30234048
30136684
30190188
32186772
30182344
30186428
30131624
30258720
30646268
30206512
30183284
30236820
30177220
30378356
30189504
30213168
30195420
31489560
30221996
30244768
30227872
30211664
30262684
30419824
29976796
30972148
32654900
30375080
30175988
30057236
30256440
30630292
30219512
30233944
30234976
30232156
36114176
33967408
31970336
30250008
31208692
30224296
30222184
30239644
30138636
31673352
30305432
30140940
30313936
30148056
32832864
30596264
30486036
30249208
30275060
30181768
30101704
30097956
30099404
30097072
33569156
32998864
31205040
30192328
30247844
30167424
30159300
30203812
29950584
31828592
31599436
30513392
30133240
31827492
30327164
30422060
30211704
30139668
30207756
30739984
30049012
29977848
30978816
31014568
30194908
29959912
30074648
32378812
30929120
30190192
30234152
30760360
32377852
30265728
30220896
29669464
30221364
30147964
30225296
29913584
30135152
30920060
30171504
30047192
30642964
30050632
29894116
30348908
30193236
30059380
32648144
30649500
30168680
30225236
30175024
31815364
30226140
30246792
30214264
30210016
30146452
30226816
30232748
30198372
32850420
30840920
30201956
30443360
30450548
32579168
30367612
30126232
30591844
30207864
30535336
30613708
29976752
29628044
30213244
30562296
30235568
30092188
29723240
31477916
30219068
30167100
29931484
30063272
29932576
30237952
30238772
29702312
30237652
33781704
31566024
30202908
30201116
31203700
30230044
30193364
30232636
30866848
30164468
30233592
30237096
30316660
32880408
32342380
30653748
29915168
30180900
31951820
30838928
30253612
30181428
30263864
30034524
30476772
30366540
30267320
35113732
33056100
30897104
30152480
30191076
30592212
30409028
29766588
29894224
30700544
30204468
30226024
30189132
30764960
33963212
31536056
30144300
30123432
30213336
30210252
30259132
29900336
30426184
30431300
34195892
32141412
30260300
30251924
30187224
30331428
30125880
30190436
35718536
33740312
31121628
30212044
30558460
31913448
30560212
30208948
30178256
30703864
30292236
30217224
30236124
29886844
30626660
30196464
30424428
29892952
30244064
30231816
30469828
30229072
30258584
30713376
32895812
30373476
30060076
29886344
30658300
30140764
30216048
30173796
30412684
31349944
30097012
30360096
30335216
30003536
31542148
30216716
30564556
30093004
31851756
32832052
30735252
30148252
30258000
31032584
30232876
30323464
30649156
30257608
30684432
30203352
30116540
29687224
29892648
29961332
30247512
30986536
30171132
31366552
30030700
29627016
30230508
30229444
30536560
30224852
30230000
30207768
32338972
30400472
30202264
30264676
30157856
30175844
30170760
30520052
30201352
29633524
30530152
30549732
30176360
30619584
31521380
30160588
30017756
30028116
30521696
30206516
30646484
30576856
30168000
30254384
30180460
30241648
30171968
30233784
34021260
34007804
32601972
30936180
30242484
30245920
30051744
29974852
30294144
30729712
30257012
30250676
30252408
30118944
33375748
31559280
30226936
30182232
30315768
30237260
30181700
30255904
30547796
29873068
33715504
31847060
30275468
30093756
30229492
29911840
29979240
30584244
30218280
31127132
32069264
30241888
30171220
32678344
33232276
30413604
30411808
30412024
30179300
30234856
30176716
30184232
30180028
30366472
30282560
30179940
30134076
30875656
30114076
30119548
30605220
30371828
30590160
30163256
30205404
30201588
30218776
31144632
30328936
30277984
30730036
30231228
30224092
30119484
30242016
30224484
29950964
29929052
30034452
30175896
32087424
29938552
29918196
29862276
30149140
29757836
30213216
30146080
29857120
30262988
30207112
30164480
30221184
30480824
31779332
32044236
30448780
30230948
29902228
29876192
30535300
30253800
30243956
30220640
30194024
30133640
30217360
30144404
32117656
30256540
30245656
30161804
30172936
31259992
30268060
30240584
30227124
30169192
30676788
30103104
30627016
30465128
31521432
30273208
30203940
30040220
30264060
30376888
30250028
30189780
30196272
30949460
30237244
30156328
30183660
30182592
31456544
30169260
30187656
30267600
30216652
32286856
30054108
30233992
30168152
30171832
30226128
30239744
30133048
30202212
32277140
30235400
30206080
30239248
30239356
32365020
30527876
30171316
30209936
30335084
30312092
30219548
30292372
30234256
33444096
31371568
30184948
30235636
30157584
30230248
30121320
30164228
30249516
30990616
30168624
30234628
30177400
30214420
31103648
30277840
30250916
30313484
30125328
30932580
30185048
30221540
30316824
32074828
32482380
30146124
30256200
30258732
30165072
30203296
30194732
30221036
30068464
33767108
31895032
30237780
30186676
31078760
30252480
30208300
30211044
30111276
31334096
30163852
30271976
30245104
30232184
31326536
30196836
30230884
30260440
31918312
30213300
30386428
30267760
30352448
31096960
30116476
30816220
30192596
29286772
32547332
31269124
31038632
30288544
34027896
31992496
30206948
30253540
30113840
30215040
30217212
30305200
30209124
30175388
30261104
30750408
30385480
29801600
31242132
30288308
30232980
30166032
30217936
30941504
30931244
30930032
30282652
30252656
33342980
31341152
30217152
30212204
31287960
30222956
30186648
30186092
30201080
36319968
34179640
32021028
30359732
30193564
30260236
30224652
30135488
30160916
30701732
31443924
33392320
31357352
30181420
30933340
30164112
30160788
30267628
30251668
33899688
30684896
30245164
30263236
31264668
30259120
30095860
30180856
30229180
30425452
30155584
30181612
30219952
31171056
30180580
30220552
30206124
30199344
36749984
34782636
32686912
30761424
30144040
30260376
30226232
30238952
30277696
30248160
30240744
30275076
30235404
30177440
32002708
30205472
30264464
29919104
30340912
32805016
30969000
30199620
30260616
30384264
33197796
31184012
30182904
30151192
30202848
30150792
30223056
30141252
30254488
30231472
30176172
30159968
30207840
30185764
30204672
30311372
30251536
30275632
31629932
30138620
30182808
30265344
30261608
31298492
30188244
30167324
30209068
31262664
30175376
30169296
30239508
30210872
32634824
30790680
30081244
30291892
30684280
31274036
30194356
30229420
30405492
30169232
31608676
30217892
30242380
30170076
31365032
30182140
30252520
30203368
30307648
33062516
31102124
30335380
30256240
31479172
30064404
30545924
30151940
30255756
34755392
32296820
30250764
30910088
30157788
30300740
29981544
30084520
30189220
30648744
30697028
30237804
30058408
30262916
31534680
30174216
30917696
30108996
30186816
30106292
30176028
30247656
30251104
34646452
32511396
30382724
30206036
30243560
30485140
30260220
30203988
30281416
30836032
30207936
30230644
30333028
30193884
31420432
30101628
30167060
30185416
30697800
36212824
34273488
32237992
30261436
30235048
30242376
30153052
30259948
30274040
30285340
30141812
30168864
30309772
30182748
32308220
30322400
30195408
30209140
30191112
32188596
32554488
31220644
30206752
31958428
32287208
30420452
30240160
30203100
30794504
30235616
30246756
30819996
30831624
30801532
30186220
30301128
30195560
30833660
30191512
30371204
30200460
29761524
33468260
33470152
33228136
31374568
30193032
31131848
30257176
30190164
30133820
37741528
35828412
34034152
32125160
30210552
30408616
30173384
30176292
30249496
30236600
31210252
30279644
30270092
30094544
30214112
30499932
30185532
30231496
30291732
35128020
33264456
31387040
30314512
30252420
30287092
30183324
30225816
29973524
30634328
31190100
30241576
30171528
30272740
32168748
30341484
30140092
30265544
30334388
31115416
31137008
31137368
30199924
36183364
34194484
32011372
30254632
30221280
30745288
30169252
30182668
30170828
30187184
35422360
33473660
31460964
30235328
30644344
31404176
30166748
30242968
30156868
30377864
30199972
30158244
30158692
30252096
32557628
30655120
30283648
30224680
35496840
33319216
31455744
30257304
30255788
30938920
30300540
30157232
30466440
30207068
30595216
32037544
31253892
30200340
31278768
32896752
30300680
30402848
30349688
31075040
29990084
30444684
30362360
33586656
34696008
32823844
30823724
30189060
30276568
30220168
30256976
30273268
30168988
30279556
29677420
30599684
30171768
32707792
32152244
30213680
30242440
30571108
30413656
30075956
30094584
30223756
30197048
30658716
30194936
30231272
30325292
31557364
30207124
30241812
30165244
30237696
35083288
33098024
31041732
30233644
30294820
30167792
30370448
30447836
30670568
30475868
31828772
30901500
30508900
30238912
30547704
30995468
30148488
30156852
30577300
34060264
32254196
30254236
30181940
31051516
30247260
30164112
30539484
30497228
31852500
31995916
30681560
30167144
30178880
31427940
31498992
30223652
30262344
32076752
32420844
30438148
30230940
30211820
30464780
30170364
30228920
30288476
30196304
30536548
30332160
30328644
30178080
30710164
30232908
30094936
30661348
30152860
36220916
34228216
32286176
30191932
30097672
30682112
30233580
30379220
30575564
30903856
31156912
30350076
30272424
30667028
30399764
30490984
30338304
30107952
30602692
31528968
31529944
31537788
31040308
34867356
33148016
31107060
30216476
30256224
30565228
30250268
30207820
30252912
30229840
30627056
30158240
30143100
30554400
29993372
30736620
30600844
29909436
30446732
33837476
31788636
30191400
30234856
30209308
30431588
30168588
30153700
30268000
30614980
32091612
30612932
30260664
30193640
34005876
32129792
30260020
30179860
30266648
31396604
30341312
30222788
30158904
30201812
35538116
33740100
31732552
30198704
31167920
30258480
30214952
30120408
30833472
31069352
30178936
32355892
30615224
29715536
30913232
30261872
30218188
30238892
31805732
30045348
29999564
30067880
30170740
30378304
31524324
30213372
30146960
31431672
30235144
END
END
