30246252
30246004
30244928
30276168
30274360
30292548
30200720
30194864
30181064
30554716
30865652
30205904
30215972
30726252
30139160
30154444
30382520
30207100
30799768
30350536
30534100
30000676
29900164
31076404
30184624
30719352
30180584
30262080
30195276
36831480
34177996
32424948
30407424
30247652
30859164
30106896
30618736
30445944
30188352
31871216
33008208
31209388
30612144
31583640
30225084
30212228
30237676
30127344
30127308
30139852
30231108
30213336
30248884
33641120
31013616
30270564
30185888
30591148
30592532
30164132
30888952
30338848
29687848
29605820
35100484
33036696
31708564
31086952
30259332
30030428
30172964
30566988
29979432
30859224
31772648
30402360
30240696
33310100
31347812
30429520
30203428
35926580
35701560
33490876
31120452
30175276
30228936
30118256
30127372
30897292
30260608
30404712
30023768
29955708
30579216
30167712
30501444
30252484
30260696
30164852
36896696
35083616
32413892
30561816
30255072
29702640
31151988
30249112
30657520
30219584
31655584
30252832
30258128
30275684
33622084
31510224
30136320
30159560
30141616
30256184
30461192
30250948
30194640
30237424
34622384
32629548
30242416
30179152
30257948
30255552
30470208
30001264
30312812
30054220
32927088
30037944
30237512
30008664
31032796
30218420
30308320
30230784
30178504
33814708
31468264
30197448
30486424
32028620
30240580
30545964
30153636
30239548
30164628
31401460
30087172
29842600
29744112
32807276
31683956
30353216
30198936
30286092
30260128
30060868
29683208
30239064
30289900
30288120
30765388
30186152
30244964
32168332
30243804
30212056
30392304
30217988
30814828
30246424
30549360
30380904
31272216
30468240
30166260
30105496
30075464
30622168
29855080
30333184
30040076
31616448
31728196
30734560
29918980
30195368
30270032
30655844
30068536
30884564
30228120
32516796
30181568
30038608
30599444
31690684
30185432
30158432
30130576
30353064
31712912
30246560
30916576
30025520
29974580
31517800
30538164
30194360
30144384
31822100
33817816
31530472
30754436
30181356
30575852
30185820
30089812
30134836
30143376
30813584
30224092
30262436
30280808
30736236
30159500
30243908
30522704
30197112
37542388
37145768
35058340
32848140
30665288
30198284
30194472
30132428
30433800
33603028
34880180
32468716
31135200
30431244
29750452
30120836
30699316
30128740
29919032
30145316
30601656
30080400
30279972
32197892
30196556
30089960
30495188
29799548
30239244
30482132
29867960
30256852
31891904
30226044
32108976
31038240
30216472
30029264
30082580
30254408
30237908
30192076
31762472
30220476
30272088
30154308
30343388
30041620
30340556
29925168
29905456
31562016
30001280
30101840
29980532
30414052
30108800
30200012
30150468
30309852
30271352
30459208
30427312
30333748
30164684
30526304
30350064
30269696
30195212
29969156
31376784
30164124
30121484
29640584
30674100
30342340
30273940
30317280
30221444
31793416
30157996
30136492
30156576
29886500
30684040
30748336
30194660
30166364
30246068
31549276
30202040
30091532
30775684
30631432
32003964
30684188
30154356
30213296
32212192
30210828
30187188
30211368
30658284
30224112
30281436
30632712
30653540
29954168
32185904
30416072
30153980
30189512
30673892
30974508
31086252
31164336
31160152
34892580
32524400
30244380
30336720
30212508
30197860
30141444
30720548
30155260
31241528
30168640
30955896
30189248
29993860
32459500
32691836
30758008
30270464
30542244
30134504
30225772
30187232
30447152
31072096
31598216
30912896
30254332
30220320
30528112
30384844
30202152
30328320
30172144
33236072
30869536
30529140
30248648
30131200
30181704
30174916
30425756
30283972
31121632
30548500
30233164
30065632
30319420
31195808
30096628
30197804
30325156
34679760
32461740
30245308
30467376
30620940
30295212
30388808
30150892
30215508
34258272
32089344
30086636
30213992
30185456
30621812
29857084
30136864
30178832
30176316
30175076
34804604
32485108
30273164
31213152
30209976
30226396
30618528
30242068
32280144
30403972
30368524
30010456
30309036
30656804
30429188
30220372
30245928
32139620
32031868
32081604
30921176
30296816
30285544
30252048
30161932
30156768
32501908
30210568
30410796
30455128
30325420
33284128
31384380
30148796
31119312
30179184
30798636
30089252
30359152
30351504
30909852
30205940
30650872
30139892
30230120
31864764
31864728
31736624
30189504
30260988
31733236
30198800
30270676
30715524
29448804
30231300
30500536
30558768
30091308
31347336
31854884
30228604
30357680
31710876
31147344
33117708
30905908
30051560
30272444
31068368
30134728
29875812
30178852
30262068
32678188
30381988
30272380
30217732
30383752
30234644
30209104
30344900
30166772
34837300
33177168
31094276
30141740
30087184
30024332
30720728
30056536
30577892
30215112
30080904
30190224
30578380
31290308
31389984
30252572
30261660
30266812
34561344
32472804
30180888
30133564
30183028
30855540
30263020
30162956
30019772
32034296
32204996
30284660
30117416
30867208
31145424
30140024
31009340
30975948
31950480
30194560
30234368
30437816
30329492
30454160
30602420
30264672
30238348
30209056
30558540
30208132
30205320
30189064
32347480
30233880
29933672
30568372
30155800
30512184
30776128
30171080
30203964
32561184
31882172
30192800
30260748
30138260
30197272
30010272
29861224
30523408
30281964
36530128
35010780
33421520
31131272
30226496
30222916
30134384
30327984
30119956
31660888
31663724
30791544
30213824
30310832
32640324
30378320
30213564
30369468
30561384
35666676
32599652
30863580
30252280
30892908
30222928
30564284
30164844
29908220
32162288
33422184
31701628
30994852
31598952
30151920
29899588
29834808
30748592
31452068
30110708
29832080
30177996
30264136
35946744
33669780
31256208
30184556
30646008
30248768
30229156
30223780
31213184
33714836
31189296
30196264
29755776
29449872
30130060
30067920
30095488
30175940
30326108
30138560
29865600
30003932
29912960
32719752
30668564
30271748
30208460
30207128
33091344
30780320
30625176
30472136
30239436
32409696
30199552
30727020
30255900
30625012
30227136
30225216
30174408
29750364
30378004
30105064
30145280
30732184
37142848
34821396
32589512
30488980
30655356
30189972
30241820
30203400
30221004
30756280
32447056
30155512
30216728
30141340
30918896
30381648
30056676
30550244
30165292
31270492
31306344
31411148
30267884
30231776
32043504
30239008
30153888
30139948
30807596
30238148
30648868
30122224
30382528
34315784
31659576
31190844
31111828
30610708
30173364
30201548
30383924
30169576
30076668
30454260
30155984
30245548
30190952
32729220
30919976
31097776
30151096
30193600
31573064
30239728
30001816
30122516
31257624
32724172
31679004
30902320
30002480
30316600
30114024
30139708
30473672
29816524
32572504
31488248
30201308
30211480
32225256
30747080
30262636
30128624
30105588
30822324
31301368
29871304
29685188
29465908
30214576
29840096
29404088
30260032
31306624
32523008
31729440
30237260
29892156
30225772
30141336
30265472
30237456
32327992
34325908
32211080
30273864
30225380
31329720
30154336
30586360
30156584
30156848
33801588
31690348
30190060
30203288
30216808
30097956
30355248
30191124
30196096
31990808
30238020
30185012
30292444
30237512
30118428
30411236
30411168
30204828
31558196
33234320
31144564
30247296
30184260
30443248
30295164
30577640
30415880
30077964
32429960
30162892
29864644
30304516
33510588
32873304
32628608
30423516
30255676
30247720
30107304
30197620
30199600
30255916
34412372
32132020
30230984
30228712
30238308
30455380
30902464
30219904
30182288
31193356
30110632
30432116
30180752
30185652
32336908
31298020
30137544
30346212
30670268
30173100
30247508
30249488
30114144
33933728
31540320
30211460
30276880
30219172
36208624
34295756
31140884
30202348
29260728
29744812
31361876
30186704
30220712
30243752
30266740
30162576
29858096
30369124
33530064
31069372
30872428
29830380
30352676
30456524
29796544
30185056
30154072
31311684
30173128
30224176
30438040
30222168
31414692
30561752
30234540
31212348
31573248
30024216
30227644
30446804
30218828
31286592
30021132
30291692
30146764
30188648
32166968
31792296
30193868
30225700
32258216
30062148
30549356
30257336
30543740
31064256
30237360
29967296
30143808
30119564
30477796
30617228
30262212
29982832
30004936
30593884
29906604
30264512
30183008
31655156
31663464
31678620
30322056
33429500
33770724
31651172
30479840
30215432
32036304
30270060
30249240
30445812
30225456
30332684
30211780
30199040
30184676
32521948
32480636
30511980
30255196
30016300
31045840
30211268
30154228
30154476
30279288
33815564
31121852
30479700
30384212
30165284
35057672
33020424
30233152
30244620
31351828
30410708
29882552
30236508
29871720
31091576
30504988
30196868
30022116
30031768
30474564
30200800
29966904
30161376
31468788
30270020
30429204
30056436
30239780
31450284
30460068
30364768
30270320
30864616
30152024
30148804
30028628
30240228
33466980
33453728
32573312
30242108
30216676
30172232
30225048
30249836
30086936
32146412
32147640
32147224
30975224
30315296
34281232
31731756
30691316
30195792
30196564
30112236
29702508
30154444
30114420
36060632
33782528
31557176
30211640
30221016
30370100
30249900
30168472
30130768
30408664
32519616
30528256
30510072
30230000
30226028
30343080
30225920
30273272
30260620
35199880
32890792
30669108
30193012
30804052
30182924
30176080
30200216
30258392
32468572
31757644
30129456
30541052
30443052
30067616
30810060
30819976
30819980
32023176
30273008
30328640
30287984
30194484
31039996
30196524
30331804
30587496
30160528
30846396
31380896
30193072
30143600
34827156
32851108
31422880
30899744
30134108
30422320
30250588
30177000
30192136
30099928
30144928
35387536
33216472
30953136
31073092
30163444
30711260
30640512
30223688
32534156
30620224
30227872
30709324
30460024
32241552
30364952
30723372
30604780
29991076
30634768
30304108
30206956
30700344
30539624
30168648
30494304
30170668
30225828
33574568
31128844
30915508
30808100
30458832
30264216
30241576
30353464
30474748
32354700
32328972
31108512
30193000
30175632
31666128
30694260
30674820
30231068
30189340
30340256
30225004
30218340
30217964
35314212
33355328
31573980
30225744
30754940
30189204
30240464
30147208
30186364
31711080
30180316
30080348
30197228
30263036
30780052
30132784
30268756
30176772
30188108
30513604
30239188
30239408
30255348
35022528
33417704
31242320
30282884
30165168
30290020
30231952
30119484
30154124
31629440
30263932
30149196
30178476
30238732
31335816
30233324
30236944
30140984
30140980
30139512
30393052
30322288
30196472
32050536
32714032
32313600
30343932
30156108
31104664
30326192
30175660
30282604
30259112
33358856
31417040
30323792
30476296
30180980
30677552
30214180
30197900
30232288
31913084
30795028
30502112
30269116
30207452
33207732
30748916
30185596
30157580
31244164
30412540
30221924
30207644
30202612
31938420
31237740
30387988
30112200
30597880
30621752
30030324
30100348
30317260
30721640
30159632
30264876
30175876
30353416
30910308
30464808
30162912
30218144
30159192
31230156
30251072
30028244
30168644
31393320
31102504
29619932
29931684
29782092
31159896
31278780
31190680
30188280
30462484
34405184
34102064
31770376
30214352
31336572
30211212
30165176
30254724
30870256
31388792
30613140
29970980
30258544
30122268
30186904
30114368
30196560
30678716
31223888
31375992
31376492
30869732
30215804
32944968
30147928
30576548
30168092
30458580
31966972
30118472
30667404
30240292
31314708
30316296
30269304
30165976
29700488
30846936
32203288
30562868
30184212
30294132
30870364
30046008
30635464
30118172
29973308
31747740
30218676
30241432
30185184
30243912
30162140
30331296
30322892
30138880
32907104
31109400
29733140
30266536
31021204
31368500
30489412
30127320
30114900
33075176
30816768
30195368
30174116
33525936
31309616
30204404
30081992
30320196
30236320
30201572
30138452
30206216
30158168
32547084
30304392
30207788
30155484
31474196
30300420
30117416
30119488
30197564
32100652
30248592
30225592
30189956
30238048
31502228
30594120
30260124
30205560
30215892
30263492
30640688
30130420
30078536
31484068
30183492
29987432
30316092
30123492
31569136
31569424
30686248
30688768
36957024
34510524
32332228
30505060
30278900
30204404
30262968
30203604
30140788
30883252
33361220
31614860
30117632
30129548
32305924
30199804
30240964
30194348
30259632
30259508
30136268
30183012
30183332
30244828
34296488
32054556
30315468
30239596
35471608
33414792
31321660
30562820
30253448
34116532
31453460
30241588
30223552
30225760
30318168
30081924
30095720
30253880
33127220
31618684
30174548
30139480
30204564
30266724
30257200
30276988
30271324
31107056
32280504
30341488
30190836
30144404
32092132
30363772
30141060
30662480
29983708
30999512
29968268
30141480
30136776
30414252
30385716
30145028
30620076
29896228
30551624
32849744
30617696
30263092
30211588
32935848
30391716
30448612
30274348
30615288
31245160
30536244
30531220
30160268
35258816
33321636
31101372
30411776
30182172
31260196
30220344
30187684
30145544
30391652
30400152
33122296
30822712
30257924
31982064
30215020
30125096
30260720
30210148
36193684
33591848
31977748
30336080
29866648
30315024
30227688
29993008
29724900
33210832
31388172
32615920
30767696
29953680
30057500
30075564
30468424
29904176
29961752
31182928
31184488
31475140
30169980
34537960
32239428
30254016
30168536
30214004
30129648
30627048
30190680
30098120
30103992
33038860
30992400
30144004
30077104
30077768
31036620
29721980
30433148
30310848
33639648
31378564
30241380
30193224
30262616
30409572
30342760
30710668
30531068
30235352
31320432
29860920
30444360
30146936
31899592
31811812
30239784
30125176
34720896
32845460
31014408
30247900
30163192
31039520
30249568
30244112
30252892
30175772
35457892
32856952
30985416
30135076
30644200
30219524
30403384
30165808
30144252
30102860
30735824
30219816
30248208
31112804
30327164
29930192
30686924
30342072
37348684
35122128
32759016
30505388
30176404
30180264
29999708
30190572
30236576
30234532
30817580
30175992
30003220
30232116
30049160
31501392
30528256
30242072
30236816
31571440
30650244
30322548
30146056
29744836
30509544
30370948
30211760
30217408
33729324
31735204
30238392
30158056
30603012
32222976
30054448
30426620
29777204
35169364
34279764
32203628
30524432
30776424
30174844
29986276
29869836
30795824
30021956
30195656
30032720
30488496
30179428
34814212
32497400
30154608
30202448
30148056
30738592
30678564
30320892
30227040
30454440
31804052
30339056
30150016
30283176
30227388
30974172
30009804
30201260
30978276
30822396
30221328
30291264
30257348
30449500
35109140
32671176
30245516
30125772
30581496
31307524
30182908
30273808
30677992
30907812
30459776
30543800
30272612
30177624
31040532
30005264
30370716
30297356
30687556
31035028
31043676
31044120
30219600
30779272
30207708
30423948
30244680
30336456
30655448
29960404
30202720
30261828
30692840
30254212
30227808
30173196
30206136
31062372
30140192
30165628
31056288
30351236
31558960
30678992
30208144
30239440
35870352
33715144
31566384
30175336
30354580
30250128
30248864
30150240
30214652
30494836
31232144
30087452
30293284
30532964
30088616
30233152
30751016
30190588
30893988
30829532
30829708
30830976
30947636
30207756
32933984
30666124
29967064
30132008
30249172
30047112
30212540
30189684
30194444
30236476
30262700
30198548
30246920
30207176
30048720
30079032
29823940
30112636
29746148
30159060
30739048
30189116
29839900
34869544
32287100
30137560
30042276
30092528
30099464
30184904
30265952
30176896
29656164
35538308
33615468
31617708
30249076
30195304
30217580
29885668
31025632
30769552
30871556
30437772
31421528
30210980
33338972
30991868
30154504
30254824
30701168
32880484
34948076
33551584
31219392
30768740
30648792
29744708
30235736
30148828
31731856
30220744
30244716
30165508
30716468
31068436
30153368
30211716
30324148
30209832
29765176
30145108
30274268
30233588
36150512
33736568
31274564
30248100
30222608
32125044
30461240
30030292
30084084
30162536
30497260
30109008
29934732
30206696
29665864
30196528
30323176
30260828
30226604
32419188
32430540
32409604
31281352
33256436
33256800
34723268
32342120
30245356
30267292
30141248
30321580
30154592
29961692
34252920
31299708
30163692
29914164
29982256
30644040
30272780
30109068
30094036
30416924
30353476
30614240
30253532
30369544
30826128
30257136
30166372
30166192
33826576
31580512
30869960
30312436
30141216
30832484
30265212
29900544
30420800
29880548
30285524
29872588
29983052
29735896
31402492
31738036
31425708
29778180
30267000
30211600
30969324
29915540
30156288
30744244
36456228
34441636
34323692
33769496
33769736
32295648
30263640
30211788
30339280
30674348
30186568
30201472
29786060
30230152
32310856
31366476
30212144
30382672
32200184
30173012
30116084
30244528
30140948
32640920
32690680
30334740
30666996
30692860
31704436
30242828
29983268
30229792
32379772
31767648
29838636
30237788
30276344
30100620
29591276
30074020
30166680
30169636
30555964
30177036
30207412
30256400
32222460
30226680
30204444
30263376
30228104
30406472
30354204
30182024
30040048
30151264
34402392
32052356
30234996
30173472
32279248
30213120
30140556
30141876
30107876
34978368
32450144
30231036
29641072
30683296
31280488
29993792
30122876
30161288
36244188
35117324
33578620
31706200
30178868
30199168
30260540
30158588
30155028
30160032
30159756
30159008
30234760
30191024
36593840
33912288
31617016
30459712
30496336
30167760
29975772
30522988
29938224
31417784
31352720
30184980
30126988
30254768
34146580
32193568
30167388
30205872
30156308
36211336
33738344
31820148
30152504
30271920
31084896
30955772
30146996
30166972
30257508
30403888
30361512
30254856
30240652
31652840
29994332
30257584
30121256
30122164
30188668
30358480
30285240
30429644
30241592
32241172
30253192
31193228
30441348
30190652
30227444
30074500
30035048
30278832
31510372
30265852
30457404
30378432
31093088
31271100
31000660
30330660
30178244
33551708
31741304
30501812
30173524
30389976
30815724
30157124
30227076
30928560
30081540
32887480
30158844
29257464
30333664
30783388
30532368
30048892
29991884
30209976
29671772
31269508
32059288
30210300
34593972
32548388
30394096
30491296
30483492
30240220
30179608
30232636
30265068
30661996
30347964
30354056
30060016
30366868
33183936
32046364
30425688
30169128
30282332
30159184
30267036
30127136
30127296
30923236
32240172
30279840
30192140
30184632
31378344
30238080
30123440
30761364
30268296
31059672
30250480
30334276
30210584
31797464
30265992
30212964
30329068
30200624
31753248
30616192
30148328
30148064
30100744
30251232
30257628
30171420
30246196
30247988
30283520
30264704
30495568
30174084
31730044
30486036
30251168
30828504
30453168
31287716
30201108
30155612
30165036
30172312
30507424
30585464
30319804
29975716
30699116
32195520
31999784
30260652
30178640
31919016
30701088
30154088
30191096
31459260
30553688
30587400
30249740
30374116
33844760
31667336
30079744
30200852
30345796
30870000
30378688
30549020
30567148
30565584
34926928
32868388
30428864
30254176
30609560
30257664
30232464
30332524
30214720
36099088
33248180
31178248
30748652
30881704
30234368
30198516
30116300
30193968
31826504
30391496
30839324
30246724
30162852
31095316
30227412
30203220
30251664
30476972
36054880
33535468
31356356
30217888
29481904
30145444
30539772
30343564
29985044
33596492
32840216
31601868
30449476
32459164
30703072
30735736
30219820
30092904
29737160
30436884
30171880
30178100
30262480
33904120
31936344
31955700
30235764
30402752
30138844
30135884
30089280
30161344
31888936
33929208
32021412
30224336
30270944
30142652
30276400
30167644
30242316
30294132
33432352
31201856
30350060
30224932
30558124
30211276
30344300
30455020
30192728
33858736
31208076
30528176
30651220
29886172
30411956
30352720
30886396
30176868
30140456
30350864
30491580
30209392
31799656
30890192
30209336
30188576
30232104
30924656
30118896
30277320
30316668
30339032
32417644
30237308
30171640
30153784
30136608
30263176
30198488
30253520
30211552
31676636
30227836
30105500
30289848
30209836
30977352
30186964
30173220
30184080
30180756
30131408
30279812
30245072
30195692
32331760
30472012
30116816
30250228
30279616
30225048
30171816
30262880
30184284
33759408
31639276
29976476
30246476
30183840
30592240
30178692
30121200
30179444
30217916
34618872
31665452
31941544
32246432
30400944
30236496
30458712
30510200
30350476
31152192
30201696
30173152
29637820
30230000
34339624
31902676
30244972
30240600
31260912
30163428
30207688
30209124
30132236
30169728
35611964
33537648
31053564
30211716
30685040
30275820
30311320
30145524
30161516
30184312
30217052
30000340
30968084
30658836
30183440
31260148
30235968
30205700
30601276
30990548
31008108
30491928
32081464
31117144
30247344
30641076
30230576
30426492
30193260
30239092
30177564
30325784
30347840
30275308
30206680
30239352
30237532
30265656
30232304
30422856
30148672
30290480
32092980
30180484
30175568
30170124
30293944
30139616
30647540
30163168
36672776
33972732
31703264
30269308
29937936
31193936
30219620
30175516
29976768
30005796
30202288
29674568
30372416
30511744
30277100
30356604
30165556
30523800
30166056
30246480
34359800
31450112
29962556
30177000
31091460
30074456
29319696
29799940
30603892
30105304
30002548
30148284
29968196
29975540
30083796
29940580
29709620
30173448
30631380
30214776
30847176
30457564
30107752
30787216
31978720
30923828
30544440
32183884
30249916
30201988
30237192
30269640
30568052
30217736
29903044
29374584
29870428
30194884
30089972
29850640
30141364
33283604
31179532
29690068
30150712
30275688
30255420
29781768
29984416
30272872
33363408
30861892
30307616
30212296
30234200
31539040
30492932
30271040
30192348
33872724
32515092
30272300
30182800
30537224
31452620
30572388
29845688
30218640
29897876
30140108
30400112
30129928
30248980
30223400
30990284
30190632
30243700
30414104
33380400
31397272
30522888
30171716
30157364
30953496
30467320
30310244
30188192
35079308
33250068
31956432
30939860
30144708
30218568
30247392
30524248
30244972
30244820
31676480
31547984
31030404
30264088
34721108
32658488
30583556
30713452
30276736
30774444
30193212
30236280
30126532
30438892
30209032
30284372
30229716
30322044
31282920
30216716
30272248
30045660
30172668
31577872
31578416
31274344
30232216
32434372
30300380
30194176
30156376
30209656
37562244
37241000
35690896
34562552
33164080
30747888
30143172
30146400
30149724
31135456
30286272
30227452
30286020
30321896
30299244
30276876
30078700
30253244
30194288
30206440
30206396
31829904
30224664
34626956
32479048
30360132
30231304
30546896
30730536
30162484
30240768
30486652
30262644
34267652
32170324
30458232
30800188
31311916
31282784
30885968
29896668
30636228
34560764
32397460
30263516
30116772
31642072
30267200
30329632
30220552
30493668
31254340
33598936
31235368
30173620
29868024
30053052
31152948
30137940
30258684
29987544
30974500
31746256
30168584
30152400
30305440
30987348
30274264
30493500
37208852
35182536
32995796
30570976
30189084
32094724
30613668
30150628
30249248
30691480
30165668
29787524
29431208
30182608
31530780
32911368
30996220
29978532
30522512
30626716
32499140
30038708
29951568
29109292
31640008
30058700
32024168
30419760
30266916
30224352
30191892
29805904
29477484
33355304
32860468
30649056
30434900
30289124
30053704
29935708
30312836
30744336
30552028
32008292
31179400
30176748
30212032
31845336
31247912
30773604
30284524
30195008
35257212
33098672
30588968
30424712
30256484
30584608
30780436
30350068
30226472
31583108
31610240
30828704
30314732
30397976
31204408
30694212
29980108
30619708
30837712
32200652
30216440
30221704
30235888
30247752
30436564
30013960
30164872
30255292
30470028
31692744
29940652
30650444
31022960
31256740
30789032
30469056
30243724
30211372
33498208
31401692
30254976
30720416
31386916
30232512
30210464
30085420
30040296
34107916
31910264
29882540
30180692
30182244
29941652
29892620
30562460
30268972
31807484
30321048
30260472
30137340
31823152
30413644
30213388
30153996
30243436
29895188
30741436
29959788
30089476
30225336
30258564
30204992
30152360
30258684
30952312
30978088
30330332
30166892
30158156
30485928
30197056
31138600
29315312
30669440
30850476
30158828
30195116
30177876
31127064
31031340
30459084
30721032
30648308
32618244
31047452
30827152
30507040
29973900
31250048
31422996
30202240
30192304
33979256
31262588
30682744
30215592
30843444
33214252
31755232
31048484
30202240
30215360
31071544
29762160
29906284
30013100
30119940
30207812
29677712
30901408
30249480
30437172
30153136
30247236
30210940
30225308
30155932
30574532
30228068
30224864
30177128
30638976
29810628
30141348
30234464
31612516
29984392
30362684
29974992
30154168
30255408
30076256
30767332
30141824
33068324
30882936
30338984
30584372
30218188
31827692
30209280
29981892
30646836
31209524
30155796
30374840
29603704
30050828
31113364
30716420
30437724
29741376
30222944
30903320
30070952
30255472
30431888
30431988
35195964
33091008
30704572
30278608
31822348
30210864
30248180
29969416
30222688
34488092
33635604
32584800
30815808
30221352
30110756
30168400
29962404
30137820
30743812
30179440
29924892
30005964
30056716
31457384
30062664
30025004
30174920
31019568
30187884
30199600
30213020
30194996
32448648
30232264
30160708
30234528
31727304
31158132
30989280
30866560
30714380
31032488
30900744
30607592
30572280
30960480
32334364
32601224
30322780
30237324
34501592
32138488
30152168
30333612
30422628
30639220
30238692
30175644
29779444
31711760
30275900
30399052
30254196
30170392
31136880
30165144
30350696
30276512
30517596
30578348
30515316
30372948
30247796
32947340
32617640
30821472
30275536
30233312
30590812
30184004
30229260
30170984
30480524
33698168
32418912
30930852
30190328
30216856
30002972
30588540
30493284
30527204
30845792
31957872
30395176
29890996
30269260
30153120
30205028
30141348
30212576
30182548
31669244
30125608
29917676
30097412
30277544
30215416
30164412
30630904
31240972
31535024
31045976
30203824
30273996
33038328
30970364
30532168
30261176
30760320
31230540
30227596
30305156
30125804
33346268
31077092
30241688
30135468
30172320
31200320
30172372
30256356
30175220
30555496
32177208
32177712
31014524
30174928
33212036
30652068
30156788
30896736
30265704
31596284
30165264
30233980
30167532
30138152
31375128
30906624
30131484
30150652
29553356
29381048
30071100
30063860
30380004
31597448
30264912
30468420
29617032
30677260
30255980
30382412
30147344
30614340
33237640
31300012
29966988
29864348
29955008
30664324
30445240
30679896
30228632
31544456
30003764
30185672
30424864
30877404
32888688
30232180
30190428
30460500
34536628
33749984
36199212
33759540
30685968
29965724
30255140
30154788
30125996
30155028
31346248
30705088
30924156
30918572
30654324
30351856
30186144
31035292
29610000
31016756
30175968
30011044
30238740
30418796
30205964
31009100
30374804
29967284
29736136
29560456
30975984
30646068
30161724
31170688
29810276
29783092
31121616
30232352
29583324
29968576
29877892
29960856
31427012
31797624
30167912
29821832
30166592
29952504
30082304
30544560
30132472
30578172
36789308
34597832
32162584
30254392
31895612
30222492
30338416
30509472
30338136
33431044
30500552
30443864
31301640
31295836
30292352
30993520
30188792
29936540
30641936
30152340
30133940
30056744
30134832
33625336
31352488
30807792
30163832
32798936
30177836
30394644
29980220
29951256
31348144
31773548
30411124
30225432
30456744
31422892
30015364
30069236
30225864
32094352
30961324
30141000
29875204
30159348
30565516
30065680
29686460
30124948
30232316
32328124
31421896
30218880
29609380
29112088
32497164
30171020
30259376
30267984
30647764
30424296
31200996
30072380
30229932
30164000
30235744
30210760
30175528
30333000
30129820
31035288
30061928
30273216
30164036
31441384
33051036
30199528
29529980
30047012
30256020
30266472
30196956
30200616
30358028
29749112
29765084
30208104
33658796
31691520
30619216
30219388
30163172
30170480
30137620
30175880
30204256
36421300
34369312
32066812
30408532
30215496
31071476
30262264
30224220
30235968
30207332
32420420
31281676
31092364
30286952
31544964
30646348
29895636
30176636
30184668
31332744
30194196
29934704
30314760
29841904
30192968
29898180
29627800
29613320
32399584
31690512
33760892
31500832
30445148
31412568
30650740
30487056
30966752
30252260
32279120
29994180
29880412
30234128
32482064
33191380
31123928
30073124
30824472
32007520
30179060
30476432
30089424
30054316
30145572
30114196
29853424
30079560
32853104
30677336
29853820
30226976
30259832
35398792
33037728
30762664
30263136
31213404
30229036
30209476
30769384
30544680
30252596
30591956
30251256
30112528
30007900
30815912
30435784
30204264
30193880
30061012
30244472
30172888
30265076
30211620
35211896
33007160
30937744
30244872
30232492
30224716
30317644
30216928
30175668
32076852
30153132
30130652
30340664
30331844
34221312
33604188
31454984
30119692
31258504
30637396
30210256
30140216
30206020
30197472
30195828
31787492
30215072
30452848
33385696
31029192
30391932
30167208
30194464
30297376
30191676
30190188
30156960
31537676
31075988
30156048
30530836
30183816
30069748
31026012
30976116
30854908
30497064
30276244
30552588
30264072
30212452
30790000
30214764
30276664
30681248
30828880
35704552
34142824
30709768
30179372
31779608
31200672
30486240
30501348
29354548
37327084
35153440
32803512
30509456
30484772
31215412
30345644
30453732
29568192
29623416
33837380
35447320
33199908
31170552
30831300
30259580
30507756
30467580
30539540
35466012
32867064
30455680
30160804
31159516
30316244
30155220
30221600
30169672
30626904
30169960
30128984
30055428
29511524
31365952
31361868
30203020
30246848
35042116
32173536
30515992
30140572
30183104
31333600
30662960
30161476
29900400
30198136
32275640
33048516
32201196
30727184
30126696
29911628
29668408
30271280
30180420
30677664
30707412
30744964
30130040
30217952
33216000
30735720
30455064
30283116
32431280
30158748
30396956
30161140
30236300
31779376
31260148
30503636
30165764
30188428
30676816
30154928
31047256
30207108
30840756
31433276
31434728
31409868
30276228
33728176
31293852
30230128
30216980
32023904
30118292
30230148
30444760
30272844
34976904
32260480
30201476
30564060
30770276
31383964
30380136
30258824
29761232
30451044
33764224
31515148
30294952
30223312
31486092
30370296
30253508
30382244
30229120
33355768
30759852
30214020
30774692
31373904
30997828
30717684
30843312
31183164
31327504
30706256
29563216
29466480
29605968
30154996
31112116
29417292
30247048
32812528
31250584
30217200
30079596
29895996
29452328
29445020
30617428
30192300
30205848
29483196
29965580
30159828
29964472
31414940
33140636
30991680
30061792
30171288
31415556
30154012
30092216
END
END
