
1.0022 1.0022
1.0032 1.0030
1.0080 1.0031
1.0039 1.0156
1.0055 1.0443
1.0054 1.0331
1.0065 1.0729
1.0097 1.0137
1.0091 1.0153
1.0050 1.0221
1.0063 1.0179
1.0439 1.0124
1.0099 1.0088
1.0072 1.0040
1.0108 1.0035
1.0155 1.0040
1.0149 1.0365
1.0066 1.0037
1.0024 1.0032
1.0036 1.0034
1.0386 1.0030
1.0042 1.0107
1.0038 1.0076
1.0105 1.0134
1.0071 1.0017
1.0046 1.0025
1.0029 1.0249
1.0048 1.0373
1.0038 1.0031
1.0027 1.0031
1.0021 1.0032
1.0024 1.0138
1.0030 1.0368
1.0015 1.0027
1.0023 1.0351
1.0023 1.0641
1.0022 1.0027
1.0029 1.0029
1.0023 1.0282
1.0032 1.0209
1.0023 1.0026
1.0028 1.0026
1.0023 1.0029
1.0021 1.0027
1.0029 1.0024
1.0031 1.0028
1.0024 1.0136
1.0030 1.0028
1.0028 1.0027
1.0017 1.0022
1.0020 1.0343
1.0011 1.0344
1.0024 1.0023
1.0014 1.0027
1.0025 1.0025
1.0016 1.0025
1.0024 1.0027
1.0025 1.0040
1.0033 1.0039
1.0037 1.0036
1.0038 1.0044
1.0030 1.0035
1.0028 1.0046
1.0043 1.0041
1.0034 1.0034
START----------
1.0052 1.0056
1.0015 1.1270
1.0027 1.0013
1.0025 1.0014
1.0031 1.0005
1.0041 1.0025
1.0031 1.0030
1.0025 1.0575
1.0043 1.0560
1.0039 1.0044
END----------
1.0032 1.1654
-1 -1
1.0021 2.0473
1.0128 -1
1.0132 -1
1.0021 -1
1.0019 -1
1.0018 -1
1.0022 -1
1.0021 -1
1.0020 -1
1.0017 -1
1.0020 -1
1.0020 -1
1.0021 -1
1.0019 -1
1.0016 -1
1.0025 -1
START----------
1.0031 1.0515
1.0023 1.0584
1.0015 1.0028
1.0024 1.0178
1.0026 1.0031
1.0029 1.0027
1.0031 1.0031
1.0024 1.0492
1.0029 1.0038
1.0187 1.0863
END----------
1.0737 1.0027
1.1846 1.8028
-1 -1
-1 -1
-1 -1
-1 -1
-1 -1
-1 -1
-1 -1
-1 -1
-1 -1
-1 -1
-1 -1
-1 -1
-1 -1
-1 -1
-1 -1
START----------
1.0022 1.0023
1.0020 1.0023
1.0020 1.0022
1.0128 1.0299
1.0020 1.0315
1.0022 1.0331
1.0021 1.0025
1.0020 1.0311
1.0024 1.0345
1.0021 1.0127
END----------
1.0023 1.0815
0.5901 2.5515
1.0014 1.0581
1.0017 -1
1.0115 -1
1.0014 -1
1.0016 -1
1.0015 -1
1.0018 -1
1.0016 -1
1.0021 -1
1.0019 -1
1.0017 -1
1.0115 -1
1.0015 -1
1.0014 -1
1.0017 -1
START----------
1.0018 1.0020
1.0015 1.0312
1.0017 1.0153
1.0016 1.0180
1.0016 1.0133
1.0014 1.0414
1.0017 1.0285
1.0017 1.0164
1.0019 1.0021
1.0013 1.0212
END----------
1.0019 1.0021
-1 -1
1.2064 1.0311
-1 1.0254
-1 1.0040
-1 1.0154
-1 1.0147
-1 1.0130
-1 1.0187
-1 1.0042
-1 1.0015
-1 1.0016
-1 1.0016
-1 1.0018
-1 1.0019
-1 1.0017
-1 1.0017
-1 1.0018
START----------
1.0035 1.0070
1.0032 1.0028
1.0022 1.0031
1.0035 1.0026
1.0027 1.0028
1.0023 1.0015
1.0022 1.0019
1.0028 1.0033
1.0037 1.0032
1.0033 1.0031
END----------
1.0035 1.0223
1.4155 2.1609
1.0027 1.0023
1.0030 1.0020
1.0314 1.0027
1.0033 1.0021
1.0033 1.0373
1.0040 1.0025
1.0341 1.0030
1.0019 1.0027
1.0024 1.0027
1.0028 1.0023
1.0020 1.0022
1.0025 1.0363
1.0035 1.0031
1.0040 1.0015
1.0030 1.0030
1.0031 1.0028
1.0031 1.0030
1.0026 1.0032
1.0022 1.0013
1.0031 1.0032
1.0016 1.0024
1.0020 1.0028
1.0024 1.0028
1.0022 1.0028
1.0029 1.0019
1.0028 1.0022
1.0028 1.0019
1.0029 1.0024
1.0033 1.0033
1.0021 1.0025
1.0025 1.0026
1.0023 1.0020
1.0029 1.0021
1.0242 1.0021
1.0018 1.0346
1.0026 1.0032
1.0018 1.0022
1.0025 1.0024
1.0020 1.0024
1.0028 1.0023
1.0028 1.0022
1.0030 1.0022
1.0030 1.0023
1.0024 1.0027
1.0023 1.0013
1.0023 1.0132
1.0027 1.0030
1.0027 1.0028
1.0021 1.0021
1.0025 1.0021
1.0025 1.0022
1.0023 1.0124
1.0019 1.0015
1.0023 1.0016
1.0021 1.0019
1.0024 1.0025
1.0027 1.0030
1.0023 1.0033
1.0022 1.0028
1.0025 1.0028
1.0017 1.0015
1.0021 1.0015
1.0029 1.0016
1.0008 1.0011
1.0012 1.0015
START----------
1.0035 1.0041
1.0033 1.0030
1.0038 1.0026
1.0034 1.0033
1.0034 1.0027
1.0037 1.0034
1.0034 1.0034
1.0026 1.0036
1.0027 1.0026
1.0039 1.0038
END----------
1.0031 1.0029
-1 -1
1.0330 1.0037
1.0036 1.0033
1.0038 1.0043
1.0029 1.0034
1.0038 1.0033
1.0035 1.0038
1.0039 1.0025
1.0033 1.0043
1.0033 1.0031
1.0022 1.0027
1.0041 1.0043
1.0031 1.0136
1.0031 1.0044
1.0037 1.0041
1.0039 1.0043
1.0028 1.0051
1.0029 1.0035
1.0025 1.0039
1.0027 1.0045
1.0026 1.0356
1.0016 1.0074
1.0034 1.0051
1.0040 1.0055
1.0042 1.0046
1.0036 1.0077
1.0026 1.0063
1.0043 1.0030
1.0044 1.0072
1.0039 1.0064
1.0031 1.0035
1.0060 1.0024
1.0100 1.0032
1.0034 1.0031
1.0030 1.0030
1.0039 1.0030
1.0041 1.0050
1.0024 1.0044
1.0028 1.0023
1.0032 1.0028
1.0030 1.0038
1.0030 1.0029
1.0020 1.0030
1.0031 1.0025
1.0021 1.0027
1.0028 1.0032
1.0023 1.0037
1.0027 1.0041
1.0020 1.0041
1.0024 1.0038
1.0032 1.0041
1.0028 1.0033
1.0036 1.0042
1.0025 1.0096
1.0033 1.0038
1.0039 1.0021
1.0023 1.0019
1.0029 1.0026
1.0043 1.0038
1.0044 1.0034
1.0040 1.0029
1.0022 1.0030
1.0028 1.0030
1.0026 1.0040
1.0031 1.0041
1.0030 1.0044
START----------
1.0028 1.0030
1.0030 1.0028
1.0034 1.0023
1.0034 1.0030
1.0029 1.0033
1.0153 1.0024
1.0031 1.0204
1.0028 1.0026
1.0028 1.0029
1.0030 1.0030
END----------
1.0027 1.0033
1.0047 1.0047
1.0036 1.0035
1.0037 1.0048
1.0039 1.0057
1.0043 1.0048
1.0041 1.0052
1.0673 1.0066
1.0372 1.0074
1.0041 1.0060
1.0040 1.0060
1.0042 1.0037
1.0034 1.0067
1.0044 1.0042
1.0049 1.0050
1.0057 1.0039
1.0035 1.0044
1.0045 1.0058
1.0037 1.0047
1.0045 1.0033
1.0050 1.0021
1.0046 1.0028
1.0054 1.0034
1.0033 1.0030
1.0033 1.0031
1.0035 1.0020
1.0042 1.0029
1.0028 1.0034
1.0049 1.0039
1.0040 1.0039
1.0035 1.0047
1.0030 1.0027
1.0036 1.0028
1.0029 1.0039
1.0025 1.0039
1.0027 1.0029
1.0026 1.0029
1.0020 1.0041
1.0032 1.0031
1.0041 1.0043
1.0034 1.0036
1.0023 1.0040
1.0043 1.0032
1.0039 1.0030
1.0035 1.0044
1.0018 1.0029
1.0012 1.0031
1.0026 1.0047
1.0043 1.0039
1.0033 1.0026
1.0027 1.0028
1.0038 1.0042
1.0040 1.0023
1.0048 1.0031
1.0033 1.0035
1.0035 1.0036
1.0039 1.0031
1.0037 1.0027
1.0042 1.0028
1.0039 1.0025
1.0039 1.0028
1.0039 1.0028
1.0044 1.0032
1.0033 1.0032
1.0029 1.0144
1.0046 1.0041
1.0038 1.0043
START----------
1.0040 1.0038
1.0026 1.0024
1.0027 1.0023
1.0027 1.0024
1.0091 1.0024
1.0155 1.0164
1.0025 1.0027
1.0024 1.0123
1.0024 1.0023
1.0023 1.0196
END----------
1.0024 1.0025
-1 -1
1.0033 1.0030
1.0043 1.0032
1.0060 1.0036
1.0071 1.0061
1.0038 1.0064
1.0045 1.0204
1.0043 1.0415
1.0377 1.0388
1.0067 1.0056
1.0098 1.0043
1.0049 1.0105
1.0075 1.0102
1.0085 1.0107
1.0054 1.0051
1.0042 1.0080
1.0296 1.0035
1.0034 1.0039
1.0069 1.0055
1.0056 1.0066
1.0044 1.0048
1.0039 1.0054
1.0035 1.0035
1.0043 1.0028
1.0032 1.0035
1.0033 1.0082
1.0036 1.0056
1.0041 1.0073
1.0027 1.0041
1.0032 1.0026
1.0045 1.0033
1.0037 1.0030
1.0030 1.0031
1.0035 1.0024
1.0038 1.0029
1.0024 1.0032
1.0038 1.0029
1.0037 1.0022
1.0034 1.0028
1.0029 1.0018
1.0036 1.0031
1.0033 1.0033
1.0032 1.0024
1.0036 1.0037
1.0043 1.0031
1.0033 1.0026
1.0026 1.0022
1.0035 1.0029
1.0029 1.0036
1.0024 1.0028
1.0023 1.0032
1.0030 1.0027
1.0036 1.0040
1.0027 1.0042
1.0026 1.0038
1.0026 1.0033
1.0044 1.0022
1.0041 1.0042
1.0028 1.0035
1.0034 1.0032
1.0036 1.0027
1.0034 1.0032
1.0038 1.0031
1.0040 1.0029
1.0030 1.0038
1.0036 1.0040
1.0050 1.0039
START----------
1.0057 1.0043
1.0036 1.0031
1.0033 1.0032
1.0023 1.0025
1.0050 1.0046
1.0067 1.0018
1.0064 1.0019
1.0042 1.0037
1.0046 1.0050
1.0034 1.0031
END----------
1.0039 1.0039
1.0045 1.0037
1.0031 1.0035
1.0031 1.0022
1.0031 1.0029
1.0026 1.0036
1.0022 1.0356
1.0036 1.0146
1.0033 1.0030
1.0037 1.0025
1.0032 1.0362
1.0038 1.0039
1.0025 1.0025
1.0028 1.0030
1.0034 1.0036
1.0041 1.0036
1.0029 1.0023
1.0031 1.0028
1.0028 1.0035
1.0028 1.0027
1.0026 1.0035
1.0032 1.0035
1.0032 1.0029
1.0033 1.0030
1.0025 1.0042
1.0034 1.0032
1.0031 1.0035
1.0035 1.0022
1.0028 1.0229
1.0032 1.0035
1.0029 1.0024
1.0037 1.0039
1.0037 1.0032
1.0036 1.0034
1.0027 1.0043
1.0031 1.0038
1.0030 1.0032
1.0035 1.0037
1.0045 1.0031
1.0032 1.0037
1.0028 1.0040
1.0038 1.0049
1.0046 1.0048
1.0040 1.0032
1.0038 1.0035
1.0026 1.0031
1.0040 1.0033
1.0048 1.0032
1.0041 1.0028
1.0029 1.0040
1.0035 1.0043
1.0040 1.0029
1.0036 1.0377
1.0035 1.0028
1.0029 1.0032
1.0041 1.0032
1.0035 1.0067
1.0038 1.0042
1.0026 1.0040
1.0026 1.0046
1.0029 1.0036
1.0035 1.0041
1.0034 1.0038
1.0033 1.0037
1.0044 1.0039
1.0042 1.0042
1.0040 1.0054
START----------
1.0050 1.0038
1.0033 1.0030
1.0037 1.0033
1.0023 1.0028
1.0043 1.0034
1.0041 1.0031
1.0036 1.0036
1.0036 1.0037
1.0045 1.0034
1.0035 1.0039
END----------
1.0040 1.0033
-1 -1
1.0040 1.0031
1.0042 1.0034
1.0366 1.0356
1.0044 1.0037
1.0035 1.0032
1.0039 1.0043
1.0050 1.0026
1.0032 1.0032
1.0027 1.0033
1.0045 1.0039
1.0041 1.0033
1.0047 1.0028
1.0047 1.0030
1.0041 1.0030
1.0030 1.0144
1.0035 1.0576
1.0045 1.0026
1.0043 1.0035
1.0032 1.0033
1.0039 1.0037
1.0038 1.0035
1.0034 1.0029
1.0045 1.0366
1.0053 1.0040
1.0032 1.0034
1.0036 1.0028
1.0038 1.0028
1.0054 1.0033
1.0021 1.0033
1.0033 1.0030
1.0048 1.0040
1.0048 1.0033
1.0041 1.0030
1.0052 1.0034
1.0046 1.0023
1.0045 1.0028
1.0036 1.0048
1.0037 1.0042
1.0034 1.0035
1.0040 1.0046
1.0036 1.0031
1.0033 1.0036
1.0029 1.0042
1.0024 1.0039
1.0029 1.0029
1.0031 1.0033
1.0026 1.0041
1.0027 1.0024
1.0031 1.0029
1.0035 1.0038
1.0031 1.0030
1.0030 1.0034
1.0038 1.0040
1.0039 1.0035
1.0040 1.0036
1.0048 1.0026
1.0054 1.0035
1.0037 1.0134
1.0035 1.0026
1.0027 1.0030
1.0042 1.0040
1.0045 1.0039
1.0030 1.0044
1.0022 1.0045
1.0032 1.0047
1.0047 1.0052
START----------
1.0031 1.0030
1.0029 1.0033
1.0029 1.0027
1.0029 1.0036
1.0226 1.0028
1.0031 1.0394
1.0032 1.0035
1.0027 1.0027
1.0233 1.0231
1.0033 1.0033
END----------
1.0054 1.0055
1.0035 1.0048
1.0038 1.0034
1.0036 1.0031
1.0048 1.0036
1.0035 1.0039
1.0045 1.0045
1.0057 1.0165
1.0037 1.0043
1.0037 1.0416
1.0309 1.0030
1.0054 1.0366
1.0039 1.0057
1.0045 1.0381
1.0039 1.0067
1.0043 1.0061
1.0053 1.0031
1.0039 1.0027
1.0030 1.0036
1.0033 1.0029
1.0035 1.0040
1.0026 1.0091
1.0037 1.0058
1.0034 1.0043
1.0025 1.0025
1.0039 1.0033
1.0042 1.0032
1.0026 1.0028
1.0038 1.0028
1.0030 1.0025
1.0026 1.0039
1.0041 1.0259
1.0032 1.0049
1.0034 1.0026
1.0024 1.0042
1.0042 1.0041
1.0030 1.0059
1.0033 1.0036
1.0044 1.0066
1.0046 1.0033
1.0060 1.0043
1.0031 1.0020
1.0041 1.0039
1.0055 1.0037
1.0053 1.0039
1.0032 1.0041
1.0039 1.0045
1.0023 1.0031
1.0028 1.0038
1.0025 1.0032
1.0040 1.0032
1.0030 1.0031
1.0022 1.0032
1.0032 1.0035
1.0026 1.0045
1.0033 1.0046
1.0034 1.0027
1.0029 1.0034
1.0024 1.0033
1.0030 1.0041
1.0038 1.0039
1.0039 1.0032
1.0031 1.0048
1.0037 1.0038
1.0027 1.0036
1.0026 1.0040
1.0021 1.0050
START----------
1.0024 1.0025
1.0022 1.0026
1.0093 1.0155
1.0024 1.0415
1.0025 1.0022
1.0025 1.0027
1.0027 1.0026
1.0025 1.0024
1.0026 1.0026
1.0025 1.0027
END----------
1.0021 1.0025
