
CN9,1G,16,1,1,11600,18744,25035,41681,2263
CN9,1G,16,1,2,10552,14746,775947,1249903,1727
CN9,1G,16,1,3,9110,11207,17695,223347,3259
CN9,1G,16,1,4,10552,14222,21627,105382,2169
CN9,1G,16,1,5,5866,9503,1115685,1400898,1604
CN9,1G,16,1,6,5407,8160,14353,77071,5936
CN9,1G,16,1,7,10945,17171,497026,1837106,1506
CN9,1G,16,1,8,5014,11863,1602225,1719665,1213
CN9,1G,16,1,9,8717,10945,18744,1719665,2317
CN9,1G,16,1,10,9503,13829,910164,1686111,1539
CN9,1G,16,1,11,11994,18482,2021655,2298479,1756
CN9,1G,16,1,12,6849,11469,1266680,1602225,1696
CN9,1G,16,1,13,10028,19792,2231370,2298479,1679
CN9,1G,16,1,14,8848,12256,1019216,1400898,1876
CN9,1G,16,1,15,6456,11469,379585,1002439,2541
CN9,1G,16,1,16,11600,15139,21365,434111,2096
CN9,1G,16,1,17,7177,9634,935330,1535116,1724
CN9,1G,16,1,18,5211,9241,15139,509608,5773
CN9,1G,16,1,19,10028,12387,21103,1568670,1971
CN9,1G,16,1,20,5932,9110,23725,1182794,4218
CN9,1G,16,1,21,10028,13829,25822,1518339,1921
CN9,1G,16,1,22,6980,10683,1002439,2566915,1678
CN9,1G,16,1,23,3490,6980,20579,2634023,3377
CN9,1G,16,1,24,10945,15401,1333789,2399142,1298
CN9,1G,16,1,25,5342,8455,817890,3472884,1903
CN9,1G,16,1,26,9765,16581,809501,1019216,1848
CN9,1G,16,1,27,4293,7242,583009,1098908,3703
CN9,1G,16,1,28,11076,15270,1115685,1333789,1371
CN9,1G,16,1,29,6325,8848,23725,1283458,2848
CN9,1G,16,1,30,5866,9765,20055,650118,4349
CN9,1G,16,1,31,12649,16188,23462,33817,1822
CN9,1G,16,1,32,8586,13173,1115685,2197816,1424
CN9,1G,16,1,33,12387,15795,24511,27919,1975
CN9,1G,16,1,34,5866,9110,1803551,1853883,1146
CN9,1G,16,1,35,5669,9503,868221,1082131,1878
CN9,1G,16,1,36,11600,16450,1182794,1350566,1569
CN9,1G,16,1,37,5866,11600,1216349,1585447,1410
CN9,1G,16,1,38,6456,9241,15926,1149240,3762
CN9,1G,16,1,39,10945,14615,20841,1052771,2203
CN9,1G,16,1,40,5538,9241,1098908,1468007,1758
CN9,1G,16,1,41,9634,12125,24249,206570,3074
CN9,1G,16,1,42,8160,11076,1166017,1266680,1851
CN9,1G,16,1,43,6259,9896,22414,901776,3034
CN9,1G,16,1,44,10683,14091,22414,25822,2031
CN9,1G,16,1,45,8586,11600,196084,1233126,2521
CN9,1G,16,1,46,13435,17695,25297,82314,1704
CN9,1G,16,1,47,8848,13829,1199571,1317012,1238
CN9,1G,16,1,48,7701,10290,47449,968885,2004
CN9,1G,16,1,49,15533,18744,24773,30540,1987
CN9,1G,16,1,50,5080,8848,1166017,1434452,1351
CN9,1G,16,1,51,5800,10028,641729,1686111,1488
CN9,1G,16,1,52,11731,15533,24249,66847,2655
CN9,1G,16,1,53,7898,14615,1417675,1686111,1168
CN9,1G,16,1,54,7111,10814,901776,2105541,1462
CN9,1G,16,1,55,12125,16319,26870,1535116,2096
CN9,1G,16,1,56,8717,11600,624952,1400898,2360
CN9,1G,16,1,57,14353,17433,501220,1061159,1531
CN9,1G,16,1,58,6849,10421,608175,1216349,2393
CN9,1G,16,1,59,5145,7570,13435,784335,5190
CN9,1G,16,1,60,12387,17433,1216349,1736442,1682
CN9,1G,16,1,61,8586,11994,641729,1501561,1706
CN9,1G,16,1,62,6652,9503,17171,1019216,3140
CN9,1G,16,1,63,11076,15664,24249,32375,1995
CN9,1G,16,1,64,8225,11076,371196,817890,2891
CN9,1G,16,1,65,13698,17695,38011,1027605,1491
CN9,1G,16,1,66,7439,10552,591397,3204449,1252
CN9,1G,16,1,67,7504,9765,18482,166724,4359
CN9,1G,16,1,68,13435,17695,254804,1233126,1508
CN9,1G,16,1,69,6521,8979,14877,1082131,1757
CN9,1G,16,1,70,7111,12125,19268,1052771,3077
CN9,1G,16,1,71,10683,15008,33817,2038432,2070
CN9,1G,16,1,72,7046,10683,421528,1468007,2453
CN9,1G,16,1,73,13566,17171,23725,28705,1740
CN9,1G,16,1,74,7308,10683,1233126,1451230,1329
CN9,1G,16,1,75,10421,12780,18482,22938,2705
CN9,1G,16,1,76,10159,13960,692061,1027605,2321
CN9,1G,16,1,77,5866,8586,20317,198181,5528
CN9,1G,16,1,78,10683,14746,784335,1317012,1590
CN9,1G,16,1,79,9503,15533,918553,1585447,1588
CN9,1G,16,1,80,6128,8455,14222,34341,5600
CN9,1G,16,1,81,11338,14877,23725,30278,2296
CN9,1G,16,1,82,6783,10159,1384121,2566915,1568
CN9,1G,16,1,83,6259,9372,14222,767558,3685
CN9,1G,16,1,84,11863,16057,23725,843056,2302
CN9,1G,16,1,85,6194,10028,1216349,2701132,1326
CN9,1G,16,1,86,11863,15401,22676,41681,2117
CN9,1G,16,1,87,5932,12780,1384121,1702888,1304
CN9,1G,16,1,88,6194,8979,14877,784335,3565
CN9,1G,16,1,89,13304,17957,31327,3036677,1132
CN9,1G,16,1,90,4948,10159,278922,1652556,1644
CN9,1G,16,1,91,11600,15401,19268,27657,2915
CN9,1G,16,1,92,9110,15533,624952,1115685,1456
CN9,1G,16,1,93,8455,11994,624952,1769997,1916
CN9,1G,16,1,94,14222,19006,36963,61604,1867
CN9,1G,16,1,95,6783,10683,633340,3338666,1387
CN9,1G,16,1,96,8094,10945,19268,1182794,2851
CN9,1G,16,1,97,11338,14615,19792,27132,2068
CN9,1G,16,1,98,7635,11731,387974,1199571,2197
CN9,1G,16,1,99,6783,13960,21103,354419,4011
CN9,1G,16,1,100,9372,13566,1182794,1786774,1374
CN9,1G,16,1,101,9765,13173,23200,33424,2622
CN9,1G,16,1,102,7439,11863,977273,1367344,1558
CN9,1G,16,1,103,7308,11731,19530,337642,4598
CN9,1G,16,1,104,15533,19268,893387,1719665,1381
CN9,1G,16,1,105,7111,10945,19006,1501561,3299
CN9,1G,16,1,106,9896,13566,22414,893387,2477
CN9,1G,16,1,107,9503,11863,23987,501220,3261
CN9,1G,16,1,108,10814,14877,22938,49021,2201
CN9,1G,16,1,109,4817,7701,1434452,1686111,1680
CN9,1G,16,1,110,5342,7570,13042,1115685,4404
CN9,1G,16,1,111,11469,15926,270533,1300235,1809
CN9,1G,16,1,112,5997,10290,1010828,2902459,1786
CN9,1G,16,1,113,12387,18744,25560,34341,2015
CN9,1G,16,1,114,8455,11338,1027605,1300235,2131
CN9,1G,16,1,115,6521,9503,18220,274727,3923
CN9,1G,16,1,116,9765,15139,1233126,2164261,1793
CN9,1G,16,1,117,5080,9896,918553,1786774,1942
CN9,1G,16,1,118,11338,15926,36439,826278,1972
CN9,1G,16,1,119,7767,10552,1300235,2600469,1334
CN9,1G,16,1,120,7046,9241,16319,189793,4004
CN9,1G,16,1,121,6718,12649,1098908,1568670,1354
CN9,1G,16,1,122,6980,10028,15664,859833,2147
CN9,1G,16,1,123,5735,8586,13960,173016,4984
CN9,1G,16,1,124,10552,16909,1052771,2088764,1578
CN9,1G,16,1,125,7504,10159,633340,1501561,1961
CN9,1G,16,1,126,5932,8586,17171,20579,6015
CN9,1G,16,1,127,10028,14222,21365,27395,2129
CN9,1G,16,1,128,5932,10552,910164,1266680,2143
CN9,1G,16,1,129,13173,17695,27657,57410,2453
CN9,1G,16,1,130,6718,11600,1333789,2835350,1267
CN9,1G,16,1,131,5800,9372,15270,181404,5512
CN9,1G,16,1,132,11600,15401,21103,28181,2226
CN9,1G,16,1,133,7570,10028,574620,1149240,3218
CN9,1G,16,1,134,11338,14091,23200,55837,2513
CN9,1G,16,1,135,8094,11338,683672,1400898,2007
CN9,1G,16,1,136,8160,10683,22152,893387,4276
CN9,1G,16,1,137,11600,15926,22938,29230,2046
CN9,1G,16,1,138,5276,9634,792724,1283458,1767
CN9,1G,16,1,139,6390,8979,15533,438305,4183
CN9,1G,16,1,140,9765,12387,291505,1115685,1994
CN9,1G,16,1,141,8291,10945,23725,1434452,2156
CN9,1G,16,1,142,9503,11994,22414,1300235,2769
CN9,1G,16,1,143,9372,11731,1027605,2533360,1580
CN9,1G,16,1,144,6128,8717,16188,725615,5974
CN9,1G,16,1,145,9896,13829,25822,1132463,2222
CN9,1G,16,1,146,6652,8979,16319,700449,4572
CN9,1G,16,1,147,12256,17433,1249903,2734687,1208
CN9,1G,16,1,148,6652,8717,18744,1266680,3605
CN9,1G,16,1,149,10290,14091,23462,32375,2186
CN9,1G,16,1,150,6718,10421,421528,1837106,2125
CN9,1G,16,1,151,8979,13042,21365,30540,3267
CN9,1G,16,1,152,8979,11994,488637,2801796,1956
CN9,1G,16,1,153,9896,12387,23987,126354,2388
CN9,1G,16,1,154,7308,10159,935330,1283458,1575
CN9,1G,16,1,155,5735,8586,708838,1249903,2444
CN9,1G,16,1,156,5014,7963,1149240,1602225,1580
CN9,1G,16,1,157,8094,11469,23987,1115685,2721
CN9,1G,16,1,158,10421,13566,26084,41157,2353
CN9,1G,16,1,159,6783,11863,15926,1199571,3263
CN9,1G,16,1,160,9503,12387,19006,759170,2060
CN9,1G,16,1,161,6521,11994,181404,1166017,1699
CN9,1G,16,1,162,7111,9634,20055,417334,5010
CN9,1G,16,1,163,9896,14091,103285,1585447,2065
CN9,1G,16,1,164,6849,9634,120062,2499806,2190
CN9,1G,16,1,165,10552,13566,181404,809501,2052
CN9,1G,16,1,166,5211,7767,11207,968885,4353
CN9,1G,16,1,167,11600,15533,792724,1266680,1963
CN9,1G,16,1,168,7832,10159,17957,229639,4317
CN9,1G,16,1,169,9765,11731,17695,31589,2275
CN9,1G,16,1,170,6325,10028,792724,2264925,1901
CN9,1G,16,1,171,7832,12518,254804,3506439,1660
CN9,1G,16,1,172,8848,11076,434111,1451230,2843
CN9,1G,16,1,173,8455,11076,404751,2466251,2625
CN9,1G,16,1,174,10159,13960,22938,70779,3125
CN9,1G,16,1,175,6980,11076,876610,1669333,2037
CN9,1G,16,1,176,7963,11600,18744,33817,4094
CN9,1G,16,1,177,14222,18744,1052771,1551893,1636
CN9,1G,16,1,178,5997,8979,23462,1434452,3167
CN9,1G,16,1,179,10683,14615,1044382,1283458,1518
CN9,1G,16,1,180,7242,12125,21365,1010828,1688
CN9,1G,16,1,181,9241,13304,23200,1786774,2863
CN9,1G,16,1,182,7570,11731,1115685,1367344,1471
CN9,1G,16,1,183,9241,11469,700449,1166017,2116
CN9,1G,16,1,184,12256,16909,541066,1702888,1720
CN9,1G,16,1,185,6915,10421,658506,1518339,2155
CN9,1G,16,1,186,5080,7635,15795,868221,5700
CN9,1G,16,1,187,10028,15008,1027605,1568670,1850
CN9,1G,16,1,188,5735,10159,19530,1082131,4205
CN9,1G,16,1,189,10814,13960,901776,2038432,1576
CN9,1G,16,1,190,6259,8848,16712,1019216,5898
CN9,1G,16,1,191,6194,8455,14746,1333789,4329
CN9,1G,16,1,192,12518,16712,1132463,1333789,1353
CN9,1G,16,1,193,6128,8455,14353,801113,4583
CN9,1G,16,1,194,12911,16581,43254,960496,1835
CN9,1G,16,1,195,6652,9372,1283458,1988101,1605
CN9,1G,16,1,196,5407,8160,14091,24249,6211
CN9,1G,16,1,197,9765,13304,164627,1019216,2001
CN9,1G,16,1,198,5473,8160,14091,624952,3965
CN9,1G,16,1,199,8979,13304,27919,68682,2761
CN9,1G,16,1,200,10552,17695,1501561,1753220,1126
CN9,1G,16,1,201,6980,9765,17433,1568670,1838
CN9,1G,16,1,202,9372,12518,19006,23462,3062
CN9,1G,16,1,203,6521,9634,624952,1166017,2825
CN9,1G,16,1,204,5538,8455,47973,1132463,3691
CN9,1G,16,1,205,8979,12780,666895,910164,1977
CN9,1G,16,1,206,9110,12649,22938,901776,2873
CN9,1G,16,1,207,5997,13566,1333789,1786774,1597
CN9,1G,16,1,208,5014,7111,12256,21103,8380
CN9,1G,16,1,209,8717,11076,23725,2231370,1988
CN9,1G,16,1,210,6128,8717,14746,17695,5582
CN9,1G,16,1,211,9372,12256,120062,1434452,1930
CN9,1G,16,1,212,6128,8848,1115685,3808429,1348
CN9,1G,16,1,213,12518,17171,767558,1568670,1571
CN9,1G,16,1,214,6980,10552,893387,1149240,1782
CN9,1G,16,1,215,13435,17433,23462,29492,2161
CN9,1G,16,1,216,5276,9503,1266680,1669333,1866
CN9,1G,16,1,217,11731,15533,534774,1887437,1705
CN9,1G,16,1,218,7963,10552,141558,1434452,2472
CN9,1G,16,1,219,6128,8356,15401,24249,5596
CN9,1G,16,1,220,11338,16319,86508,1686111,1796
CN9,1G,16,1,221,8225,10552,16188,25822,4715
CN9,1G,16,1,222,11994,15139,21890,497026,1957
CN9,1G,16,1,223,5211,8160,994051,1367344,1829
CN9,1G,16,1,224,8225,10552,16581,29754,4080
CN9,1G,16,1,225,8717,13173,817890,2600469,1788
CN9,1G,16,1,226,6783,9503,17433,135267,5309
CN9,1G,16,1,227,15401,18482,270533,1350566,1439
CN9,1G,16,1,228,6456,9110,20841,1518339,1990
CN9,1G,16,1,229,5473,8029,16581,21627,6532
CN9,1G,16,1,230,9503,13042,265290,1283458,2028
CN9,1G,16,1,231,7373,9896,530580,1585447,1837
CN9,1G,16,1,232,5932,8356,12125,24249,5241
CN9,1G,16,1,233,10028,12911,35390,1551893,2372
CN9,1G,16,1,234,6521,12256,893387,1551893,1448
CN9,1G,16,1,235,11338,14877,20579,24249,3861
CN9,1G,16,1,236,7767,12256,1149240,1619002,1538
CN9,1G,16,1,237,4883,8356,15664,1367344,3691
CN9,1G,16,1,238,7308,11863,1434452,2038432,1699
CN9,1G,16,1,239,8160,10159,16450,31589,3942
CN9,1G,16,1,240,10814,14615,935330,3137340,1789
CN9,1G,16,1,241,5800,8291,15401,809501,5855
CN9,1G,16,1,242,12911,16057,26870,36439,2034
CN9,1G,16,1,243,5342,7570,35914,1166017,4931
CN9,1G,16,1,244,10159,13435,22414,238027,2350
CN9,1G,16,1,245,5932,9372,926942,1300235,1656
CN9,1G,16,1,246,13435,16319,23725,26870,1905
CN9,1G,16,1,247,8586,13042,801113,1266680,1717
CN9,1G,16,1,248,6128,9110,17695,1300235,3420
CN9,1G,16,1,249,9372,12256,20317,119014,2371
CN9,1G,16,1,250,5080,9503,985662,2332034,1782
CN9,1G,16,1,251,5014,7701,12911,18220,6572
CN9,1G,16,1,252,11863,17433,455082,1300235,1592
CN9,1G,16,1,253,5800,8455,15926,893387,2493
CN9,1G,16,1,254,9896,13042,24773,1300235,2900
CN9,1G,16,1,255,5145,8094,2071987,2231370,1282
CN9,1G,16,1,256,3130,4948,952108,1937769,3318
CN9,1G,16,1,257,12256,16057,27395,4076864,1408
CN9,1G,16,1,258,6521,9110,438305,1702888,2141
CN9,1G,16,1,259,10159,13566,22152,29754,2540
CN9,1G,16,1,260,8717,11863,46924,1149240,2136
CN9,1G,16,1,261,10814,14091,20317,27919,3447
CN9,1G,16,1,262,7308,11600,1069548,2868904,1486
CN9,1G,16,1,263,5669,9634,784335,1417675,1725
CN9,1G,16,1,264,12649,17433,80217,3103785,1266
CN9,1G,16,1,265,6849,9372,19268,1484784,1521
CN9,1G,16,1,266,6783,10028,25035,1367344,2182
CN9,1G,16,1,267,12780,16450,27132,183501,2063
CN9,1G,16,1,268,5932,9372,15795,683672,5655
CN9,1G,16,1,269,11207,15533,26346,1098908,2271
CN9,1G,16,1,270,5080,8225,893387,1602225,2517
CN9,1G,16,1,271,12387,16057,24773,160433,1956
CN9,1G,16,1,272,5735,8225,22938,599786,5416
CN9,1G,16,1,273,11731,15926,501220,1887437,1685
CN9,1G,16,1,274,4424,6718,13960,650118,6079
CN9,1G,16,1,275,8455,10814,51643,1384121,2249
CN9,1G,16,6,1,27395,32637,36963,38536,2879
CN9,1G,16,6,2,33817,47973,258999,316670,2560
CN9,1G,16,6,3,7701,13698,26346,103285,9197
CN9,1G,16,6,4,32113,45876,202376,358613,2595
CN9,1G,16,6,5,19792,28181,206570,1283458,3435
CN9,1G,16,6,6,39584,46924,189793,1002439,2332
CN9,1G,16,6,7,31851,44827,1199571,2021655,1732
CN9,1G,16,6,8,27919,45876,51119,54264,2530
CN9,1G,16,6,9,29754,43254,53740,59507,2608
CN9,1G,16,6,10,15270,29492,36439,38536,5631
CN9,1G,16,6,11,36439,51119,57410,62653,2505
CN9,1G,16,6,12,10552,14877,27657,49546,8603
CN9,1G,16,6,13,31327,44827,1468007,1551893,1846
CN9,1G,16,6,14,22938,31589,187696,392168,3971
CN9,1G,16,6,15,32900,48497,60031,139461,2496
CN9,1G,16,6,16,30278,45351,404751,734004,2482
CN9,1G,16,6,17,12256,23200,33817,38011,6490
CN9,1G,16,6,18,32375,46400,58983,62129,2454
CN9,1G,16,6,19,14222,35914,43779,45876,4904
CN9,1G,16,6,20,31327,45876,240124,250610,2599
CN9,1G,16,6,21,15008,24511,53740,526386,4874
CN9,1G,16,6,22,31851,39060,48497,53216,2541
CN9,1G,16,6,23,27919,41681,52691,57410,3581
CN9,1G,16,6,24,30802,39060,49021,52691,2524
CN9,1G,16,6,25,34866,49546,549454,1719665,1807
CN9,1G,16,6,26,30278,35390,40109,44303,3218
CN9,1G,16,6,27,35914,48497,55837,58459,2613
CN9,1G,16,6,28,10814,20579,30540,33162,6562
CN9,1G,16,6,29,33424,45351,1149240,1216349,2044
CN9,1G,16,6,30,25560,35390,193987,383779,3685
CN9,1G,16,6,31,36963,50070,56361,58983,2500
CN9,1G,16,6,32,31065,47973,759170,1652556,2218
CN9,1G,16,6,33,32113,45351,52167,56886,2545
CN9,1G,16,6,34,30540,37487,47973,53216,2907
CN9,1G,16,6,35,28443,38536,44303,48497,3397
CN9,1G,16,6,36,30016,41157,46924,52167,2636
CN9,1G,16,6,37,8094,14222,212861,1937769,3617
CN9,1G,16,6,38,34341,49021,566232,3506439,1654
CN9,1G,16,6,39,13698,20055,60556,367002,5263
CN9,1G,16,6,40,34866,48497,64750,304088,2606
CN9,1G,16,6,41,25035,30802,421528,2021655,2472
CN9,1G,16,6,42,36963,45876,1283458,2533360,1675
CN9,1G,16,6,43,28967,45351,434111,826278,2908
CN9,1G,16,6,44,31589,44303,1098908,2499806,1655
CN9,1G,16,6,45,33817,44827,641729,1115685,2074
CN9,1G,16,6,46,11994,22938,44303,139461,6372
CN9,1G,16,6,47,33424,46924,459277,926942,2310
CN9,1G,16,6,48,31851,49021,240124,254804,2734
CN9,1G,16,6,49,35390,51119,62653,1233126,2159
CN9,1G,16,6,50,30802,45351,467665,792724,2389
CN9,1G,16,6,51,35390,50594,55837,58983,3318
CN9,1G,16,6,52,35914,45876,137364,1988101,2021
CN9,1G,16,6,53,9896,14746,20317,25560,8756
CN9,1G,16,6,54,34866,47449,137364,708838,2337
CN9,1G,16,6,55,30540,44303,434111,1115685,2500
CN9,1G,16,6,56,32113,43254,49021,52691,2528
CN9,1G,16,6,57,30540,46400,60556,68682,3159
CN9,1G,16,6,58,32375,39584,45876,51643,2688
CN9,1G,16,6,59,33817,49021,145753,408945,2562
CN9,1G,16,6,60,13304,29754,36963,40109,5050
CN9,1G,16,6,61,31589,44303,50070,56886,2547
CN9,1G,16,6,62,5997,15270,20055,26346,9327
CN9,1G,16,6,63,33817,45876,641729,943719,2196
CN9,1G,16,6,64,32900,46924,250610,308282,2565
CN9,1G,16,6,65,10552,28443,36439,39060,5334
CN9,1G,16,6,66,31851,41157,60556,76022,2586
CN9,1G,16,6,67,27657,44303,198181,1035994,2993
CN9,1G,16,6,68,31589,42730,51119,56886,2484
CN9,1G,16,6,69,30540,38011,45351,49546,2946
CN9,1G,16,6,70,28181,32637,37487,46400,2565
CN9,1G,16,6,71,33817,44827,425722,809501,2318
CN9,1G,16,6,72,8029,13435,16188,20055,9393
CN9,1G,16,6,73,34341,47973,81265,362808,2643
CN9,1G,16,6,74,14484,40633,71828,158335,4756
CN9,1G,16,6,75,34866,46400,379585,994051,2275
CN9,1G,16,6,76,33162,46400,240124,320865,2557
CN9,1G,16,6,77,9765,22938,36439,41681,6894
CN9,1G,16,6,78,31065,42206,926942,1300235,1868
CN9,1G,16,6,79,24773,31589,387974,968885,3057
CN9,1G,16,6,80,34341,45876,566232,1132463,2189
CN9,1G,16,6,81,33424,45876,291505,400557,2724
CN9,1G,16,6,82,34866,44303,51643,55837,2534
CN9,1G,16,6,83,40109,47973,994051,1082131,1959
CN9,1G,16,6,84,9896,15664,23200,34341,7870
CN9,1G,16,6,85,30540,42730,52691,57934,2526
CN9,1G,16,6,86,19006,28705,35390,40109,4199
CN9,1G,16,6,87,32113,50594,57934,61080,2495
CN9,1G,16,6,88,34341,44303,1069548,1300235,2046
CN9,1G,16,6,89,14746,45876,54264,459277,4341
CN9,1G,16,6,90,33424,50594,65274,86508,2662
CN9,1G,16,6,91,10814,17695,38536,371196,6498
CN9,1G,16,6,92,35390,44827,1233126,2667578,1565
CN9,1G,16,6,93,31065,45876,238027,383779,2745
CN9,1G,16,6,94,35390,48497,55313,58983,2493
CN9,1G,16,6,95,30802,36439,46400,50594,2828
CN9,1G,16,6,96,11338,41681,49021,52691,5246
CN9,1G,16,6,97,31065,45351,583009,2197816,1847
CN9,1G,16,6,98,25560,32900,509608,692061,3385
CN9,1G,16,6,99,37487,49021,1199571,1434452,1830
CN9,1G,16,6,100,38536,49546,1920992,2298479,1455
CN9,1G,16,6,101,23200,34341,41681,43779,3006
CN9,1G,16,6,102,35914,49021,1132463,1686111,1781
CN9,1G,16,6,103,11076,21890,27657,33424,7076
CN9,1G,16,6,104,32375,45351,52167,55837,2544
CN9,1G,16,6,105,16909,30278,39584,51119,5000
CN9,1G,16,6,106,44303,54789,960496,1904215,1712
CN9,1G,16,6,107,9241,13698,17957,24773,8765
CN9,1G,16,6,108,34866,45876,583009,1753220,1932
CN9,1G,16,6,109,29230,38536,392168,574620,3107
CN9,1G,16,6,110,35914,47449,55313,60556,2531
CN9,1G,16,6,111,27657,35914,67634,1384121,2276
CN9,1G,16,6,112,32637,42206,47973,50594,2489
CN9,1G,16,6,113,28181,39060,67634,2021655,2116
CN9,1G,16,6,114,12518,44827,53216,57410,5198
CN9,1G,16,6,115,33162,45351,58459,2399142,2038
CN9,1G,16,6,116,12387,28443,38536,459277,5742
CN9,1G,16,6,117,31327,45876,202376,267387,2764
CN9,1G,16,6,118,12387,26084,392168,509608,4681
CN9,1G,16,6,119,31065,44303,325059,471860,2563
CN9,1G,16,6,120,32900,45351,240124,759170,2585
CN9,1G,16,6,121,36963,51119,57934,61604,2550
CN9,1G,16,6,122,27395,47973,58459,231736,2804
CN9,1G,16,6,123,22676,31851,40109,45351,4515
CN9,1G,16,6,124,32900,41681,50070,2936013,1877
CN9,1G,16,6,125,25822,42730,274727,1887437,2626
CN9,1G,16,6,126,40633,47449,1669333,1887437,1649
CN9,1G,16,6,127,14353,29754,350225,960496,3706
CN9,1G,16,6,128,30016,43254,64226,337642,2850
CN9,1G,16,6,129,33162,46924,1132463,1585447,1927
CN9,1G,16,6,130,9634,17695,25822,28967,7939
CN9,1G,16,6,131,31589,49021,83362,2021655,1988
CN9,1G,16,6,132,31851,46400,164627,274727,3108
CN9,1G,16,6,133,31851,41157,50594,56361,2529
CN9,1G,16,6,134,27919,34866,39584,43254,3775
CN9,1G,16,6,135,29230,45351,51119,54264,2507
CN9,1G,16,6,136,37487,46400,1837106,2197816,1548
CN9,1G,16,6,137,13829,31065,43254,47973,5556
CN9,1G,16,6,138,36963,47973,64226,1753220,1983
CN9,1G,16,6,139,22152,30278,175113,183501,4224
CN9,1G,16,6,140,33817,46924,1132463,2399142,1800
CN9,1G,16,6,141,18482,28443,149947,196084,4494
CN9,1G,16,6,142,34866,49021,54789,59507,2523
CN9,1G,16,6,143,35390,49546,767558,784335,2005
CN9,1G,16,6,144,14746,31065,36963,43254,5763
CN9,1G,16,6,145,34341,44827,1249903,1954546,1780
CN9,1G,16,6,146,12518,22676,52691,156238,6195
CN9,1G,16,6,147,35390,48497,65274,84411,2626
CN9,1G,16,6,148,33817,45876,792724,1182794,2172
CN9,1G,16,6,149,34341,47449,56886,61604,2492
CN9,1G,16,6,150,25822,44303,54789,60556,3516
CN9,1G,16,6,151,30016,37487,43254,47449,2491
CN9,1G,16,6,152,29230,49546,65799,1350566,2278
CN9,1G,16,6,153,35914,50070,57410,62129,2994
CN9,1G,16,6,154,39584,47973,1061159,1686111,1780
CN9,1G,16,6,155,19530,45876,55313,57934,4565
CN9,1G,16,6,156,32900,49021,71828,2332034,1890
CN9,1G,16,6,157,16319,31851,39060,935330,4246
CN9,1G,16,6,158,28443,41157,135267,329253,2874
CN9,1G,16,6,159,25560,38536,175113,337642,3776
CN9,1G,16,6,160,31851,39060,46400,51119,2460
CN9,1G,16,6,161,15533,43254,1052771,1384121,2596
CN9,1G,16,6,162,35390,45876,51643,56361,2516
CN9,1G,16,6,163,14091,23725,38536,41681,5252
CN9,1G,16,6,164,35914,56361,63177,66847,2464
CN9,1G,16,6,165,15664,24249,31327,39584,5252
CN9,1G,16,6,166,33162,43779,52167,54789,2443
CN9,1G,16,6,167,30802,36963,43779,47973,3523
CN9,1G,16,6,168,29492,41157,219153,1098908,2263
CN9,1G,16,6,169,27132,43254,265290,287310,3628
CN9,1G,16,6,170,36963,47449,53216,58459,2450
CN9,1G,16,6,171,34341,49546,57410,61604,3018
CN9,1G,16,6,172,34866,46400,66847,250610,2427
CN9,1G,16,6,173,35914,50070,73925,254804,2600
CN9,1G,16,6,174,21103,35390,42206,46400,4660
CN9,1G,16,6,175,30802,36439,43254,48497,2606
CN9,1G,16,6,176,27395,39584,162530,901776,3269
CN9,1G,16,6,177,31327,43254,54789,56361,2509
CN9,1G,16,6,178,23987,33817,44303,55837,3420
CN9,1G,16,6,179,32637,40633,49546,54264,2648
CN9,1G,16,6,180,34341,47973,67634,71828,2766
CN9,1G,16,6,181,31851,47449,55837,60031,2631
CN9,1G,16,6,182,34866,48497,63177,497026,2488
CN9,1G,16,6,183,20579,40633,162530,1019216,3642
CN9,1G,16,6,184,40109,47973,304088,1266680,2105
CN9,1G,16,6,185,27395,45876,58459,62653,3875
CN9,1G,16,6,186,32637,38011,44303,50594,2458
CN9,1G,16,6,187,23725,50070,58459,63701,3826
CN9,1G,16,6,188,30802,35914,41681,73925,2468
CN9,1G,16,6,189,30278,41681,49021,53216,3098
CN9,1G,16,6,190,32113,48497,55837,60031,2515
CN9,1G,16,6,191,32900,49546,57934,62653,2659
CN9,1G,16,6,192,29754,35390,40633,44303,3870
CN9,1G,16,6,193,31065,44827,50594,56886,2600
CN9,1G,16,6,194,9896,16188,25822,31065,9133
CN9,1G,16,6,195,31851,50594,62653,65799,2505
CN9,1G,16,6,196,22152,44827,968885,2088764,2263
CN9,1G,16,6,197,31589,36963,43254,46924,2487
CN9,1G,16,6,198,32113,41681,49546,53216,2965
CN9,1G,16,6,199,31851,49546,54264,57934,2561
CN9,1G,16,6,200,32375,46924,54264,58983,3121
CN9,1G,16,6,201,31851,39060,44303,46924,2424
CN9,1G,16,6,202,26870,32375,38011,47973,2864
CN9,1G,16,6,203,32113,44827,50594,52691,2543
CN9,1G,16,6,204,31065,41681,49546,56361,2681
CN9,1G,16,6,205,16319,26084,30802,33817,5244
CN9,1G,16,6,206,25560,31589,41681,45351,2544
CN9,1G,16,6,207,33424,47449,69731,274727,2772
CN9,1G,16,6,208,32637,51119,55837,57934,2526
CN9,1G,16,6,209,26084,36439,48497,52691,3271
CN9,1G,16,6,210,36963,47449,51643,53740,2488
CN9,1G,16,6,211,25297,33817,40109,43779,2976
CN9,1G,16,6,212,29230,38536,44827,46924,2953
CN9,1G,16,6,213,32900,46400,54789,64750,2631
CN9,1G,16,6,214,27132,40109,801113,843056,2874
CN9,1G,16,6,215,31065,45351,455082,484443,2471
CN9,1G,16,6,216,10552,14353,38536,102237,8401
CN9,1G,16,6,217,30540,43779,200279,480248,2653
CN9,1G,16,6,218,14353,27657,210764,333448,4860
CN9,1G,16,6,219,31589,44303,223347,400557,2686
CN9,1G,16,6,220,32113,48497,442500,1585447,2436
CN9,1G,16,6,221,35914,46400,57934,1384121,2150
CN9,1G,16,6,222,27919,44303,74974,185598,3338
CN9,1G,16,6,223,31589,38011,44303,46400,2547
CN9,1G,16,6,224,29230,34866,42206,48497,3526
CN9,1G,16,6,225,33424,44303,1669333,3003122,1594
CN9,1G,16,6,226,32113,45876,325059,396362,2728
CN9,1G,16,6,227,33817,43254,60031,2634023,1863
CN9,1G,16,6,228,27919,42730,227541,235930,2914
CN9,1G,16,6,229,33817,43779,49546,52691,2509
CN9,1G,16,6,230,31851,44303,51643,55837,2610
CN9,1G,16,6,231,21627,31589,38011,49021,4419
CN9,1G,16,6,232,28967,39060,48497,51643,2653
CN9,1G,16,6,233,23462,36963,299893,985662,3383
CN9,1G,16,6,234,32375,48497,58983,64750,2510
CN9,1G,16,6,235,26084,34866,44827,52167,3667
CN9,1G,16,6,236,34341,45876,52691,58983,2515
CN9,1G,16,6,237,30540,43254,599786,1769997,2208
CN9,1G,16,6,238,34341,44827,53740,58459,2523
CN9,1G,16,6,239,30802,43254,316670,591397,2509
CN9,1G,16,6,240,20055,49021,54789,57410,4327
CN9,1G,16,6,241,32375,46924,54264,57934,2570
CN9,1G,16,6,242,13435,30278,34866,38536,6451
CN9,1G,16,6,243,43254,50594,566232,1182794,1906
CN9,1G,16,6,244,20579,32637,114820,217056,4393
CN9,1G,16,6,245,38536,49546,62653,72877,2534
CN9,1G,16,6,246,15401,32113,616563,1317012,2859
CN9,1G,16,6,247,36963,47449,64226,69731,2620
CN9,1G,16,6,248,28705,42730,274727,1044382,2735
CN9,1G,16,6,249,37487,52167,522191,1769997,1949
CN9,1G,16,6,250,29754,43779,291505,400557,2896
CN9,1G,16,6,251,32637,46400,1052771,1061159,1985
CN9,1G,16,6,252,33424,46924,455082,708838,2342
CN9,1G,16,6,253,11338,14746,53216,425722,6382
CN9,1G,16,6,254,16057,534774,1837106,2122318,1068
CN9,1G,16,6,255,14353,17171,295699,492831,4271
CN9,1G,16,6,256,13566,26346,40109,221250,5777
CN9,1G,16,6,257,43254,51119,1069548,1367344,1878
CN9,1G,16,6,258,13304,28967,38011,47973,6281
CN9,1G,16,6,259,30540,41157,52691,59507,2489
CN9,1G,16,6,260,15795,26084,50594,231736,4652
CN9,1G,16,6,261,30278,42730,145753,162530,2887
CN9,1G,16,6,262,33424,45876,329253,2264925,1986
CN9,1G,16,6,263,7111,12125,14877,16909,9388
CN9,1G,16,6,264,30540,43254,1384121,1887437,1817
CN9,1G,16,6,265,25035,32113,683672,1010828,2921
CN9,1G,16,6,266,35914,49546,54264,58983,2573
CN9,1G,16,6,267,29754,41681,650118,1216349,2342
CN9,1G,16,6,268,35914,46924,53740,55837,2536
CN9,1G,16,6,269,29754,45351,968885,1417675,2311
CN9,1G,16,6,270,31065,41681,52167,57934,2544
CN9,1G,16,6,271,31589,38536,624952,784335,2415
CN9,1G,16,6,272,7832,14353,18744,26608,9100
CN9,1G,16,6,273,33424,45351,223347,229639,2641
CN9,1G,16,6,274,35390,50594,76022,742392,2355
CN9,1G,16,6,275,10552,29754,95945,1132463,2469
CN9,1G,16,6,276,33424,46924,633340,633340,2343
CN9,1G,16,6,277,15401,28705,42206,129500,5043
CN9,1G,16,6,278,33817,48497,55313,61604,2683
CN9,1G,16,6,279,32637,46924,278922,767558,2578
CN9,1G,16,6,280,35914,46924,58983,71828,2461
CN9,1G,16,6,281,35390,48497,63177,69731,2624
CN9,1G,16,6,282,14484,33162,70779,692061,4252
CN9,1G,16,6,283,32113,45351,53216,58459,2544
CN9,1G,16,6,284,12125,15401,22152,27395,6466
CN9,1G,16,6,285,38011,45876,1333789,1468007,1671
CN9,1G,16,6,286,35914,45351,354419,1786774,2065
CN9,1G,16,6,287,34866,48497,57410,66323,2481
CN9,1G,16,6,288,30278,44303,66847,177210,2652
CN9,1G,16,6,289,11207,25822,32113,34341,6682
CN9,1G,16,6,290,29492,39060,750781,1920992,1978
CN9,1G,16,6,291,9372,14222,36439,316670,7519
CN9,1G,16,6,292,34866,48497,54264,58983,2650
CN9,1G,16,6,293,32113,48497,56886,73925,3418
CN9,1G,16,6,294,35390,48497,893387,2499806,1733
CN9,1G,16,6,295,30540,40109,65274,1870660,2463
CN9,1G,16,6,296,28181,33817,40633,44827,3436
CN9,1G,16,6,297,29754,40633,1149240,1686111,1974
CN9,1G,16,6,298,9503,15139,29754,34341,9023
CN9,1G,16,6,299,32375,42730,76022,759170,2365
CN9,1G,16,6,300,34341,45351,244319,304088,2623
CN9,1G,16,6,301,28967,44827,50594,54789,4358
CN9,1G,16,6,302,38011,46400,1132463,1233126,1912
CN9,1G,16,6,303,24773,31589,295699,1266680,3125
CN9,1G,16,6,304,34866,44827,1149240,1166017,2034
CN9,1G,16,6,305,29754,41681,541066,1283458,2349
CN9,1G,16,6,306,35390,51119,58983,63701,2474
CN9,1G,16,6,307,33162,45876,52691,61080,2733
CN9,1G,16,6,308,26608,33817,38536,43254,2757
CN9,1G,16,6,309,25560,36439,51643,62653,2727
CN9,1G,16,6,310,10552,20055,31589,36963,6711
CN9,1G,16,6,311,30016,40633,48497,54264,2511
CN9,1G,16,6,312,24511,30278,56886,641729,3917
CN9,1G,16,6,313,33817,46924,52167,60556,2535
CN9,1G,16,6,314,27395,34866,759170,1451230,2491
CN9,1G,16,6,315,33817,45876,400557,429917,2441
CN9,1G,16,6,316,13960,36963,235930,295699,4565
CN9,1G,16,6,317,31065,36963,43254,47973,2536
CN9,1G,16,6,318,27132,33162,455082,467665,2988
CN9,1G,16,6,319,30540,40109,46400,49021,2567
CN9,1G,16,6,320,29492,48497,55837,60031,3329
CN9,1G,16,6,321,33817,45876,54789,60031,2778
CN9,1G,16,6,322,33424,47449,53740,56886,2603
CN9,1G,16,6,323,9634,16057,22938,27657,9232
CN9,1G,16,6,324,32900,44827,51119,54789,2522
CN9,1G,16,6,325,15139,29492,36439,43254,5087
CN9,1G,16,6,326,31851,43254,977273,1853883,1969
CN9,1G,16,6,327,26084,34866,295699,304088,3376
CN9,1G,16,6,328,30016,47973,55313,61080,2545
CN9,1G,16,6,329,38011,52167,2088764,2164261,1594
CN9,1G,16,6,330,22152,44303,50594,56886,4237
CN9,1G,16,6,331,28181,37487,52691,57410,2565
CN9,1G,16,6,332,8225,14746,29230,40633,6092
CN9,1G,16,6,333,39060,47973,1367344,2004878,1541
CN9,1G,16,6,334,14615,41157,137364,375391,4134
CN9,1G,16,6,335,32375,40109,44827,48497,2481
CN9,1G,16,48,1,31327,45351,57934,62653,2885
CN9,1G,16,48,2,33162,45351,1115685,1166017,1927
CN9,1G,16,48,3,12780,29230,591397,1887437,3158
CN9,1G,16,48,4,38011,47973,166724,985662,2310
CN9,1G,16,48,5,16057,29230,181404,191890,4667
CN9,1G,16,48,6,36963,46400,859833,1317012,1891
CN9,1G,16,48,7,32637,45876,227541,242222,2679
CN9,1G,16,48,8,31065,39584,57410,109577,2636
CN9,1G,16,48,9,31327,44303,312476,1098908,2355
CN9,1G,16,48,10,6652,15008,18744,21890,9383
CN9,1G,16,48,11,31327,49546,61080,115868,2539
CN9,1G,16,48,12,14615,27132,227541,233833,4754
CN9,1G,16,48,13,32113,48497,62653,304088,2678
CN9,1G,16,48,14,23987,42206,329253,341836,3593
CN9,1G,16,48,15,38011,55313,67634,69731,2501
CN9,1G,16,48,16,32113,44303,312476,1115685,2309
CN9,1G,16,48,17,7570,12911,15533,19006,9241
CN9,1G,16,48,18,31851,43254,1233126,1501561,1849
CN9,1G,16,48,19,26608,39584,246416,312476,3769
CN9,1G,16,48,20,35390,45351,54789,57410,2531
CN9,1G,16,48,21,30278,45876,413139,1010828,2325
CN9,1G,16,48,22,32900,43779,49546,52691,2501
CN9,1G,16,48,23,33817,48497,608175,943719,2172
CN9,1G,16,48,24,7308,14746,20841,25560,9445
CN9,1G,16,48,25,30540,43254,55313,2021655,2025
CN9,1G,16,48,26,28967,43254,147850,329253,3101
CN9,1G,16,48,27,33162,42730,50594,55313,2496
CN9,1G,16,48,28,32900,45351,583009,591397,2392
CN9,1G,16,48,29,10814,23200,700449,2105541,3207
CN9,1G,16,48,30,34341,45351,57410,63177,2623
CN9,1G,16,48,31,19792,30802,217056,235930,4209
CN9,1G,16,48,32,32113,44827,1535116,3942646,1513
CN9,1G,16,48,33,10945,15533,198181,208667,6178
CN9,1G,16,48,34,41681,50594,994051,1166017,1941
CN9,1G,16,48,35,30802,46400,68682,200279,3587
CN9,1G,16,48,36,33817,45876,229639,2139096,1953
CN9,1G,16,48,37,30540,43779,71828,346031,2835
CN9,1G,16,48,38,33817,46924,599786,1551893,2065
CN9,1G,16,48,39,31851,46400,198181,434111,2534
CN9,1G,16,48,40,27395,44303,54789,76022,2937
CN9,1G,16,48,41,29754,45351,52691,57410,2600
CN9,1G,16,48,42,8717,15008,19530,22676,9571
CN9,1G,16,48,43,35390,46924,56361,95945,2566
CN9,1G,16,48,44,12387,15533,38536,320865,6309
CN9,1G,16,48,45,31327,45876,396362,843056,2321
CN9,1G,16,48,46,31851,44303,918553,1384121,2155
CN9,1G,16,48,47,32637,45876,267387,1035994,2282
CN9,1G,16,48,48,31327,43254,240124,463471,2940
CN9,1G,16,48,49,33424,40633,45876,50070,2435
CN9,1G,16,48,50,28181,34866,48497,54264,3564
CN9,1G,16,48,51,34866,45351,74974,1484784,2243
CN9,1G,16,48,52,32900,45351,283116,383779,2599
CN9,1G,16,48,53,22938,28967,35390,40633,3350
CN9,1G,16,48,54,30540,50594,57934,61604,2390
CN9,1G,16,48,55,8586,15401,19006,21890,9251
CN9,1G,16,48,56,38011,48497,53216,57410,2513
CN9,1G,16,48,57,23987,32900,40633,49021,4226
CN9,1G,16,48,58,34341,49021,55837,61080,2572
CN9,1G,16,48,59,30016,42730,56361,61604,3117
CN9,1G,16,48,60,32113,38011,42730,46924,2917
CN9,1G,16,48,61,33817,42206,47449,51643,2594
CN9,1G,16,48,62,8979,14615,21890,23725,8747
CN9,1G,16,48,63,33424,44303,725615,1887437,1879
CN9,1G,16,48,64,23725,30278,175113,421528,3911
CN9,1G,16,48,65,33162,46924,54264,60556,2545
CN9,1G,16,48,66,24773,33162,38536,42206,4065
CN9,1G,16,48,67,38011,45351,82314,2332034,1780
CN9,1G,16,48,68,13566,19792,47973,73925,5765
CN9,1G,16,48,69,35914,46924,641729,759170,2249
CN9,1G,16,48,70,33817,46400,952108,1753220,1787
CN9,1G,16,48,71,5800,26346,33424,36963,5139
CN9,1G,16,48,72,31327,45876,750781,2298479,1861
CN9,1G,16,48,73,9503,13435,20579,23462,9090
CN9,1G,16,48,74,32375,45351,633340,1400898,2111
CN9,1G,16,48,75,31851,44303,1098908,1669333,1774
CN9,1G,16,48,76,34866,44303,50070,53216,2516
CN9,1G,16,48,77,34866,50070,1434452,1602225,1805
CN9,1G,16,48,78,19530,37487,49546,52167,4586
CN9,1G,16,48,79,28181,40109,47449,51643,2558
CN9,1G,16,48,80,25822,44303,683672,2021655,2427
CN9,1G,16,48,81,35390,50070,189793,1535116,2150
CN9,1G,16,48,82,30540,46924,64226,624952,3064
CN9,1G,16,48,83,31065,49546,56886,60031,2556
CN9,1G,16,48,84,31327,44303,50070,52167,2638
CN9,1G,16,48,85,27657,33162,38011,39584,3445
CN9,1G,16,48,86,29492,39584,46924,50070,2603
CN9,1G,16,48,87,23725,41157,708838,1044382,2891
CN9,1G,16,48,88,33817,44303,868221,1501561,1869
CN9,1G,16,48,89,31065,44827,1082131,1920992,1886
CN9,1G,16,48,90,34866,45351,93848,2566915,1952
CN9,1G,16,48,91,34341,47449,1166017,1820328,1760
CN9,1G,16,48,92,11076,28967,36439,39584,6422
CN9,1G,16,48,93,39584,50594,633340,666895,2029
CN9,1G,16,48,94,22152,49021,56361,58983,4251
CN9,1G,16,48,95,34341,43779,935330,952108,2174
CN9,1G,16,48,96,34866,49546,392168,1384121,2282
CN9,1G,16,48,97,29492,38011,47449,51643,2532
CN9,1G,16,48,98,29754,36439,43254,50070,2883
CN9,1G,16,48,99,43254,53740,994051,1115685,1846
CN9,1G,16,48,100,26346,43779,93848,274727,3621
CN9,1G,16,48,101,34866,45876,51119,54789,2509
CN9,1G,16,48,102,31589,43779,61080,65274,2863
CN9,1G,16,48,103,26608,32900,36439,39060,3408
CN9,1G,16,48,104,32375,46924,354419,400557,2579
CN9,1G,16,48,105,11207,15270,44303,1317012,4831
CN9,1G,16,48,106,32375,44303,231736,320865,2621
CN9,1G,16,48,107,27919,33817,295699,304088,2959
CN9,1G,16,48,108,35914,49546,56361,65799,2526
CN9,1G,16,48,109,28443,43779,1501561,1702888,2114
CN9,1G,16,48,110,29230,38011,44303,47449,2542
CN9,1G,16,48,111,26346,41157,51119,73925,3277
CN9,1G,16,48,112,35390,45351,52691,56361,2477
CN9,1G,16,48,113,30278,43779,55837,67634,2626
CN9,1G,16,48,114,29230,38011,45876,50070,3270
CN9,1G,16,48,115,36439,46924,54264,57934,2543
CN9,1G,16,48,116,8586,14222,18482,22676,9414
CN9,1G,16,48,117,32113,42730,51119,55313,2550
CN9,1G,16,48,118,30278,44827,1010828,1434452,2303
CN9,1G,16,48,119,35390,51119,63177,68682,2454
CN9,1G,16,48,120,27395,41157,135267,1736442,2918
CN9,1G,16,48,121,32113,44303,51643,56886,2503
CN9,1G,16,48,122,32637,47973,57934,60556,2927
CN9,1G,16,48,123,32900,43779,51119,54264,2496
CN9,1G,16,48,124,35914,45876,534774,549454,2230
CN9,1G,16,48,125,10552,15533,20317,22938,9109
CN9,1G,16,48,126,44303,52691,868221,1937769,1646
CN9,1G,16,48,127,18220,47973,1266680,1635779,2403
CN9,1G,16,48,128,36439,49546,66847,102237,2592
CN9,1G,16,48,129,14353,22414,93848,183501,5107
CN9,1G,16,48,130,34866,49021,246416,1283458,2155
CN9,1G,16,48,131,36439,45351,235930,383779,2583
CN9,1G,16,48,132,19268,31589,36439,39584,4845
CN9,1G,16,48,133,32375,43779,52167,57934,2529
CN9,1G,16,48,134,30278,43779,1417675,2466251,1723
CN9,1G,16,48,135,34341,44827,843056,2264925,1874
CN9,1G,16,48,136,24511,31065,225444,229639,3985
CN9,1G,16,48,137,30278,45351,1098908,2055209,1758
CN9,1G,16,48,138,30802,42206,943719,1568670,2091
CN9,1G,16,48,139,36439,50070,100140,1069548,2261
CN9,1G,16,48,140,31065,45351,256902,530580,2425
CN9,1G,16,48,141,14615,47449,53740,55313,5122
CN9,1G,16,48,142,34341,42730,50594,63177,2471
CN9,1G,16,48,143,8356,12649,15664,19530,9085
CN9,1G,16,48,144,38011,50594,910164,1769997,1695
CN9,1G,16,48,145,13960,20055,37487,113771,5562
CN9,1G,16,48,146,34341,45351,985662,2197816,1862
CN9,1G,16,48,147,11600,14615,135267,425722,6084
CN9,1G,16,48,148,32637,44827,1010828,1870660,1925
CN9,1G,16,48,149,29230,42730,221250,254804,2923
CN9,1G,16,48,150,31589,44827,1451230,1468007,1722
CN9,1G,16,48,151,30278,43254,227541,250610,2597
CN9,1G,16,48,152,8979,14877,19268,21890,9301
CN9,1G,16,48,153,38011,44827,51643,2835350,1715
CN9,1G,16,48,154,14746,25822,434111,513803,4256
CN9,1G,16,48,155,31065,43779,484443,1082131,2330
CN9,1G,16,48,156,30540,45351,287310,291505,2978
CN9,1G,16,48,157,36439,46924,55313,60556,2529
CN9,1G,16,48,158,28443,34866,41681,45876,3160
CN9,1G,16,48,159,32637,45876,52691,55313,2574
CN9,1G,16,48,160,26346,42206,52691,57934,2800
CN9,1G,16,48,161,33162,40633,47449,53740,2768
CN9,1G,16,48,162,34341,49546,65274,371196,2500
CN9,1G,16,48,163,11600,15008,1484784,1484784,3170
CN9,1G,16,48,164,30540,45351,530580,1551893,2144
CN9,1G,16,48,165,13435,27395,92799,168821,5227
CN9,1G,16,48,166,31851,45351,884999,3204449,1687
CN9,1G,16,48,167,11469,14877,244319,261096,6318
CN9,1G,16,48,168,35390,49546,73925,1166017,2233
CN9,1G,16,48,169,14746,27395,168821,240124,4561
CN9,1G,16,48,170,35390,53216,67634,83362,2579
CN9,1G,16,48,171,13960,18744,40109,204473,5576
CN9,1G,16,48,172,32637,45351,73925,471860,2666
CN9,1G,16,48,173,28705,39060,278922,312476,2852
CN9,1G,16,48,174,31327,43254,47973,50070,2482
CN9,1G,16,48,175,33817,46924,70779,446694,2552
CN9,1G,16,48,176,14877,25297,33162,41157,5806
CN9,1G,16,48,177,28705,36439,47449,51119,2547
CN9,1G,16,48,178,8455,15270,19530,599786,7108
CN9,1G,16,48,179,31065,43779,69731,346031,2746
CN9,1G,16,48,180,27395,45876,308282,1484784,2768
CN9,1G,16,48,181,35914,48497,295699,1333789,2137
CN9,1G,16,48,182,32900,45351,121111,254804,2947
CN9,1G,16,48,183,31065,36963,41157,46400,2445
CN9,1G,16,48,184,31327,45876,56361,61604,3237
CN9,1G,16,48,185,10945,21890,32637,34341,7314
CN9,1G,16,48,186,35390,49546,1384121,1417675,1753
CN9,1G,16,48,187,12256,16909,123208,183501,6680
CN9,1G,16,48,188,32375,44827,76022,210764,2778
CN9,1G,16,48,189,29230,44827,198181,425722,3300
CN9,1G,16,48,190,36439,49546,58459,63701,2478
CN9,1G,16,48,191,28443,35914,53740,1837106,2517
CN9,1G,16,48,192,33162,46400,55837,86508,2555
CN9,1G,16,48,193,36963,50070,63701,179307,2546
CN9,1G,16,48,194,10159,17695,24249,30016,8035
CN9,1G,16,48,195,32900,42730,51643,55313,2482
CN9,1G,16,48,196,28967,34341,505414,526386,2823
CN9,1G,16,48,197,31065,36963,354419,1182794,2281
CN9,1G,16,48,198,22938,32113,238027,404751,3581
CN9,1G,16,48,199,32375,40633,50594,53740,2566
CN9,1G,16,48,200,32375,45351,54264,58459,3125
CN9,1G,16,48,201,30016,34341,39584,57410,3108
CN9,1G,16,48,202,32900,47973,54264,73925,2576
CN9,1G,16,48,203,13566,28443,166724,175113,5083
CN9,1G,16,48,204,37487,51643,74974,801113,2224
CN9,1G,16,48,205,30016,36963,84411,164627,3066
CN9,1G,16,48,206,28705,34866,39060,42730,2744
CN9,1G,16,48,207,42206,50594,1350566,2734687,1455
CN9,1G,16,48,208,8160,14222,19268,21365,9662
CN9,1G,16,48,209,30016,41681,1098908,1484784,1884
CN9,1G,16,48,210,12911,27919,170918,346031,5077
CN9,1G,16,48,211,36963,51119,73925,175113,2588
CN9,1G,16,48,212,26870,33424,893387,1937769,2338
CN9,1G,16,48,213,36439,50070,62129,68682,2585
CN9,1G,16,48,214,18220,31589,162530,287310,4812
CN9,1G,16,48,215,41681,52691,69731,1350566,2093
CN9,1G,16,48,216,31589,47449,350225,1300235,2602
CN9,1G,16,48,217,32113,42206,52167,58459,2573
CN9,1G,16,48,218,31327,46924,52691,56886,3002
CN9,1G,16,48,219,38536,52691,59507,61080,2495
CN9,1G,16,48,220,27657,32900,93848,1149240,2942
CN9,1G,16,48,221,32375,46924,52691,57410,2493
CN9,1G,16,48,222,30802,36439,417334,1568670,2225
CN9,1G,16,48,223,15533,23200,30016,39060,4951
CN9,1G,16,48,224,32113,44303,52691,58983,2554
CN9,1G,16,48,225,7177,12649,23987,30016,9251
CN9,1G,16,48,226,35390,51119,105382,1786774,2014
CN9,1G,16,48,227,23725,30278,45876,421528,4037
CN9,1G,16,48,228,40633,47973,1669333,1837106,1658
CN9,1G,16,48,229,14484,40109,137364,181404,4522
CN9,1G,16,48,230,29754,44827,55313,105382,2487
CN9,1G,16,48,231,8029,15926,26084,33817,9066
CN9,1G,16,48,232,32900,45351,55313,60031,2471
CN9,1G,16,48,233,13173,17433,31327,33817,6131
CN9,1G,16,48,234,31851,51119,60031,66847,2501
CN9,1G,16,48,235,11076,16188,23987,47973,6828
CN9,1G,16,48,236,27132,39060,48497,53216,2453
CN9,1G,16,48,237,10159,14484,28181,278922,7006
CN9,1G,16,48,238,33424,46400,149947,244319,2687
CN9,1G,16,48,239,33162,46924,221250,256902,2946
CN9,1G,16,48,240,29230,35390,90702,248513,2746
CN9,1G,16,48,241,32900,44827,160433,193987,2729
CN9,1G,16,48,242,7373,15270,20055,35390,9018
CN9,1G,16,48,243,34341,46924,57410,187696,2517
CN9,1G,16,48,244,12518,19792,32113,53216,6552
CN9,1G,16,48,245,31065,39060,50594,55313,2671
CN9,1G,16,48,246,14353,26870,38536,69731,5102
CN9,1G,16,48,247,35390,47449,69731,89654,2553
CN9,1G,16,48,248,8717,14353,18744,22152,9291
CN9,1G,16,48,249,28967,37487,43254,49021,2486
CN9,1G,16,48,250,10290,14746,23987,26870,8492
CN9,1G,16,48,251,27395,34341,39060,42730,2482
CN9,1G,16,48,252,19792,27132,32375,36963,4307
CN9,1G,16,48,253,36439,52167,58459,81265,2509
CN9,1G,16,48,254,26346,40109,1199571,1820328,2275
CN9,1G,16,48,255,29230,46400,55313,87557,2418
CN9,1G,16,48,256,31589,46924,599786,1786774,2207
CN9,1G,16,48,257,35390,52167,57410,60031,2483
CN9,1G,16,48,258,22676,43779,50070,52691,4097
CN9,1G,16,48,259,33817,53740,61080,65799,2511
CN9,1G,16,48,260,12125,16450,26608,90702,6227
CN9,1G,16,48,261,32113,44827,181404,231736,2636
CN9,1G,16,48,262,16319,26084,175113,185598,4764
CN9,1G,16,48,263,31589,49546,60556,119014,2444
CN9,1G,16,48,264,14484,23200,36963,110625,5364
CN9,1G,16,48,265,29754,34866,41681,78119,2489
CN9,1G,16,48,266,31851,44827,675283,692061,2613
CN9,1G,16,48,267,23725,31065,38536,45876,3142
CN9,1G,16,48,268,27132,40633,53216,72877,2590
CN9,1G,16,48,269,8356,20841,29492,32900,5932
CN9,1G,16,48,270,34341,47449,54264,164627,2663
CN9,1G,16,48,271,27657,45876,244319,608175,3277
CN9,1G,16,48,272,32113,45876,116917,2634023,1917
CN9,1G,16,48,273,35390,47973,64226,72877,2644
CN9,1G,16,48,274,9634,15270,28443,34866,9052
CN9,1G,16,48,275,33817,49021,55313,59507,2528
CN9,1G,16,48,276,23987,45876,64226,977273,3269
CN9,1G,16,48,277,31851,39060,52691,56886,2439
CN9,1G,16,48,278,10814,15008,28705,38011,7354
CN9,1G,16,48,279,35914,48497,57934,2332034,1963
CN9,1G,16,48,280,20841,31851,41157,66323,4526
CN9,1G,16,48,281,35914,49546,287310,2298479,1904
CN9,1G,16,48,282,23462,32375,41157,47449,4335
CN9,1G,16,48,283,29230,34341,39060,44827,2490
CN9,1G,16,48,284,27657,33817,39584,183501,3439
CN9,1G,16,48,285,30540,39060,47973,89654,2508
CN9,1G,16,48,286,26870,39060,750781,1753220,2362
CN9,1G,16,48,287,28967,41681,221250,267387,2645
CN9,1G,16,48,288,14615,31851,42206,650118,5068
CN9,1G,16,48,289,38011,51119,67634,72877,2578
CN9,1G,16,48,290,31065,49021,68682,1367344,2744
CN9,1G,16,48,291,34341,48497,114820,329253,2585
CN9,1G,16,48,292,11600,33817,43779,792724,2655
CN9,1G,16,48,293,32113,44303,53216,87557,2781
CN9,1G,16,48,294,11207,16057,27657,367002,7161
CN9,1G,16,48,295,33424,51643,918553,1803551,1782
CN9,1G,16,48,296,28181,42730,235930,341836,3464
CN9,1G,16,48,297,34341,51643,58459,162530,2512
CN9,1G,16,48,298,28967,43254,1182794,1669333,1861
CN9,1G,16,48,299,26608,33424,40633,43254,2836
CN9,1G,16,48,300,28705,39060,541066,2004878,2098
CN9,1G,16,48,301,22676,35914,41157,57410,4453
CN9,1G,16,48,302,33424,43779,82314,274727,2715
CN9,1G,16,48,303,5866,13566,17957,25297,9388
CN9,1G,16,48,304,32900,44303,1061159,1484784,1914
CN9,1G,16,48,305,10028,14484,49021,274727,7298
CN9,1G,16,48,306,30278,51643,60031,115868,2135
CN9,1G,16,48,307,27919,42730,210764,566232,2849
CN9,1G,16,48,308,27395,33817,337642,557843,2624
CN9,1G,16,48,309,36439,48497,88605,484443,2483
CN9,1G,16,48,310,9503,15008,18220,20841,9317
CN9,1G,16,48,311,33817,45351,89654,2038432,1924
CN9,1G,16,48,312,8356,22152,484443,566232,5009
CN9,1G,16,48,313,32900,46400,1061159,1216349,1921
CN9,1G,16,48,314,18744,32637,254804,1019216,3499
CN9,1G,16,48,315,36439,48497,229639,910164,2296
CN9,1G,16,48,316,30278,44827,65274,112722,3363
CN9,1G,16,48,317,31065,42730,53740,58459,2491
CN9,1G,16,48,318,30278,43779,742392,910164,2228
CN9,1G,16,48,319,6390,15533,19006,21890,9367
CN9,1G,16,48,320,35390,52167,404751,1300235,2111
CN9,1G,16,48,321,12518,16057,308282,574620,5195
CN9,1G,16,48,322,36439,45351,717226,1652556,1948
CN9,1G,16,48,323,25560,44827,387974,742392,3064
CN9,1G,16,48,324,27919,34866,41157,44827,2497
CN9,1G,16,48,325,35914,50070,817890,1216349,1823
CN9,1G,16,48,326,11731,23987,34341,38536,5589
CN9,1G,16,48,327,32637,44827,341836,977273,2323
CN9,1G,16,48,328,9110,30016,83362,1216349,4234
CN9,1G,16,48,329,31065,43779,69731,83362,2791
CN9,1G,16,48,330,15795,41157,308282,2004878,2850
CN9,1G,16,48,331,33162,43779,124257,591397,2535
CN9,1G,16,48,332,13304,45876,291505,2768241,2593
CN9,1G,16,48,333,29492,36963,557843,3070231,1882
