126.90 127.43
0.00 0.00
0.00 0.00
287.00 317.50
913.61 917.89
944.56 932.38
911.01 918.17
947.70 934.91
965.12 942.20
966.50 939.99
983.06 966.61
991.49 346.99
953.88 0.00
938.05 0.00
950.02 0.00
975.58 770.88
915.70 940.62
937.72 924.08
584.16 974.08
0.00 257.52
0.00 0.00
0.00 0.00
310.65 278.13
472.05 244.55
0.00 0.00
0.00 0.00
0.00 0.00
0.00 0.00
0.40 0.42
789.25 782.84
957.16 962.78
976.09 964.65
987.18 900.11
956.60 0.00
987.22 0.00
954.70 0.00
318.67 0.00
652.83 514.25
846.53 709.04
967.22 953.75
989.62 975.12
977.12 969.39
967.15 955.67
983.24 958.54
965.61 920.35
981.79 940.14
909.26 921.72
957.18 949.80
951.54 932.58
956.54 962.16
930.45 946.16
958.08 950.42
951.60 945.57
936.97 965.58
560.98 925.72
0.00 950.14
0.00 941.63
0.00 944.39
0.48 934.50
0.00 970.00
0.00 946.50
0.00 933.64
0.00 331.47
143.29 127.86
632.44 938.69
0.00 226.00
638.30 667.37
936.11 920.84
956.97 935.09
956.30 960.21
961.76 992.63
970.49 969.06
980.02 979.56
962.11 964.98
957.95 972.58
958.56 943.59
945.58 947.21
949.58 950.94
957.49 931.56
980.56 953.30
971.10 938.82
963.66 945.09
960.09 934.71
965.96 250.52
389.75 221.36
318.70 939.81
0.00 132.03
0.00 0.00
0.00 0.00
479.67 421.73
950.75 570.94
968.96 0.00
692.05 0.00
212.59 301.50
0.00 0.00
0.00 0.00
0.00 0.00
0.00 0.00
48.40 0.49
0.00 0.00
218.58 200.70
299.48 577.49
0.00 0.00
0.00 0.00
0.00 0.00
0.00 0.00
0.38 0.42
196.09 195.69
955.04 943.01
955.62 945.51
950.03 916.26
943.71 940.75
959.38 921.03
963.89 944.06
618.72 954.99
498.55 933.06
868.00 929.50
369.58 970.51
48.00 964.02
854.46 939.51
802.12 928.43
276.50 902.04
967.59 0.00
969.00 0.00
962.33 0.00
962.67 122.97
966.15 947.97
972.07 223.43
816.21 0.00
0.00 0.00
0.00 0.00
0.00 0.00
56.99 0.39
0.00 0.00
470.84 879.77
0.00 935.97
0.00 940.97
0.00 319.50
0.00 0.00
48.43 0.00
497.20 445.97
983.10 936.12
933.83 954.06
943.20 930.60
936.69 926.31
965.12 173.85
962.15 0.00
972.53 0.00
962.03 542.00
963.13 931.12
984.66 924.62
960.56 676.95
980.54 0.00
961.24 0.00
960.93 0.00
955.19 0.00
963.62 0.00
958.22 716.49
973.76 566.32
940.43 0.00
944.59 0.00
947.50 0.00
119.17 448.86
0.00 939.94
269.36 957.59
0.00 942.00
0.00 944.21
0.00 957.89
625.60 931.50
955.98 980.30
974.00 952.02
969.25 951.58
969.59 944.19
976.38 973.50
952.16 932.15
950.09 943.23
946.19 946.50
963.65 937.52
973.59 971.59
971.19 949.13
935.04 931.63
402.63 941.39
53.00 941.59
969.79 949.13
0.15 930.70
0.00 948.85
0.00 919.74
0.00 925.28
10.42 940.72
0.00 947.15
603.03 927.49
940.72 924.67
974.58 939.17
952.61 935.99
962.98 931.51
198.91 935.16
0.00 714.29
0.00 0.00
0.00 689.10
4.14 340.92
239.66 314.72
947.37 912.90
958.51 942.47
962.57 916.73
949.04 936.11
952.89 923.47
936.59 946.57
931.00 939.46
968.26 938.15
667.79 949.71
0.00 932.64
260.39 942.00
0.00 924.23
0.00 929.41
796.64 961.65
961.89 947.97
977.99 917.29
345.44 944.59
596.22 936.63
113.81 940.24
0.00 964.00
0.00 952.54
0.00 265.38
59.40 0.00
0.00 0.00
0.00 0.00
371.08 353.99
148.30 388.44
848.92 810.11
936.25 913.83
950.79 901.38
337.05 503.06
0.00 0.00
311.20 262.25
977.60 925.75
952.02 935.28
938.54 956.47
941.27 957.71
950.64 963.25
958.08 976.16
962.78 969.86
972.51 938.84
953.82 937.42
943.90 912.05
955.80 933.93
946.12 937.00
962.59 951.30
964.77 931.00
965.16 964.16
952.79 944.06
966.08 953.15
957.07 920.06
979.58 438.64
939.90 205.87
938.89 935.01
691.57 144.44
0.00 0.00
136.47 93.86
950.62 902.94
916.86 947.01
950.09 932.07
955.86 918.94
945.06 908.53
974.47 962.85
957.08 927.01
938.37 901.28
935.42 929.37
929.72 832.95
956.14 23.50
964.47 747.66
305.37 0.00
477.47 464.89
920.04 936.84
968.30 928.95
724.59 749.70
0.00 0.00
770.00 514.24
0.00 0.00
0.00 0.00
0.00 0.00
0.00 0.00
0.40 0.00
0.00 0.00
0.00 0.00
301.82 315.13
938.55 905.01
976.70 842.08
957.42 0.00
959.55 0.00
945.24 0.00
954.01 0.00
389.94 212.14
943.49 908.73
953.35 939.77
953.20 948.10
946.10 961.73
958.63 943.70
938.81 946.48
955.51 954.50
948.01 893.70
971.27 935.00
960.99 925.34
953.86 938.05
954.07 936.82
968.88 936.50
965.98 919.74
950.02 929.70
951.00 936.06
971.56 942.09
966.72 301.11
957.55 513.56
950.51 0.00
948.62 0.00
956.50 894.17
930.99 935.91
968.15 222.49
700.96 21.00
498.66 949.56
0.00 55.42
365.90 355.80
933.71 936.51
951.35 939.44
959.76 924.57
949.50 933.88
964.38 954.25
957.47 929.49
950.16 935.01
932.25 946.29
972.94 939.72
960.51 931.02
902.64 958.54
263.90 942.10
0.00 943.66
0.00 949.75
0.00 981.54
0.00 911.23
0.41 949.84
0.00 913.10
0.00 933.50
345.13 945.21
926.71 934.83
951.92 932.52
939.88 954.23
944.43 952.59
949.02 911.29
940.80 922.87
959.00 927.28
948.01 914.62
959.65 926.05
958.81 942.58
944.01 923.59
970.86 937.26
947.08 951.06
979.54 931.74
958.62 948.54
967.27 957.00
799.85 916.16
0.00 304.54
0.00 0.00
0.00 0.00
791.36 763.98
490.76 518.35
0.00 0.00
0.00 0.00
126.89 173.87
874.55 963.32
0.00 926.45
433.70 397.62
879.67 380.03
0.00 0.00
0.00 0.00
0.00 0.00
0.00 0.00
500.87 525.69
0.00 233.77
865.13 763.43
956.59 867.83
957.25 627.95
344.33 401.02
0.00 440.55
0.00 0.00
221.61 249.74
959.26 943.10
966.74 963.26
933.46 922.97
942.18 955.04
947.48 913.87
943.09 923.85
962.90 926.93
959.61 940.66
958.71 930.97
963.15 942.46
966.60 942.53
948.69 907.39
939.91 936.05
946.78 218.55
970.52 0.00
973.00 166.21
959.51 818.04
957.20 196.10
970.00 298.74
953.68 0.00
957.70 0.00
971.50 0.00
951.28 0.00
961.75 62.39
480.30 0.00
0.00 0.00
0.00 0.00
0.00 0.00
528.08 514.25
0.00 0.00
0.00 0.00
0.00 0.00
360.91 350.12
950.87 903.72
963.91 931.32
964.51 918.82
969.56 933.47
938.00 955.51
955.08 947.96
954.24 922.57
937.41 923.09
0.00 969.21
0.00 952.88
891.60 934.50
133.94 946.46
162.25 967.97
953.77 938.50
972.58 964.76
975.66 920.28
24.96 929.17
670.60 970.01
359.43 936.91
0.00 934.54
0.00 939.11
0.00 950.42
0.43 933.63
0.00 969.69
0.00 932.84
39.07 936.00
188.11 942.51
0.00 927.51
0.00 938.50
0.00 928.69
0.00 928.78
231.31 944.78
839.99 944.32
0.00 928.28
78.49 939.56
974.21 904.25
232.95 933.98
0.00 946.19
0.00 940.62
0.00 937.36
0.00 935.00
0.00 928.63
46.00 943.04
422.15 971.29
0.00 972.25
0.00 962.72
478.65 953.06
976.44 914.23
958.64 978.48
948.60 956.10
290.29 929.12
0.00 937.50
0.00 921.84
0.00 927.04
0.04 942.63
0.33 939.62
769.20 952.57
0.00 949.56
0.00 236.61
0.00 0.00
0.00 0.00
547.19 0.00
950.86 0.45
951.00 176.86
926.45 333.83
968.66 0.00
941.72 0.00
969.27 0.00
989.61 0.00
439.28 3.35
0.00 0.00
0.00 0.00
181.94 174.70
591.89 572.46
0.00 0.00
0.00 0.00
0.00 0.00
0.00 0.00
795.80 23.44
965.46 0.00
971.62 0.00
959.03 0.00
886.02 460.72
0.00 0.00
18.52 25.03
932.77 938.32
952.11 919.87
932.03 959.24
955.98 965.00
940.87 950.14
952.74 954.24
960.63 917.11
951.00 963.88
972.06 944.05
917.12 920.04
954.24 945.65
953.82 950.99
953.50 257.38
954.26 0.00
963.61 467.36
945.41 926.98
955.50 967.48
959.24 723.11
958.09 505.07
966.54 0.00
957.60 0.00
974.50 0.00
957.63 0.00
963.37 15.44
960.00 0.00
980.27 0.00
973.42 0.00
923.71 722.41
694.40 941.91
930.28 901.92
929.91 521.99
944.64 0.00
948.94 0.00
972.50 150.91
954.61 605.66
967.04 0.00
950.97 0.00
954.08 102.37
939.50 958.24
974.01 943.57
945.96 589.58
943.56 252.25
977.48 0.00
597.68 0.00
0.00 0.00
0.00 0.00
0.00 0.00
19.00 0.00
755.57 238.02
0.00 0.00
0.00 0.00
603.37 629.21
943.05 918.77
951.54 954.46
596.67 610.21
481.12 815.48
0.00 211.92
0.00 0.00
0.00 0.00
397.14 270.71
951.15 931.94
969.10 944.11
966.68 948.48
966.94 937.88
957.20 968.54
961.18 956.10
953.90 967.77
966.06 971.64
939.61 60.94
946.65 772.26
958.00 0.00
956.32 0.00
953.29 0.00
949.50 0.00
966.05 283.43
947.13 928.19
982.50 961.49
958.80 946.52
976.57 943.14
967.02 938.50
962.87 950.70
972.20 202.73
908.65 64.18
673.17 912.12
0.00 50.81
0.00 0.00
708.21 703.12
966.39 930.65
961.06 909.03
938.94 944.27
965.57 970.52
971.68 936.67
983.49 924.80
980.47 932.30
960.43 945.97
950.07 937.99
947.00 958.00
545.81 936.63
0.00 934.61
0.00 938.56
0.00 945.33
707.73 937.82
963.98 944.58
487.20 928.13
692.55 944.54
0.00 932.44
0.00 955.50
0.00 933.41
0.00 936.48
0.43 936.50
0.00 947.60
0.00 950.59
0.00 944.50
0.00 939.76
0.00 970.87
0.00 947.08
0.00 935.44
0.00 943.55
0.00 941.40
920.87 954.39
983.59 922.15
154.48 923.85
516.80 942.16
0.00 936.85
0.00 921.04
0.00 943.01
0.00 920.53
0.00 972.82
0.00 935.23
869.01 937.39
175.50 944.00
0.00 943.95
284.97 889.48
947.26 929.66
948.73 928.52
951.03 915.71
971.30 979.54
976.18 931.23
946.85 922.55
172.76 940.28
0.00 933.64
0.00 933.81
0.00 935.18
243.23 944.20
526.35 921.04
669.54 927.68
959.19 948.60
433.88 934.73
0.00 941.20
0.00 932.55
0.00 932.55
787.39 918.76
249.89 164.99
0.00 0.00
0.00 0.00
0.00 0.00
0.00 14.46
0.00 0.00
0.00 0.00
487.54 0.00
285.38 0.00
99.34 0.44
972.12 0.00
968.01 0.00
978.00 0.00
964.19 0.00
644.96 518.36
0.00 0.00
0.00 0.00
0.00 0.00
0.00 0.00
0.39 0.00
0.00 0.00
0.00 0.00
0.00 0.00
0.00 0.00
776.36 0.00
0.00 0.00
639.41 471.74
959.16 564.57
946.48 0.00
968.28 0.00
965.39 712.02
969.88 0.00
979.39 0.00
956.92 0.00
981.22 0.00
949.64 64.98
963.50 0.00
944.59 657.93
949.50 942.89
945.40 945.55
964.51 972.00
977.25 585.13
964.86 0.00
127.19 0.00
0.00 0.00
0.00 0.00
0.00 0.00
514.13 936.32
0.00 75.92
0.00 0.00
0.00 0.00
0.00 0.00
0.39 14.44
0.00 0.00
0.00 0.00
0.00 0.00
712.17 687.05
974.71 974.57
972.03 391.01
946.14 0.00
989.00 0.00
980.55 0.00
57.16 0.00
0.00 0.45
0.00 0.00
15.59 6.00
943.13 767.85
61.36 0.00
0.00 0.00
0.00 0.00
206.17 182.83
953.86 943.13
957.88 937.97
935.58 968.15
962.82 909.90
951.26 948.64
938.42 937.31
968.48 941.33
966.00 938.18
966.31 944.13
962.01 949.93
951.04 938.08
968.29 953.02
968.23 952.50
951.50 111.10
951.97 792.77
971.07 926.14
960.96 947.88
959.22 944.81
959.50 937.65
958.62 952.50
952.67 959.62
962.65 487.59
972.91 0.00
938.00 633.26
807.66 956.64
945.46 922.94
975.76 927.71
943.80 924.49
927.95 930.71
955.01 934.81
938.33 933.38
943.12 945.57
966.66 938.01
955.01 942.38
944.63 781.98
981.98 0.00
988.11 671.33
965.02 121.94
971.08 0.00
977.50 0.00
940.17 0.00
844.17 563.95
936.04 923.78
959.28 866.77
960.02 487.67
191.56 0.00
0.00 0.00
0.00 0.00
0.00 0.00
0.38 0.00
451.82 433.35
319.04 342.99
350.23 362.78
963.29 948.94
712.06 939.91
0.00 941.63
0.00 917.56
256.89 350.70
699.11 809.96
927.70 927.63
937.64 926.17
950.97 948.14
964.09 970.18
964.68 928.27
928.39 922.94
943.61 928.75
943.54 935.29
955.11 956.50
953.53 937.59
927.23 940.25
742.51 960.44
0.00 938.93
0.00 933.50
0.00 951.84
0.00 956.78
53.25 932.96
966.96 959.59
940.38 930.68
980.03 937.18
956.18 947.00
0.06 966.83
0.00 954.77
0.00 948.47
0.00 932.50
68.11 950.94
449.30 920.81
0.00 952.50
0.00 949.23
0.00 929.04
0.00 920.71
942.58 948.91
971.40 481.75
955.50 0.00
955.50 107.96
944.00 410.33
367.95 0.00
0.00 0.00
828.66 838.95
949.22 929.89
952.60 930.65
937.42 917.21
986.44 954.27
953.40 938.41
950.95 940.29
945.15 920.56
954.88 954.34
940.12 917.09
962.76 935.32
952.93 943.77
963.90 941.73
959.70 939.67
971.54 927.41
961.98 940.06
937.75 940.87
964.60 938.61
954.20 927.50
951.40 920.01
939.14 941.75
962.50 965.77
942.86 924.50
954.41 920.92
770.32 950.72
929.07 946.64
960.54 921.53
930.39 940.95
967.44 922.07
938.68 933.01
959.95 949.06
966.84 939.01
943.73 936.46
958.19 933.92
945.04 90.48
960.39 0.00
955.46 268.12
961.54 0.00
264.87 0.00
0.00 0.00
0.00 0.00
0.00 0.00
828.50 874.83
184.59 933.37
0.00 937.59
0.00 972.00
0.00 947.36
0.00 933.23
19.99 946.23
0.00 638.46
71.43 94.90
414.04 679.25
0.00 0.00
0.00 0.00
0.00 0.00
0.00 0.00
29.43 0.00
0.00 0.00
0.00 0.00
0.00 0.00
514.10 513.15
944.38 928.66
937.96 931.96
447.27 955.28
0.00 924.06
0.00 113.64
0.00 0.00
360.53 292.48
953.09 934.21
942.61 952.46
941.05 953.38
956.54 954.87
948.27 911.17
975.15 974.65
951.39 945.59
960.08 911.78
974.95 945.78
983.69 216.84
953.17 0.00
982.50 0.00
961.54 0.00
947.61 0.00
974.56 7.39
961.21 0.00
973.93 594.66
953.16 930.26
959.50 928.07
956.59 961.50
966.17 969.38
962.63 232.32
96.71 0.00
286.33 256.99
447.04 519.26
0.00 0.00
0.00 0.00
0.00 0.00
0.00 0.00
45.36 0.00
852.84 628.46
948.01 921.50
954.70 927.27
93.53 940.48
0.00 184.54
0.00 0.00
0.00 0.00
0.39 0.00
836.17 685.74
960.21 947.91
941.04 943.42
931.62 942.08
963.35 919.94
938.00 947.08
974.63 951.21
932.97 923.98
963.54 941.72
933.68 945.90
967.50 976.00
974.26 978.42
981.27 430.47
960.50 0.00
961.06 0.00
924.16 471.69
958.00 945.37
956.76 955.60
957.27 973.99
959.50 954.17
976.08 62.61
942.17 0.00
966.70 0.00
953.24 0.00
939.24 779.97
883.66 0.00
0.00 0.00
871.62 835.62
947.66 923.25
978.02 926.65
952.76 926.42
979.90 916.41
973.93 953.11
950.07 937.52
940.94 941.69
941.85 962.88
961.11 944.23
947.09 947.27
954.46 953.40
978.99 957.62
715.07 958.20
0.00 939.50
263.90 937.12
0.00 937.06
0.00 935.52
0.00 944.32
0.00 930.44
0.43 928.34
0.00 945.70
0.00 945.52
0.00 946.45
460.10 958.00
0.00 941.55
0.00 948.06
0.00 971.50
0.00 928.88
53.35 945.59
0.00 976.46
0.00 88.34
746.77 733.29
935.17 950.23
941.49 915.98
957.50 928.68
956.68 913.64
959.73 932.85
952.28 926.23
963.38 952.79
961.96 930.73
980.17 950.50
974.90 937.56
943.58 957.15
954.10 972.50
961.90 964.21
965.40 940.68
974.07 940.10
950.46 933.25
976.15 942.60
971.94 949.34
957.83 933.94
959.61 657.14
966.51 0.00
946.50 730.18
968.23 558.71
952.98 0.00
930.73 0.00
949.95 0.00
562.14 623.69
941.31 919.50
962.99 932.04
975.44 915.05
950.37 961.07
930.93 927.85
960.37 961.08
142.65 963.88
450.94 954.50
3.72 915.65
0.00 958.75
0.00 948.50
0.00 959.66
62.39 960.09
0.00 947.54
0.00 958.81
257.04 939.55
0.00 944.50
727.38 958.62
963.98 937.86
371.88 921.00
0.00 742.96
0.00 0.00
0.00 0.00
0.00 0.00
517.26 198.03
0.00 0.00
0.00 0.00
0.00 0.00
0.00 0.00
0.37 59.38
0.00 0.00
553.77 517.30
956.95 887.55
953.62 917.87
356.36 920.10
0.00 920.68
0.00 464.06
0.00 0.00
62.03 49.54
850.75 674.92
928.22 942.39
951.94 948.48
963.86 927.20
964.21 950.62
947.44 943.86
943.44 912.82
342.81 930.26
0.00 932.10
0.00 939.01
0.00 931.00
304.08 953.60
967.50 978.93
970.50 876.47
955.48 621.57
955.04 487.71
943.16 956.78
962.16 896.98
811.58 868.96
576.83 932.01
0.00 899.61
0.00 159.00
0.00 260.25
0.00 767.51
3.86 676.50
479.00 374.67
300.85 931.35
351.85 930.00
970.27 926.87
921.99 946.62
967.59 938.53
968.74 946.93
943.33 963.82
0.00 956.43
0.00 965.75
662.74 939.15
944.62 941.52
958.98 970.92
972.24 976.82
957.30 929.45
955.95 941.61
950.73 928.21
961.12 0.00
963.72 0.00
962.56 141.39
957.50 636.96
962.41 0.00
967.29 0.00
978.50 254.90
943.62 963.33
973.87 843.13
958.27 60.77
954.30 716.86
965.30 0.00
970.50 0.00
944.25 0.00
968.35 0.00
979.12 0.00
977.17 0.00
957.11 0.00
963.50 0.00
944.24 897.66
255.84 385.47
0.00 0.00
0.00 0.00
59.51 37.50
946.18 890.07
950.96 930.33
948.65 959.63
967.36 909.32
925.72 947.03
939.81 981.03
949.43 961.29
947.80 925.88
957.30 419.76
957.00 517.01
936.80 0.00
979.88 0.00
960.71 659.61
971.05 944.96
956.79 449.48
971.65 0.00
962.01 793.24
974.27 744.93
963.88 0.00
952.82 0.00
961.93 0.00
988.50 0.00
954.76 0.52
940.86 0.00
958.09 0.00
947.76 0.00
962.50 459.99
952.92 0.00
943.99 0.00
969.54 472.43
941.14 929.39
968.61 704.57
956.83 0.00
968.84 271.74
961.26 763.40
955.35 0.00
866.54 279.67
933.81 903.05
942.52 943.90
908.49 931.08
921.29 919.78
931.18 921.85
947.72 919.89
942.95 800.17
0.00 841.08
0.00 838.37
0.00 152.02
76.08 961.54
184.67 702.10
0.00 32.00
0.00 352.55
0.00 937.76
0.00 413.00
0.00 648.75
0.00 931.62
0.00 951.50
25.52 950.50
941.63 914.04
58.41 927.62
290.68 943.20
932.40 951.20
975.50 954.05
879.60 952.17
0.00 942.00
714.09 938.73
0.00 939.44
0.00 950.43
0.00 934.50
0.00 940.70
61.38 946.56
533.57 935.81
235.84 944.82
0.00 959.40
0.00 938.70
668.66 804.58
939.93 938.51
949.38 925.78
964.93 938.32
944.31 949.56
979.10 925.08
957.91 955.07
562.55 930.46
0.00 952.54
0.00 666.50
0.00 366.79
882.71 927.47
952.87 929.01
962.50 845.66
970.06 870.70
597.04 110.50
0.00 89.08
0.00 946.47
0.00 668.00
693.25 387.00
80.41 934.19
0.00 15.10
0.00 0.00
0.00 0.00
0.37 0.00
0.00 0.00
83.36 33.52
971.49 948.04
972.84 272.26
949.63 0.00
962.16 0.00
958.32 0.00
963.56 0.00
949.39 41.56
976.00 722.67
942.88 51.91
0.00 0.00
0.00 0.00
0.00 0.00
0.00 0.38
309.17 253.62
938.93 909.88
935.34 928.61
936.13 931.00
969.33 930.79
944.69 931.86
950.20 947.78
949.80 919.17
965.02 954.02
959.00 931.65
957.62 937.27
954.30 933.12
990.34 924.02
989.53 948.00
975.13 964.16
972.92 913.43
950.93 951.19
964.77 934.07
919.90 555.10
985.56 487.50
964.71 526.07
950.25 0.00
965.51 0.00
954.54 293.39
967.19 485.10
37.98 0.00
0.00 0.00
0.00 0.00
0.00 0.00
0.42 0.00
81.86 68.44
944.21 944.80
950.80 929.86
963.74 933.63
933.26 736.82
0.00 0.00
0.00 0.00
0.00 0.00
0.00 0.00
466.71 0.38
671.87 341.77
930.10 933.30
948.76 908.26
961.91 954.38
952.84 944.78
923.69 941.63
944.11 944.54
960.66 940.12
946.96 944.93
980.66 922.25
955.42 932.30
961.88 931.07
945.00 908.39
588.10 944.99
493.81 955.42
943.51 934.91
623.35 937.62
0.00 932.49
0.00 977.17
0.00 218.58
114.91 0.00
398.56 0.00
0.00 4.02
0.00 0.00
0.00 0.00
0.00 0.00
3.94 0.00
841.50 831.99
948.50 911.22
937.34 936.72
948.95 952.25
950.55 943.36
954.07 938.79
956.41 898.04
953.41 207.50
977.95 895.53
974.26 853.99
964.83 761.77
962.42 945.04
965.00 926.50
950.25 275.64
970.76 0.00
968.03 0.00
952.75 0.00
949.79 263.62
974.00 250.38
945.50 0.00
976.18 0.00
969.40 0.00
952.40 3.95
962.14 0.00
702.41 0.00
329.05 347.11
946.43 930.15
948.82 961.29
928.81 791.35
941.65 61.42
962.00 0.25
959.00 0.00
959.75 0.00
945.06 60.40
952.19 934.24
955.05 2.79
965.62 227.34
974.00 945.30
968.62 945.46
958.29 954.63
984.50 31.46
967.47 0.00
947.25 0.00
99.21 0.00
0.00 0.45
0.00 0.00
0.00 0.00
0.41 0.00
870.81 514.30
160.42 0.00
0.00 0.00
116.47 119.00
949.44 917.79
944.21 958.54
955.68 957.47
369.93 953.39
0.00 949.22
0.00 964.51
224.21 948.90
943.82 926.23
951.84 931.50
917.80 940.64
942.41 958.22
967.48 966.85
990.85 922.86
950.73 950.04
952.56 922.30
967.00 950.93
965.72 933.50
527.17 941.34
0.00 931.71
0.00 922.08
0.00 937.72
0.00 945.95
3.94 957.03
0.00 954.00
0.00 936.81
0.00 953.56
702.62 954.00
987.01 944.72
966.49 943.92
957.62 962.43
237.06 950.87
0.00 945.50
0.00 939.89
0.00 245.96
514.57 539.85
622.04 842.52
959.87 940.73
942.45 933.24
964.19 924.98
933.19 960.61
939.14 954.24
930.93 930.21
972.94 936.37
960.06 940.93
962.39 945.19
949.13 944.04
957.77 946.94
931.50 943.32
949.61 926.82
963.76 965.98
966.22 948.55
952.50 945.12
994.74 967.94
957.11 938.53
959.15 682.26
964.75 480.18
945.86 0.00
836.64 99.92
941.67 692.89
934.77 951.83
964.51 488.51
949.43 596.59
939.82 954.20
953.34 933.50
945.75 939.63
977.81 916.96
974.91 96.94
964.48 769.88
950.65 0.00
958.58 65.49
954.63 940.14
950.05 921.98
957.91 947.16
973.00 610.62
949.04 97.99
954.95 0.00
967.50 0.00
962.03 0.00
948.01 15.99
960.22 0.00
951.88 0.00
954.62 339.78
967.44 689.29
950.39 0.00
973.65 818.59
949.50 948.97
954.69 938.56
947.85 935.73
965.32 944.50
957.54 940.81
506.46 369.00
719.30 712.52
933.02 929.31
942.98 927.63
937.01 927.27
961.22 927.28
964.59 838.41
960.49 213.05
980.67 935.15
965.18 584.50
976.50 32.50
957.81 487.72
938.14 942.11
974.04 876.06
946.58 931.66
938.63 953.63
960.14 938.07
950.09 940.70
948.58 954.91
941.31 958.50
968.61 697.75
641.99 338.50
0.00 927.19
0.00 467.00
0.00 32.50
0.43 612.66
0.00 907.00
728.11 188.31
41.26 919.53
0.00 938.50
154.76 937.70
962.91 946.48
928.94 931.11
949.19 928.96
942.22 953.65
963.15 952.00
933.69 926.90
946.07 947.85
954.88 937.07
945.97 926.33
963.83 954.02
952.36 938.04
465.36 943.08
522.47 938.02
951.03 942.05
953.58 922.00
698.58 659.48
952.77 944.05
43.83 278.37
0.00 0.00
0.00 0.00
0.00 0.00
0.49 0.41
0.00 0.00
0.00 564.85
108.49 623.39
888.46 932.50
0.00 944.61
711.97 931.21
953.33 765.49
956.51 253.00
949.08 933.93
942.99 965.68
973.00 729.00
958.03 32.50
971.18 361.28
969.50 914.22
960.23 432.15
962.50 658.50
937.49 946.61
970.58 939.89
956.04 939.12
976.86 939.23
989.17 957.70
978.50 955.00
973.82 966.54
994.40 928.47
418.60 953.23
260.28 935.38
957.41 927.13
917.87 928.00
982.52 970.08
918.91 916.00
620.63 960.00
206.89 947.78
0.00 938.77
0.00 314.48
233.48 228.71
909.60 922.17
930.67 908.41
936.52 942.71
949.84 927.46
962.87 925.70
925.84 940.16
947.95 973.42
957.28 935.59
751.97 927.57
528.22 956.75
510.42 950.67
0.00 931.50
0.00 961.96
0.00 940.15
0.00 957.79
0.42 942.67
545.97 932.48
948.13 972.50
931.29 934.78
400.41 500.09
0.00 563.91
0.00 941.20
0.00 922.50
57.04 729.39
949.46 231.86
536.87 212.65
0.00 946.67
0.00 629.00
0.00 388.71
0.42 950.73
0.00 947.50
0.00 954.87
0.00 931.43
209.55 934.16
712.58 937.36
964.26 929.12
942.87 935.45
540.04 936.63
0.00 921.70
276.57 911.88
706.19 263.04
0.00 826.53
0.00 944.43
932.77 842.67
940.38 266.64
988.50 50.00
967.14 918.61
980.00 738.48
120.20 353.00
0.00 958.69
0.00 967.57
3.90 941.50
0.00 940.64
0.00 952.98
0.00 951.72
638.17 954.43
392.69 357.59
0.00 0.00
0.00 0.00
118.46 40.02
967.39 906.48
949.43 85.87
970.02 342.76
946.50 432.55
680.84 0.00
0.00 0.00
0.00 0.00
0.00 0.00
0.00 0.42
125.77 87.89
950.71 137.16
721.99 0.00
528.90 528.25
960.12 950.42
958.07 787.10
945.98 933.01
949.81 946.76
951.78 911.45
968.95 928.29
951.54 952.50
964.09 974.45
963.62 947.61
949.58 942.68
966.60 958.50
952.26 948.79
956.99 927.75
953.08 943.21
949.50 918.34
962.19 239.54
961.50 819.54
963.50 328.71
944.94 32.00
0.00 768.00
0.00 885.44
0.00 725.70
682.66 451.36
966.82 961.73
959.57 948.04
977.16 955.07
956.10 920.68
951.00 321.05
956.26 0.00
735.45 0.00
0.00 0.00
0.00 4.01
194.73 126.76
935.06 130.71
152.81 0.00
369.54 431.53
652.79 918.10
0.00 957.66
0.00 768.60
47.54 28.51
952.70 940.88
954.40 926.81
963.61 947.98
957.05 942.69
926.95 944.01
940.90 928.44
947.08 915.74
940.60 940.29
983.31 914.73
964.70 937.77
954.37 943.13
980.01 958.00
958.87 916.26
973.50 944.75
987.65 943.00
945.50 944.77
970.89 918.65
953.54 928.12
969.07 931.97
966.69 929.19
943.00 939.65
947.92 936.81
947.91 961.07
949.69 963.49
992.46 951.04
960.50 948.67
975.27 920.62
734.98 931.20
697.16 938.20
940.84 941.63
950.97 929.36
943.40 930.61
964.42 942.60
954.40 932.55
948.04 943.05
820.37 945.58
0.00 955.61
0.00 134.38
513.68 718.94
610.95 665.51
403.80 938.41
0.00 953.05
0.00 944.00
0.00 658.36
0.00 0.00
284.15 924.04
0.00 358.43
0.00 0.00
0.00 0.00
0.00 0.00
0.41 0.39
0.00 0.00
0.00 0.00
0.00 0.00
0.00 0.00
168.14 162.28
347.05 612.71
881.93 852.12
967.03 944.30
955.48 936.73
305.58 358.23
0.00 0.00
563.30 483.45
955.53 947.69
941.74 934.32
969.41 931.12
959.60 946.72
937.49 953.47
956.09 978.90
947.51 908.75
960.09 918.00
969.78 871.52
970.30 253.47
967.89 44.00
960.76 707.83
951.36 315.00
947.10 925.75
955.53 954.71
283.99 917.47
0.00 957.50
0.00 934.13
0.00 962.76
228.79 955.00
964.90 964.61
343.97 926.44
0.00 942.74
250.21 923.44
922.28 946.95
981.39 940.41
920.67 942.24
929.20 935.77
938.03 926.24
940.52 939.70
943.25 941.62
955.35 933.90
951.86 965.93
946.92 923.58
944.00 947.00
971.09 923.04
938.71 910.19
960.66 937.00
949.76 927.18
960.75 940.60
948.00 948.00
951.67 928.29
986.64 598.14
952.76 0.00
954.15 0.00
959.23 0.00
961.08 0.46
952.79 0.00
956.03 870.15
969.52 932.72
962.21 957.64
974.30 329.02
950.23 0.00
947.47 0.00
931.54 93.05
937.80 957.57
926.65 939.24
950.49 930.79
953.60 931.94
952.15 925.35
964.17 944.88
963.93 929.41
51.34 940.96
0.00 935.64
0.00 924.10
285.22 939.46
484.23 947.50
0.00 924.75
0.00 945.81
0.00 935.00
0.00 954.14
728.98 961.55
953.64 941.19
376.43 949.61
776.68 948.56
0.00 934.58
0.00 957.29
0.00 952.49
0.00 938.64
5.66 655.67
0.00 0.00
0.00 0.00
0.00 0.00
879.41 773.87
154.36 0.00
277.41 0.00
943.86 0.00
981.97 0.00
942.71 0.44
959.45 0.00
8.18 0.00
0.00 0.00
0.00 0.00
873.25 920.54
960.29 970.47
965.22 951.18
950.81 942.08
946.10 936.74
944.70 948.47
972.03 965.84
32.44 919.52
0.00 949.79
0.00 939.00
0.00 950.83
51.47 944.20
524.48 929.56
500.89 947.75
0.00 918.75
0.00 947.77
0.00 950.61
1.26 935.16
0.00 958.13
599.50 934.11
946.46 940.76
962.35 939.56
955.02 943.92
964.19 938.54
195.02 939.63
0.00 955.84
217.66 940.98
812.80 935.34
0.00 940.00
0.00 934.87
0.00 448.46
749.72 671.14
954.64 311.81
976.00 0.00
974.15 0.00
955.71 257.15
978.50 0.00
934.20 0.00
958.98 0.00
967.71 0.00
964.56 64.62
960.69 0.00
953.04 0.00
935.09 0.00
976.18 845.70
982.69 950.66
957.16 914.37
967.22 131.09
968.71 0.00
960.50 0.00
954.58 0.00
980.35 0.39
975.14 498.61
963.48 270.91
947.65 0.00
964.30 0.00
966.09 0.00
954.00 0.00
970.47 0.00
952.58 0.00
946.06 880.74
971.59 937.42
943.02 949.47
980.46 934.00
961.50 949.65
966.57 932.29
951.83 892.68
954.39 938.12
943.65 948.68
958.83 936.40
960.15 929.76
944.71 940.24
964.26 948.01
953.03 951.06
948.67 948.19
936.91 945.65
973.02 937.57
947.86 960.11
963.25 952.28
952.70 402.79
945.28 0.00
966.14 903.66
962.80 125.88
945.13 0.00
947.84 405.00
943.81 626.99
937.83 0.00
937.98 0.00
942.72 0.00
943.31 0.00
917.05 524.44
473.51 195.25
0.00 930.76
0.00 956.47
0.00 940.54
0.47 933.27
517.04 954.19
0.00 915.49
0.00 928.00
0.00 949.62
0.00 921.21
0.00 941.62
0.00 938.27
0.00 923.01
0.00 939.21
0.00 957.61
0.36 921.67
0.00 947.17
0.00 916.99
0.00 951.52
773.44 958.17
0.00 949.70
0.00 503.71
488.22 397.85
933.14 642.99
964.62 0.00
947.46 0.00
770.66 0.00
49.30 25.52
967.07 497.13
14.93 0.00
755.34 651.34
960.68 917.60
947.62 950.64
943.40 915.93
952.00 939.61
961.28 928.25
962.51 931.68
965.87 598.02
961.98 428.82
940.95 719.63
975.00 32.50
969.42 344.29
954.15 934.57
964.54 426.50
950.65 562.11
962.63 864.62
965.08 936.06
954.79 917.49
979.00 942.50
956.07 942.14
944.10 19.69
956.73 0.00
935.61 0.00
949.36 0.00
959.69 0.00
966.62 201.31
946.58 569.31
780.52 236.05
923.30 969.46
959.13 937.70
945.12 947.03
958.11 938.62
967.03 951.52
946.08 943.02
935.49 917.52
973.43 923.13
932.64 928.87
954.17 949.49
938.93 898.05
961.32 897.46
967.39 911.50
985.73 922.62
963.45 927.38
977.69 941.07
964.25 932.26
962.73 860.14
237.02 0.00
0.00 0.00
0.00 0.00
0.00 0.00
280.16 237.37
295.39 938.28
0.00 115.87
529.33 613.16
957.90 941.85
966.17 945.98
970.01 924.71
933.85 937.09
966.26 947.17
847.10 972.31
0.00 910.89
0.00 912.49
226.63 930.50
30.33 932.88
0.00 948.68
0.00 938.06
609.71 930.45
954.83 944.92
935.97 926.69
592.54 958.66
137.38 963.61
376.03 931.36
0.00 918.45
0.00 938.07
0.00 915.49
0.00 950.52
0.00 946.20
0.00 959.65
0.00 945.38
0.00 921.52
150.12 956.46
955.83 955.80
961.68 922.50
963.82 938.34
60.97 952.16
0.00 939.13
0.00 940.97
48.02 945.82
943.97 941.47
972.58 946.55
951.36 931.86
938.14 529.86
955.55 0.00
939.68 0.00
952.53 0.00
936.49 0.46
955.50 0.00
887.64 0.00
608.30 253.42
677.86 0.00
912.70 867.87
952.59 166.86
953.36 0.00
959.50 0.00
324.64 0.00
0.00 0.00
0.00 0.41
0.39 0.00
513.84 517.45
0.00 0.00
0.00 0.00
0.00 0.00
0.00 0.00
0.43 0.40
0.00 0.00
513.70 456.12
939.54 553.84
961.46 720.72
415.35 582.22
0.00 0.00
0.00 0.00
0.00 0.00
183.73 239.90
936.73 967.43
961.47 928.37
944.78 930.18
978.54 937.59
926.66 941.96
947.37 950.43
933.09 926.65
950.50 917.66
945.77 944.22
951.56 968.09
931.94 940.25
267.17 932.47
0.00 937.38
0.00 933.00
0.00 938.69
0.00 930.06
264.24 924.75
770.34 933.87
948.12 940.52
961.45 947.50
957.00 929.09
967.83 956.79
537.03 953.66
0.00 966.08
513.48 958.72
684.35 904.45
922.57 940.07
955.58 955.07
964.18 965.17
944.10 931.96
947.55 932.08
967.11 933.14
988.02 943.58
952.68 946.00
959.46 928.35
964.41 948.51
960.53 932.05
853.96 933.15
0.00 426.41
0.00 0.00
108.81 115.99
924.43 931.25
969.50 941.20
944.75 935.40
657.03 937.12
0.00 0.00
0.00 0.00
0.00 0.00
0.00 0.00
365.03 376.91
409.40 130.80
0.00 0.00
0.00 0.00
0.00 0.00
0.00 0.00
0.39 7.44
315.78 284.30
947.26 970.06
957.83 933.25
953.39 950.45
936.11 941.60
0.00 239.19
762.51 779.99
958.43 941.02
958.54 937.21
940.40 902.67
926.24 938.53
941.98 907.69
961.65 934.58
963.70 955.48
950.98 930.56
938.09 943.32
944.91 945.57
965.69 938.26
948.00 947.57
954.39 942.90
966.71 977.25
583.89 948.57
319.24 926.14
140.84 928.85
0.00 940.93
0.00 941.36
745.74 940.63
927.79 923.52
434.03 948.73
0.00 933.38
0.00 929.47
0.00 539.08
0.00 482.87
778.45 904.86
0.00 718.53
0.00 537.61
851.14 557.41
959.92 923.28
957.90 485.50
969.61 580.73
946.70 942.19
953.19 936.48
944.37 932.11
960.50 926.06
950.17 933.64
960.81 961.00
948.52 925.26
948.86 951.00
949.08 949.51
953.00 961.10
947.54 966.02
961.15 950.61
950.64 541.14
961.58 148.78
950.83 167.90
972.59 942.03
962.50 933.00
954.64 958.11
961.67 119.57
957.29 0.00
953.23 555.43
938.07 941.87
944.30 934.24
967.07 928.86
947.50 931.45
947.51 934.11
956.74 948.91
958.08 939.63
964.14 946.55
965.12 954.04
970.00 930.16
956.64 576.20
970.85 0.00
962.30 0.00
970.40 0.00
953.80 0.00
963.30 517.24
973.00 0.00
969.05 0.00
949.84 0.00
947.15 0.00
973.20 0.44
944.70 766.36
937.08 909.78
942.86 594.51
961.28 407.59
962.69 971.58
961.62 150.44
621.13 0.00
63.17 106.53
894.87 643.77
944.74 922.23
953.21 953.70
968.59 928.54
945.14 829.26
973.35 411.50
933.79 721.43
943.13 883.04
960.73 136.50
952.33 59.54
966.03 838.17
303.92 422.96
550.95 384.54
965.55 645.15
949.98 405.04
965.73 950.72
972.79 949.47
216.72 968.52
0.00 931.48
0.00 946.72
0.00 952.79
388.22 888.90
364.08 220.00
0.00 740.16
0.00 35.00
0.00 53.77
0.00 888.56
22.45 197.54
0.00 270.67
0.00 38.00
167.29 516.06
963.49 319.53
959.53 702.48
954.25 714.66
955.01 826.50
949.81 933.18
954.02 958.46
961.97 927.00
975.50 942.08
949.17 941.19
956.88 924.92
973.96 940.93
951.37 950.01
959.16 959.50
955.06 956.34
961.20 938.67
961.00 958.57
955.57 939.03
954.12 947.13
982.00 940.00
961.14 629.07
589.71 158.39
958.99 928.30
952.80 911.54
963.68 121.20
980.28 622.77
938.21 30.09
943.84 416.16
968.50 170.33
965.70 917.50
968.44 920.60
961.69 884.48
956.07 176.00
947.96 31.75
951.50 908.43
958.70 883.50
959.03 465.00
949.20 670.75
383.99 956.99
0.00 964.50
0.00 932.29
0.00 765.86
224.39 145.23
943.96 946.30
953.58 944.96
972.37 921.90
940.99 918.90
959.79 935.43
948.09 953.71
3.69 941.65
0.00 943.46
0.00 932.51
0.00 947.12
938.04 916.88
944.03 943.76
948.59 935.60
0.00 927.01
0.00 950.61
0.00 942.50
0.00 929.69
0.38 917.77
0.00 944.44
0.00 936.36
736.86 926.50
0.00 955.72
0.00 959.67
0.00 946.08
437.37 970.67
951.32 928.24
954.86 939.08
938.68 933.32
963.88 946.16
979.32 935.62
929.89 935.93
949.02 937.10
943.95 938.04
945.64 890.48
970.43 953.58
967.61 925.51
966.00 932.58
962.71 930.10
984.31 955.61
962.46 487.62
961.27 0.00
972.38 0.00
956.00 0.00
960.84 0.00
949.66 0.41
951.59 173.20
955.61 20.84
962.62 63.42
955.60 386.71
974.84 932.82
939.94 964.90
963.97 791.16
944.72 0.00
959.15 0.00
964.24 0.00
960.51 886.26
964.10 140.91
221.31 616.20
0.00 951.08
0.00 930.09
49.05 932.21
948.97 922.97
949.43 970.85
908.92 969.10
960.99 927.00
286.54 956.64
0.00 926.50
0.00 959.74
772.84 926.59
0.00 972.71
0.00 927.89
0.00 940.23
0.00 929.65
0.00 936.27
0.00 939.90
0.00 934.41
0.00 630.13
0.00 0.00
495.43 523.00
958.28 924.07
593.97 924.80
0.00 867.59
0.00 575.09
0.00 564.04
0.00 920.65
35.38 94.65
0.00 0.00
0.00 0.00
193.70 158.37
580.45 355.94
0.00 0.00
0.00 0.00
0.00 0.00
572.18 637.75
409.85 949.23
0.00 916.96
0.00 573.16
777.31 739.10
952.85 577.81
932.87 929.98
899.07 782.06
959.94 32.50
940.29 313.79
0.00 955.83
0.00 912.67
909.49 189.37
948.92 912.70
966.25 967.00
963.32 950.44
968.33 940.10
970.28 958.38
431.46 943.69
0.00 961.37
0.00 948.98
0.00 955.50
0.42 945.21
0.00 947.47
0.00 948.78
0.00 950.97
0.00 952.71
0.00 934.65
0.00 932.23
488.60 925.38
942.49 960.07
955.54 930.48
944.34 927.27
254.68 976.10
0.00 977.72
0.00 926.15
0.00 944.87
1.39 947.07
783.55 921.24
247.55 942.37
185.23 729.42
952.64 938.99
953.09 832.25
954.17 670.28
958.71 478.92
937.27 944.42
967.32 361.98
967.05 0.00
962.59 0.00
955.59 0.00
957.20 0.38
980.59 0.00
955.12 0.00
960.67 0.00
952.38 0.00
957.74 0.00
968.68 0.00
979.82 0.00
958.19 114.35
959.10 912.32
949.01 505.96
971.08 274.33
970.01 0.00
947.26 0.00
954.03 0.00
953.17 0.00
950.61 0.38
957.24 0.00
943.09 231.92
948.76 0.00
959.29 0.00
962.38 807.22
947.75 228.77
964.75 0.00
970.63 0.00
954.65 519.90
969.78 954.42
943.72 926.96
0.00 951.04
0.00 934.70
0.00 925.67
0.00 958.97
478.71 942.65
0.00 941.50
0.00 953.84
0.00 944.94
0.00 962.58
41.70 940.29
0.00 970.42
0.00 951.90
0.00 929.11
0.00 965.53
0.42 745.09
0.00 0.00
0.00 0.00
706.82 804.85
943.54 921.67
956.74 961.96
940.01 958.07
54.55 212.41
0.00 0.00
0.00 0.00
651.40 692.95
934.55 927.50
945.58 929.82
943.31 927.01
945.26 951.18
945.50 938.04
982.40 949.68
955.31 938.92
932.60 917.20
968.75 940.06
944.46 930.97
966.34 942.21
979.11 940.07
963.98 936.87
962.50 939.00
966.63 943.11
954.00 946.60
228.15 935.32
0.00 933.95
660.29 930.02
959.36 956.21
939.50 956.91
942.61 936.45
973.65 945.60
962.07 407.05
202.39 591.62
0.00 442.06
0.00 324.66
660.64 754.57
937.43 895.07
452.98 177.85
0.00 956.69
138.78 965.45
858.23 987.44
0.00 957.43
364.82 545.08
938.11 912.47
938.57 921.27
963.62 963.34
952.49 936.09
965.64 77.88
974.84 694.21
963.26 934.27
962.35 712.71
979.77 0.00
947.76 0.00
951.19 0.00
952.87 0.00
971.25 3.93
952.59 0.00
950.39 0.00
962.59 0.00
973.77 568.67
954.53 461.78
980.00 0.00
972.10 0.00
962.46 0.00
960.32 0.00
935.50 797.22
953.00 230.83
964.58 0.00
964.73 0.00
957.09 0.00
955.89 821.18
519.54 720.95
0.00 816.33
0.00 943.47
0.00 948.71
551.44 939.88
952.81 939.35
982.52 930.00
968.67 951.13
140.57 959.49
0.00 947.13
0.00 943.12
0.00 683.96
1.25 0.00
0.00 0.00
816.18 845.87
212.93 183.42
0.00 0.00
0.00 0.00
0.00 0.00
865.63 901.14
162.30 939.38
0.00 939.73
44.00 945.44
737.29 962.00
0.00 953.77
0.00 952.07
0.00 941.23
0.00 155.94
0.39 0.00
0.00 0.00
0.00 0.00
0.00 0.40
770.54 985.64
0.00 44.97
280.16 296.34
960.95 946.66
967.48 962.45
978.72 898.01
970.20 0.00
934.79 852.90
957.76 968.25
976.03 909.64
957.57 946.87
977.63 950.07
978.63 945.20
969.85 957.83
950.07 963.96
967.18 937.70
980.22 926.38
951.02 941.27
973.58 942.03
973.22 947.38
966.11 957.50
971.50 935.36
957.77 936.07
958.50 947.50
734.22 924.37
0.00 933.58
799.94 897.75
719.14 331.47
951.77 728.57
956.96 933.79
960.63 931.62
740.13 287.47
0.00 32.00
0.00 796.63
517.60 872.57
969.48 587.50
598.09 526.69
970.21 945.13
952.49 966.64
968.19 949.07
962.86 942.39
942.74 940.35
909.74 940.60
951.92 959.72
978.12 939.05
975.65 950.50
974.14 949.75
955.40 965.70
970.53 940.40
974.13 932.51
938.42 946.22
942.57 938.50
962.19 942.06
562.19 936.11
0.00 438.08
0.00 0.00
0.00 0.00
525.04 460.88
470.91 0.00
0.00 0.00
0.00 0.00
0.00 0.00
34.39 57.39
0.00 0.00
0.00 0.00
0.00 0.00
0.00 0.00
909.19 927.12
942.19 952.59
407.40 940.80
0.00 921.62
0.00 116.64
0.00 0.00
0.00 0.00
56.37 0.00
0.00 0.00
0.00 0.00
0.00 0.00
316.58 281.74
714.77 184.07
444.52 416.12
938.55 922.57
938.14 943.65
955.08 935.13
960.44 952.65
959.61 924.96
959.67 113.92
958.96 0.00
980.00 0.00
973.48 265.30
426.64 767.90
0.00 0.00
771.65 744.20
969.03 951.44
980.04 335.08
361.07 0.00
0.00 0.00
0.00 0.00
0.00 27.17
459.13 245.62
321.86 0.00
0.00 0.00
0.00 0.00
0.00 0.00
713.68 734.35
955.79 936.65
389.90 973.09
204.61 969.15
0.00 953.46
0.00 69.07
573.68 535.65
976.23 919.53
943.30 943.66
959.97 961.39
946.71 944.23
946.86 908.34
956.52 292.80
958.05 769.10
967.08 894.47
964.09 162.58
961.65 930.03
952.98 954.06
974.06 942.94
953.07 959.00
979.62 933.58
959.50 965.00
728.18 826.36
0.00 0.00
0.00 0.00
0.00 0.00
861.21 456.59
379.40 0.00
0.00 0.00
0.00 0.00
818.84 783.55
958.94 957.81
332.46 939.74
788.49 946.99
948.24 934.21
961.00 921.23
961.54 948.06
960.58 939.96
966.39 939.61
961.00 939.23
946.87 972.00
976.00 952.60
762.70 952.47
889.90 958.66
951.40 929.49
959.16 933.62
275.36 951.13
0.00 948.00
0.00 946.69
0.00 964.00
0.00 934.84
0.00 931.50
0.00 957.30
0.00 956.18
0.00 592.73
0.39 0.00
421.98 399.56
353.66 114.81
960.88 943.16
951.16 938.62
163.35 946.02
0.00 265.07
815.00 817.89
948.90 935.02
945.71 944.14
953.24 936.28
940.69 931.02
948.87 920.42
974.10 922.64
953.29 938.30
956.62 544.34
972.72 478.22
968.05 923.41
965.03 333.40
989.01 32.58
953.24 756.54
953.91 872.58
896.55 187.58
761.68 943.15
303.16 941.37
961.85 954.21
807.62 958.00
0.00 943.91
0.00 951.49
0.00 543.26
176.34 194.31
937.34 964.65
926.97 945.01
945.34 952.73
945.79 944.46
925.10 948.51
944.10 942.77
977.96 954.78
963.31 933.07
978.84 952.68
953.15 978.86
963.94 951.37
955.65 959.75
989.39 938.00
250.06 930.31
0.00 954.50
0.00 953.98
29.52 937.52
972.18 953.39
969.55 943.31
961.99 933.32
675.82 935.20
0.00 717.70
0.00 324.50
0.00 286.44
0.00 661.00
3.94 32.00
0.00 224.37
0.00 965.71
0.00 461.59
152.44 605.54
364.57 930.19
0.00 885.27
0.00 258.67
0.00 753.45
429.82 0.00
954.79 0.00
976.58 0.00
963.61 273.68
953.00 975.23
938.65 928.62
976.53 134.09
960.26 0.00
959.35 0.00
959.95 0.00
964.04 0.00
953.61 0.00
962.32 0.00
964.41 0.00
946.49 264.30
736.04 515.97
0.00 0.00
0.00 0.00
0.00 0.00
922.76 887.63
941.89 943.77
960.03 224.98
286.06 0.00
0.00 0.00
315.25 326.70
185.62 451.52
0.00 0.00
0.00 0.00
0.00 0.00
0.00 0.00
17.43 0.00
0.00 0.00
0.00 0.00
0.00 0.00
865.08 938.12
970.68 962.53
966.93 917.07
965.82 948.06
953.11 943.33
966.51 941.52
951.79 937.11
937.36 945.87
947.86 927.51
940.07 943.10
952.99 941.20
963.22 936.16
964.84 937.60
961.66 927.03
961.93 966.10
976.68 926.06
949.67 933.99
963.47 955.23
943.85 930.40
968.81 920.10
966.70 939.69
950.99 948.65
964.04 938.99
924.68 199.43
957.45 0.00
960.65 0.00
104.67 0.00
0.00 0.00
0.00 905.12
674.64 964.60
949.12 936.02
952.63 952.82
963.79 936.00
340.16 950.17
0.00 967.46
0.00 934.51
0.00 934.08
0.00 961.45
0.46 956.89
0.00 935.88
0.00 937.42
0.00 931.31
0.00 126.46
614.33 572.62
966.22 932.49
950.92 809.49
950.50 0.00
965.15 0.00
956.39 0.00
958.67 0.00
959.56 3.94
360.94 0.00
0.00 0.00
317.94 281.48
183.27 738.53
462.35 539.63
607.36 935.35
0.00 952.98
0.00 939.78
868.64 949.48
934.10 950.57
942.06 956.04
965.22 968.60
940.76 958.10
957.18 932.39
953.60 946.08
970.66 936.50
949.23 951.57
933.58 950.76
941.44 943.31
945.30 941.26
972.57 945.19
961.61 717.42
957.06 0.00
963.94 0.00
947.35 0.00
577.40 0.00
135.21 96.32
966.93 928.75
926.30 938.30
943.76 956.31
922.77 686.51
227.98 0.00
0.00 0.00
0.00 0.00
0.00 0.00
926.29 866.19
951.87 381.20
975.69 833.64
964.61 948.63
966.07 940.05
949.44 947.93
958.99 939.46
956.93 943.69
982.47 933.47
968.01 929.09
973.63 990.00
946.49 970.21
963.92 953.92
957.53 969.51
953.06 938.37
961.47 933.80
974.50 949.84
935.97 971.72
946.59 937.32
963.82 949.50
942.96 951.21
954.33 961.61
934.59 931.50
951.33 946.28
943.39 986.50
948.49 925.76
953.60 959.13
951.84 945.10
935.34 327.07
768.21 18.00
923.02 948.04
945.32 920.82
905.63 932.34
963.78 930.63
979.38 963.78
957.84 941.24
946.60 944.69
55.96 963.71
858.91 924.30
485.22 925.28
590.79 948.58
394.62 924.97
0.00 939.67
0.00 545.12
0.00 498.23
0.00 903.99
53.51 333.04
0.00 32.08
0.00 760.70
0.00 892.32
267.45 176.55
0.00 940.57
0.00 946.83
0.00 944.43
630.88 953.88
960.34 940.16
957.24 962.46
962.92 960.26
973.85 918.26
961.00 931.86
948.97 16.24
976.00 697.96
946.86 942.32
960.65 938.58
965.11 944.54
958.89 917.66
959.57 914.04
964.25 928.31
943.85 944.14
955.50 933.40
969.93 955.58
970.45 930.41
962.84 489.04
960.94 0.00
960.67 0.00
955.18 0.00
943.71 764.20
949.18 0.00
975.21 0.00
934.49 0.00
955.30 0.00
956.26 545.21
940.53 965.56
949.87 949.46
969.03 938.60
945.38 200.89
949.97 0.00
969.25 0.00
969.57 0.00
953.11 0.34
943.33 0.00
962.13 218.12
960.56 0.00
960.42 0.00
949.74 190.42
950.01 856.40
965.64 0.00
943.95 0.00
938.58 945.85
953.34 943.62
961.36 931.19
961.42 921.36
933.01 939.65
959.83 939.52
953.30 946.07
770.86 920.32
0.00 918.95
0.00 923.16
0.00 505.83
0.00 861.05
0.40 934.35
0.00 361.50
84.84 192.00
686.60 621.80
0.00 0.00
0.00 0.00
553.02 415.05
479.32 507.44
0.00 834.57
0.00 311.40
0.00 844.20
0.00 933.45
0.42 967.38
62.46 544.93
415.21 602.44
0.00 0.00
0.00 0.00
0.00 0.00
0.00 0.00
37.44 3.95
0.00 0.00
807.62 807.62
944.81 955.60
950.21 926.00
966.67 409.68
933.36 507.64
950.64 912.13
951.38 946.39
945.65 947.04
970.92 954.44
952.96 914.39
950.60 928.49
956.00 934.50
974.34 980.97
952.12 936.51
952.57 968.00
976.31 943.93
954.87 936.14
952.79 0.00
974.44 0.00
954.40 0.00
937.45 49.52
961.52 935.83
974.65 942.98
957.62 944.59
946.32 928.93
963.62 943.19
943.57 981.68
956.00 425.55
949.50 0.00
956.03 0.00
977.16 0.00
959.52 926.29
958.79 103.30
979.81 0.00
966.25 0.00
948.48 0.00
974.75 0.39
116.42 0.00
66.88 48.57
956.67 973.92
953.81 916.38
946.58 927.17
945.61 944.87
953.28 950.56
943.56 930.86
950.90 950.69
969.11 916.73
962.97 936.55
945.48 933.21
949.24 961.66
955.99 932.66
956.05 963.97
952.42 950.54
936.24 938.65
962.62 947.69
411.13 943.79
707.14 964.55
776.13 927.06
13.02 940.12
247.26 842.57
0.00 0.00
0.00 0.00
0.00 0.00
0.00 0.00
3.94 0.00
0.00 0.00
253.38 503.68
0.00 255.01
0.00 0.00
0.00 0.00
429.87 437.45
934.23 938.02
708.49 955.99
0.00 774.58
0.00 0.00
198.04 812.94
59.56 213.45
524.96 506.73
968.78 442.58
962.99 32.50
946.73 770.96
948.99 887.12
952.37 178.68
976.00 955.27
962.07 895.36
963.59 963.50
970.91 941.09
589.89 935.49
0.00 947.09
0.00 936.08
0.00 931.58
0.00 940.77
0.00 917.46
0.00 640.32
0.00 0.00
413.87 409.49
356.26 80.32
0.00 0.00
0.00 0.00
0.00 0.00
0.00 24.19
0.00 0.12
0.00 0.00
612.02 663.48
942.37 955.67
971.73 929.73
926.78 934.21
936.29 955.92
944.80 931.15
957.60 933.18
946.80 931.74
942.97 952.16
958.99 944.60
961.55 925.50
949.40 929.11
985.58 934.64
964.08 962.36
970.22 916.37
979.83 933.54
721.46 982.20
0.00 944.53
0.00 957.84
376.82 942.50
125.29 894.64
0.00 934.50
0.00 946.12
0.00 950.35
127.85 938.59
926.97 947.88
929.92 926.28
937.05 434.94
962.41 635.54
954.96 908.58
952.62 192.06
378.50 32.00
560.28 669.34
940.78 439.59
938.75 767.53
965.94 942.04
946.30 953.09
951.98 936.22
943.79 924.30
956.64 926.75
959.35 952.50
939.89 959.97
963.11 945.18
966.98 932.00
957.20 948.00
942.66 958.17
958.07 928.67
964.03 936.53
957.07 926.10
956.01 698.01
944.53 935.74
956.72 934.45
967.31 506.57
958.75 694.53
957.00 78.41
835.02 0.00
307.32 348.01
939.67 934.22
908.42 938.23
915.57 945.60
927.73 964.83
942.48 939.71
943.83 932.89
935.07 949.19
902.65 939.97
0.00 936.10
0.00 956.15
0.00 939.00
0.00 928.37
776.37 918.19
0.00 931.16
0.00 924.93
0.00 947.13
230.14 948.62
802.82 922.97
0.00 921.59
0.00 934.88
0.00 939.84
0.00 932.98
3.81 943.93
0.00 951.44
809.48 940.71
224.91 932.70
0.00 965.78
0.00 944.56
0.00 921.95
0.00 938.04
0.00 957.62
0.00 271.72
884.44 879.04
940.54 935.03
935.31 945.86
967.07 940.30
972.92 142.01
966.52 0.00
958.72 0.00
955.05 0.00
982.20 26.63
979.74 0.00
979.54 0.00
956.51 0.00
959.59 0.00
978.17 277.80
955.00 945.57
973.50 941.50
972.45 955.02
952.53 473.07
449.98 0.00
0.00 0.00
0.00 0.00
0.00 0.43
731.33 734.40
37.37 37.42
0.00 0.00
0.00 0.00
0.00 0.00
8.40 0.00
0.00 0.00
910.31 917.01
938.81 942.97
952.43 949.55
922.06 949.49
135.61 783.76
0.00 32.50
0.00 281.68
0.00 301.01
725.93 741.88
956.46 937.64
950.63 940.59
956.63 925.44
955.85 966.46
951.00 953.49
949.37 942.79
961.51 958.93
953.50 30.95
971.68 275.45
962.08 503.26
971.41 0.00
962.76 0.00
92.77 0.00
0.00 0.00
23.55 48.42
972.54 933.76
947.39 953.64
925.36 960.95
228.38 957.00
0.00 941.65
0.00 945.84
0.00 160.85
3.90 0.00
0.00 0.00
0.00 0.00
0.00 0.00
0.00 0.00
200.10 574.98
0.00 943.52
860.63 815.50
942.57 954.51
316.97 972.14
664.15 938.00
958.94 955.23
951.33 936.18
979.62 963.54
952.49 944.11
942.81 941.62
939.91 931.47
948.13 939.43
971.62 942.00
964.98 943.92
490.47 948.92
0.00 930.75
0.00 935.22
0.00 938.71
68.90 915.24
969.24 957.57
243.43 948.63
0.00 942.40
0.00 929.62
0.00 940.51
914.17 925.45
941.93 941.76
960.20 944.16
263.32 917.22
0.00 944.76
891.60 940.76
135.85 927.57
0.00 952.02
0.00 950.15
0.00 961.81
0.00 956.69
0.36 936.38
723.49 945.02
0.00 951.35
59.57 676.03
961.03 924.23
961.82 950.25
950.21 946.06
948.73 975.95
945.81 931.55
1005.85 946.02
937.06 932.08
960.61 945.21
947.62 928.19
977.96 930.44
973.24 951.50
933.25 925.57
977.88 943.06
968.35 926.18
958.51 936.10
958.15 744.23
944.94 769.57
973.14 0.00
931.36 0.00
958.56 0.00
965.59 0.00
947.91 0.00
953.83 0.00
954.63 0.00
954.69 0.00
947.57 20.58
958.26 751.32
951.41 0.00
949.58 0.00
947.70 0.00
962.57 0.00
972.35 0.00
981.23 0.00
961.07 0.00
410.12 212.83
957.82 917.82
950.13 953.86
960.09 931.57
910.89 938.55
940.72 940.54
944.86 755.43
959.13 0.00
947.56 281.67
948.00 770.24
956.27 0.00
956.35 0.00
200.05 0.00
0.00 0.00
0.00 0.00
0.00 0.00
0.39 0.00
0.00 0.00
0.00 459.17
0.00 0.00
0.00 0.00
3.99 0.00
0.00 0.00
500.84 473.72
941.13 613.79
951.10 0.00
956.13 510.59
496.80 204.96
0.00 0.00
0.00 0.00
0.00 0.00
0.00 8.50
0.00 49.92
0.00 0.00
0.00 0.00
507.56 657.38
416.95 960.59
908.60 930.16
985.92 934.54
839.42 961.01
0.00 962.93
0.00 948.01
0.00 953.50
0.00 950.81
0.51 930.01
0.00 959.78
0.00 928.94
0.00 963.50
0.00 941.85
0.37 949.95
0.00 970.61
239.28 974.57
956.29 953.50
981.33 929.45
980.06 953.53
204.73 959.48
0.00 964.06
0.00 911.56
414.57 433.33
362.71 597.17
0.00 0.00
0.00 0.00
0.00 0.00
0.00 0.00
102.82 107.87
954.77 924.41
960.30 939.89
991.43 946.65
948.38 966.39
927.80 939.03
971.89 932.50
921.37 920.92
949.70 934.54
972.12 964.23
950.80 946.85
959.17 951.95
963.52 945.92
967.50 947.02
943.06 959.10
921.43 943.81
974.77 900.34
949.43 162.25
966.11 957.00
959.41 907.64
497.77 416.12
0.00 31.68
0.00 662.58
210.08 891.83
560.69 156.67
0.00 952.38
0.00 933.85
841.03 932.11
962.32 939.50
246.97 934.45
0.00 954.80
0.00 938.32
25.53 964.68
747.41 939.19
0.00 924.47
0.00 920.98
0.00 958.54
0.00 951.37
0.42 938.16
0.00 940.17
0.00 119.84
0.00 0.00
924.97 403.88
971.07 440.19
938.81 908.34
959.51 817.43
969.68 0.00
981.81 0.00
963.31 0.00
948.94 0.00
977.30 16.54
977.00 0.00
963.09 0.00
971.53 0.00
932.57 104.50
427.09 112.81
643.94 0.00
964.55 0.00
942.53 0.00
946.42 0.00
3.71 47.49
0.00 0.00
84.49 38.08
959.04 928.46
968.21 950.90
956.63 653.64
954.95 0.00
953.74 0.00
0.00 0.00
0.00 0.00
0.00 0.37
0.00 0.00
3.95 0.00
0.00 0.00
0.00 0.00
0.00 0.40
0.00 0.00
723.95 760.27
0.00 17.92
0.00 0.00
0.00 0.00
821.02 760.23
963.57 935.88
954.46 347.48
387.51 0.00
0.00 0.00
0.00 0.00
510.76 694.18
0.00 379.40
0.00 0.00
0.00 0.00
354.99 341.20
917.37 964.70
941.07 932.98
950.56 932.58
943.43 944.38
959.56 931.34
975.40 934.46
962.53 942.06
962.45 940.19
930.24 940.65
945.18 934.53
937.46 938.87
952.58 570.57
960.50 0.00
977.09 0.00
970.79 63.51
966.62 506.89
972.14 0.00
943.62 0.00
949.02 828.38
954.78 201.42
948.05 0.00
957.82 0.00
961.07 893.07
895.16 951.37
922.54 933.65
971.48 930.79
970.08 949.12
956.15 938.77
954.32 929.79
951.77 937.08
935.19 945.24
951.61 950.69
33.04 959.74
0.00 955.62
0.00 961.37
0.00 930.22
0.37 970.97
0.00 951.04
0.00 942.89
735.87 899.42
935.31 955.88
379.90 958.56
0.00 943.54
0.00 468.12
0.00 0.00
770.68 770.07
0.00 0.00
0.00 0.00
0.00 0.00
312.48 304.73
951.98 937.11
964.62 942.86
961.16 933.84
966.48 983.21
951.09 946.54
953.90 954.21
948.76 956.45
956.70 928.90
977.40 974.79
944.49 930.40
969.33 938.44
956.36 959.50
963.58 959.50
982.58 959.50
942.70 943.72
949.56 945.87
953.66 948.26
964.40 950.04
953.72 948.96
960.74 937.24
787.90 938.94
0.00 937.34
426.14 952.70
948.29 950.99
940.13 949.29
953.55 955.85
948.56 956.61
949.16 933.65
944.97 955.66
942.47 935.98
937.96 919.07
955.73 964.21
968.19 949.10
970.00 933.04
963.10 938.03
961.88 934.09
960.55 952.52
950.01 922.50
972.23 151.11
948.83 517.41
948.88 0.00
951.87 0.00
943.09 201.80
966.07 943.07
956.49 942.38
954.91 934.73
949.56 58.58
437.38 394.52
674.38 681.31
938.63 946.90
