128.56 129.12
0.00 0.00
0.00 0.00
304.76 277.26
871.96 849.79
948.34 935.48
911.94 930.32
923.76 912.03
933.21 922.30
957.06 681.74
953.61 344.71
951.41 944.21
948.98 444.88
974.74 616.38
982.25 946.68
964.48 946.23
958.46 927.40
980.21 965.15
985.24 961.52
958.45 948.66
975.20 951.59
995.11 942.49
970.52 937.92
770.21 977.95
499.30 963.36
966.96 932.23
955.06 951.85
896.05 949.86
939.88 969.60
938.72 962.68
949.51 972.08
920.62 943.98
907.16 935.83
960.04 925.67
955.91 937.21
935.51 922.75
940.88 926.71
965.88 959.00
956.26 941.22
972.94 947.54
938.48 917.02
958.94 934.07
946.37 950.27
965.63 852.68
942.40 908.67
955.05 256.06
786.00 930.76
844.21 963.27
945.72 935.01
953.12 417.17
72.43 32.50
0.00 683.85
815.73 962.07
965.32 901.11
935.25 298.38
957.10 788.75
981.48 927.27
383.89 930.66
952.69 939.68
943.83 922.33
984.27 924.41
965.82 933.60
987.67 942.26
961.33 925.70
952.21 878.21
242.03 156.54
858.86 895.12
351.31 203.73
0.00 32.02
774.60 883.93
950.53 784.77
582.84 304.07
374.52 942.88
892.37 964.33
474.57 927.69
0.00 940.20
0.00 582.33
627.89 610.73
977.55 950.29
961.13 932.07
978.69 938.28
974.08 910.06
955.30 914.14
954.58 967.43
964.69 932.01
946.69 959.57
954.39 913.22
960.73 929.55
960.95 930.59
965.33 956.96
964.56 943.34
967.85 953.08
950.79 948.11
969.60 931.68
947.12 933.29
973.66 934.34
590.47 920.57
0.00 70.23
627.94 652.47
280.90 256.30
930.01 906.45
937.69 937.54
946.76 914.18
951.66 912.99
951.81 905.43
940.54 942.40
944.22 947.09
930.45 940.45
938.77 971.39
956.12 942.38
954.95 963.83
955.85 945.06
959.87 962.39
979.75 962.57
967.71 949.62
937.16 950.64
966.47 954.60
961.91 948.24
957.72 943.28
963.74 944.85
953.89 968.83
964.04 933.83
928.20 957.45
967.88 930.40
950.48 873.00
937.14 182.24
956.26 901.29
950.14 932.17
967.41 452.88
939.15 32.50
671.72 649.25
649.31 469.50
0.00 602.04
897.64 967.69
938.85 905.90
934.81 882.11
939.33 912.39
960.54 919.54
951.05 926.44
942.96 908.63
873.20 894.59
934.16 917.75
931.59 893.07
697.73 905.59
464.12 898.36
0.00 930.13
822.03 847.27
936.12 884.36
941.50 947.44
902.17 941.04
951.59 603.14
958.33 637.33
976.10 924.40
952.73 922.58
980.95 398.23
917.98 32.50
561.85 679.30
869.23 896.72
0.00 164.50
475.99 962.93
932.73 922.42
925.75 932.37
953.36 926.55
944.37 924.09
936.43 941.80
944.80 972.71
953.59 957.61
717.46 928.79
0.00 932.61
347.26 921.06
947.36 937.96
932.07 940.77
916.35 922.18
923.06 925.21
945.83 937.48
973.64 935.62
950.53 946.46
947.77 936.34
951.36 921.85
949.73 946.27
931.14 932.35
937.14 938.92
930.89 962.37
943.30 938.56
937.11 939.84
944.63 960.20
956.48 929.80
911.42 928.93
957.65 923.07
957.75 933.18
977.50 939.08
964.15 935.42
953.38 921.34
957.55 938.30
949.34 968.46
938.22 935.97
963.35 934.00
950.42 949.55
971.11 928.88
955.46 958.73
956.09 921.82
966.68 957.26
964.54 945.89
935.93 950.56
956.11 942.65
922.56 929.82
925.59 926.92
905.70 914.30
918.12 935.13
910.92 963.90
941.08 927.86
939.14 931.41
409.55 787.48
357.86 372.71
951.35 927.27
940.12 917.47
948.88 915.03
936.78 922.47
929.05 942.88
929.42 892.58
941.55 919.68
926.34 923.28
941.71 920.85
956.63 935.88
933.43 957.94
949.43 930.01
944.96 953.88
944.87 935.36
950.64 933.84
947.25 926.59
977.14 920.78
941.29 955.51
963.89 956.40
176.97 432.05
174.92 173.62
966.12 923.01
941.32 931.08
945.89 952.90
961.15 925.99
957.06 932.73
946.72 921.64
944.67 922.05
929.03 905.60
972.72 905.52
929.91 915.96
953.28 949.81
930.24 937.31
941.29 912.17
950.93 932.59
959.23 927.88
940.87 956.81
329.63 602.79
680.29 675.88
707.52 706.71
925.90 908.49
576.07 584.97
513.52 525.14
199.87 193.19
0.00 0.00
0.00 0.00
0.00 0.00
493.48 486.84
924.85 932.09
959.40 904.47
933.51 933.89
942.26 941.18
949.98 914.77
960.65 922.60
950.53 917.85
963.22 920.15
951.90 923.19
948.74 934.66
942.98 932.03
950.42 938.89
961.90 939.02
926.95 941.10
959.71 929.64
941.28 926.72
957.90 927.19
966.82 931.54
950.14 956.70
649.68 941.00
211.43 239.75
912.90 928.36
954.56 941.63
950.84 905.49
925.02 925.88
951.76 927.52
952.99 946.28
942.97 962.61
942.57 942.41
224.81 297.20
919.81 908.01
929.83 924.60
961.61 924.61
127.37 172.84
888.70 879.35
952.72 933.95
964.45 931.86
964.54 904.74
944.20 925.68
962.94 927.29
954.39 902.31
940.29 960.34
946.01 948.43
934.20 962.25
961.81 951.93
654.42 833.72
0.00 0.00
655.42 680.10
957.37 919.36
952.96 953.74
946.22 924.00
946.21 909.94
924.33 928.79
953.37 935.64
934.23 923.09
960.17 974.20
946.57 939.60
956.61 958.30
945.83 942.77
967.39 973.93
946.45 936.83
655.14 737.76
207.77 197.73
955.42 955.23
328.42 345.59
641.33 692.33
872.79 800.04
934.27 935.90
921.34 943.30
408.94 366.55
280.45 352.82
343.56 296.38
951.04 924.92
946.44 923.58
923.55 894.50
946.26 903.44
953.84 927.78
947.13 923.06
943.25 953.43
931.13 909.52
932.92 936.94
933.16 950.00
942.34 936.94
941.96 950.35
955.52 945.02
957.27 910.77
955.16 912.12
940.34 911.13
976.30 947.90
962.60 944.48
959.48 938.19
199.96 465.75
0.00 0.00
0.00 0.00
147.64 194.70
893.13 891.03
936.51 960.25
947.68 940.16
939.47 922.10
944.97 927.90
954.37 924.92
934.78 929.29
954.27 931.19
932.77 952.76
962.45 932.96
972.45 950.76
958.72 925.47
952.49 955.01
955.24 923.63
969.32 937.07
943.09 927.89
943.98 944.56
953.28 918.75
953.17 930.75
977.33 907.92
109.84 408.83
180.18 194.85
914.98 926.37
929.04 926.36
931.09 939.04
119.69 73.21
959.70 925.07
934.83 930.37
776.56 815.03
920.73 933.78
936.96 934.36
938.83 949.04
663.85 664.46
408.01 439.01
0.00 0.00
0.00 0.00
146.88 111.51
939.03 940.23
938.85 932.33
957.98 939.95
955.25 951.42
925.73 940.23
959.13 927.97
936.20 928.91
937.14 938.90
937.04 927.77
938.22 933.27
943.54 937.57
939.77 966.78
914.40 925.71
846.48 817.30
944.51 922.88
943.08 899.24
946.19 937.07
942.22 910.02
939.86 914.14
957.87 948.76
932.94 931.58
934.82 947.71
964.97 940.29
951.02 935.38
945.30 949.42
970.48 948.93
925.61 920.98
933.56 905.65
823.00 917.20
961.36 935.99
931.70 949.35
7.80 138.50
267.99 273.46
953.28 931.06
855.28 865.60
349.75 331.76
724.53 744.41
958.05 918.39
946.39 910.05
937.42 929.36
796.73 876.29
171.82 178.30
964.59 938.22
939.66 915.66
803.76 860.79
345.35 364.48
0.00 0.00
251.99 241.79
926.95 917.18
930.13 934.54
959.28 943.85
941.87 931.67
929.21 942.64
938.27 906.77
931.70 960.58
840.01 809.34
921.15 919.06
934.94 921.13
438.65 440.10
711.19 705.93
405.36 402.72
469.36 449.63
904.19 933.03
160.67 146.87
475.82 461.02
944.17 955.68
269.66 276.10
200.80 210.93
0.00 0.00
186.20 204.73
926.20 945.81
961.02 946.28
950.17 924.95
926.48 953.60
945.82 940.92
946.22 922.11
941.03 912.23
617.29 619.31
0.00 0.00
147.12 158.97
949.32 931.31
959.39 947.91
615.75 606.86
472.26 510.77
920.40 930.41
952.70 903.71
910.44 887.88
949.80 952.79
883.48 911.17
645.29 703.11
0.00 0.00
805.67 773.86
913.90 891.85
948.53 912.38
963.97 941.78
931.13 926.20
709.83 777.74
221.88 238.27
976.15 909.38
947.60 935.14
725.55 784.85
397.10 416.73
767.65 711.97
947.61 930.78
969.14 953.69
947.31 961.23
953.53 949.17
951.71 958.16
966.22 936.86
944.50 938.47
946.76 936.66
948.38 930.24
928.27 935.48
952.10 911.13
921.68 929.30
963.68 962.27
363.58 498.18
0.00 0.00
52.04 0.00
0.00 0.00
735.13 762.23
919.33 949.24
922.29 936.24
957.77 920.77
954.81 459.14
953.00 606.17
937.97 900.83
944.33 229.50
963.28 32.56
683.79 894.62
952.12 777.50
929.23 282.50
111.01 932.00
969.52 969.03
973.39 922.44
939.54 925.86
760.44 938.08
316.52 924.55
967.57 932.03
965.48 938.15
939.50 926.56
837.78 924.45
0.00 941.86
646.79 956.56
0.00 215.11
0.00 0.00
911.33 864.20
929.35 919.54
950.74 922.41
928.32 927.74
959.54 915.90
907.40 935.40
928.68 953.24
961.85 937.56
974.70 925.27
934.54 920.23
937.00 923.33
889.50 944.97
64.79 111.05
937.63 910.70
921.86 934.26
927.38 925.96
951.08 932.06
931.22 922.02
932.94 929.05
947.59 936.29
773.23 801.17
603.82 597.11
631.80 595.45
965.82 925.95
964.31 957.97
932.92 957.95
926.19 919.63
935.82 899.49
956.38 947.59
918.50 936.62
932.77 964.43
941.00 957.07
924.74 946.18
962.00 943.13
927.33 933.41
957.05 926.08
953.82 936.41
943.70 924.16
70.87 156.36
553.32 555.75
413.82 359.22
332.79 386.19
953.65 937.48
965.80 922.52
855.17 905.09
902.29 912.60
922.73 919.83
664.34 645.11
690.40 626.33
0.00 0.00
0.00 0.00
853.43 897.41
933.18 935.63
941.50 959.54
958.68 921.42
930.87 937.99
949.97 930.40
953.77 941.73
949.30 979.26
943.39 951.65
927.50 918.84
961.44 926.06
934.70 941.01
945.38 957.55
945.77 928.96
974.06 952.59
911.88 900.55
953.24 918.99
945.68 904.50
968.47 487.21
609.26 567.21
0.00 687.21
0.00 0.00
602.12 532.50
939.24 756.85
947.94 925.30
958.59 900.17
944.04 514.39
954.18 504.21
937.46 928.79
941.34 936.50
958.80 915.41
936.48 917.98
944.72 936.14
944.81 925.10
947.37 934.24
958.55 931.54
957.90 929.57
961.27 930.77
961.16 951.08
947.31 946.24
929.89 946.51
952.41 932.69
548.44 938.43
0.00 944.38
138.65 184.13
916.79 927.27
905.99 940.63
929.46 930.16
946.86 923.45
941.99 957.22
928.94 928.41
935.21 927.12
953.72 929.13
958.65 940.77
944.58 923.08
956.47 951.24
936.03 948.26
948.47 929.55
950.61 936.02
955.98 926.57
925.68 925.66
951.19 937.56
952.58 936.28
939.78 946.85
940.71 919.62
936.33 964.42
972.30 902.76
978.10 919.62
802.82 941.48
718.13 798.52
926.20 927.29
939.75 912.05
950.67 950.13
948.51 941.24
844.02 849.12
419.63 408.71
514.35 571.59
926.00 854.46
926.14 933.11
709.12 727.35
940.29 914.24
949.72 910.58
916.57 922.00
945.44 956.82
942.85 929.43
910.94 952.69
900.71 937.20
920.32 918.13
958.13 912.25
697.32 689.73
0.00 0.00
0.00 0.00
639.93 608.68
104.13 123.76
959.26 912.39
947.71 926.46
953.83 925.39
973.62 944.70
947.96 930.18
931.41 954.02
963.41 943.12
969.66 924.84
956.52 940.17
953.08 918.38
941.50 930.98
950.70 939.44
957.32 929.59
948.23 959.34
939.55 933.83
924.45 961.57
608.47 770.00
724.89 680.80
735.28 760.70
938.82 927.28
438.99 443.70
657.79 660.75
932.91 909.84
937.48 930.18
527.11 513.15
281.95 297.80
387.10 367.65
973.01 928.24
933.00 945.72
959.12 947.57
943.02 977.49
976.21 910.38
952.74 944.35
944.75 923.68
938.93 897.24
943.26 926.86
951.00 933.29
957.89 921.07
968.60 942.18
955.34 955.87
942.12 931.46
967.43 927.09
943.61 928.21
961.96 901.34
958.73 933.29
949.76 948.32
22.02 366.44
0.00 0.00
50.14 58.40
945.77 941.11
942.94 939.75
931.74 955.86
954.95 936.54
937.83 892.36
945.90 257.88
956.02 807.30
942.80 879.81
935.77 48.55
974.22 191.03
673.88 925.26
957.62 591.00
143.74 503.77
848.12 943.29
929.59 910.32
923.65 883.34
883.44 944.22
843.33 931.56
891.32 928.74
949.98 916.98
971.33 943.71
749.45 941.74
0.00 979.77
192.42 950.14
973.72 958.85
924.34 945.34
952.88 928.48
942.32 955.21
946.54 947.19
957.94 931.49
943.59 946.03
941.73 940.55
942.97 934.78
934.26 931.92
917.89 933.86
962.98 932.42
956.04 940.99
970.60 944.41
931.03 928.03
951.43 950.46
963.45 944.94
947.23 940.52
946.92 921.08
959.31 936.25
943.74 926.62
962.00 949.88
407.40 705.37
854.88 874.40
922.15 892.06
0.00 0.00
411.02 414.28
936.44 934.22
592.04 589.46
555.13 558.91
944.66 954.91
933.50 926.67
951.64 938.52
966.97 918.18
933.61 917.40
939.02 928.88
947.72 934.70
921.69 898.85
920.77 925.83
943.21 937.81
944.45 935.08
953.47 950.73
935.27 947.67
951.92 925.58
955.55 960.13
709.74 744.74
0.00 0.00
0.00 0.00
888.78 861.86
952.73 952.62
940.04 955.56
953.64 913.98
949.28 916.65
950.76 911.33
966.08 653.05
947.52 354.92
932.42 963.26
949.71 889.48
959.03 108.19
343.80 90.19
896.59 941.65
434.12 936.01
814.11 866.82
682.38 939.34
934.88 947.10
926.06 880.74
943.36 708.48
953.72 543.65
973.88 930.40
938.01 957.51
917.20 930.00
319.70 936.48
798.53 926.49
838.22 969.30
632.16 926.73
765.79 932.35
840.85 912.20
781.94 948.83
155.61 390.99
708.10 749.03
973.31 952.17
268.35 259.38
764.38 715.47
937.57 916.13
940.43 915.79
965.99 923.99
941.95 954.82
942.52 936.95
938.80 921.74
955.44 932.28
982.28 908.19
967.47 943.67
870.61 935.50
953.79 902.74
961.11 925.61
972.65 920.32
781.46 918.69
213.23 374.07
0.00 0.00
543.38 449.76
310.65 338.48
921.38 906.59
980.38 933.66
955.45 945.12
968.52 924.24
952.12 953.60
964.77 919.57
937.80 925.72
940.40 931.77
953.70 918.12
947.73 928.37
949.12 934.73
488.37 720.79
354.21 356.78
949.57 918.86
954.85 930.78
946.29 930.59
940.84 912.51
753.05 836.65
429.33 425.16
900.85 911.43
928.32 903.38
361.61 381.25
0.00 0.00
0.00 0.00
664.36 671.70
928.39 957.82
939.34 934.13
938.40 926.75
931.94 934.58
953.25 919.53
920.25 926.87
948.70 909.13
971.46 941.40
934.77 932.89
952.83 930.45
949.29 942.47
951.97 942.10
955.92 937.20
947.56 925.73
939.13 924.61
959.28 920.47
962.02 940.03
964.84 922.16
960.89 926.51
953.70 933.08
959.21 942.29
956.53 940.55
400.54 688.05
763.03 821.95
953.86 947.00
919.62 896.71
924.81 915.65
941.69 920.89
947.07 893.63
957.45 856.79
958.24 234.68
940.50 937.50
974.92 566.87
957.08 32.57
954.11 496.50
736.94 909.19
539.91 301.50
67.43 784.01
937.97 923.24
963.55 924.98
958.26 694.34
596.15 342.19
439.90 931.87
959.35 895.83
941.41 942.22
942.22 857.73
14.36 638.83
0.00 34.00
0.00 504.97
302.37 902.92
945.63 299.36
955.41 777.30
955.34 934.28
949.19 959.72
956.48 926.63
946.38 939.16
956.03 917.62
968.75 933.97
942.20 964.87
949.37 933.18
960.94 957.73
946.06 929.06
952.06 952.43
947.99 932.87
970.28 931.01
968.27 953.20
948.23 895.62
956.17 938.10
925.61 937.73
790.30 950.09
927.90 968.90
955.68 925.79
960.63 573.36
937.77 424.63
948.75 896.02
376.37 229.00
266.40 348.62
916.43 247.00
49.62 721.47
906.20 182.50
64.77 227.60
0.00 274.52
421.47 929.33
954.00 512.50
953.79 530.19
519.75 944.02
939.06 935.86
781.53 933.76
948.91 918.70
875.38 926.90
929.92 938.28
918.77 928.55
959.76 924.38
929.31 921.63
985.18 928.55
954.05 980.44
761.13 940.98
950.47 925.49
263.22 938.73
563.82 964.39
147.67 935.19
195.09 369.73
890.04 868.29
936.86 913.83
944.12 914.22
939.27 935.76
937.68 925.98
934.31 929.52
961.75 929.14
908.22 934.59
959.45 945.03
939.45 926.29
943.07 938.28
957.05 941.08
931.63 943.51
933.20 938.66
941.10 901.70
946.15 941.06
951.99 955.74
956.38 951.65
951.90 941.02
462.18 610.47
0.00 0.00
0.00 0.00
84.77 82.51
947.78 928.69
939.49 915.42
934.28 913.82
935.77 928.92
952.43 932.70
938.34 954.08
939.00 935.50
921.22 943.59
926.85 936.71
927.99 939.78
449.23 459.00
536.22 518.66
968.95 922.57
925.25 921.65
687.14 743.40
719.97 716.18
948.87 908.31
934.39 907.12
935.04 913.29
947.28 923.65
865.43 919.73
285.56 334.45
949.34 918.07
942.80 918.11
857.83 863.72
501.67 550.86
801.82 766.90
947.58 933.25
920.48 946.03
380.77 351.35
933.93 936.56
534.70 542.78
133.25 118.47
365.08 355.26
434.45 435.75
952.12 940.93
948.20 915.38
743.82 743.06
953.95 908.49
960.72 940.20
955.71 936.43
954.12 936.35
293.77 409.54
842.83 858.44
877.33 869.73
386.64 313.32
0.00 0.00
798.97 816.12
222.58 262.13
0.00 0.00
532.57 515.07
793.61 799.59
585.33 558.94
456.34 472.52
934.88 943.38
904.22 901.63
0.00 0.00
107.30 105.81
578.68 590.78
0.00 0.00
607.32 565.03
926.51 890.97
939.97 915.24
939.81 919.43
959.64 932.84
938.95 942.49
950.72 931.51
987.34 946.15
963.10 914.21
953.46 940.43
961.19 952.65
941.50 910.78
955.42 924.08
380.07 715.46
737.32 739.04
259.61 256.20
596.19 583.59
957.27 936.82
928.33 910.80
914.58 899.53
973.10 917.78
777.53 898.98
0.00 0.00
102.95 105.33
966.74 955.61
954.92 931.02
972.01 904.75
959.20 941.38
966.94 925.92
961.33 948.88
924.54 920.45
951.71 933.14
937.78 923.90
941.39 917.67
948.80 940.40
950.28 985.41
969.28 964.41
925.60 953.98
950.44 939.68
963.41 924.32
962.62 935.96
953.57 909.09
951.13 925.52
927.59 970.12
944.01 963.51
943.76 969.66
968.84 974.72
949.09 940.59
950.77 918.51
946.47 958.40
965.07 925.47
980.74 935.64
934.67 846.30
942.18 217.55
949.13 911.61
956.57 615.80
964.50 32.50
415.03 473.16
720.17 892.80
478.03 338.61
674.11 718.99
898.32 958.22
696.95 942.17
906.94 942.85
245.96 919.13
463.28 916.55
685.59 927.53
701.19 912.63
939.25 942.20
962.76 937.24
917.10 918.66
950.76 941.12
961.39 877.99
949.23 765.17
949.17 346.70
946.11 937.25
930.31 883.99
974.87 160.50
946.77 63.78
394.06 939.95
782.06 919.29
915.00 887.99
417.55 169.00
787.17 927.99
761.33 938.74
942.07 942.49
961.86 929.64
627.24 919.47
837.83 933.62
973.03 953.22
966.88 923.10
829.76 950.18
646.35 953.93
0.00 929.11
16.54 499.40
937.69 904.06
952.59 962.65
949.62 948.59
957.08 942.60
961.29 939.14
957.39 933.73
946.08 931.51
942.29 936.37
953.99 924.75
941.26 943.80
963.47 947.40
962.75 932.93
963.16 931.61
951.36 945.48
961.12 935.59
943.65 916.13
945.57 946.73
926.05 934.31
710.41 937.33
666.43 623.60
35.99 74.49
350.58 337.39
344.30 304.18
104.51 139.37
882.47 907.90
922.47 937.22
941.10 923.44
945.17 934.21
951.09 933.00
948.45 926.16
944.34 943.44
948.70 941.81
967.66 939.83
941.72 953.38
946.21 941.91
910.00 926.74
948.89 957.71
965.13 919.41
965.39 938.59
964.17 938.38
945.11 946.85
953.58 953.76
499.63 591.89
422.73 402.60
511.59 532.11
0.00 0.00
0.00 0.00
0.00 0.00
913.23 931.89
911.51 948.82
945.94 922.90
962.60 919.62
940.71 912.02
940.90 940.24
948.03 934.55
963.09 980.15
942.31 975.87
58.68 53.62
0.00 0.00
519.49 539.61
940.04 946.77
942.68 952.95
937.36 946.02
945.59 920.74
930.23 914.65
947.90 933.77
968.04 917.00
936.79 891.03
956.11 922.21
956.64 961.61
929.86 926.22
943.32 926.83
948.05 927.68
951.74 917.39
933.12 909.84
947.47 913.62
945.49 921.97
948.06 932.68
945.24 909.70
953.47 954.67
980.32 930.45
954.92 939.89
966.92 935.94
957.09 938.83
962.90 929.10
945.59 937.20
959.93 938.63
945.27 953.51
951.95 918.32
963.74 869.56
956.90 950.23
975.54 901.61
957.20 940.78
921.25 816.81
952.65 481.80
963.87 672.50
956.51 877.44
949.30 840.53
960.48 947.52
958.26 956.21
955.20 945.81
953.08 933.98
961.90 926.29
943.28 779.17
957.34 545.10
817.01 383.97
18.50 608.16
572.74 373.14
513.08 699.56
828.31 939.46
945.23 939.98
872.85 942.15
956.54 958.53
958.33 914.86
608.49 930.23
0.00 925.67
440.09 930.50
255.57 541.18
489.57 520.45
941.79 951.08
933.01 918.84
945.30 934.16
938.69 944.33
932.72 936.99
975.20 941.09
985.40 941.11
941.90 921.17
973.28 925.67
937.40 961.53
954.50 921.35
940.29 937.48
961.33 947.40
963.91 942.09
948.63 940.83
945.37 936.09
958.75 931.62
955.36 933.73
826.86 955.73
0.00 99.32
0.00 0.00
0.00 0.00
564.86 526.57
968.22 949.28
947.97 915.87
928.62 931.33
935.15 916.42
938.88 909.91
953.28 926.68
950.08 882.45
957.09 281.00
937.38 755.64
947.29 60.00
959.50 146.50
305.02 874.11
0.00 218.00
740.11 928.19
945.69 954.45
958.05 920.57
945.17 900.12
948.33 284.50
725.48 765.72
750.10 945.93
857.62 905.68
668.71 255.91
0.00 32.00
507.16 870.44
852.69 919.63
939.35 831.96
870.87 892.79
880.78 472.64
396.84 747.93
812.18 893.06
837.89 449.87
590.41 584.08
590.63 898.47
956.35 248.00
0.00 35.50
507.46 870.85
57.79 802.78
150.70 235.36
952.07 933.54
925.97 921.03
920.08 939.25
954.82 937.88
936.33 928.49
944.63 950.56
948.32 936.07
957.92 923.20
960.95 902.54
944.85 256.31
621.93 792.70
793.45 941.17
895.53 806.91
939.61 879.15
960.03 43.00
0.00 165.52
551.52 951.96
20.93 585.18
81.20 477.99
951.06 915.31
940.10 945.32
958.24 933.81
946.90 916.11
982.20 952.11
960.05 930.98
946.81 954.04
948.97 938.90
949.94 928.77
943.39 924.01
945.99 938.02
530.45 924.79
677.16 929.88
0.00 934.17
814.67 933.99
938.56 939.39
953.84 929.79
930.26 941.04
907.09 924.38
940.40 950.08
621.08 677.46
0.00 0.00
113.79 128.80
915.84 931.75
938.21 942.25
959.65 898.94
932.45 907.40
969.97 951.90
946.58 923.88
944.01 896.49
945.25 879.65
950.51 264.10
962.53 779.25
952.88 943.62
954.63 566.37
579.22 32.00
400.85 484.15
952.71 946.93
946.93 829.52
939.07 223.67
582.34 966.47
668.99 930.63
930.00 959.00
920.08 907.30
953.88 948.46
936.84 958.56
929.67 948.72
757.97 950.78
0.00 930.81
0.00 876.27
820.08 811.48
912.94 953.66
935.82 914.73
937.44 917.97
965.13 929.86
957.47 932.11
958.03 941.97
942.82 927.47
932.19 915.88
953.06 922.21
973.66 933.05
952.32 922.92
936.79 916.43
947.17 929.53
959.42 913.61
952.44 953.70
971.06 924.85
961.51 924.74
958.52 963.21
968.21 922.89
275.69 717.30
0.00 0.00
424.29 395.64
936.02 933.18
961.78 933.90
936.54 949.04
950.19 921.94
940.28 920.38
959.90 922.85
930.30 938.60
961.67 945.68
931.78 866.75
915.65 276.53
956.90 614.11
975.82 157.00
896.99 29.00
0.00 968.38
733.11 896.11
949.30 215.54
688.06 217.16
660.55 942.62
106.82 552.50
146.95 480.97
980.91 912.67
935.18 947.16
909.02 936.31
476.49 945.36
0.00 939.93
0.00 414.51
116.92 121.63
943.14 959.36
920.37 935.78
966.44 927.08
920.91 936.40
957.00 918.01
960.53 921.52
970.02 868.46
954.19 651.95
941.34 438.13
951.37 921.76
946.46 832.32
957.90 868.88
950.20 404.00
968.93 143.83
614.67 548.82
551.17 909.86
694.04 144.02
438.00 942.39
802.64 921.16
939.71 927.41
936.56 931.02
942.29 928.59
902.94 942.65
921.68 934.73
785.16 947.93
363.74 951.73
946.89 751.73
953.79 308.50
623.87 933.67
955.84 492.76
946.48 33.00
236.15 569.69
420.99 903.36
0.00 232.26
136.70 874.99
948.52 938.57
918.93 933.41
960.36 955.95
937.40 941.85
965.80 920.86
962.00 934.66
967.61 932.96
945.48 930.35
921.55 908.46
970.12 915.52
934.42 939.05
962.52 942.62
966.34 951.48
947.81 930.82
351.30 944.98
383.53 965.75
940.27 926.11
932.10 933.90
911.50 941.55
945.04 918.67
943.44 972.53
944.06 936.77
957.02 961.97
945.33 943.77
936.49 933.86
969.02 921.97
912.85 916.50
963.28 927.86
892.07 954.44
705.23 925.84
520.17 718.31
781.32 791.09
476.08 480.11
640.18 624.96
908.68 925.38
936.78 929.43
938.70 897.90
104.79 146.29
0.00 0.00
642.60 700.10
314.85 262.71
939.73 904.99
934.61 898.78
963.36 930.61
905.97 908.18
937.01 932.55
944.54 958.22
976.31 937.04
957.25 934.94
946.76 929.56
940.55 925.42
957.69 945.89
943.48 917.95
907.24 936.93
906.16 952.11
589.36 707.95
0.00 0.00
486.14 470.90
930.73 928.57
956.00 923.38
917.78 927.28
956.80 935.72
281.71 295.22
606.26 613.98
934.99 938.22
933.97 925.40
953.32 928.90
880.67 929.40
183.91 168.43
936.30 910.64
907.48 925.96
929.55 919.41
940.96 929.16
942.95 927.93
949.70 920.09
960.53 933.20
942.62 919.18
938.40 947.58
934.21 924.94
938.33 946.52
948.26 942.85
928.52 946.18
945.71 941.50
963.00 943.68
957.06 936.23
284.81 439.00
940.25 916.56
385.29 381.09
600.80 621.75
208.79 216.86
0.00 0.00
326.07 292.70
820.50 813.88
937.26 926.16
943.47 924.21
951.71 921.57
957.92 923.67
952.03 939.35
941.28 918.89
937.93 965.39
960.05 916.40
952.46 926.93
947.53 925.58
929.33 938.16
962.93 945.69
949.04 910.01
962.82 933.06
959.06 936.19
950.86 920.81
936.73 947.66
938.30 946.25
961.66 924.01
15.79 339.12
139.31 130.06
951.69 921.53
946.43 941.49
941.59 960.31
955.92 919.36
949.09 922.81
939.41 898.96
955.52 934.25
938.65 951.09
939.69 929.89
957.86 935.65
940.84 936.09
947.89 950.71
945.06 928.58
950.77 935.69
956.42 939.61
953.83 927.08
916.26 927.31
943.86 940.66
587.25 815.06
749.49 722.33
247.64 262.29
453.91 458.19
0.00 0.00
0.00 0.00
610.83 591.78
925.34 909.60
948.45 929.19
955.41 912.59
945.98 942.00
944.49 925.86
859.27 941.28
214.38 926.78
970.80 955.17
553.64 931.19
33.00 945.42
568.05 939.92
617.00 918.67
663.70 520.20
427.00 904.25
642.36 135.67
959.32 950.39
961.27 833.43
934.13 921.36
954.01 935.31
937.36 919.24
963.77 685.79
961.88 0.00
930.55 0.00
0.00 0.00
58.08 60.65
922.15 907.79
948.73 926.86
964.81 924.80
945.93 936.58
939.55 925.74
948.58 913.55
946.99 926.56
955.18 923.87
909.33 928.25
941.01 918.18
958.15 956.14
960.94 928.33
957.10 931.96
946.67 938.16
263.64 521.75
293.85 289.15
943.42 938.66
956.95 916.81
952.34 928.76
940.26 903.67
911.50 933.07
0.00 60.16
238.95 238.01
924.46 937.48
960.29 907.38
945.65 938.26
934.02 923.70
928.27 936.23
959.95 907.94
960.76 929.44
929.45 927.44
947.24 933.93
945.01 944.29
954.56 919.80
974.76 920.02
969.49 948.82
946.08 937.04
959.84 926.23
968.10 950.91
949.22 944.81
971.95 924.81
953.12 920.14
856.61 921.29
942.22 940.92
953.55 949.10
884.66 949.39
0.00 252.55
125.73 114.04
967.76 941.23
906.24 917.80
949.54 925.07
949.84 931.91
947.96 935.82
927.15 928.83
955.14 924.55
945.00 928.46
948.14 926.91
957.88 916.50
956.59 953.70
971.83 943.25
942.03 952.93
975.45 927.00
942.51 937.93
182.66 410.18
755.75 755.27
933.56 894.93
450.63 489.46
640.61 600.79
772.39 815.61
477.44 476.80
277.59 265.93
390.34 431.87
825.03 793.21
927.56 932.47
931.93 924.84
943.69 925.59
912.27 939.67
967.27 935.69
955.84 941.51
952.89 951.78
944.52 923.15
949.89 936.91
941.25 949.60
954.25 959.75
965.19 949.18
944.18 956.78
947.51 927.44
944.76 936.01
960.51 934.54
966.59 923.36
962.94 941.79
665.89 831.38
929.17 921.53
947.11 905.66
946.60 921.62
951.15 906.00
956.00 933.96
941.11 935.94
940.96 931.65
933.84 941.52
932.95 924.10
931.38 939.61
933.59 917.35
956.47 962.75
938.19 929.25
955.96 946.10
936.90 917.51
960.03 921.15
969.23 936.41
950.68 928.42
947.61 936.73
493.40 789.92
914.40 905.43
925.68 901.70
963.48 923.94
948.82 932.56
952.89 946.96
940.55 904.69
967.46 923.73
949.04 933.44
967.42 943.23
952.10 939.91
935.74 937.44
944.43 913.04
918.59 957.27
960.33 926.71
959.56 946.07
949.19 926.11
947.12 961.69
964.17 927.29
817.27 940.87
613.03 773.61
0.00 0.00
461.98 530.87
87.82 941.43
726.71 946.11
885.73 942.34
185.00 926.16
962.74 919.13
945.18 817.34
955.28 954.27
932.74 947.33
934.72 941.62
942.81 922.04
952.05 958.91
942.48 945.87
968.61 948.03
941.00 931.39
958.51 933.84
936.15 931.50
940.77 932.73
949.50 942.71
947.54 921.89
953.81 264.00
959.69 0.00
664.24 654.56
922.36 929.79
918.29 933.03
953.70 932.25
959.81 932.68
957.66 963.83
956.52 949.94
960.25 932.51
951.88 943.57
928.66 940.09
955.95 927.20
932.27 944.31
953.30 932.84
946.52 943.41
933.68 948.65
964.50 934.50
946.83 929.08
966.35 927.93
949.23 940.06
828.00 937.59
587.19 689.50
0.00 0.00
0.00 0.00
627.38 585.62
921.33 916.38
934.53 928.98
958.06 957.44
946.56 908.83
954.47 922.96
946.67 949.35
949.98 933.58
958.20 912.30
967.17 924.45
949.80 933.49
964.40 957.52
936.46 909.55
951.35 930.45
961.10 943.31
946.79 925.88
934.87 936.08
949.88 904.78
963.47 930.62
832.41 958.85
0.00 224.88
261.54 244.38
417.29 454.63
0.00 0.00
762.34 690.45
949.61 939.10
933.44 952.88
933.96 905.90
938.71 908.04
965.85 950.23
962.97 929.65
947.24 943.73
922.95 941.77
950.33 954.24
957.26 926.33
969.09 934.37
952.87 938.71
951.51 925.50
947.42 938.55
949.61 929.61
942.21 881.05
948.13 629.46
32.59 421.97
572.33 828.77
532.66 551.71
591.64 557.08
845.60 716.02
959.04 201.87
858.74 751.46
707.71 273.01
0.00 952.54
311.06 778.36
955.97 939.81
948.74 923.92
941.86 930.78
954.00 919.17
945.55 919.35
930.09 944.54
943.15 925.71
962.37 938.04
956.47 937.49
949.04 920.50
953.91 938.85
958.95 945.66
951.43 913.17
937.21 919.37
936.37 944.28
977.23 922.12
943.11 919.29
944.24 954.02
961.32 932.93
127.06 462.41
80.72 85.84
931.57 941.41
931.91 922.87
930.77 926.61
945.27 940.54
940.10 924.16
957.58 905.33
937.99 922.82
940.56 938.85
951.10 948.84
928.99 939.59
943.36 933.82
948.06 905.91
967.47 955.31
939.32 924.80
933.69 938.40
995.34 941.53
934.32 939.77
958.92 938.23
954.11 949.26
415.48 628.16
107.86 84.24
593.55 595.80
0.00 0.00
703.18 688.28
914.40 916.10
948.36 928.56
945.30 936.63
960.77 925.51
948.85 934.60
949.66 928.76
959.09 941.00
965.66 927.81
843.59 903.91
248.46 348.42
58.71 53.29
952.11 922.12
941.47 932.19
933.26 910.58
951.28 912.54
956.75 904.79
948.43 393.11
950.31 673.55
941.52 895.69
955.92 169.00
581.76 46.97
564.49 923.98
962.80 924.50
941.03 398.80
364.92 668.50
858.26 958.89
931.73 973.12
249.36 943.39
702.42 926.12
657.95 935.16
896.69 933.35
969.33 912.18
545.42 932.86
96.72 595.21
938.43 939.48
940.96 930.08
972.50 946.22
949.45 923.01
935.79 961.80
944.29 943.33
923.69 929.19
960.24 940.65
949.41 926.74
938.22 944.72
949.93 955.46
949.59 937.42
961.01 930.03
921.10 942.87
0.00 89.51
595.78 547.86
940.16 940.27
963.27 937.36
971.45 930.64
952.48 947.42
949.82 924.42
962.85 929.60
915.24 927.15
948.30 939.39
950.98 925.94
938.75 914.60
944.20 945.30
939.80 930.95
932.90 930.96
934.64 951.47
949.78 942.22
949.04 943.82
965.33 978.30
937.26 951.35
881.97 944.58
0.00 89.51
0.00 0.00
936.77 941.23
951.10 921.38
943.33 943.96
974.43 961.03
937.33 955.34
948.85 960.22
951.76 924.38
937.28 935.47
955.57 926.86
952.57 925.76
952.77 956.17
942.86 944.60
941.74 933.88
949.11 935.73
967.63 913.17
970.18 932.70
965.20 931.97
949.12 956.05
965.33 919.31
943.62 932.20
152.29 411.85
0.00 0.00
170.61 172.06
949.50 941.65
969.68 920.01
935.00 927.80
956.46 932.36
935.11 905.77
955.90 943.36
966.77 921.17
960.55 908.95
982.43 941.92
922.56 905.71
973.96 937.64
948.19 927.77
965.69 933.04
975.75 955.72
951.55 921.39
960.39 920.11
952.99 939.85
932.62 930.07
924.93 890.48
234.22 698.73
0.00 0.00
696.58 690.79
211.08 205.36
927.41 922.37
914.42 937.87
936.88 929.15
924.53 925.38
942.12 932.74
904.04 899.62
941.69 952.62
948.42 933.95
948.89 965.17
964.54 926.74
941.11 944.18
953.48 928.05
951.03 960.03
948.14 943.85
957.21 933.87
935.13 938.07
940.40 925.15
948.44 931.99
934.96 924.40
940.41 921.34
936.61 908.44
922.72 933.27
311.39 511.77
901.67 808.38
929.99 920.79
950.42 902.52
933.63 946.26
962.89 937.20
982.12 923.30
951.70 952.45
934.32 933.61
919.71 929.46
952.10 923.75
967.26 927.17
945.65 848.71
952.94 191.09
934.08 919.50
944.36 160.46
440.51 31.64
590.22 677.13
912.49 301.00
722.28 957.68
210.50 941.11
942.30 950.69
632.85 946.79
687.83 919.28
0.00 947.98
0.00 255.87
899.20 907.65
950.80 919.85
961.55 907.08
946.77 927.75
939.87 935.94
949.51 890.95
953.67 958.74
934.66 909.72
963.26 922.19
988.89 931.26
940.22 938.95
965.30 958.73
957.11 934.40
955.47 902.47
944.96 948.81
964.88 929.67
950.99 938.19
949.34 936.48
946.06 924.79
437.92 856.63
0.00 0.00
0.00 0.00
886.67 900.81
943.71 921.37
935.91 917.11
935.22 954.39
934.67 924.73
934.36 947.34
948.54 922.32
937.89 915.70
940.37 901.92
943.41 922.98
954.86 936.78
939.43 922.86
959.01 951.51
949.50 921.38
960.82 940.25
939.54 936.08
941.74 949.69
956.30 933.52
965.11 930.34
571.13 767.18
0.00 14.38
784.26 788.34
914.34 896.79
928.97 923.78
934.79 914.09
970.74 937.45
924.83 912.36
940.98 914.08
960.51 919.06
942.04 936.41
963.51 942.56
952.23 916.79
952.73 921.14
949.87 921.07
966.53 914.94
960.78 938.49
943.12 937.18
959.34 935.63
961.40 912.06
952.04 940.15
961.65 942.34
369.13 812.07
0.00 0.00
0.00 0.00
0.00 0.00
564.15 571.31
925.06 911.81
951.12 916.01
966.10 941.58
954.82 910.16
967.27 906.58
951.20 941.49
942.86 914.17
933.70 950.50
959.26 951.44
939.95 912.56
956.04 929.32
967.11 935.34
943.83 918.86
955.15 943.86
965.74 918.14
951.59 939.46
948.83 948.15
944.35 922.87
818.77 944.08
0.00 268.37
338.80 333.75
349.67 358.91
82.71 94.65
877.13 891.75
923.50 952.08
933.28 940.55
937.65 925.81
937.66 928.95
960.02 920.24
947.14 941.56
937.17 928.11
936.16 939.36
941.98 913.93
962.61 946.36
950.02 926.77
948.54 917.90
952.61 931.58
960.53 946.44
478.14 614.65
729.46 718.99
257.47 227.51
454.18 488.00
935.29 960.91
944.10 921.99
956.24 918.02
961.07 907.06
938.90 950.71
928.98 922.51
249.67 311.15
0.00 0.00
0.00 0.00
842.90 814.33
951.20 927.38
939.12 946.65
946.80 922.13
943.23 928.29
923.47 946.83
921.46 912.54
944.06 920.27
952.01 966.36
943.69 911.23
938.84 916.69
954.07 946.56
945.91 930.92
933.25 931.44
940.04 944.57
957.04 940.63
936.42 961.86
935.88 946.23
942.74 946.37
699.58 827.17
0.00 0.00
407.50 426.66
964.42 950.84
948.12 941.47
917.74 899.62
933.31 919.36
961.86 921.98
942.94 932.88
944.51 922.21
934.15 904.23
956.42 943.60
946.57 946.71
941.02 917.04
965.33 947.95
929.97 981.53
947.33 922.04
941.77 945.87
941.68 948.63
921.81 944.16
970.78 918.85
968.60 937.17
813.76 933.38
0.00 55.80
0.00 0.00
0.00 0.00
0.00 0.00
827.51 816.76
953.37 912.10
945.90 924.58
946.23 927.55
925.25 917.87
948.54 919.33
954.28 950.40
939.27 949.65
948.55 919.89
931.57 933.16
946.42 932.60
974.89 913.97
975.27 911.08
965.53 946.15
957.30 917.73
949.00 479.65
936.31 570.65
953.42 921.34
972.14 240.00
558.06 32.34
38.02 903.97
937.66 770.14
687.71 271.87
946.47 910.36
482.59 945.04
790.43 920.84
979.17 957.97
973.06 942.10
945.27 929.66
935.46 934.08
958.00 937.74
953.77 932.68
945.02 938.13
953.60 936.24
959.50 938.05
960.05 961.27
951.98 955.18
944.63 934.16
934.32 935.64
944.45 933.10
941.02 935.73
953.09 916.12
90.82 971.43
951.65 960.11
949.60 951.73
963.20 942.85
931.18 938.12
944.89 944.55
960.75 938.42
957.26 958.01
955.73 968.74
959.26 934.23
944.81 938.88
942.88 933.17
959.71 909.14
932.95 927.54
973.98 913.23
956.64 928.13
962.51 945.48
962.19 941.30
949.29 929.71
953.89 916.43
951.06 941.79
975.72 921.29
928.03 918.28
949.67 930.71
948.65 942.61
970.12 939.19
948.50 943.12
943.15 931.09
931.70 942.76
950.71 925.20
974.03 950.57
965.43 919.13
924.33 908.96
945.30 920.84
944.98 915.46
938.84 927.34
599.18 929.11
755.86 918.39
716.27 836.89
352.88 693.65
470.57 497.98
36.51 355.62
914.56 509.60
944.73 185.53
953.32 750.29
958.82 328.75
513.69 931.56
0.00 924.78
75.22 707.83
937.33 915.50
935.36 942.12
940.44 909.56
928.22 922.86
956.89 946.67
949.29 933.30
945.03 931.41
944.61 959.77
602.13 636.09
916.63 943.38
935.07 974.65
946.77 931.65
950.13 913.32
955.01 907.46
939.92 949.75
947.58 962.76
958.16 920.16
950.55 922.98
953.95 958.71
937.30 932.44
610.00 682.60
0.00 0.00
54.51 54.51
929.29 927.12
945.93 941.33
943.96 913.17
945.88 948.93
954.30 933.33
948.83 927.90
931.17 933.21
959.15 924.97
943.53 941.05
953.90 955.44
933.66 915.97
954.43 935.82
958.16 940.09
952.19 927.52
987.66 935.71
940.21 916.79
951.73 928.27
960.44 940.84
965.07 935.71
369.09 678.53
473.87 483.54
938.69 916.08
928.05 939.41
954.06 846.76
598.79 578.42
326.69 480.30
535.38 530.09
0.00 0.00
0.00 0.00
536.32 526.27
945.28 933.27
931.80 965.55
949.10 942.03
965.13 930.41
938.48 915.80
929.04 909.64
947.18 922.64
946.36 903.12
895.93 909.61
899.35 904.17
916.27 913.35
950.54 963.10
937.52 958.30
950.52 933.79
111.41 208.33
60.84 58.91
550.25 542.96
621.55 629.26
902.25 926.96
943.32 952.26
956.07 933.23
956.47 918.04
952.27 931.40
953.98 919.04
937.28 911.01
139.93 242.64
204.60 220.40
955.53 937.05
940.78 941.42
955.31 939.27
921.80 925.74
940.38 928.66
981.05 938.88
925.79 922.73
941.82 907.59
895.56 911.56
937.13 932.56
927.90 953.98
795.98 859.40
0.00 0.00
0.00 0.00
134.03 142.51
928.35 962.20
935.08 944.68
954.32 930.55
937.30 912.10
926.82 925.27
950.84 926.28
904.47 927.56
963.32 928.43
936.95 930.19
935.85 931.00
948.73 938.30
942.42 939.77
976.45 908.69
955.75 935.83
946.32 921.17
944.71 931.76
972.05 941.91
957.81 932.34
947.89 897.93
392.06 672.53
0.00 0.00
632.28 680.42
0.00 8.77
0.00 0.00
676.00 564.12
957.72 949.49
947.84 963.10
939.15 960.29
924.76 823.63
935.62 349.76
958.05 931.04
950.56 925.77
906.05 938.17
969.46 918.88
958.19 940.55
972.00 938.10
948.70 929.04
958.53 937.09
947.97 932.24
950.96 963.05
958.63 937.09
502.38 937.76
744.42 962.48
885.11 904.67
409.06 641.59
723.02 652.60
936.59 908.60
790.49 832.46
825.70 765.74
314.16 408.17
214.28 173.08
894.74 905.99
952.49 962.39
944.94 925.60
935.07 918.38
998.82 927.47
939.60 920.76
962.07 930.54
950.18 923.57
950.90 938.76
945.55 928.99
955.24 929.84
943.99 912.50
941.77 932.58
956.80 937.65
947.69 939.00
944.40 955.50
953.27 945.22
929.08 951.88
954.27 925.76
332.51 591.46
629.99 596.32
928.46 915.57
926.80 915.25
943.73 918.41
933.94 918.57
947.80 942.75
934.59 931.59
892.27 926.04
955.39 927.90
964.42 946.50
944.32 917.08
961.91 921.39
950.05 933.68
970.15 909.02
958.03 948.84
948.54 948.27
292.36 559.55
578.00 560.43
914.51 907.82
555.71 570.07
604.99 593.07
758.46 790.94
0.00 19.01
704.10 661.11
616.86 612.06
931.81 929.60
926.70 930.90
922.63 936.71
934.66 949.43
949.99 907.85
915.60 931.17
939.86 924.71
932.41 926.69
947.51 914.79
942.52 936.01
847.79 977.84
221.50 577.64
890.44 511.29
70.12 51.42
151.48 863.47
954.54 942.02
599.64 951.75
447.34 954.75
956.86 923.00
973.52 915.40
958.14 940.50
942.13 43.53
536.93 0.00
0.00 0.00
439.27 448.74
945.89 917.65
935.71 903.65
947.13 957.84
928.24 916.92
955.93 943.96
946.50 939.94
951.55 929.18
949.69 923.31
948.45 923.35
947.14 940.72
972.01 939.23
960.61 939.33
965.56 936.41
967.51 945.56
963.66 952.00
946.23 925.51
964.61 927.39
938.81 930.54
932.05 930.20
496.45 810.02
958.93 913.59
934.36 922.71
943.39 898.99
940.24 921.02
936.06 919.21
948.44 936.34
967.80 934.96
874.97 912.78
178.22 291.10
746.38 948.92
940.17 917.53
735.24 593.19
332.28 623.08
954.55 814.12
970.80 934.67
937.93 934.46
933.26 894.19
959.35 917.80
947.73 932.60
946.81 595.43
959.73 445.98
948.12 915.59
939.93 374.23
951.17 712.25
587.80 944.30
541.59 956.46
961.20 914.92
934.67 929.17
946.12 916.42
951.40 916.03
961.23 929.84
942.52 949.10
938.43 934.28
951.56 909.73
959.38 967.16
950.84 919.55
944.40 914.49
959.71 925.67
959.45 937.04
963.51 924.50
974.03 935.44
916.39 920.48
943.42 929.68
540.81 935.75
922.26 917.91
0.00 804.93
776.88 779.38
66.79 62.30
532.32 563.52
909.84 911.66
931.04 938.17
923.89 947.39
941.26 928.17
948.20 952.55
950.98 907.89
810.00 931.98
291.63 926.31
956.01 919.76
490.43 952.83
401.66 950.02
331.66 911.45
904.89 924.79
188.64 215.49
972.81 748.68
936.43 914.29
946.00 922.37
954.42 940.92
966.63 929.99
948.27 937.74
958.77 478.90
675.17 0.00
388.69 84.79
918.77 882.26
843.88 931.55
170.06 933.78
194.50 966.07
880.18 930.19
194.69 928.09
982.75 0.20
946.72 817.56
957.22 935.56
946.20 937.29
947.88 930.89
945.65 919.06
946.98 929.00
946.94 943.22
942.71 935.53
954.50 937.33
950.19 924.61
938.79 946.30
957.22 910.38
959.04 964.80
955.96 797.60
965.11 39.40
948.28 650.04
848.27 672.18
178.35 149.63
476.99 481.25
778.37 772.69
930.97 912.61
818.64 829.86
40.44 43.88
932.57 648.82
974.73 37.83
966.65 233.30
842.72 641.98
0.00 411.00
0.00 924.22
651.18 634.45
938.08 413.92
726.02 953.63
829.22 934.39
498.92 930.28
952.55 930.06
947.33 949.92
940.84 932.15
945.17 910.59
944.19 934.91
875.87 925.52
939.29 921.56
824.01 932.03
806.08 930.16
951.10 911.58
953.74 920.62
727.40 931.52
647.13 848.62
939.83 902.28
935.91 941.13
949.47 918.82
934.16 934.27
706.45 709.81
269.50 321.62
63.35 0.00
0.00 0.00
0.00 0.00
0.00 56.62
5.03 0.00
51.59 0.00
0.00 55.63
56.61 0.00
183.09 183.49
0.00 59.42
865.38 842.80
796.31 787.85
440.69 419.85
362.33 321.49
0.00 113.78
571.25 517.54
142.61 182.46
48.51 36.52
823.00 774.68
793.59 826.64
470.15 470.88
640.58 642.64
0.00 0.00
647.04 695.60
0.00 0.00
0.00 0.00
82.44 48.74
972.15 931.34
926.12 953.68
960.85 943.21
906.65 912.24
358.39 922.31
752.39 934.32
911.43 952.43
873.59 957.05
895.14 927.75
726.68 288.39
556.68 926.09
317.92 931.13
612.62 680.15
176.00 373.37
965.44 940.69
964.89 942.63
957.02 949.19
943.00 934.46
956.75 924.68
953.63 924.53
963.11 914.56
954.72 317.93
950.80 457.93
959.31 918.77
937.01 916.22
937.55 916.87
920.31 948.62
940.14 943.47
963.54 927.41
937.13 919.44
940.79 937.93
970.42 951.35
938.84 924.03
951.63 939.57
965.39 943.74
949.52 915.48
942.04 934.08
963.62 937.19
956.59 953.44
948.58 933.68
938.07 924.59
950.00 946.16
964.29 943.39
959.90 962.42
928.65 929.73
168.18 873.99
636.58 0.00
34.00 925.10
459.03 921.06
153.00 478.17
965.01 926.71
947.46 900.55
971.05 951.78
959.08 934.52
962.33 914.10
945.64 935.72
976.11 923.94
966.83 931.81
968.99 811.95
961.88 865.28
960.24 0.00
247.25 0.00
187.76 196.94
933.80 914.31
941.05 930.52
947.02 938.57
939.63 936.33
939.76 935.95
941.12 935.32
941.12 923.67
929.56 922.10
82.47 120.00
0.00 0.00
759.70 741.80
958.28 922.21
921.51 936.15
954.89 912.31
940.42 944.08
948.42 937.13
951.99 947.27
962.96 937.03
938.16 947.16
926.85 940.60
564.43 682.17
579.41 579.68
0.00 0.00
671.34 654.51
953.65 960.43
941.83 929.96
937.70 937.70
958.67 915.88
967.33 918.93
970.83 942.51
955.13 953.90
750.46 873.27
936.78 949.16
956.12 918.35
173.30 203.24
936.17 902.12
504.50 530.19
0.00 0.00
817.91 700.99
942.70 910.02
964.53 937.94
924.06 923.08
963.56 919.67
950.40 939.44
946.12 913.18
955.05 933.49
946.01 940.24
940.35 912.13
959.55 944.98
955.01 937.14
361.21 448.90
944.90 479.88
554.73 914.53
975.73 342.96
476.45 32.00
928.39 746.68
953.77 892.84
696.91 157.84
515.51 948.38
875.94 938.21
0.00 928.40
0.00 738.61
49.20 44.50
793.54 809.05
925.53 932.09
951.27 945.95
949.68 925.31
954.63 920.12
955.00 938.23
955.24 921.99
922.56 939.84
971.69 950.40
945.94 935.54
946.86 941.15
964.87 950.23
954.50 944.10
954.29 930.17
589.42 738.56
787.35 778.54
942.86 947.92
931.90 932.11
297.03 310.31
945.52 934.94
814.28 850.37
127.29 143.01
585.95 549.47
0.00 0.00
243.59 229.59
939.42 936.33
967.78 914.89
938.52 935.62
954.53 951.86
947.74 945.78
962.06 928.36
971.03 936.15
965.36 934.60
914.95 935.79
968.08 939.12
942.11 922.07
974.04 884.51
947.38 240.95
934.45 829.52
949.88 877.82
960.64 33.17
936.36 172.00
700.07 965.58
673.76 570.98
0.00 483.53
604.26 925.47
198.88 881.48
219.07 349.08
912.28 401.35
954.84 603.32
731.34 36.01
0.00 120.53
865.47 492.56
129.82 577.00
541.21 922.33
918.12 917.38
929.40 926.77
928.05 927.11
944.08 939.61
922.60 944.10
970.20 945.23
921.93 935.97
391.05 949.92
672.39 948.58
908.65 933.89
482.50 930.53
194.57 952.69
495.60 958.40
841.59 931.48
898.93 924.05
945.73 920.70
937.80 969.86
952.67 951.88
939.36 917.80
956.36 918.85
954.77 808.53
444.27 0.00
0.00 0.00
619.49 703.14
419.94 938.72
153.79 955.75
560.75 961.58
301.12 925.75
912.54 888.45
910.45 794.66
931.84 408.36
97.53 625.03
0.00 517.54
390.00 505.49
911.50 874.56
950.26 358.25
636.63 704.40
909.71 942.48
477.23 937.91
946.70 962.27
964.83 973.66
943.17 951.87
933.10 933.98
950.08 933.62
955.15 950.27
965.42 934.39
950.57 901.94
922.78 956.55
944.54 939.33
948.37 941.69
684.83 933.03
703.64 920.00
929.88 928.77
523.46 940.94
349.71 937.50
959.61 942.28
943.45 948.49
956.48 929.28
951.49 934.21
937.00 957.82
930.37 933.84
968.09 928.95
965.44 933.65
933.70 936.38
944.03 938.84
948.16 917.75
916.84 945.92
932.61 932.25
940.12 946.54
942.36 913.91
627.25 934.37
929.58 952.17
302.83 739.89
689.31 657.34
0.00 0.00
0.00 0.00
460.79 481.40
936.17 936.14
911.86 894.79
927.33 921.16
933.77 929.29
948.00 925.38
956.55 956.78
952.29 914.17
943.32 904.02
711.45 298.05
933.88 773.58
0.00 698.63
706.21 246.66
921.40 104.87
948.89 945.63
958.76 933.83
963.99 934.66
943.49 534.73
950.89 522.57
766.37 942.03
421.63 976.45
907.59 924.33
0.00 937.15
0.00 389.19
857.96 839.76
960.75 932.88
964.57 929.82
346.10 392.12
769.71 821.41
0.00 0.00
0.00 0.00
635.93 601.01
820.40 782.47
949.99 922.90
934.68 932.35
956.18 902.06
967.56 906.81
944.19 938.02
957.20 926.84
939.81 956.19
953.30 928.49
956.06 934.50
934.38 918.32
958.04 928.04
943.94 928.15
938.90 952.79
971.85 938.87
948.78 920.09
953.59 888.62
954.85 171.00
948.90 900.02
929.05 870.47
942.87 517.00
748.24 31.50
402.55 573.93
949.30 887.48
943.04 241.50
196.20 817.58
619.43 421.46
733.94 923.52
921.50 903.56
737.29 422.68
124.97 32.74
943.27 644.05
292.99 954.40
847.76 660.60
837.11 405.75
604.10 942.16
588.63 948.03
845.13 943.98
913.88 915.75
954.34 944.00
969.62 942.94
928.74 928.84
958.28 933.67
499.71 939.82
0.00 943.97
823.99 944.61
584.82 960.38
0.00 434.17
0.00 0.00
60.83 0.00
117.08 118.31
951.17 926.34
940.43 979.53
960.03 919.45
919.92 952.85
944.45 938.70
966.33 948.56
949.65 924.96
941.74 925.16
933.15 908.16
958.41 938.97
951.82 949.44
945.77 970.97
940.11 933.87
943.07 923.12
953.13 918.77
963.36 872.60
973.57 695.90
959.51 389.36
960.44 760.23
261.19 33.00
0.00 312.10
741.96 919.78
402.90 472.34
955.32 542.69
943.93 974.83
928.78 921.93
946.35 942.55
965.47 952.84
945.77 952.90
941.34 934.22
948.09 939.07
916.65 955.55
303.50 931.46
800.38 958.01
884.22 954.40
53.00 943.63
172.00 951.69
945.95 913.52
588.07 948.18
490.00 920.60
960.40 931.07
944.62 832.36
960.70 906.91
965.98 726.78
946.65 946.74
941.89 956.82
948.82 794.31
953.51 690.35
934.49 914.26
954.00 301.96
786.91 340.19
953.66 926.67
928.23 901.61
958.14 924.22
952.14 961.95
965.48 938.60
948.66 908.49
941.73 935.65
948.33 926.86
949.81 938.23
929.68 917.86
948.56 938.69
960.28 920.33
934.32 934.31
960.35 909.72
963.36 933.45
966.92 921.24
940.03 938.21
159.36 434.42
235.62 68.98
630.53 465.27
944.64 687.61
968.37 349.50
931.64 951.55
947.05 944.83
944.96 965.22
958.04 933.38
787.85 932.45
0.00 946.85
0.00 159.37
835.09 798.27
948.67 895.29
951.12 910.27
948.55 910.49
986.65 930.06
944.05 958.71
954.62 922.00
972.31 916.79
738.45 949.96
0.00 35.93
607.60 561.87
954.50 938.06
944.97 944.37
945.89 905.83
192.73 275.03
0.00 0.00
0.00 0.00
0.00 0.00
694.28 686.16
891.87 926.72
968.04 925.70
953.87 939.18
929.99 925.17
934.54 864.13
927.88 904.42
944.92 903.04
944.74 773.94
966.27 476.00
956.22 914.25
954.63 333.10
947.72 34.00
853.67 738.37
945.24 940.14
234.20 579.76
468.62 479.82
928.30 945.17
947.96 949.91
952.43 926.98
954.35 933.66
665.25 924.82
192.74 939.19
759.83 939.53
946.70 917.10
955.93 928.18
951.68 933.43
901.84 922.96
940.21 911.61
965.56 913.82
945.65 945.79
952.58 916.39
956.70 828.84
956.88 747.32
972.37 284.00
947.52 932.90
954.74 518.41
751.46 32.50
0.00 573.54
938.65 890.50
278.23 242.01
304.94 873.56
952.58 900.39
949.64 932.45
936.03 920.57
939.13 935.08
934.74 935.83
949.10 955.80
942.34 932.23
8.29 952.41
0.00 945.25
0.00 386.41
487.93 482.71
953.35 913.79
937.32 926.93
963.64 949.21
963.30 932.50
946.12 927.29
943.57 758.76
938.54 266.00
938.54 866.10
949.06 48.00
962.15 158.51
755.38 930.36
964.39 910.38
874.40 289.97
827.76 816.26
165.88 925.18
943.83 890.42
943.40 435.62
783.45 672.86
226.02 772.78
933.56 32.00
332.55 277.00
98.52 933.68
545.16 574.36
658.46 521.00
537.27 947.79
943.97 937.03
937.26 963.19
552.26 901.74
0.00 290.00
184.45 749.41
928.42 886.09
954.23 90.32
948.13 128.71
761.33 951.09
708.18 625.78
480.88 416.17
458.37 929.61
957.26 918.61
961.96 930.84
945.83 945.96
942.08 944.78
939.27 934.88
963.54 952.11
939.57 911.18
952.06 927.85
967.43 948.35
963.15 932.35
976.93 946.97
917.68 943.91
523.18 923.45
808.05 937.71
53.87 926.82
968.20 952.52
37.44 957.62
0.00 26.84
0.00 0.00
0.00 0.00
908.03 865.86
966.51 901.01
969.76 941.00
944.41 920.48
947.32 954.49
938.91 941.43
942.33 933.75
938.51 921.80
958.50 924.65
959.65 950.71
974.92 937.39
947.84 930.85
923.23 957.34
994.08 929.46
936.25 930.78
948.14 932.12
962.13 922.54
955.84 940.02
964.17 971.15
410.58 768.58
167.38 151.59
516.00 534.08
0.00 0.00
632.38 638.09
948.73 931.66
926.31 948.67
938.28 943.89
958.08 921.67
956.61 942.99
956.08 931.44
931.85 924.43
950.23 946.09
942.84 927.42
939.33 930.29
940.86 890.27
961.50 934.48
968.16 948.80
969.22 978.04
948.58 907.57
957.63 952.14
955.21 944.00
949.20 925.24
753.54 947.21
0.00 68.90
568.02 564.46
949.89 915.37
950.05 935.59
923.32 913.57
928.31 923.41
954.29 912.38
943.41 923.16
951.13 922.67
936.17 949.17
936.92 948.88
945.43 939.84
953.02 915.12
939.43 936.60
932.54 574.44
948.95 465.50
966.61 899.19
959.75 369.80
824.24 32.07
194.06 739.81
937.33 935.63
958.78 585.08
948.75 496.09
629.30 925.18
892.91 916.02
850.78 930.85
0.00 968.16
0.00 946.62
758.15 923.33
956.38 920.20
917.60 905.85
954.99 942.31
956.80 927.65
955.99 917.42
944.63 932.83
943.12 938.88
947.28 922.64
949.64 953.73
940.57 486.24
946.71 560.00
951.51 909.33
937.56 263.50
947.71 44.81
153.08 802.01
945.17 939.62
921.88 510.27
846.97 548.69
585.54 957.69
635.54 928.53
417.76 943.52
359.50 941.30
925.88 943.98
930.77 936.19
945.91 949.37
958.51 929.49
947.39 929.61
948.70 980.27
948.75 938.43
950.66 931.25
949.05 921.16
947.90 935.04
951.90 937.51
951.86 907.06
954.85 958.10
942.94 933.88
950.17 922.42
956.01 940.60
924.02 924.47
974.95 914.98
961.27 931.50
110.97 930.83
688.04 957.23
880.74 955.44
947.06 929.55
945.94 932.90
954.45 925.59
943.58 916.26
966.37 926.68
935.73 927.45
951.57 944.83
940.74 936.91
948.98 942.35
932.36 932.53
960.79 915.00
921.55 949.36
810.18 960.72
888.80 940.70
942.32 935.94
947.32 943.14
791.18 831.07
640.98 679.51
887.96 877.87
398.78 413.06
0.00 0.00
0.00 0.00
423.82 420.06
934.74 929.09
957.51 910.14
945.74 932.24
957.92 952.25
927.21 946.74
951.47 929.82
921.63 946.81
909.37 927.64
944.74 958.88
940.55 925.44
945.31 927.07
941.01 938.79
947.28 938.57
968.10 939.04
962.92 911.35
969.11 962.96
938.32 930.14
954.06 935.46
962.65 955.44
97.97 257.57
0.00 0.00
534.23 532.23
874.96 870.51
969.58 924.30
943.79 917.08
944.22 932.56
935.43 920.00
951.04 934.76
954.21 913.89
956.86 947.57
952.23 952.49
958.31 926.11
956.56 919.12
946.15 938.32
944.99 929.48
954.28 933.08
959.28 916.89
891.61 937.42
963.11 947.55
952.24 928.76
952.98 912.34
671.18 946.38
0.00 92.00
223.25 207.59
908.09 927.01
938.31 932.01
956.84 931.65
963.40 934.09
951.96 938.03
944.87 940.25
946.50 901.95
934.63 921.89
938.95 939.25
964.50 918.90
974.33 926.62
949.42 957.12
950.01 955.58
962.02 963.95
957.32 953.21
965.60 934.98
956.70 936.93
956.93 924.88
955.09 972.70
955.62 934.27
968.40 931.71
943.51 929.40
734.74 926.06
631.64 754.45
935.22 905.93
944.84 927.96
944.56 909.67
913.09 927.08
515.98 619.39
96.25 98.64
938.06 931.04
936.68 930.24
920.28 884.76
946.89 918.79
954.46 923.35
932.28 935.00
957.90 943.74
948.08 920.11
974.56 935.01
933.89 905.95
956.28 937.11
949.95 926.30
955.05 910.64
962.98 962.94
246.42 525.42
0.00 0.00
0.00 0.00
745.99 724.33
963.22 932.44
965.75 914.20
937.66 925.56
947.51 934.48
962.66 947.32
954.65 924.12
961.61 919.66
941.27 940.92
950.69 886.90
964.44 650.36
932.86 445.01
929.84 901.93
943.64 391.00
178.98 32.50
59.13 703.60
742.62 414.04
935.20 221.00
896.68 863.65
936.91 60.00
379.25 178.29
0.00 946.77
684.96 580.74
944.29 450.58
357.81 927.37
0.00 941.89
0.00 932.15
0.00 466.44
0.00 0.00
883.99 830.12
926.49 900.59
955.76 965.17
955.53 941.37
952.63 943.21
954.19 916.75
936.40 920.69
954.89 932.55
942.69 935.25
941.28 914.94
949.44 937.31
943.53 932.40
957.35 918.23
953.67 941.77
909.45 921.67
225.50 947.48
910.33 914.20
778.62 924.11
480.40 938.00
831.49 547.50
567.28 489.07
552.74 910.88
416.91 337.72
298.52 95.00
961.04 711.67
762.80 873.93
835.57 167.72
487.04 949.04
33.00 941.14
757.34 913.89
463.52 958.67
634.15 929.60
952.79 938.73
959.12 940.61
950.75 0.80
949.69 830.05
967.81 906.82
961.89 941.32
951.72 944.54
957.88 931.95
952.99 923.63
968.97 907.11
961.84 913.03
953.52 946.87
950.12 926.96
954.73 935.01
943.75 934.45
957.50 935.60
972.13 107.47
2.91 0.00
643.49 629.59
716.89 698.77
923.76 905.76
937.01 914.88
936.02 904.46
