53.37 
0.00 48.78
0.00 0.00
324.00 0.00
928.79 327.35
925.88 934.57
927.31 937.22
969.67 937.61
977.99 941.16
932.12 938.76
950.33 948.49
957.20 952.10
965.32 958.50
967.66 953.29
792.90 959.13
792.87 971.51
965.34 980.62
945.51 948.09
118.04 975.04
0.00 920.55
0.00 955.53
0.00 911.39
274.19 950.76
488.30 906.84
0.00 523.97
0.00 0.00
0.00 0.00
0.00 0.00
10.44 0.00
799.83 0.45
958.28 714.11
955.03 520.62
951.22 0.00
698.48 0.00
0.00 0.00
0.00 0.00
0.00 61.41
612.24 0.00
926.26 596.62
928.38 936.36
959.47 927.43
973.70 944.55
992.37 950.04
952.24 946.27
952.40 916.03
943.85 940.17
969.08 939.59
947.65 950.59
948.51 955.50
946.36 942.13
936.03 955.14
971.73 949.28
945.82 931.13
970.92 967.04
951.17 946.88
937.06 949.67
956.03 962.56
938.28 937.02
950.76 935.64
955.35 933.04
936.09 63.83
939.50 0.00
950.55 0.00
931.89 50.52
955.57 121.32
978.01 393.27
942.79 0.00
955.17 660.79
955.94 946.68
949.14 970.55
963.87 949.20
938.98 939.44
968.81 962.81
984.05 977.72
976.64 946.62
948.66 971.66
971.21 966.63
958.51 945.11
986.21 966.62
970.76 952.15
969.50 974.20
954.93 956.61
978.66 947.58
990.04 962.60
450.11 872.10
98.04 820.08
0.00 469.92
0.00 824.57
0.00 860.48
426.24 396.10
613.70 213.75
0.00 472.96
0.00 364.90
855.88 0.00
174.38 514.28
0.00 0.00
0.00 0.00
0.00 0.00
0.00 0.00
0.37 0.51
245.02 0.00
525.62 215.25
0.00 45.91
0.00 0.00
0.00 0.00
0.00 0.00
0.00 0.46
206.18 0.00
958.87 142.23
958.27 887.09
939.14 754.22
943.45 962.63
936.95 932.60
968.06 953.95
958.09 958.33
944.69 960.52
969.73 946.98
951.12 960.04
954.37 965.46
936.62 953.53
973.59 970.65
952.70 968.74
956.59 949.38
985.62 960.55
934.07 946.69
942.60 942.99
951.69 951.18
943.22 973.21
239.51 953.20
0.00 966.01
0.00 952.63
0.00 958.13
0.39 943.46
0.00 957.35
874.66 939.87
949.32 935.37
234.42 956.86
0.00 934.81
0.00 947.50
0.00 531.46
452.75 0.00
913.46 449.56
947.98 933.92
932.64 934.46
931.96 940.66
954.27 900.95
968.68 671.71
974.22 0.00
991.64 0.00
981.96 551.57
963.72 492.30
970.50 564.04
972.28 0.00
973.37 0.00
971.50 0.00
967.63 0.00
939.73 0.00
964.21 0.00
945.15 513.46
951.92 0.00
985.69 0.00
935.83 0.00
991.03 0.00
931.89 412.24
984.39 617.68
947.78 324.82
945.81 436.40
964.42 0.00
928.50 0.00
956.07 615.44
945.11 919.31
960.58 949.78
953.54 948.92
940.12 680.42
960.75 0.00
966.96 0.00
958.53 590.19
947.01 304.75
949.68 913.10
960.74 940.50
957.78 936.99
962.00 950.58
948.17 955.00
959.61 337.69
962.68 734.11
962.63 0.00
950.50 0.00
944.32 0.00
944.83 0.00
940.79 0.41
942.76 0.00
921.06 582.97
959.64 918.78
964.00 31.36
942.77 0.00
935.94 0.00
962.58 0.00
950.78 10.51
965.78 0.00
945.06 513.29
967.40 0.00
955.34 311.18
972.35 957.93
972.18 932.06
949.89 931.83
416.95 960.74
0.00 968.46
0.00 946.79
0.00 952.57
0.00 946.36
63.06 967.61
776.66 942.97
0.00 943.62
0.00 968.04
731.76 950.15
929.85 940.61
405.56 948.33
0.00 942.02
516.65 943.39
0.00 923.05
0.00 952.66
0.00 941.03
0.00 929.42
0.44 950.00
0.00 921.48
0.00 932.54
380.25 935.24
133.17 942.36
839.51 954.08
951.28 941.97
959.09 938.17
345.62 964.00
0.00 943.88
224.66 948.81
925.66 965.98
950.92 951.96
959.13 922.78
938.77 905.91
935.35 853.77
914.18 760.00
963.49 922.00
950.16 960.64
935.41 924.68
936.09 936.77
952.40 937.50
941.64 945.97
932.48 946.50
892.82 961.18
0.00 938.97
701.52 479.31
951.68 653.37
950.64 929.51
942.02 449.98
983.10 0.00
970.00 0.00
936.25 0.00
34.78 0.05
118.87 23.53
936.57 126.70
932.09 832.65
969.43 922.51
959.84 907.28
950.08 951.78
940.35 936.45
941.30 911.27
921.80 935.67
943.37 930.93
933.56 933.16
964.09 940.02
935.80 927.00
969.12 943.03
955.25 953.12
958.84 941.96
948.57 953.54
973.04 945.00
983.63 167.54
955.85 0.00
958.50 769.58
936.85 0.00
963.99 0.00
952.84 0.00
934.31 0.00
961.18 0.46
957.25 0.00
970.16 0.00
979.48 275.23
955.61 936.00
939.29 942.81
965.15 946.02
944.60 955.02
953.33 54.07
723.56 0.00
915.51 215.25
936.42 955.37
945.53 938.92
954.16 934.35
945.00 918.12
925.04 314.00
946.14 792.04
953.22 920.50
949.09 884.58
970.13 284.50
954.09 33.00
945.96 820.62
956.79 847.82
954.05 202.58
126.67 950.96
0.00 940.43
0.00 941.00
0.00 944.63
263.72 952.18
0.00 937.73
0.00 947.96
921.03 953.00
92.81 943.10
0.00 955.27
8.52 961.67
224.61 925.92
0.00 926.13
362.20 950.19
958.83 942.58
931.55 937.92
950.01 931.31
977.01 959.56
976.76 933.44
944.67 951.02
951.10 947.05
970.00 927.10
948.74 941.75
954.87 936.14
935.57 933.85
939.01 937.68
958.50 930.95
950.22 870.90
940.01 0.00
936.66 0.00
968.05 0.00
627.59 0.00
221.94 0.39
953.57 185.17
928.00 632.35
0.00 962.04
69.34 786.31
969.36 63.31
943.95 921.12
920.74 936.00
941.89 939.16
970.60 909.08
974.85 943.86
937.16 955.99
938.93 933.37
966.79 940.02
977.05 915.68
950.68 912.84
970.68 950.09
953.07 948.65
945.50 936.58
963.24 106.44
961.59 0.00
56.11 0.00
218.19 0.41
0.00 257.15
0.00 0.00
0.00 0.00
129.32 0.00
932.91 118.00
0.00 948.96
384.18 949.95
405.41 944.54
0.00 898.09
0.00 527.10
0.00 507.00
0.00 941.92
477.73 768.63
0.00 62.52
775.43 272.80
973.57 946.27
930.40 891.37
462.06 279.89
0.00 425.97
0.00 0.00
184.91 0.00
890.54 174.75
918.63 899.40
907.56 951.02
946.83 933.62
912.47 941.77
940.57 939.76
931.25 950.53
928.33 937.35
943.71 929.03
941.17 938.86
949.78 936.15
992.16 943.93
956.46 947.75
5.87 944.27
0.00 918.32
101.84 949.00
937.70 956.56
958.88 925.03
827.62 826.14
0.00 386.50
0.00 33.00
0.00 730.75
0.00 388.50
0.39 670.61
0.00 930.52
0.00 941.17
0.00 935.50
0.00 923.78
757.16 961.79
271.86 956.53
0.00 955.23
0.00 946.99
285.55 940.61
931.80 867.52
943.00 931.86
922.06 935.82
936.65 931.66
957.29 956.15
947.53 954.01
935.77 923.16
355.16 940.83
0.00 943.31
0.00 943.50
514.13 941.03
0.00 918.93
82.34 947.34
934.96 402.63
949.09 940.68
96.39 947.61
0.00 955.00
652.06 148.54
373.80 0.00
0.00 0.00
0.00 0.00
0.00 0.41
0.00 0.00
0.43 0.00
0.00 0.00
24.00 0.00
955.26 23.89
559.39 750.22
0.00 0.00
0.00 0.00
0.00 0.00
153.09 0.00
942.23 158.64
976.43 926.82
969.08 899.80
810.57 79.47
0.00 256.42
0.00 0.00
0.00 0.00
0.00 0.00
11.36 0.00
0.00 1.34
0.00 0.00
668.47 0.00
945.57 625.77
978.31 927.28
915.47 939.16
945.62 961.44
961.69 939.84
953.45 942.69
946.11 961.01
956.17 879.67
945.76 713.64
963.46 547.51
948.90 37.70
973.05 0.00
947.39 0.00
974.50 879.61
962.02 661.88
980.75 0.00
966.15 0.00
939.39 0.00
981.15 429.98
946.58 918.56
947.28 805.75
955.50 930.58
958.07 0.21
953.17 0.00
953.18 0.00
952.12 0.00
958.39 0.00
190.62 0.00
110.38 0.00
389.47 117.40
0.00 653.98
0.00 0.00
0.00 0.00
0.00 0.00
704.17 0.00
931.24 676.61
946.53 931.94
524.11 939.39
491.05 962.57
280.67 938.50
0.00 923.73
835.24 728.90
936.26 896.79
938.08 948.49
940.32 913.59
941.84 947.71
945.07 921.76
948.16 943.80
940.91 942.46
928.83 945.37
947.30 936.72
958.50 930.60
959.35 948.73
949.55 946.00
945.09 953.59
958.58 953.12
953.22 949.12
977.53 877.34
944.66 0.00
966.56 0.00
952.34 524.68
944.63 250.82
956.66 0.00
961.08 0.00
73.61 0.00
0.00 0.00
0.00 0.00
0.40 0.00
680.69 0.00
94.27 661.95
20.55 796.64
925.41 951.33
925.47 947.63
950.41 951.35
950.15 951.50
933.18 958.82
968.53 963.33
945.70 946.00
950.50 947.12
960.51 943.26
940.74 940.28
968.53 944.07
962.12 932.51
958.42 945.61
962.23 940.16
947.08 949.05
947.67 962.33
942.59 941.00
964.00 939.82
971.23 941.00
976.21 943.35
963.00 945.02
955.35 943.19
945.02 928.65
945.00 936.48
962.09 941.50
954.17 296.90
952.81 517.62
948.83 0.00
940.73 0.00
946.90 0.00
944.63 319.02
935.43 928.06
976.51 934.42
932.94 953.65
949.20 935.93
964.66 946.00
955.16 928.80
964.82 975.94
957.09 940.47
950.52 954.40
949.85 920.99
432.47 948.10
0.00 952.65
0.00 956.50
227.67 515.61
947.84 247.71
971.94 919.02
174.01 934.39
0.00 938.04
0.00 925.65
0.00 943.03
3.96 938.69
0.00 922.78
196.38 165.30
0.00 194.98
0.00 0.00
643.31 0.00
940.63 702.53
938.64 937.28
66.28 970.38
0.00 938.86
0.00 952.75
0.00 957.50
0.00 941.30
57.55 947.33
0.00 948.07
520.25 947.55
0.00 944.00
0.00 950.07
0.00 961.01
0.00 535.57
735.08 0.00
946.05 704.59
957.22 930.71
972.45 944.06
242.61 941.73
0.00 80.94
0.00 0.00
0.00 0.00
4.00 0.00
0.00 0.00
0.00 0.00
593.42 0.00
693.86 553.08
0.00 220.32
0.00 0.00
0.00 0.00
0.00 0.00
0.00 0.00
829.41 0.38
943.29 818.17
947.11 940.95
944.00 938.58
723.88 943.00
0.00 939.23
0.00 949.19
0.00 963.29
0.00 933.16
0.00 288.42
778.23 0.00
252.89 459.71
0.00 0.00
234.94 0.00
935.60 295.18
950.40 935.10
954.17 948.05
942.48 907.10
965.17 940.09
957.71 935.46
947.04 947.92
967.93 595.22
963.50 0.00
966.76 0.00
966.28 0.00
954.62 177.32
976.32 851.65
953.49 601.56
950.50 962.98
953.97 485.88
969.65 0.00
964.11 0.00
965.08 0.00
960.03 749.58
958.28 20.40
952.40 0.00
963.00 0.00
963.06 0.00
956.16 0.39
966.64 0.00
972.74 0.00
964.50 404.06
937.09 879.78
968.16 40.00
973.50 961.00
944.84 964.91
957.03 934.21
965.50 175.45
949.62 572.49
964.54 712.86
939.74 0.00
956.50 0.00
958.79 0.00
955.64 0.00
958.15 0.38
967.58 0.00
943.00 0.00
919.10 0.00
0.00 849.40
495.37 177.40
967.40 554.74
948.62 925.00
949.35 958.08
940.48 922.41
939.60 932.91
957.62 946.49
236.38 925.26
0.00 929.56
0.00 958.11
0.00 915.22
669.10 951.00
612.79 944.11
0.00 962.10
0.00 949.50
0.00 916.87
0.00 941.50
7.22 927.69
0.00 945.33
0.00 948.50
0.00 940.89
257.36 957.91
0.00 958.23
0.00 957.33
0.00 943.72
0.00 960.02
0.00 940.38
0.00 947.98
0.00 947.50
0.00 926.58
625.39 932.14
924.44 681.00
244.97 556.31
0.00 765.07
0.00 933.85
0.00 950.74
0.42 933.65
0.00 940.91
0.00 944.80
0.00 948.50
257.02 958.92
0.00 935.12
0.00 950.48
0.00 950.50
116.40 932.05
903.35 939.58
927.93 933.26
937.30 930.93
939.50 926.23
918.15 930.37
907.23 943.51
914.02 894.98
959.88 927.86
953.40 921.15
955.85 949.23
950.35 917.96
966.31 806.04
958.43 217.13
971.00 952.67
947.52 921.91
977.09 782.31
971.55 33.00
947.00 177.54
945.08 552.99
968.07 0.00
975.50 0.00
989.81 0.00
945.34 0.00
959.24 0.38
781.64 539.09
938.57 470.43
933.19 898.16
959.05 936.06
945.09 945.38
947.74 927.71
962.79 946.70
925.32 941.46
923.94 631.39
972.04 0.00
958.50 0.00
959.14 0.00
961.71 0.00
955.27 510.19
960.50 0.00
970.62 0.00
967.00 0.00
945.38 0.00
966.24 493.52
941.00 925.39
954.74 948.46
946.14 939.66
958.00 551.79
990.00 0.00
941.84 0.00
976.78 0.00
961.38 0.00
954.32 386.76
969.50 125.49
948.09 324.84
964.15 948.32
953.77 778.01
949.08 0.00
965.39 0.00
939.57 300.86
957.14 962.89
958.02 975.19
930.51 948.14
949.96 934.97
927.99 952.76
0.00 956.00
0.00 942.35
0.00 958.24
0.00 961.57
0.00 953.41
217.61 950.50
260.53 951.07
0.00 956.76
0.00 946.10
0.00 944.86
0.00 707.00
40.43 562.56
953.02 771.00
944.03 935.92
933.97 928.00
944.96 958.84
79.38 943.61
0.00 967.01
0.00 947.18
0.00 950.25
0.38 941.67
511.77 935.63
0.00 945.42
0.00 959.25
0.00 927.84
0.00 944.44
931.52 934.50
915.97 936.10
966.49 947.18
335.91 936.83
701.88 959.57
0.00 955.14
0.00 940.51
785.78 945.01
924.48 947.18
932.94 935.92
923.24 924.06
956.56 934.57
960.76 945.07
984.48 952.12
944.83 929.19
949.95 922.18
946.74 950.71
909.38 947.96
932.24 946.71
959.47 933.29
945.06 954.51
975.11 936.94
944.50 101.46
921.39 0.00
959.51 592.42
957.50 936.69
968.21 938.30
942.68 343.98
965.01 0.00
349.18 0.00
199.76 0.00
935.80 235.06
956.75 891.42
938.13 949.81
978.47 908.96
964.16 946.33
938.26 932.46
942.42 927.35
923.95 935.32
960.52 884.36
962.73 171.00
943.02 948.06
954.44 953.12
955.08 793.98
946.49 605.61
959.49 229.47
943.63 0.00
943.95 0.00
946.70 0.00
940.01 0.39
963.26 793.42
959.03 960.22
950.26 842.16
459.54 0.00
0.00 0.00
0.00 0.00
0.00 0.00
0.00 0.41
210.32 57.50
0.00 717.87
0.00 0.00
0.00 0.00
0.00 0.00
54.48 0.00
0.00 0.00
0.00 0.00
0.00 0.00
0.00 0.00
0.36 471.13
711.25 937.40
325.19 951.53
0.00 953.00
0.00 937.69
0.00 975.74
297.56 157.24
935.49 304.80
966.46 908.51
946.38 959.63
947.81 933.23
960.67 963.46
931.05 935.56
947.10 946.68
953.23 928.57
926.03 940.22
942.67 943.31
510.36 952.89
0.00 960.43
0.00 954.57
0.00 939.50
0.00 286.08
34.49 0.00
558.49 0.00
958.85 545.67
966.39 974.80
965.74 940.89
970.65 975.26
695.60 406.10
0.00 0.00
219.95 0.00
547.46 215.57
0.00 241.36
0.00 0.00
0.00 0.00
0.00 0.00
11.41 0.00
802.82 61.42
937.48 807.14
961.44 938.61
111.94 953.59
0.00 937.59
0.00 224.05
0.00 0.00
18.02 0.00
739.60 0.00
944.65 724.26
941.04 958.16
970.64 921.42
942.87 951.98
953.17 931.89
939.01 943.36
952.05 940.86
943.11 931.52
941.75 943.25
944.52 925.64
915.55 943.20
945.50 942.54
964.57 961.70
939.65 941.37
951.62 941.17
945.47 960.00
949.03 949.03
947.15 946.06
949.41 970.99
953.67 918.38
98.64 939.16
0.00 937.06
0.00 944.37
771.24 962.15
0.00 936.31
0.00 495.89
715.60 0.00
951.60 712.13
939.57 855.27
935.71 941.39
944.64 940.96
935.84 915.14
944.58 940.62
915.90 907.25
978.50 951.15
950.78 941.57
943.93 911.56
957.94 951.21
950.51 939.60
942.50 942.38
960.07 934.41
950.34 931.05
956.00 956.27
959.59 951.33
955.58 930.04
922.01 936.05
524.15 936.21
0.00 951.71
0.00 382.98
0.00 0.00
482.28 0.00
0.00 618.93
0.00 151.35
0.00 0.00
0.00 0.00
36.42 0.00
0.00 0.00
0.00 0.00
662.66 0.00
918.50 739.02
960.18 914.40
957.39 937.29
952.53 742.77
924.20 0.00
242.00 0.00
853.71 0.00
295.07 0.00
163.13 311.80
705.95 237.69
834.68 257.53
284.00 933.73
939.62 964.99
938.42 942.75
952.67 942.17
962.33 952.00
946.92 942.87
966.66 947.50
964.50 934.95
757.85 950.50
0.22 198.55
935.45 0.00
929.55 908.69
951.71 942.35
941.55 958.82
628.04 17.03
0.00 0.00
746.25 609.17
495.14 948.37
720.65 945.13
951.28 930.65
924.59 945.58
541.71 938.26
0.00 944.27
349.38 939.50
413.73 918.15
0.00 941.59
0.00 930.67
0.00 943.11
0.00 931.75
7.41 936.71
0.00 949.27
512.96 948.60
0.00 955.08
696.91 943.76
941.30 955.50
944.37 968.85
501.06 951.00
0.00 952.45
0.00 939.38
0.00 970.54
914.32 939.97
109.37 945.72
0.00 939.82
0.00 941.52
0.00 936.96
0.39 949.59
0.00 444.46
522.25 0.00
973.40 501.00
953.72 948.64
937.85 940.79
967.36 949.04
2.66 510.60
0.00 0.00
45.06 0.00
818.78 56.51
879.25 946.34
882.96 934.21
930.99 924.96
928.45 935.53
967.89 930.41
935.94 936.91
926.33 943.93
948.58 937.41
950.38 530.30
942.40 531.13
954.11 913.54
954.98 908.07
958.00 521.94
944.83 33.00
947.65 600.16
954.03 893.54
843.99 211.50
418.74 882.12
607.32 960.39
0.00 947.00
0.00 941.23
0.00 927.84
0.00 939.00
0.40 940.26
448.75 943.57
328.29 950.50
305.12 950.50
938.85 939.96
942.92 950.12
968.20 947.81
946.60 935.97
961.05 62.08
841.38 0.00
0.00 0.00
624.98 0.00
931.10 666.78
946.13 924.37
921.91 920.44
956.94 938.39
933.77 937.38
934.53 952.56
431.15 932.88
0.00 957.21
172.92 934.54
624.93 960.71
0.00 949.07
0.00 951.82
272.63 949.51
942.76 953.50
946.45 933.69
970.18 927.47
479.14 940.76
0.00 947.37
0.00 954.24
0.00 955.50
0.00 940.30
0.39 946.90
0.00 931.78
0.00 966.85
0.00 954.05
506.03 925.33
0.00 956.70
0.00 945.98
0.00 941.57
56.52 569.30
947.90 63.80
946.23 855.38
950.66 949.27
947.21 942.23
949.27 923.96
936.87 927.80
939.42 950.40
939.32 572.21
942.68 0.00
950.34 0.00
964.67 933.68
948.84 135.92
951.21 0.00
961.50 656.99
968.97 362.84
974.75 0.00
956.89 0.00
945.00 497.10
940.00 0.00
960.12 0.00
980.18 0.00
955.00 0.00
52.61 20.36
0.00 0.00
0.00 0.00
29.02 0.00
962.21 0.00
34.89 256.40
0.00 0.00
408.99 0.00
588.33 439.19
0.00 910.45
0.00 966.99
292.78 958.50
961.56 949.85
320.37 88.86
260.40 0.00
956.67 338.67
943.44 941.49
946.86 920.12
926.94 941.82
948.04 942.23
951.88 942.49
946.99 938.67
947.73 946.96
968.68 930.55
957.89 953.37
902.30 974.68
158.25 964.68
0.00 958.18
0.00 917.72
0.00 947.55
0.00 937.00
0.45 940.50
0.00 960.85
0.00 941.54
23.50 949.34
949.54 924.86
70.45 941.50
285.53 936.00
971.81 932.58
947.38 937.08
910.14 951.62
0.00 14.02
719.75 0.00
0.00 778.89
0.00 0.00
0.00 0.00
0.00 0.00
57.41 0.00
510.28 0.42
263.77 501.61
0.00 533.88
0.00 0.00
646.48 0.00
954.75 637.66
955.75 930.72
964.83 955.14
953.85 958.38
937.76 938.71
950.53 954.43
965.27 916.58
957.77 930.19
956.54 955.71
977.97 939.41
970.14 967.81
966.99 947.92
953.50 960.97
964.60 938.00
967.50 944.66
960.74 940.27
957.48 938.46
962.05 936.32
936.21 921.76
416.83 932.84
0.00 953.71
0.00 941.40
0.00 951.91
0.00 961.62
3.95 932.50
107.37 951.82
971.95 936.85
968.91 946.07
953.56 934.73
951.63 948.94
152.05 952.03
0.00 935.59
0.00 931.43
771.99 911.89
517.75 922.72
0.00 930.75
0.00 936.25
0.00 929.17
0.00 462.46
306.78 0.00
909.10 263.36
948.44 916.48
141.46 918.05
0.00 945.95
0.00 960.48
0.00 939.50
0.00 929.22
574.14 946.17
244.81 942.04
0.00 741.05
0.00 0.00
0.00 0.00
52.01 0.00
947.49 40.61
951.00 945.49
962.78 935.32
960.87 349.39
941.50 0.00
935.72 0.00
925.18 0.00
0.00 0.00
0.00 48.42
306.93 0.00
153.61 310.08
0.00 420.15
0.00 0.00
0.00 0.00
0.00 0.00
54.45 0.00
83.39 47.96
941.59 48.00
938.90 912.79
945.84 932.39
956.32 923.24
51.10 20.99
0.00 0.00
0.00 0.00
0.00 0.00
459.75 15.47
648.75 416.87
935.17 640.72
923.56 936.33
940.48 926.41
943.79 918.18
954.49 953.51
966.95 957.51
967.64 950.43
939.42 925.19
948.40 943.60
932.37 944.35
977.81 0.36
962.44 0.00
974.00 57.55
981.22 933.51
971.98 627.91
966.56 935.72
967.19 580.76
970.08 0.00
952.50 0.00
959.77 0.00
975.29 74.88
951.00 701.93
967.09 0.00
952.00 0.00
954.41 0.00
963.96 0.00
954.08 0.37
972.84 795.74
952.14 919.18
961.38 959.54
951.65 915.45
968.54 934.71
978.59 950.49
954.38 948.18
948.52 928.71
951.34 951.87
956.59 940.11
967.64 944.03
959.50 949.28
945.71 937.50
967.21 957.74
949.58 939.12
958.45 935.08
970.92 935.11
948.57 935.00
947.57 961.86
990.50 936.25
953.75 942.02
969.50 951.57
959.25 934.06
959.14 562.73
934.28 0.00
950.77 332.16
959.99 826.82
963.08 920.67
970.66 965.74
954.85 949.59
953.69 958.01
956.23 928.20
943.33 946.53
944.31 926.87
963.00 940.77
953.01 936.30
965.70 936.51
955.15 928.00
951.38 941.14
957.00 936.96
967.71 946.00
964.71 943.10
950.58 940.69
952.75 939.61
961.54 944.15
943.68 650.06
972.28 0.00
940.40 0.00
945.29 773.18
955.37 0.00
935.55 0.00
938.98 103.89
969.54 939.75
954.13 942.51
963.00 943.75
952.64 935.94
904.42 438.54
0.00 0.00
0.00 256.99
126.81 960.93
952.64 951.79
964.77 951.16
751.02 942.21
0.00 927.81
0.00 925.53
0.00 938.38
36.57 948.00
38.00 943.26
476.02 948.05
0.00 953.13
0.00 936.96
0.00 943.02
0.00 958.71
0.36 921.48
0.00 0.00
0.00 0.00
0.00 0.00
713.06 0.00
932.53 661.13
960.34 927.14
962.56 936.97
309.11 946.62
0.00 906.26
0.00 0.00
0.00 0.00
466.03 0.00
580.17 591.72
932.10 726.73
947.69 872.43
944.86 916.39
944.09 913.41
942.32 946.58
930.59 938.04
969.49 965.09
949.54 923.84
967.19 943.46
961.77 961.44
961.78 958.89
953.65 938.91
938.60 929.76
950.37 968.64
956.82 949.42
972.93 948.44
951.13 941.10
967.59 121.18
962.12 0.00
944.00 234.11
756.90 31.37
118.73 0.00
907.15 100.48
920.90 898.41
961.67 912.98
961.78 948.83
936.00 940.23
946.96 932.48
938.19 926.33
972.32 926.96
940.96 923.26
979.16 930.21
950.44 944.30
953.29 147.95
962.00 42.50
970.69 941.97
958.60 949.50
961.01 119.97
954.13 418.81
963.50 350.76
944.85 0.00
962.68 0.00
949.50 0.00
944.11 0.00
951.30 0.38
972.73 0.00
436.11 342.21
0.00 664.29
775.80 0.00
941.27 744.52
335.05 294.13
0.00 0.00
0.00 0.00
0.00 380.49
19.59 625.28
0.00 0.00
0.00 784.48
872.87 932.08
350.01 933.90
335.16 961.00
0.00 935.69
0.00 948.13
0.00 933.44
0.00 948.55
0.43 949.53
424.77 946.81
344.42 948.22
0.00 952.25
0.00 949.00
0.00 948.12
252.66 931.58
950.84 953.54
954.15 948.82
958.51 954.57
952.53 971.08
946.83 942.57
116.61 925.72
0.00 952.71
0.00 953.96
0.00 955.00
0.00 958.42
704.12 595.84
582.91 470.15
0.00 0.00
146.74 0.00
950.15 178.52
942.36 887.00
937.22 936.03
934.68 942.35
936.11 943.83
929.05 931.64
944.21 911.57
938.40 927.42
969.47 916.68
943.95 940.48
960.76 946.93
950.32 918.82
957.13 927.95
983.31 940.67
966.51 918.63
947.71 951.53
942.68 945.08
977.02 943.60
933.15 940.63
959.00 960.50
961.88 953.85
949.47 935.90
960.00 931.57
946.01 943.42
955.50 907.01
954.35 724.91
934.18 924.24
989.13 963.44
942.43 693.22
959.67 948.02
971.50 924.02
968.82 937.86
983.11 943.79
961.00 929.67
954.03 936.42
955.55 931.98
974.18 940.54
947.05 963.85
928.88 947.00
938.00 947.26
957.72 937.77
968.47 945.17
949.86 816.07
953.05 277.00
962.15 852.81
940.09 385.10
949.85 508.00
950.70 405.81
947.68 788.70
935.65 887.07
946.00 206.00
802.99 865.00
514.17 956.56
0.00 938.11
0.00 939.57
0.00 940.21
236.23 930.50
946.89 951.48
962.80 940.78
953.59 936.10
936.57 950.08
962.71 941.30
949.14 942.02
937.60 936.56
956.63 950.05
961.67 952.01
969.40 957.97
972.60 947.62
945.90 946.42
967.04 950.74
666.70 0.00
0.00 0.00
0.00 0.00
270.21 0.00
765.10 514.15
286.41 742.24
0.00 929.05
0.00 381.98
0.00 0.00
0.00 0.00
20.45 0.00
237.96 55.96
0.00 952.34
0.00 18.36
0.00 0.00
0.00 0.00
3.34 0.00
0.00 0.38
0.00 0.00
0.00 0.00
438.03 0.00
950.07 407.65
947.96 932.99
954.55 949.19
941.34 947.83
945.39 937.80
944.08 937.45
933.16 958.53
955.32 931.26
949.39 934.66
944.84 937.08
936.62 940.54
958.79 939.05
928.50 953.60
935.23 950.16
957.70 958.32
962.77 749.55
975.50 0.00
956.17 0.00
959.33 0.00
948.24 0.43
986.49 0.00
958.98 0.00
957.01 529.96
961.26 497.67
971.81 0.00
956.60 0.00
947.53 77.88
950.16 942.28
925.90 936.11
954.56 944.64
954.23 963.00
956.61 935.98
956.84 332.22
945.04 0.00
937.18 0.00
939.22 0.00
956.17 72.45
959.17 184.70
942.46 0.00
453.00 518.07
134.85 965.28
936.35 942.57
956.41 965.00
955.88 938.59
961.01 926.00
933.99 947.01
494.65 936.53
545.01 945.00
281.81 946.49
760.86 933.46
0.00 540.88
0.00 0.00
0.00 0.00
0.00 0.00
0.43 0.00
0.00 0.00
897.22 0.00
132.37 863.60
0.00 162.44
0.00 0.00
0.00 0.00
606.25 0.00
394.51 639.40
210.22 949.52
594.05 956.99
0.00 963.07
0.00 937.71
0.00 684.08
0.00 0.00
28.49 0.00
0.00 0.00
121.40 0.42
655.97 115.32
0.00 402.78
416.39 0.00
939.49 403.68
937.59 911.98
954.61 932.83
942.00 945.50
956.41 934.73
971.65 931.55
968.46 930.93
962.41 963.59
945.36 954.32
963.43 941.41
960.91 857.71
627.55 583.04
354.74 577.06
198.73 932.50
0.00 911.10
0.00 926.50
0.00 952.85
0.00 942.41
3.83 372.05
601.93 33.50
844.76 688.67
948.32 777.95
459.92 934.50
0.00 965.60
0.00 957.69
0.00 951.58
157.89 334.00
871.55 144.34
0.00 105.84
0.00 0.00
0.00 0.00
0.00 0.00
650.68 0.10
938.76 659.39
977.08 956.47
948.62 927.99
971.73 941.34
924.08 948.45
964.36 943.52
942.27 937.96
972.10 941.08
957.30 916.86
961.50 930.94
933.17 942.50
964.08 943.05
939.58 947.78
952.57 947.78
941.50 475.00
945.81 545.89
956.64 947.50
963.28 798.86
986.00 32.50
955.00 275.09
950.82 933.06
960.00 497.50
409.70 541.18
0.00 934.78
0.00 948.98
0.00 929.50
141.62 926.90
318.18 944.86
916.50 964.81
941.64 959.48
917.01 936.04
373.51 961.74
0.00 944.00
516.52 951.46
936.26 955.28
954.19 942.03
899.60 937.45
921.84 949.55
965.27 931.60
950.64 936.80
945.32 942.13
934.62 921.52
948.27 938.67
963.13 926.22
962.60 952.58
948.81 958.91
946.40 922.95
683.21 950.13
941.04 924.96
956.93 943.50
956.51 934.77
2.54 944.98
0.00 957.00
182.93 938.32
332.20 954.94
0.00 608.18
0.00 0.00
200.25 0.00
944.36 196.26
952.81 954.83
944.07 934.14
934.18 949.18
935.74 938.49
942.15 952.55
956.74 936.92
952.15 924.53
937.78 954.99
945.98 939.17
945.51 928.52
956.00 915.52
954.78 955.11
949.50 938.00
957.10 928.49
946.93 955.35
968.66 945.50
946.09 936.15
193.48 939.25
0.00 946.00
0.00 962.52
0.00 940.65
3.95 938.54
0.00 938.00
823.67 961.67
956.11 938.58
957.09 928.22
926.14 934.51
958.08 296.45
957.24 0.00
390.89 0.00
946.77 61.43
934.98 936.24
953.44 932.54
940.77 945.09
946.90 936.37
959.00 957.89
940.37 941.05
923.17 921.89
919.14 932.80
931.09 932.93
928.32 276.91
943.00 297.30
965.35 463.26
957.92 0.00
962.00 0.00
963.09 0.00
952.23 0.00
953.16 673.53
958.27 931.82
950.01 941.57
965.59 952.51
947.16 100.92
967.74 0.00
958.00 0.00
962.60 0.00
972.62 0.41
967.99 0.00
961.94 0.00
946.21 0.00
947.92 260.60
962.72 0.00
973.95 237.28
949.66 951.85
580.27 875.17
475.75 0.00
675.79 0.00
409.76 0.00
940.75 0.00
943.97 0.36
969.47 805.97
926.09 931.55
960.60 932.68
924.22 902.59
949.55 941.00
932.54 933.69
924.40 862.44
960.02 891.49
949.69 660.91
944.70 556.21
950.50 906.95
929.57 952.08
950.10 428.80
963.93 345.74
976.70 0.00
139.36 0.00
0.00 0.00
0.00 0.00
587.01 0.39
939.76 575.13
929.95 926.88
631.17 913.34
0.00 940.96
0.00 747.62
0.00 0.00
148.69 0.00
47.32 241.28
0.00 272.63
0.00 0.00
0.00 0.00
693.47 0.00
940.84 678.30
954.36 961.56
948.51 925.84
953.17 932.34
945.52 928.38
311.72 924.28
0.00 950.27
0.00 932.73
0.00 735.71
0.00 311.76
0.44 894.27
0.00 360.13
900.23 757.17
939.93 542.11
944.50 342.99
813.22 634.06
0.00 756.01
0.00 302.00
0.00 955.03
0.00 942.58
492.38 966.00
493.41 961.26
0.00 950.85
0.00 920.53
0.00 938.50
45.25 947.26
0.18 946.36
0.00 939.01
865.32 935.76
975.83 930.02
942.06 947.70
963.00 936.59
954.10 313.88
946.62 0.00
971.94 0.00
961.96 800.23
936.85 922.64
970.26 948.32
937.00 935.22
828.52 922.32
938.46 944.64
943.45 948.72
488.67 929.10
0.00 950.69
0.00 959.04
0.00 945.14
0.00 946.99
3.92 934.03
0.00 947.20
901.11 318.88
128.95 255.53
0.00 0.00
424.39 0.00
960.78 374.53
955.49 622.22
955.00 0.00
934.18 0.00
906.26 0.00
521.40 0.00
124.85 259.54
969.05 160.37
949.09 914.22
956.37 919.93
959.58 944.22
952.73 923.82
956.23 936.06
954.92 943.24
957.00 702.39
935.77 0.00
962.27 0.00
961.71 0.00
965.82 23.41
967.54 0.00
951.08 0.00
976.73 0.00
937.87 0.00
946.83 0.37
970.50 0.00
949.27 0.00
191.16 513.80
0.00 0.00
450.85 0.00
959.77 419.57
935.25 918.53
942.88 738.79
963.24 0.00
917.03 0.00
735.97 3.52
0.00 510.83
668.73 0.00
971.45 662.49
964.92 945.87
941.34 941.73
939.04 928.99
935.62 924.47
957.26 929.81
950.94 927.08
946.09 932.56
928.28 948.76
597.40 935.32
0.00 947.45
0.00 942.19
0.00 934.51
0.00 935.70
845.94 927.10
949.92 949.15
943.97 951.37
945.02 917.09
956.77 944.00
234.36 171.11
0.00 636.10
0.00 84.50
0.00 314.05
0.00 711.89
161.15 323.11
621.26 936.30
65.36 930.80
886.67 624.89
921.58 887.09
946.99 911.94
938.80 937.69
936.28 935.37
926.62 936.97
943.23 937.70
950.12 931.23
957.32 936.65
972.36 935.58
948.44 957.61
930.04 932.19
948.26 958.93
958.11 918.48
959.89 941.37
949.56 937.32
992.94 933.34
963.38 951.11
959.98 934.55
509.83 956.10
0.00 947.66
0.00 928.31
251.68 946.71
250.71 915.59
0.00 126.74
596.02 0.00
943.41 289.54
935.18 930.44
941.90 944.07
942.36 904.71
945.09 0.00
953.60 0.00
945.63 0.00
965.00 0.00
949.92 31.54
959.00 193.85
944.69 319.22
296.64 0.00
604.26 0.00
945.84 607.73
954.50 927.46
527.12 932.12
181.86 609.18
401.17 147.41
0.00 626.86
0.00 0.00
0.00 0.00
0.00 0.00
0.39 0.00
0.00 3.94
0.00 0.00
0.00 0.00
106.44 0.00
517.98 133.39
960.61 945.75
966.21 940.82
27.47 929.39
0.00 959.25
0.00 942.54
34.55 286.05
960.00 27.50
916.62 933.83
952.14 945.71
939.52 952.97
941.81 550.50
951.47 490.78
954.15 922.53
947.05 318.75
935.00 32.00
947.68 786.15
924.86 887.60
942.08 160.58
966.59 946.63
948.92 939.21
956.11 934.80
951.50 971.90
947.70 933.36
940.76 949.72
162.28 940.57
0.00 943.21
210.93 940.13
0.00 945.70
0.00 947.76
0.00 931.54
0.00 934.05
53.36 957.01
0.00 947.64
529.02 953.72
931.93 950.01
936.96 947.26
892.11 951.33
62.59 919.77
0.00 936.03
0.00 935.37
228.73 926.43
929.57 937.15
959.55 879.41
955.18 622.90
977.51 555.12
949.91 844.92
946.51 938.08
962.32 939.02
963.39 945.65
947.37 949.57
960.92 962.74
956.17 937.91
961.77 942.50
964.07 941.62
930.84 939.00
951.00 754.37
946.72 0.00
958.49 0.00
957.85 714.98
497.74 978.41
0.00 953.09
0.00 938.51
0.00 2.95
0.00 0.00
46.02 0.00
855.92 0.00
869.33 490.90
946.02 704.30
948.98 937.63
956.56 935.38
943.81 925.67
936.54 935.61
945.47 914.84
937.75 944.50
943.43 926.29
943.19 928.52
962.34 942.60
937.04 932.38
944.60 937.17
943.08 103.40
958.99 0.00
946.53 0.00
966.11 131.57
952.13 936.84
964.97 941.01
971.50 777.38
965.07 0.00
90.10 0.00
0.00 0.00
0.00 0.00
383.14 34.46
395.39 290.34
0.00 482.27
0.00 0.00
0.00 0.00
0.00 0.00
0.36 0.00
164.36 7.43
939.76 193.78
961.39 941.75
767.48 927.83
0.00 965.32
0.00 964.60
756.46 118.71
951.52 627.51
947.53 939.39
958.47 915.72
957.01 923.49
964.00 387.22
959.13 595.32
957.35 932.31
953.46 863.18
940.12 829.91
955.24 238.96
953.05 143.50
48.18 931.04
0.00 637.15
0.00 403.08
0.00 926.96
324.10 0.00
197.31 329.34
0.00 696.72
0.00 0.00
682.42 0.00
953.30 659.26
425.98 928.74
0.00 944.29
0.00 558.55
0.00 0.00
0.00 0.00
795.08 0.00
0.00 477.01
0.00 0.00
844.06 0.00
952.04 775.66
945.91 939.72
919.18 914.51
937.96 936.96
935.82 944.78
940.50 924.96
959.68 928.29
941.96 942.66
973.74 947.60
954.56 963.06
940.68 933.02
939.33 935.20
961.24 930.81
967.32 89.20
954.58 0.00
950.20 0.00
715.64 97.46
140.66 940.22
952.99 157.69
955.55 921.43
0.00 936.25
0.00 951.08
0.00 948.31
333.37 206.36
878.16 602.33
960.22 939.26
902.96 940.90
955.86 935.33
418.62 920.66
833.39 921.53
885.91 974.16
938.22 925.38
439.71 945.12
0.00 962.67
0.00 912.22
0.00 943.58
0.00 936.69
9.40 957.64
0.00 935.97
770.94 945.84
0.00 933.42
0.00 928.35
0.00 952.84
0.00 943.50
0.38 933.74
725.00 943.61
956.80 955.09
951.35 952.96
215.87 938.27
0.00 923.20
0.00 951.01
0.00 948.53
55.00 140.55
927.34 88.85
960.27 950.01
964.38 935.02
930.93 928.82
943.07 955.91
941.30 899.85
936.19 930.65
943.04 905.64
966.38 932.69
964.08 935.19
960.89 940.71
107.35 935.19
784.14 935.95
929.58 933.69
951.99 942.02
952.99 950.45
950.55 942.73
287.20 930.52
0.00 956.44
0.00 940.23
0.00 943.04
369.56 939.23
913.59 940.70
0.00 864.16
0.00 0.00
0.00 0.00
0.00 0.00
812.93 0.00
953.33 781.83
948.17 945.44
941.70 333.04
965.80 231.29
944.65 861.28
933.07 878.13
956.96 911.66
959.62 951.03
950.09 928.18
933.97 940.48
949.99 939.45
962.16 935.43
957.06 900.10
962.08 270.97
957.02 0.00
914.46 123.40
944.50 934.56
943.88 925.04
960.36 881.33
957.96 930.03
706.45 68.05
0.00 0.00
0.00 0.00
194.80 0.00
893.37 184.12
922.86 936.13
939.77 941.05
954.95 914.34
946.63 927.27
937.11 939.62
943.89 936.91
940.07 930.64
953.53 947.94
928.46 956.47
959.92 922.10
944.79 933.17
945.53 946.36
959.49 932.50
951.00 370.06
962.73 690.00
674.13 872.68
0.00 173.50
0.00 44.50
0.00 947.42
140.20 714.84
921.38 304.41
947.99 929.15
934.07 948.16
939.41 949.22
952.03 913.55
950.31 961.75
945.78 944.71
943.03 946.15
948.99 951.14
942.18 929.23
963.16 479.20
950.50 888.00
949.30 958.54
956.74 938.56
934.27 944.15
956.20 119.37
962.67 0.00
935.20 0.00
962.01 0.40
957.00 0.00
961.31 0.00
961.71 523.11
834.13 0.00
0.00 0.00
380.02 0.00
615.50 388.54
367.16 936.66
939.26 928.30
922.32 927.85
914.01 945.67
942.26 935.78
951.48 934.47
946.54 422.75
944.17 0.00
928.91 35.57
937.93 935.55
955.53 944.89
967.14 947.44
956.19 216.50
953.23 0.00
968.74 0.00
949.18 0.00
954.00 0.00
942.11 0.00
548.65 0.00
326.89 0.00
151.56 329.58
0.00 450.76
351.89 0.00
964.91 313.70
943.67 920.85
934.03 956.72
982.83 935.53
952.03 831.33
51.02 158.92
264.33 38.04
0.00 893.11
600.55 164.07
954.59 915.48
951.58 813.79
935.51 485.01
963.87 547.63
987.37 946.50
540.28 941.01
0.00 951.21
0.00 930.57
0.00 946.00
0.00 955.27
732.80 961.08
37.43 946.17
0.00 941.62
0.00 947.28
0.00 941.14
0.00 947.66
0.00 926.42
0.00 0.00
0.00 0.00
0.00 0.00
553.21 0.00
940.33 502.11
949.13 922.21
945.06 634.19
958.62 0.00
28.54 0.00
0.00 0.00
0.00 0.00
0.00 11.40
0.00 0.00
152.82 0.00
570.90 172.83
0.00 605.35
0.00 0.00
0.00 0.00
640.75 0.00
956.44 561.14
956.56 425.46
932.67 0.00
981.03 0.00
953.16 777.59
958.92 928.53
944.88 195.50
957.50 644.11
960.58 32.50
959.53 311.05
956.09 698.18
942.13 924.00
965.52 953.17
575.78 947.62
0.00 940.22
0.00 963.00
0.00 940.53
0.00 945.86
0.40 944.85
0.00 934.57
224.05 931.40
948.56 947.86
371.45 932.17
0.00 958.32
0.00 936.37
0.00 950.39
0.41 942.84
0.00 943.14
511.97 951.70
948.11 943.56
946.55 934.57
952.14 951.05
956.58 931.39
578.14 930.71
0.00 948.70
0.00 963.39
0.00 939.80
793.09 942.48
250.98 948.15
184.39 24.35
946.26 181.82
951.10 936.09
933.33 946.70
964.49 907.13
944.89 852.60
943.71 180.78
954.89 885.50
951.27 751.25
967.46 883.49
956.12 755.62
960.62 31.50
966.30 47.58
969.51 337.91
956.80 802.57
950.56 38.00
955.16 906.01
951.36 309.01
963.50 0.00
939.89 148.68
956.05 929.59
941.17 955.40
959.50 283.96
939.30 0.00
0.00 0.00
0.00 0.00
0.17 0.00
0.24 0.40
517.35 0.00
0.00 514.29
0.00 0.00
682.43 0.00
322.51 883.44
0.00 938.81
0.00 934.13
464.17 943.26
899.38 833.42
946.56 945.86
922.52 938.11
923.39 917.90
962.07 913.18
966.13 942.04
951.36 943.02
937.52 933.52
960.18 939.08
949.19 943.96
946.54 940.83
975.45 937.43
966.54 956.73
964.26 769.45
977.62 539.62
950.94 643.00
960.72 350.00
955.70 566.62
970.91 33.00
952.54 281.05
931.74 349.08
963.18 680.50
960.79 937.05
960.24 959.50
353.84 952.26
0.00 488.85
611.90 0.00
947.38 685.27
959.37 930.06
948.03 935.77
931.69 672.87
973.89 368.56
939.51 296.76
957.86 32.54
958.93 770.36
960.78 324.61
950.05 735.07
434.98 936.75
0.00 951.59
0.00 948.76
0.00 942.73
1.37 952.45
0.00 946.09
0.00 957.17
0.00 946.34
718.14 938.53
967.48 938.61
368.87 923.88
0.00 937.11
212.05 951.25
0.00 938.09
0.00 955.49
0.00 372.08
0.00 0.00
686.33 0.00
935.62 601.35
948.53 397.57
959.50 0.00
668.72 0.00
203.44 181.38
0.00 889.30
285.43 0.00
950.53 278.62
937.99 950.66
931.25 917.55
949.48 919.46
948.01 931.37
937.45 925.70
961.58 933.05
973.81 932.20
941.42 928.04
946.27 947.05
957.15 938.04
961.79 955.15
970.94 951.78
951.61 939.19
306.48 939.62
0.00 953.16
222.03 956.71
0.00 961.08
0.00 182.47
0.00 0.00
0.00 0.00
35.35 0.00
787.51 5.77
938.33 816.38
952.24 923.18
963.57 927.91
955.81 935.54
959.93 503.13
851.45 193.08
824.48 0.00
933.11 869.86
946.27 901.17
929.38 936.61
929.38 969.70
954.33 929.36
951.60 935.25
931.79 940.57
969.62 937.85
954.67 960.11
946.93 940.15
950.24 938.82
986.98 938.41
947.93 951.10
969.08 940.83
957.70 944.04
962.19 924.68
942.55 934.00
971.50 939.68
947.60 949.90
966.01 943.94
949.98 925.73
967.93 959.67
529.45 926.98
0.00 851.02
0.00 0.00
0.00 0.00
0.00 0.00
0.36 0.00
0.00 0.35
0.00 0.00
0.00 0.00
0.00 513.33
291.91 0.00
959.41 293.43
839.54 939.89
0.00 828.18
0.00 0.00
870.57 0.00
956.25 880.36
944.95 925.04
924.35 927.37
944.91 929.72
954.34 920.25
960.63 69.89
956.65 779.89
963.70 928.82
981.39 357.79
954.78 0.00
957.43 0.00
943.32 0.00
957.50 34.52
938.18 739.05
946.10 0.00
968.73 0.00
349.21 0.00
0.00 0.00
535.90 0.00
415.84 771.27
890.18 423.11
760.12 915.75
0.00 926.41
0.00 826.01
0.00 0.00
0.00 0.00
31.54 0.00
0.00 516.86
227.93 0.00
919.91 167.78
957.29 843.94
943.39 941.00
954.65 928.79
945.30 934.84
960.79 938.06
960.44 929.10
355.81 943.24
0.00 936.02
0.00 945.38
930.11 939.06
961.96 948.99
930.58 952.43
0.00 971.07
0.00 948.34
0.00 943.00
0.00 933.45
0.00 0.21
0.00 0.00
0.00 0.00
602.77 0.00
167.92 518.04
0.00 0.00
0.00 0.00
0.00 0.00
0.00 0.00
0.00 0.00
0.00 0.00
0.00 0.00
0.00 0.00
908.70 0.00
961.18 904.51
960.50 915.62
947.17 947.80
962.50 957.14
670.74 895.71
0.00 0.00
0.00 0.00
0.00 0.00
0.00 0.00
0.00 0.00
307.95 0.00
467.13 282.79
392.20 491.73
953.16 324.81
960.19 920.44
934.77 926.80
959.33 941.46
944.16 951.28
935.57 941.42
930.52 944.81
972.70 911.29
948.73 926.66
961.02 938.67
946.63 938.94
952.23 943.27
952.81 926.41
949.14 927.10
941.96 940.63
981.47 939.53
975.95 934.29
951.73 947.08
953.76 950.50
946.80 940.21
950.61 615.56
976.81 0.00
934.68 0.00
938.88 0.00
950.98 708.77
956.45 937.92
972.90 955.29
943.67 946.98
952.90 958.03
933.99 878.87
956.47 520.07
951.36 941.39
955.64 961.24
939.47 941.56
938.44 940.72
958.95 931.02
955.15 943.78
956.98 949.00
950.13 941.48
943.94 947.40
948.59 938.80
951.55 945.69
943.50 945.87
941.58 935.00
985.75 938.27
949.97 962.63
955.31 933.81
954.90 929.18
897.28 955.52
775.91 941.69
251.94 941.19
0.00 949.34
0.00 947.60
757.12 947.08
973.93 927.70
329.60 936.49
362.39 946.05
969.17 941.93
531.79 945.71
504.27 6.84
907.63 0.00
315.50 0.00
33.00 0.00
810.89 0.36
838.46 0.00
881.60 0.00
952.21 0.00
506.16 883.89
857.27 949.57
982.10 937.98
968.54 946.64
955.12 935.99
958.50 217.14
955.11 0.00
971.22 0.00
955.16 0.00
950.12 0.00
968.65 0.00
956.16 0.00
508.94 0.00
364.81 402.66
939.82 366.97
951.69 925.52
191.92 931.38
0.00 939.47
810.26 285.00
933.80 807.31
934.43 931.47
949.94 936.26
938.25 934.41
935.47 931.75
941.26 948.14
947.87 940.17
951.86 944.97
938.88 969.56
946.80 934.85
948.04 962.79
957.54 949.97
960.80 903.38
948.88 0.00
967.21 0.00
955.59 0.00
268.53 485.80
951.34 318.89
927.94 930.92
955.33 921.73
953.62 952.10
987.12 938.56
324.69 70.69
910.07 235.05
938.49 904.85
929.57 919.93
957.82 940.13
943.94 954.33
941.65 933.19
948.74 920.38
920.20 938.33
916.03 940.62
953.70 924.73
942.38 935.70
836.15 914.50
0.00 970.67
0.00 952.50
0.00 949.52
0.00 937.13
0.00 958.18
941.28 948.98
921.31 938.08
195.99 921.48
795.88 959.01
0.00 926.52
0.00 601.13
0.00 0.00
0.00 0.00
0.00 0.00
0.00 0.00
0.00 0.00
0.00 0.00
143.26 0.00
374.64 135.58
0.00 643.31
0.00 0.00
0.00 0.00
401.58 0.00
951.89 392.86
943.36 932.08
943.19 929.46
972.12 936.28
964.76 935.01
950.95 953.05
944.96 938.64
957.87 941.33
951.36 929.62
972.14 936.76
948.50 946.00
951.45 944.21
953.71 928.39
945.96 924.31
948.99 937.55
958.05 938.00
940.30 939.00
935.43 926.86
987.00 940.19
965.89 947.50
965.05 945.96
961.70 929.70
945.68 936.60
957.50 942.48
939.03 956.12
964.36 953.33
951.58 941.02
956.22 936.50
352.06 951.23
0.00 940.29
0.00 948.43
0.00 954.07
0.50 945.68
890.25 49.59
952.41 832.27
946.19 937.34
962.75 918.22
939.18 935.81
956.15 920.71
935.76 936.47
950.82 948.38
192.78 921.10
513.54 952.53
0.00 937.02
0.00 959.00
0.00 917.24
0.00 122.31
0.47 0.00
709.73 0.00
290.88 799.50
0.00 928.70
0.00 377.00
0.00 0.00
0.00 0.00
30.47 268.20
0.00 508.20
0.00 0.00
0.00 0.00
0.00 0.00
0.00 0.00
0.00 0.00
899.69 0.00
947.58 0.00
973.00 634.59
950.00 942.05
952.79 912.31
956.52 315.03
943.65 0.00
955.57 0.00
965.50 0.00
971.61 0.00
977.00 31.44
958.00 0.00
955.49 0.00
958.29 0.00
951.16 0.00
952.29 0.37
951.08 465.22
934.03 947.83
954.62 925.74
952.11 946.50
944.96 938.16
942.10 941.86
938.90 229.04
966.57 0.00
951.50 0.00
967.39 0.00
589.88 291.67
523.21 226.64
949.82 496.90
930.10 935.18
959.11 954.95
950.73 947.74
940.45 971.42
947.63 942.27
962.96 945.10
952.19 957.07
944.41 936.05
938.87 894.50
961.46 616.56
952.14 544.50
951.63 866.64
968.05 946.82
972.00 950.50
945.01 929.17
953.10 947.56
959.64 959.32
954.28 927.72
949.06 941.73
930.58 965.00
961.65 946.94
941.81 298.84
955.70 959.49
963.49 934.68
939.30 947.80
953.91 920.67
955.18 960.58
971.11 60.13
865.81 0.00
848.99 0.00
935.93 876.71
752.84 928.42
0.00 933.84
0.00 942.04
0.00 937.59
0.00 943.62
54.66 938.40
0.00 943.46
0.00 941.25
0.00 936.85
0.00 930.54
196.58 939.24
555.22 943.34
0.00 934.10
0.00 943.68
836.57 951.58
940.52 951.07
948.95 940.04
953.13 945.93
447.14 934.00
474.53 930.53
265.63 597.34
0.00 228.69
0.00 0.00
0.00 0.00
0.00 0.00
31.46 0.00
0.00 44.96
0.00 0.00
924.66 0.00
928.50 883.08
920.67 941.33
956.59 925.80
955.73 928.47
941.61 966.99
929.12 921.37
942.55 913.52
959.72 931.82
969.89 942.47
984.16 946.47
943.47 942.33
966.28 938.01
982.54 944.31
942.87 913.92
948.65 946.08
966.27 948.77
975.05 934.47
974.76 949.15
640.51 975.15
457.46 951.45
323.43 930.98
0.00 944.00
0.00 946.42
616.31 3.21
936.38 438.79
946.30 590.17
593.11 0.00
47.55 0.00
726.40 15.04
0.00 238.48
701.27 0.00
911.07 656.74
925.01 920.74
952.62 954.12
952.03 924.45
938.43 959.87
942.72 953.63
957.08 930.50
938.00 929.06
927.27 959.86
954.05 953.23
964.31 953.47
941.67 934.57
964.36 813.48
945.91 0.00
950.70 0.00
963.24 197.05
948.07 0.00
951.20 0.00
947.12 0.00
956.35 0.00
966.70 544.34
955.97 551.36
962.50 367.94
944.43 147.14
26.29 0.00
0.00 0.00
0.00 0.00
0.00 0.00
4.05 0.37
810.60 0.00
476.41 512.28
0.00 0.00
173.28 0.00
948.07 183.15
958.68 945.89
945.89 915.29
942.27 930.11
941.88 943.40
929.64 938.31
961.26 935.30
930.69 932.94
954.10 949.41
958.38 933.81
935.20 936.05
941.42 940.54
946.67 938.89
944.57 939.68
954.78 936.11
942.40 949.54
943.49 887.59
962.20 0.00
960.89 70.24
966.31 411.36
951.11 0.00
972.86 0.00
930.72 598.37
948.41 938.28
964.56 934.92
950.00 636.67
963.20 0.00
951.77 0.00
944.52 0.00
525.47 96.02
0.00 688.77
0.00 0.00
0.00 0.00
0.00 0.00
0.42 0.00
0.00 0.42
719.00 0.00
941.08 713.24
947.23 921.38
947.45 927.46
944.77 525.81
955.76 499.59
966.46 893.56
950.32 910.48
939.92 920.31
943.60 946.89
948.93 915.62
952.78 942.50
939.50 938.92
953.07 943.10
944.09 943.50
932.60 941.71
962.87 945.89
822.09 958.60
0.00 935.35
0.00 919.63
0.00 964.12
0.00 949.28
896.94 936.67
959.60 943.57
197.97 937.53
0.00 943.64
0.00 958.81
0.00 945.03
3.92 934.08
0.00 767.52
0.00 0.00
497.25 0.00
0.00 829.61
0.00 184.34
0.00 0.00
0.00 0.00
28.46 0.00
0.00 13.41
55.54 0.00
914.16 34.04
935.56 894.20
934.49 936.43
947.75 929.38
940.54 951.12
949.21 930.15
924.33 917.09
930.35 933.44
946.01 944.78
43.92 938.46
432.71 926.09
937.93 936.28
947.02 930.89
972.35 940.00
959.50 932.12
930.39 937.03
0.00 933.27
0.00 934.56
0.00 941.72
229.74 934.95
487.93 921.13
0.00 836.44
0.00 0.00
0.00 0.00
0.00 0.00
56.40 0.00
0.00 0.00
508.72 0.00
532.80 509.05
0.00 0.00
0.00 0.00
453.26 0.00
963.58 359.45
955.97 670.12
716.62 0.00
0.00 0.00
840.11 0.00
189.92 253.57
544.26 0.00
931.77 535.25
926.22 925.70
956.38 947.59
957.33 934.68
945.64 932.07
924.82 930.69
927.08 970.87
947.00 933.54
947.58 926.14
951.56 948.83
949.23 938.26
946.97 957.03
950.00 944.25
959.14 922.44
962.17 822.50
952.89 247.66
70.67 944.45
439.17 934.33
320.40 843.64
0.00 467.78
0.00 32.00
0.00 749.04
10.36 542.22
0.00 500.50
0.00 936.99
664.73 949.21
936.25 945.58
952.16 927.95
941.64 925.63
944.21 924.67
967.39 929.45
922.60 922.49
950.55 917.55
943.27 950.90
953.22 933.60
958.56 944.02
936.43 929.60
954.74 933.21
954.79 957.87
951.93 753.13
959.00 258.06
935.38 928.57
955.61 549.50
944.39 32.19
953.14 489.74
943.14 922.71
962.58 292.42
964.84 781.09
945.96 921.61
951.00 926.67
942.67 958.36
938.06 932.21
943.16 949.54
970.59 938.00
955.11 938.96
821.52 893.47
0.00 52.34
513.36 0.00
923.79 531.85
941.93 904.71
947.49 906.87
942.76 287.63
959.55 788.96
950.59 883.92
949.46 59.90
968.52 132.50
952.07 942.08
953.28 899.50
950.00 873.62
962.92 174.03
966.15 936.45
962.15 948.03
946.97 29.36
962.18 0.00
871.91 0.00
959.12 672.63
959.99 959.13
937.66 934.39
867.03 474.02
0.00 261.13
0.00 0.00
381.29 0.00
948.81 367.94
961.65 904.96
949.15 925.65
935.71 939.30
950.23 916.16
929.22 927.03
939.34 905.44
952.05 920.04
982.95 926.07
954.51 50.90
864.58 0.00
215.54 0.00
677.93 0.00
462.87 830.16
0.00 453.32
0.00 0.00
239.82 0.00
941.10 235.89
940.93 948.50
960.70 877.32
959.38 0.00
66.70 0.00
0.00 0.00
0.00 0.00
513.91 0.00
0.00 773.50
0.00 0.00
0.00 0.00
0.00 0.00
0.00 0.00
0.00 0.36
0.00 0.00
860.82 0.00
929.67 873.50
939.82 957.41
951.68 918.37
941.39 950.74
967.02 930.65
928.49 957.65
916.01 925.47
962.56 953.56
962.05 953.50
958.57 952.00
949.44 956.04
951.81 931.77
979.67 963.38
934.49 947.92
944.52 934.22
963.79 935.96
966.19 935.55
951.58 952.60
950.64 945.57
952.58 942.04
952.19 974.60
935.50 942.72
941.15 961.94
156.33 957.13
0.00 957.72
0.00 932.47
0.00 936.90
0.43 971.17
456.63 958.42
949.57 938.12
908.47 927.00
241.04 947.79
842.22 932.54
716.05 947.62
0.00 929.81
0.00 945.04
221.75 965.55
948.33 857.85
950.57 916.50
951.67 930.38
941.93 917.07
969.00 953.35
937.69 957.06
962.27 914.74
950.36 939.00
953.20 953.28
950.36 939.06
974.04 933.35
947.13 949.08
851.37 952.56
0.00 650.48
96.82 0.00
947.62 37.00
962.59 913.46
967.46 77.91
431.22 774.32
0.00 0.00
0.00 0.00
0.00 0.00
0.00 0.00
0.00 0.38
0.00 0.00
0.00 0.00
0.00 0.00
491.18 0.00
0.00 494.24
871.66 0.00
956.95 874.46
962.09 951.62
945.17 948.82
984.02 856.16
971.42 902.83
953.01 907.06
955.59 937.95
958.09 930.77
963.93 912.91
940.11 931.31
944.50 933.05
961.79 933.02
968.15 561.10
944.60 0.00
953.96 0.00
972.79 0.00
957.14 0.00
949.92 51.64
146.62 510.46
0.00 0.00
0.00 0.00
0.00 0.00
898.41 0.00
970.86 869.15
963.95 920.27
954.67 937.54
329.94 355.12
260.87 0.00
0.00 517.76
0.00 0.00
0.00 0.00
0.00 0.00
0.39 0.00
0.00 3.94
874.19 0.00
933.16 865.27
956.56 954.49
982.00 943.65
969.10 934.51
969.00 934.00
974.76 299.74
968.08 741.50
962.00 885.32
967.89 91.57
200.48 127.57
0.00 937.86
840.69 762.32
192.40 282.10
0.00 947.82
0.00 955.50
0.00 934.24
0.40 887.50
7.00 572.16
762.47 544.67
0.00 906.91
0.00 945.00
0.00 942.76
0.00 950.88
0.00 946.29
0.00 945.50
0.00 947.04
0.00 932.07
43.52 974.23
935.46 944.61
960.38 948.93
972.15 942.20
962.61 958.12
948.37 958.59
552.26 941.70
0.00 936.68
0.00 947.02
143.81 956.37
955.71 953.57
961.25 957.89
951.60 958.76
953.64 920.70
957.32 935.73
959.18 953.62
957.04 954.31
947.77 957.93
946.70 958.17
953.28 949.15
955.14 926.07
686.98 928.55
0.00 952.58
0.00 951.60
0.00 956.42
0.00 966.41
0.00 957.87
765.81 671.10
11.87 752.70
0.00 274.34
0.00 0.00
0.00 0.00
424.08 0.00
608.27 490.28
0.00 942.69
552.09 944.14
482.27 950.54
0.00 239.38
0.00 0.00
0.00 0.00
0.00 0.00
0.00 29.49
0.00 0.00
0.00 0.00
708.17 0.00
434.66 258.97
879.39 304.60
940.09 891.05
942.72 953.61
973.45 949.13
981.42 917.62
946.98 927.90
967.69 933.27
964.74 934.02
967.28 954.30
956.96 954.98
968.62 958.00
954.58 944.22
965.95 941.66
963.65 946.16
578.46 945.04
943.77 936.56
950.86 946.54
966.95 932.53
836.60 931.92
0.00 956.79
0.00 829.90
439.82 0.00
78.39 436.33
0.00 594.29
0.00 0.00
0.00 0.00
0.20 0.00
129.36 0.00
942.31 0.00
969.61 0.00
953.00 646.03
956.11 930.74
960.23 907.12
950.29 894.21
949.65 934.58
958.08 921.54
961.57 939.25
971.30 933.49
962.43 688.56
958.52 354.58
964.50 950.37
975.27 880.56
949.71 139.00
946.89 80.50
945.18 77.47
950.21 0.48
966.39 0.00
953.14 0.00
962.86 0.00
961.77 0.00
971.49 0.40
947.93 279.09
939.08 491.59
958.27 0.00
953.34 0.00
961.28 832.13
941.87 941.50
854.62 930.96
0.00 932.80
10.57 969.21
706.30 526.60
0.00 714.21
0.00 0.00
0.00 0.00
0.00 0.00
64.98 0.00
0.00 58.44
0.00 0.00
0.00 0.00
890.66 0.00
927.14 871.96
952.31 960.44
956.70 900.62
948.89 943.37
947.07 921.77
946.08 957.76
954.72 940.76
944.07 930.07
978.07 944.64
983.50 947.59
971.19 940.65
963.06 948.88
950.88 947.28
567.87 971.07
0.00 942.62
0.00 290.50
0.00 0.00
0.00 0.00
0.00 0.00
0.00 0.43
944.48 125.54
53.89 947.58
257.98 930.28
0.00 950.01
0.00 977.74
0.00 436.83
0.00 0.00
60.99 0.00
0.00 0.00
0.00 0.39
0.00 0.00
0.00 0.00
3.92 0.00
0.00 0.00
777.02 0.40
13.90 456.25
0.00 0.00
0.00 0.00
750.77 0.00
943.63 802.61
965.55 928.49
446.12 946.82
0.00 475.54
0.00 0.00
659.20 0.00
112.89 453.51
0.00 0.00
0.00 0.00
411.17 0.00
933.16 388.33
969.90 925.91
948.05 948.35
940.06 929.21
936.96 929.30
972.53 925.79
951.17 939.22
967.90 955.54
948.79 932.16
949.99 925.42
977.01 929.63
945.38 963.19
981.00 158.50
536.07 0.00
40.57 0.00
938.71 33.52
303.28 736.74
0.00 0.00
884.70 0.00
938.41 847.88
947.65 923.68
953.97 958.66
966.23 929.58
962.56 966.15
974.23 927.78
961.38 912.62
975.28 947.40
951.70 946.23
928.93 927.70
953.50 949.54
973.07 949.38
954.52 929.41
952.01 942.10
953.98 944.30
964.08 913.69
211.84 246.07
534.17 580.70
499.80 553.47
0.00 573.73
744.20 32.03
973.48 450.06
335.93 913.84
0.00 344.60
0.00 716.09
11.07 970.50
767.40 942.60
0.00 935.57
0.00 930.11
0.00 937.75
292.74 946.30
958.72 700.69
954.09 938.65
941.51 914.17
937.02 389.42
951.49 608.34
944.42 388.56
932.58 491.36
964.61 32.00
958.15 63.00
954.57 282.17
960.17 432.09
967.16 600.58
386.32 324.40
0.00 740.04
0.00 923.81
0.00 949.75
130.94 923.95
942.08 811.11
968.41 910.43
947.76 943.71
94.76 920.86
0.00 952.00
408.11 927.42
947.40 934.66
948.02 944.43
980.30 931.07
959.67 940.42
924.53 963.54
934.83 921.45
981.12 953.36
950.83 948.86
945.23 940.47
964.16 938.58
964.92 926.05
939.90 936.06
954.58 96.43
941.91 0.00
945.07 0.00
951.10 0.00
943.08 3.97
956.12 677.25
947.80 99.52
416.03 0.00
932.26 221.10
949.20 938.09
8.31 939.56
0.00 964.72
384.73 32.63
722.95 442.69
916.28 396.87
