54.12 
0.00 49.55
0.00 0.00
348.79 0.00
879.61 271.47
922.78 922.81
904.77 893.43
919.92 918.14
932.65 919.98
921.18 930.06
929.76 931.74
955.91 937.79
947.77 938.90
964.32 931.44
957.42 922.77
947.05 923.71
930.27 933.27
937.78 940.68
984.01 956.71
959.34 951.61
947.43 963.07
968.87 946.78
968.34 941.55
974.74 930.81
622.21 940.41
931.14 777.46
955.36 910.75
972.38 935.81
962.38 940.90
972.32 945.19
966.34 948.49
950.40 933.87
965.40 945.84
956.76 927.43
935.83 938.84
941.45 948.73
911.01 933.53
904.01 925.24
920.19 942.47
975.30 949.20
939.32 957.48
914.62 938.64
926.03 950.52
944.07 954.58
936.57 936.65
945.60 941.15
795.44 941.77
896.77 870.26
939.38 907.27
935.10 906.29
133.11 933.85
0.00 176.02
766.46 0.00
900.05 790.63
811.00 912.11
883.33 794.56
950.51 883.61
734.68 900.70
909.12 744.52
924.24 882.14
930.13 907.92
931.17 948.38
933.15 924.10
913.90 946.39
919.67 945.38
552.75 929.99
768.65 547.08
440.39 772.60
0.00 449.23
705.19 0.00
900.99 710.98
634.75 918.71
394.35 664.26
944.32 349.67
392.69 928.49
0.00 432.10
0.00 0.00
596.70 0.00
913.04 558.83
902.20 904.59
940.81 945.66
950.32 932.23
931.16 932.25
894.28 928.71
917.62 889.52
944.44 949.44
954.06 952.80
944.05 903.86
935.56 933.40
944.68 917.93
917.69 931.33
947.44 918.10
961.97 929.52
971.87 936.86
967.31 952.73
940.46 943.62
967.67 935.75
241.03 952.89
640.54 375.60
285.80 644.04
863.96 259.77
888.96 930.71
928.38 874.44
928.65 913.40
935.75 931.41
944.71 945.67
937.43 943.92
929.35 957.96
973.17 938.10
956.39 935.75
916.99 955.62
924.93 927.07
958.89 914.06
937.60 917.08
920.01 927.12
969.44 924.49
959.63 920.54
976.44 952.24
945.54 946.67
936.32 932.84
934.42 953.40
950.80 936.07
969.51 952.56
943.84 954.22
957.69 904.57
961.79 957.83
964.15 916.61
966.03 942.42
978.63 927.24
974.60 938.39
891.68 946.30
737.70 952.51
0.00 930.02
847.92 118.28
933.66 834.25
940.13 929.42
935.00 965.92
938.00 957.99
924.93 938.95
902.36 910.93
928.57 914.94
926.39 915.70
933.72 900.56
703.89 926.02
504.83 759.32
0.00 530.37
737.66 0.00
906.88 754.27
919.31 912.04
899.09 913.44
912.15 900.66
927.12 912.45
950.99 920.93
906.10 929.65
970.55 894.86
937.08 933.52
890.51 920.80
826.08 926.75
63.97 907.00
442.23 6.26
932.29 434.54
894.05 916.60
963.79 894.62
928.57 908.20
927.51 938.12
943.15 924.79
967.44 923.16
828.18 933.21
0.00 945.39
323.71 0.00
921.17 331.63
946.81 940.88
924.48 900.08
931.18 911.44
931.67 937.18
922.42 915.45
922.94 926.38
900.08 948.17
928.24 923.46
925.52 897.58
908.32 943.51
886.95 944.57
924.32 915.17
940.86 922.49
921.69 943.14
924.44 902.90
972.24 896.83
946.28 929.53
959.36 930.28
959.08 936.52
960.84 947.62
948.96 927.07
950.28 941.75
942.97 936.37
953.40 940.19
950.48 949.38
925.03 967.95
934.13 946.08
942.66 944.36
951.24 931.65
960.44 935.34
940.82 944.45
949.71 938.08
956.94 945.59
956.68 946.57
975.72 929.18
948.84 924.21
950.56 924.34
939.93 940.15
928.54 918.07
982.98 918.06
945.03 947.84
592.59 939.62
353.68 921.11
947.39 421.83
926.99 911.00
908.70 940.17
913.07 921.35
925.52 912.20
920.43 944.35
934.95 930.59
916.27 928.66
908.56 939.24
936.47 920.98
940.27 917.61
932.99 913.43
960.21 932.90
951.18 909.86
938.85 921.06
929.97 924.11
954.08 905.60
926.41 926.78
952.98 930.13
526.47 938.56
135.54 678.03
841.19 129.68
912.82 885.31
936.40 911.99
921.46 910.14
923.38 933.12
936.75 932.59
950.19 929.19
937.36 929.91
910.82 896.91
930.38 917.83
924.88 909.70
933.80 916.46
951.97 881.08
912.13 180.15
957.15 896.98
948.93 803.86
760.07 32.50
704.78 275.00
725.05 938.91
886.55 490.90
566.76 581.78
525.94 921.59
137.45 959.35
0.00 941.62
0.00 919.30
0.00 223.93
533.46 0.00
907.86 480.26
929.54 907.58
934.25 935.97
934.82 914.34
903.81 920.94
949.34 926.86
893.34 891.74
914.07 894.17
932.18 927.53
922.48 921.66
944.29 923.46
944.29 922.43
926.31 937.06
959.97 932.53
959.51 906.84
919.59 914.20
952.06 947.47
910.43 942.43
940.52 947.17
942.04 940.10
404.44 938.54
935.61 462.20
908.86 895.54
922.74 904.88
932.20 913.66
913.96 904.80
943.46 910.65
930.27 905.92
948.15 938.92
323.29 934.05
895.54 478.72
907.85 876.49
913.83 916.44
245.46 919.88
866.77 248.11
924.36 862.15
880.19 917.47
916.27 904.32
973.89 906.83
956.03 926.80
924.42 917.16
951.52 919.56
946.60 934.98
945.07 931.50
965.16 935.60
882.98 926.18
0.00 927.36
679.17 122.92
829.57 658.18
905.12 833.89
921.08 880.73
883.77 909.43
895.24 903.79
916.53 913.66
877.69 919.98
909.52 872.19
958.79 894.86
959.59 264.92
947.90 809.04
950.97 871.00
922.52 610.79
938.19 191.55
457.23 364.10
963.61 921.82
327.94 261.50
686.07 839.23
855.87 944.14
930.54 955.28
930.77 944.21
377.36 946.24
309.67 938.48
292.19 952.16
893.51 951.46
922.21 941.82
952.92 923.68
938.16 932.33
929.02 911.38
933.58 934.78
939.48 913.01
926.44 911.08
925.75 927.52
950.24 922.10
890.95 928.45
937.53 932.07
949.23 931.47
931.10 906.75
957.36 918.60
991.47 939.25
951.02 940.67
967.97 943.77
943.79 927.15
483.49 924.27
0.00 741.16
0.00 0.00
163.18 0.00
909.16 138.34
915.44 938.54
779.63 874.06
872.59 798.81
939.38 845.66
929.00 949.00
908.03 935.73
922.89 923.37
941.57 941.20
943.39 923.28
962.26 915.76
914.80 932.63
941.55 948.86
929.29 933.23
923.78 910.19
921.87 902.79
961.89 921.69
964.93 610.64
961.01 408.15
970.75 922.76
615.38 544.82
181.33 851.62
899.84 589.30
966.67 541.61
965.07 149.62
50.46 591.50
948.27 229.34
956.25 958.18
787.30 942.16
952.57 956.82
900.25 931.68
925.03 603.99
654.98 398.50
455.80 732.60
0.00 32.00
0.00 317.56
121.89 276.00
951.15 761.64
927.57 952.37
951.42 939.85
943.69 939.36
923.70 941.00
932.47 924.68
922.14 934.98
962.29 933.94
949.74 937.67
962.22 943.78
927.80 946.40
952.05 921.95
888.36 935.38
875.54 922.38
955.69 946.08
953.27 924.98
936.61 918.20
937.82 932.45
939.62 930.59
948.58 943.90
933.18 937.52
944.54 941.95
927.49 946.33
939.46 941.43
932.03 939.08
945.42 926.01
958.02 937.96
961.93 941.09
841.65 944.87
949.42 938.57
929.56 922.40
0.00 941.19
265.73 942.37
951.57 929.67
806.30 936.15
374.78 910.53
751.40 441.31
933.41 753.80
874.68 927.67
853.07 902.31
945.55 865.19
181.42 942.92
947.87 170.31
913.79 922.59
844.53 909.31
423.63 852.06
0.00 428.15
232.36 0.00
910.41 228.23
929.69 915.05
961.91 925.41
940.61 936.52
943.28 935.48
921.66 923.33
929.86 920.67
874.85 943.89
911.32 916.82
960.47 908.38
439.29 914.15
684.84 502.09
351.52 679.67
514.27 379.18
943.11 451.75
130.38 945.12
456.04 153.76
926.44 447.86
310.60 920.87
250.54 341.79
0.00 250.37
161.14 0.00
908.04 134.45
930.40 907.95
920.82 911.85
920.98 920.52
929.31 931.77
925.47 938.09
947.19 920.79
727.36 931.54
0.00 736.27
154.38 0.00
929.27 191.67
966.52 918.98
601.24 942.57
498.91 638.19
952.18 501.17
866.05 920.24
925.25 894.74
916.07 906.25
947.11 925.86
746.90 920.77
0.00 740.45
807.74 0.00
924.13 805.22
929.50 892.23
978.81 920.75
908.34 923.36
700.91 951.16
210.94 801.05
918.74 212.77
944.64 915.91
779.39 912.53
430.77 817.71
688.74 407.09
939.83 700.92
905.19 934.25
950.16 932.94
937.21 931.81
948.50 939.28
937.95 919.29
946.75 929.05
929.54 935.94
972.23 945.93
956.96 935.94
931.61 942.43
924.69 918.00
918.59 916.67
620.20 889.93
0.00 343.33
0.00 423.22
0.00 0.00
685.01 0.00
903.36 655.18
881.30 734.06
952.36 907.53
894.80 927.29
904.87 943.85
908.62 928.12
929.41 932.62
939.43 923.18
962.72 935.74
961.55 933.59
925.09 908.54
109.32 937.58
953.38 247.02
947.68 931.81
967.91 941.84
764.56 925.27
332.03 847.95
902.32 323.51
894.27 889.57
915.34 901.10
943.78 901.16
78.92 942.19
664.57 110.14
0.00 699.70
0.00 0.00
839.75 0.00
901.96 785.58
898.36 910.00
903.26 890.83
882.84 879.81
907.09 903.62
913.04 912.14
955.13 919.62
948.85 893.32
916.47 905.57
947.15 938.07
927.26 905.50
363.53 915.30
952.30 520.64
927.63 906.19
941.28 913.68
931.18 928.11
934.31 942.18
972.59 937.08
928.55 921.67
766.23 928.66
588.41 880.63
589.68 557.77
919.13 702.35
937.65 903.34
903.36 932.35
964.28 927.40
942.38 918.37
957.05 931.48
932.93 940.47
939.07 935.79
929.62 932.45
908.94 926.14
951.47 941.51
916.17 934.79
941.63 933.10
962.98 937.48
944.69 955.30
276.20 938.36
530.82 268.48
414.08 548.32
333.81 422.84
911.24 306.57
919.21 920.30
922.17 914.15
913.37 932.69
926.33 868.82
722.36 894.89
634.42 809.10
0.00 683.12
0.00 0.00
884.67 0.00
884.25 833.83
896.97 892.15
942.58 906.13
924.73 921.10
944.58 906.82
952.94 923.74
936.46 931.03
926.50 929.42
942.87 955.78
935.23 932.30
927.77 935.18
956.17 934.21
935.87 929.26
940.24 916.28
922.33 933.16
944.99 903.36
960.13 941.78
945.00 924.23
930.77 938.59
0.00 946.93
0.00 139.63
576.18 0.00
931.32 566.65
860.46 904.50
879.08 910.26
932.68 880.93
961.78 906.31
938.13 925.66
913.98 922.81
939.86 915.08
926.36 948.48
954.15 926.96
940.86 944.69
915.97 930.26
911.50 906.35
912.81 929.86
915.76 927.90
951.23 926.76
959.31 938.33
984.09 916.98
969.19 932.66
990.54 941.03
5.74 946.08
107.30 167.36
884.67 104.86
869.67 866.42
935.55 890.38
942.80 909.70
957.22 906.15
967.57 935.47
938.87 922.83
916.34 922.22
932.17 932.23
953.28 918.74
920.46 932.72
925.59 905.32
918.57 931.61
939.41 935.63
912.19 936.79
930.78 939.81
930.00 924.62
954.51 931.33
921.16 927.36
942.59 915.83
965.99 932.73
939.46 677.24
947.88 353.98
943.18 793.13
938.02 240.01
943.74 917.45
939.48 922.66
954.55 933.02
947.76 936.07
825.79 935.17
379.91 927.22
606.96 950.85
825.19 927.74
902.37 928.25
768.83 931.68
927.43 936.94
939.66 933.82
945.68 931.39
919.88 940.89
932.86 935.87
956.12 920.74
943.83 955.02
951.03 951.08
903.05 946.90
704.05 958.15
0.00 926.72
0.00 181.13
634.21 0.00
104.09 640.46
889.46 105.82
921.43 883.93
950.80 900.08
961.22 947.88
937.76 926.01
943.97 946.11
946.25 924.17
949.21 937.38
955.51 919.01
941.80 933.74
912.23 932.35
936.67 921.32
932.35 916.98
951.04 944.73
940.94 920.06
922.37 909.09
849.08 922.41
734.17 949.01
714.25 814.00
892.11 711.15
489.60 902.22
620.70 442.35
924.34 660.92
922.32 907.88
568.35 930.26
251.77 542.16
403.32 248.01
888.47 218.18
905.66 888.41
944.13 182.89
879.91 946.43
879.88 939.53
929.21 948.43
878.36 928.58
915.72 930.39
937.98 931.37
956.90 939.28
923.74 948.49
954.54 926.17
950.58 925.08
941.73 946.19
919.62 927.49
972.73 940.78
954.68 897.32
914.68 946.29
925.87 934.21
692.96 943.84
0.00 934.96
24.52 412.73
887.09 37.51
884.95 883.99
924.29 890.62
908.25 920.44
930.32 897.63
914.13 921.43
934.11 932.33
939.94 897.45
892.02 944.42
927.29 919.69
942.76 930.73
924.20 946.91
269.45 943.02
838.60 239.59
919.45 819.23
899.97 904.56
941.21 918.15
770.74 924.48
872.52 784.62
928.10 872.03
914.97 909.83
918.81 912.07
29.94 933.67
169.06 52.40
906.70 158.75
923.40 893.89
913.33 920.34
937.50 912.13
948.55 921.98
975.42 916.37
929.16 940.27
938.23 934.56
944.46 939.84
949.87 939.41
949.77 935.53
955.26 936.78
977.44 927.43
967.02 950.56
890.27 932.62
959.72 941.71
951.18 929.17
934.04 915.34
923.71 931.52
940.82 925.96
950.47 912.87
917.56 922.32
652.57 925.77
845.15 870.89
931.86 862.46
9.88 919.58
392.39 15.33
936.19 393.05
578.75 912.73
558.79 614.13
937.00 533.44
938.15 920.82
939.20 916.98
941.66 916.77
944.92 946.55
922.23 921.15
957.59 924.01
944.75 909.70
956.78 931.90
956.37 913.03
857.44 918.57
914.13 945.08
944.31 940.28
949.23 945.47
960.73 921.06
775.21 951.56
0.00 859.19
0.00 0.00
844.46 0.00
933.47 847.90
936.01 908.05
942.86 932.11
955.29 938.96
940.97 943.03
930.90 910.65
938.51 952.35
915.90 926.25
927.50 932.46
935.01 936.61
520.84 925.58
868.97 574.85
458.38 886.05
876.16 446.14
624.52 868.41
929.71 604.02
936.96 919.48
939.75 917.94
949.13 906.20
964.38 912.98
943.42 939.26
950.10 917.36
280.99 932.44
779.89 468.66
824.94 804.64
612.88 798.58
810.35 652.84
815.11 737.40
797.91 865.00
123.51 744.84
748.62 201.64
935.27 707.87
330.06 928.50
715.02 313.76
924.42 723.58
932.77 907.45
940.91 932.05
944.39 933.21
967.09 925.92
945.61 937.75
954.30 938.56
961.49 942.96
960.23 921.99
926.54 923.91
907.34 940.18
945.33 931.93
938.98 932.73
891.36 914.29
224.91 904.34
0.00 356.45
512.97 0.00
317.66 462.19
845.65 333.48
925.87 863.34
931.47 921.55
943.48 924.47
944.84 904.44
901.71 920.93
933.27 921.48
902.82 950.94
937.03 897.21
913.34 917.70
922.72 946.94
905.08 919.90
333.88 899.84
909.83 324.63
916.67 939.41
894.20 881.10
906.71 876.14
940.47 931.33
420.10 941.91
883.72 414.12
970.54 900.93
364.02 905.70
0.00 431.87
0.00 0.00
643.48 0.00
927.62 664.80
910.86 938.51
905.26 899.83
919.47 914.82
929.86 916.36
938.78 922.69
933.33 928.83
923.93 919.05
927.88 927.11
898.15 909.96
921.85 931.51
929.33 933.34
949.15 924.89
916.40 919.17
947.26 901.10
932.65 911.05
952.16 938.50
934.02 918.24
944.37 929.98
929.48 932.11
940.38 933.68
952.30 913.42
907.24 905.09
777.05 938.60
953.20 909.14
916.54 930.93
936.65 929.68
897.84 922.44
921.76 933.78
942.76 941.72
929.78 935.26
935.42 919.07
932.50 917.89
936.74 909.32
948.93 937.36
938.56 944.17
597.96 930.17
53.62 597.58
890.82 81.90
921.93 887.62
912.22 912.73
754.65 925.82
420.91 753.85
895.37 444.89
899.72 919.79
960.57 918.76
145.64 917.93
0.00 37.80
0.00 0.00
315.77 0.00
883.89 368.07
879.47 893.79
937.46 876.38
918.43 940.91
931.50 932.97
955.16 919.12
939.18 947.03
948.69 920.91
947.98 950.69
972.77 933.96
969.34 918.50
932.50 917.53
953.25 947.95
953.56 916.35
956.67 942.86
931.03 938.02
951.65 935.92
940.07 917.53
954.80 950.12
935.87 930.37
946.61 949.14
930.82 971.21
913.82 933.61
897.08 934.84
949.42 922.65
643.62 915.82
278.43 743.33
924.50 266.33
64.88 898.02
914.57 86.95
2.98 916.39
0.00 11.38
465.31 0.00
883.45 437.16
925.38 938.43
597.94 930.66
934.47 556.90
770.72 924.73
905.73 778.88
948.87 913.91
919.18 935.23
923.53 944.73
932.16 900.42
928.49 916.79
935.78 920.61
957.39 948.50
845.84 919.99
937.70 879.62
297.85 924.43
488.76 271.20
201.80 542.29
189.63 187.72
829.37 189.95
916.55 887.27
915.68 881.07
910.18 907.21
907.24 900.57
920.70 919.95
947.32 912.46
882.17 924.03
930.74 894.68
928.91 929.96
941.79 931.46
939.06 924.42
936.82 946.99
960.31 916.61
949.40 937.76
936.93 929.26
949.89 950.60
935.62 927.30
941.79 913.82
843.86 908.60
0.00 911.81
0.00 73.64
98.99 0.00
895.02 86.81
927.84 917.29
925.41 892.53
944.56 919.17
926.37 927.64
920.81 933.24
949.36 922.75
941.37 918.55
945.59 948.02
930.98 946.73
515.72 914.14
512.32 581.26
887.61 513.30
901.53 900.26
848.17 893.77
720.12 821.91
848.24 735.02
911.52 327.05
933.87 857.44
933.36 32.65
954.12 194.77
345.19 938.51
921.01 900.79
949.45 924.67
858.98 477.53
540.11 577.02
770.19 934.52
925.46 904.81
931.64 831.97
372.59 256.89
928.01 920.31
549.02 764.19
100.73 32.50
356.42 296.21
454.99 936.73
941.66 472.76
951.90 551.28
751.59 940.30
926.18 946.44
915.68 957.31
903.25 948.10
948.47 924.01
424.14 281.56
833.03 844.46
917.89 917.91
354.07 391.02
0.00 40.50
785.01 548.50
237.12 144.06
0.00 718.68
535.28 236.01
797.59 602.08
542.01 303.13
503.20 918.28
919.49 930.83
861.59 941.40
0.00 928.64
173.04 924.26
527.46 926.62
0.00 618.92
662.25 0.00
890.21 618.66
924.45 886.10
929.94 908.90
894.95 915.86
908.57 917.71
925.95 920.58
936.10 859.70
957.58 467.00
949.98 647.24
934.87 864.56
942.13 921.00
948.43 888.48
733.33 139.50
738.25 65.85
253.50 885.38
607.22 198.00
933.67 879.55
951.05 958.88
919.99 957.95
930.66 931.13
845.75 938.25
0.00 937.22
93.74 941.50
903.06 949.12
897.05 936.24
888.14 918.35
937.85 915.45
912.84 919.09
930.80 921.13
950.45 942.55
929.90 933.78
966.54 926.41
903.73 905.96
944.45 924.44
946.04 919.82
940.36 941.79
937.47 935.96
910.01 936.96
928.14 924.09
935.22 921.18
936.39 915.45
935.06 928.78
939.96 917.03
933.53 931.68
942.24 927.67
958.60 939.54
967.34 943.93
958.85 911.78
957.87 931.94
949.06 939.57
978.68 950.09
925.67 927.97
934.31 935.29
954.90 934.70
964.35 941.27
941.93 930.72
950.45 926.92
764.52 959.69
582.78 948.16
598.40 654.38
935.96 591.37
931.68 932.33
930.78 939.92
386.07 946.13
0.00 386.58
871.53 0.00
914.47 848.93
938.38 905.51
936.66 935.70
954.92 932.12
939.87 576.14
951.65 533.64
951.78 863.03
949.76 938.26
924.42 938.22
933.22 951.36
935.25 940.80
697.88 945.32
392.59 941.24
806.73 893.77
918.64 201.07
395.20 857.68
802.52 844.97
772.37 36.07
880.34 204.19
947.27 921.07
679.27 566.31
821.57 469.78
939.93 943.03
939.86 968.44
924.37 962.54
652.46 933.06
0.00 925.71
0.00 932.32
869.38 718.35
953.74 885.18
925.21 908.71
926.74 897.90
925.58 940.83
947.08 944.91
888.07 926.29
937.57 918.82
925.81 923.57
926.58 920.30
938.73 941.36
939.27 906.98
925.93 932.09
939.57 933.01
943.15 938.77
931.10 558.31
943.81 485.90
941.43 892.59
962.40 356.84
862.26 188.28
59.53 613.11
324.84 943.88
364.00 549.38
102.53 478.89
814.25 936.44
896.36 949.52
912.47 949.24
929.35 933.54
905.10 904.32
922.79 925.58
917.82 922.99
937.54 913.82
933.49 923.71
936.22 940.26
922.36 938.50
918.63 921.25
932.95 926.84
943.45 905.75
954.92 945.70
947.29 919.91
933.07 930.44
922.59 916.98
946.38 923.97
486.42 946.35
449.99 687.57
0.00 480.33
0.00 0.00
47.51 0.00
859.62 17.54
877.62 930.15
883.56 883.00
954.05 885.93
922.56 899.93
894.82 923.81
923.55 913.21
937.59 925.76
942.59 931.02
360.22 931.33
0.00 342.95
513.93 0.00
951.73 499.88
945.90 921.66
947.91 938.70
926.34 922.98
948.39 933.21
926.40 925.59
929.21 909.73
934.34 928.71
937.72 912.46
929.32 927.13
928.96 933.11
941.98 926.92
923.14 950.87
929.37 941.63
964.06 924.73
948.20 924.33
931.05 929.85
941.30 956.85
948.83 939.25
949.83 936.24
947.71 946.34
948.71 941.25
942.53 933.32
940.27 931.68
927.19 947.97
960.56 931.68
936.82 940.72
936.31 942.59
958.88 934.81
956.77 942.40
949.60 943.40
935.46 942.97
950.05 934.88
949.86 948.58
936.93 932.80
947.40 950.32
943.04 911.40
947.60 932.68
938.90 934.00
944.99 948.80
946.31 939.48
961.83 915.51
937.83 931.98
933.05 644.50
938.76 385.40
961.48 762.08
350.47 33.00
526.15 330.13
552.16 928.78
821.29 880.99
943.23 192.50
866.69 933.64
945.78 945.09
946.18 943.27
637.82 925.92
0.00 942.04
436.48 944.35
236.17 951.25
438.16 552.67
945.56 454.99
923.42 919.42
942.80 953.36
905.73 903.75
907.15 931.03
943.99 921.27
948.80 947.45
944.72 929.49
936.64 939.90
947.60 954.02
958.97 928.01
934.71 945.81
914.19 904.67
937.27 917.07
937.12 907.78
950.07 616.19
935.16 446.33
954.31 910.13
953.49 382.00
297.87 32.93
0.00 731.98
0.00 936.88
518.46 904.67
930.88 611.80
868.58 415.51
944.57 927.24
911.55 927.73
918.98 929.68
939.77 914.38
948.35 946.69
934.36 938.40
928.53 939.07
934.29 950.33
942.15 940.60
617.29 944.50
0.00 962.66
679.12 36.79
941.93 690.47
847.11 947.48
899.85 880.39
942.74 913.11
937.45 928.94
748.95 893.74
889.33 759.75
737.34 885.83
0.00 747.21
452.19 0.00
866.06 444.25
900.72 857.86
895.52 897.63
838.37 866.84
504.55 853.74
742.75 519.68
836.34 506.27
617.50 449.41
519.56 32.68
942.92 630.93
62.62 935.16
457.98 890.25
145.19 675.40
101.32 176.72
948.30 88.73
947.26 905.91
896.61 943.61
914.20 907.28
941.60 917.70
941.97 929.54
947.34 936.78
926.77 938.29
921.00 938.71
932.03 948.14
811.12 930.06
801.95 817.82
901.36 777.65
922.69 905.00
926.18 940.39
51.37 912.60
585.73 14.36
0.06 613.08
53.60 8.88
906.27 52.38
907.50 916.75
933.97 902.65
940.89 915.75
956.73 928.89
850.12 927.79
918.53 878.20
918.91 917.83
952.90 919.64
941.18 954.33
952.22 916.97
861.15 935.96
727.01 934.50
0.00 712.70
787.81 0.00
913.26 792.21
938.44 929.91
944.08 921.33
942.16 936.12
940.08 946.25
603.97 933.56
0.00 594.59
153.12 0.00
921.97 164.61
914.89 926.00
906.40 933.39
927.34 897.41
925.15 909.10
915.72 914.73
941.16 943.84
951.56 881.86
890.69 937.01
908.29 911.12
904.22 947.01
919.90 919.71
953.90 940.54
388.82 911.66
873.47 342.62
912.89 892.96
878.83 919.99
853.61 895.91
665.55 768.17
919.26 679.31
917.30 912.03
929.29 914.77
959.01 939.12
955.25 947.91
781.32 916.00
0.00 767.29
0.00 0.00
837.20 0.00
892.61 853.75
932.76 904.38
914.34 946.75
930.07 907.23
937.07 928.90
929.65 913.01
911.02 907.19
909.99 934.95
922.49 893.11
941.80 924.16
930.03 943.15
926.93 924.78
912.15 930.74
925.69 922.37
939.28 931.99
945.59 917.00
923.67 927.15
925.94 926.28
954.67 920.48
868.02 922.50
0.00 909.76
352.51 0.00
884.15 359.66
898.32 899.36
925.61 876.08
927.78 939.33
902.96 913.82
927.05 895.30
933.29 922.79
928.05 896.12
925.03 929.29
925.96 934.64
941.76 923.40
922.46 925.87
954.91 931.62
379.38 899.94
696.71 503.35
903.16 709.72
781.54 917.07
623.59 714.64
175.63 668.48
105.20 151.84
921.79 136.77
912.33 936.34
900.00 937.60
581.73 861.44
0.00 528.42
0.00 0.00
108.90 0.00
886.08 147.02
872.43 888.80
898.38 873.74
950.60 898.46
947.09 914.08
934.35 925.12
945.31 917.70
926.76 937.03
929.21 931.84
934.01 932.76
950.37 937.94
966.08 930.56
947.73 935.46
961.77 955.96
948.00 930.06
515.64 906.90
725.99 702.46
418.46 684.22
843.18 441.97
938.34 818.69
925.31 922.59
949.95 921.01
907.57 920.56
928.79 932.77
784.28 910.54
370.56 872.80
936.66 305.69
932.55 913.27
666.41 943.60
934.28 679.96
919.56 893.12
314.41 914.89
359.93 393.02
0.00 353.61
172.79 0.00
900.52 176.84
925.44 898.68
942.27 890.60
912.44 902.55
911.43 914.60
928.91 917.71
933.01 924.85
950.92 924.52
932.36 927.98
926.96 916.31
952.86 918.22
938.71 929.72
944.85 927.42
950.61 925.65
713.62 934.74
380.07 855.80
960.58 368.22
880.40 726.24
935.17 884.12
945.66 927.55
928.74 926.74
925.10 937.63
934.74 903.43
897.73 390.24
952.05 660.77
932.94 884.29
934.51 623.58
972.46 735.01
928.31 675.01
835.52 429.94
492.20 667.58
773.92 486.67
463.82 554.67
652.34 947.03
932.11 944.67
937.27 940.88
895.88 917.63
132.24 931.28
0.00 922.26
643.33 944.50
293.56 795.30
877.87 314.90
950.84 953.69
913.37 947.94
942.17 941.74
953.52 942.41
937.98 916.63
945.60 919.12
942.79 917.38
946.79 931.43
955.80 937.65
934.83 933.34
941.27 932.74
946.70 939.05
943.57 935.49
674.82 922.82
0.00 698.14
475.55 0.00
932.29 463.84
907.46 915.29
928.58 914.87
910.84 913.96
397.71 532.36
557.12 526.05
919.58 796.71
914.02 409.30
921.93 80.87
948.02 642.00
232.37 427.00
927.70 610.58
938.68 953.62
936.15 927.12
916.95 934.97
964.58 943.72
945.92 947.92
944.20 941.37
937.30 951.19
917.19 935.68
928.74 935.71
936.00 926.71
942.57 932.89
953.94 958.97
953.18 947.60
938.45 955.96
952.64 936.91
332.54 927.27
939.94 929.48
368.07 931.72
622.36 929.44
222.17 928.58
0.00 393.60
285.84 0.00
837.04 297.82
915.05 802.92
881.68 896.53
918.49 887.62
933.94 933.40
909.24 905.17
908.34 917.51
912.07 906.02
865.65 887.75
931.03 928.18
923.47 916.80
933.83 938.15
942.08 917.00
947.77 921.41
935.67 913.04
950.83 912.76
964.37 938.26
920.81 938.24
924.61 925.12
933.23 908.13
629.43 936.41
92.31 753.46
909.82 100.85
886.52 903.02
922.97 896.95
928.48 903.75
890.25 918.49
913.93 915.28
938.84 870.05
935.34 939.01
921.63 921.42
922.78 930.80
927.90 936.24
937.43 936.78
945.09 929.18
917.28 935.56
918.88 926.41
938.61 927.56
945.20 924.10
923.39 915.42
933.27 942.52
961.48 927.28
210.35 924.11
448.61 249.29
0.00 492.24
0.00 0.00
635.77 0.00
939.25 588.15
887.14 923.91
898.80 904.09
912.28 904.12
949.69 910.42
933.38 925.32
933.82 914.75
944.77 922.73
940.88 922.39
934.30 921.58
940.29 894.79
930.62 937.95
618.43 932.44
911.47 676.97
118.77 880.83
935.56 186.84
844.09 726.57
820.46 414.76
903.42 44.44
948.82 914.16
873.64 338.50
0.00 725.99
0.00 937.59
0.00 964.37
32.17 158.14
884.34 23.66
901.47 897.73
907.11 898.99
937.82 903.52
939.22 932.39
947.32 935.10
955.54 931.79
941.00 939.40
938.16 928.26
944.82 924.36
958.15 926.17
936.86 742.49
923.50 31.51
923.51 300.14
599.36 379.50
262.58 623.56
905.15 943.96
929.84 919.48
932.14 917.84
943.77 929.65
952.52 944.68
59.65 960.72
190.53 929.53
859.07 834.02
872.31 878.11
907.41 869.50
935.99 929.00
944.85 938.84
948.25 931.22
930.19 940.67
935.14 911.98
941.26 954.82
920.86 937.50
956.92 938.67
938.51 936.23
929.30 916.76
917.58 928.75
929.24 927.28
958.03 886.31
949.09 944.12
927.70 962.90
969.48 944.84
950.28 944.64
950.23 944.56
949.76 931.36
925.97 941.65
345.98 916.93
61.01 413.40
887.56 89.04
893.68 887.53
887.66 906.51
908.49 927.88
946.88 927.76
937.24 948.65
923.70 933.51
944.86 909.35
944.30 910.66
914.72 905.63
947.63 917.00
925.74 909.47
946.53 925.50
955.75 937.63
943.49 907.56
593.06 915.09
719.29 731.28
935.62 698.89
489.09 915.27
584.24 496.83
785.24 613.23
509.98 802.79
247.85 479.92
444.97 270.85
711.59 453.00
924.39 724.95
933.95 919.27
935.10 933.52
948.20 938.04
949.77 954.52
917.17 928.42
929.63 923.51
906.01 911.37
930.47 924.63
930.50 911.44
914.27 927.85
946.56 943.40
953.12 913.98
931.53 938.84
941.68 931.91
916.59 945.70
951.20 936.77
943.32 934.54
959.29 944.66
954.47 959.27
962.51 939.48
915.52 916.24
944.90 933.07
914.90 929.64
805.93 921.56
924.33 841.21
916.78 918.53
928.93 941.21
929.56 906.57
941.68 933.24
942.43 932.17
929.53 928.45
947.93 922.88
932.47 929.48
933.36 945.07
932.08 943.22
956.96 931.56
939.61 931.33
952.93 925.26
915.71 938.10
901.44 930.56
946.00 936.50
903.38 899.61
922.10 924.59
943.64 921.04
900.14 914.44
906.60 918.15
897.67 916.64
903.43 889.97
896.33 923.87
934.55 903.17
931.76 929.73
953.70 924.29
943.14 938.78
941.54 927.44
921.26 925.85
935.53 921.78
944.85 764.63
955.56 926.09
198.09 929.27
544.51 465.48
923.77 488.26
920.17 932.38
906.48 929.72
883.79 896.83
910.72 892.11
928.31 893.21
927.00 949.97
924.07 911.10
930.82 904.69
911.26 926.72
924.26 924.72
910.16 921.57
938.08 906.92
917.74 659.54
939.58 539.93
928.61 794.96
929.85 919.26
930.09 925.70
950.73 942.73
582.05 937.24
0.00 951.71
620.38 429.02
929.84 618.09
940.08 919.38
922.34 924.38
874.74 951.04
900.47 903.06
923.42 902.65
924.02 913.91
899.02 897.95
910.72 920.46
937.22 931.29
933.30 949.07
965.99 910.02
941.29 933.89
939.79 905.90
948.45 915.92
950.35 937.52
941.46 942.58
942.26 924.53
942.78 921.59
937.76 886.87
54.90 413.50
0.00 588.08
527.14 154.39
911.20 539.26
925.90 881.02
913.90 411.71
912.73 860.96
898.57 150.25
937.23 961.21
933.02 943.04
927.79 914.70
918.17 922.35
951.51 949.95
918.86 933.83
926.52 947.39
939.83 921.64
912.25 930.83
963.15 931.92
950.40 948.55
945.64 937.71
932.06 938.26
938.40 943.94
392.32 950.42
229.12 953.40
405.69 831.21
0.00 425.02
735.96 0.00
861.91 755.57
943.21 839.80
944.28 917.57
895.56 923.08
882.03 862.85
923.78 875.19
933.56 907.54
930.45 926.29
882.34 916.07
950.46 938.82
930.39 917.96
938.04 932.01
914.89 927.78
936.42 940.58
952.07 875.52
942.76 138.07
951.96 872.07
695.00 180.50
548.37 32.76
531.30 818.01
589.61 297.00
877.65 754.62
935.89 937.16
855.78 940.70
689.31 927.86
0.00 934.67
373.83 931.80
908.66 921.41
910.21 959.20
927.81 922.44
939.44 952.82
920.08 926.77
916.79 935.80
873.15 938.72
946.31 921.50
917.28 904.88
928.68 913.67
916.93 914.98
942.84 946.13
964.19 923.27
951.81 914.38
935.81 932.84
927.84 926.89
949.00 799.23
940.50 558.69
947.13 651.68
626.74 935.25
55.29 937.94
885.85 668.65
842.09 913.05
874.71 823.11
932.52 885.95
931.46 888.59
944.27 944.28
920.15 934.15
913.90 906.31
902.94 904.58
946.20 939.14
934.00 917.19
947.66 924.32
919.26 948.08
942.65 947.35
968.00 941.42
934.79 927.11
949.17 945.87
970.67 924.06
913.88 946.10
942.60 902.32
169.53 955.70
638.65 152.27
0.00 644.20
641.52 0.00
936.13 642.57
947.79 927.79
963.64 942.93
931.13 551.62
901.19 472.52
936.38 943.28
929.27 865.50
941.23 40.50
941.36 166.00
376.47 887.60
16.51 140.82
930.43 937.58
918.22 919.84
966.46 949.81
977.20 935.38
979.40 938.75
951.71 956.83
918.71 936.52
950.32 943.22
958.17 943.54
626.35 958.56
499.20 928.11
954.76 927.69
941.72 918.80
438.92 408.02
863.02 675.64
948.65 896.21
221.30 158.50
689.07 32.00
675.38 919.63
929.02 924.28
930.02 877.65
589.13 125.50
58.74 929.08
965.96 948.55
947.87 926.49
938.85 927.97
947.35 954.97
938.63 939.65
956.03 922.75
954.69 929.83
953.09 940.93
954.48 933.99
951.24 941.21
935.52 947.28
927.92 919.66
968.12 926.13
912.84 925.82
63.43 938.83
537.68 947.20
870.07 944.93
900.44 922.17
929.20 933.61
934.50 930.29
898.55 920.68
923.74 925.60
907.54 953.13
843.40 919.44
928.34 888.45
946.23 897.26
911.21 925.65
944.05 941.87
943.05 918.87
958.82 937.80
902.32 896.94
950.61 935.03
974.18 931.83
926.81 918.77
930.40 918.46
566.20 944.47
0.00 677.61
820.01 0.00
905.98 834.45
882.35 875.61
903.16 887.24
941.14 904.56
922.06 944.73
898.98 926.23
924.12 908.76
910.60 908.06
936.59 919.29
932.63 925.35
950.88 935.89
944.20 924.03
935.71 930.30
936.56 944.89
945.79 927.19
943.88 932.22
936.86 957.78
951.04 903.66
961.27 914.74
773.42 956.74
0.00 889.20
132.01 0.00
882.04 123.65
914.26 893.34
923.00 923.40
894.73 914.65
909.78 906.87
944.45 899.33
922.76 930.77
933.64 923.31
961.29 932.68
941.45 933.30
983.76 939.71
945.03 932.49
945.26 926.00
961.35 906.55
952.11 932.51
929.93 919.20
939.93 922.54
953.13 931.20
962.53 921.66
696.61 911.66
0.00 916.52
675.75 0.00
195.77 659.69
909.47 206.62
912.11 857.87
912.14 906.42
943.99 901.83
909.83 944.80
921.73 922.74
936.24 894.15
941.88 904.77
919.58 919.52
913.34 921.13
921.58 919.06
948.00 902.13
923.83 904.68
937.59 926.02
959.73 907.62
934.83 926.78
938.76 931.30
931.56 925.49
941.91 928.25
947.80 947.02
942.68 937.26
949.82 954.93
680.46 938.94
771.21 878.55
922.64 764.54
907.52 904.87
924.22 915.74
958.36 945.16
940.22 940.70
925.60 948.41
916.96 930.69
890.91 908.45
933.79 916.37
945.09 936.85
913.72 921.78
927.51 938.40
957.66 929.80
961.35 920.77
819.56 942.13
564.73 845.14
898.31 560.04
743.26 902.62
193.22 768.06
973.60 198.54
561.21 939.74
727.68 580.00
19.30 720.79
0.00 21.28
890.83 0.00
882.61 851.02
868.97 888.56
930.40 895.94
875.94 918.99
933.78 920.83
944.67 910.47
940.96 898.22
951.68 936.05
938.68 948.35
925.42 931.05
911.65 934.93
931.19 896.53
925.82 919.16
941.43 940.46
948.76 924.59
949.64 936.70
940.33 929.83
928.02 901.85
958.48 931.28
77.92 951.58
0.00 195.78
858.47 0.00
922.59 859.50
915.86 902.72
919.60 904.24
936.94 956.91
930.10 920.52
933.46 913.05
940.94 931.38
940.20 950.13
954.27 928.46
956.32 933.35
953.68 931.33
951.88 938.62
932.92 955.94
971.88 949.17
932.83 932.74
948.67 932.09
917.95 911.58
940.81 929.14
853.35 931.66
0.00 944.42
749.67 25.02
849.44 730.23
836.71 866.97
849.43 813.16
920.55 853.27
880.00 921.91
893.07 890.02
914.07 899.31
935.81 920.71
931.23 924.10
933.30 922.41
932.54 932.32
959.71 924.98
936.19 933.04
923.64 905.77
936.12 924.42
946.95 936.80
965.89 922.24
928.83 939.40
920.62 923.19
938.74 929.51
206.99 938.44
0.00 330.37
0.00 0.00
497.11 0.00
890.75 508.46
903.53 853.20
937.60 924.69
943.58 926.94
933.40 907.46
943.96 909.61
919.62 925.91
900.77 910.32
885.30 906.01
940.99 915.05
957.16 924.49
933.32 926.61
944.74 917.32
934.62 926.84
938.14 925.72
947.09 925.78
940.36 926.19
941.21 943.67
957.28 955.45
427.81 932.90
286.60 559.65
405.71 284.42
25.01 414.09
790.93 26.06
896.74 795.87
943.73 889.30
930.53 918.78
933.65 907.85
943.26 911.50
952.07 943.03
902.63 913.88
951.78 917.55
952.54 935.21
910.90 942.44
937.15 871.29
912.46 152.74
916.46 918.12
931.62 771.80
958.57 32.26
655.90 280.00
348.62 928.54
401.78 496.62
942.49 534.70
929.86 939.94
921.37 922.05
966.77 952.67
927.85 933.60
935.19 934.72
381.04 918.85
0.00 930.86
0.00 946.96
733.69 413.68
925.31 747.05
905.14 902.53
913.53 900.40
922.21 913.19
905.89 918.56
952.83 944.93
929.88 923.13
924.04 924.33
951.16 932.54
925.24 922.70
975.96 943.28
924.68 922.75
918.99 919.02
953.85 917.83
928.55 925.13
937.33 895.06
958.51 903.30
951.45 914.14
972.34 909.03
143.84 950.64
357.77 390.91
845.06 354.62
874.83 865.06
926.90 895.50
940.50 921.28
893.73 933.86
897.76 870.26
956.34 884.58
917.86 923.70
917.73 928.22
948.27 933.72
950.65 932.39
937.02 918.07
948.92 945.66
930.74 934.84
947.42 950.15
937.67 936.50
965.04 924.78
968.10 968.65
979.31 949.84
973.48 939.65
278.83 937.12
0.00 438.42
0.00 0.00
0.00 0.00
810.10 0.00
940.90 801.15
897.61 913.40
947.64 921.13
944.57 932.73
948.04 902.98
951.90 931.73
911.35 920.91
922.59 929.64
941.63 916.55
950.44 919.81
942.21 926.80
952.77 947.31
934.22 959.12
921.88 945.79
967.27 927.85
952.13 934.75
940.82 945.13
917.14 945.73
921.18 930.12
0.00 927.82
872.54 84.77
729.58 867.04
932.50 731.84
560.88 910.08
668.66 571.65
920.45 693.86
913.48 929.42
932.49 902.23
951.86 929.82
948.86 929.13
954.02 910.79
961.53 929.47
955.46 937.24
962.46 943.00
930.29 941.90
948.29 914.61
963.81 926.68
953.34 947.22
959.96 932.74
938.73 933.89
968.12 938.67
300.60 954.00
891.30 536.20
935.94 845.05
905.64 917.93
896.16 903.86
910.75 915.80
957.74 913.27
928.88 942.19
931.64 908.00
951.73 921.17
900.43 932.98
936.31 911.16
953.42 940.36
953.08 932.20
945.24 932.14
954.00 941.47
942.32 916.54
932.11 937.42
951.41 935.24
942.28 932.89
950.65 929.37
944.59 927.01
927.10 947.28
958.96 926.54
935.48 953.00
949.23 934.54
956.27 933.36
946.15 917.76
940.84 951.03
953.18 929.98
940.65 950.97
970.86 947.16
957.40 914.50
942.28 788.69
974.21 674.57
955.02 334.07
937.52 706.99
743.34 553.60
755.57 148.33
286.80 264.67
495.67 887.81
56.70 561.00
883.46 543.34
914.89 940.65
942.87 921.19
946.44 957.74
616.85 925.71
0.00 944.23
24.03 946.88
926.71 548.06
877.96 918.01
931.13 906.49
929.40 899.90
937.19 918.44
889.70 918.13
928.36 884.67
957.01 937.13
733.20 927.92
884.59 799.64
923.00 852.71
948.36 919.93
927.31 927.62
927.24 938.46
905.87 921.42
865.83 914.19
914.93 918.18
940.69 888.78
906.59 919.37
928.61 931.25
955.01 912.99
165.82 913.07
8.51 194.33
918.15 0.00
855.97 905.47
916.83 877.51
931.27 928.70
936.83 925.24
926.41 928.63
936.24 918.14
925.73 939.59
908.23 928.56
929.92 925.60
916.90 933.69
928.43 919.60
939.92 934.36
925.81 919.70
933.17 924.04
950.25 911.47
944.20 943.13
942.55 925.88
949.87 915.53
936.59 948.01
398.60 929.50
930.92 491.86
931.92 928.99
926.73 912.28
717.83 935.47
253.23 740.13
603.21 265.86
0.00 590.68
0.00 0.00
449.61 0.00
909.27 457.29
927.45 902.20
912.61 903.93
921.83 923.74
945.09 892.48
954.67 930.14
940.50 907.00
947.97 951.16
916.93 915.42
922.02 922.83
921.27 932.42
933.80 920.71
946.09 946.64
934.47 928.50
282.41 930.03
57.12 424.13
480.53 0.00
630.25 471.03
863.85 627.99
921.88 903.51
953.55 880.30
892.23 937.17
891.42 894.36
940.57 905.02
924.63 922.56
461.00 934.66
142.26 498.21
864.24 159.96
915.47 850.30
952.69 888.81
951.05 936.82
941.26 912.08
948.19 943.21
941.46 916.67
931.40 920.00
931.15 946.75
927.38 911.03
947.92 927.98
933.02 944.91
0.00 941.26
0.00 124.83
95.68 0.00
845.27 94.89
925.61 850.52
928.83 895.56
922.79 918.17
886.67 939.03
906.73 933.35
929.44 885.06
950.37 934.03
857.11 911.63
910.40 881.31
918.56 907.23
946.92 945.73
949.85 923.49
948.75 919.78
971.03 931.08
931.66 933.18
950.24 942.15
955.19 957.31
943.02 921.17
950.62 912.67
20.73 931.21
647.77 157.62
47.26 643.61
0.00 0.00
629.62 0.00
942.45 610.60
926.15 894.64
930.26 922.53
922.75 929.76
943.81 895.36
925.02 923.94
935.97 930.35
950.89 947.07
908.06 943.95
927.12 925.22
935.13 939.07
946.47 944.78
947.95 945.54
892.24 943.00
941.91 933.79
950.39 936.78
844.50 924.29
670.65 916.07
858.81 683.05
559.88 855.75
603.31 491.40
927.86 630.34
831.24 917.84
762.86 847.53
458.93 805.51
135.84 432.76
921.82 102.75
883.00 924.03
908.15 926.83
905.40 906.71
922.80 898.97
937.14 921.64
909.94 931.42
926.42 935.50
925.76 893.88
935.58 960.64
927.05 923.77
921.75 913.07
924.32 919.93
920.01 940.76
930.43 937.07
919.14 941.51
945.95 939.90
936.57 944.17
934.57 935.14
921.73 939.82
565.21 831.36
943.66 546.84
924.83 944.02
892.62 927.81
915.74 930.89
921.81 920.85
950.55 929.41
956.20 946.96
904.22 925.27
915.47 893.23
919.26 675.34
929.86 532.62
901.91 785.69
931.83 940.84
954.94 926.62
945.04 938.54
632.32 930.42
631.83 943.24
805.49 953.26
624.47 866.39
659.96 618.03
736.79 661.62
46.51 725.90
706.04 78.01
540.80 624.22
951.97 590.65
935.37 910.25
928.97 932.84
944.98 935.28
868.71 918.29
915.83 906.78
926.04 923.61
927.66 916.04
906.23 941.25
969.86 923.59
953.50 924.65
673.81 932.06
623.91 698.24
0.00 635.55
770.05 0.00
893.11 776.85
923.02 883.03
931.48 896.00
951.42 908.32
925.07 928.21
957.13 937.35
229.83 943.40
0.00 274.72
0.00 0.00
308.69 0.00
859.69 318.69
902.86 877.42
923.53 911.11
941.39 908.24
954.51 924.74
942.40 932.63
923.94 950.02
916.83 926.34
946.59 951.27
934.92 927.98
928.34 916.92
917.25 939.95
921.05 930.96
943.66 929.82
949.38 952.65
943.29 923.29
952.62 938.05
929.08 938.01
958.04 931.70
940.29 939.20
906.87 930.52
906.65 912.66
901.65 908.77
912.90 703.72
953.61 340.74
944.00 931.62
970.60 461.65
953.79 539.36
302.82 573.57
916.99 478.63
917.97 697.19
633.26 329.27
634.32 918.98
817.14 941.51
916.70 919.65
906.23 934.84
933.01 934.88
925.59 918.90
946.24 951.13
944.54 931.14
930.42 937.27
947.26 950.11
913.88 914.34
949.84 931.03
674.34 934.14
480.54 942.31
931.65 958.76
940.64 927.43
931.38 892.83
942.16 945.60
924.55 937.66
923.12 955.64
940.17 930.05
949.24 925.34
892.65 943.19
945.52 953.31
952.05 941.41
939.72 932.02
973.25 947.23
958.36 941.54
942.53 909.51
947.04 220.80
923.15 818.94
857.05 821.38
943.43 645.74
19.97 32.50
711.86 597.31
101.20 896.86
502.80 209.53
941.77 883.04
945.00 940.13
911.45 930.71
941.58 947.09
884.29 932.87
959.96 955.36
953.78 935.56
959.54 937.19
933.02 934.26
937.02 938.45
929.92 931.49
946.01 928.46
909.82 944.02
255.00 916.30
685.86 932.62
932.27 934.52
818.47 948.03
843.43 933.16
976.71 941.98
948.99 955.61
721.65 939.42
0.00 963.72
40.01 304.10
901.89 26.51
880.03 881.69
911.67 921.30
906.52 917.00
947.53 921.70
927.90 910.53
173.01 932.04
793.82 176.95
935.51 784.16
936.30 907.34
878.96 925.84
937.85 918.18
964.04 911.94
929.02 956.13
903.05 931.79
918.60 919.42
966.03 949.35
965.80 955.59
931.76 912.96
948.06 952.50
899.26 925.99
0.00 923.83
687.21 0.00
593.02 660.18
226.63 623.53
409.05 229.73
770.36 414.82
926.48 768.08
853.38 922.37
110.03 849.08
825.71 63.08
911.22 848.88
933.87 945.75
935.69 921.28
100.03 927.64
0.00 102.61
592.33 0.00
894.04 584.24
819.02 884.85
847.51 838.28
398.23 841.39
953.91 427.50
902.58 867.98
948.04 619.26
957.06 81.03
941.62 879.59
932.59 208.15
966.66 857.52
887.11 928.97
769.17 932.81
960.99 937.02
963.66 937.62
730.53 949.90
675.53 917.54
928.76 935.85
934.59 930.17
941.55 935.41
922.51 926.67
963.01 926.93
933.01 938.47
936.64 917.87
949.40 928.61
938.71 937.08
457.57 922.44
0.00 941.98
60.81 935.60
0.00 930.73
0.00 941.64
244.35 929.95
0.00 931.33
775.37 679.64
834.11 274.87
421.53 856.19
415.82 347.52
0.00 32.50
544.92 818.82
164.50 511.12
8.51 339.43
865.88 22.34
750.11 823.54
482.69 757.08
651.10 503.35
0.00 630.09
697.83 0.00
0.00 694.43
0.00 0.00
16.03 0.00
904.87 43.34
906.28 874.28
917.10 924.55
955.91 861.70
974.35 251.18
945.74 829.48
960.88 870.94
954.77 458.70
955.61 606.00
269.25 223.69
944.68 800.77
927.01 239.50
737.70 812.62
319.72 937.81
936.75 952.16
940.32 934.29
930.57 939.88
937.65 948.97
973.63 951.60
956.82 947.64
970.25 934.32
285.76 939.90
355.56 928.99
850.72 920.54
916.74 971.55
945.12 943.42
928.36 926.47
947.23 936.13
933.95 940.74
952.95 945.09
926.68 936.90
943.75 938.60
961.74 926.11
930.32 948.92
933.49 941.89
945.81 925.99
931.37 940.49
932.91 939.39
972.18 959.36
950.29 945.20
934.24 938.22
941.71 949.41
945.12 923.04
939.81 936.84
947.62 918.86
973.09 928.76
81.46 942.53
847.68 684.44
922.65 861.78
486.32 923.64
941.02 457.92
931.91 947.23
928.37 934.70
927.74 921.92
960.17 931.20
916.25 960.07
934.79 909.60
943.03 918.14
800.05 932.90
912.95 830.52
0.00 930.69
0.00 0.00
124.26 0.00
912.08 131.60
926.98 918.52
912.28 915.77
919.32 934.02
917.52 925.86
926.18 915.74
936.54 940.42
925.44 913.04
311.35 943.04
0.00 299.90
657.71 0.00
913.37 616.98
942.91 923.39
921.50 927.67
919.52 897.91
934.21 897.71
957.36 927.38
946.69 938.92
937.58 930.20
947.97 920.92
733.89 915.86
655.23 857.24
0.00 652.20
598.74 0.00
906.80 591.39
907.62 867.49
921.29 832.82
940.59 877.55
950.70 386.96
941.82 58.54
956.18 652.31
945.62 884.05
956.94 698.79
932.65 410.54
215.40 934.30
888.59 930.58
598.22 932.76
0.00 956.74
663.40 928.55
899.00 928.63
945.10 921.65
955.90 945.81
913.66 938.45
927.00 943.69
951.38 941.48
960.27 945.98
932.68 934.45
960.97 939.16
932.97 934.23
968.02 937.48
617.90 943.76
930.40 912.02
618.64 949.81
908.59 580.22
540.57 941.42
901.42 490.46
908.96 889.31
795.06 902.82
485.07 890.97
951.82 442.35
14.90 929.44
0.00 26.01
0.00 0.00
787.02 0.00
849.82 778.68
894.05 917.95
958.27 893.41
939.20 928.33
833.27 923.59
902.87 828.42
904.54 905.77
934.39 907.02
943.44 907.56
948.02 916.22
922.64 922.25
932.10 914.58
943.02 899.98
939.05 835.01
892.90 148.85
883.90 924.52
950.48 670.54
435.73 32.50
950.83 388.82
875.08 925.81
167.02 389.17
510.04 657.78
0.00 949.34
174.84 922.99
866.85 906.25
908.02 834.85
908.89 908.09
921.15 910.21
944.59 924.03
936.86 934.07
926.93 935.49
894.85 916.32
947.87 915.77
966.95 923.59
944.07 925.95
946.39 938.35
920.55 924.56
971.92 919.94
926.09 914.32
933.56 930.31
971.36 922.80
942.65 951.52
937.98 934.15
0.00 823.66
543.86 0.00
244.08 579.76
127.36 241.28
912.98 123.17
941.64 853.69
852.99 942.82
0.00 937.77
744.36 7.46
252.99 732.29
459.38 212.54
924.27 500.08
947.44 952.60
940.89 934.50
945.09 918.13
968.98 901.07
947.41 412.37
928.58 644.23
950.43 505.44
965.27 33.00
957.98 593.36
269.25 937.99
925.03 729.03
889.80 365.50
765.39 930.54
562.60 937.04
931.57 928.10
952.06 963.54
890.74 930.91
932.20 933.65
936.04 937.92
220.85 933.13
0.00 941.28
0.00 946.91
627.92 339.03
945.15 620.64
948.68 942.91
941.71 942.00
518.94 918.21
941.89 930.71
914.23 931.89
866.84 924.64
213.99 930.97
0.00 785.57
318.88 0.00
953.62 317.30
911.59 931.60
723.30 945.53
799.80 717.80
543.44 785.25
866.37 550.32
936.96 868.66
932.20 927.46
929.91 953.59
936.08 911.86
952.76 941.89
942.55 917.18
953.60 863.59
940.17 477.45
940.88 663.64
952.11 913.08
901.78 160.70
665.87 34.50
942.61 906.66
523.48 764.05
306.05 278.50
916.40 934.27
943.66 934.62
951.63 910.62
939.17 936.79
945.07 921.13
929.09 937.12
966.01 932.94
925.22 946.27
936.92 931.97
967.14 941.88
929.63 959.61
921.18 930.17
943.06 934.32
936.74 931.16
929.56 922.56
728.10 958.70
941.82 932.78
350.84 946.94
683.10 946.25
0.00 953.24
0.00 953.14
333.78 29.94
894.17 270.85
882.08 587.65
937.38 940.69
879.12 568.55
923.66 452.94
891.20 745.23
935.55 617.38
937.88 545.74
963.87 190.07
945.67 945.22
150.10 582.64
635.73 450.07
890.76 933.90
946.73 943.25
921.07 937.52
927.99 944.40
934.40 927.48
927.16 946.46
935.35 924.16
443.57 373.00
943.71 668.93
3.77 896.77
0.00 165.57
769.55 32.00
912.38 913.29
949.17 760.28
384.06 299.78
891.75 937.23
0.00 943.19
0.00 929.37
517.37 946.07
759.32 920.34
959.15 940.02
957.12 929.90
929.70 932.24
932.03 930.97
957.53 909.76
940.06 939.39
933.35 968.38
930.42 933.13
933.88 920.41
952.06 920.92
939.28 918.73
949.71 937.07
937.25 928.68
924.01 945.76
923.80 929.09
953.87 946.08
956.46 922.69
949.41 937.52
943.80 944.44
942.54 942.08
952.43 963.30
534.05 920.22
919.19 656.13
863.55 913.59
450.53 865.23
454.15 372.84
901.01 508.03
754.11 898.22
888.59 740.43
45.57 905.46
924.32 42.50
374.36 932.57
741.86 362.49
929.78 762.75
554.41 921.56
707.61 543.88
750.66 719.33
884.78 429.22
894.95 715.67
898.24 444.05
931.47 32.55
952.71 644.54
733.64 912.00
0.00 150.36
776.08 941.13
725.66 892.88
0.00 240.93
0.00 937.23
0.00 747.34
51.91 33.06
914.59 330.60
888.38 870.81
927.46 503.40
889.37 603.27
871.37 940.75
898.41 927.12
928.75 952.12
949.26 948.23
921.43 922.05
927.22 925.92
951.79 944.15
958.54 932.73
933.85 927.52
962.31 937.28
960.47 938.90
936.21 846.48
980.51 532.34
964.92 584.75
940.71 936.46
782.05 952.46
0.00 932.04
738.53 945.86
283.76 936.16
905.87 531.62
940.92 926.32
965.68 910.51
936.43 909.46
923.96 940.82
927.45 946.15
932.31 923.50
934.24 933.80
942.12 923.49
955.81 942.40
921.81 913.10
943.34 548.51
944.52 33.00
953.06 476.80
603.46 106.68
578.30 912.00
803.92 961.03
919.75 931.34
586.47 921.65
934.20 939.65
719.88 946.00
859.13 946.27
940.18 945.59
926.28 511.51
675.32 400.64
950.34 154.81
304.83 616.09
271.33 394.51
923.37 940.08
925.87 944.66
935.78 960.95
952.11 948.84
958.86 959.44
933.87 928.68
944.03 933.80
945.38 935.30
945.53 947.92
958.05 963.02
947.31 936.14
939.71 937.22
936.96 952.35
964.27 936.47
935.94 937.11
912.87 935.56
947.34 945.65
340.96 955.04
222.25 935.80
607.60 946.04
902.57 931.09
892.74 472.82
908.37 566.39
934.90 901.29
950.85 270.05
930.75 31.50
953.97 805.78
119.40 858.78
0.00 189.22
735.62 949.50
908.73 922.98
914.55 936.74
918.97 923.83
936.92 936.96
937.90 926.81
944.82 947.56
932.20 958.37
916.26 921.47
118.65 939.16
523.62 940.24
892.48 942.70
869.62 927.35
884.72 934.82
487.72 901.81
0.00 589.85
0.00 0.00
0.00 0.00
692.54 0.00
849.74 702.09
897.14 806.73
922.85 909.93
914.76 881.15
926.43 949.16
951.51 930.84
939.71 943.34
907.43 920.04
928.15 891.86
949.22 750.26
934.00 368.92
931.29 918.36
957.44 451.00
954.95 32.50
437.71 623.93
402.95 926.62
958.45 952.56
951.72 955.21
961.02 528.74
942.77 506.99
647.43 931.70
258.35 921.34
723.73 952.36
925.82 932.35
925.74 946.19
900.28 940.73
882.78 948.50
898.14 936.41
912.41 952.80
845.42 932.50
928.08 946.73
960.76 920.30
942.71 947.68
923.65 948.79
964.84 935.09
948.03 943.08
944.02 940.53
292.03 936.07
829.30 947.05
370.33 942.91
245.68 380.09
910.87 286.63
941.63 897.63
952.42 900.79
916.43 913.66
940.63 930.37
934.29 950.76
940.82 932.36
192.11 926.49
0.00 285.62
0.00 0.00
361.30 0.00
918.80 340.01
938.38 926.60
911.70 893.52
930.90 910.98
933.43 933.90
939.83 917.63
921.72 938.07
921.49 936.11
936.39 923.17
942.37 922.33
948.67 950.06
931.17 933.60
907.19 948.93
871.20 931.18
204.69 894.98
909.33 180.43
916.75 911.42
914.04 940.85
162.47 901.93
934.21 159.91
457.08 940.90
0.00 515.17
836.62 0.00
487.49 781.58
398.98 509.72
864.09 374.57
931.89 870.01
714.82 940.46
0.00 683.77
102.37 0.00
850.60 114.10
912.94 867.68
933.88 913.01
983.13 912.98
670.99 940.35
609.86 710.08
307.50 612.45
863.33 326.18
933.26 864.40
930.47 906.42
906.36 913.74
936.62 907.04
922.54 896.33
948.71 900.14
957.23 347.95
943.13 711.50
949.64 954.50
940.99 625.49
926.14 32.14
794.52 406.42
908.73 925.07
0.00 829.31
916.94 207.76
100.92 955.46
0.00 943.22
0.00 935.25
0.00 615.01
836.69 0.00
864.43 796.07
900.59 825.26
925.79 919.33
896.56 912.61
919.21 903.02
924.49 879.80
901.37 921.42
919.87 922.26
919.21 928.62
933.92 930.86
953.63 935.93
947.43 931.68
936.13 931.24
925.76 942.32
918.82 942.87
963.39 934.64
938.84 930.63
927.04 925.58
934.47 933.60
343.42 931.34
587.51 384.95
0.00 620.92
546.01 0.00
926.27 502.03
879.31 914.18
892.66 898.86
908.18 887.26
905.77 913.19
915.24 896.59
943.96 918.66
953.66 929.75
933.35 919.08
926.48 928.72
918.76 920.69
951.24 932.25
943.13 922.34
932.76 936.21
940.30 930.93
936.53 931.61
946.28 936.56
948.03 930.63
960.82 948.52
421.97 930.79
489.12 535.10
901.32 475.11
921.79 917.74
907.67 902.78
933.20 899.74
931.61 915.65
931.82 931.16
936.72 915.12
938.72 945.57
954.96 912.96
918.63 917.08
905.36 933.96
904.61 909.48
942.07 942.25
938.58 927.07
951.92 921.88
933.49 934.20
950.47 916.42
443.42 944.49
896.47 533.12
960.34 892.32
954.10 932.64
741.04 916.54
824.37 809.23
932.27 793.68
0.00 926.86
0.00 42.90
696.45 0.00
966.63 679.92
920.29 933.03
923.65 918.00
889.98 952.08
901.33 920.96
939.57 931.58
929.88 891.50
937.68 907.08
925.16 932.96
946.90 918.25
934.58 911.25
947.10 907.57
937.56 940.31
950.63 923.93
501.53 952.16
807.97 594.77
928.44 791.42
934.71 930.92
558.39 904.97
686.29 566.60
467.70 697.53
248.09 505.37
893.32 219.05
929.97 905.17
952.21 940.35
923.02 938.65
954.73 929.07
961.57 934.29
956.59 945.91
939.07 948.09
954.63 945.25
960.14 945.81
949.97 941.00
954.85 935.74
940.77 943.55
945.96 936.51
965.01 929.40
951.15 953.53
961.87 924.32
956.17 931.80
965.26 947.39
250.91 934.40
686.67 464.51
778.55 684.33
935.29 751.31
906.37 941.88
956.19 926.85
951.56 933.01
944.22 919.25
929.63 927.62
930.16 919.83
927.62 930.63
918.91 930.66
924.65 924.32
952.29 920.46
920.22 930.53
947.00 945.13
938.92 933.44
912.64 915.13
932.86 933.76
852.39 929.62
783.45 904.47
736.70 770.50
543.60 725.98
0.00 565.97
0.00 0.00
325.47 0.00
913.04 328.27
911.66 929.90
930.89 914.32
948.09 939.20
937.62 915.66
923.68 934.36
945.11 930.49
944.92 916.75
944.64 932.87
919.10 934.70
936.07 932.17
954.58 915.70
933.09 926.88
942.22 939.06
953.39 936.71
961.44 935.12
940.74 931.10
941.82 927.40
952.37 936.79
425.82 935.04
0.00 577.38
421.01 0.00
777.33 433.59
949.83 751.84
953.19 904.14
929.82 921.90
897.95 913.33
867.14 921.18
912.86 905.27
918.35 913.41
934.89 927.39
944.76 935.65
924.01 935.85
913.95 920.68
923.20 931.66
945.13 930.02
950.84 943.37
942.38 943.36
937.61 938.74
943.60 922.60
953.35 928.53
957.07 894.81
375.26 923.00
96.85 500.41
927.39 101.23
902.48 877.95
903.91 912.69
913.12 901.46
920.51 907.96
916.59 923.61
949.75 921.15
948.33 908.46
929.82 910.25
914.16 931.83
919.30 922.60
921.25 936.52
924.38 918.38
939.75 921.46
947.63 945.42
938.64 935.35
940.90 921.69
933.16 920.29
944.88 939.24
943.02 931.53
926.06 949.66
917.53 910.17
310.16 939.88
819.58 946.34
959.54 912.26
902.41 946.14
199.50 942.19
80.09 919.97
937.86 924.80
863.00 910.24
409.19 0.00
810.36 852.14
945.62 923.59
957.36 931.53
954.60 930.78
944.40 928.37
943.02 935.67
955.28 929.20
940.99 917.22
948.23 925.61
951.00 929.45
946.52 922.32
934.22 936.57
953.90 935.18
948.46 921.86
947.51 677.52
427.48 0.00
557.89 0.00
894.54 569.75
907.72 896.70
882.70 890.53
917.68 907.46
902.03 915.53
917.06 891.28
946.44 890.92
921.98 916.80
939.45 425.53
899.60 623.10
958.66 900.83
949.11 205.50
965.71 54.45
819.53 891.08
0.00 204.10
632.12 897.14
920.22 933.48
942.08 929.16
916.92 945.63
488.57 941.19
0.00 956.62
554.14 955.61
909.83 944.48
532.17 927.17
0.00 570.62
0.00 58.78
0.00 0.00
0.00 0.00
687.11 0.00
859.19 626.11
885.62 862.34
919.88 872.63
882.86 925.90
919.97 901.41
934.85 939.10
934.94 914.29
952.83 940.61
900.12 899.26
879.89 908.25
951.95 918.37
924.06 929.45
941.11 929.30
953.36 944.93
926.46 918.71
903.60 916.22
949.12 911.03
929.81 917.65
957.38 934.47
940.79 941.36
953.25 934.56
949.51 940.01
954.10 939.21
833.81 940.17
595.84 934.25
724.94 601.33
805.10 722.41
495.60 772.44
0.00 530.30
874.89 0.00
896.45 890.45
735.71 899.71
560.20 708.18
0.00 537.74
649.97 0.00
931.95 677.22
889.67 879.96
903.05 568.91
932.44 545.02
936.73 916.50
943.11 940.57
929.12 933.02
926.18 931.94
922.86 952.55
954.65 937.86
930.84 958.71
981.44 942.34
294.96 941.84
0.00 955.39
669.88 32.21
526.00 651.14
909.45 535.49
938.38 887.42
923.98 954.06
