49.16 
0.00 57.31
0.00 0.00
563.89 0.00
898.07 540.30
924.41 877.12
958.48 947.58
924.71 943.65
972.10 932.21
926.98 935.34
942.73 937.63
929.22 931.12
941.68 930.72
945.27 951.91
941.13 926.24
964.78 937.67
968.74 933.11
959.35 929.49
973.54 934.68
972.83 938.24
912.54 922.21
952.50 951.40
959.47 921.63
660.12 941.81
753.26 923.35
923.70 761.25
963.63 919.06
937.27 931.64
951.79 953.83
979.86 944.30
938.12 931.72
951.70 935.59
962.62 971.38
964.26 938.13
966.93 907.42
985.37 930.60
955.30 935.94
934.91 907.38
917.84 928.06
934.96 921.66
930.22 933.61
942.95 924.72
932.40 917.27
933.28 924.84
953.48 924.78
935.96 917.49
768.30 937.51
866.06 896.73
948.28 937.04
751.13 896.29
0.00 226.50
161.58 696.39
978.39 144.36
974.93 720.05
976.16 341.14
975.34 890.24
840.33 176.99
422.53 926.92
906.75 948.08
938.07 934.57
930.84 932.21
959.54 932.60
931.80 925.06
929.36 932.79
956.11 950.02
295.86 926.78
935.20 940.00
97.16 928.88
104.25 607.99
921.71 98.90
940.66 947.86
312.88 921.95
651.55 305.23
911.57 655.55
163.61 959.99
0.00 58.38
0.00 0.00
871.00 48.03
946.99 895.23
946.33 947.08
923.56 940.78
946.53 935.91
942.13 927.75
948.90 950.47
942.24 922.03
938.47 948.69
935.05 924.53
960.46 947.11
913.42 958.52
959.94 924.58
983.48 940.40
942.71 942.50
958.10 949.93
959.00 920.73
946.84 939.78
939.25 927.41
574.02 920.43
14.51 716.37
673.74 11.02
386.63 623.49
938.65 577.97
924.19 915.52
952.23 918.14
918.03 926.67
939.29 934.72
940.83 903.00
942.73 929.61
942.57 936.47
933.45 921.56
929.15 933.21
944.79 931.35
915.14 937.85
954.13 910.97
942.69 931.84
937.22 918.73
966.74 935.59
974.98 940.40
978.91 925.18
967.16 943.52
962.44 904.40
944.27 930.48
923.05 937.41
912.76 961.96
954.55 917.77
926.56 942.55
921.58 952.94
959.43 919.79
907.14 925.91
926.32 921.14
939.47 949.08
956.59 925.88
478.96 933.43
210.20 694.03
899.75 187.09
947.77 927.65
957.10 919.10
923.82 938.91
926.94 922.46
925.35 910.02
935.27 929.95
914.95 921.49
909.25 938.75
919.49 919.97
713.55 941.62
173.90 706.74
182.65 207.71
930.30 141.86
911.63 923.21
945.63 915.91
936.39 952.32
966.18 923.18
954.01 913.78
950.91 920.21
910.71 944.75
949.91 921.65
944.75 934.89
645.08 928.98
546.21 737.52
0.00 577.79
734.90 0.00
942.73 757.13
924.53 938.68
938.39 948.39
937.87 927.12
935.14 928.64
935.63 950.97
915.08 935.78
516.14 920.43
0.00 468.25
637.28 0.00
926.59 652.04
900.04 902.93
934.83 908.59
947.60 954.11
961.25 889.91
954.87 923.51
978.13 901.49
963.11 898.56
919.99 893.26
954.14 881.44
947.41 906.88
922.35 909.45
948.01 915.43
918.66 885.00
960.17 883.49
986.61 895.14
968.66 898.16
973.83 908.02
925.21 917.73
922.47 901.77
890.08 889.61
929.23 917.32
925.00 872.47
961.02 900.30
950.58 920.74
909.10 924.61
925.49 945.50
929.21 931.12
936.63 894.96
939.46 934.28
949.46 918.38
948.67 947.92
946.78 940.98
933.15 906.85
931.50 952.73
938.10 953.46
939.66 929.98
949.08 946.20
938.52 921.40
946.47 950.61
931.95 937.72
929.79 947.25
214.38 947.32
638.46 904.20
938.20 891.60
945.27 908.89
932.07 934.38
958.00 948.28
943.40 935.77
954.25 917.12
952.58 932.45
940.07 929.05
959.14 914.63
936.09 929.27
959.31 906.97
955.35 931.22
978.03 938.84
930.29 931.56
929.62 912.81
962.71 929.16
947.80 934.54
946.40 950.83
748.72 893.48
0.00 923.15
467.65 240.01
933.12 453.46
918.30 924.84
952.66 903.33
943.34 887.65
935.78 924.67
956.84 946.43
972.69 902.55
923.08 915.37
919.89 929.12
948.60 960.94
957.43 948.45
951.20 928.74
942.57 950.30
910.07 942.20
940.72 932.45
943.62 919.68
161.93 926.11
871.19 401.24
754.68 926.88
614.44 721.60
887.51 575.69
361.55 912.83
0.00 354.86
0.00 0.00
0.00 0.00
0.00 0.00
826.02 0.00
901.27 822.30
938.89 918.05
904.89 919.82
915.26 932.63
942.64 927.83
960.57 945.61
911.18 929.90
901.33 925.06
948.72 914.87
933.96 943.67
955.54 904.69
934.54 929.44
956.53 924.43
942.76 918.66
934.03 955.22
959.85 948.42
946.99 918.01
959.79 925.28
950.19 931.36
576.18 928.33
505.44 743.32
900.44 452.65
963.11 870.43
926.60 621.90
946.33 811.06
967.40 472.67
960.55 570.61
934.68 537.87
841.59 561.31
273.72 852.94
939.89 805.27
938.34 281.54
793.77 773.03
253.94 926.17
936.48 923.70
951.36 946.68
978.54 932.89
949.36 928.44
922.45 950.08
956.49 919.09
935.46 926.27
923.21 965.67
924.89 947.57
952.70 929.90
940.73 910.99
452.25 952.10
26.51 934.49
939.84 945.52
951.27 926.55
928.18 917.09
946.87 920.25
950.64 915.39
930.88 909.15
928.77 936.31
944.43 929.82
985.46 927.71
961.45 913.54
946.12 942.60
957.82 939.07
969.11 941.03
940.47 939.19
328.92 919.63
515.73 871.03
764.59 500.71
513.77 799.21
569.00 485.26
961.12 574.93
979.82 914.63
574.84 929.46
709.01 677.37
2.28 648.09
585.00 46.83
926.31 600.69
934.94 911.17
978.11 906.42
982.68 906.33
972.22 923.76
949.83 933.86
954.02 904.63
945.77 931.94
937.64 924.73
937.26 931.00
935.68 932.35
935.81 942.44
943.05 925.49
950.28 931.92
933.56 940.72
953.36 918.76
948.57 945.09
938.56 894.36
819.49 211.00
0.00 866.28
0.00 836.03
0.00 235.86
463.47 0.00
854.64 342.48
902.77 656.45
954.10 920.54
901.76 920.85
929.36 934.64
931.83 922.87
936.88 907.11
930.24 895.28
947.74 921.24
951.44 931.08
972.33 921.22
956.16 910.35
937.14 947.77
957.08 908.89
954.18 944.66
937.67 939.76
933.24 933.36
962.75 917.32
922.56 428.00
911.98 632.24
0.00 915.60
429.88 937.53
938.33 911.17
951.40 898.51
674.91 831.81
385.75 69.77
935.47 278.05
855.09 911.72
892.47 905.47
927.57 885.60
933.14 806.69
860.05 233.65
735.64 644.69
148.19 883.84
0.00 273.02
0.00 71.69
413.04 715.45
956.10 907.84
938.31 895.90
955.98 234.78
924.07 905.67
944.00 925.17
935.72 930.07
951.12 936.17
933.45 936.50
927.59 921.28
973.39 958.19
935.70 923.63
957.06 937.80
790.60 934.08
919.85 909.94
925.75 910.31
941.49 949.64
932.20 929.89
911.75 911.10
974.35 930.97
923.27 922.33
930.76 946.91
934.85 936.80
923.50 931.35
951.48 945.43
939.43 937.73
953.61 912.43
947.49 921.18
953.05 642.78
905.26 393.53
916.43 904.86
679.60 435.05
0.00 32.50
584.34 616.50
929.09 927.49
548.39 713.53
617.50 317.46
766.06 939.32
949.74 941.87
940.55 952.84
919.44 936.33
522.42 752.68
479.19 300.16
922.53 940.19
850.44 879.20
940.36 203.02
69.94 48.02
0.00 875.74
535.81 227.00
960.05 842.36
971.86 921.94
945.05 947.76
959.27 938.29
953.86 931.80
892.59 950.78
958.50 923.54
732.73 923.36
964.51 936.79
747.43 865.05
615.27 196.46
673.40 948.96
79.52 668.81
787.37 667.09
758.94 409.65
0.00 30.63
805.36 621.55
886.59 226.01
181.06 39.73
69.78 926.71
0.00 903.76
438.51 426.00
934.28 623.80
926.15 929.02
965.41 924.06
970.16 922.86
944.69 932.83
960.89 584.37
930.57 476.39
246.91 901.72
0.00 354.17
461.25 34.01
956.16 743.42
713.22 880.73
825.05 172.50
500.09 911.85
967.20 936.27
912.17 946.64
965.96 948.64
975.64 953.98
794.27 923.92
335.72 946.20
194.00 946.77
918.76 424.35
972.54 644.62
974.26 925.69
942.79 915.64
940.40 887.57
323.03 88.00
507.29 174.27
912.82 940.30
947.04 879.87
791.30 296.27
220.03 800.91
938.57 936.14
956.45 909.29
947.51 943.49
897.03 922.59
923.37 934.43
953.60 932.78
952.01 919.41
966.38 915.04
972.99 947.41
940.40 942.35
935.97 919.48
909.17 927.58
946.90 956.32
931.92 933.92
216.47 940.29
0.00 937.90
0.00 946.30
77.32 201.25
937.48 61.89
917.81 933.50
937.71 897.23
947.46 924.27
935.87 926.69
937.05 936.78
934.62 939.33
949.78 918.74
698.81 861.18
945.03 137.50
965.71 901.29
607.46 799.03
398.29 68.43
968.48 191.29
980.38 935.54
896.00 538.54
763.69 473.17
331.86 922.45
924.49 936.96
923.95 921.99
956.14 918.66
604.35 941.56
287.04 935.26
406.65 928.78
0.00 920.58
239.99 264.90
973.13 243.96
937.53 922.23
948.11 927.53
942.95 910.61
951.63 939.53
961.08 928.33
914.93 906.98
928.81 923.62
941.84 662.55
939.79 383.81
950.56 371.39
511.30 34.55
361.66 704.00
913.73 882.95
911.88 924.53
919.84 932.50
939.34 917.90
913.51 932.39
935.89 919.81
937.81 916.44
560.78 934.24
707.65 925.24
785.12 932.31
923.51 925.36
894.47 943.00
937.28 935.57
933.03 915.36
911.03 953.17
953.39 968.35
922.60 948.13
929.97 917.43
925.70 949.65
922.85 935.76
966.02 942.11
962.90 476.61
954.42 549.20
922.02 896.00
907.24 291.35
0.00 32.03
844.01 815.57
70.20 849.91
684.51 162.00
953.44 929.36
971.55 923.92
841.44 912.19
923.22 962.92
963.53 934.13
527.56 929.74
465.02 929.71
0.00 936.86
203.60 934.42
905.80 328.43
948.67 892.62
936.08 944.86
939.77 949.84
915.42 942.24
933.18 926.57
924.84 895.20
933.73 941.61
946.37 948.27
896.69 916.90
866.45 925.90
912.90 974.20
934.46 921.44
944.99 917.35
957.95 915.49
965.67 938.61
954.45 914.67
980.37 914.39
942.64 928.84
525.74 926.06
0.00 628.28
0.00 0.00
863.49 0.00
954.18 882.36
922.29 918.51
946.33 919.27
936.85 935.92
927.42 934.03
925.65 914.14
957.26 924.25
937.93 926.87
957.39 937.97
938.32 914.22
924.79 919.27
948.95 913.81
972.02 925.93
937.80 899.69
937.34 936.64
932.67 901.54
943.01 941.52
936.29 935.21
933.76 941.83
448.11 929.99
0.00 699.65
413.75 0.00
911.00 409.53
925.06 916.02
925.64 910.43
968.23 906.63
948.24 924.73
928.34 914.22
957.72 931.48
943.22 938.89
929.78 950.47
941.90 922.05
939.73 953.48
938.07 947.95
944.43 957.51
962.49 939.03
956.58 918.04
959.20 954.69
940.75 914.26
938.71 920.33
960.61 930.96
949.14 927.25
943.56 925.73
958.30 912.50
971.50 926.73
573.21 939.12
937.91 865.45
922.65 647.48
974.79 464.11
970.71 898.47
960.14 376.62
474.88 32.50
694.14 723.83
518.91 869.26
946.06 162.36
918.54 922.65
729.18 929.95
922.19 927.93
944.75 931.97
941.14 953.06
938.03 918.24
936.03 932.93
950.85 926.17
935.43 934.54
960.21 949.21
873.23 927.91
325.94 942.34
0.00 937.10
56.08 955.40
702.92 419.45
345.13 632.28
905.31 377.09
943.40 916.08
937.12 906.81
933.70 905.67
948.28 919.55
964.21 923.84
946.34 924.06
955.49 923.72
952.15 923.35
932.84 924.77
919.37 942.81
941.04 903.27
948.27 901.49
927.54 264.31
947.25 943.49
951.32 631.56
722.60 32.50
518.91 449.02
932.84 909.55
945.48 853.77
122.09 248.21
947.40 929.66
970.13 911.84
719.50 930.83
691.80 930.59
1.35 927.05
640.11 930.61
922.83 923.60
941.66 938.83
924.28 912.43
945.80 915.87
946.65 910.71
958.10 948.00
932.09 929.75
934.17 918.86
945.53 924.38
928.21 928.69
924.85 943.01
929.02 935.34
956.87 944.63
918.59 923.46
926.73 912.92
937.55 937.54
930.29 932.37
948.25 918.54
956.84 947.15
85.48 924.27
0.00 547.34
339.09 0.00
941.67 332.73
909.88 921.70
975.64 915.63
956.25 922.08
949.41 910.42
940.92 928.40
954.74 928.63
923.73 943.65
943.56 928.44
956.86 936.05
682.24 922.45
757.84 842.44
219.44 806.80
943.04 184.76
935.43 933.10
937.23 910.21
774.98 905.57
952.17 182.05
936.81 939.22
950.36 620.30
934.73 732.83
408.95 782.82
0.00 606.17
510.93 446.69
947.86 769.90
940.58 689.32
933.00 381.37
952.28 948.60
969.12 921.79
947.52 944.57
955.57 943.57
943.59 932.03
945.06 933.06
937.48 920.73
941.38 937.62
939.54 923.18
947.15 933.86
969.67 929.52
923.50 959.78
956.26 943.31
916.05 907.94
930.49 922.50
970.39 931.76
961.88 933.25
950.26 936.86
877.50 915.76
557.89 905.31
796.61 157.98
603.42 909.90
0.00 238.04
742.10 32.50
926.28 854.75
322.61 813.54
842.66 217.05
935.92 931.59
938.94 926.97
951.98 920.49
938.49 920.79
934.57 939.69
920.18 931.29
947.14 937.92
953.77 911.44
951.74 941.30
909.35 936.87
919.10 901.06
910.99 942.94
943.39 939.02
932.92 951.13
914.68 939.81
512.32 922.13
0.00 915.43
232.54 941.89
937.96 790.51
923.50 897.63
953.66 915.70
905.16 922.01
951.79 927.17
943.55 781.07
924.55 259.48
936.06 947.69
962.23 839.07
949.27 379.33
963.79 354.29
398.89 537.65
935.55 922.14
440.48 370.00
562.59 681.32
917.49 922.92
911.38 956.96
909.51 935.52
942.77 936.67
959.17 936.86
928.22 931.86
942.69 922.64
924.99 924.66
346.46 455.34
704.14 591.78
926.98 925.65
470.07 853.83
946.87 878.45
649.84 768.93
800.10 266.33
86.70 368.12
949.45 645.10
917.37 853.34
83.69 192.39
921.52 885.15
897.12 936.15
966.67 941.19
941.05 949.21
962.67 950.00
908.93 930.26
947.43 928.14
927.55 921.72
948.81 940.28
931.23 916.43
955.51 919.75
923.75 965.80
966.00 951.03
944.03 921.95
838.38 945.33
0.00 950.61
0.00 963.68
674.95 835.42
427.09 691.96
951.82 410.99
955.52 906.33
925.14 934.33
954.00 916.63
910.88 930.42
915.56 924.51
943.78 922.14
920.03 887.79
929.74 252.14
935.23 808.94
960.37 868.21
338.91 59.00
669.21 161.00
934.47 924.86
926.36 946.85
939.23 860.51
902.12 772.27
524.96 346.88
738.54 725.75
918.07 943.72
887.48 914.97
54.39 954.16
0.00 938.50
53.85 938.04
933.69 264.63
947.77 952.67
952.63 934.10
948.46 928.81
942.96 910.16
921.85 936.87
958.15 939.97
939.00 936.73
935.04 924.80
957.92 928.68
931.67 952.05
940.33 917.97
952.86 935.37
978.73 936.93
921.01 954.64
968.55 935.58
929.51 969.92
959.06 938.00
931.21 944.32
984.16 941.43
933.66 918.87
961.15 944.41
958.15 914.99
257.54 923.55
915.66 475.50
945.82 928.76
912.57 933.21
908.92 908.05
911.42 900.43
961.28 920.64
934.23 912.42
933.79 923.69
966.46 938.27
970.63 925.90
953.01 922.16
949.40 931.64
828.84 904.92
238.74 936.81
365.05 301.81
936.42 378.66
955.00 929.54
958.75 944.23
284.12 907.07
746.09 341.65
947.11 744.87
941.16 943.71
625.07 923.69
0.00 611.71
0.00 0.00
0.00 0.00
620.54 0.00
925.88 656.22
950.39 919.49
972.21 924.80
944.69 920.56
947.07 943.12
949.00 925.76
935.11 938.68
963.73 945.53
961.38 939.32
920.23 922.86
933.51 941.00
928.72 941.46
965.49 950.02
937.83 948.18
945.72 924.51
949.25 945.90
951.86 935.34
983.36 933.84
904.08 942.80
893.10 934.67
937.42 917.33
949.65 929.87
943.96 934.22
928.14 936.66
918.87 936.26
129.99 930.91
597.14 266.48
623.82 566.37
311.49 653.17
659.82 304.71
0.00 657.12
0.00 0.00
703.76 0.00
949.53 735.10
839.76 906.22
643.67 889.68
798.35 609.84
943.12 785.55
950.10 930.94
869.83 963.62
950.20 891.71
914.34 902.48
925.76 916.13
952.42 922.29
933.09 931.72
853.22 944.52
912.07 889.15
903.53 890.44
0.00 914.17
640.27 3.68
0.00 631.85
487.76 0.00
936.78 510.11
953.05 874.37
943.91 922.43
936.46 925.74
973.35 927.50
926.23 915.31
938.97 930.33
960.82 931.55
933.53 908.86
938.56 943.44
943.69 924.73
950.38 918.44
947.67 932.69
961.19 934.62
979.66 915.80
929.12 948.20
968.85 939.08
952.32 925.12
940.65 932.91
36.28 935.67
0.00 474.34
0.00 0.00
401.72 0.00
928.44 399.44
940.25 936.06
966.56 938.25
945.86 918.33
951.28 962.13
944.99 930.30
951.64 880.52
948.91 273.51
919.78 763.08
942.42 877.50
28.49 91.50
850.91 139.00
936.67 907.26
962.46 657.28
710.22 375.00
695.25 951.77
926.25 948.29
946.01 936.50
928.22 951.59
949.23 934.47
564.17 926.28
647.06 935.32
935.41 932.62
938.28 931.57
808.96 943.33
382.06 927.52
937.11 931.22
921.13 931.03
939.88 922.69
372.27 947.03
931.37 934.83
185.22 942.14
474.59 268.84
64.72 400.58
740.72 87.17
940.30 721.91
757.06 935.93
919.24 773.26
911.32 920.05
929.14 929.38
961.04 917.82
762.98 927.39
537.03 797.40
817.65 534.61
945.37 809.64
33.04 927.40
154.62 25.38
866.24 182.01
0.00 814.21
0.00 0.00
831.61 0.00
435.81 873.55
893.62 487.55
512.34 827.09
923.18 504.14
591.86 906.43
0.00 622.91
395.70 0.00
290.57 396.13
28.51 291.60
902.25 23.96
973.72 924.17
951.86 918.61
988.46 923.62
967.65 921.61
939.94 916.91
945.49 935.55
918.77 936.33
937.39 949.95
979.74 934.19
922.67 926.22
913.44 924.81
965.56 942.41
183.37 934.48
870.16 381.78
0.00 917.86
946.78 0.00
933.84 868.13
903.10 948.48
933.44 941.69
973.35 941.02
498.68 894.98
0.00 473.71
437.09 0.00
937.13 467.52
890.81 938.70
966.16 927.05
984.39 904.73
998.93 931.58
944.20 921.95
941.50 934.60
945.37 920.90
955.46 955.16
949.61 944.64
946.55 934.87
950.32 943.40
940.69 935.09
941.25 919.50
957.68 922.11
964.64 941.58
952.88 917.42
958.98 965.15
940.26 949.30
928.99 936.97
918.49 936.15
960.23 943.14
950.93 929.97
946.78 924.90
932.25 923.02
958.12 925.03
961.78 935.97
974.16 928.85
979.76 931.69
976.48 943.15
969.93 931.55
937.96 912.84
944.69 920.62
181.53 928.95
928.87 791.02
234.44 902.59
936.50 250.42
931.85 904.35
943.66 913.47
927.37 909.42
74.90 920.56
250.23 170.67
948.85 199.90
940.99 922.44
950.90 925.74
953.14 919.10
950.91 935.62
918.82 946.57
943.37 939.90
951.87 931.66
940.16 896.89
972.08 923.69
949.24 929.35
933.75 952.91
231.83 941.94
719.53 434.34
760.57 700.18
959.05 775.61
218.68 932.37
935.76 242.28
744.36 931.61
929.78 787.30
930.23 891.54
569.03 900.71
953.19 598.34
926.75 938.15
931.25 903.41
876.69 896.56
398.37 938.27
0.00 410.07
295.19 0.00
926.46 259.41
940.73 904.76
920.56 913.92
946.47 903.16
940.27 911.06
939.97 940.47
963.56 888.11
954.17 911.91
926.07 940.25
947.93 935.53
940.45 962.23
936.32 946.36
933.52 952.41
944.15 920.84
958.83 927.07
933.29 948.78
939.17 932.47
957.36 936.80
560.45 949.95
674.32 803.93
0.00 682.21
674.37 0.00
11.88 637.56
434.79 51.83
909.89 412.49
957.54 927.54
984.68 909.57
945.65 918.52
945.06 921.99
936.17 918.14
973.33 937.21
966.33 923.95
940.38 885.30
943.15 946.60
961.97 927.36
945.81 916.72
966.29 918.48
946.80 831.67
950.06 239.02
948.91 930.36
942.26 827.85
936.43 420.21
80.25 32.03
755.50 740.00
161.60 875.27
0.00 149.38
0.00 928.42
308.15 929.10
915.45 384.29
931.58 922.50
852.29 919.00
382.76 898.28
661.07 906.82
894.74 922.49
194.61 942.55
95.00 925.54
889.96 928.64
169.18 857.51
952.63 0.00
952.34 0.00
945.63 832.31
924.10 909.99
931.19 939.64
914.35 912.69
955.29 918.29
924.85 924.24
934.65 916.29
960.29 919.98
954.10 943.18
958.33 927.60
940.30 919.29
921.25 929.44
946.14 920.42
931.55 940.05
952.72 918.20
965.03 932.80
946.82 922.08
971.08 928.92
986.46 913.76
979.33 916.11
992.48 919.88
989.69 928.93
920.80 900.06
934.71 926.30
967.97 919.88
930.15 913.10
967.57 936.73
951.13 922.56
922.12 938.19
962.51 916.51
939.71 942.12
943.71 929.91
936.21 926.64
955.90 923.61
938.15 936.62
966.47 932.40
948.03 914.85
980.76 917.85
938.03 910.10
941.61 912.10
957.47 933.20
937.82 943.93
934.52 935.59
925.89 935.40
935.45 929.96
944.07 911.51
967.04 928.67
744.04 883.38
446.00 703.61
933.68 434.69
942.29 929.34
881.98 954.36
933.57 853.15
948.08 939.46
332.97 936.33
0.00 361.80
692.29 0.00
0.00 684.45
770.43 0.00
923.81 842.41
944.04 944.56
940.58 926.03
955.71 934.22
923.81 930.49
953.00 919.46
940.06 900.72
965.38 930.48
957.08 943.85
932.88 965.82
919.71 941.29
960.58 937.66
938.45 952.05
933.16 950.65
953.01 907.25
935.20 955.40
942.24 928.35
953.51 955.12
687.82 937.00
0.00 698.89
0.00 0.00
0.00 0.00
845.67 0.00
923.11 831.17
923.14 935.19
939.76 919.22
945.40 910.09
945.87 911.95
949.07 920.10
945.68 915.22
928.29 919.75
956.96 921.63
906.05 934.29
963.32 918.18
134.20 937.66
97.01 314.48
936.98 79.99
958.11 912.85
954.81 919.82
956.54 949.65
950.02 921.99
520.60 915.29
922.56 645.50
885.57 926.68
445.92 874.70
0.00 426.67
739.06 0.00
890.15 725.66
839.26 878.75
896.62 822.84
908.93 916.55
294.12 883.51
927.30 316.00
825.39 922.43
343.45 844.69
828.70 327.46
634.33 841.30
0.00 669.77
637.45 0.00
0.00 583.40
416.10 0.00
936.75 435.67
935.28 909.74
906.31 928.51
940.43 913.61
940.75 920.24
956.43 916.41
950.85 931.99
921.06 924.09
954.78 937.04
902.57 933.93
728.73 919.70
724.64 797.36
918.91 754.43
925.80 934.08
629.28 922.51
1.00 639.46
581.32 0.00
0.00 603.89
398.45 0.00
941.37 381.77
947.75 935.88
958.41 919.16
916.48 919.79
956.26 932.12
931.73 917.18
934.35 659.04
974.69 368.21
945.19 939.17
938.14 874.84
982.82 137.50
598.67 151.50
343.53 801.14
245.34 193.77
932.60 854.10
932.96 902.58
958.72 909.13
926.66 917.51
920.98 930.08
898.58 930.86
314.94 936.56
0.00 944.61
463.06 945.00
903.18 851.49
959.92 897.08
918.57 930.31
910.08 944.02
953.89 920.07
926.54 921.14
950.47 936.99
937.56 925.57
929.51 945.05
962.17 939.64
946.08 914.83
931.53 940.49
386.44 916.07
711.15 445.39
948.77 678.28
954.15 895.42
830.30 928.01
654.82 932.09
723.76 683.67
951.97 689.36
922.32 918.59
928.12 920.19
925.62 933.46
961.89 929.03
422.89 923.72
0.00 490.49
194.85 0.00
949.92 207.29
917.68 932.20
943.37 927.28
949.72 915.22
937.95 917.83
927.95 955.33
900.77 918.93
937.45 923.96
936.81 935.75
944.39 937.14
928.48 926.14
941.55 943.13
949.94 932.37
935.26 937.70
946.22 935.33
936.08 967.16
955.06 947.26
942.28 913.47
939.37 945.97
956.80 923.88
194.83 925.65
0.00 294.52
753.38 0.00
929.32 716.64
941.88 874.79
926.51 201.52
938.74 936.24
976.78 930.37
932.29 940.90
924.34 939.32
949.92 932.37
920.44 937.20
926.84 923.73
950.51 939.24
949.01 931.02
641.68 938.94
123.93 935.17
935.14 688.53
942.93 963.88
406.96 945.88
720.67 381.87
0.00 761.98
489.88 0.00
918.91 422.23
929.13 923.71
938.58 925.89
161.47 919.66
0.00 182.15
0.00 0.00
421.23 0.00
924.60 434.03
942.05 921.56
924.17 913.72
939.48 931.07
926.22 915.65
958.86 944.46
948.05 936.09
949.61 932.58
954.03 936.76
938.93 933.60
944.63 922.30
949.83 919.93
962.46 928.25
938.74 947.45
436.57 953.35
867.75 553.23
330.13 866.35
794.32 344.78
826.08 763.88
928.78 804.29
939.68 927.88
918.58 913.35
886.56 919.69
931.82 893.58
468.60 924.86
708.30 568.97
929.14 640.11
687.33 905.30
927.42 705.66
937.88 926.36
894.07 906.33
198.84 922.46
192.55 204.58
0.00 193.49
449.33 0.00
928.56 453.08
918.73 924.34
910.94 914.08
954.89 927.00
924.41 922.45
963.05 885.09
959.10 945.35
933.82 950.30
920.19 923.26
934.91 933.12
935.66 938.07
940.62 937.04
914.31 932.29
935.02 933.01
260.47 933.29
691.51 329.39
956.60 698.79
931.03 922.34
906.03 905.75
947.25 917.11
955.37 929.86
953.04 922.25
943.44 916.46
933.38 935.13
939.51 931.80
940.76 910.88
943.80 955.17
940.78 949.44
876.40 959.73
420.46 941.67
810.23 494.05
454.64 798.83
815.45 462.67
640.11 797.52
922.17 593.91
956.20 912.64
698.92 866.02
0.00 548.10
109.59 117.00
573.24 270.56
591.69 564.79
898.99 510.68
927.19 923.61
949.08 930.89
940.15 941.18
945.86 951.89
941.94 956.31
923.56 953.23
959.21 923.14
944.41 924.38
945.33 116.00
948.09 900.41
936.36 570.66
924.16 531.73
933.57 151.56
293.26 727.44
0.00 142.57
775.08 960.02
914.79 944.04
948.37 923.08
920.23 932.76
914.87 888.75
64.08 144.02
896.18 923.77
936.98 897.36
946.44 942.39
955.37 935.00
556.73 932.09
478.77 931.07
929.01 941.66
931.69 928.65
933.33 933.12
941.71 931.64
945.90 927.98
945.93 930.28
927.53 931.74
920.78 906.27
926.71 933.87
940.66 945.99
928.51 916.52
938.81 914.08
950.83 926.40
948.63 511.66
946.12 548.11
849.02 899.99
426.63 284.50
687.97 441.86
627.92 540.06
536.50 846.57
0.00 467.47
0.00 600.78
599.32 930.52
817.38 927.46
935.94 927.81
935.03 916.33
940.91 926.07
940.36 930.87
959.02 939.53
926.06 941.84
930.16 931.61
964.54 942.76
952.48 927.49
917.04 935.52
967.99 939.57
956.51 929.88
932.53 929.43
938.20 924.95
955.27 931.13
937.29 938.18
900.01 918.66
952.48 911.21
807.55 924.35
0.00 937.25
420.67 274.67
930.36 402.14
966.56 920.90
949.40 915.86
976.82 925.91
968.68 928.84
941.74 934.26
938.01 923.39
939.84 933.11
964.66 934.88
902.33 946.04
919.18 917.59
931.31 945.23
979.31 934.83
933.72 704.90
920.24 323.98
937.50 942.27
979.03 779.86
937.41 928.92
589.74 479.19
423.42 56.75
580.08 615.32
151.36 874.50
0.00 188.94
0.00 915.19
898.03 771.21
927.96 850.55
952.29 921.22
918.11 942.73
933.79 914.28
934.17 911.43
938.71 929.16
946.81 934.29
958.69 901.14
936.13 922.27
961.68 932.43
939.94 930.10
595.50 924.48
763.93 772.51
615.04 773.21
424.70 591.56
829.95 446.71
917.49 830.65
937.47 902.92
930.20 911.42
927.69 915.68
376.83 918.62
0.00 435.33
0.00 0.00
0.00 0.00
349.77 0.00
950.29 345.85
962.60 909.45
938.38 907.50
955.80 942.77
934.60 922.24
909.39 938.29
926.96 951.36
917.09 893.99
960.60 934.67
939.52 928.06
930.33 924.06
946.38 923.85
930.97 921.58
937.44 953.50
62.67 942.53
565.62 197.86
957.28 586.12
938.46 928.72
920.04 927.68
935.64 887.48
661.35 293.11
0.00 790.46
530.27 416.27
903.07 198.41
937.56 472.31
933.70 880.49
951.55 151.50
969.18 915.96
968.27 943.71
937.74 940.21
911.66 919.44
951.12 933.06
928.45 936.02
935.75 936.90
934.08 938.21
939.18 950.64
945.24 927.11
955.59 942.81
913.29 942.01
906.99 916.59
923.69 921.60
947.72 927.55
956.19 944.01
949.50 931.59
940.62 948.00
752.46 907.70
0.00 922.67
403.80 932.32
904.87 943.49
894.65 938.58
927.16 925.15
947.63 916.72
940.62 910.74
950.48 925.27
932.69 928.77
929.96 921.85
924.97 911.98
916.48 926.95
941.66 894.54
945.56 304.46
960.69 766.93
957.41 877.63
949.55 91.02
158.51 155.09
941.75 925.82
936.93 879.97
145.95 886.85
907.89 165.87
817.81 938.83
127.45 921.36
649.64 945.35
248.69 940.48
916.92 939.69
921.51 927.73
922.51 921.44
955.86 934.76
927.57 904.76
931.84 942.36
937.79 931.70
927.55 940.26
943.94 936.44
929.79 927.08
930.02 930.10
930.90 939.42
953.75 927.07
932.40 926.77
938.91 943.06
949.86 944.06
958.69 930.02
936.40 939.12
954.61 935.19
846.09 920.49
917.01 925.82
915.72 935.29
914.12 927.81
949.00 907.84
951.93 942.76
954.60 954.14
934.24 933.86
929.85 942.74
935.90 932.87
943.51 939.03
947.51 916.51
936.58 932.84
945.81 938.16
931.18 918.08
941.31 929.02
937.66 924.52
933.20 926.08
957.94 912.67
913.70 925.96
636.00 919.26
935.85 916.62
922.95 933.82
942.71 910.27
932.67 894.49
936.14 926.92
924.79 948.02
951.69 948.58
944.85 906.79
948.02 927.33
943.60 923.90
921.64 921.01
934.56 894.51
939.35 909.95
952.48 921.58
944.05 934.12
935.64 931.59
927.23 925.81
935.17 940.13
955.16 924.94
361.51 937.30
0.00 630.12
835.76 0.00
958.10 814.41
906.87 920.59
914.45 933.12
980.50 928.11
951.81 927.22
758.31 924.93
947.26 868.01
928.39 934.81
945.81 932.61
950.15 930.10
951.89 953.50
965.62 946.78
941.67 938.37
961.51 935.36
944.24 934.51
932.16 950.50
953.39 920.75
939.02 950.09
844.66 913.54
0.00 941.07
40.40 0.00
947.13 37.85
922.45 922.35
924.16 938.84
958.17 928.94
940.99 922.63
919.88 945.83
923.63 949.44
937.89 940.23
945.96 930.26
953.12 927.44
929.95 926.79
964.37 920.39
954.92 930.76
916.05 931.02
928.72 919.77
951.04 934.14
938.75 953.13
934.23 935.65
944.34 919.44
941.14 921.06
275.78 915.32
0.00 498.15
0.00 0.00
908.10 0.00
922.67 860.80
933.58 925.05
935.63 900.35
941.40 935.84
919.84 923.90
946.83 928.39
958.09 936.29
964.93 911.53
912.59 928.51
959.93 925.57
909.29 936.85
933.15 914.18
932.86 919.41
936.64 938.04
946.74 940.62
939.82 920.26
935.04 937.71
941.52 933.39
749.22 939.84
0.00 932.00
539.09 0.00
122.70 553.47
207.37 105.22
863.20 199.12
933.29 848.31
929.32 936.56
949.96 923.93
972.10 915.38
941.12 927.80
931.07 945.32
967.50 934.69
938.80 919.89
923.68 954.26
931.71 926.31
950.37 963.51
914.73 949.96
940.52 933.54
927.35 934.04
947.53 926.06
934.03 933.13
815.20 924.71
0.00 919.88
856.05 0.00
259.41 885.03
859.02 237.87
853.20 873.45
949.89 851.12
649.81 913.72
613.78 685.89
0.00 609.42
609.50 0.00
934.11 603.80
952.29 936.65
900.80 918.88
883.84 929.83
943.08 927.40
955.64 945.08
946.36 920.30
935.50 950.12
923.13 924.36
925.26 896.45
928.42 916.70
939.48 938.36
949.02 928.79
930.06 923.12
959.99 942.08
947.82 937.18
938.43 943.88
970.81 944.68
939.72 934.84
35.00 937.00
384.33 171.88
933.42 381.58
953.89 906.95
922.26 922.42
916.36 934.44
942.26 917.76
959.89 917.05
967.80 946.56
966.33 936.62
941.10 945.32
941.58 921.20
929.39 925.93
943.82 943.82
953.94 935.96
935.98 932.32
955.02 942.50
942.38 918.14
948.85 931.75
959.86 920.30
938.67 942.49
122.50 935.89
385.36 433.28
301.73 384.09
63.10 285.82
925.61 68.82
931.47 874.73
952.93 910.83
938.94 941.25
933.82 941.85
930.41 921.44
958.53 917.95
970.87 927.74
924.04 954.29
847.28 929.39
0.00 913.77
338.71 91.19
922.13 320.08
925.02 922.54
915.48 916.35
924.98 956.70
945.51 944.52
942.46 953.39
914.53 924.87
927.11 921.55
947.92 919.42
437.51 931.08
799.47 369.57
895.81 862.07
937.17 928.95
429.76 929.91
932.01 394.07
862.12 927.16
56.50 864.55
756.28 67.49
872.93 793.54
954.05 799.53
806.67 877.12
314.86 903.77
388.43 352.21
930.09 377.58
981.34 921.05
975.35 930.51
967.74 932.10
945.37 931.13
926.60 925.51
933.55 921.35
941.34 939.87
956.96 931.27
922.17 946.28
959.50 931.94
956.98 918.22
924.87 932.52
636.00 907.27
0.00 849.00
875.79 0.00
916.48 816.67
938.25 908.21
945.65 916.64
938.28 934.26
925.72 910.78
917.58 889.59
918.69 917.91
923.31 941.72
929.20 919.46
947.54 931.03
940.11 929.69
936.32 923.50
960.44 904.43
953.09 941.63
958.65 948.10
953.99 916.83
929.71 922.10
950.41 936.93
735.81 939.90
0.00 938.40
273.83 82.03
942.42 273.28
935.04 915.43
911.38 933.58
930.76 909.29
960.95 940.36
935.19 936.54
915.72 918.28
940.82 918.42
933.03 917.29
933.44 943.28
938.79 926.01
922.86 945.79
930.41 939.86
952.25 930.73
916.43 917.36
934.15 934.56
941.03 923.84
954.31 922.97
939.20 961.64
918.84 926.73
161.33 949.97
0.00 264.25
482.57 0.00
918.99 463.96
942.39 918.26
944.88 937.49
936.97 932.94
930.84 930.21
927.35 919.00
947.03 929.15
913.70 930.56
925.69 925.19
948.68 917.65
920.29 944.54
951.35 903.12
949.95 922.01
953.77 938.51
943.65 952.51
936.93 920.09
938.22 930.03
965.72 916.00
937.95 942.28
127.24 932.99
103.81 367.56
608.45 60.54
500.19 625.42
893.30 476.76
940.55 896.42
932.75 917.37
936.98 922.06
961.26 942.02
926.96 920.87
923.37 922.52
962.45 960.74
912.66 944.10
941.84 915.11
930.98 900.81
924.12 918.35
942.55 933.97
953.70 924.69
931.64 927.39
949.39 926.60
915.82 935.61
912.49 923.19
969.15 927.41
947.58 932.30
943.00 928.49
918.86 925.74
348.05 930.51
936.18 561.29
901.54 907.85
920.89 917.32
921.50 935.75
938.42 925.89
953.34 920.56
942.17 911.03
926.45 913.07
952.46 895.43
948.54 917.04
945.79 921.04
953.77 923.13
924.35 347.04
945.67 700.12
942.88 868.72
296.03 165.38
882.31 38.68
721.55 923.40
635.35 741.32
491.87 284.99
925.37 946.74
403.41 916.40
620.50 924.47
0.00 923.14
259.91 930.10
926.51 401.94
931.52 921.01
932.35 943.83
935.29 907.04
945.89 922.02
949.89 911.15
926.06 969.40
928.35 930.42
916.25 912.64
931.28 914.54
929.08 923.01
941.45 908.72
916.36 934.74
950.60 913.18
954.20 921.90
912.71 917.53
965.18 897.10
949.19 880.75
953.82 909.38
438.29 928.37
0.00 762.55
236.23 0.00
960.50 244.10
951.35 928.77
935.91 917.26
923.67 911.21
925.05 929.43
938.77 936.29
909.46 926.00
937.65 939.03
928.36 923.04
935.68 923.32
925.33 936.34
948.15 925.84
936.05 940.32
949.92 933.14
955.21 940.87
965.27 938.14
939.68 929.23
933.83 920.82
936.18 915.03
385.98 932.03
271.88 578.00
764.59 270.79
930.41 762.76
927.88 905.33
935.67 916.70
957.69 948.94
887.00 921.75
934.36 964.57
963.61 942.70
940.47 926.13
939.86 931.19
948.25 913.49
949.36 911.92
944.57 921.60
926.17 922.55
937.72 914.22
950.14 923.99
948.42 918.67
948.62 929.65
918.47 917.73
936.74 941.92
299.83 930.21
0.00 523.80
0.00 0.00
0.00 0.00
863.16 0.00
934.57 836.48
943.40 904.02
952.99 933.25
946.35 931.82
938.52 931.28
930.46 933.74
922.00 930.92
944.89 902.79
979.39 921.09
904.37 943.31
942.25 919.38
938.65 942.93
940.91 944.95
951.42 940.18
921.72 931.69
949.48 935.56
923.04 906.26
939.47 924.00
737.76 927.19
0.00 929.59
613.83 5.23
68.77 618.12
360.91 22.83
820.51 407.40
931.70 876.32
951.16 927.67
920.27 923.93
930.79 926.65
938.55 917.22
958.56 922.32
933.30 931.54
929.91 908.45
934.14 934.06
934.44 913.53
935.83 944.89
913.01 947.15
941.71 956.30
925.12 941.85
445.26 922.17
923.56 450.43
9.30 911.63
737.72 0.00
907.11 739.01
942.09 932.11
932.31 921.78
927.07 902.89
930.68 931.47
938.47 920.62
6.34 923.36
0.00 68.33
177.02 0.00
923.83 182.08
926.77 908.95
934.41 906.31
929.31 938.72
940.79 917.38
942.71 919.15
908.43 940.32
922.52 891.82
941.12 947.50
954.34 952.16
935.05 917.78
934.26 940.45
926.86 938.35
913.50 939.49
949.99 911.44
978.11 903.58
953.46 898.96
929.04 931.26
942.04 930.28
495.01 938.78
0.00 700.47
708.60 0.00
950.16 667.51
950.90 907.63
968.78 914.27
918.48 948.96
909.89 910.50
958.50 945.84
896.85 914.36
940.50 933.20
925.44 898.80
941.25 924.57
915.86 927.93
932.00 942.65
931.46 942.85
939.56 885.49
928.62 962.70
933.60 894.49
966.68 925.75
947.23 927.67
939.01 921.70
639.98 942.83
0.00 913.20
0.00 0.00
0.00 0.00
178.13 0.00
924.65 190.94
941.30 904.48
933.05 925.15
971.72 929.54
932.17 928.79
923.12 919.26
956.46 950.19
946.08 924.40
949.79 919.18
926.36 916.22
925.08 923.67
959.48 930.39
933.70 930.29
949.59 918.89
938.77 929.47
950.83 944.53
949.74 935.77
940.82 933.26
925.81 886.39
420.59 246.00
299.90 767.69
940.62 377.18
700.61 32.50
955.55 653.03
307.46 462.00
926.22 555.25
945.64 938.13
906.95 948.15
936.58 933.95
931.83 930.11
961.65 926.31
924.80 918.53
940.56 937.55
936.88 931.85
960.63 929.13
939.96 918.86
937.03 933.48
941.18 936.41
939.21 928.53
939.29 936.60
941.30 927.28
947.76 943.89
282.10 944.78
949.29 933.49
938.70 926.48
934.10 929.79
937.01 945.22
941.21 931.44
943.47 924.98
969.15 942.59
952.51 932.43
919.31 925.90
947.91 920.45
945.11 943.20
944.42 919.30
946.62 930.20
970.51 940.88
931.97 946.36
950.72 937.00
962.51 946.99
936.03 941.96
948.09 935.62
927.51 924.10
943.33 914.93
928.22 922.42
946.53 930.89
931.35 921.08
942.97 929.00
941.52 928.02
932.28 935.86
943.35 937.50
940.62 930.35
959.44 933.47
946.80 922.73
939.05 924.92
941.44 925.76
941.55 950.63
939.32 928.44
632.51 918.98
949.63 938.63
426.34 938.74
597.56 928.87
233.51 916.04
299.10 637.04
923.74 264.36
954.03 935.66
917.16 939.15
943.56 921.95
226.96 691.89
0.00 315.48
380.06 230.98
934.00 320.39
920.19 609.92
937.18 676.89
940.98 909.36
934.78 797.53
928.19 902.34
922.42 431.81
748.59 604.49
844.62 923.37
952.64 923.99
950.64 931.41
931.73 926.31
959.17 940.89
931.85 913.78
920.20 918.61
957.29 914.72
930.61 931.61
919.65 940.00
950.56 926.28
950.53 932.83
385.65 935.66
0.00 929.40
306.62 905.46
928.25 338.03
954.08 925.06
952.29 924.91
942.22 940.15
951.39 939.21
931.11 916.95
953.25 928.73
947.64 922.72
940.44 922.86
932.65 948.94
942.43 915.80
937.17 926.90
956.72 940.06
955.24 946.47
926.56 937.50
924.07 929.27
921.81 908.60
946.79 906.81
929.54 439.95
278.60 573.66
694.66 888.05
938.96 271.19
937.90 100.50
915.29 689.96
401.94 733.00
592.06 142.00
238.96 529.10
0.00 32.50
0.00 506.06
841.02 155.01
951.90 880.97
948.15 929.47
935.24 923.01
914.93 926.13
936.99 940.00
939.32 918.84
929.88 932.54
926.54 925.70
925.40 920.89
937.68 934.49
926.76 912.86
922.23 921.54
943.85 923.67
774.29 925.12
0.00 918.81
60.88 936.41
634.54 930.74
808.09 727.42
943.17 755.81
925.92 930.95
915.34 929.62
943.32 700.73
926.86 323.76
963.31 536.97
854.25 293.00
0.00 264.83
494.93 365.09
897.77 659.02
924.10 908.49
928.64 928.82
976.53 926.47
942.71 937.97
916.25 912.29
943.03 925.68
913.80 936.42
933.19 932.72
915.10 935.07
935.45 918.37
570.79 922.23
0.00 925.74
0.00 943.93
412.99 666.44
952.29 431.62
925.94 942.42
947.27 936.05
919.11 932.74
937.39 948.16
919.51 934.67
941.91 940.96
943.14 937.78
929.01 944.29
942.67 955.18
939.35 892.69
949.81 935.44
925.88 938.85
934.11 929.31
950.63 950.63
914.96 923.36
929.35 926.64
938.81 939.80
955.17 934.84
278.68 942.83
46.01 255.43
644.83 51.96
0.00 595.05
33.03 0.00
848.09 65.91
935.03 936.69
959.62 917.40
933.23 933.59
939.96 933.27
950.88 923.35
938.24 932.82
959.03 918.71
929.17 916.55
933.22 941.60
936.47 922.76
944.39 926.35
950.99 918.98
940.24 509.11
930.87 531.42
935.30 943.71
932.17 816.84
450.03 51.00
922.13 287.90
889.14 909.15
177.14 487.88
932.17 570.08
944.36 948.37
775.91 942.62
804.91 944.74
123.82 919.30
431.66 938.32
936.84 942.45
865.78 930.88
932.79 933.71
924.98 931.00
931.77 929.43
946.61 942.13
931.08 927.75
941.68 925.82
950.55 919.83
927.62 929.92
948.11 940.01
949.37 927.38
926.91 932.98
930.82 940.60
925.13 914.79
940.35 935.08
935.12 946.53
942.31 937.83
938.97 933.31
309.44 954.49
910.52 695.24
941.05 876.98
951.69 931.53
916.30 907.76
927.00 901.55
926.44 928.38
956.46 935.10
934.33 926.33
930.23 926.22
952.41 926.01
944.05 928.44
953.42 931.94
926.83 695.70
934.42 336.34
963.02 811.51
693.59 284.46
577.02 147.50
538.40 718.38
949.03 585.24
557.42 417.68
441.20 934.71
687.14 940.34
136.23 934.25
557.36 930.51
851.04 913.10
945.96 929.77
921.80 942.75
933.24 936.46
919.84 937.09
929.13 947.31
946.19 943.83
935.88 859.40
909.20 170.00
937.34 948.44
949.41 703.82
941.90 38.50
565.03 360.50
302.92 918.00
188.21 420.08
946.70 629.49
937.11 934.96
954.66 933.66
938.54 946.46
945.83 928.57
951.11 932.15
671.57 925.67
0.00 942.49
0.00 930.55
0.00 684.34
694.46 0.00
913.20 711.66
899.96 914.65
917.28 938.05
945.83 943.14
924.03 936.00
907.51 930.56
930.47 928.49
917.28 937.60
956.87 927.66
979.88 917.07
947.93 932.18
946.93 927.87
963.52 929.38
922.02 924.96
944.64 924.06
925.36 950.40
957.63 939.64
959.14 938.15
915.96 942.94
746.99 930.28
943.24 804.26
926.52 930.08
925.07 924.75
920.74 923.50
924.56 930.23
934.96 942.76
928.80 927.92
717.45 930.15
444.76 706.40
942.27 451.61
936.12 922.45
577.18 927.17
518.37 617.08
946.94 489.96
917.00 917.74
930.83 940.50
929.52 913.46
937.60 935.55
927.69 908.88
903.10 954.83
922.97 909.43
945.56 910.52
933.72 946.56
918.47 915.06
369.86 913.04
803.49 435.67
938.57 798.06
927.91 948.36
917.32 898.34
945.78 922.20
930.33 953.59
954.11 904.80
928.25 934.24
930.28 933.16
918.33 930.28
938.99 919.92
941.52 926.73
938.71 922.50
941.13 912.21
930.89 933.92
957.73 959.44
947.68 930.68
953.35 937.06
749.08 953.43
663.27 860.36
103.12 653.26
740.86 109.77
0.00 718.68
806.35 0.00
921.87 791.96
911.67 905.82
923.37 919.37
937.99 924.71
962.29 947.94
949.62 928.37
931.57 947.97
908.68 921.40
906.42 913.90
944.41 911.97
948.80 942.25
937.06 931.54
837.53 914.68
89.37 947.13
931.43 96.16
912.17 914.05
933.60 919.13
919.12 929.70
954.04 951.10
950.20 911.92
189.13 933.06
0.00 211.22
358.30 0.00
944.45 332.28
934.87 868.01
936.00 929.35
923.52 910.63
896.75 910.86
666.32 937.58
171.84 770.81
939.86 165.94
924.70 935.40
918.70 927.96
928.88 900.28
954.25 908.61
942.76 886.46
941.22 891.04
933.37 900.35
941.22 876.02
954.11 507.70
921.99 699.11
933.31 932.26
952.80 879.87
465.15 374.76
298.85 31.72
363.56 629.23
849.56 73.50
0.00 306.50
749.65 409.90
766.74 870.43
944.69 148.32
541.95 917.17
288.03 932.98
911.07 929.36
939.18 836.36
922.83 249.67
671.33 928.18
0.00 701.35
0.00 33.02
897.00 411.87
932.63 898.74
735.96 394.00
566.15 677.28
738.72 932.18
908.01 928.84
928.52 938.60
914.75 946.05
926.92 929.33
913.31 948.39
937.79 922.53
935.19 925.54
774.61 934.10
902.35 945.50
914.52 930.04
921.49 937.07
622.96 944.51
935.87 944.60
910.27 909.47
928.77 918.50
911.01 899.79
955.77 224.71
941.47 848.12
957.27 936.85
953.42 580.83
962.16 216.05
940.19 539.42
957.99 872.83
948.50 598.00
948.84 453.34
947.23 938.35
964.29 941.16
951.27 936.36
941.34 930.40
923.78 947.23
918.66 937.76
940.19 937.56
935.09 926.87
670.11 929.59
706.91 937.50
0.00 937.05
281.26 934.42
678.68 938.72
719.31 924.12
700.84 936.22
376.52 929.20
233.93 926.11
439.83 930.46
0.00 930.16
0.00 941.01
343.29 941.08
936.68 947.21
927.46 946.70
960.49 931.31
943.49 938.39
944.95 940.81
968.43 941.33
956.50 925.58
915.75 931.00
625.36 935.06
540.40 925.94
932.98 928.10
920.03 947.58
430.64 929.88
633.08 943.37
927.03 923.54
917.70 926.40
937.73 948.42
939.32 947.59
926.00 931.17
954.09 929.26
928.57 959.52
71.07 941.12
722.16 42.58
893.59 707.94
945.07 912.06
924.08 916.11
915.50 939.29
924.80 929.29
938.68 938.91
944.98 901.69
947.84 930.89
943.66 923.44
928.11 911.79
942.22 950.87
938.88 933.32
943.41 935.94
946.56 924.51
929.66 918.50
956.54 944.97
944.73 943.04
935.33 943.77
946.15 96.49
933.27 925.33
936.35 870.05
944.55 467.92
593.07 32.16
245.56 622.03
944.15 186.00
719.13 949.95
661.36 942.11
953.92 928.08
961.97 922.81
947.72 927.94
956.35 934.65
944.10 937.11
951.02 958.87
928.85 928.08
815.64 381.27
824.12 647.86
588.98 423.93
0.00 32.50
0.00 533.50
435.19 184.72
921.08 935.73
910.79 902.82
937.94 949.01
947.44 952.80
936.40 965.88
916.03 919.26
958.21 935.48
808.13 937.74
0.00 925.58
64.29 930.86
944.99 935.00
951.10 959.32
938.53 934.05
939.58 930.66
933.05 959.22
939.73 884.17
930.70 579.64
938.67 470.38
927.29 314.50
893.34 32.50
647.41 731.00
299.77 858.10
8.01 530.50
921.88 572.34
937.11 942.44
927.62 931.18
948.60 948.15
910.79 915.14
938.42 944.51
944.60 927.21
957.90 938.22
883.40 927.14
921.19 922.01
823.43 926.22
316.67 940.15
917.71 937.23
254.74 935.31
86.35 949.24
883.64 555.71
919.30 924.94
915.16 917.45
945.86 913.30
955.72 908.74
944.59 914.39
946.87 909.98
935.40 827.35
937.38 612.98
922.94 435.38
939.99 925.12
941.30 376.02
630.00 32.50
919.92 739.70
592.01 377.08
838.91 682.86
599.54 961.08
911.36 926.90
918.95 931.77
486.93 938.34
784.84 936.55
605.62 927.55
0.00 944.05
0.00 927.32
312.51 347.66
806.48 313.70
925.04 810.88
938.31 918.54
914.66 930.15
919.62 929.69
925.82 929.48
909.11 916.30
671.27 931.29
933.49 913.69
828.07 934.54
539.50 927.35
773.66 930.77
33.02 919.24
286.50 925.95
935.81 924.86
814.14 746.49
254.14 939.73
949.68 937.02
947.42 843.98
924.18 397.12
931.42 923.08
923.06 548.52
927.69 423.51
851.21 278.66
511.20 0.00
922.64 530.28
923.96 923.74
935.37 907.90
924.77 929.84
931.67 931.33
928.24 933.62
936.26 937.52
934.88 943.73
939.90 947.36
911.10 915.12
922.90 898.67
952.54 904.47
934.81 932.50
925.24 935.30
944.08 953.11
942.15 947.63
932.71 946.16
933.59 954.45
468.35 765.45
0.00 406.53
740.50 0.00
0.00 766.94
480.43 0.00
916.79 473.75
916.96 933.81
538.44 917.65
242.50 549.51
752.15 204.52
0.00 788.95
823.61 0.00
910.44 771.12
935.52 931.48
928.48 937.86
941.50 921.33
921.88 942.10
945.87 940.19
962.08 911.58
917.02 949.52
951.60 947.80
708.48 910.46
583.46 763.58
917.31 574.55
936.64 939.25
392.52 945.37
910.59 364.96
937.12 911.88
949.02 925.65
937.06 929.57
920.79 944.25
758.11 927.13
0.00 459.60
0.00 331.90
52.80 0.00
883.06 0.00
152.73 834.55
417.08 200.19
291.93 407.53
554.87 299.80
909.86 551.57
923.14 903.95
743.94 931.96
0.00 745.62
0.00 0.00
661.43 0.00
940.05 623.80
931.18 898.27
617.40 918.10
925.22 676.72
527.53 926.04
935.26 517.26
936.63 953.07
947.83 918.67
934.51 923.86
932.82 924.68
950.37 923.46
928.26 937.85
915.64 925.49
936.34 935.27
947.32 932.66
926.88 951.06
587.30 941.36
929.01 620.56
948.67 933.78
254.68 945.05
607.08 234.62
957.34 618.49
929.83 948.38
926.94 918.28
934.29 928.85
947.54 924.50
898.68 934.64
931.10 918.25
916.89 920.33
927.09 931.66
935.59 898.29
939.26 268.44
910.09 811.84
934.02 883.45
951.85 37.04
940.19 181.01
807.49 946.39
941.82 909.89
303.42 256.16
413.36 840.66
0.00 947.60
0.00 941.09
719.24 947.99
888.67 827.60
954.18 911.64
965.86 905.63
924.45 942.03
928.42 959.04
934.27 934.69
934.40 902.99
921.98 948.86
764.21 926.81
641.91 767.27
96.12 641.82
918.72 73.63
920.15 925.77
906.06 916.75
939.04 952.71
889.59 939.42
929.73 924.88
928.96 934.57
724.64 922.10
636.87 617.53
574.44 670.51
0.00 623.57
203.38 0.00
949.15 149.99
925.71 916.05
802.97 913.49
526.56 846.19
580.86 525.61
0.00 581.34
0.00 0.00
701.34 0.00
957.12 711.26
928.55 960.11
940.36 911.46
944.64 944.33
911.33 925.17
959.37 923.34
945.17 935.07
939.81 921.39
953.72 946.32
941.15 939.90
910.87 936.04
953.17 941.25
941.39 932.12
943.14 944.92
917.37 935.06
934.67 923.73
930.24 916.71
933.34 932.57
940.49 941.37
929.35 941.19
947.89 937.64
766.43 934.26
646.64 804.83
898.33 649.67
936.16 915.04
63.71 910.43
821.15 65.84
709.64 804.11
931.37 719.01
530.35 898.97
347.90 566.40
921.36 353.78
243.26 919.24
934.16 221.59
585.10 923.19
842.29 596.25
518.73 852.41
916.53 529.63
892.03 891.25
941.77 855.14
929.97 180.98
915.04 937.98
963.71 618.74
351.39 33.00
140.55 451.03
938.78 915.62
330.31 336.50
0.00 745.48
0.00 934.95
59.48 427.69
374.72 0.00
914.75 368.06
945.01 935.56
935.23 919.42
946.69 947.94
941.83 923.15
937.53 911.15
958.14 931.85
926.98 921.26
924.10 951.30
934.52 943.69
936.28 938.52
935.35 940.73
948.93 933.34
935.30 934.89
946.06 967.44
930.21 942.64
944.02 942.18
922.98 947.26
920.63 939.70
211.20 951.06
206.29 289.89
343.67 98.28
362.34 577.86
322.20 657.01
740.09 908.90
951.08 919.64
940.50 949.51
934.17 928.56
925.28 922.84
949.76 933.90
935.87 934.61
960.23 946.76
939.80 930.20
925.35 935.01
918.80 958.10
937.64 925.79
947.51 971.59
935.47 824.13
943.59 675.56
938.76 424.27
916.65 932.36
951.19 774.44
852.65 713.40
796.32 843.25
935.47 795.77
921.80 951.54
632.39 938.53
943.10 585.87
878.24 919.36
0.00 909.88
647.38 28.50
927.75 602.48
945.83 944.22
928.04 922.31
939.00 919.59
920.83 922.26
929.59 933.89
932.22 915.37
919.49 936.88
927.80 946.03
936.05 926.28
935.20 908.69
938.36 942.37
926.61 930.37
954.25 920.19
913.67 934.49
932.17 927.19
929.09 912.65
182.99 941.99
480.78 254.48
640.04 470.94
949.48 635.36
860.98 894.70
925.06 924.35
939.68 945.80
917.43 941.04
930.15 932.31
748.81 933.97
0.00 655.16
127.89 0.00
933.27 137.33
908.26 928.39
914.03 915.69
919.68 878.06
965.49 161.21
936.07 893.07
933.07 155.04
920.34 95.41
681.25 926.43
0.00 594.18
877.09 438.76
912.13 951.80
938.36 945.60
911.10 936.74
0.00 920.54
0.00 943.11
0.00 947.36
265.88 80.85
678.86 254.44
937.20 680.59
948.12 935.32
934.59 948.16
948.76 919.06
927.18 924.83
957.51 911.19
930.17 960.20
942.51 919.29
941.57 916.75
939.82 603.64
929.76 433.53
954.17 369.95
900.50 171.01
890.74 646.05
0.00 197.52
739.67 942.52
938.32 937.96
945.08 929.52
950.65 945.05
930.59 941.26
654.12 947.28
100.92 938.86
957.92 924.73
911.01 907.03
839.60 948.46
934.82 933.52
877.89 943.82
469.04 916.59
591.27 946.59
961.93 956.78
932.50 877.95
928.96 936.46
929.95 919.71
934.70 952.59
936.39 946.83
935.36 935.19
923.88 907.32
933.27 942.50
954.80 902.83
0.00 951.31
575.18 5.26
913.04 578.60
928.75 920.31
917.52 940.12
942.73 934.43
954.30 921.28
936.52 923.17
780.28 919.25
0.00 809.50
0.00 0.00
0.00 0.00
729.62 0.00
934.06 747.15
944.93 892.41
918.63 903.69
923.72 957.22
943.75 923.88
939.01 933.24
937.55 926.56
942.23 928.55
900.63 913.54
943.36 891.49
927.11 926.82
929.71 941.19
893.43 911.32
586.67 924.81
426.76 644.00
914.48 438.78
932.77 908.56
618.86 909.29
435.32 635.70
928.70 430.47
164.08 899.07
217.28 198.52
901.80 194.62
177.86 913.37
736.91 174.64
932.42 757.45
923.61 919.60
292.40 928.67
0.00 305.89
465.75 0.00
926.52 452.12
929.48 893.47
928.88 931.32
609.48 934.99
921.74 621.00
241.76 939.39
709.30 201.29
934.04 740.67
938.11 907.33
931.00 930.41
946.32 946.18
920.96 924.01
928.68 924.76
916.62 942.45
937.26 931.27
915.84 940.31
963.25 918.51
924.21 940.69
869.73 939.02
767.68 850.65
560.06 774.97
335.91 514.51
717.83 360.88
0.00 771.10
0.00 0.00
0.00 0.00
226.34 0.00
925.60 221.94
927.36 938.40
902.73 931.48
936.88 925.07
922.61 957.46
926.67 928.59
925.36 932.24
943.83 926.82
947.65 945.42
919.03 922.80
925.71 959.31
932.89 932.98
926.29 930.38
959.60 931.86
939.45 943.57
926.13 916.07
934.88 904.07
942.31 880.42
938.08 951.74
536.11 920.60
437.60 583.70
255.72 436.99
0.00 246.93
913.79 0.00
918.93 893.62
930.59 906.90
941.00 912.34
941.71 940.53
942.57 912.26
902.12 930.03
935.70 918.02
947.73 938.19
941.67 929.27
924.74 946.17
920.69 925.23
939.01 950.88
920.47 935.23
935.40 934.60
912.83 916.01
923.69 936.61
932.05 951.34
921.80 946.85
845.25 941.55
0.00 811.81
829.15 0.00
927.08 832.98
915.42 909.28
933.42 936.26
930.39 918.02
926.31 918.70
910.60 935.39
936.72 930.48
919.71 930.48
939.53 928.38
918.89 923.45
938.11 936.71
931.54 917.96
940.47 926.02
935.05 942.03
916.16 942.26
941.18 931.08
837.35 930.90
454.37 803.52
938.33 396.40
907.61 714.07
944.88 288.63
645.71 334.78
921.57 29.51
586.53 741.10
0.00 878.00
168.30 160.90
924.42 927.20
930.17 936.72
941.99 930.09
922.13 931.01
967.62 940.55
935.61 933.78
946.78 911.15
942.95 926.83
943.37 935.57
924.35 939.39
926.25 927.94
927.75 934.61
951.95 940.81
948.02 951.00
813.88 923.59
253.06 929.58
947.75 947.58
915.52 920.31
614.72 919.20
878.89 684.76
628.84 344.72
109.47 338.51
633.12 32.00
935.11 578.11
935.24 209.00
891.17 938.40
944.29 946.34
933.26 918.65
932.88 931.61
934.22 943.52
943.30 961.40
925.27 936.73
944.06 939.94
954.16 933.64
945.70 927.05
944.87 920.27
938.53 928.60
939.54 949.21
936.56 931.42
941.90 936.72
914.43 945.74
932.00 903.37
241.38 931.36
745.12 940.29
899.01 939.57
929.40 937.65
922.19 893.42
915.54 933.50
928.33 942.49
947.51 934.85
957.15 925.54
926.63 924.90
912.26 937.96
198.27 906.49
926.31 940.54
484.78 937.55
359.09 934.62
675.49 956.50
826.49 933.49
277.95 937.03
939.48 926.38
945.66 921.62
948.23 949.73
933.88 961.70
921.50 947.05
909.53 633.09
605.68 0.00
662.34 0.00
944.62 369.93
915.35 925.71
926.79 845.08
922.88 482.33
931.07 637.41
914.85 938.40
940.42 948.01
923.45 926.58
933.16 923.82
936.94 926.47
951.33 938.00
957.36 930.60
949.24 934.26
951.83 944.98
956.51 943.27
939.68 945.22
921.91 920.10
933.94 943.64
960.74 934.85
0.00 938.22
0.00 963.20
731.54 197.90
933.36 724.79
941.49 938.59
921.55 910.03
929.43 909.39
918.01 928.08
923.79 922.58
937.65 926.51
942.79 921.19
928.53 921.93
935.70 925.62
928.29 935.83
941.74 943.58
933.91 924.84
925.14 919.62
928.08 923.88
919.33 944.11
965.34 931.08
945.40 943.94
926.49 945.20
707.32 935.51
0.00 778.00
467.91 0.00
937.26 492.91
935.77 929.27
944.91 906.52
918.73 929.24
921.67 929.88
964.90 918.05
932.00 922.42
920.28 942.79
944.31 905.66
940.11 905.81
941.99 921.76
919.53 951.38
921.05 934.43
936.00 950.52
932.07 944.67
937.61 927.00
932.29 926.84
955.46 949.30
933.62 915.23
965.22 934.15
918.00 907.90
957.60 387.29
818.95 692.00
891.38 880.77
934.39 831.26
918.03 464.02
934.72 28.50
923.71 770.46
297.25 882.61
367.20 158.50
924.99 925.26
938.13 932.69
916.65 928.74
936.84 929.11
897.03 948.76
937.46 901.83
933.23 919.40
928.45 918.05
958.12 937.83
926.64 926.90
957.87 921.06
928.34 916.53
941.40 920.88
934.16 922.52
181.50 940.29
0.00 944.63
62.12 939.28
920.88 487.27
916.75 918.26
934.56 936.28
942.46 937.99
887.74 929.38
916.98 914.79
914.70 926.06
905.73 933.02
937.90 955.54
942.47 941.43
937.05 906.95
952.50 935.46
955.17 921.93
929.71 944.84
262.03 914.20
83.71 241.71
930.15 81.88
920.54 903.06
926.06 917.78
926.37 940.18
111.78 911.11
0.00 132.21
906.32 0.00
770.28 924.90
350.18 755.02
0.00 294.02
0.00 53.72
0.00 0.00
151.10 0.00
893.51 134.17
930.00 907.66
930.28 946.77
917.40 932.76
893.18 920.70
927.08 935.76
909.30 945.57
944.14 908.10
916.18 932.75
914.92 948.13
914.28 923.53
925.72 936.85
937.30 927.75
938.02 936.98
943.72 926.93
915.94 853.08
934.68 856.54
935.59 951.95
941.21 847.13
932.40 193.50
925.52 937.33
953.22 906.18
915.67 884.76
940.43 710.31
351.24 804.05
926.91 592.63
703.97 317.00
479.63 532.13
438.55 227.86
390.48 793.48
918.57 392.00
654.22 210.00
930.03 338.08
191.27 753.20
122.76 387.08
916.84 638.91
919.10 931.28
929.46 926.42
917.40 914.51
931.62 929.11
936.75 957.03
947.18 921.37
933.67 936.21
916.94 940.67
926.21 936.31
943.28 928.30
939.47 936.70
819.68 927.91
0.00 934.66
150.59 939.70
539.01 917.66
895.22 756.88
926.92 885.24
904.25 931.38
