48.42 
0.00 56.57
0.00 0.00
647.23 0.00
959.67 624.54
947.38 937.46
933.89 931.53
970.13 942.17
946.30 951.27
955.11 948.24
947.13 969.38
949.81 936.32
975.44 957.40
963.14 954.83
979.06 932.38
952.07 933.87
941.94 941.95
933.19 948.60
962.44 938.55
967.80 925.26
966.39 922.09
952.51 938.25
928.22 921.64
984.70 920.25
919.30 932.25
922.00 941.71
958.75 928.28
942.37 962.00
973.03 963.71
984.63 938.39
965.89 946.51
976.52 960.30
973.65 954.99
954.68 693.48
958.86 0.00
983.66 0.00
970.82 0.00
533.44 0.00
958.26 220.84
952.98 0.00
951.69 700.80
987.77 962.11
958.49 917.48
976.11 872.23
976.49 463.69
971.72 0.00
965.19 0.00
991.29 0.00
950.05 0.00
964.17 18.44
972.15 422.17
967.52 96.85
954.66 672.20
947.26 965.31
345.56 942.54
0.00 958.11
152.94 565.68
598.06 159.86
0.00 610.04
0.00 0.00
0.00 0.00
0.00 0.00
33.56 0.00
0.00 0.41
0.00 458.64
0.00 823.40
834.38 0.00
181.29 843.83
718.60 185.39
939.29 700.40
954.14 930.39
978.62 941.54
984.99 931.25
550.92 959.28
904.96 941.42
920.71 929.80
252.80 931.21
530.99 935.73
0.00 950.52
0.00 942.16
0.00 943.11
0.00 943.46
0.00 943.62
0.00 947.90
483.21 956.81
0.00 947.95
0.00 744.50
0.00 335.50
0.00 857.24
828.33 538.51
962.08 32.58
991.44 624.94
953.50 943.64
964.34 857.76
934.32 844.79
964.31 324.25
955.29 962.56
187.61 932.15
0.00 944.15
0.00 958.82
506.74 940.50
523.76 940.47
0.00 925.10
0.00 924.10
0.00 935.71
0.00 922.32
0.39 775.50
498.02 267.00
946.79 857.90
950.09 50.73
948.25 158.50
956.29 878.64
967.00 154.00
974.70 921.05
946.50 947.59
958.02 950.00
936.11 931.70
941.55 945.72
963.68 935.00
957.00 936.59
972.19 935.97
941.59 936.09
518.60 933.97
0.00 937.06
0.00 933.06
407.88 948.13
312.55 926.35
0.00 939.20
0.00 959.00
0.00 548.50
0.00 0.00
51.41 0.00
0.00 0.00
258.25 0.00
946.67 196.83
973.50 634.78
923.03 929.54
941.11 922.55
954.15 653.97
964.44 0.00
943.34 0.00
956.00 752.35
964.46 943.82
979.29 924.00
926.85 944.50
981.32 949.12
950.05 947.00
941.16 954.60
963.18 931.72
924.48 933.17
969.58 930.40
965.24 937.00
931.44 945.32
938.00 937.03
952.26 932.50
946.25 935.26
966.50 935.81
944.32 935.10
966.68 863.75
948.55 166.50
342.01 873.48
0.00 523.41
0.00 0.00
0.00 591.64
256.75 742.50
0.00 318.50
0.00 918.06
0.00 720.14
0.00 9.00
4.41 930.39
0.00 936.38
0.00 942.00
0.00 941.14
0.00 923.11
0.36 950.58
725.48 941.42
471.79 945.63
953.17 946.55
930.14 946.73
953.50 942.24
859.45 920.43
0.00 932.57
257.02 931.12
0.00 943.68
0.00 940.07
0.00 930.00
0.00 935.00
0.43 930.23
0.00 681.63
0.00 0.00
929.83 0.00
962.54 459.79
944.56 939.59
949.50 936.32
832.63 751.54
0.00 0.00
0.00 0.00
25.50 0.00
943.04 29.00
65.93 741.78
595.30 0.00
947.59 629.12
951.81 914.43
955.30 924.30
983.50 925.24
937.22 932.72
944.90 939.29
918.25 940.34
934.40 958.48
959.25 945.59
948.23 947.42
963.02 911.47
951.42 955.97
943.12 949.09
967.00 254.92
930.37 923.26
946.50 950.15
940.38 941.57
946.26 946.02
937.77 549.39
932.61 0.00
953.48 0.00
949.89 0.00
923.73 0.00
941.46 3.82
943.56 0.00
917.63 0.00
938.05 669.13
927.68 318.82
911.20 930.13
945.01 939.49
135.60 0.00
0.00 0.00
572.52 0.00
939.60 559.81
973.99 902.86
927.54 844.79
931.92 215.47
944.24 920.50
947.66 600.20
938.23 33.00
937.27 467.18
970.50 925.48
954.95 862.10
957.17 585.14
980.17 559.77
969.94 940.77
956.72 931.04
957.14 958.29
942.33 925.82
932.67 951.89
966.50 957.63
928.92 946.01
629.29 933.25
16.79 931.56
0.00 935.00
0.00 943.10
455.36 953.95
926.54 937.51
941.67 931.60
926.89 937.56
939.67 898.90
953.09 953.56
925.00 884.61
941.61 485.87
937.31 32.50
957.50 568.00
954.00 945.12
949.23 663.50
964.09 83.36
36.51 781.63
775.17 862.81
975.33 33.00
959.68 321.50
372.08 932.11
228.84 827.94
271.90 233.01
0.00 923.46
0.00 956.12
0.00 929.65
16.46 939.48
0.00 940.00
0.00 930.73
0.00 945.22
517.23 925.67
573.06 655.54
457.63 412.10
0.00 735.78
0.00 33.00
0.00 366.55
0.00 928.26
0.47 885.83
668.25 900.58
361.32 355.50
0.00 833.11
581.54 935.36
944.69 947.62
543.54 931.77
0.00 936.12
257.66 941.16
0.00 938.08
0.00 949.27
0.00 976.20
0.00 946.44
3.95 943.18
0.00 925.59
0.00 909.12
0.00 834.00
0.00 269.55
257.67 914.99
473.15 951.54
0.00 932.58
354.77 477.99
959.95 33.00
981.95 624.77
935.77 493.82
909.00 568.50
770.90 688.31
0.00 533.61
676.69 621.03
929.44 32.50
956.98 431.44
955.15 687.50
937.55 348.65
932.70 940.72
925.17 909.90
924.53 927.85
952.68 931.48
953.52 948.51
934.01 938.77
965.00 955.00
971.36 956.22
964.00 945.19
958.12 923.54
976.31 957.70
971.50 947.27
518.11 949.77
0.00 937.29
492.84 953.00
938.00 927.62
935.12 947.97
934.00 890.08
948.01 0.00
967.74 417.41
942.00 936.81
937.13 947.10
945.90 927.13
942.01 944.58
970.81 947.52
955.14 948.01
980.00 933.00
938.37 959.60
917.44 954.00
936.75 936.51
952.44 924.04
953.00 0.00
945.00 0.00
961.09 0.00
942.71 0.00
940.12 0.00
943.92 63.21
974.51 182.38
956.50 0.00
928.81 0.00
973.13 0.00
967.66 450.96
937.22 926.21
949.87 941.00
932.57 932.12
958.03 931.08
976.18 945.65
958.83 789.91
953.00 0.00
971.50 0.00
927.51 721.21
958.45 151.27
958.00 941.35
946.48 927.26
939.74 40.48
959.50 0.00
948.79 0.00
945.80 0.00
966.46 557.47
946.75 946.41
946.10 928.49
936.88 910.99
937.49 943.21
961.60 955.90
961.23 951.76
970.73 923.04
944.63 926.67
941.89 932.92
944.04 926.30
934.78 947.40
932.34 946.32
936.72 942.04
930.61 666.46
949.10 0.00
962.62 446.87
946.25 924.38
606.12 931.47
0.00 937.03
0.00 869.68
0.00 0.00
0.00 0.00
0.49 0.00
0.00 0.00
0.00 0.00
0.00 0.00
128.95 0.00
388.33 58.57
0.00 144.40
0.00 0.00
0.00 0.00
557.54 0.00
970.43 648.17
935.56 928.88
949.60 918.97
929.44 939.18
947.43 947.40
946.53 922.66
923.75 933.39
938.02 941.10
962.47 944.11
923.92 941.74
563.32 959.69
0.00 958.98
342.27 951.00
666.84 926.20
0.00 943.62
0.00 944.60
0.00 952.03
796.34 936.00
0.00 950.54
0.00 925.15
0.00 941.51
0.00 943.28
3.88 925.08
0.00 940.50
0.00 927.29
344.65 202.36
169.26 324.04
0.00 193.19
0.00 0.00
0.00 0.00
0.00 0.00
481.75 0.00
943.38 464.73
628.78 921.62
341.86 954.58
159.74 922.02
0.00 942.76
0.00 667.94
0.00 0.00
0.00 0.00
16.40 0.00
0.00 0.00
344.31 0.00
962.47 0.00
972.61 431.59
938.50 932.80
968.07 951.42
951.50 967.62
968.37 949.35
951.73 932.07
952.34 945.00
948.50 945.58
941.73 941.61
967.57 932.00
953.01 937.22
943.65 342.42
938.79 278.33
977.61 552.80
946.88 0.00
927.88 0.00
940.63 0.00
945.28 0.00
941.55 0.39
970.00 0.00
958.86 399.97
972.84 374.99
942.92 0.00
938.79 0.00
958.29 0.00
952.66 0.00
971.88 0.00
952.94 0.00
946.99 0.00
951.15 235.05
944.75 0.00
948.97 0.00
944.50 0.00
944.74 0.00
956.70 109.77
940.59 909.06
968.28 915.95
957.50 143.00
938.39 0.00
960.09 817.23
776.25 207.35
945.50 254.26
948.87 926.55
942.33 934.11
923.65 937.66
951.09 917.83
503.36 931.84
0.00 955.44
0.00 936.80
0.00 916.90
0.00 955.18
254.17 918.96
236.37 949.33
0.00 928.01
0.00 936.00
786.20 942.67
933.42 933.40
358.51 936.04
0.00 931.44
487.93 919.14
0.00 490.12
0.00 559.50
0.00 187.00
0.00 32.00
26.45 580.70
0.00 395.08
0.00 946.03
32.52 942.52
738.73 920.57
944.42 940.73
422.95 927.27
969.79 929.64
953.06 950.58
952.17 927.49
961.27 938.49
985.29 930.72
952.01 933.83
937.17 930.68
965.61 953.09
928.17 948.50
964.31 928.19
944.92 962.25
951.54 942.10
959.66 913.96
970.57 939.09
959.27 946.83
960.73 940.50
953.65 935.35
945.56 927.66
944.72 952.00
965.67 948.26
947.00 66.01
958.63 0.00
926.60 862.84
967.50 930.81
957.00 291.43
922.22 142.26
952.03 115.60
106.98 0.00
0.00 0.00
642.08 0.00
946.23 617.70
929.11 940.68
937.56 926.82
947.05 943.96
931.55 962.41
962.70 928.47
940.26 922.39
927.85 924.16
956.64 930.55
947.10 948.34
960.43 935.32
946.99 918.57
956.21 945.29
980.02 914.00
933.71 935.22
957.01 952.68
939.17 926.30
483.50 935.63
0.00 928.68
0.00 926.69
0.00 935.46
0.00 933.44
313.73 933.50
935.82 953.78
55.58 939.30
25.51 796.82
943.55 23.00
921.37 935.86
947.31 927.36
953.71 890.06
941.92 916.82
947.26 928.84
924.36 938.83
947.84 946.26
931.06 955.92
961.70 920.79
955.06 966.73
950.02 935.66
928.14 941.61
951.60 917.06
955.50 445.54
977.88 53.03
945.43 928.81
945.73 48.35
942.03 201.02
975.11 0.00
778.21 0.00
0.00 0.00
0.00 0.00
0.00 56.36
3.88 0.00
0.00 0.00
741.15 0.00
0.00 0.00
0.00 0.38
0.00 0.00
0.00 0.00
28.45 0.00
235.77 0.00
956.94 169.29
865.38 855.38
0.00 0.00
747.39 0.00
0.00 777.76
0.00 0.00
0.00 0.00
0.00 0.00
23.44 0.00
140.71 0.00
57.35 166.76
0.00 606.98
0.00 0.00
642.25 0.00
954.67 532.20
950.59 927.41
921.30 946.84
921.88 916.49
931.84 921.12
976.44 951.15
969.84 941.73
945.45 935.95
932.52 947.62
986.53 950.52
940.03 931.00
945.18 933.75
948.99 958.85
951.95 929.34
964.64 947.04
571.59 939.54
0.00 921.20
63.46 943.58
137.32 947.44
0.00 918.97
0.00 894.68
0.00 0.00
0.00 0.00
60.44 0.00
0.00 0.00
0.00 0.00
518.02 0.00
0.00 729.51
360.54 297.41
967.18 307.31
942.02 701.62
935.17 0.00
947.64 0.00
939.15 0.00
551.78 222.43
0.00 0.00
0.00 0.00
0.00 0.00
0.00 0.00
0.00 66.72
0.00 0.00
0.00 0.00
216.35 0.00
945.66 226.18
126.67 548.60
180.99 0.00
949.24 900.26
962.10 942.95
931.98 930.13
954.76 932.65
614.16 932.71
0.00 931.47
0.00 953.00
0.00 938.09
0.00 955.37
101.54 926.48
937.23 941.64
941.52 932.42
885.97 934.38
0.00 952.50
0.00 926.52
0.00 939.15
0.00 947.00
0.54 920.21
0.00 938.33
289.44 946.50
490.87 962.09
0.00 945.83
0.00 924.11
0.00 944.59
0.00 939.15
3.95 938.95
0.00 922.99
0.00 948.50
38.00 950.67
969.25 933.76
980.46 938.37
956.99 919.86
936.50 952.70
481.32 940.98
0.00 959.73
0.00 969.36
0.00 951.81
0.00 943.96
298.22 955.54
958.57 497.30
25.35 0.00
0.00 0.00
0.00 0.00
476.13 0.00
927.96 434.34
946.84 957.52
953.22 970.73
950.85 939.01
958.41 934.34
975.05 915.94
981.50 232.89
954.81 0.00
982.50 0.00
940.69 0.00
966.90 231.32
959.50 0.00
944.88 0.00
942.23 0.00
970.58 127.47
951.61 927.85
962.60 927.09
952.04 934.87
978.50 219.59
953.20 0.00
967.07 0.00
930.70 0.00
981.00 0.34
836.26 0.00
581.96 770.20
900.08 614.78
925.05 951.28
955.13 928.01
943.54 934.39
960.00 929.26
935.14 927.74
938.01 938.24
944.14 921.06
936.26 922.30
932.45 935.60
968.42 937.12
946.52 958.75
738.38 937.12
0.00 957.99
0.00 943.07
0.00 943.17
858.17 923.63
936.27 943.50
827.55 923.13
197.86 946.67
0.00 941.00
0.00 937.85
0.00 932.49
3.85 945.50
0.00 648.25
263.35 0.00
0.00 720.37
624.87 306.03
945.67 593.91
914.72 938.07
623.72 922.24
0.00 609.19
623.53 0.00
945.28 613.07
957.89 175.41
941.06 0.00
968.03 0.00
943.64 0.00
937.59 693.19
948.10 857.62
947.50 0.00
954.03 0.00
952.74 0.00
974.00 0.00
980.28 0.00
951.22 456.05
950.04 0.00
954.73 0.00
202.56 0.00
0.00 0.00
310.80 57.39
939.13 298.57
965.09 933.17
947.25 946.83
451.66 645.62
0.00 0.00
0.00 0.00
0.00 0.00
0.48 0.00
341.63 0.46
434.38 285.06
0.00 485.06
0.00 0.00
0.00 0.00
287.49 0.00
965.74 310.41
952.88 913.89
902.34 898.93
283.81 918.04
234.18 898.12
0.00 684.62
116.95 0.00
947.31 166.43
964.11 918.90
906.93 930.40
938.42 952.65
944.36 917.80
968.95 927.26
963.27 946.02
919.13 943.04
927.26 944.74
121.56 951.80
0.00 942.54
0.00 941.07
0.00 937.12
0.00 955.13
36.39 931.18
0.00 958.50
949.34 867.69
937.18 918.00
624.18 923.70
0.00 731.02
0.00 0.00
0.00 0.00
0.00 0.00
581.57 0.00
944.23 517.83
938.04 937.50
947.29 936.55
939.92 926.50
919.07 946.75
945.13 947.27
956.70 923.42
929.28 935.83
967.16 938.25
965.41 938.04
543.45 936.22
0.00 940.30
514.67 938.21
0.00 934.50
0.00 956.39
0.00 946.39
0.00 946.50
124.82 938.01
906.78 950.23
933.86 937.84
971.82 862.80
406.40 200.00
0.00 864.18
0.00 46.00
0.00 158.50
0.46 915.40
360.44 942.01
416.21 831.36
0.00 235.04
0.00 941.37
0.00 927.27
0.00 937.00
0.36 930.91
0.00 937.44
0.00 937.08
0.00 931.00
769.19 930.37
961.80 939.87
931.56 931.55
959.08 941.04
968.10 921.74
802.68 932.95
0.00 921.20
645.08 423.69
955.34 611.21
899.81 412.81
942.32 472.40
939.55 868.60
951.73 862.59
955.70 152.21
973.50 941.52
949.93 920.09
932.50 922.84
921.57 919.09
942.13 931.03
966.33 923.60
972.84 943.54
960.00 656.33
962.33 0.00
957.70 0.00
956.70 0.00
945.52 0.00
950.28 0.40
948.50 0.00
968.53 0.00
941.18 0.00
949.20 0.00
968.14 0.00
942.79 495.35
956.20 0.00
971.71 0.00
933.31 0.00
934.50 0.00
935.53 19.35
948.45 186.19
931.64 899.94
964.27 918.53
936.13 932.83
953.67 908.52
964.30 0.00
943.50 0.00
916.96 0.00
942.53 91.41
928.12 932.71
936.51 521.66
956.60 480.51
922.07 263.00
946.12 32.50
938.63 790.98
942.04 279.50
954.31 763.67
956.62 933.59
953.55 925.30
962.19 938.48
967.00 949.69
270.85 554.91
0.00 0.00
0.00 0.00
0.00 780.44
3.87 939.02
0.00 952.14
0.00 941.13
0.00 938.52
0.00 942.21
0.45 953.04
194.68 935.26
593.16 252.97
0.00 583.59
170.45 0.00
955.87 121.83
969.13 953.95
945.45 945.43
948.71 935.06
950.17 922.66
942.26 949.76
953.10 936.77
970.02 933.94
940.01 930.79
952.50 608.24
949.55 564.32
950.19 484.46
953.88 0.00
446.57 0.00
925.50 151.87
958.49 934.89
971.99 940.12
339.25 947.98
0.00 941.86
0.00 455.17
0.00 0.00
0.00 0.00
0.42 0.00
0.00 4.01
770.65 0.00
0.00 937.09
0.00 89.93
0.00 0.00
0.00 0.00
0.49 0.00
0.00 0.00
75.50 0.00
953.64 67.53
963.84 928.26
958.57 946.30
965.81 935.63
972.59 925.93
967.21 944.87
950.53 924.05
962.99 947.56
959.50 928.00
946.15 951.11
956.14 937.00
958.00 963.18
947.93 941.17
959.64 950.00
939.50 935.84
945.48 955.00
960.00 931.74
954.15 950.64
981.32 944.00
945.10 689.29
951.68 0.00
939.94 0.00
947.64 281.72
913.53 924.77
949.02 926.48
946.65 935.06
273.55 938.56
830.51 934.11
954.51 946.00
944.04 951.03
934.36 932.18
935.51 943.05
943.50 935.70
930.23 951.10
948.80 945.78
742.30 936.28
50.90 933.83
0.00 933.64
0.00 930.85
0.00 929.09
3.86 941.61
0.00 961.27
0.00 928.33
769.71 938.50
82.55 938.12
936.73 939.17
954.31 952.00
88.99 935.04
0.00 928.31
0.00 938.65
0.00 947.00
232.49 929.50
541.80 931.45
0.00 944.24
0.00 948.82
0.00 935.08
0.00 940.45
0.40 941.00
0.00 933.00
487.99 932.74
946.33 933.71
952.77 925.17
911.87 936.66
951.27 951.65
142.01 936.24
0.00 936.38
353.34 693.92
891.81 0.00
938.59 455.04
950.83 932.17
953.09 929.61
939.46 956.28
922.96 933.61
957.70 926.56
922.65 914.90
950.08 924.39
965.97 966.36
948.09 930.99
949.09 945.60
959.07 480.56
929.61 471.16
936.87 59.50
956.21 499.39
927.70 0.00
954.90 0.00
971.86 0.00
950.94 0.00
951.28 0.00
955.22 0.00
693.35 0.00
0.00 0.00
0.00 0.00
735.48 0.00
21.39 717.87
603.28 56.40
956.30 0.00
963.47 0.00
569.14 0.00
777.90 0.41
252.97 523.10
0.00 0.00
0.00 0.00
904.42 24.50
914.71 916.63
937.29 920.82
960.85 955.33
919.52 942.53
946.88 947.62
978.25 938.72
918.53 974.47
946.33 925.74
953.81 945.77
932.00 964.24
501.09 935.50
0.00 944.80
534.96 933.20
944.94 959.41
568.50 946.57
347.85 925.50
425.39 879.19
0.00 165.00
0.00 940.17
0.00 913.55
0.00 337.90
4.06 33.04
0.00 783.50
0.00 935.69
258.30 544.13
459.39 508.00
0.00 917.65
0.00 955.28
0.00 918.80
395.65 430.62
937.77 334.58
945.41 941.51
966.21 716.05
953.49 306.51
920.49 936.12
951.18 836.50
948.34 239.50
930.16 60.35
963.54 934.84
958.01 955.83
951.03 871.06
807.54 468.48
946.12 208.00
940.46 831.50
153.01 941.25
110.42 943.66
402.79 934.81
0.00 954.05
0.00 935.69
0.00 932.00
0.00 941.54
3.95 950.22
0.00 927.00
0.00 952.86
0.00 933.44
310.91 942.05
733.38 948.50
0.00 937.54
0.00 955.46
714.69 926.20
917.19 922.36
921.62 944.08
952.71 855.40
949.74 0.00
685.39 0.00
0.00 0.00
586.24 0.00
931.04 540.99
922.04 946.02
961.83 922.86
948.06 915.71
967.12 935.03
932.29 954.30
940.16 948.94
913.68 942.58
955.19 915.91
946.10 927.97
963.75 545.94
984.35 396.76
954.69 116.34
944.00 0.00
512.05 0.00
0.00 0.00
0.00 0.00
0.00 0.00
0.45 0.00
205.12 0.00
0.00 274.76
0.00 752.24
596.58 0.00
924.75 547.63
962.70 931.63
651.67 567.95
204.22 0.00
284.25 208.90
0.00 578.84
0.00 0.00
0.00 0.00
0.00 0.00
30.41 0.00
513.93 0.37
0.00 195.08
0.00 0.00
0.00 0.00
925.69 47.52
922.44 940.52
952.71 925.78
933.37 937.63
946.90 927.45
938.54 962.28
943.00 940.81
958.54 928.89
961.52 899.29
986.00 0.00
977.47 0.00
938.16 210.27
951.00 917.26
950.10 932.01
953.01 949.57
409.07 931.08
0.00 924.00
0.00 942.73
37.02 343.12
737.08 11.04
0.00 767.29
0.00 0.00
0.00 0.00
0.00 0.00
0.42 0.00
0.00 0.00
307.05 0.00
929.40 364.94
837.34 917.57
0.00 930.02
0.00 621.52
0.00 0.00
0.00 0.00
55.02 0.00
922.11 23.61
53.90 452.40
0.00 0.00
0.00 0.00
0.00 0.00
0.43 0.00
549.12 46.46
944.54 550.21
941.48 942.60
961.32 948.63
955.20 940.54
930.88 932.54
942.71 918.71
941.42 963.37
931.64 944.01
945.50 926.18
946.63 952.83
946.76 917.58
967.94 384.90
945.60 681.37
957.50 905.01
966.06 150.00
963.02 42.00
951.00 932.35
944.19 730.00
949.19 321.00
958.57 935.46
226.07 936.50
0.00 934.48
618.67 930.59
150.95 953.50
0.00 955.46
0.00 935.17
0.00 939.58
0.47 941.66
0.00 941.63
367.83 942.64
943.17 929.16
954.64 961.34
957.22 953.98
379.15 934.09
0.00 941.21
0.00 945.00
0.00 936.18
0.00 955.58
721.68 942.07
927.38 924.14
914.05 935.46
950.07 938.30
956.95 900.13
938.48 940.34
952.53 953.55
923.79 931.44
955.19 925.11
933.56 940.20
969.60 915.24
951.93 931.23
938.14 911.69
953.24 934.84
947.50 949.10
935.83 934.21
935.45 927.49
969.64 935.10
451.64 948.24
0.00 940.45
0.00 943.74
400.76 935.85
880.75 933.00
0.00 939.73
0.00 932.47
0.00 921.06
0.00 959.67
189.07 243.26
926.15 0.00
953.50 0.00
951.49 0.00
954.11 921.31
927.42 925.83
939.74 951.44
938.03 946.52
939.00 621.10
950.36 0.00
954.53 377.81
963.46 939.17
958.42 906.60
940.59 622.20
965.08 0.00
948.63 0.00
969.53 0.00
896.04 0.00
951.07 0.42
932.04 552.78
962.07 216.43
958.55 0.00
180.22 0.00
0.00 0.00
0.00 0.40
0.00 0.00
616.06 0.00
955.48 600.16
939.96 922.67
939.58 942.22
957.09 928.01
936.46 944.46
944.55 963.04
949.01 929.41
958.00 949.00
947.67 953.28
968.02 938.66
948.04 945.39
940.55 952.20
930.16 947.50
954.17 929.25
916.48 937.06
963.50 921.97
951.11 945.57
207.30 940.82
0.00 928.65
0.00 939.99
0.00 926.35
209.03 926.47
549.65 934.50
0.00 929.07
0.00 938.23
430.34 729.94
965.24 368.81
940.94 629.39
518.18 308.73
0.00 193.51
0.00 0.00
0.00 0.00
503.04 0.00
918.56 566.45
941.51 914.97
908.25 938.79
942.92 946.68
941.38 939.04
941.15 942.71
939.16 951.26
935.66 925.14
948.75 943.16
964.50 927.19
948.77 949.92
976.57 923.35
956.59 949.00
966.05 937.81
960.52 921.81
948.25 932.50
924.48 901.62
102.10 924.50
90.70 936.04
973.62 916.49
940.53 954.12
914.93 925.18
668.17 941.37
0.00 932.30
0.00 932.07
0.00 955.79
0.00 927.29
779.29 927.67
936.62 931.05
951.81 926.34
935.62 668.39
954.51 333.01
939.19 922.65
921.01 478.50
951.00 547.15
940.74 972.12
912.06 900.75
949.62 927.16
952.50 936.20
943.97 941.54
961.65 952.00
962.58 928.06
952.52 948.03
958.63 918.87
962.00 921.50
939.95 931.30
940.18 564.20
536.91 482.90
0.00 941.87
0.00 10.87
517.26 0.00
940.22 201.87
959.08 953.52
916.00 950.99
919.80 928.53
911.00 928.31
930.72 943.19
938.17 925.93
951.81 932.72
950.44 925.93
950.37 932.04
940.56 929.04
960.00 943.65
973.66 934.93
971.01 948.20
943.81 958.00
975.82 934.25
968.60 930.97
155.59 925.50
0.00 937.36
0.00 934.10
0.00 733.35
0.44 0.00
0.00 0.00
198.02 0.00
0.00 628.05
182.63 657.95
953.40 133.82
936.67 960.60
952.50 927.24
123.51 841.02
685.72 217.56
863.88 673.23
84.90 63.92
936.89 123.00
927.27 932.79
937.48 769.98
953.12 915.65
921.64 918.92
934.10 928.82
941.35 917.28
947.05 940.97
959.78 948.43
945.00 922.13
973.00 951.00
954.67 941.29
945.00 957.49
507.18 938.40
0.00 935.91
0.00 937.09
4.03 948.23
291.32 945.39
738.38 926.90
0.00 922.79
0.00 935.58
0.00 927.63
0.00 938.71
4.00 949.05
0.00 926.94
72.90 962.28
946.10 519.99
11.91 0.00
0.00 0.00
468.14 0.00
937.59 473.48
935.80 941.85
955.03 923.73
946.23 944.22
942.46 911.44
975.32 914.56
917.84 925.95
971.58 916.01
952.07 951.96
958.91 924.00
953.91 926.89
931.23 934.02
954.89 870.79
950.03 827.46
948.44 925.88
796.78 934.99
441.02 961.23
0.00 954.96
0.00 266.79
0.00 0.00
0.00 0.00
0.42 0.00
0.00 0.42
746.52 0.00
487.95 842.82
938.55 941.79
942.96 798.85
964.50 74.01
968.83 928.62
940.58 929.63
951.46 926.28
956.50 950.30
951.45 930.98
935.99 951.54
943.95 924.50
809.45 939.19
0.00 922.95
0.00 504.05
202.39 0.00
0.00 802.83
0.00 201.86
0.00 0.00
0.00 0.00
60.42 0.00
0.00 29.51
773.09 0.00
0.00 886.27
0.00 400.42
0.00 580.86
0.00 933.37
0.41 925.46
0.00 638.01
771.04 0.00
0.00 478.94
0.00 0.00
0.00 0.00
525.57 0.00
951.30 553.56
960.55 915.44
944.81 948.11
928.54 893.81
937.41 220.96
927.80 881.94
949.46 930.02
957.14 481.00
942.90 624.62
968.22 938.00
953.77 923.18
963.50 936.21
958.48 969.50
961.00 926.52
315.67 938.58
0.00 936.46
855.85 919.29
950.94 938.15
957.98 924.35
979.64 924.14
953.04 938.28
963.00 945.38
955.14 956.17
828.32 949.00
0.00 939.16
0.00 937.31
0.00 230.93
0.44 0.00
0.00 0.00
0.00 0.00
0.00 0.38
0.00 0.00
0.00 0.00
531.54 0.00
943.79 14.05
929.17 927.53
945.16 924.95
954.78 945.97
939.93 942.75
950.87 931.02
971.00 924.50
943.25 936.15
954.61 959.24
947.92 940.43
951.12 937.89
943.00 942.76
943.61 925.05
971.17 953.03
942.54 932.38
949.75 935.03
938.54 937.00
958.23 908.49
592.97 483.46
0.00 0.00
7.00 0.00
766.88 0.00
0.00 204.94
0.00 0.00
0.00 0.00
393.63 0.00
973.90 459.52
700.05 931.30
614.65 925.28
160.31 936.51
0.00 940.50
0.00 758.78
0.00 0.00
0.00 0.00
0.40 0.00
405.13 0.00
328.34 395.87
0.00 78.85
865.76 0.00
982.96 0.00
953.62 0.00
955.53 472.05
970.54 940.05
946.89 931.87
963.84 938.48
960.55 916.55
955.26 955.75
925.00 942.07
942.74 942.59
969.50 951.50
945.57 940.10
937.85 939.34
953.06 941.42
954.09 950.50
940.33 946.94
934.11 956.14
949.21 930.26
970.95 920.00
942.61 941.64
954.02 927.72
955.72 940.42
951.05 673.68
942.56 928.96
958.12 100.42
932.64 513.64
940.78 0.00
931.25 0.00
961.62 0.00
951.40 0.00
943.05 3.86
950.75 0.00
935.43 0.00
957.78 464.71
962.59 24.32
928.70 0.00
956.84 754.03
951.06 949.54
486.74 384.86
339.13 0.00
962.79 321.41
946.72 941.06
939.64 948.44
936.71 911.40
939.12 951.19
929.72 932.21
945.15 925.10
947.75 950.16
946.36 939.09
934.70 924.65
954.04 954.53
961.52 937.00
626.02 942.50
0.00 488.98
0.00 0.00
852.86 0.00
934.37 616.92
934.37 931.64
961.58 949.54
176.58 71.46
0.00 0.00
0.00 0.00
257.18 0.00
0.00 466.99
0.00 817.90
0.00 0.00
0.00 0.00
60.39 0.00
943.62 3.89
936.51 0.00
718.37 0.00
957.82 805.07
943.72 925.23
950.30 946.01
937.35 948.12
963.95 915.65
945.66 930.33
957.06 955.50
967.62 921.61
918.00 959.15
946.67 944.50
959.68 936.79
959.12 953.06
944.40 940.12
941.00 814.97
969.16 240.03
951.33 950.73
944.50 546.70
950.05 33.00
529.33 549.51
0.00 891.07
0.00 261.50
0.00 845.54
0.00 961.07
0.00 929.66
497.12 382.16
510.56 475.07
929.33 519.38
946.60 929.78
957.03 916.20
21.56 0.00
0.00 0.00
780.55 0.00
946.99 859.33
929.90 936.95
948.85 936.77
957.71 937.00
961.98 913.30
957.99 931.77
952.01 923.81
916.15 931.11
939.92 948.84
950.07 925.08
953.08 938.33
942.10 945.83
956.51 908.57
922.65 948.15
928.72 950.58
979.10 932.72
938.24 960.09
978.00 921.43
970.23 931.24
943.24 950.87
955.25 929.95
411.52 936.93
0.00 277.66
591.61 0.00
943.23 244.81
953.45 937.22
970.54 963.19
949.81 928.37
953.00 930.30
956.59 883.73
971.55 0.00
929.50 0.00
949.04 0.00
933.02 0.00
949.12 563.28
945.45 715.61
957.50 937.34
948.64 955.44
174.45 684.65
0.00 0.00
751.29 0.00
45.36 497.38
0.00 0.00
0.00 0.00
0.00 0.00
0.38 0.00
0.00 17.44
208.65 0.00
937.40 211.66
956.59 935.06
707.07 955.32
0.00 940.60
0.00 925.07
0.00 648.63
354.82 0.00
953.83 373.62
933.67 937.44
939.08 931.54
923.22 933.62
928.42 928.83
958.09 924.22
955.87 914.66
960.12 937.65
641.84 939.20
0.00 934.43
474.82 958.87
0.00 936.67
0.00 928.24
0.00 934.30
0.00 946.22
91.47 941.98
922.40 933.34
934.81 957.35
949.70 912.31
949.12 935.10
21.28 943.22
0.00 152.82
0.00 0.00
0.00 0.00
34.47 0.00
0.00 0.37
0.00 0.00
191.73 0.00
32.95 217.66
0.00 808.08
605.37 0.00
933.00 561.18
923.56 932.40
398.23 549.26
674.99 0.00
475.56 0.00
39.06 0.00
624.56 0.00
487.04 302.23
618.31 926.66
946.47 937.20
940.50 959.85
965.06 952.07
935.28 940.06
941.97 949.71
950.13 941.52
944.63 939.52
948.00 950.15
949.86 939.34
965.83 929.71
962.53 883.52
930.90 223.66
948.50 33.34
962.71 0.00
936.31 0.00
936.50 0.00
943.57 0.36
956.61 0.00
957.06 932.57
936.27 927.98
940.88 954.23
944.18 935.99
941.50 100.99
409.22 0.00
518.06 0.00
0.00 577.28
0.00 399.53
0.00 0.00
66.08 0.00
965.08 114.48
962.77 939.77
929.16 935.02
926.71 936.54
941.46 903.61
950.10 903.48
936.14 943.46
932.87 943.49
930.54 924.61
943.72 926.50
937.51 938.07
934.77 926.58
918.97 749.99
957.94 250.62
930.27 944.23
942.45 953.54
927.78 934.64
943.50 779.21
952.87 0.00
956.68 0.00
950.24 0.00
943.45 0.00
925.85 770.43
951.50 0.00
179.80 0.00
0.00 0.00
0.00 0.00
0.00 0.41
205.28 0.00
833.89 225.35
0.00 923.41
470.46 927.39
0.00 929.52
0.00 847.21
243.12 0.00
958.02 205.94
931.46 944.43
936.73 945.53
973.31 931.00
939.30 917.77
956.62 940.63
931.85 943.27
938.25 928.91
944.77 929.15
946.05 935.14
944.67 944.31
948.16 922.41
977.63 947.18
969.10 887.26
932.18 0.00
935.21 213.40
931.90 268.72
936.56 0.00
964.21 0.00
954.64 746.23
957.05 918.60
950.74 934.48
961.57 965.20
120.59 955.71
929.07 975.19
525.35 940.77
926.44 944.62
932.54 929.27
938.17 925.36
959.42 617.00
925.72 444.30
942.80 920.34
950.15 378.50
947.77 33.00
950.12 725.62
945.54 886.62
904.23 156.74
958.07 953.03
950.00 967.28
932.47 938.86
950.52 911.94
964.62 933.88
959.47 955.03
952.19 957.52
949.75 954.04
953.33 947.25
936.78 936.65
942.36 941.69
952.07 917.31
939.82 923.52
953.19 948.79
289.48 927.39
359.89 929.62
164.33 951.13
60.43 930.00
929.13 921.60
928.37 924.65
895.79 920.05
923.61 938.07
957.44 944.08
921.79 931.78
943.76 941.57
963.54 925.62
703.08 936.57
0.00 924.11
0.00 922.40
0.00 935.53
0.00 930.01
3.96 930.62
151.93 923.58
961.29 935.54
944.54 923.11
725.99 915.46
0.00 944.14
0.00 914.50
0.00 941.65
39.55 927.37
0.00 292.50
0.00 0.00
0.00 0.00
513.21 0.00
264.78 478.48
450.45 0.00
933.74 483.82
917.34 894.02
942.99 909.75
955.62 923.85
952.62 917.57
962.24 942.49
943.30 927.65
940.80 948.31
921.91 942.87
940.91 932.98
936.99 891.13
944.39 467.01
357.31 577.23
596.53 897.83
436.27 746.57
0.00 528.39
0.00 492.50
0.00 265.46
0.00 895.41
0.36 213.02
0.00 888.50
0.00 927.24
520.37 953.21
0.00 958.22
0.00 933.13
872.33 603.44
954.91 903.39
974.03 922.89
913.07 939.86
930.58 912.41
953.65 967.92
933.05 928.64
948.80 926.92
915.98 942.14
933.61 879.03
943.03 927.07
956.12 928.47
959.94 924.45
942.15 929.95
955.00 928.01
933.76 935.54
132.58 948.86
469.73 948.31
299.93 929.18
0.00 954.51
0.00 930.61
0.00 935.33
0.00 937.08
0.00 931.40
0.00 940.12
0.00 955.50
0.00 945.12
447.08 949.99
446.07 918.43
647.58 943.16
0.00 943.53
0.00 914.29
0.00 934.52
0.00 928.15
329.99 502.50
932.67 329.22
924.73 901.61
915.32 942.74
931.26 910.87
952.64 922.01
931.72 932.96
940.11 907.02
939.40 931.28
954.34 929.90
937.01 912.61
940.09 627.97
942.03 254.37
947.06 263.36
933.38 936.24
957.52 949.69
951.52 925.37
937.35 12.90
970.52 0.00
944.31 0.00
262.04 0.00
884.48 0.37
661.46 461.30
0.00 0.00
0.00 0.00
0.00 0.00
0.00 0.00
0.38 52.45
817.18 0.00
965.63 763.16
935.00 940.79
644.81 922.75
0.00 953.63
0.00 17.67
0.00 0.00
493.48 0.00
920.43 507.39
938.28 911.15
931.01 932.41
939.10 937.45
932.86 952.39
942.74 936.86
923.75 919.23
932.56 950.10
952.47 933.53
944.58 936.56
950.15 946.62
949.65 923.11
948.48 935.19
950.91 927.09
981.00 953.45
281.56 26.10
72.47 75.36
954.77 512.32
939.64 921.06
945.49 915.36
167.06 147.06
0.00 0.00
0.00 0.00
209.11 0.00
73.36 256.79
907.25 960.97
927.69 931.95
930.00 933.03
943.01 938.60
917.61 927.66
927.70 920.20
930.01 926.26
930.68 921.36
276.97 933.58
0.00 936.40
0.00 928.51
0.00 942.00
0.39 933.90
0.00 932.67
0.00 935.72
446.00 938.61
943.10 927.29
920.44 940.88
926.04 939.15
616.16 900.72
0.00 918.00
0.00 917.61
0.00 946.32
0.00 931.63
480.13 947.24
0.00 937.24
0.00 947.29
0.00 928.31
0.00 928.45
40.60 928.61
0.00 913.24
592.70 916.64
888.10 924.26
603.10 926.97
0.00 929.49
0.00 941.38
106.05 924.04
942.54 932.70
947.20 929.85
932.46 926.23
917.60 930.68
950.52 928.79
932.64 413.27
962.98 585.55
961.70 891.47
931.99 601.12
949.81 0.00
953.24 0.00
945.10 0.00
972.50 0.00
946.24 0.00
944.72 0.00
946.21 0.00
940.58 0.00
918.73 466.24
951.71 0.00
937.69 0.00
963.23 108.43
956.17 936.17
938.74 915.43
950.80 931.89
940.89 243.33
653.51 0.00
295.06 0.00
476.46 292.75
0.00 222.30
172.78 0.00
945.89 139.49
931.72 918.39
939.66 942.22
920.33 935.41
918.19 939.61
978.24 936.11
944.48 947.87
950.48 922.98
950.59 932.98
934.61 934.99
940.18 908.62
935.44 937.05
945.31 935.62
939.99 217.20
0.00 0.00
0.00 0.00
416.12 0.00
357.82 206.13
421.44 0.00
938.56 475.95
702.99 925.48
0.00 708.91
0.00 0.00
0.00 0.00
599.08 0.00
933.43 907.08
921.15 921.46
944.20 938.90
933.95 923.03
918.25 945.16
947.12 919.29
966.83 933.55
951.95 949.11
930.04 924.64
946.12 942.45
902.59 930.22
931.71 939.08
937.12 931.30
958.33 945.04
340.91 934.03
328.42 780.23
0.00 619.86
0.00 0.00
0.00 0.00
0.00 0.00
135.69 0.00
974.59 179.45
923.33 931.35
920.92 934.33
909.09 936.48
0.00 617.72
0.00 0.00
0.00 0.00
338.05 0.00
959.32 324.07
926.10 924.30
910.56 920.21
929.33 945.33
933.58 918.66
953.41 923.81
913.15 926.06
915.80 932.89
920.56 936.90
934.21 923.15
945.13 933.79
955.12 417.61
922.56 314.42
960.58 920.40
949.69 940.98
932.22 134.85
919.62 0.00
958.20 0.00
959.53 0.00
950.16 0.00
917.39 3.98
951.23 0.00
938.09 672.65
158.55 613.93
0.00 0.00
0.00 0.00
140.06 0.00
893.65 165.94
0.00 946.47
0.00 933.90
469.43 949.23
933.41 931.01
932.96 918.58
951.91 927.41
950.93 958.86
928.50 924.93
948.97 939.87
946.61 945.39
941.39 941.78
725.93 940.06
0.00 930.14
0.00 937.08
481.22 946.70
975.62 953.92
953.04 930.09
963.06 957.00
228.09 938.29
0.00 951.10
0.00 946.67
0.00 935.55
0.48 930.69
480.95 933.96
960.35 819.81
924.37 913.02
943.04 940.52
949.48 916.48
925.85 931.29
939.45 930.22
940.49 936.46
936.46 944.37
959.01 923.27
659.28 945.75
946.50 936.43
908.82 941.16
936.16 962.53
425.66 931.57
0.00 952.11
0.00 943.58
0.00 926.68
0.00 937.32
0.00 54.56
0.00 0.00
529.83 0.00
959.07 412.88
926.38 933.77
926.89 929.57
934.26 926.14
944.83 933.61
939.47 938.28
937.68 933.91
954.94 938.17
943.10 934.30
932.27 930.57
940.87 936.12
926.53 931.13
943.71 936.50
946.91 945.14
957.69 929.05
943.06 929.50
939.71 932.19
948.78 930.47
950.09 948.43
937.22 948.76
896.45 925.05
0.00 945.00
0.00 942.30
0.00 931.35
744.55 639.56
912.64 715.08
943.05 921.35
922.31 925.75
944.34 926.36
950.67 932.94
928.06 927.03
953.22 922.67
929.28 925.40
943.09 947.54
952.42 941.83
950.00 923.03
950.58 940.60
948.76 918.65
961.00 946.23
933.14 931.48
949.20 927.58
931.67 943.88
948.04 926.25
950.51 934.52
344.70 931.50
651.00 317.65
394.48 514.14
0.00 0.00
643.17 0.00
953.56 0.00
457.50 0.00
0.00 25.44
0.00 0.00
0.00 0.00
194.48 0.00
0.00 303.18
31.50 162.38
942.02 18.00
930.00 918.40
940.63 941.25
914.19 951.91
921.46 924.02
912.26 927.46
952.33 953.54
947.21 942.00
943.85 938.00
952.00 925.16
943.34 935.15
951.53 938.17
944.80 942.50
938.42 957.96
960.33 905.88
954.50 0.00
959.03 0.00
957.98 0.00
938.00 0.00
941.88 0.41
943.53 0.00
967.32 0.00
947.20 839.28
920.45 933.44
933.27 932.54
945.95 944.09
938.33 710.71
948.64 0.00
961.04 0.00
951.60 0.00
917.55 0.00
970.18 0.00
919.19 508.19
945.50 261.39
923.70 0.00
945.39 0.00
910.63 0.00
936.39 938.02
937.62 929.80
956.21 186.62
315.43 129.92
42.37 931.85
0.00 923.44
0.00 942.73
0.00 930.18
0.51 949.48
0.00 943.19
287.75 929.45
974.58 931.17
952.20 926.55
951.60 942.24
154.83 924.18
0.00 929.98
0.00 951.25
0.00 932.51
0.41 611.70
0.00 0.00
564.05 0.00
206.26 530.78
0.00 754.89
0.00 0.00
0.00 0.00
0.00 0.00
0.00 0.00
0.00 0.00
833.98 0.00
943.16 828.63
546.53 944.36
0.00 933.07
0.00 959.10
0.00 448.07
0.00 0.00
0.45 0.00
129.53 0.00
596.71 140.13
0.00 635.81
564.81 0.00
940.22 522.56
921.94 939.81
959.17 942.05
960.76 933.20
957.18 947.98
925.61 923.03
942.39 949.44
925.55 942.04
970.70 951.48
522.34 925.82
0.00 949.12
0.00 957.27
0.00 934.50
0.36 941.16
0.00 650.27
0.00 380.61
0.00 259.00
493.90 35.64
937.04 571.35
930.78 243.42
944.93 937.58
977.72 948.02
841.21 939.58
0.00 939.00
0.00 930.94
0.00 946.68
192.87 946.08
962.63 760.71
133.25 587.64
262.29 0.00
934.15 203.04
938.49 794.64
939.62 0.00
962.69 0.00
938.08 0.00
929.52 875.07
956.84 945.09
946.52 935.24
960.82 936.10
951.50 928.04
950.67 927.37
961.31 932.96
948.15 952.50
944.14 928.89
973.60 943.21
984.90 934.12
945.68 934.31
955.86 936.50
943.12 938.79
956.62 953.58
956.50 678.23
953.72 0.00
956.33 0.00
947.20 0.00
938.88 183.44
928.84 912.74
943.51 929.39
957.93 798.79
949.66 0.00
946.97 0.00
926.07 0.00
961.23 45.02
955.88 892.06
935.56 916.20
961.38 951.67
948.59 936.40
943.38 938.15
924.47 912.42
947.48 932.62
157.96 932.38
0.00 929.33
773.66 926.53
0.00 938.15
0.00 787.29
0.00 0.00
0.00 0.00
3.87 0.00
0.00 0.00
0.00 0.00
60.00 0.00
916.72 63.59
945.44 958.28
81.47 941.81
4.11 946.01
827.06 945.21
0.00 940.48
0.00 949.09
0.00 673.63
36.05 0.00
939.28 24.52
957.58 909.67
968.71 963.95
953.09 945.71
748.14 246.07
532.79 449.96
0.00 39.39
639.13 0.00
926.40 665.54
931.59 949.37
919.48 922.67
940.54 925.79
952.42 929.82
925.63 949.41
919.65 928.33
947.65 935.87
946.08 937.06
929.53 945.69
61.00 934.86
0.00 938.00
0.00 937.24
0.00 947.22
0.38 953.55
0.00 971.36
716.99 841.55
0.00 563.90
0.00 0.00
0.00 0.00
0.00 0.00
281.31 0.00
943.29 3.41
936.99 0.00
945.57 0.00
944.56 0.00
234.98 0.00
120.74 206.75
254.26 261.76
964.31 200.06
933.63 939.63
939.58 921.13
938.66 922.60
949.39 929.03
940.56 938.36
950.36 933.59
947.61 925.08
949.64 787.73
971.84 0.00
951.94 0.00
950.82 0.00
934.60 0.00
951.02 0.00
970.31 0.00
972.53 0.00
931.36 0.00
954.27 0.00
950.54 264.27
932.74 711.42
956.24 0.00
956.27 0.00
939.71 423.32
938.72 399.34
950.50 0.00
932.98 0.00
956.80 0.00
950.49 0.00
907.05 0.00
938.73 0.00
938.27 0.00
954.25 323.24
943.53 660.76
958.89 0.00
102.98 679.04
0.00 932.93
0.00 931.17
285.04 949.08
923.83 934.51
923.55 928.10
969.72 922.06
958.15 918.96
939.00 935.33
938.12 896.00
943.29 922.12
937.10 928.76
931.70 958.27
954.93 934.82
938.07 918.23
959.44 942.64
965.50 552.71
933.60 262.42
941.65 0.00
948.98 0.00
19.00 0.00
0.00 0.00
152.72 0.00
619.24 172.27
810.90 589.31
916.64 781.46
935.36 940.86
438.57 939.39
0.00 439.19
0.00 0.00
0.00 0.00
260.30 0.00
0.00 773.57
620.87 0.00
933.94 509.55
937.56 860.30
952.05 868.72
968.48 135.50
965.26 939.78
948.21 743.95
937.03 32.50
887.98 299.06
0.00 920.21
347.78 483.50
958.76 542.86
931.98 925.62
954.54 935.89
452.23 947.83
0.00 929.14
0.00 949.23
0.00 918.89
3.99 935.78
0.00 949.90
30.02 925.67
487.56 938.19
0.00 951.32
0.00 956.04
0.00 941.58
0.00 931.50
0.00 928.19
0.00 943.79
0.00 927.00
0.00 941.95
329.42 937.60
952.83 950.20
768.52 905.29
513.92 920.16
0.00 935.00
0.00 914.32
0.00 941.47
0.00 933.09
0.00 936.07
0.00 936.58
0.00 932.17
0.00 946.40
514.39 941.77
0.00 931.06
764.75 647.05
934.31 681.41
953.63 945.54
936.76 920.39
932.41 945.98
966.99 941.70
959.78 944.85
945.66 938.04
962.08 933.14
938.16 929.60
937.98 906.62
969.35 930.04
941.91 944.66
952.19 937.40
940.09 905.40
947.60 939.13
953.80 937.00
954.08 936.57
930.55 940.29
965.63 892.84
942.99 467.42
939.87 0.00
942.70 0.00
937.79 0.00
265.07 157.93
0.00 930.62
0.00 948.00
566.60 61.01
950.18 233.61
21.69 0.00
852.16 0.00
947.01 0.00
932.54 0.00
939.08 27.60
929.24 0.00
951.38 0.00
964.50 194.91
962.10 0.00
943.11 0.00
949.47 0.00
945.00 0.00
948.66 873.45
945.27 395.75
962.19 931.77
936.58 176.38
954.57 0.00
906.87 0.00
950.64 0.00
0.12 0.00
0.00 0.33
0.00 233.74
0.00 792.25
0.44 0.00
154.71 0.00
951.89 124.39
944.93 862.18
161.23 0.00
955.58 186.51
936.72 943.08
949.50 945.46
947.58 946.01
953.23 936.50
948.83 944.75
933.53 943.49
966.28 934.00
974.27 925.94
932.73 924.28
959.41 957.56
935.33 950.72
971.28 922.99
941.40 943.82
945.67 952.90
211.51 961.72
0.00 946.07
0.00 939.81
0.00 946.12
3.97 927.14
0.00 943.51
0.00 926.27
0.00 943.54
495.59 945.25
370.20 943.69
949.77 924.20
927.46 938.00
879.26 936.75
227.21 952.16
934.52 954.40
945.69 930.90
942.05 934.67
954.27 886.87
957.31 655.55
953.77 438.57
933.87 708.43
916.10 32.54
954.22 328.07
975.50 913.93
948.98 823.00
941.14 222.00
944.54 949.17
951.24 952.10
946.69 965.36
933.68 943.92
968.03 921.61
914.93 928.10
485.63 861.83
0.00 940.27
0.00 927.32
0.00 622.05
0.00 0.00
550.11 0.00
502.55 542.20
108.91 927.44
935.97 937.23
939.42 934.08
46.50 944.59
0.00 924.62
0.00 935.36
39.05 947.03
775.65 936.24
0.00 938.94
0.00 942.98
0.00 946.27
0.00 928.85
0.43 962.61
0.00 945.39
0.00 954.81
331.33 940.22
945.48 689.14
948.50 309.04
941.61 930.60
427.82 935.41
0.00 913.40
0.00 379.00
0.00 32.00
0.00 696.07
0.49 881.65
0.00 151.50
0.00 921.33
0.00 941.14
459.35 934.27
830.76 923.97
0.00 915.94
0.00 0.00
0.00 0.00
736.01 0.00
940.76 611.59
947.24 920.55
957.45 920.38
952.91 931.21
958.78 932.51
943.34 941.45
943.63 947.55
941.03 921.10
941.15 317.11
944.03 0.00
975.25 0.00
948.41 0.00
940.00 0.95
600.24 0.00
155.36 466.82
0.00 0.00
0.00 0.00
300.09 0.00
948.87 329.12
791.38 947.45
0.00 943.98
0.00 915.63
0.00 0.00
704.82 0.00
881.84 206.38
0.00 0.00
0.00 0.00
0.00 0.00
0.00 0.00
0.38 56.36
0.00 0.00
0.00 0.00
192.08 0.00
934.58 226.84
943.99 934.24
949.59 911.99
940.60 947.44
928.99 939.04
934.79 921.54
943.58 935.99
931.22 921.66
946.13 931.90
942.50 942.68
947.21 906.54
958.76 933.65
947.41 929.59
941.12 939.15
947.67 947.18
930.24 917.04
164.27 934.01
0.00 932.50
0.00 940.63
0.00 955.66
455.09 930.68
0.00 923.41
0.00 942.20
0.00 943.57
0.00 941.19
58.35 952.50
0.00 931.38
280.57 370.80
929.36 295.41
924.91 907.68
945.71 913.74
932.62 919.04
925.83 921.35
916.46 933.83
952.32 894.45
944.50 953.75
937.25 930.61
972.07 937.74
945.03 962.04
960.60 915.46
967.03 939.05
941.75 942.35
924.78 944.17
942.95 939.49
933.49 934.52
926.07 939.50
664.12 892.76
690.59 928.45
33.24 944.62
439.64 915.77
919.53 940.93
896.87 478.61
257.50 0.00
964.03 0.00
967.10 572.59
968.53 0.00
919.72 838.66
943.51 131.40
948.23 0.00
952.97 271.29
915.01 924.99
944.62 928.93
958.44 938.60
958.05 937.21
950.98 946.77
950.16 950.30
932.12 940.10
953.18 935.60
936.63 941.59
940.17 949.84
490.55 931.50
0.00 455.07
250.16 0.00
0.00 566.19
0.00 0.00
0.00 0.00
0.00 0.00
437.61 0.00
961.41 420.82
950.88 945.55
956.19 960.55
938.23 244.57
658.00 0.00
0.00 0.00
0.00 0.00
283.16 0.00
933.49 304.95
218.47 901.90
924.73 925.68
943.92 933.59
958.03 945.54
954.33 932.74
969.50 935.06
912.12 929.58
943.43 950.52
944.04 953.14
522.55 942.94
0.00 928.50
556.38 940.00
474.02 582.59
0.00 201.37
191.06 0.00
785.55 221.66
0.00 933.84
0.00 897.94
0.00 0.00
0.00 0.00
788.76 0.00
0.00 716.18
0.00 0.00
0.00 0.00
0.00 0.00
41.35 0.00
0.00 59.07
0.00 0.00
337.54 0.00
933.91 285.48
924.38 908.67
970.65 362.40
966.92 528.41
932.76 933.24
932.98 941.59
969.43 926.45
935.56 908.50
968.08 927.13
966.70 921.36
942.90 927.51
936.32 964.92
945.65 932.97
923.84 923.78
938.00 936.37
934.70 960.36
956.03 940.14
247.20 941.51
0.00 940.36
0.00 935.99
481.36 947.17
0.00 946.12
0.00 824.96
17.50 0.00
933.05 0.00
945.40 925.17
959.44 926.41
258.46 215.52
352.99 0.00
421.77 351.71
67.28 418.84
877.47 75.38
903.88 939.55
932.62 909.05
936.97 942.43
942.19 945.48
939.32 945.81
309.35 918.59
0.00 927.34
0.00 946.50
0.00 929.34
0.00 940.50
5.42 943.08
0.00 374.95
0.00 0.00
155.21 0.00
615.10 185.87
0.00 369.88
0.00 0.00
0.00 0.00
0.00 0.00
895.48 0.00
973.05 865.97
974.99 920.83
940.64 937.17
839.23 927.18
0.00 458.26
0.00 0.00
0.00 0.00
0.00 0.00
178.15 0.00
955.70 138.70
148.96 375.63
0.00 0.00
527.07 0.00
955.23 496.08
924.13 920.42
940.16 642.94
952.65 301.19
972.57 938.05
937.29 951.13
938.69 926.49
929.42 936.17
974.00 724.28
932.72 956.58
913.38 936.93
953.93 931.74
942.60 107.44
930.50 0.00
951.75 0.00
949.57 0.00
941.85 0.40
947.04 0.00
956.00 414.85
965.52 99.76
954.84 0.00
954.00 0.00
934.75 847.71
942.95 933.89
959.93 941.09
935.93 363.03
941.91 0.00
953.91 0.00
943.92 0.00
934.00 422.17
946.50 348.33
954.63 0.00
938.85 0.00
942.34 0.00
928.30 0.00
646.42 0.37
939.84 129.38
936.52 923.21
551.44 916.95
0.00 933.56
779.82 432.63
956.59 706.14
945.33 930.18
936.96 936.78
495.52 941.77
0.00 589.25
796.98 0.00
936.83 856.15
580.90 937.83
0.00 929.29
0.00 927.17
0.00 479.66
0.00 522.07
0.39 624.93
0.00 32.28
0.00 99.49
210.05 0.00
357.33 336.00
929.88 512.34
830.29 933.31
0.00 793.65
0.00 0.00
0.00 0.00
0.00 0.00
3.87 0.00
0.00 0.42
303.53 0.00
152.76 195.24
0.00 318.70
0.00 0.00
0.00 0.00
0.00 0.00
61.38 0.00
0.00 0.47
0.00 0.00
675.79 390.99
950.67 938.76
924.90 939.69
955.69 930.06
947.74 926.98
166.94 934.29
0.00 963.93
0.00 941.84
0.00 936.52
0.42 942.57
739.82 948.38
956.50 944.22
939.14 939.50
952.12 919.08
4.23 950.09
0.00 936.14
0.00 964.91
0.45 923.34
0.00 924.55
534.10 933.80
943.36 924.86
60.95 933.53
0.00 929.73
0.00 927.87
0.00 952.04
0.37 926.43
0.00 688.39
774.63 360.95
0.00 948.24
0.00 425.51
0.00 34.50
772.10 647.06
945.12 470.60
967.98 580.96
947.17 934.01
682.42 928.57
554.33 936.83
0.00 947.04
879.25 947.90
956.01 935.96
937.75 927.22
951.05 931.20
943.81 948.04
943.20 932.12
966.51 926.45
954.21 934.50
935.04 5.01
930.60 0.00
953.50 0.00
956.66 0.39
946.85 0.00
961.52 0.00
966.73 0.00
940.86 0.00
955.80 0.41
955.66 0.00
952.97 0.00
911.23 725.11
960.01 45.90
941.34 0.00
945.23 0.00
942.74 0.00
125.36 0.00
49.04 0.00
914.23 24.57
954.42 921.36
966.17 850.60
938.55 95.42
969.07 921.41
957.08 923.00
949.80 954.83
952.03 922.76
945.14 310.93
920.41 0.00
929.85 860.85
941.72 937.03
952.50 937.11
954.65 859.51
30.37 0.00
0.00 0.00
0.00 0.00
0.00 0.00
0.50 0.38
513.86 0.00
0.00 657.55
0.00 884.45
0.00 0.00
0.00 0.00
0.38 0.00
0.00 442.63
0.00 952.94
0.00 660.21
0.00 0.00
493.91 0.00
280.82 478.40
0.00 808.23
855.14 0.00
927.32 860.81
940.29 924.87
936.96 945.63
938.80 947.74
939.17 926.19
935.90 934.23
945.07 933.45
949.36 939.78
961.06 937.19
936.48 923.50
931.81 919.48
626.50 923.87
0.00 939.58
0.00 945.20
0.00 936.50
27.55 936.35
948.99 956.44
52.22 937.67
0.00 921.90
61.50 949.21
708.13 921.36
0.00 949.67
0.00 922.89
653.88 934.04
934.20 945.04
947.76 934.34
942.66 936.16
913.57 936.09
947.78 952.60
916.50 928.47
934.36 929.45
918.41 936.71
941.43 927.21
929.90 936.69
874.78 945.87
942.27 944.00
952.04 931.37
949.06 930.12
942.69 922.58
918.40 868.34
932.15 155.38
960.09 945.47
930.49 646.80
947.50 32.55
939.78 410.65
0.00 943.24
0.00 930.14
0.00 567.64
0.00 501.60
0.41 936.23
0.00 939.47
0.00 879.47
0.00 0.00
0.00 0.00
0.00 0.00
287.62 0.00
944.52 208.22
932.85 48.34
945.65 852.26
952.52 912.80
943.74 928.70
942.59 914.81
951.67 919.00
928.41 948.92
953.61 930.13
946.43 690.90
941.06 373.00
349.01 438.50
0.00 32.50
584.59 264.96
950.77 464.60
963.51 722.31
936.04 939.51
412.17 948.96
0.00 769.58
0.00 0.00
0.00 0.00
139.39 0.00
626.44 112.39
0.00 359.14
0.00 0.00
0.00 0.00
0.00 0.00
6.47 0.00
289.77 43.38
943.00 280.19
569.80 927.91
0.00 948.84
0.00 417.97
0.00 0.00
0.00 0.00
0.41 0.00
91.39 0.00
924.29 97.37
935.86 931.89
925.85 956.20
924.31 919.69
935.76 929.67
944.44 938.32
936.88 929.84
952.97 946.70
912.11 925.44
935.50 937.21
963.17 939.80
949.00 941.13
954.02 841.74
954.07 172.58
944.35 942.19
939.57 851.48
952.54 356.61
956.15 33.00
933.56 813.07
938.50 308.00
960.35 767.53
943.90 931.00
952.17 932.70
929.45 935.26
937.07 947.62
935.34 925.18
948.08 965.00
944.47 891.74
935.80 641.87
929.42 550.93
390.15 642.23
0.00 929.75
19.60 410.04
925.03 632.98
922.93 942.60
968.57 896.71
957.13 943.00
944.62 929.50
939.48 931.10
927.71 920.46
945.22 935.64
938.13 939.00
929.83 887.64
951.52 153.14
946.76 906.45
938.91 788.10
914.97 33.00
246.00 246.11
573.66 938.11
563.41 520.48
33.50 509.00
553.53 937.11
377.66 43.43
659.68 269.26
488.32 941.91
33.00 842.41
603.55 0.00
893.38 0.00
705.53 187.35
201.00 326.65
817.62 0.00
347.91 0.00
0.00 0.00
0.00 0.00
343.52 0.39
929.94 293.13
954.49 739.15
935.10 0.00
925.11 347.19
946.51 917.58
963.67 941.32
946.31 939.26
973.57 937.83
947.00 422.42
915.99 635.29
947.11 0.00
945.61 0.00
943.66 256.32
935.50 945.93
565.01 939.01
0.00 940.26
0.00 955.69
0.00 938.88
311.05 917.00
208.60 563.36
0.00 213.28
0.00 0.00
0.00 0.00
0.00 0.00
0.00 0.00
0.00 0.00
0.00 0.00
0.00 0.00
384.15 0.00
957.33 0.00
968.39 501.53
765.43 525.22
0.00 0.00
0.00 0.00
0.00 0.00
0.00 0.00
0.41 0.00
554.16 0.00
936.15 531.44
956.34 931.58
930.17 930.56
914.03 942.82
946.49 932.82
915.71 924.61
945.56 922.54
949.06 925.96
953.21 933.14
953.59 937.59
954.39 540.64
925.36 532.76
944.00 939.50
955.43 820.50
949.99 32.50
952.59 298.08
927.90 935.50
945.14 854.23
958.50 245.50
937.13 950.03
954.75 949.58
953.12 938.60
934.05 955.74
641.05 931.58
375.16 945.07
927.94 944.14
434.03 942.07
688.50 938.12
729.52 947.48
589.89 942.00
699.00 920.23
143.82 938.59
0.00 898.74
72.38 155.50
920.78 932.92
715.78 824.67
933.85 857.45
928.20 518.40
934.07 463.44
932.96 648.93
929.31 248.56
945.18 863.20
932.23 917.33
939.71 907.64
934.35 927.61
947.50 935.63
942.56 927.84
943.72 932.14
958.66 937.50
960.86 930.57
931.59 924.49
928.59 945.10
955.62 908.19
947.38 933.87
940.22 941.05
973.36 932.26
955.03 388.10
962.07 0.00
934.01 203.22
936.03 0.00
945.14 0.00
926.01 0.00
953.98 0.00
956.47 58.02
923.91 432.90
932.53 944.87
950.13 932.59
956.59 953.27
921.07 954.75
951.66 942.92
949.48 936.31
213.00 922.90
0.00 926.62
0.00 535.46
904.33 0.00
932.44 901.76
732.94 938.49
0.00 926.50
0.00 931.03
0.00 413.07
0.00 0.00
0.38 0.00
0.00 0.00
0.00 3.92
0.00 0.00
0.00 0.00
514.69 0.00
259.67 577.42
0.00 709.39
0.00 0.00
0.00 229.36
0.00 943.86
0.41 926.04
0.00 953.02
0.00 940.77
0.00 109.40
0.00 358.89
3.92 414.87
0.00 0.00
0.00 0.00
0.00 0.00
0.00 0.00
0.42 0.45
0.00 0.00
260.13 0.00
941.09 292.78
936.45 906.22
932.75 941.61
952.77 878.44
922.50 164.11
944.02 932.72
941.07 852.50
941.32 443.79
949.96 34.00
937.13 697.23
928.96 881.71
448.50 510.00
469.27 942.55
302.61 923.25
0.00 891.04
0.00 645.40
0.00 469.50
0.00 922.57
0.00 884.05
0.00 604.78
433.85 32.50
932.85 599.60
932.41 890.67
940.00 816.27
952.39 535.09
950.07 524.44
761.37 949.60
0.00 916.73
0.00 922.98
0.00 939.19
0.00 941.53
0.44 555.50
0.00 525.06
0.00 624.73
163.50 32.00
606.21 454.11
0.00 914.46
0.00 337.49
171.37 759.22
929.94 938.25
953.77 937.53
0.00 950.49
0.00 929.18
0.00 930.50
32.02 934.31
727.59 931.71
0.00 937.07
0.00 923.26
0.00 935.06
702.38 949.51
949.42 945.33
962.80 938.77
916.51 939.20
928.65 927.99
954.52 925.90
952.64 929.53
943.24 922.58
930.84 935.30
942.89 937.18
940.78 918.98
946.71 924.62
955.47 912.66
943.41 941.87
968.24 925.65
923.18 951.47
957.12 936.06
915.50 193.17
729.27 0.00
789.26 293.04
0.00 940.05
0.00 883.53
283.78 0.00
781.84 230.63
918.75 318.18
960.07 929.80
949.64 932.57
959.69 927.36
919.29 921.68
922.40 925.73
946.66 937.34
956.18 911.59
948.38 946.71
951.27 933.08
947.79 937.52
947.62 927.53
948.19 921.79
973.58 935.16
923.53 943.85
960.86 929.96
949.45 949.58
952.89 939.15
933.50 941.59
953.18 897.00
933.07 266.71
930.84 803.19
945.38 345.64
936.37 33.00
938.88 736.54
730.40 869.97
618.49 154.17
947.78 910.21
931.60 927.06
929.96 946.96
928.10 914.12
945.89 939.51
923.69 918.27
942.34 934.85
960.51 948.83
901.47 923.03
941.88 935.74
950.95 895.90
944.00 944.88
936.70 242.37
928.60 0.00
894.45 0.00
0.00 0.00
446.93 4.37
938.99 442.38
383.75 843.72
0.00 956.47
0.00 891.92
0.00 168.59
745.21 913.20
932.90 702.52
934.00 32.50
942.59 383.02
920.62 920.54
957.13 403.03
954.16 656.00
932.09 928.94
971.58 949.79
942.11 925.58
945.17 937.64
392.55 945.33
0.00 947.18
0.00 937.46
0.00 952.57
0.45 945.53
89.42 931.07
402.93 924.18
0.00 950.67
0.00 934.14
523.16 958.36
956.93 944.63
950.14 954.93
667.04 937.53
0.00 948.50
706.35 932.85
694.88 953.57
938.35 913.65
