
1.0332 1.0407
1.0039 1.0045
1.0041 1.0045
1.0049 1.0041
1.0052 1.0043
1.0039 1.0151
1.0041 1.0151
1.0034 1.0146
1.0037 1.0142
1.0036 1.0037
1.0035 1.0041
1.0039 1.0044
1.0036 1.0048
1.0054 1.0268
1.0055 1.0266
1.0044 1.0047
1.0045 1.0057
1.0037 1.0067
1.0034 1.0056
1.0044 1.0054
1.0043 1.0068
1.0038 1.0059
1.0037 1.0045
1.0051 1.0035
1.0046 1.0036
1.0059 1.0067
1.0058 1.0070
1.0056 1.0072
1.0056 1.0066
1.0071 1.0102
1.0062 1.0101
1.0049 1.0428
1.0048 1.0429
1.0063 1.0074
1.0065 1.0188
1.0056 1.0148
1.0055 1.0047
1.0045 1.0096
1.0044 1.0094
1.0044 1.0095
1.0044 1.0094
1.0052 1.0071
1.0054 1.0071
1.0063 1.0242
1.0064 1.0246
1.0058 1.0098
1.0063 1.0095
1.0060 1.0071
1.0061 1.0060
1.0047 1.0043
1.0048 1.0047
1.0047 1.0743
1.0067 1.1054
1.0069 1.0413
1.0052 1.0066
1.0042 1.0154
1.0041 1.0161
1.0068 1.0078
1.0071 1.0071
1.0035 1.0072
1.0033 1.0060
1.0034 1.0389
1.0031 1.0391
1.0038 1.0055
1.0041 1.0064
1.0047 1.0051
1.0046 1.0047
1.0043 1.0030
1.0044 1.0031
1.0048 1.0384
1.0045 1.0385
1.0040 1.0078
1.0038 1.0084
1.0046 1.0073
1.0045 1.0071
1.0032 1.0034
1.0034 1.0033
1.0045 1.0040
1.0042 1.0039
1.0037 1.0045
1.0033 1.0042
1.0043 1.0080
1.0047 1.0085
1.0033 1.0094
1.0033 1.0089
1.0028 1.0062
1.0031 1.0064
1.0046 1.0033
1.0047 1.0031
1.0047 1.0035
1.0040 1.0035
1.0042 1.0045
1.0046 1.0050
1.0043 1.0044
1.0045 1.0039
1.0045 1.0044
1.0045 1.0043
1.0038 1.0038
1.0040 1.0035
1.0041 1.0034
1.0042 1.0031
1.0042 1.0178
1.0045 1.0422
1.0037 1.0182
1.0034 1.0044
1.0028 1.0118
1.0028 1.0376
1.0029 1.0147
1.0029 1.0037
1.0043 1.0037
1.0047 1.0035
1.0050 1.0035
1.0045 1.0037
1.0032 1.0031
1.0035 1.0031
1.0037 1.0030
1.0038 1.0030
1.0043 1.0035
1.0042 1.0037
1.0035 1.0035
1.0034 1.0035
1.0035 1.0040
1.0041 1.0042
1.0045 1.0047
1.0049 1.0049
1.0051 1.0047
1.0046 1.0046
1.0048 1.0050
1.0044 1.0049
1.0044 1.0034
1.0045 1.0034
1.0058 1.0054
1.0047 1.0047
1.0036 1.0028
1.0041 1.0032
1.0037 1.0184
1.0034 1.0230
1.0041 1.0047
1.0042 1.0036
1.0038 1.0045
1.0038 1.0044
1.0033 1.0035
1.0036 1.0035
1.0039 1.0042
1.0038 1.0042
1.0034 1.0096
1.0034 1.0099
1.0034 1.0036
1.0033 1.0103
1.0037 1.0103
1.0038 1.0038
1.0032 1.0036
1.0034 1.0038
1.0036 1.0041
1.0036 1.0039
1.0040 1.0100
1.0041 1.0100
1.0043 1.0098
1.0044 1.0101
1.0034 1.0040
1.0033 1.0035
1.0039 1.0102
1.0039 1.0106
1.0041 1.0041
1.0047 1.0038
1.0068 1.0043
1.0061 1.0043
1.0074 1.0039
1.0076 1.0041
1.0052 1.0038
1.0047 1.0040
1.0040 1.0108
1.0036 1.0107
1.0029 1.0048
1.0032 1.0050
1.0032 1.0053
1.0030 1.0052
1.0045 1.0042
1.0043 1.0040
1.0039 1.0036
1.0038 1.0036
1.0047 1.0261
1.0044 1.0262
1.0034 1.0060
1.0032 1.0061
1.0031 1.0038
1.0031 1.0039
1.0036 1.0105
1.0036 1.0106
1.0032 1.0040
1.0033 1.0041
1.0035 1.0036
1.0033 1.0040
1.0032 1.0051
1.0032 1.0115
1.0033 1.0098
1.0033 1.0033
1.0036 1.0038
1.0032 1.0035
1.0052 1.0039
1.0055 1.0039
1.0038 1.0045
1.0037 1.0045
START----------
1.0033 1.0042
1.0030 1.0043
1.0020 1.0059
1.0018 1.0122
1.0024 1.0096
1.0022 1.0023
1.0021 1.0022
1.0022 1.0020
1.0021 1.0036
1.0021 1.0037
1.0019 1.0169
1.0021 1.0170
1.0025 1.0200
1.0023 1.0189
1.0026 1.0148
1.0030 1.0166
1.0023 1.0129
1.0024 1.0112
1.0023 1.0030
1.0023 1.0030
1.0020 1.0026
1.0018 1.0027
1.0023 1.0191
1.0024 1.0173
1.0025 1.0214
1.0027 1.0216
1.0025 1.0061
1.0022 1.0059
1.0025 1.0174
1.0026 1.0196
1.0152 1.0026
1.0128 1.0026
1.0026 1.0027
1.0139 1.0026
1.0216 1.0026
1.0066 1.0025
1.0031 1.0142
1.0032 1.0139
1.0033 1.0024
1.0031 1.0023
1.0022 1.0022
1.0023 1.0024
1.0025 1.0026
1.0025 1.0025
1.0027 1.0021
1.0027 1.0022
1.0025 1.0027
1.0025 1.0025
1.0024 1.0024
1.0024 1.0024
1.0023 1.0137
1.0024 1.0133
1.0022 1.0072
1.0021 1.0077
1.0024 1.0074
1.0025 1.0162
1.0022 1.0228
1.0023 1.0156
1.0028 1.0027
1.0029 1.0028
1.0156 1.0092
1.0164 1.0087
1.0027 1.0195
1.0026 1.0162
1.0028 1.0246
1.0029 1.0233
1.0027 1.0076
1.0026 1.0221
1.0028 1.0150
1.0028 1.0056
1.0029 1.0281
1.0029 1.0298
1.0030 1.0029
1.0031 1.0029
1.0032 1.0029
1.0029 1.0135
1.0027 1.0213
1.0027 1.0214
1.0026 1.0371
1.0027 1.0209
1.0028 1.0305
1.0029 1.0306
1.0025 1.0360
1.0025 1.0360
1.0028 1.0025
1.0028 1.0025
1.0025 1.0027
1.0026 1.0026
1.0028 1.0024
1.0029 1.0024
1.0151 1.0066
1.0154 1.0067
1.0021 1.0025
1.0022 1.0024
1.0025 1.0029
1.0026 1.0030
1.0028 1.0056
1.0029 1.0055
1.0025 1.0026
1.0024 1.0026
1.0024 1.0026
1.0024 1.0026
1.0030 1.0063
1.0032 1.0070
1.0024 1.0304
1.0025 1.0277
1.0135 1.0230
1.0144 1.0248
1.0166 1.0023
1.0175 1.0024
1.0026 1.0264
1.0026 1.0269
1.0030 1.0065
1.0029 1.0031
1.0024 1.0189
1.0024 1.0219
1.0023 1.0261
1.0025 1.0213
1.0027 1.0458
1.0027 1.0501
END----------
1.0024 1.0026
1.0024 1.0026
1.4035 1.0009
-1 1.0016
-1 1.0021
-1 1.0022
1.2029 1.0065
1.2179 1.0149
1.0089 1.0086
1.0060 1.0055
1.0032 1.0033
1.0036 1.0034
1.0035 1.0032
1.0038 1.0034
1.0037 1.0036
1.0040 1.0036
1.0042 1.0031
1.0040 1.0095
1.0040 1.0101
1.0041 1.0039
1.0053 1.0045
1.0055 1.0047
1.0057 1.0045
1.0054 1.0046
1.0041 1.0044
1.0042 1.0038
1.0049 1.0095
1.0048 1.0096
1.0070 1.0045
1.0064 1.0047
1.0033 1.0049
1.0036 1.0050
1.0045 1.0112
1.0049 1.0107
1.0040 1.0045
1.0042 1.0042
1.0040 1.0048
1.0032 1.0048
1.0042 1.0042
1.0044 1.0046
1.0045 1.0051
1.0046 1.0045
1.0043 1.0119
1.0044 1.0124
1.0034 1.0037
1.0036 1.0034
1.0056 1.0050
1.0055 1.0055
1.0045 1.0082
1.0045 1.0076
1.0033 1.0041
1.0038 1.0039
1.0033 1.0179
1.0032 1.0176
1.0028 1.0042
1.0023 1.0044
1.0027 1.0037
1.0031 1.0033
1.0041 1.0030
1.0038 1.0096
1.0045 1.0092
1.0044 1.0026
1.0038 1.0040
1.0042 1.0043
1.0045 1.0108
1.0040 1.0107
1.0033 1.0046
1.0038 1.0047
1.0046 1.0237
1.0049 1.0242
1.0052 1.0252
1.0050 1.0248
1.0043 1.0106
1.0041 1.0110
1.0042 1.0035
1.0042 1.0033
1.0035 1.0093
1.0035 1.0096
START----------
1.0025 1.0031
1.0029 1.0036
1.0030 1.0030
1.0031 1.0029
1.0031 1.0030
1.0029 1.0032
1.0025 1.0039
1.0025 1.0040
1.0029 1.0039
1.0030 1.0124
1.0029 1.0166
1.0028 1.0077
1.0034 1.0179
1.0033 1.0172
1.0027 1.0298
1.0028 1.0300
1.0033 1.0047
1.0032 1.0043
1.0033 1.0177
1.0033 1.0177
1.0036 1.0042
1.0036 1.0040
1.0027 1.0092
1.0029 1.0088
1.0037 1.0120
1.0037 1.0124
1.0038 1.0061
1.0039 1.0059
1.0042 1.0031
1.0040 1.0032
1.0039 1.0035
1.0042 1.0038
1.0045 1.0037
1.0046 1.0036
1.0040 1.0070
1.0038 1.0163
1.0048 1.0662
1.0047 1.0585
1.0042 1.0058
1.0042 1.0146
1.0036 1.0271
1.0037 1.0182
1.0038 1.0056
1.0038 1.0141
1.0045 1.0228
1.0044 1.0157
1.0040 1.0166
1.0042 1.0130
1.0045 1.0036
1.0044 1.0036
1.0037 1.0044
1.0039 1.0077
1.0033 1.0325
1.0034 1.0286
1.0044 1.0033
1.0045 1.0033
1.0048 1.0259
1.0046 1.0243
1.0049 1.0037
1.0049 1.0036
1.0038 1.0060
1.0037 1.0070
1.0037 1.0150
1.0037 1.0151
1.0037 1.0207
1.0036 1.0214
1.0040 1.0279
1.0040 1.0268
1.0035 1.0031
1.0035 1.0033
1.0036 1.0046
1.0035 1.0045
1.0036 1.0038
1.0038 1.0039
1.0057 1.0174
1.0056 1.0175
1.0032 1.0037
1.0033 1.0037
1.0033 1.0189
1.0034 1.0184
1.0035 1.0034
1.0034 1.0034
1.0041 1.0032
1.0041 1.0034
1.0052 1.0039
1.0051 1.0069
1.0041 1.0073
1.0040 1.0071
1.0045 1.0267
1.0043 1.0235
1.0036 1.0123
1.0036 1.0128
1.0035 1.0309
1.0037 1.0310
1.0040 1.0029
1.0039 1.0029
1.0036 1.0136
1.0038 1.0234
1.0046 1.0270
1.0044 1.0169
1.0033 1.0198
1.0033 1.0297
1.0037 1.0258
1.0038 1.0198
1.0035 1.0425
1.0035 1.0409
1.0041 1.0373
1.0039 1.0303
1.0037 1.0151
1.0036 1.0133
1.0032 1.0168
1.0032 1.0166
1.0037 1.0035
1.0036 1.0038
1.0034 1.0059
1.0034 1.0060
1.0036 1.0036
1.0036 1.0035
1.0149 1.0153
1.0161 1.0164
END----------
1.0032 1.0067
1.0032 1.0066
1.0036 1.0040
1.0036 1.0034
1.0049 1.0034
1.0050 1.0039
1.0045 1.0040
1.0043 1.0041
1.0056 1.0046
1.0059 1.0040
1.0050 1.0470
1.0047 1.0479
1.0035 1.0042
1.0042 1.0042
1.0044 1.0033
1.0050 1.0036
1.3166 1.2108
1.0122 1.0088
1.0048 1.0217
1.0047 1.0218
1.0039 1.0037
1.0040 1.0038
1.0038 1.0030
1.0036 1.0029
1.0038 1.0034
1.0040 1.0036
1.0033 1.0189
1.0032 1.0416
1.0041 1.0319
1.0041 1.0087
1.0046 1.0069
1.0052 1.0076
1.0056 1.0094
1.0051 1.0112
1.0055 1.0072
1.0056 1.0061
1.0066 1.0050
1.0068 1.0048
1.0048 1.0395
1.0048 1.0390
1.0072 1.0091
1.0069 1.0094
1.0046 1.0117
1.0053 1.0126
1.0093 1.0057
1.0097 1.0054
1.0052 1.0240
1.0047 1.0235
1.0041 1.0049
1.0038 1.0048
1.0033 1.0042
1.0032 1.0036
1.0040 1.0046
1.0037 1.0057
1.0044 1.0285
1.0042 1.0274
1.0055 1.0249
1.0057 1.0254
1.0056 1.0107
1.0056 1.0107
1.0045 1.0045
1.0048 1.0183
1.0033 1.0317
1.0032 1.0176
1.0042 1.0605
1.0040 1.0616
1.0044 1.0122
1.0041 1.0109
1.0038 1.0065
1.0038 1.0062
1.0039 1.0039
1.0038 1.0040
1.0032 1.0047
1.0034 1.0048
1.0037 1.0352
1.0038 1.0349
1.0040 1.0173
1.0036 1.0253
1.0035 1.0225
1.0033 1.0167
1.0036 1.0047
1.0034 1.0041
1.0029 1.0042
1.0032 1.0042
1.0035 1.0035
1.0032 1.0033
1.0031 1.0053
1.0032 1.0056
START----------
1.0042 1.0045
1.0044 1.0043
1.0045 1.0160
1.0048 1.0160
1.0039 1.0028
1.0040 1.0030
1.0044 1.0094
1.0040 1.0156
1.0052 1.0181
1.0055 1.0154
1.0051 1.0036
1.0050 1.0034
1.0034 1.0146
1.0032 1.0150
1.0045 1.0029
1.0045 1.0028
1.0054 1.0032
1.0055 1.0031
1.0038 1.0036
1.0037 1.0039
1.0041 1.0034
1.0043 1.0035
1.0044 1.0030
1.0044 1.0031
1.0049 1.0160
1.0049 1.0161
1.0038 1.0104
1.0038 1.0206
1.0047 1.0351
1.0047 1.0306
1.0042 1.0273
1.0040 1.0244
1.0102 1.0080
1.0106 1.0178
1.0049 1.0195
1.0045 1.0141
1.0053 1.0028
1.0054 1.0028
1.0048 1.0031
1.0050 1.0032
1.0078 1.0034
1.0081 1.0035
1.0083 1.0144
1.0082 1.0148
1.0060 1.0124
1.0065 1.0170
1.0066 1.0205
1.0063 1.0184
1.0130 1.0345
1.0126 1.0411
1.0075 1.0354
1.0074 1.0273
1.0072 1.0141
1.0072 1.0144
1.0044 1.0033
1.0043 1.0082
1.0045 1.0179
1.0044 1.0138
1.0056 1.0062
1.0058 1.0063
1.0070 1.0150
1.0065 1.0147
1.0036 1.0146
1.0035 1.0146
1.0035 1.0029
1.0035 1.0106
1.0063 1.0417
1.0063 1.0304
1.0046 1.0059
1.0047 1.0150
1.0049 1.0402
1.0057 1.0305
1.0089 1.0034
1.0078 1.0038
1.0048 1.0448
1.0046 1.0406
1.0041 1.0271
1.0044 1.0272
1.0038 1.0183
1.0036 1.0183
1.0164 1.0161
1.0164 1.0160
1.0043 1.0031
1.0045 1.0031
1.0039 1.0030
1.0037 1.0031
1.0038 1.0038
1.0038 1.0040
1.0040 1.0032
1.0041 1.0033
1.0041 1.0067
1.0040 1.0068
1.0043 1.0039
1.0043 1.0039
1.0047 1.0065
1.0046 1.0066
1.0045 1.0187
1.0047 1.0187
1.0051 1.0419
1.0052 1.0421
1.0049 1.0271
1.0044 1.0269
1.0044 1.0034
1.0074 1.0120
1.0182 1.0406
1.0120 1.0330
1.0034 1.0037
1.0037 1.0029
1.0046 1.0072
1.0045 1.0070
1.0049 1.0070
1.0047 1.0171
1.0037 1.0417
1.0038 1.0307
1.0049 1.0146
1.0050 1.0148
1.0053 1.0311
1.0052 1.0417
1.0046 1.0124
1.0044 1.0035
END----------
1.0039 1.0194
1.0039 1.0213
-1 -1
-1 -1
