
1.0373 1.0342
1.0036 1.0034
1.0034 1.0031
1.0038 1.0455
1.0040 1.0451
1.0031 1.0030
1.0032 1.0031
1.0038 1.0365
1.0045 1.0355
1.0039 1.0034
1.0040 1.0035
1.0039 1.0037
1.0042 1.0038
1.0038 1.0039
1.0040 1.0038
1.0045 1.0042
1.0040 1.0042
1.0036 1.0038
1.0037 1.0038
1.0036 1.0044
1.0038 1.0043
1.0048 1.0050
1.0047 1.0050
1.0044 1.0050
1.0042 1.0051
1.0045 1.0063
1.0046 1.0067
1.0044 1.0043
1.0045 1.0036
1.0050 1.0084
1.0046 1.0090
1.0056 1.0726
1.0074 1.0677
1.0068 1.0078
1.0060 1.0203
1.0059 1.0195
1.0061 1.0089
1.0052 1.0393
1.0046 1.0387
1.0056 1.0729
1.0062 1.0736
1.0040 1.0091
1.0035 1.0093
1.0042 1.0383
1.0046 1.0383
1.0065 1.0057
1.0071 1.0056
1.0047 1.0056
1.0048 1.0054
1.0073 1.0066
1.0073 1.0066
1.0075 1.0066
1.0072 1.0066
1.0047 1.0607
1.0049 1.0604
1.0049 1.0039
1.0059 1.0036
1.0078 1.0057
1.0080 1.0063
1.0080 1.0369
1.0089 1.0371
1.0094 1.0068
1.0082 1.0065
1.0113 1.0065
1.0110 1.0067
1.0053 1.0074
1.0051 1.0080
1.0054 1.0429
1.0051 1.0428
1.0040 1.0413
1.0039 1.0411
1.0077 1.0376
1.0080 1.0387
1.0041 1.0091
1.0039 1.0085
1.0034 1.0110
1.0035 1.0100
1.0023 1.0061
1.0026 1.0060
1.0030 1.0066
1.0030 1.0067
1.0048 1.0361
1.0051 1.0363
1.0039 1.0058
1.0040 1.0056
1.0045 1.0385
1.0047 1.0393
1.0060 1.0066
1.0054 1.0287
1.0046 1.0375
1.0044 1.0105
1.0038 1.0045
1.0039 1.0043
1.0037 1.0381
1.0043 1.0383
1.0050 1.0032
1.0046 1.0032
1.0033 1.0037
1.0035 1.0036
1.0035 1.0039
1.0035 1.0039
1.0033 1.0041
1.0033 1.0041
1.0039 1.0021
1.0042 1.0022
1.0040 1.0039
1.0038 1.0045
1.0048 1.0040
1.0055 1.0038
1.0047 1.0034
1.0046 1.0036
1.0039 1.0039
1.0038 1.0041
1.0035 1.0138
1.0036 1.0361
1.0050 1.0258
1.0049 1.0029
1.0047 1.0036
1.0048 1.0039
1.0047 1.0041
1.0047 1.0034
1.0047 1.0026
1.0046 1.0027
1.0042 1.0037
1.0049 1.0038
1.0046 1.0142
1.0044 1.0144
1.0031 1.0144
1.0029 1.0142
1.0042 1.0033
1.0042 1.0148
1.0046 1.0304
1.0041 1.0045
1.0032 1.0030
1.0035 1.0036
1.0038 1.0228
1.0035 1.0224
1.0038 1.0231
1.0037 1.0229
1.0036 1.0033
1.0038 1.0034
1.0039 1.0038
1.0041 1.0036
1.0281 1.0029
1.0280 1.0028
1.0031 1.0033
1.0031 1.0036
1.0038 1.0210
1.0035 1.0214
1.0034 1.0215
1.0036 1.0214
1.0040 1.0243
1.0041 1.0246
1.0042 1.0041
1.0040 1.0040
1.0045 1.0037
1.0048 1.0036
1.0044 1.0236
1.0045 1.0237
1.0042 1.0038
1.0043 1.0135
1.0064 1.0227
1.0066 1.0085
1.0052 1.0036
1.0051 1.0040
1.0033 1.0038
1.0033 1.0038
1.0035 1.0239
1.0033 1.0201
1.0039 1.0040
1.0040 1.0041
1.0037 1.0051
1.0035 1.0049
1.0037 1.0032
1.0038 1.0033
1.0033 1.0033
1.0034 1.0031
1.0045 1.0028
1.0045 1.0028
1.0036 1.0041
1.0035 1.0044
1.0043 1.0044
1.0045 1.0041
1.0046 1.0234
1.0045 1.0234
1.0046 1.0237
1.0041 1.0236
1.0034 1.0033
1.0037 1.0034
1.0034 1.0039
1.0034 1.0041
1.0030 1.0035
1.0031 1.0034
1.0031 1.0029
1.0035 1.0030
1.0038 1.0041
1.0038 1.0041
1.0040 1.0245
1.0039 1.0250
1.0033 1.0250
1.0033 1.0251
1.0035 1.0064
1.0034 1.0067
START----------
1.0023 1.0040
1.0022 1.0034
1.0019 1.0063
1.0020 1.0160
1.0020 1.0258
1.0021 1.0155
1.0027 1.0266
1.0026 1.0269
1.0025 1.0254
1.0024 1.0423
1.0026 1.0548
1.0024 1.0415
1.0026 1.0024
1.0026 1.0025
1.0030 1.0024
1.0033 1.0025
1.0024 1.0025
1.0024 1.0024
1.0023 1.0152
1.0023 1.0151
1.0025 1.0026
1.0027 1.0028
1.0027 1.0026
1.0028 1.0024
1.0029 1.0024
1.0028 1.0024
1.0027 1.0025
1.0026 1.0025
1.0029 1.0125
1.0031 1.0152
1.0027 1.0263
1.0027 1.0371
1.0026 1.0099
1.0027 1.0027
1.0028 1.0026
1.0029 1.0026
1.0029 1.0298
1.0029 1.0337
1.0029 1.0227
1.0030 1.0207
1.0028 1.0030
1.0030 1.0031
1.0030 1.0140
1.0029 1.0137
1.0024 1.0029
1.0025 1.0027
1.0025 1.0217
1.0023 1.0199
1.0024 1.0134
1.0025 1.0135
1.0026 1.0025
1.0026 1.0109
1.0029 1.0217
1.0031 1.0154
1.0028 1.0027
1.0029 1.0027
1.0021 1.0190
1.0020 1.0176
1.0021 1.0026
1.0023 1.0028
1.0193 1.0187
1.0177 1.0184
1.0027 1.0022
1.0028 1.0145
1.0029 1.0134
1.0026 1.0056
1.0024 1.0139
1.0024 1.0111
1.0027 1.0028
1.0028 1.0028
1.0024 1.0025
1.0025 1.0027
1.0029 1.0030
1.0028 1.0029
1.0028 1.0026
1.0029 1.0027
1.0023 1.0025
1.0024 1.0026
1.0026 1.0026
1.0026 1.0026
1.0024 1.0196
1.0022 1.0171
1.0026 1.0025
1.0029 1.0028
1.0027 1.0030
1.0028 1.0032
1.0027 1.0172
1.0026 1.0171
1.0026 1.0030
1.0025 1.0031
1.0022 1.0163
1.0023 1.0151
1.0027 1.0178
1.0027 1.0179
1.0027 1.0023
1.0126 1.0023
1.0155 1.0026
1.0048 1.0026
1.0031 1.0026
1.0030 1.0026
1.0026 1.0031
1.0027 1.0045
1.0033 1.0267
1.0031 1.0314
1.0028 1.0082
1.0028 1.0028
1.0027 1.0146
1.0025 1.0148
1.0024 1.0401
1.0024 1.0367
1.0311 1.0285
1.0355 1.0301
1.0196 1.0267
1.0170 1.0329
1.0024 1.0078
1.0027 1.0028
1.0027 1.0452
1.0027 1.0397
1.0025 1.0151
1.0025 1.0162
END----------
1.0025 1.0141
1.0023 1.0147
2.8315 1.0146
2.7593 -1
-1 -1
-1 -1
1.2123 1.1985
1.2269 1.2211
1.0084 1.0083
1.0061 1.0060
1.0236 1.0215
1.0234 1.0215
1.0044 1.0220
1.0042 1.0222
1.0031 1.0036
1.0032 1.0033
1.0034 1.0042
1.0035 1.0043
1.0037 1.0048
1.0040 1.0050
1.0043 1.0051
1.0040 1.0052
1.0036 1.0264
1.0036 1.0262
1.0037 1.0452
1.0038 1.0449
1.0043 1.0065
1.0043 1.0064
1.0043 1.0045
1.0043 1.0150
1.0052 1.0329
1.0054 1.0265
1.0044 1.0630
1.0043 1.0748
1.0041 1.0299
1.0044 1.0091
1.0052 1.0119
1.0047 1.0251
1.0040 1.0366
1.0042 1.0437
1.0047 1.0181
1.0046 1.0058
1.0058 1.0244
1.0064 1.0249
1.0052 1.0108
1.0051 1.0104
1.0037 1.0080
1.0036 1.0089
1.0049 1.0081
1.0053 1.0071
1.0077 1.0058
1.0078 1.0056
1.0058 1.0274
1.0055 1.0275
1.0049 1.0032
1.0048 1.0032
1.0036 1.0439
1.0034 1.0446
1.0048 1.0032
1.0046 1.0032
1.0031 1.0235
1.0031 1.0235
1.0031 1.0035
1.0031 1.0036
1.0042 1.0049
1.0043 1.0052
1.0060 1.0040
1.0055 1.0035
1.0045 1.0099
1.0044 1.0098
1.0052 1.0031
1.0052 1.0030
1.0033 1.0030
1.0029 1.0027
1.0031 1.0032
1.0033 1.0034
1.0031 1.0223
1.0029 1.0221
START----------
1.0039 1.0033
1.0036 1.0035
1.0031 1.0147
1.0032 1.0150
1.0027 1.0028
1.0027 1.0027
1.0027 1.0029
1.0028 1.0028
1.0025 1.0025
1.0025 1.0025
1.0026 1.0159
1.0026 1.0158
1.0027 1.0148
1.0027 1.0148
1.0026 1.0372
1.0025 1.0410
1.0026 1.0670
1.0026 1.0718
1.0027 1.0243
1.0027 1.0257
1.0028 1.0219
1.0027 1.0141
1.0031 1.0133
1.0029 1.0141
1.0028 1.0133
1.0027 1.0138
1.0027 1.0280
1.0027 1.0269
1.0032 1.0268
1.0033 1.0271
1.0030 1.0148
1.0030 1.0148
1.0029 1.0027
1.0030 1.0029
1.0029 1.0152
1.0028 1.0152
1.0032 1.0035
1.0033 1.0034
1.0024 1.0028
1.0025 1.0028
1.0029 1.0156
1.0030 1.0155
1.0138 1.0031
1.0124 1.0031
1.0026 1.0031
1.0026 1.0033
1.0027 1.0163
1.0024 1.0160
1.0026 1.0121
1.0028 1.0125
1.0030 1.0029
1.0029 1.0029
1.0028 1.0288
1.0028 1.0282
1.0026 1.0201
1.0026 1.0279
1.0031 1.0191
1.0031 1.0155
1.0026 1.0141
1.0028 1.0140
1.0031 1.0025
1.0029 1.0025
1.0029 1.0024
1.0030 1.0026
1.0028 1.0026
1.0028 1.0027
1.0030 1.0028
1.0029 1.0028
1.0027 1.0028
1.0029 1.0028
1.0028 1.0146
1.0028 1.0144
1.0026 1.0026
1.0026 1.0026
1.0027 1.0027
1.0027 1.0026
1.0027 1.0153
1.0027 1.0155
1.0026 1.0027
1.0027 1.0081
1.0023 1.0430
1.0024 1.0333
1.0027 1.0140
1.0026 1.0150
1.0027 1.0140
1.0028 1.0169
1.0029 1.0269
1.0029 1.0206
1.0031 1.0028
1.0032 1.0028
1.0030 1.0438
1.0030 1.0429
1.0021 1.0127
1.0022 1.0130
1.0029 1.0303
1.0029 1.0405
1.0128 1.0192
1.0158 1.0149
1.0057 1.0057
1.0034 1.0164
1.0030 1.0238
1.0030 1.0153
1.0031 1.0030
1.0032 1.0031
1.0153 1.0152
1.0150 1.0150
1.0026 1.0155
1.0027 1.0153
1.0097 1.0140
1.0099 1.0144
1.0031 1.0026
1.0032 1.0027
1.0028 1.0172
1.0028 1.0171
1.0129 1.0134
1.0130 1.0229
1.0025 1.0142
1.0025 1.0053
1.0027 1.0147
1.0027 1.0158
END----------
1.0027 1.0276
1.0028 1.0262
1.0035 1.0027
1.0033 1.0033
1.0037 1.0028
1.0037 1.0028
1.0038 1.0030
1.0038 1.0124
1.0038 1.0461
1.0034 1.0350
1.0027 1.0045
1.0032 1.0050
1.0045 1.0374
1.0042 1.0371
1.0206 1.0059
1.0237 1.0061
1.1836 5.4498
1.0075 1.1191
1.0030 1.0228
1.0028 1.0233
1.0034 1.0241
1.0037 1.0239
1.0036 1.0039
1.0037 1.0041
1.0040 1.0041
1.0042 1.0042
1.0035 1.0040
1.0036 1.0042
1.0041 1.0056
1.0040 1.0209
1.0031 1.0159
1.0034 1.0052
1.0038 1.0064
1.0039 1.0068
1.0036 1.0061
1.0037 1.0054
1.0041 1.0073
1.0042 1.0074
1.0037 1.0263
1.0038 1.0260
1.0033 1.0095
1.0032 1.0092
1.0033 1.0047
1.0031 1.0050
1.0027 1.0071
1.0030 1.0067
1.0041 1.0042
1.0038 1.0041
1.0037 1.0041
1.0035 1.0041
1.0040 1.0310
1.0039 1.0314
1.0045 1.0511
1.0045 1.0505
1.0033 1.0231
1.0031 1.0231
1.0034 1.0041
1.0034 1.0042
1.0037 1.0043
1.0037 1.0044
1.0036 1.0060
1.0037 1.0065
1.0042 1.0104
1.0041 1.0110
1.0036 1.0215
1.0038 1.0208
1.0044 1.0030
1.0044 1.0030
1.0050 1.0567
1.0049 1.0565
1.0040 1.0231
1.0039 1.0230
1.0027 1.0234
1.0031 1.0235
1.0038 1.0192
1.0036 1.0191
1.0038 1.0199
1.0037 1.0197
1.0031 1.0044
1.0032 1.0046
1.0024 1.0174
1.0021 1.0171
1.0035 1.0060
1.0036 1.0060
1.0040 1.0050
1.0042 1.0049
1.0060 1.0337
1.0060 1.0341
START----------
1.0033 1.0042
1.0030 1.0037
1.0033 1.0030
1.0033 1.0030
1.0028 1.0030
1.0027 1.0030
1.0032 1.0277
1.0033 1.0275
1.0030 1.0176
1.0028 1.0212
1.0034 1.0392
1.0033 1.0431
1.0032 1.0141
1.0035 1.0115
1.0030 1.0202
1.0028 1.0229
1.0032 1.0297
1.0033 1.0266
1.0030 1.0142
1.0030 1.0140
1.0028 1.0029
1.0028 1.0029
1.0027 1.0140
1.0028 1.0140
1.0030 1.0251
1.0030 1.0306
1.0033 1.0252
1.0033 1.0180
1.0029 1.0150
1.0029 1.0121
1.0031 1.0302
1.0033 1.0326
1.0031 1.0618
1.0032 1.0549
1.0033 1.0031
1.0033 1.0043
1.0028 1.0185
1.0027 1.0207
1.0027 1.0148
1.0028 1.0146
1.0025 1.0030
1.0027 1.0031
1.0029 1.0149
1.0028 1.0150
1.0025 1.0147
1.0026 1.0150
1.0031 1.0157
1.0030 1.0154
1.0030 1.0419
1.0029 1.0528
1.0031 1.0248
1.0032 1.0149
1.0035 1.0145
1.0034 1.0249
1.0030 1.0344
1.0031 1.0273
1.0027 1.0031
1.0027 1.0031
1.0031 1.0288
1.0030 1.0279
1.0030 1.0260
1.0029 1.0259
1.0032 1.0026
1.0033 1.0027
1.0029 1.0152
1.0030 1.0149
1.0030 1.0032
1.0032 1.0032
1.0030 1.0030
1.0030 1.0029
1.0064 1.0031
1.0129 1.0031
1.0062 1.0155
1.0028 1.0156
1.0032 1.0333
1.0031 1.0413
1.0032 1.0114
1.0031 1.0036
1.0029 1.0031
1.0028 1.0119
1.0033 1.0151
1.0034 1.0055
1.0030 1.0028
1.0027 1.0028
1.0031 1.0024
1.0031 1.0024
1.0030 1.0154
1.0031 1.0153
1.0026 1.0026
1.0026 1.0026
1.0027 1.0055
1.0026 1.0139
1.0029 1.0076
1.0029 1.0027
1.0032 1.0030
1.0032 1.0030
1.0029 1.0029
1.0028 1.0031
1.0030 1.0034
1.0032 1.0033
1.0031 1.0029
1.0031 1.0030
1.0142 1.0030
1.0142 1.0031
1.0028 1.0025
1.0031 1.0024
1.0028 1.0147
1.0030 1.0149
1.0033 1.0302
1.0032 1.0293
1.0030 1.0244
1.0031 1.0248
1.0033 1.0220
1.0036 1.0266
1.0034 1.0192
1.0032 1.0176
1.0036 1.0277
1.0035 1.0329
1.0033 1.0312
1.0033 1.0287
END----------
1.0035 1.0327
1.0036 1.0328
1.2009 -1
-1 -1
