
1.0363 1.0397
1.0036 1.0032
1.0035 1.0031
1.0035 1.0385
1.0037 1.0386
1.0047 1.0051
1.0044 1.0047
1.0052 1.0030
1.0045 1.0029
1.0037 1.0144
1.0037 1.0147
1.0031 1.0043
1.0025 1.0041
1.0042 1.0043
1.0043 1.0044
1.0042 1.0046
1.0040 1.0043
1.0036 1.0029
1.0033 1.0031
1.0030 1.0037
1.0033 1.0038
1.0040 1.0039
1.0036 1.0038
1.0037 1.0045
1.0038 1.0044
1.0064 1.0052
1.0060 1.0049
1.0057 1.0039
1.0059 1.0036
1.0048 1.0035
1.0050 1.0031
1.0057 1.0358
1.0073 1.0362
1.0053 1.0040
1.0037 1.0038
1.0032 1.0040
1.0037 1.0040
1.0048 1.0167
1.0045 1.0171
1.0054 1.0069
1.0056 1.0066
1.0050 1.0055
1.0059 1.0052
1.0057 1.0404
1.0048 1.0416
1.0080 1.0165
1.0076 1.0215
1.0053 1.0203
1.0051 1.0088
1.0056 1.0029
1.0075 1.0034
1.0048 1.0055
1.0037 1.0384
1.0102 1.0428
1.0107 1.0166
1.0089 1.0058
1.0097 1.0060
1.0049 1.0050
1.0040 1.0061
1.0084 1.0063
1.0070 1.0059
1.0042 1.0195
1.0042 1.0194
1.0066 1.0073
1.0065 1.0073
1.0041 1.0048
1.0067 1.0047
1.0081 1.0035
1.0062 1.0037
1.0121 1.0049
1.0120 1.0055
1.0053 1.0036
1.0053 1.0033
1.0039 1.0035
1.0032 1.0034
1.0037 1.0064
1.0035 1.0062
1.0056 1.0049
1.0052 1.0054
1.0044 1.0039
1.0046 1.0038
1.0053 1.0044
1.0052 1.0065
1.0039 1.0889
1.0039 1.0868
1.0068 1.0056
1.0075 1.0055
1.0064 1.0044
1.0068 1.0040
1.0035 1.0039
1.0036 1.0041
1.0045 1.0367
1.0045 1.0367
1.0037 1.0413
1.0040 1.0407
1.0037 1.0410
1.0035 1.0407
1.0027 1.0045
1.0026 1.0042
1.0040 1.0057
1.0041 1.0057
1.0025 1.0063
1.0021 1.0132
1.0033 1.0164
1.0036 1.0048
1.0045 1.0042
1.0047 1.0041
1.0031 1.0040
1.0030 1.0037
1.0033 1.0031
1.0034 1.0031
1.0051 1.0034
1.0054 1.0033
1.0048 1.0246
1.0044 1.0247
1.0043 1.0342
1.0046 1.0343
1.0043 1.0026
1.0042 1.0028
1.0038 1.0332
1.0039 1.0331
1.0050 1.0071
1.0048 1.0071
1.0038 1.0029
1.0039 1.0030
1.0052 1.0038
1.0052 1.0040
1.0053 1.0361
1.0053 1.0355
1.0049 1.0056
1.0048 1.0057
1.0064 1.0057
1.0061 1.0048
1.0033 1.0036
1.0035 1.0038
1.0039 1.0035
1.0038 1.0032
1.0040 1.0037
1.0042 1.0038
1.0035 1.0034
1.0035 1.0032
1.0035 1.0033
1.0033 1.0038
1.0029 1.0042
1.0028 1.0044
1.0034 1.0040
1.0034 1.0041
1.0030 1.0040
1.0031 1.0037
1.0032 1.0037
1.0033 1.0038
1.0037 1.0099
1.0039 1.0099
1.0035 1.0038
1.0032 1.0038
1.0037 1.0036
1.0037 1.0036
1.0038 1.0035
1.0036 1.0037
1.0029 1.0040
1.0030 1.0041
1.0039 1.0039
1.0040 1.0038
1.0037 1.0037
1.0033 1.0037
1.0028 1.0043
1.0027 1.0042
1.0039 1.0044
1.0039 1.0046
1.0034 1.0048
1.0037 1.0045
1.0035 1.0036
1.0034 1.0039
1.0038 1.0160
1.0038 1.0160
1.0034 1.0044
1.0034 1.0043
1.0036 1.0057
1.0041 1.0055
1.0043 1.0052
1.0043 1.0054
1.0056 1.0040
1.0059 1.0036
1.0050 1.0076
1.0044 1.0074
1.0038 1.0034
1.0036 1.0033
1.0033 1.0102
1.0036 1.0193
1.0034 1.0122
1.0032 1.0033
1.0037 1.0043
1.0038 1.0175
1.0039 1.0247
1.0038 1.0091
1.0035 1.0041
1.0038 1.0041
1.0045 1.0054
1.0044 1.0058
1.0051 1.0058
1.0049 1.0194
1.0044 1.0210
1.0045 1.0098
START----------
1.0044 1.0033
1.0041 1.0028
1.0025 1.0019
1.0025 1.0020
1.0233 1.0026
1.0214 1.0026
1.0027 1.0027
1.0028 1.0024
1.0026 1.0023
1.0026 1.0024
1.0026 1.0025
1.0025 1.0024
1.0029 1.0238
1.0028 1.0239
1.0025 1.0027
1.0025 1.0026
1.0024 1.0027
1.0024 1.0028
1.0025 1.0146
1.0026 1.0160
1.0026 1.0029
1.0025 1.0029
1.0025 1.0028
1.0025 1.0024
1.0030 1.0025
1.0029 1.0028
1.0030 1.0027
1.0026 1.0025
1.0026 1.0025
1.0027 1.0025
1.0026 1.0025
1.0028 1.0026
1.0028 1.0025
1.0026 1.0025
1.0029 1.0023
1.0030 1.0023
1.0026 1.0181
1.0024 1.0255
1.0031 1.0355
1.0030 1.0238
1.0025 1.0195
1.0027 1.0201
1.0027 1.0172
1.0027 1.0188
1.0028 1.0127
1.0028 1.0105
1.0027 1.0109
1.0027 1.0139
1.0027 1.0315
1.0026 1.0295
1.0024 1.0252
1.0023 1.0252
1.0032 1.0285
1.0032 1.0314
1.0027 1.0189
1.0027 1.0165
1.0029 1.0028
1.0028 1.0137
1.0028 1.0121
1.0030 1.0025
1.0028 1.0026
1.0027 1.0028
1.0026 1.0185
1.0027 1.0158
1.0028 1.0176
1.0028 1.0178
1.0025 1.0028
1.0023 1.0029
1.0027 1.0153
1.0027 1.0137
1.0029 1.0070
1.0027 1.0149
1.0024 1.0250
1.0026 1.0333
1.0022 1.0934
1.0022 1.0804
1.0024 1.0051
1.0024 1.0024
1.0030 1.0313
1.0030 1.0293
1.0025 1.0211
1.0025 1.0212
1.0027 1.0135
1.0026 1.0137
1.0023 1.0024
1.0023 1.0022
1.0022 1.0153
1.0022 1.0164
1.0024 1.0344
1.0025 1.0314
1.0030 1.0159
1.0030 1.0154
1.0027 1.0386
1.0027 1.0418
1.0026 1.0025
1.0026 1.0024
1.0029 1.0026
1.0029 1.0025
1.0029 1.0154
1.0029 1.0161
1.0029 1.0228
1.0031 1.0217
1.0158 1.0025
1.0170 1.0025
1.0026 1.0165
1.0024 1.0243
1.0029 1.0143
1.0029 1.0049
1.0028 1.0187
1.0028 1.0204
1.0034 1.0024
1.0033 1.0025
1.0029 1.0027
1.0028 1.0025
1.0027 1.0146
1.0026 1.0147
1.0087 1.0031
1.0077 1.0028
1.0033 1.0024
1.0030 1.0025
END----------
1.0028 1.0028
1.0028 1.0028
1.8362 -1
1.7494 -1
-1 -1
-1 -1
1.2309 1.1694
1.2461 1.1962
1.0087 1.0085
1.0060 1.0059
1.0042 1.0095
1.0039 1.0222
1.0031 1.0229
1.0032 1.0087
1.0042 1.0037
1.0044 1.0038
1.0036 1.0038
1.0038 1.0038
1.0040 1.0040
1.0041 1.0043
1.0038 1.0048
1.0046 1.0052
1.0050 1.0047
1.0051 1.0044
1.0052 1.0247
1.0048 1.0252
1.0036 1.0260
1.0035 1.0462
1.0048 1.0740
1.0049 1.0498
1.0040 1.0043
1.0041 1.0239
1.0033 1.0233
1.0032 1.0037
1.0040 1.0026
1.0040 1.0023
1.0053 1.0072
1.0058 1.0079
1.0052 1.0069
1.0048 1.0261
1.0059 1.0480
1.0062 1.0290
1.0066 1.0093
1.0075 1.0078
1.0067 1.0277
1.0054 1.0271
1.0049 1.0055
1.0055 1.0056
1.0040 1.0189
1.0041 1.0188
1.0038 1.0034
1.0035 1.0038
1.0044 1.0234
1.0044 1.0224
1.0054 1.0051
1.0049 1.0052
1.0038 1.0056
1.0040 1.0058
1.0040 1.0048
1.0038 1.0042
1.0034 1.0031
1.0033 1.0030
1.0035 1.0246
1.0037 1.0254
1.0046 1.0048
1.0046 1.0041
1.0046 1.0035
1.0046 1.0037
1.0037 1.0190
1.0040 1.0191
1.0037 1.0037
1.0034 1.0035
1.0045 1.0094
1.0045 1.0095
1.0043 1.0236
1.0044 1.0194
1.0038 1.0043
1.0039 1.0043
START----------
1.0036 1.0038
1.0034 1.0098
1.0027 1.0194
1.0026 1.0260
1.0025 1.0110
1.0025 1.0139
1.0022 1.0229
1.0022 1.0136
1.0025 1.0023
1.0025 1.0022
1.0024 1.0024
1.0026 1.0024
1.0024 1.0022
1.0024 1.0023
1.0028 1.0031
1.0030 1.0032
1.0032 1.0111
1.0031 1.0109
1.0028 1.0154
1.0029 1.0153
1.0033 1.0028
1.0035 1.0107
1.0031 1.0142
1.0031 1.0062
1.0025 1.0030
1.0024 1.0029
1.0024 1.0145
1.0025 1.0143
1.0027 1.0146
1.0028 1.0145
1.0027 1.0028
1.0025 1.0036
1.0027 1.0518
1.0027 1.0515
1.0029 1.0033
1.0028 1.0028
1.0032 1.0030
1.0033 1.0026
1.0117 1.0231
1.0117 1.0260
1.0027 1.0053
1.0027 1.0024
1.0026 1.0072
1.0027 1.0138
1.0026 1.0298
1.0026 1.0286
1.0029 1.0318
1.0028 1.0314
1.0028 1.0279
1.0029 1.0364
1.0025 1.0399
1.0024 1.0273
1.0031 1.0022
1.0031 1.0023
1.0027 1.0027
1.0027 1.0028
1.0185 1.0026
1.0171 1.0025
1.0029 1.0026
1.0029 1.0027
1.0148 1.0023
1.0147 1.0022
1.0025 1.0026
1.0026 1.0025
1.0027 1.0140
1.0028 1.0147
1.0026 1.0151
1.0025 1.0145
1.0025 1.0025
1.0025 1.0023
1.0029 1.0142
1.0027 1.0139
1.0027 1.0026
1.0027 1.0026
1.0032 1.0025
1.0032 1.0025
1.0028 1.0151
1.0027 1.0149
1.0028 1.0067
1.0029 1.0134
1.0027 1.0158
1.0027 1.0114
1.0031 1.0027
1.0032 1.0104
1.0031 1.0123
1.0029 1.0050
1.0151 1.0025
1.0154 1.0027
1.0125 1.0086
1.0218 1.0087
1.0227 1.0264
1.0151 1.0258
1.0220 1.0191
1.0218 1.0196
1.0146 1.0026
1.0148 1.0027
1.0030 1.0152
1.0030 1.0150
1.0138 1.0317
1.0140 1.0324
1.0029 1.0125
1.0028 1.0121
1.0027 1.0395
1.0029 1.0396
1.0160 1.0169
1.0156 1.0140
1.0030 1.0120
1.0030 1.0126
1.0029 1.0380
1.0029 1.0386
1.0142 1.0311
1.0140 1.0248
1.0029 1.0143
1.0029 1.0140
1.0030 1.0134
1.0030 1.0140
1.0027 1.0026
1.0028 1.0025
1.0028 1.0281
1.0028 1.0290
END----------
1.0291 1.0148
1.0269 1.0145
1.0035 1.0026
1.0045 1.0030
1.0493 1.0030
1.0439 1.0033
1.0038 1.0032
1.0034 1.0029
1.0042 1.0050
1.0047 1.0046
1.0367 1.0086
1.0481 1.0137
1.0153 1.0331
1.0041 1.0344
1.0053 1.0408
1.0052 1.0472
1.2372 1.2274
1.0092 1.0068
1.0034 1.0105
1.0035 1.0107
1.0035 1.0101
1.0037 1.0104
1.0044 1.0039
1.0043 1.0068
1.0042 1.0483
1.0043 1.0417
1.0041 1.0034
1.0041 1.0036
1.0038 1.0228
1.0037 1.0227
1.0228 1.0224
1.0231 1.0229
1.0040 1.0043
1.0042 1.0043
1.0038 1.0036
1.0038 1.0034
1.0037 1.0037
1.0034 1.0037
1.0041 1.0310
1.0128 1.0313
1.0231 1.0237
1.0100 1.0238
1.0046 1.0552
1.0046 1.0681
1.0046 1.0414
1.0047 1.0333
1.0049 1.0419
1.0050 1.0556
1.0040 1.0115
1.0041 1.0052
1.0043 1.0040
1.0042 1.0043
1.0237 1.0060
1.0234 1.0062
1.0037 1.0053
1.0033 1.0044
1.0032 1.0237
1.0033 1.0240
1.0099 1.0259
1.0101 1.0271
1.0038 1.0263
1.0039 1.0248
1.0240 1.0519
1.0237 1.0516
1.0038 1.0050
1.0039 1.0111
1.0039 1.0864
1.0039 1.0866
1.0029 1.0858
1.0026 1.0654
1.0036 1.0723
1.0036 1.0720
1.0031 1.0058
1.0033 1.0058
1.0046 1.0051
1.0043 1.0050
1.0047 1.0248
1.0047 1.0244
1.0036 1.0053
1.0039 1.0057
1.0042 1.0185
1.0037 1.0178
1.0110 1.0113
1.0114 1.0115
1.0055 1.0043
1.0055 1.0043
1.0047 1.0305
1.0045 1.0304
START----------
1.0041 1.0362
1.0041 1.0336
1.0036 1.0277
1.0036 1.0256
1.0034 1.0052
1.0032 1.0108
1.0031 1.0209
1.0030 1.0170
1.0032 1.0195
1.0030 1.0165
1.0041 1.0149
1.0041 1.0154
1.0037 1.0288
1.0040 1.0386
1.0034 1.0115
1.0034 1.0029
1.0134 1.0029
1.0139 1.0030
1.0143 1.0025
1.0140 1.0025
1.0029 1.0029
1.0028 1.0028
1.0027 1.0029
1.0028 1.0028
1.0028 1.0292
1.0027 1.0291
1.0137 1.0283
1.0138 1.0285
1.0029 1.0132
1.0028 1.0224
1.0029 1.0360
1.0029 1.0296
1.0032 1.0181
1.0031 1.0181
1.0030 1.0148
1.0031 1.0144
1.0031 1.0236
1.0029 1.0234
1.0030 1.0140
1.0030 1.0148
1.0029 1.0029
1.0029 1.0029
1.0028 1.0028
1.0027 1.0027
1.0025 1.0027
1.0025 1.0028
1.0029 1.0034
1.0030 1.0034
1.0033 1.0035
1.0030 1.0035
1.0032 1.0166
1.0033 1.0164
1.0033 1.0032
1.0036 1.0032
1.0035 1.0061
1.0034 1.0158
1.0033 1.0168
1.0034 1.0112
1.0034 1.0106
1.0034 1.0153
1.0036 1.0055
1.0035 1.0030
1.0035 1.0145
1.0036 1.0145
1.0032 1.0231
1.0031 1.0272
1.0035 1.0183
1.0033 1.0120
1.0032 1.0267
1.0033 1.0228
1.0041 1.0030
1.0041 1.0031
1.0034 1.0030
1.0035 1.0030
1.0050 1.0030
1.0048 1.0030
1.0185 1.0031
1.0186 1.0031
1.0158 1.0160
1.0157 1.0157
1.0163 1.0127
1.0140 1.0126
1.0032 1.0283
1.0032 1.0281
1.0032 1.0030
1.0033 1.0029
1.0030 1.0271
1.0030 1.0274
1.0034 1.0027
1.0034 1.0027
1.0032 1.0046
1.0031 1.0113
1.0031 1.0237
1.0030 1.0141
1.0116 1.0027
1.0116 1.0054
1.0122 1.0147
1.0155 1.0119
1.0044 1.0033
1.0035 1.0034
1.0040 1.0031
1.0038 1.0031
1.0034 1.0031
1.0034 1.0031
1.0034 1.0150
1.0034 1.0153
1.0125 1.0116
1.0159 1.0118
1.0279 1.0094
1.0248 1.0095
1.0424 1.0292
1.0415 1.0287
1.0150 1.0284
1.0151 1.0284
1.0157 1.0031
1.0158 1.0031
1.0218 1.0158
1.0304 1.0160
1.0297 1.0150
1.0301 1.0147
END----------
1.0188 1.0033
1.0158 1.0033
-1 -1
-1 -1
