30296024
30297220
30297352
30249080
30304404
30214524
30271184
30254700
30276908
30422144
30483884
31035812
29653436
30716436
30721564
30308404
30549748
30224508
30623644
30625216
30625764
31660820
31516276
31516160
31516096
31516188
32827600
35122008
33007736
30854256
30256496
31790500
30735460
30387148
32040504
31201888
30225412
34569724
32381644
30369436
30295556
30887224
30248624
30267044
30310852
30299956
31668336
29842484
30300700
29975360
30324216
29550532
29238052
29629876
29737068
30115816
29612392
30474136
31319908
31329588
31780308
31499156
30420376
30266420
30265656
33446416
30806500
30258416
30882664
30242448
35724588
33565904
31401656
30889896
30271472
30243756
29573292
28791120
30166464
31766176
30199700
30232472
30239428
30241088
32597860
31705116
30731212
31185384
31167756
31165748
31166452
31167884
32480024
32480388
32848732
31677140
31677380
31676756
31676408
31677208
32988556
32059884
34764300
32362388
30267088
30428072
30256392
30281228
30270144
30192892
30150304
30705512
31840828
34308384
31141028
31789916
30031464
30227388
30540260
29799600
30309368
30931492
30972400
30973120
31776620
32023992
37459664
34742888
34889348
35081496
35089288
35272168
34273032
31921988
30236252
31062948
30262128
30240572
29556964
30061988
34003304
34484200
32988188
33019272
30756640
30189172
30339988
29657948
30270740
30000656
29504248
31397020
32389680
30246212
30737700
30240172
31371312
31033004
29630624
30438056
30208012
30235184
29830952
29532428
30051928
29928260
29692552
29472336
32265112
30057292
29789248
29381564
30480592
30465112
30978340
29430468
30191852
30559884
29341692
29488500
30180152
30439392
29759772
29269020
31735460
32208580
32008244
31375696
32394772
33087440
31034164
30261144
31621432
30302352
30233620
30214328
30687988
31786476
29560568
29565852
31106220
31610508
32834968
30782504
30249928
29985720
30193084
30766456
30270624
31196880
31715384
31716340
31716352
31283656
30835064
36785224
34207168
33097324
33098684
33011028
34196528
31843816
30332956
30316896
30260648
33728876
31526244
30330120
30303876
30291180
30876540
30887300
30204836
30208844
31234752
30409332
29226988
29589548
29581424
30047316
32217344
32218844
31613620
34133544
32015816
30287512
30318848
30395756
30381032
30584060
30306480
30706308
30599600
31604844
31867196
30565524
30313876
30353548
33443512
32785708
32344828
32360672
32360800
32360036
33409088
33408644
33409248
36233936
33915612
30246184
29989832
30028488
31311308
31589364
33961260
30918772
33551908
34620640
32659124
31307412
30301020
33571240
29649700
30237256
31200188
30580816
29833660
29708004
29564408
28648388
29163292
29827852
30407192
29538796
29917872
29996332
29950864
30595904
30237016
30253096
30405820
30295180
30284472
30299752
30947844
30581388
30261404
30220156
30768112
31185924
31801912
29786824
29622628
30682296
29395324
30247992
30464160
29453008
30308276
30286728
30748032
30967252
29947620
31379968
30428372
30195392
30185256
30759200
30206188
31319616
30275592
31303640
30623884
29499680
30019540
31530872
31533804
31534680
29849564
30525064
30526052
30526764
35544568
32957860
33213868
31215548
31042828
31066784
31066764
31067200
31677568
31262848
37290952
35106564
31726104
32033644
32474856
32474888
33436548
31386100
32773756
30561244
30186548
30274604
30253220
30289364
30263600
30274836
30257280
30966000
30221172
30070608
29744336
30553992
30041516
30165192
30138040
30104064
29531580
29391832
30098756
30601064
30618092
30618912
31540476
31235124
31235448
31235972
39216404
37055252
34932724
32424172
30898204
30457912
30287028
30670124
30217988
31321608
29931076
30092128
30950288
30129636
30367588
30737744
29271756
29865976
30290260
29322644
30266124
30237924
29909448
30084312
30162868
30085208
31282216
29543872
30245060
30079240
29077596
31264880
29687724
30308156
30280028
29990884
30130736
29890420
29505404
29599420
29495844
29696344
30195292
30219516
30269020
30273512
30271608
33086496
32312628
30968852
30176928
29264396
30953816
29708280
29789588
30681712
30692172
30691496
30313352
30265316
34976676
32433556
33193276
30876120
31664124
32536724
32539284
32540128
32802756
31508740
31526812
31526500
31527372
31527392
30268824
33576740
33615656
34244600
33746140
33745088
35678264
33382404
31324432
30282312
36613488
34201840
31801004
30227268
30238656
30194664
30205756
30202888
29185728
30245576
31095632
30120880
29527792
31054892
29636680
30044736
30737808
29361540
30215404
30351036
29436412
29883348
30178676
31281876
30307840
30257532
29823332
29561568
32168576
29737768
29955592
30206636
33989572
31554832
35198936
35092208
35837068
35862764
35863252
35863244
35677276
34914028
34914360
34914216
35803612
33420388
36255876
35951944
35243824
35252460
35253532
40870080
38489652
36348048
34162308
31773308
34682876
32551224
30507288
30269692
32301852
30109332
29970948
30801956
29649404
34176980
32309612
30201448
30341340
31625204
29007856
29088252
30660208
31114620
30325084
30325676
32945524
30923296
30333640
33154784
31039152
30303064
30211100
30568060
31041968
32457744
29643444
29592480
30951556
29443664
32046596
31327176
29966656
30273124
31360888
29438540
29925492
30390256
30057612
29893964
30075764
29301188
29687368
30022748
30072176
29464440
29783816
29508680
32301360
29927832
29879272
30056612
30024724
29243936
29567700
29629616
30241920
31804592
31931048
32574488
30870388
33564844
31148092
30311172
30198856
30257492
30158760
30212932
30192164
30139036
30986288
31071916
30181696
30029464
29908564
30109036
30495580
30131520
30238988
30256480
30256184
30257680
30822984
30838948
30839668
31236372
31237148
30335704
30256472
31579520
30886172
35772848
35781608
35783412
35783504
35782480
36570768
36570560
36570664
36570220
35873052
35973392
35467564
37583628
34031820
31399860
30720804
29529268
30048628
30260316
29339788
30192244
31228132
30279596
31222048
31629376
29505816
35010320
35703320
35728292
35728688
36201400
34781912
34781440
34782612
34782520
35872784
35880276
35882212
35881388
34080744
31412820
30306820
30402888
29612744
30894248
32731540
32731468
32732204
37178312
37041944
37057928
37059060
37538312
35283976
36785140
34421272
32458984
30214548
33940804
32259580
30239980
31251776
31693500
32913268
29259088
29437232
31147764
30255912
30303888
30196744
29187524
29216224
29158000
29494168
30664200
30200676
30223804
31397164
30326480
30246076
30317608
30307736
30258228
30508620
30294128
30272908
29861972
30433544
30428068
29491336
29584220
33776844
31633372
30215980
30576312
30731632
30755548
30755944
30756656
31281296
33366112
33396304
31706084
30209872
30207344
30648708
31007568
32064148
30276184
30579896
34892348
31788076
30277292
30265240
29966472
29386584
28917064
29165760
29219096
30258468
29361892
29731448
30292608
30902504
29983040
30162788
30238596
29890080
29303240
29801872
29804020
29956860
30815208
29400964
29961736
29966276
30180288
34046492
32306164
32579836
32258896
31579028
31588688
31606040
30279500
30252668
30604016
32861936
30657464
30315088
30521232
30307168
30305696
30317012
31360044
30277892
30185624
29871484
28830572
29873320
30128676
30837488
31337780
28943456
29264148
30035812
31809452
30257948
30423276
30329024
30257016
30944892
30754124
30294756
30293408
30167496
30528860
30918948
30078768
30827420
30843304
30843756
30641268
30340256
30329416
31312968
30302408
29785456
30884020
32290360
32307184
32282804
32285580
32285276
32286492
32284224
33095888
33097452
33098120
33004936
32021828
30306560
30223184
31243156
31514204
31538704
32956568
33549440
33015984
30895396
30299736
30243856
33947892
31728392
30245228
30246628
30321976
29286980
30291864
30007432
28998384
29597832
30195988
30566504
30848772
31555424
30751688
32609804
32909384
31684124
31692444
31693512
31693756
31694688
31275552
34123592
31789684
30145044
30520512
30520508
30520048
30521140
31627160
30286768
34358756
33173964
30767208
30914704
30252168
30285076
32677832
30429236
30537440
29487092
29884992
30256832
31328056
30100648
30223856
29868604
30173348
29340372
29765200
29824456
30577912
30030212
30551844
30278952
32616680
30361864
30284096
30502488
30291552
30207984
30225208
30280936
30200308
30680740
30690608
29270668
29462016
30604000
29996224
30065316
30491420
29544928
30074124
30463400
29423284
30027236
30127252
29350952
29880104
30158392
29192496
29935272
31236808
32357876
30195668
30269708
30235912
30253640
30653220
30271572
31262984
30272124
31226816
31032848
30087788
30252616
31105320
30588396
29922864
30051900
30199096
29741816
29603644
30137788
30968396
29702048
29729952
31052448
31659092
30296464
31196980
30240900
30266420
30324600
30814784
30033216
30520212
29598172
30189196
30351688
29512648
29904472
30279692
29403176
29502112
31970960
30989212
29584728
30553680
30588628
30588364
31422664
31383220
31383260
31383904
31383412
31917012
31917720
31399572
30285172
30298856
30224280
30536128
30985596
30991092
33014620
31515784
34417372
32144712
30264732
30271048
30610848
30326340
30155908
30196280
29855640
30961608
29773728
30257180
30088924
29147144
30633992
30059984
29860088
29589556
29946560
29802892
30113316
30138512
30920940
30744136
30209796
30069320
30261724
29614328
30256268
29338140
29413876
31021768
30339032
30446512
30279696
30293348
30305884
30228740
30667080
29558272
30159252
29833416
29533212
29681412
32428588
30072304
29753864
31109248
29612640
29681436
29617628
31439824
29400272
29615104
31420196
30209636
30459892
30709828
30707624
30707000
30324152
35588516
33412584
31009528
30312876
30281272
30230336
30191436
30258220
29721124
29634288
30155084
31263164
29410136
29578064
30162324
30163092
30087320
29186160
29898408
29460336
30127188
29928592
29522200
30791984
29505556
31116508
29462740
30048456
33920832
31648820
30391488
31022740
29632188
30475020
30304412
30288704
30392916
31343248
30315844
30408228
30203228
30623044
30218848
29427732
30385536
30289884
29892344
30440504
30128784
29189484
30182240
30281924
29858824
30234952
30302352
30067040
33001652
30165232
29345212
30214684
29816460
29706280
29542336
29629552
30176912
31433428
29500068
30187804
30987684
30274400
33065724
30836124
30340988
30333260
30241796
30331084
30150348
29711496
29682312
31781776
30983824
30295556
30250988
30217508
29401960
30872716
30744976
31562684
31797956
31798256
31798744
32322300
32322884
31899484
30284308
30292048
31384036
29449004
30415980
31631864
30618216
31586196
31620028
31620648
31621488
31883608
31786644
34402140
31934500
30245968
30410492
30954388
31308708
30189092
30129340
31321756
29941532
30215584
31133440
29849720
29826136
31300572
29779736
29754644
29440068
30730820
29770292
30734924
30264964
30596088
30596444
30596724
30597180
31122832
30617940
34197408
31952868
30303768
30454516
30470864
30471244
30470016
30737776
30265848
31508320
32659840
30584112
30206568
30279928
30601132
30219688
30433928
30295876
30297424
32833136
31084908
30095080
30278588
31046612
30387860
30519232
30990840
30915176
30940016
31202084
31201280
31199028
31464900
38177296
36007268
33611632
31405688
30304516
30205556
30306576
30199464
30208572
30195320
31430700
31108684
30920012
29330188
29982904
30603348
30336096
29877316
29613484
31155852
29594212
29939888
30622720
31013460
30549264
30209712
30293956
31457672
29863364
30261028
30275220
29272896
30408552
31070612
31692524
30296152
29741448
29613844
35467560
34340364
35504972
35775824
35775808
35776540
36301788
35673572
35590232
35592356
38596188
36222540
33067804
32772136
29699220
30412936
30221372
31095860
34033068
31865920
30320740
31065948
30818428
30565948
30240052
30447408
28934976
30081860
30604868
29326004
29204976
31393076
29543160
30035728
31072816
30419880
30324152
32357424
30007196
29883076
30393468
31309512
31818696
32201928
30240664
30328616
34295700
32124488
30252604
30276696
30800148
30474644
30478328
30756032
30263824
30309700
30251600
30234024
30862020
30321388
30801724
29093500
29917292
29924516
33186140
30883852
30520672
30218052
30320280
30230780
30421884
30504868
31423944
29782956
31879888
30378720
30691120
30688300
29672144
28892340
29958156
29959748
29917060
30274232
29463516
29823400
30001184
29689864
31259612
29996844
30209616
30145024
29598992
30776340
31489420
32328440
30458896
36158416
33934984
31467768
30347744
30795380
30987376
30005236
29562604
30227632
30210192
30726096
28988380
29852980
29461004
29853156
30067600
30787288
29777828
29217508
29208784
29203236
30349840
29623896
29515504
29610340
31477520
30454616
31134704
32522932
30261020
30240208
30270736
30272520
30252724
31518056
30084076
30156952
31657196
30524288
30255708
30449388
30323116
30709976
30712216
30711632
30713648
31829244
31827988
32557448
33694588
31541056
30861264
32928560
30575096
32088536
31021836
29863620
30335480
30609320
30143180
30043204
28939308
31385860
30105140
29402948
29655472
30116212
30037424
28664400
29111376
30055112
30238404
29796176
29463380
29772044
29713328
30343560
31090848
31333272
32576788
30526168
30318528
30305724
30239892
31411300
30225988
30298336
30313600
30915284
31046664
29910664
29748396
29814384
31500476
29642556
29869000
30429892
29839916
30360644
29632348
29493064
30113440
30459780
30099548
29673876
30443820
29529196
29799080
30253724
29967220
29735052
30149748
30303316
31923972
30610556
29887872
31567176
30053632
30866628
30747576
30241536
32130480
29721620
31709088
31148184
31358756
31431444
29772016
30024440
30438072
30739812
30268960
30344660
30344404
30345812
34017872
31269972
30723684
29627672
30632708
30675164
30676376
30675844
33298080
34620316
33379200
33476124
31252604
30342636
35026844
32890348
30288872
30398444
30278624
35795236
31975672
31288948
29389648
30291676
30298308
28535412
29252816
30870404
29301372
29972628
29434000
29447920
29172624
31056924
31029788
30247928
29463720
28962604
29089484
30578840
31139744
31166568
31968908
30963012
31302672
30240988
30321484
34521648
34892012
36811540
34804628
39825120
37551620
35241084
32859992
30288488
30225952
30248816
30198984
30313064
30075448
29818100
29820968
30998244
30031168
29872304
30260340
30178336
29136452
29846048
30184940
29728780
29143012
29803832
29231728
30874208
29895992
30061972
30130552
30305608
30299924
30214664
30090956
30014108
30690508
32780356
31562240
30308960
30836496
30103020
31175624
33295740
31932596
32093588
32127192
32126448
33175736
33437520
33438264
33437672
33437648
33437180
32435856
32758492
30509848
30337672
30488084
30495940
41594784
39449120
37397436
35485608
37643448
35537696
33457772
31332100
30278696
30322668
30306660
30308940
30196856
29095344
29859752
30170700
29167104
29775320
29942764
30570168
29558224
30339472
31429260
36750960
34646640
32302708
30275108
32155648
30309044
30255092
30266392
30225012
30202760
30671436
29890124
30307168
30019292
29181292
29539432
29566240
30567076
29302748
30191640
30206720
29316236
30269264
31783160
30836828
29616184
29682192
30007028
31486120
30526932
30360248
30399308
31006372
32929700
30750604
30321908
30312256
30300772
29329832
30204944
30150228
29181500
30149104
30178320
30275284
29899668
30191356
29604628
29792412
29724888
29864288
30400744
30870348
30879328
30877972
30277848
30372492
31858032
31069524
29961368
31223340
33406816
33423412
33423488
33905580
36929764
34566716
32420112
30610764
30302236
30768736
30281908
31269588
29715176
30087296
30691244
30183476
29978632
30061180
29164752
29789684
33459988
33140048
31884552
31152320
30274056
30445700
29599048
30048212
31052784
30139652
30366116
30317588
31298600
32806180
30296584
30237372
30610540
29641916
29608392
31454488
29578704
29532028
29590796
31201784
33656632
33280116
32380232
31360400
29468488
29865292
30084440
29422220
30081476
29933064
29377116
29534932
30059920
31080116
29350900
29828992
31013168
32671444
30221296
30180116
29715900
32032300
30281680
30315220
30303040
32057084
30611740
30308728
30599312
30244508
30249204
30563912
29787700
29628036
29930472
30260908
29886736
29924500
29415700
30314340
30389028
30837748
29541348
30112688
34168756
34271764
31036068
30283156
30598176
30272236
33396244
31563560
30498596
30715508
29654656
29966692
29057072
29874588
30088532
29353296
29915252
30259916
29716892
29499688
31923508
33598340
31534116
30910256
29569928
30963908
30961100
30207348
30272392
34929956
32426324
30402012
30389876
30313904
30564632
30418528
30287956
30214324
30282036
29722356
29202032
29589192
30324868
30226800
31559700
30344560
29594132
29025480
30181268
29237928
29744468
29738356
29364180
30033356
30306304
30290232
30762552
30225680
30219752
30216048
30202920
30472372
30414412
30522008
30255048
30247748
31083068
30222576
30296588
30506148
29865624
30609884
31131444
31165880
31165788
31172940
30995460
30724360
30390768
30232632
31985064
30338832
30331372
30213016
30292328
30543420
29556800
29944656
30787808
29725200
32752128
31134120
30316044
30025540
30173396
29486248
29783416
30050104
30070028
29579768
29502544
30133236
30239036
29203316
30180904
30289328
30141240
30271872
29326152
29667772
29889908
29951348
30305320
30495020
30905032
29797368
30230560
31512152
31735536
32748360
31238436
31382636
30215604
30119260
31158188
31652076
31855704
32117632
32378912
32033324
31610468
31619480
31617868
31618220
32929136
32926880
36015000
33963248
31887612
32037352
32035652
32035040
32034508
36696888
34523896
39403548
37202848
35131896
32947796
32395508
31795284
30247376
30309216
30250936
30242316
32353816
29551316
30220796
29810468
30220792
31527300
30731688
29991844
29116356
28511072
30127744
29712548
30315544
35950128
33427680
31654424
31042272
30940860
32088520
30274380
30315184
30238592
31127808
32212372
32728792
32753984
31740556
33056832
30807712
30483552
30610292
30635660
30630576
30630216
30432040
30204636
30203528
30200444
30202684
30988340
30995172
35499140
33313496
30508520
30827148
31514992
32219176
30253760
30286688
30259708
34093612
34527772
32339672
30288772
30324888
30644612
31769828
29822528
28622992
29927672
29569540
29678096
29744880
29763948
29679620
31798868
30039408
30208248
30085772
29226024
29078676
30261212
29856784
29334016
30540976
30938592
30430172
30678836
30192516
30246588
30235820
31212076
30976256
30262116
30308980
31294936
30211664
29463052
29026436
29500380
29550196
30287240
30926272
31423816
29393556
29219668
29928376
32398940
31217712
30541716
30229896
30653464
30187620
30265288
30315828
30403852
29731848
29589584
29927568
29889240
30750660
29685728
29851236
30043700
29759052
30819408
29850168
29701252
30206132
30210508
30145808
29635268
30219704
31106412
31036568
35502040
33267876
30836740
30271396
30238272
30467924
31333844
30311476
30188056
29262888
31003268
30112924
30249524
30844820
30286380
29391584
30252348
29322596
29668940
30224644
30244716
29610572
29610672
30047336
30774244
30457716
30470364
30431024
30997548
30579896
30321900
30274556
30168024
30324056
32822180
30244768
30190448
31358604
29107748
29232964
31651984
31325676
30216692
30195828
29328996
28218628
30131548
32266460
30246736
30266604
30383820
30309096
30242132
31188236
30206400
28672248
29084940
30292620
30164936
30875036
29015240
28687656
29554132
29808592
29033496
30150368
32040856
31841972
30242576
30363956
30441916
30336552
30687452
30327448
30991812
29897832
32679728
30138736
30253720
32461576
29705904
29751844
28901888
30491348
30164796
30804048
30177904
29543272
29607520
32426284
36068544
33287380
30712068
30856344
30425428
30201188
30310744
30658336
32107004
30243564
30602116
31217440
30412172
29932036
28915848
29709220
30116908
29427340
30154444
31018848
29723776
30312388
29653100
30159012
30580724
30573540
29140404
30251032
30766044
29245644
30402480
30227696
29952468
30079200
35086828
33242312
30411132
30217988
30018328
29079412
29930272
30113524
29152364
29862384
30106268
29251856
29681624
30336424
31170092
31170992
35282556
32861732
30562528
31612588
31256788
30388404
31472392
31557412
31572200
31576728
31859976
31875380
31874132
31873436
34267404
31813052
31347608
31322612
31244176
30243872
30461860
30873928
29789392
29806104
29493980
30290016
34757452
29946408
29429648
29993608
30467892
29371652
29789352
30079272
31521556
29617852
29638000
29856780
30012836
29919680
30133136
31376156
30223408
30776416
29701348
29847008
29840296
30185896
30112288
29996964
30577852
32514324
30489064
30303924
30224264
31138096
30555528
31900208
29773168
29974688
30041092
29860304
28828168
30019972
29922928
28911852
30093584
29717192
28985368
30268620
30802272
30760020
29684456
29500088
30125364
31196500
29365572
30058768
30096032
29153140
29736860
34946736
33460044
34045580
32255632
30843352
30296220
31325000
29605868
31493544
31019288
30020008
29031264
30182604
30302672
29850732
30134688
30607012
29659916
31544188
32215420
32239796
36640264
34317596
31822836
30414408
30642612
30641700
30640224
30216336
30339016
36197280
34075052
31641968
30393540
30273276
30827232
30906508
30279560
29381348
29784256
31241600
29258464
29122116
29792480
29058440
30040400
30085032
30670320
30203828
29929152
29602232
29204152
29435940
29246916
29939368
32840076
30912496
30049504
31365308
30209964
30611704
30221024
30317528
34166692
31894148
30312160
30583304
30266220
30246644
30210972
29384464
29911780
30116284
31046432
29699472
29693796
29369756
30288388
29259888
29699056
29720024
29967980
31048752
29576708
29770684
29696072
29838524
30539008
30239176
30312168
29779168
37965288
38711176
36551300
33437112
31308148
32165400
32026560
32744072
32740544
31863268
32454792
32456572
32456472
32454212
34711732
31548644
29652796
30047576
31097748
29423084
29885156
30851860
31147504
31158888
31159096
31420048
30299448
30369560
35250816
32769940
30333764
29323280
33710548
32124124
30888020
30323536
30247136
37333664
35164616
33110100
30899780
30926492
30908156
29353872
30064128
30653368
29015552
29204288
29195288
29023684
30066324
31141660
30264204
32014308
30626120
30095284
30058132
29319676
30307144
29757856
35643416
34516784
32251492
30229884
30320568
31385272
30334552
30295068
31497580
29860548
29708252
30480520
30276900
31073004
29306288
29216700
30792408
31068292
31083704
31300172
30334908
30335000
30334284
30334432
30415324
30528996
30563328
30563756
34429500
32024488
30228956
30903636
30623316
30639296
30639960
30764628
30798000
30794808
30809868
32003208
31027592
30262188
32524680
30389076
30218428
30296436
31199320
30232752
30594804
30768888
30226316
30325844
32215696
30705472
29888960
30406652
30403936
30419104
30992188
31371724
31372024
31371572
31371404
36919068
33642952
31534292
31657632
32961300
33049200
31882584
36211368
36410516
33049868
30855888
30727880
30278400
33236968
31279340
29710372
31204752
31661768
30211392
31014236
30210496
32203048
32235120
32234172
32526984
31094868
31094976
31094484
32522660
30328528
30235396
30911712
30193120
30816608
30256108
29462112
30225796
30818520
29744700
28879560
29987516
30266740
29878092
29322048
29015448
29877812
29591872
29662976
31292340
29843700
30650776
31383200
31381748
30433396
32694348
30485344
30204536
30411360
30544180
31546368
30223152
30234344
30389412
33796648
31523236
30264580
30279004
30264060
30280640
30315992
29648588
27963292
28603004
29036788
29877328
30557252
30983704
29344952
30376576
30803168
30321020
30212680
32724676
30661660
30285740
30268388
30227032
30678068
31157136
30283608
29988576
29708376
29088708
30093788
29848512
29576252
30249720
30322840
30819556
29285616
29587096
29523680
30321996
29673632
29638384
29217348
29556936
29464872
29724048
29545484
31139304
31045700
31424132
30558364
31580096
30477364
30239304
30248420
30915036
29848972
30308476
30287816
29247748
30113840
31133128
30874828
30950308
31008584
31007924
31014128
30833528
30635888
30130048
30380752
30377684
33187116
33196316
33196192
33194996
33196368
33458476
33467372
33463136
33461704
36200168
34111272
31778044
34633808
32282508
30334844
30447120
30271524
31007304
31225008
31899088
30255488
29670792
29303304
30009672
30181832
29680860
30210652
30983536
30466024
29500832
29216588
30373296
30276432
31071048
31068912
31245704
30862940
30241180
30280940
30321616
31075292
29659332
30335252
30544848
29606832
30066752
31421224
31249540
32098464
36200108
33556468
31106520
29968408
30111060
30297300
29561660
31132708
31141056
31045596
32023984
31231216
30345160
30076180
30568212
31816488
30322064
30219208
30313164
32626988
32327260
30225876
30294808
31626928
31778188
30262260
30774784
28746284
29633444
31035064
30561392
31301256
30671888
30656244
30281084
30282412
30440240
30440036
30454940
30454580
30231936
30601300
36011220
33464028
30409196
30658924
30317372
32553672
29345076
30038412
29766820
30753672
29748524
30250824
29321544
29655356
30198544
31171776
29990936
29739480
30394816
29104604
29962276
30196888
29341472
28739440
30018020
31268940
30214500
30301396
30248180
30215700
30247436
30673144
30260520
33836876
30942980
29967836
30249604
30359912
30050424
30658092
30199128
30083152
31894780
29612352
30490228
29692636
29757848
29988580
31684448
30958080
31573700
29491716
28873192
29589636
30589632
30423048
34210444
31802056
30226544
30217004
30273144
30319344
30450956
30248864
30340748
28961740
29594372
30190296
29246516
29822660
30108932
29126988
29580460
29949236
31141268
32419524
29981912
29424676
30000052
30777124
29475280
30176148
30220792
29299328
29797480
30818644
30999396
31149532
30109928
34646288
31673324
30265484
30508676
30300780
33449400
31443212
30233876
30117280
29278308
29726732
30367416
31663372
31934264
30691748
30706696
30707092
30341992
31701392
29901812
30223084
29201048
30131244
33860192
33535368
33485448
33484676
33484032
33483940
35580604
35579632
33652020
36370692
33806300
32719276
31447088
30359904
35873256
33626552
30774540
31227360
30213316
30851844
32087180
30226956
30284000
29573612
29390768
30043412
29069064
30314424
30234860
30295972
29926568
30003484
30037400
31105284
29538644
30256048
30276172
29826044
29901284
29908240
29762600
29359012
30579996
30630164
32654768
30329460
30429276
31016112
30497096
30214376
30236296
30243276
31364176
31449420
29446456
30082868
30317612
31373900
29515596
29892540
30610160
29201188
30423360
31273820
31283304
31281576
31282400
31281684
31319096
31281832
33099444
33107812
33106568
34320148
31847980
30322100
30669636
30675780
30468992
31605748
30330588
30256716
31902944
30297532
30330820
30320916
34602540
31014856
30654188
31067032
29382532
29982840
30270064
29318768
30831188
31697152
31711592
30766344
30776136
30776136
30776080
30775888
30781708
30780908
35229516
32899076
30633660
30995128
30335720
30273344
30264424
30333828
30733632
34078532
32231448
30530288
30920012
30189524
30195900
28835576
29925944
30654760
29832788
30221716
30374172
29320528
30087500
30599096
30329704
31206692
29334032
31025884
31641716
31508928
31096940
32611248
37499808
35141376
32535852
30483020
30298488
30268704
30285968
30423000
31437120
30279392
30231356
30060348
28383360
29254676
29870728
30950420
29306996
29309492
29855412
30049316
30619152
30324292
30330880
30263364
30266024
30387604
30342320
30312668
30304944
30075408
30132516
30615784
32042532
31183788
34353392
32038852
31264244
31905308
31245948
29684404
30125220
30289348
29557440
29721008
29845712
30181020
30246736
29253676
29731636
29854604
30880072
35526220
33363832
31070056
30236972
30920836
32191056
29935872
30029956
29860168
30277352
30144160
29089264
29765364
30547328
31223196
30547428
30159128
31077044
31073804
31089940
32190048
31030280
31031572
31031812
31032476
31033128
31293484
30271656
33429320
30244556
30266780
29397888
29374856
31202140
33218400
32242296
30583712
32511948
31125552
30288856
30218844
30741996
32906252
31944152
31619664
31356108
31426456
31459308
32508336
33805740
30347100
36026448
31809516
32427728
32092180
33492652
33532884
33795136
33795268
33788440
33796004
35563116
35262872
33119944
30267676
32636032
32626988
30672448
30643216
31386116
30224084
34454672
32410184
30558076
30488572
31315488
29594552
29957316
29673032
30180728
29668408
29766244
29423224
29854464
30419316
30222848
30277668
30096780
29435808
29837032
30033856
30317300
29576732
29753096
35542100
35444144
33501712
34158796
34078616
31798476
30344408
30587532
31282168
30260380
29949084
29790684
30180952
31899360
30165372
29632960
28915576
29188876
29288524
30912712
29600084
30101792
29906348
29418268
29845856
30169688
30509244
29526668
29796132
30263440
30355884
29479868
29667936
29838980
29508364
30105560
33589856
31429172
30287856
30266492
30328288
30708920
31064688
30802468
30156888
30014384
30542200
31014872
31063872
31061572
31338536
31338016
31803856
31644452
31644520
32693124
32690116
32005500
30520508
30585188
34941608
34725884
34728288
34728076
34729704
34819420
34845044
34844088
34603036
34383188
33886916
31786748
30342100
30359052
30224216
29601860
29657064
31263212
33497284
31116112
30316300
30146484
30934332
29960344
31839648
30861524
30244484
30760120
29755140
32079248
30481276
30432688
30441888
30441968
30442084
30442120
30302644
38217620
35989276
33782116
31395056
30393164
30287920
30507408
30232408
31453640
30953092
29724700
31066748
29398556
30071964
29001692
29488504
29168972
28787728
28782320
30068500
29477224
30119148
29504012
29915984
30146744
30334088
29314936
29628996
29615496
30180092
30023220
29132028
29740148
29538464
30290324
31039068
31299980
32068468
30869444
31100728
31094724
31903028
29836444
30203796
31800424
30416668
29750532
30344444
29283076
29800988
30131920
30002676
29176404
29832880
31935352
31973324
31971824
36120012
33671720
31298368
29712804
30523616
30680780
30679624
30958256
31481168
31481128
31479960
31487556
31749120
33445212
32849060
32849428
32849160
34144740
31871944
30445380
30548476
30546144
31023648
30376496
30386120
30386752
30263024
34327196
32071852
30267856
30362832
34905472
34852852
32239984
30529080
30800432
30296588
30327872
30149404
30201968
29468548
30053644
29960956
30152984
30930792
29792252
30186476
30365712
30182088
30352088
34517512
32375608
30303204
30254620
30269224
30279784
30761536
30850616
29675260
30271864
30255772
29674752
29706104
30423400
32487028
30041544
30458224
31225988
31264312
31564012
31727032
31734944
31733740
39561528
37480136
35320480
32920400
30633876
31404296
30360788
30331124
30337128
30308316
30737740
30297236
29862708
28813096
29567632
30062908
30677324
29623036
30252028
29676928
29179452
29362736
30183668
30589796
30429948
30577372
30652952
30265772
30262576
30290904
31296248
30209384
31114356
30189024
29295828
28866840
30097848
29573776
29702900
30025024
29819520
31042840
30229204
30149260
31119672
30333676
30268884
END
END
