30308844
30309516
30310192
30327612
30234348
30302700
30317188
30262080
30450832
30309544
30482132
30399436
30234904
30361784
30341260
30198276
30209048
30148108
29547020
29842976
30663712
31908164
30266428
30219764
30367100
30190052
33008088
30267104
30199864
30811832
29681936
29950344
30315724
30479668
35618620
32508808
30436592
29470652
29612468
30467772
30284180
30266556
30940756
32051492
30221000
31542588
30085288
30037492
30280976
30079872
30011216
30197256
29771608
33247208
32586752
32423224
30313664
30225748
31978324
30720384
30875616
30880460
30240000
30587300
29900444
30539036
30859568
30618392
30144816
30341484
30000640
30147864
29686444
30277184
30550180
30201196
30262704
32639712
30462072
30278224
30219716
30808756
30607160
30838624
30242924
30304600
33278004
34219748
31755040
30278588
30719116
30358060
30118080
30171828
30037416
31887268
31933240
30309416
30574856
30927200
32273872
32929724
30289544
31028084
30193536
30291320
30795084
30769192
31031512
31074116
30251724
30245016
30170768
30229536
30028088
30280264
30584696
30174128
30573236
30264936
31822224
30443968
30974916
30262012
30292000
30252400
30236088
30376600
30787160
31851504
30390308
30670364
29917052
30278756
31085028
30695000
30069292
30273192
37228536
35244352
32893912
30447956
30355000
30283868
30218528
30390700
30227652
29812552
30966692
30733424
30137420
30310824
29389304
30572400
31106176
29974524
30392872
29953924
30216976
30197756
30405968
30284668
33606544
31379664
30245336
30290908
30321736
32770628
30193148
30309828
30273100
30260352
31815868
31776272
31027256
30362140
30276756
30252884
30115692
30236480
31590492
30335312
30261780
30259036
30277408
31916924
30321420
30291684
30284332
30277828
31240084
30679812
30266104
30191572
30822772
32091268
30532332
29552468
29749404
30354212
30558108
31447444
30367152
29600992
30602684
30340388
29620608
29998760
30477324
35362268
32951328
30747556
30683112
30553592
30364876
30220672
30247012
30510904
31033032
30245012
30261544
30327008
33882832
32318836
30279688
30308928
30465812
30514952
30152032
30250072
30305528
30482268
32808504
30398136
30221160
30350736
31430268
30228556
30288480
30265732
30256316
31606792
30950480
30653580
30240764
30200864
30105144
30522172
30298952
30294180
32311632
31096616
30165504
30150312
31047660
29841200
31443268
30945860
30242888
30226584
32218052
30634552
30313992
30297272
32442488
30197048
29618512
29416492
29777848
30253920
31545304
29688848
30198176
30221544
30280432
30229440
29752448
30464100
36154436
34045068
31961164
30235196
30643804
30764780
30439720
30282576
30223664
33306268
34560996
32351440
30512800
30886416
30524424
30517804
30236016
30903012
30206496
30684120
30313580
29971496
30607964
31062472
31161076
30258492
30257460
30270068
30205940
30342920
30087468
30242612
30403636
30573032
30573208
30571508
30425544
30284752
30308432
30806412
30342632
30228840
31640760
30012672
30249764
30359912
30142156
31345416
30410644
30502592
30227156
30567140
34183336
32153648
31570384
30228740
30219232
30322716
30608540
30191916
30207276
30272792
30415736
30283824
29807108
30554988
30905152
30663248
29794680
29694312
30911152
30299592
30255468
30448308
30206012
30363820
29479128
31232632
30369616
30269356
30212980
30237872
30256608
30267216
31840720
30287288
30334588
30600620
31022996
29975520
30521924
30422876
29914744
30185460
30022260
29564208
30633024
30243188
30568060
30236200
30312900
31129792
30295576
30380820
30256936
30061960
30193168
32509424
31559716
29832020
29980448
30092276
29869740
30639508
30207828
30273592
30292188
33477140
31186072
30209204
30542160
30831072
30478292
30537172
30646656
30266816
32390836
30215552
30254636
31215180
30691132
31057088
30187324
30428344
31244744
33950888
31740192
30232040
30388740
30263464
30282988
30202544
30265140
30237480
30289280
31666892
30279884
30163204
29927416
30287052
30199740
30293096
30201068
30234472
30272040
30207500
30353936
30312644
32676360
35146232
31742488
30165752
30265164
30988688
30235192
30373460
29451084
29703008
30208948
29668084
30052472
30181584
30306584
33838936
32606600
30227540
30219856
31090892
30159356
30177008
30260440
30201808
35976524
34119928
32598512
31745248
30243448
30202116
30261392
30227644
30262612
30568976
30205508
30093212
30142824
30310372
33304684
31479548
30252956
30179260
30350956
30371096
30370956
30367996
30267048
32821812
31487936
30399764
30220876
30254376
30936360
30739044
30497700
30230960
30765804
30827292
30170576
30178748
30726312
30268796
30266440
30278424
30272996
31317168
31328472
30510672
30252200
30484608
30320684
31109812
30270060
30278704
30364620
30315564
30251872
30416368
30268448
29945264
32376700
30647236
30627352
30545052
31971872
30889096
31252120
31252188
30168164
32900024
30532924
30268252
30321624
30382276
30301488
30465412
30307560
30179404
33245904
33738728
30985020
30243172
30325504
31044904
31209464
30404772
30371816
31468420
34544596
32111420
30272884
30218508
31917572
30190856
30292460
30688472
30688204
30917740
31130884
31459740
31303360
30139532
30245512
30258408
30107804
30656088
30663056
31008532
30561932
30303928
30726032
36631060
34137668
32115248
30215824
30198292
30318068
30759444
30356548
30208180
31414096
30223408
30242960
30186552
30286144
30155960
30125164
30254688
29891332
31042184
31041568
31475876
30264740
30308648
34901296
32410832
30452896
30255456
30565756
30290820
30626716
30252992
30168516
30310804
33228780
31309112
30431240
30476780
30884468
29679472
31738348
31839496
30319896
31961720
30373240
30155536
30206532
30198764
35898388
32950124
31989900
31030748
32420512
30502736
30356036
30389444
30179764
30284128
30353288
30239880
30189780
30389380
30220644
30289492
30241492
30251188
31482884
30286712
30299032
30273912
30269260
32980312
30850932
30334720
30460520
30249684
30439448
30277532
30288596
30757176
31047256
31124524
30843724
30039792
31067860
30709800
30196924
30361992
30230672
30459164
31348616
30297064
30213576
30362720
30731080
30738464
30317212
30184368
30225808
30216232
30192728
30307856
30325772
30213832
30359864
30296600
30305368
30203348
30282000
31741264
29948392
29632492
29611684
31595728
30186920
30422128
30234128
30242288
31007928
30143696
30034032
30826180
30603764
30150364
31838212
30525832
31001392
30319844
31417080
29758148
29781140
32309340
31263780
30269444
30203472
30304796
32299024
30234192
30560516
30204040
30265396
30344076
31998360
30918620
30403504
31277180
33658968
31437768
30224240
30137828
30214300
30251576
30236700
30278732
30287216
30308968
30349292
30518660
29950628
29473056
33087608
29942408
30270024
30077152
30644056
31181280
30291880
30229376
30227408
31984996
30788600
30107976
29153296
30067756
32607920
31032616
31066924
30102160
30193636
29723084
30152220
29473040
30231176
30239736
36403164
34134192
31790920
30502228
30239500
30525036
30461288
30253156
30262324
30205620
30309356
30301176
30631324
32178884
30238404
30659504
30672544
30189572
30615928
30265580
30229476
30168744
30177032
30179204
30505656
30346120
30310188
31797356
30373476
30210704
30719192
30216656
32134724
30578996
30258020
30371868
32472504
30648424
30160440
30263240
30487724
31265932
31572668
30875992
30093548
30316964
30142452
30292300
30049472
29893596
31513308
30614568
29847012
29996528
30274672
30128880
30905376
30453816
30942364
29877060
30261680
29946940
30255316
30247356
33436168
31431276
30360140
30262564
30252852
30399188
30482800
30510144
30300604
30196200
34932616
32278900
30224624
30416740
30920984
30567428
30277352
30648208
30418468
32715184
31277140
30478148
30242264
30214888
30442176
30384548
30341304
30971728
31503676
31527536
33064784
31134728
30411548
30701236
30226412
30302356
30506260
30819568
31449744
30232468
30177316
30155172
30156400
31732036
30228932
30079916
30903148
29702028
30372660
30850404
30293356
30753100
30437132
30040384
30320908
30361504
30256740
31533916
30251600
30209052
30443612
33997336
31939932
31365720
30276752
31222796
30285388
30244776
30379548
30306800
30631120
30497220
30318508
30296348
29926228
31404272
30567132
30360184
30290544
30369540
30107696
30263728
30263824
30202364
33265868
30931264
30497064
30408696
30454200
30462812
31579816
30250020
30289212
30308036
30369252
30196544
30309380
30233988
32704324
30482956
30273760
30141288
30261912
31742720
31326536
30168660
30207624
30203464
30203628
30253868
30203332
30279196
34306492
31834044
30405684
30442648
30302344
35677256
34779872
34029796
31728892
32475320
31302072
30297188
30298544
30202188
30205168
30249384
30253052
30256608
30159248
31068772
30307272
30190160
30243316
31784124
30252196
31273668
30281184
29835388
30554260
30834656
30305020
30490816
30473324
31522684
30245656
30310196
30178452
31596344
33940836
33264664
31708892
30642508
30596556
30310564
30484520
30502432
30198244
30768488
30205864
30248996
30340100
30311608
30539264
30887672
30298216
30360844
30181000
30186772
30464428
30240972
30218700
30385980
30184116
30363192
30173164
30320764
30570696
30605608
30261380
30298832
34033980
30844088
30516484
31067380
29497376
30138336
30307904
30379620
30195052
30301432
30380028
30275040
30538060
30192260
30387304
29975380
30494152
29944224
30316248
34302260
32314580
30344348
30395832
30311328
30267164
30543460
30624340
30289680
31811320
30511300
30529444
31473176
30761884
31726048
30786448
31018676
30091840
30090440
31122396
31131984
30804060
30323632
34409124
31914744
30747600
30913552
31034408
31693128
30243436
29877112
30272628
32017192
32972864
31119588
30467140
29987652
30483220
30290608
29598020
29294036
29915156
31265120
30063344
30246820
29703464
30666544
32497064
30528216
30167728
30332124
32688928
31684492
29879752
30027712
30232868
31411092
30469276
31026208
30273092
30301888
30709912
30203600
29929944
30135568
30294440
30723128
31562500
30333972
30201624
32881128
30784456
30609556
30304756
30198400
30236404
30202020
30678592
30404084
32413880
30251220
29444128
30966804
30123448
30102432
30239064
30294396
30212884
30212460
30179336
30311308
30215808
30241208
32591668
30480932
30307172
30289416
30190920
31145208
30286428
30648844
30183800
30180972
31494668
30783204
30523520
30839192
30057716
30682468
31201916
31008776
30264012
32505528
30250264
30437752
30291420
30817492
30259576
30224080
30599956
30235500
30206852
33284272
30859636
30581916
30206992
30212268
30198132
30160016
30427860
32345604
32346096
31052972
30310328
30402220
31591320
30275508
30275636
30271576
30170920
30241280
30659884
31176844
30988544
33424752
30993968
30183248
30382736
30246152
29672328
31500756
30871064
30213948
30288644
30255112
30258880
30302916
30255748
37406812
34563004
32370700
30946972
30894588
31002540
30476520
30204884
30242492
30272772
31091480
31063400
30783184
30190912
30238112
30260572
30192484
30193792
30263480
31544284
30312356
30408836
30436944
30412468
31171984
30232600
31033496
30195900
30753124
30680204
30168376
30144888
30401976
31740664
31707316
30767252
30297304
30218912
30846540
30857200
30853016
30253972
31479284
30379300
30244208
30212108
30243588
30818920
30752760
30388424
30287780
30198068
30662700
30257548
30230444
30185880
30251608
30142792
30215848
30549732
30187260
35520780
33121112
30528204
30260160
30233248
30478740
30770596
30639840
30753500
31962292
30513820
30812320
30236188
30242764
31238460
30206252
30309068
30276500
30214800
30186204
30227572
30227004
30227896
34471128
32269164
30327104
30407124
30290320
35797248
33699692
31719604
30203896
30556000
31603880
30445788
30446412
30261292
30550764
30256552
30205684
30218464
30289492
32940900
31189516
30364420
30258352
30240816
30187020
30232096
30261544
30305460
31112908
30195332
30265808
30244472
30270152
31750676
30294468
30250864
30260904
30260196
30188368
30193284
30218836
30446360
31118768
30303612
30180304
30283588
30277864
30918892
30189460
30379384
30082852
30062816
32791564
30606284
30304668
30364464
30416976
30424040
30320732
30265120
30285560
35467544
32980780
30902580
30197980
30295124
30442016
30141752
30142108
30286236
30283384
36393380
34378484
32092076
30257380
30753412
30189516
30288408
30228492
30265204
34986276
32186788
30555512
30585560
30232172
30652088
30271000
30199592
30230596
30167100
32094324
30304632
30206552
30207152
30884860
30587636
30274136
30189104
30481532
30276768
30226204
30278044
30291068
31925208
30382532
30321388
30325684
30310000
30241352
30453392
30194792
30226504
32349628
30256324
30249800
30409644
30340588
30820720
30204784
30260424
30286776
30299912
35051000
32966500
30276672
30595508
30381028
30319244
30346264
30309144
30097700
30251532
30307640
30319320
30436828
30210880
33730696
31571924
30311060
30175524
30208728
31171236
30346816
30248868
30248684
31359936
30185252
30315248
30509028
30229788
32882692
30803272
30283812
30213864
30429772
30401320
29778528
29708972
29930628
32112308
31342972
30273756
30774656
31222120
30122652
30112912
30033860
29608980
30314184
36168832
33963216
31585112
30269860
30205888
30639236
30396196
30372316
30219012
32146508
30272160
30236748
30231372
30228716
30391956
30225160
30269688
30277884
31926608
30273284
30260912
30385348
30280500
30227900
30318292
30317520
30302236
32851084
33969896
32722960
32731664
31235700
30266072
30170252
30351108
30213852
30562612
31690776
30293836
30407808
30221608
30490764
30439636
30203288
30270380
30228192
32387604
30333820
30191012
30016788
30607024
30883452
30250212
30343880
30405140
30719204
30241332
30232220
30303852
30198692
31026564
30163180
30330516
30331700
30136884
30223060
30231248
30223668
30607332
33748580
33525364
31195176
30264908
30292000
30912924
30701208
30179752
30687432
30282296
31411856
30038004
30001544
30271060
31135852
30304652
30306988
30307280
30219732
33121960
30852104
30227220
30487216
30274168
31499556
30294832
30366052
30374872
30261232
30199180
30303116
30255804
30390428
32294708
30480856
30390168
30203012
30221928
30492444
30514596
30177508
30291004
30291468
33187856
30997536
30214228
30301748
36976828
34752780
32637536
30229344
30268412
30451724
29962672
29560372
29040964
29561900
30242896
30261144
30249212
30187780
34042592
32079556
30772588
31170024
29552996
29918208
30149212
30175104
29944132
31944072
31132188
30334084
30152276
29844636
30310328
30303072
30292880
30419000
30066756
33635992
31525288
30140480
30053500
30263256
30683296
30228572
30062608
30110640
31456588
30327884
30276560
30237012
30431144
30779884
30309768
30245964
30266060
30699668
30211564
30300936
30183048
30156172
30925776
30659568
30191428
30376860
31500340
31680580
31982616
31984372
31232812
30308940
30727252
30308456
30716956
30346188
30987688
30644376
30307536
31282492
30301120
34717828
31955496
30204588
31037888
31120688
30123876
30239928
30992228
31061180
30388652
31989724
30329240
30364144
30316892
30411064
30943276
30472680
30304504
30779720
30297464
30887412
31432664
31204552
31582144
30822568
29774356
29680628
31130660
32210912
31738024
30319216
30360516
31887852
31075460
31075784
30277096
30207452
30442976
30305224
30313872
30244420
30317236
31626388
34246156
31450388
30815044
29593180
30215508
30282220
30405644
31009656
31304156
30124732
30209408
30101820
30232436
29951224
30245360
30186520
30269552
30454752
31267852
30272204
30591292
30961168
32103156
30333700
30212336
30310828
30266108
30328748
30239108
30073308
30175752
30362624
31700608
30288756
30406336
30113324
30073548
30277704
30241868
30276692
30282272
33712672
32665964
30481548
30278416
30276776
30287948
30386572
30249956
30202412
32312312
30356652
30015596
30261908
30101348
30588540
30242940
30437120
30322252
34400420
32144052
30227136
30254436
30658076
30260440
30271544
30254188
30856808
30620560
31053728
30200448
30313380
30996808
30467280
30398744
30742912
31374092
29963968
32905516
34645000
32180408
30259628
30216176
30876520
30239600
29946928
30303304
32778564
31868356
30655772
30818448
31134392
30201688
30146664
29609624
30018084
30687516
34240648
32018592
30307720
30200048
30482940
30209892
30678220
30216220
30268176
31119912
31337520
30228888
30138184
33698836
31457536
30253940
30341344
30303680
30383120
30186100
30212480
30222096
30264796
34094864
31841936
30282288
30269160
31286120
33037428
30252592
30417432
30168888
32320724
30153816
30190304
30180960
30297352
30202852
30213672
30156880
29567232
30510016
30218952
30789064
30023188
30030156
31520948
30259828
30253596
30988528
32820176
30262256
30310772
30038968
30278248
30790060
30823028
31381624
30222136
30425004
30136692
30240696
29593884
29939528
30215872
31503160
30264244
30192812
30238748
31209372
30223100
30210700
30381104
30720136
29843488
29721200
30524248
31282680
30035744
31987964
32215536
31401628
30385760
31382580
31186672
30064008
29658380
29575060
33647184
36080324
33820604
31396468
31036940
30346376
30340316
30294884
30220996
30676824
30298424
30211716
30668936
30417604
31405928
30187312
30231936
30243928
30320384
31529640
31079536
31020432
30275784
32839192
30870140
30239764
30071276
33998056
34328744
32567528
30606452
30308160
31092396
30251388
30287532
30300416
30239620
30200828
30244940
30321648
30203756
30484612
30308108
30100536
30292208
30332344
30879792
29729176
30273992
30272492
30657024
34977092
32620860
31261292
30239480
30122028
30237852
30233008
30972296
30127096
30312224
33444256
31762388
30003692
30219004
30187328
30388936
30349060
30415648
30248380
34118612
32028704
30318776
30392244
30262896
30266672
30320324
30301808
30184984
30224356
30746836
30227368
30044412
29939868
29973428
30005236
30265920
30047452
29700344
30511580
31659688
30304672
30405320
31566764
30431468
30433600
30208524
30327540
30430500
30459268
30477044
30250232
30248836
35343200
33189404
31304816
30257868
30338376
30293316
30314200
30318496
30167224
30174948
35184064
32901836
30771288
30955496
30562612
30674916
30213096
30298036
32404920
33855508
31140684
30256476
31166944
31696156
31029232
30171844
30661132
33571152
32351652
30369412
30296352
30248328
30225752
30315544
30225276
30227088
30140636
35503952
33298060
30674500
30212972
30009428
30308524
30218548
30225480
30307232
30158764
30324896
30270740
30293216
32319080
31540376
30242744
30296148
30412800
31215000
31217900
30875232
30221104
30237512
32825516
30225384
30710632
30423048
30336296
30372456
30190224
30545912
30374756
35231608
32609392
30252128
30299220
30230900
30779780
29930096
30505744
30556104
31481480
32932736
30507132
30313692
30271644
31805760
30537160
30354524
30237408
30583916
32415640
33779940
31698088
30512152
30531408
30245048
30192684
30141008
30955464
31306868
31129692
30251344
30301492
30234056
30175904
30175196
31637904
30330104
30326764
33909436
31497580
30432520
30377000
30333712
30191744
30265280
30774384
30304836
30303732
30554120
30243368
30232484
30229208
30806548
30432764
30538392
30282980
30437732
30444776
30444544
31720500
30254000
31940180
30274364
30278708
30300380
30273936
30838292
30199824
30939552
30489756
30261068
33000540
31529288
32029736
31060688
30209988
30230604
30323368
30153952
30156880
30134092
30228004
30242112
30243396
30240984
33995308
31746424
30320536
30284636
31239068
30475684
30549112
30611112
33406736
33755732
31987964
31439936
30750852
31133036
30354768
30872604
30438032
30394604
31169864
30634468
29783584
30998072
31997436
31574164
31646952
30882516
30195648
30220452
32226656
30239108
29908444
30006524
30197536
30197024
29958620
30266040
31299968
30882680
29870724
29954220
30013792
30420744
30511692
30204724
30194916
30314372
30455996
30217680
30296660
30197368
32062448
30238368
30211276
30386096
30269272
30180628
30325568
30275328
30223668
30214112
34329424
32471976
30469812
30354688
30609544
30249420
30211700
30298388
30302548
30682140
30213512
30489500
29943412
30272784
30222852
30289000
30797344
29433380
29158048
30810596
30229960
30249028
30574032
31032696
30073368
30273120
30386424
30287916
30761656
30763884
30679020
30151004
36836960
34528940
32086200
30283568
30711520
30402748
30259460
30412924
30924204
31414396
31200328
30840396
30938860
31070084
30290484
30241840
29750632
30622200
30258584
30231900
30283044
30301936
30399864
30363316
30251940
31156948
30277280
30277632
30548612
30219140
30200916
31046320
30887192
31288872
32693912
30245508
30307496
30211328
30545492
29770600
29709356
30363468
30403984
36665812
34349928
31819412
30239660
30445028
30233244
30522920
30508488
30224680
31817140
31468368
29928936
30301596
30197084
30329356
30232472
30355396
30328256
30504200
30349908
30307968
30311460
30311700
34519716
32291132
30451108
30440224
30820092
30462092
30335092
30713600
30256212
32875700
33380808
31535284
30650080
30427612
30557636
31402392
31071852
30671288
33119532
31190476
30302124
30246472
30236048
36225564
33931288
31500472
30864112
30282948
30330344
30343784
30033552
29540980
30926436
29934392
29731340
30423664
30897780
31625760
30683148
30259572
30064216
30257516
30384736
30141904
30241080
30045592
30752372
31275836
30204248
30171008
29984468
29523904
29663460
30256664
30568628
30238940
30866468
30323244
30600836
31322124
32333584
30239872
30162008
30080328
29880180
30197524
30263708
30283368
30325280
30990624
32161224
30226312
30292112
30639528
31425776
30239376
31264308
30649396
30261212
30691488
30604000
29479204
30209228
30317532
30270912
30223560
30392008
30330656
33183796
31290516
30295564
30518084
30314012
30826096
30400264
30262916
30224288
32424472
30864492
30248384
30379840
31313920
31713004
31750876
30844336
30307468
30266828
30431352
30300256
30295800
30322216
30266940
30774172
30483400
30239540
30269668
31506488
30275188
29878104
30230832
30307468
30643468
31418324
30248276
30300356
34591380
32555924
30610288
30414872
30292288
30270860
30804992
30206544
30564324
30167376
30538432
30219164
30385988
30242140
30228880
30297496
29828896
29616024
29799680
31441368
32654376
30482028
30093608
30251668
31147088
31153080
30210384
30006412
30193236
30485928
30369376
30668340
31072468
30076444
30128868
30252296
29544640
29530380
32047408
30820808
30296580
30326064
31187648
30365244
30294272
30349756
29216288
29443872
31525896
30009464
29783848
30270232
32242928
30260660
30143388
30056488
30431176
30441040
31012388
30050024
30424036
34077588
31892964
30311228
30321672
30282772
30751328
30614356
30329244
30615964
30587036
31045940
31290364
31472640
31305344
30018860
30221360
29521080
30467348
30306848
30277700
30258220
30316688
30295248
30312708
32221192
30222644
30259684
30922508
30473608
30244740
30283208
30564080
31109620
30277408
30224896
30329084
30093896
30275248
30884936
31366556
30284980
30300664
33588928
31479108
30218132
30223816
30286784
30289780
30701100
30228172
30178964
30326876
30844424
30685068
30730728
30298540
31367432
30424588
30496408
30376472
30245240
33521264
30832800
30343280
30243836
30437884
30495696
30510048
30290936
30253576
31055544
31558128
31220876
30593216
30256220
31905328
30937600
30767124
30282144
35289468
32889472
30643248
30277372
30295672
30807752
30223508
30287424
30753124
30410760
30720164
30473492
30262060
30217936
30260820
29915996
30675172
30949276
30213060
34176852
31744532
30621812
30306272
30279056
30465744
30304044
30675168
30712388
30222048
30782572
30274716
30199368
30051956
30259788
29764204
29697492
29929224
30048712
30251552
30805116
30215572
30242876
30904764
30344412
30209612
30258720
30293920
31372604
30668996
30164688
30684896
30149976
30634136
30204764
29563936
31395456
30325920
30815448
30935352
30131664
29559332
31847668
30548656
30286424
30312904
30318804
32283532
30203796
30280112
30571232
30556088
30318856
30235256
30280200
31101764
31477292
31406880
30919164
31106784
29450796
32296652
31317000
30326468
30325296
33646708
31358356
30226248
30553992
30279668
30220564
30554200
30318656
30228544
30188652
30613584
30191524
30025176
30288664
31408176
31474128
30825984
30332376
30338248
31960384
30373492
30583976
30225176
30212144
30283196
30211088
30198048
30026512
32883092
31012944
30187176
30173356
30238068
30258684
30143004
29638580
29742972
30271400
35026160
32635476
30224224
30739280
30239176
30221384
30264644
30200180
30650012
30659108
30287324
30263320
30224868
30275184
30286700
29480068
30034136
30595376
31122352
30297932
30269276
30216968
30448360
31858996
30234864
30222892
30613676
30272516
32150176
29958980
29591184
29670352
31942436
31941076
30454140
29896628
30074820
31183320
30502088
30178636
30703768
30630884
30478076
30273120
30383552
30275828
30307864
30820244
30684200
30218088
30693068
31998148
32644004
30210684
30896588
30802704
30723880
30558116
30782548
30293888
32657016
31688724
30299536
30314352
30446968
30528268
30303660
30278316
30295820
30268372
30392796
30336464
30423012
30393904
31728928
31293988
30282132
30197100
30569280
30084176
31014264
31160728
30290492
30145564
30262764
29730816
30127992
30316920
31295052
30332048
30289752
30368568
30332080
30692132
30528796
30399356
30359644
30350624
30374980
30323284
30244724
30305604
35154252
33021792
31018884
30218996
30264604
30273116
30376196
30328056
30351576
30237624
34296248
32086352
30307884
30348480
35758036
33569628
30909736
30226000
30266928
30257888
30800008
30376812
31095032
30178972
30325420
30885392
30935484
30995460
31952204
30352364
30388936
30080604
30241768
30748844
30222344
30327040
30275708
30272652
33556656
31294140
30469804
30285240
32004000
30254244
30499964
30166732
31231188
32031592
30249916
29942792
30385136
30184284
30760140
30975296
30662820
30273308
30303176
30416984
30254388
30266280
30273856
32227156
30232228
30249476
30428784
30232392
30232364
30467912
30252144
30234184
31307948
30815788
30292396
30417996
30508352
30836612
30335628
30223268
30409036
30232380
30232452
34049104
31932912
30239176
30368336
30348444
30212484
30304200
30319740
30978676
30307708
30340200
30367968
30281636
30474352
30200044
30525384
30458152
30317296
30327752
30656352
30284768
30266868
30725320
30243216
30301216
30699788
30274428
30542140
30272856
30323640
30231252
30188280
30220508
30274868
30347296
31249964
30796368
30250284
30514324
30336260
30289636
30619416
30462452
30371228
30311680
30881148
30316924
30707852
30209896
30206540
30270540
30286792
31413604
30240036
31016876
30191880
30246448
30373636
30414948
31105060
30234492
30280804
30533864
30411280
30417860
30116340
30726180
30305436
30264360
30939380
30209632
30297528
30228136
31718900
30084688
30217656
30190376
30332344
30223368
30206024
30578244
30294980
32294764
32046688
30556384
30298540
30225608
30225316
30566256
30320940
30286164
30250924
30764460
30650756
30344312
30219820
30241104
30296264
30315696
30143040
30257392
31760580
30797692
30229756
30237660
30260260
30171532
30298592
30844040
30974352
30923468
30307436
30180056
30315528
30910752
32605300
30263860
30255584
30440568
30162340
30200388
30931768
30329544
30203064
32124276
30259268
30411648
30243056
30268124
30932432
30256424
30266976
30303156
30176560
32388228
31466376
30221868
30242584
31660880
30770564
30771108
30317000
30284560
35017696
32674176
30761628
30271176
30622360
30298648
31160196
31171068
30315396
31196824
30245372
30442008
30275576
30346596
30868636
30322496
30016064
30263420
30262316
30269164
30446432
30222212
30294152
33015108
32836772
30569880
30279036
30265636
31257184
30261088
30978344
30515076
29924004
30232952
31768380
29910656
30198860
30335052
30079604
30198976
30329984
30261280
31535388
30332352
30643560
30434376
30512616
32572796
30396800
30289856
30271136
31359280
30546496
30914584
30328872
30551620
31752832
31177080
31091668
30262784
29675164
29436612
28954528
29984896
30254288
29879476
30135632
30238420
30480504
30481124
34385496
31913696
30312804
30476892
30246092
30066164
30530576
30235692
30724288
30232268
33257880
30504128
29838664
30592452
30702060
30402932
30370004
30068100
30513376
30820920
30189704
30252144
30362200
31199956
30281644
30295088
30958192
30555856
30431504
30997356
31897244
29950904
32318932
30020116
30075944
30385000
30253076
31463664
30606156
30807460
30844644
30241588
30222436
29709996
30598764
30346472
31710804
30338488
30283488
30258440
30715196
31129304
30306728
29920644
30759760
29409324
28692580
30838428
30781636
31057084
29565368
30702344
30616004
30128528
30299952
30241260
29896596
31854072
31746672
31126732
34276892
31688504
30382520
30355612
30564384
31435872
30226140
30213756
29492344
32600836
35646540
34918536
32815572
30662360
30294364
30410592
30303164
30418308
31451560
30241824
30256976
30280644
30243876
31339844
30400108
30232524
30372996
30338984
35797124
33575784
30914856
30577504
30822980
30458384
29788948
30670304
30367324
30152840
30609476
30362532
31508568
29954072
29857320
29725396
29156368
30197824
29616004
30587892
30311016
29715360
29259972
31021692
34109516
31171512
30199900
30579356
30153016
29757100
29602172
30981408
31402012
30203672
30047108
30335288
30251008
30728396
30298328
30312724
30362900
30230348
30231752
30889156
30353348
30359420
36488180
35155028
33949512
31864056
30343124
30315956
30220600
30301464
30252960
31965812
30244188
30374960
30329868
30308932
30204396
30315328
30290816
30238052
30239868
36496484
34416952
31984340
30303212
30683564
30401320
30312060
30333872
31404728
30260160
30301976
31449896
30913500
30245792
32108288
30151028
30321664
30326968
30610784
29735416
30413600
30298240
30753700
35004624
32819632
30722132
30360496
30324452
36607092
34350956
32270540
30312552
30279348
30221792
30322896
29903984
29336488
30576108
31479332
30083524
29745848
30900092
30463360
30032696
29932392
30319368
30267532
30024220
32096940
30070904
28998432
29734252
30173164
30169172
30319344
30353020
31072528
30290940
30240840
30333160
30329924
30298088
30311340
30354760
30337160
31105552
30463176
30351656
30233684
30340928
31472476
30535856
30268876
30258988
30367844
33312984
31016056
31032868
30319632
30282664
30224044
30296768
29665980
29111700
29906632
30246364
30140700
30108692
30174344
30833700
29884844
30237636
29643528
30274060
29837880
29636020
30400776
30311744
34102400
31211224
30304972
31089744
30301196
31963072
31465404
29895852
30139980
31768700
31744696
30276904
31102156
30317368
30268984
31470804
31736448
30165608
30111640
30647652
29977872
30631760
31168372
32232128
30541256
30312580
30280360
30628416
33953108
30749584
30335084
30220684
31020136
30254548
30590696
30256548
30700688
29284612
31019988
31739076
30290232
30226688
30219652
30738508
30499676
30303752
30996540
31952700
30293008
31295388
29966088
30486976
30232024
30751260
30309248
30246920
30687772
30685924
30165684
30024604
30422268
32162688
29466556
30762828
30503776
30216516
30314592
30241244
30306220
END
END
