30266236
30265440
30265596
30322792
30328940
30289164
30339208
30224468
30278572
30315648
30265328
30279312
30220800
30709328
30178212
30361664
30352324
30200452
30228032
30639188
30133096
32084676
31619892
30737768
30225532
31760964
30452328
30282920
30247800
30292340
34914772
33145644
31068164
30313868
30237448
30393108
30397448
30221516
30548460
30192748
31671640
30784352
30209024
31132368
31201416
30227140
30378280
30340668
30340756
34784924
32828856
31092300
30207356
30190024
30224284
30170112
30293996
30218000
30943640
30246724
30146768
30329332
30304432
33094212
33093364
31752844
30305128
30137392
30285636
30214152
30263108
30263568
35806928
34820840
32808008
30795656
30248448
30842092
30303196
30345448
30249404
30246272
30273864
30229944
30356452
30350276
30240116
32321348
30229576
30331340
30219944
30899384
32562136
31675288
30224232
30333672
32042692
30328956
30292372
30207248
30342484
35261236
33084864
31201864
30290764
31481524
30241448
30328420
30390152
30323928
30811084
30263260
30767292
30262132
29873088
30140740
30114848
30474480
30241764
30643520
31595648
30622448
30102588
30296980
30328260
30723212
30294692
30203800
30381868
30311244
30215236
30242408
30260404
30284248
30209124
30323328
30174804
30224556
36330080
34301888
32367112
30535404
30228116
30469532
30330684
30295572
30266188
30325672
30713476
30746708
30242308
30269016
30240044
32546844
30732100
30087464
30318464
32510720
32499540
32434276
30671360
30268916
32805244
30302200
30300472
30441696
30644072
36207220
34343776
32440600
30492752
30371148
30377120
30425028
30249168
30208052
34193324
32161104
30262656
30222696
30346656
32259876
30428352
30301956
30147412
32758516
32145632
30170424
30124104
30450852
31293116
31340832
31757008
31814028
30072016
30132328
30111832
29857872
29826340
30636704
31936896
31719412
30318928
30278084
36214768
34256520
32341372
30272344
30330612
30446444
30167088
30287768
30202524
30304824
33779972
31761232
30212408
30296260
30241828
30752348
31127856
30220712
30278416
34653072
32534348
30533268
30426512
30321756
30185480
30243380
30287172
30298820
33164208
34311860
32188284
30208500
30459600
30381108
31123116
30235896
29932632
29799368
30658756
30716056
30794532
30794412
35321412
33221932
31179848
30342140
30213480
30475452
30277868
30262780
30363188
30209908
34285932
32085528
30308292
30233892
30687804
30419408
30570328
29610148
29883996
33990728
32017460
30298180
30233240
33496776
30842024
30125624
30267756
30104652
33808160
31896836
30233632
30345844
30243056
30177832
30347900
30245328
30238068
32699000
32194852
30202340
30459972
30539456
31376580
31650464
30451844
30341072
30301656
34356008
32493936
30531404
30338588
31111972
30343588
30198392
30319788
31241876
31891788
30260364
33602916
31595556
31122524
30233384
30200748
30268252
29995668
30832372
31132724
30443052
30349448
30279368
32414280
30534864
30298008
30225176
30264492
30232364
30247300
30367508
30321412
34250536
32079380
30288816
30281940
30414956
31784700
31894160
31895192
31895384
35352476
35133200
33401692
31519828
30212232
30639348
30325360
30222436
30242752
30292024
35051956
32910840
30753312
30258212
30604484
30506724
30320528
30230308
30140984
32237596
33431676
32728464
30253880
29709328
31256612
30602964
30804084
30738900
36631660
33449244
32781064
31194736
31008852
30620324
31227792
30105196
30311780
30312000
30321080
30289796
30324288
30253912
31053380
32025676
30257620
30111448
30256528
30468660
31141272
30534260
30293500
30470636
31828308
30360160
30226968
30264384
32068592
31162676
30302012
30168248
30307592
29888284
30742168
30129160
30350704
30553136
30301900
30205984
30243792
30256716
35079520
33337912
30580072
30620428
30297372
30432268
30275744
30263480
30271176
30277696
30238524
30337020
30268608
30321532
35096856
33280468
31244628
30329056
30222008
30540524
30239812
30318744
30245088
30304332
30297756
33869384
32108716
31724848
31726776
31726728
31088600
30316520
30270756
30279648
30201564
30255052
30595884
30377004
30358468
33674784
31473484
30235136
32924052
31039216
30247988
30227980
30239748
30170924
30232496
30284908
30205320
34212924
32061288
30236936
30367360
30388344
35205708
33203448
31555728
30697920
30242432
30204232
30299240
30334296
30198972
31054160
30278900
30186556
30163184
30191292
31017592
30514064
30036440
30229036
30254948
30280356
31396816
30204808
30286976
31290428
30286224
30215320
30280476
30289560
30870688
30304820
30201068
30256112
35564560
33262452
30995488
30242296
30241136
30276348
30328968
30320760
30481960
31856924
30816100
30817484
30261788
30232272
33454768
31537476
30211196
30332748
30310900
30234604
30270840
30285428
30448324
30257780
35103852
33002204
30983176
30272156
30311884
30380304
30767164
30253144
30284364
33270860
31157804
30358832
30400980
32135004
30294492
30230944
30258152
30300264
33936612
32161148
30306864
30047816
29896864
30427360
30450212
30238232
30306824
33217344
31318176
30249616
30216096
30253836
30314184
30277376
30236476
30236856
30261568
35219732
33271700
31274868
30275080
30311456
30229996
30302652
30238552
30201632
33739936
31185408
30286380
30362100
30354324
30151064
30197292
30900428
31251008
31293724
31292432
31661228
30294016
30245860
32366708
30246756
30272096
30331456
30226352
30218180
30287468
30239700
30396628
30406948
30297340
30222680
30618824
30098672
32179412
30720900
30988040
31004336
30202788
32443252
30427664
30244456
30214448
30280368
35544296
33449368
31551572
30259612
30244376
30307848
30213188
30329532
30407472
30714836
30224856
30106232
30168404
30277412
31954928
29940816
30757436
30294820
33490680
34152352
31691084
30235588
30176300
30988296
30230744
30314836
30215096
30230760
32772188
30198976
30835248
30290808
30337040
30318548
30295672
30284584
30363860
30373208
31600796
31247916
30295236
30248160
31819164
30344176
30312232
30415200
33166400
31497036
30192976
30213660
30388924
32381964
30461756
30311748
29630164
30294688
33317580
31717276
30294220
30213212
30966036
30528672
30310712
30267176
30203288
36372680
34117032
31954684
30139324
30320268
30171536
30765608
30270236
30261440
32290324
30273544
30252820
30734564
30270196
32214340
30237328
30209056
30811792
30690892
32407556
32299736
30371804
30207788
32291388
30260752
30268308
30277796
30225076
30308952
30279424
30238384
30325836
30276280
33829052
31837592
30218540
30254308
30561268
30348960
30286784
30277204
30437204
30432932
34354180
32160640
30302812
30448336
33252564
30642048
30286532
30380200
33231476
31545864
30296396
30159600
30118384
30271892
30235856
30117584
30130536
30896480
30606312
30308552
30628056
30541968
34480720
33050888
33037680
31340848
30175724
33124228
31022036
30196624
30392448
30307648
30227672
30277364
30251864
30296320
34040772
34374892
32656400
30512268
30197140
30631840
30438800
30332656
30349040
30267744
33911848
31859256
30321728
30344604
31892352
30303904
30269792
30305504
30154680
31027116
33132060
32180832
30545600
30274012
30256952
30213712
30182792
30483376
31348092
30288716
30277016
30237800
30316644
30834324
30239316
30197336
30262956
30285328
31426124
30322208
30223504
30215496
31577980
30216388
30339440
30243808
30206168
30795416
30256856
30315220
30289404
30285060
30264280
30325028
30278404
30222940
30223544
30971328
30250740
30321020
30257668
33394440
31277524
30271940
30264832
30367932
30249916
30243460
30552076
30729864
33081612
30894448
30293128
30238260
30272764
30678928
30204340
30216832
30317384
30317060
30315380
34873436
32916820
30807724
30855576
30244724
30282520
30260796
30257976
32619156
30768084
30218376
30268916
30325424
30643292
30248276
30434288
30296528
30224396
31171564
30416392
30319280
29966240
31670468
30236740
30240164
30313808
30313136
32283084
30254196
30274560
30315216
30243208
30290924
30317492
30260984
30288400
34739848
32639208
30567492
30463468
30203184
30258236
30261704
30187784
30239052
30237600
30237636
35672776
33862728
31811600
30282984
30217776
30239240
30459064
30578208
30198792
30213388
30236872
30263760
33673732
31800372
30299280
30288776
30226440
31900972
31281868
30321552
30225104
30265032
31226440
30300616
30426228
30313140
30289192
32668472
31809292
31810096
31405032
32557404
30488088
30267896
30356588
30293144
30294268
30242508
30240588
30166720
34011644
31943548
30273720
30191320
30267116
31340008
30775448
30251464
30295840
30297336
34804368
32730764
30781884
30249436
30244020
30330384
30324328
30308740
30236080
30824920
30289004
30322356
30261808
30287232
30204336
30214724
30207424
30912832
30939296
30938604
34992400
32937260
30928964
30243816
30252244
30351136
30296836
31983476
30264700
30142764
30789700
30209628
33821680
31590224
30325628
30292624
30279800
30278524
32106152
29754868
29608016
30490892
30214236
29999496
30072012
30287856
31826372
29920184
30394556
30334316
30276608
32057024
33779380
31418248
30219508
30036680
30215332
30295968
30286328
30068684
30066460
30845256
30143940
30030916
30005884
30507300
30091080
31601520
29949352
29821216
30597068
30321604
30135408
30491512
31975332
31799576
31234676
30297692
30201580
33136704
31298380
30288648
30213460
30601024
30656132
30616296
30883640
30228052
29849856
32235244
30210080
32315072
30377260
30634296
30956376
31177420
30110736
29644500
34849808
32945980
30950160
30287228
31096532
30305320
30254704
30328876
30310220
34071112
32019364
30347072
30287164
30500296
30316900
30231656
30386228
30451252
31063260
30213440
30254544
29920124
30079916
30167408
30634872
30141480
30167196
30211572
31171484
30629220
30333572
31181372
31658972
30321412
30245728
30291172
30224792
30327072
30276328
30255960
30319160
31476560
30234956
30369760
30347204
30280144
30201328
30176900
30302756
30255592
30311776
31588076
31903312
30991972
30482540
30140932
30962056
30161692
29914616
30221380
32550992
30996104
30191732
30268400
30125020
30244424
32222412
30387452
30297860
34253884
32084876
30291876
30186048
30203488
30324220
30194892
30283264
30297080
30306828
33765424
31215732
30274988
30217372
30091700
32088324
30019124
29800060
30099992
30070660
30781064
30228004
30305000
30312048
30448592
30321268
30200776
30230664
31965532
30236248
30279140
30308708
30328672
31022916
30253392
30447784
30205792
30287256
30466064
30247172
30248820
30248956
35219140
33353056
31412412
30367084
30269776
30252988
30505348
30212932
29985984
30631300
30671088
35653408
33648844
31424676
30330528
30282896
30373500
30299036
30481104
30620584
30285824
30157452
30213008
30325964
30551076
30445888
30262664
30265484
30656632
30810376
30219012
30569860
30390196
30681380
30295128
30444220
30263156
30197104
30936144
30620136
31032272
31030440
29572848
30252628
31353452
30625744
30412672
31923392
31927404
30759428
29923724
30288484
30232024
30514760
30101608
29248080
29677012
33632628
31967488
30301228
29995952
30209256
30174740
30171520
29750384
30273252
31144528
30329964
30253328
30278516
34557252
32435036
30363496
30261400
30305836
31635636
30175576
30299888
30347600
30320116
30420088
30328916
30310164
30316052
29570048
29890012
30562008
32072604
30226988
31916184
30252524
30638180
30230340
30290116
30642708
30299328
30237020
30227340
30087380
32970152
35029836
33023456
31136632
30312384
30233536
30065136
30281652
30244084
31342716
31342888
30243084
30222560
31087640
30315240
30253620
30247620
30404380
30601964
31609144
30222468
29716648
30294180
33888520
33674392
31499812
30268724
30613088
30251672
30280412
30263268
30293408
30321920
30277728
30762792
30259568
30231280
30285472
30246380
30235236
30314340
30313084
30787216
30328448
30323252
30222156
31490556
30341656
30351780
30398696
30317784
35442668
32944536
32653768
31644540
32529720
30562152
30291680
30050572
30234052
30301164
30159996
30159636
30161352
30295668
32848928
30797700
30206812
30247892
31682544
35310056
33244320
31279576
30364880
30409696
30230832
30737356
30315512
30277068
30362504
30263340
30203728
30319280
32965964
30635292
30170720
30205840
30149284
30147824
31629900
30279000
30244764
30278508
33025360
30974284
30212920
30239980
30667416
30225484
30199800
30358680
30228120
31264772
30453048
30309216
30195616
30331608
30292552
31358904
31570524
31285320
33221080
33975252
31913324
30232548
30270200
30275696
30225748
30282200
30260424
30270260
30253156
29605764
30575428
30228420
33517356
31934420
30522928
30525220
30296524
30332388
30298416
30167244
30114968
30124332
30123104
33748984
31836980
30294064
30250584
30261780
30309264
30236352
30346912
36529912
34423544
32159832
30304492
30328376
30937348
31448524
30271260
30344800
30179076
30306288
30303828
30308896
30200612
31331376
30389808
30311556
30341072
30179320
34207784
32359768
31091904
30421004
30399336
31923628
30322520
30284016
30253200
30747552
30288236
30322400
30232156
30319384
32682952
30414672
30281440
30224296
30187192
32151728
31628096
30252308
30289076
35091116
32842352
30806064
30427484
30251280
30202972
30254384
30949076
30245004
30120940
30536736
32736116
30601052
29677296
30117720
30305760
30251448
29802316
30240676
34043736
33602624
31595380
30225696
30267240
30252248
30462496
30252760
30274716
36166092
34285700
32075452
30114008
30191948
30260864
30218616
30219992
30309808
30327424
30281928
30196812
30204128
30361720
32206000
30245604
30298660
29739428
29719776
31036196
30247616
30229232
30785172
30275032
32908464
30548608
30893388
30499748
33164748
31568868
30214560
30217072
30240864
31205096
29959088
30817140
29864568
29939164
30571820
30580700
30277568
30330092
33421224
31492516
30328616
30260880
30300584
30774120
30264980
30219540
30211948
30338284
30285732
30227928
30277904
30259144
30337536
30299936
30268356
30629204
31391180
36143028
34192436
32256356
30237788
30307152
30338428
30332832
30359536
30268548
31118832
30403596
30281612
30333496
30555932
32682676
30291948
30312412
31263376
30612468
30393784
30201312
30210300
30208616
30252860
34220584
32337380
30367852
30222048
30261556
30298648
30292416
30410960
30234764
32725576
30680032
30860168
30241612
31196732
30557848
30673532
30316752
30309456
30204172
30020464
30478852
30938136
30937632
34164688
32257324
30323492
30284384
30289600
30301888
30152260
30390172
30404192
35051660
32333344
30336704
30126760
30354540
30650960
30615196
30290596
30428912
30301836
30084288
30560660
30450184
30302528
31548128
30491372
30274184
30514004
30309160
30927532
30204772
30018088
30230628
30294396
30267720
30204028
30451492
30768896
30315808
32458256
30908332
30232644
30288996
30286912
30443284
30429024
30329768
31141344
30318968
30286212
30228168
30320872
31921376
30315672
30315168
30212648
30284072
31090316
30534624
30232676
30953860
32518932
30548028
30237768
30196556
30333084
30312324
30352932
30218764
30331492
30286864
33335032
31310492
30322048
30307024
31076056
30292056
30287348
30360180
30338804
30912168
30312440
30262960
30283240
30302420
30543436
30695816
30121468
30269768
32560384
32740880
31032252
30242864
30237132
30232632
30377480
30282508
30383388
30442992
32315728
30332452
30527464
30286236
30281528
30031916
30156880
30233696
30363320
34305580
32380228
30533600
30247512
30212720
30221848
30318916
30256804
30317304
30276480
31908944
30327644
30511804
30263412
32095560
30789692
30748988
31172208
30330992
32785100
30858920
30321280
30243884
30320880
30244776
30327224
30217080
30228132
31458056
30305148
30495916
30225628
30442660
31560528
30877540
31139904
29883348
30589280
31368356
30275840
30293176
30170084
32882664
30898436
30291516
30272232
30250692
30294968
30320772
30214132
30349804
33685276
32635376
30575372
30599760
30995108
30455216
31400892
31534560
31241428
30305268
32698712
30383720
31394004
30196440
30707096
30247020
30175168
30308072
30265368
35481884
33535668
30285248
30139928
30243828
30269796
30692220
30089524
30279204
34387620
33940640
33612184
31885988
30271556
31531148
30254564
30195112
30227656
30307996
35249928
33341524
31373136
30354376
30681020
30270196
30274104
30966540
30263268
30925272
31708644
30197704
32329044
30639692
31406280
30225056
30414992
29606912
33608988
34778388
32694156
30718772
30237072
30301532
30289888
30259752
30229556
30193580
30302092
30352036
30401328
30293164
32868688
30649000
30230600
30215788
29062536
31430236
31724324
30295264
30257352
30301156
31905920
30248172
30222420
30301568
31310364
30295356
30505348
30359008
30310644
32816072
30538488
30411552
30205340
30227468
31393568
32160916
31243628
31246308
32489624
34116892
32033960
30351448
30162616
30235864
30289232
30264536
30839144
29772824
29347848
30029572
30894920
30325644
30250704
31070304
30323028
30271832
30295728
30560908
30864308
30351856
30610384
29881324
31659872
30162632
30119572
30186368
30000280
30222076
30382172
30065836
29818696
31773768
32042248
30327756
30255140
30315712
30359392
30226436
30233888
30248088
30749312
30496324
30148460
30143448
30335988
32808876
31033088
30239680
30441060
30187260
31136480
30245360
30303172
30340728
30224804
30309428
30282976
30306888
30208976
31605196
30294404
30204084
30318720
30596456
31168100
32276292
30604620
30272816
30219400
30970536
30272196
30236488
30364848
31184524
30325288
30244772
30313484
30319988
31852488
30202336
30231072
30585652
31031180
30725656
30944456
30971632
30491456
34867592
32812816
30795756
30320336
30234972
30264808
30254020
30258556
30206988
31243328
30264024
30336508
30280160
30253968
30537528
30317852
30267980
30684664
31389556
32699748
32209712
30361192
30275504
31024552
30636040
30289660
30238144
30220792
35924544
34033952
31932132
30333668
30318840
30380588
30393760
30208268
30260244
31112232
30437292
30270136
30135468
30539744
32665336
30862160
30294456
30328160
30255484
33184336
31303472
30207124
30225652
31409244
30447324
30224984
30276656
30215540
31508684
32654108
30977420
30250220
30210588
30212736
30228100
30258264
30354228
30360844
34455088
32660664
30670320
30290420
30819828
30255496
30283520
30214172
30373604
31049996
30254640
30289608
30363372
30436068
32067884
30327480
30297908
30331556
30794384
30796252
31589744
30298244
30302816
31410756
30261476
30283336
30469256
30214924
30299788
30288952
30179908
30320332
33878356
31778384
30308320
30298420
30231680
30718760
29832592
30559508
30272176
30205668
31885296
30286756
30284424
30224556
30666316
30342548
30336340
30330524
30232920
31488620
30216112
30278016
30240764
30808400
30234688
30285416
30288412
31050560
31490136
31532996
32872096
31186664
30235396
31362036
30232468
30228328
30291488
30226392
30305636
30230428
30231320
30319692
34241752
32226676
30280352
30334280
30387648
30575676
31609128
31427896
31455992
30565016
35688284
33980172
31939776
30313108
30833308
30309740
30255920
30223032
30326268
34870928
32917300
30376444
30182976
30952324
30091928
32133796
29858240
29783176
32123352
30937752
30218316
31003352
31026816
30774780
29827128
29968704
30728724
36871768
34983140
32957380
30950108
30181380
30578060
30295620
30280932
30307884
30374720
30611332
30259216
30248140
30228332
30247868
30211844
30293696
30244772
30500532
30915472
32074228
30302344
30263164
30244372
31492508
30283132
30305080
30244304
30273380
30345288
30349788
30206932
30269716
32469284
30313724
30281128
30356880
30251588
30157180
31643592
31677000
31677108
31677620
35600480
33624520
31738996
30277736
30755556
30271540
30308876
30251200
30226412
33717296
32029204
30206948
30227916
30328228
30872656
30233364
30343508
30853024
30064208
30516684
33689912
32087052
30145612
30282464
30348244
30295120
30234732
30245096
35720852
33623912
31263680
30259656
30620268
30208828
30145260
30328372
30429732
31081100
30336692
30006024
30265064
30229576
31538676
30220044
30281900
30294808
30479284
35434944
33699472
30489644
30134752
30705360
30227968
30322980
30214516
30234264
32530588
30250744
31032768
30291760
30047296
30797288
30143672
30881040
30259056
32664032
30356516
30168932
29926660
30287324
30313768
30210632
30145404
29614588
32390700
30948956
31137268
30237044
30487580
30375188
30210020
30294488
30108120
29673308
30374176
31593404
30291324
30224080
30344276
34668212
32828516
30719068
30750008
30923508
30311172
30220556
30226300
30313096
31681492
30198184
30325136
30218284
30300208
30239608
30222652
30600768
30733240
35080224
33117144
31047184
30216800
30245560
30320472
30336100
30272364
30308052
30337968
30308868
30240064
30393940
30391100
31538568
30300412
30164988
29986068
30555812
30281912
30212612
30188520
30425916
30170376
30770952
30772116
30772068
30290972
30192468
30307996
30280436
30306652
30226024
30884116
30406952
30116524
30327808
30415392
30404552
30565128
30149184
30126972
30921248
36429804
34841772
32926516
30790320
30260056
30316028
30288104
30511148
30699932
30908504
30224060
30330948
30340252
32777300
31651500
30238496
30223132
30208424
30295012
30332076
30575264
30416076
30447644
35709024
33923484
31914564
30342412
30685848
30211368
30267464
30333336
30255844
30330976
30256292
30236608
30295672
34740356
32773368
30642604
30280248
30297272
31429780
31565540
31321660
30601732
30601160
32879740
30892520
30267220
30196120
31146560
30241324
30244704
30253896
30262288
35361668
33492844
31292296
30348004
30284028
30470072
30827100
31343140
30491280
32768964
31989036
30319472
30253068
30208832
30800384
30800888
30254684
30225148
30345272
34392068
32583500
30640552
30177800
30302032
30289272
30251744
30204312
30270688
32737600
31056260
30276944
30362592
30574936
30356708
30734016
30327424
30234600
33048760
31017664
30286772
30342476
30221788
30240412
30271132
30254536
30212408
30327812
33553316
31555084
29645704
30080624
31655860
30298940
30263888
30205432
30224972
31180084
30303112
30300808
30384144
30263424
33111580
31320112
30305640
30298516
30452624
30971492
30509784
29842248
30322736
30274552
33570268
31609148
30255876
30333780
30276656
30283840
30356908
30428024
30428736
30428736
30711476
30319808
30294404
33628152
31598916
30209556
30284620
30221412
32317804
30300648
30274212
30308416
33358844
31244504
30347008
30290720
30406332
32456028
31393796
30629868
30321924
30278284
30361704
30835268
30273688
30109052
29877844
32058672
30678700
30259228
29816368
30984100
30204452
30189484
30226676
30311376
30536212
30316636
30179772
30316256
31194136
31012476
30491812
30529524
30301516
32496852
31118564
30141192
30608488
30267676
30551136
30267436
30259688
30230644
30299876
33806140
31229836
30534388
30767436
30190524
29947240
30236748
29933524
29508588
31009084
30188804
30150988
30229408
30213904
32440920
30418736
30204004
30315824
30261648
30253776
30264208
30324416
29895856
31533312
30265272
30111596
30225576
30697944
30139180
29960828
30416344
30247932
35487384
33491420
31470428
30293872
30342572
30890880
30787456
30279288
30298668
31037292
30276432
30295944
30334624
30409784
32968604
30565740
30417192
30461032
30226820
30715636
31664136
30847640
30322168
30167004
32629644
30908632
30343232
30218612
31212052
30326604
30271844
30304852
30313840
31946084
30204404
30297560
30207440
30245960
33288656
31420012
30325452
30301612
30101084
29973960
30183320
30271988
30036436
31819816
31851272
30463524
30288576
30224096
30762544
30255380
30296508
30549308
30459744
29215444
29067184
29604408
29845964
30410228
29376728
30094084
30741112
30702288
30068992
30254372
30297972
30384544
31293340
31177876
30756860
30317432
30292468
30880140
30481404
30316024
30293196
30293112
30293928
34146736
32275960
30230072
31865916
30626964
30274380
30326980
29863516
29280548
34277896
33742216
30723808
30316196
30438560
30427144
30432292
30587612
31939976
31016804
30239148
30239476
29653256
30209472
30203888
30236248
30429520
30360044
30287180
30281000
30177724
30706584
30548344
30269384
30152944
30782264
30333160
31430708
30333032
30906972
30333024
30317356
30974192
30044904
31115684
30202364
32007540
30915172
30243064
30392348
30404336
30820612
30222776
30256836
30224708
30235680
32525468
32485692
32466500
32059128
34170496
32082288
30305736
30194900
30410384
30198144
30305900
30217820
30234064
30214604
34229168
32164004
30319164
30233228
36869908
34822600
32733356
30698960
30459620
30364752
30205400
30264916
30264000
30280260
30472716
30318372
30341224
30224376
30046292
29875276
31473720
29868348
29378336
30656492
31015048
29708776
30284384
30318152
32062268
30188464
30391628
30395176
30707016
30327688
30530960
30521020
30524324
31564528
30260844
30318116
30318568
30300508
30255168
30344812
30227908
30173344
30182608
30183212
30536168
30222196
30238616
35930640
33821592
32027556
30291892
30284612
30210600
30315364
30310016
30382128
33342412
30818528
30407064
29936300
30302212
30273420
30678164
29804772
29578308
30132472
31740928
32692776
31219072
30315240
32044836
30310180
30223808
30333624
30215332
30342276
30222792
30306260
30278868
30252112
31538220
30260800
29995716
29966396
30698652
30190212
30206600
30289764
30291380
33966144
31859836
30242620
30436204
30299080
31089804
30537616
30246540
30288864
35627948
33437236
31272280
30240844
30221408
31106144
30191856
29258608
29675940
31427960
31181340
33882280
32252036
30722480
31991092
31440964
30230368
30230308
30705568
36199780
34712024
31075548
30436624
29429388
30974916
30316860
30282052
30293932
30314468
31827948
30326632
30217392
30164888
33644564
32492008
30532040
30390724
30309832
30278428
30249452
30514776
30254816
30167480
31484512
30377244
29908468
30251780
29871716
29424300
29876912
30316492
30392940
31687196
30692520
30219344
30260664
30452604
31156768
30223496
30185648
30320948
34063196
30569168
30132748
30026596
29740480
29785448
30175084
30508672
30288204
32801940
32629040
30556080
30627580
30270992
30237656
30255692
32010324
29719456
29759760
31037672
31146164
30213960
30300088
31262184
30278976
30249944
30152488
29926180
31063124
31078176
32557608
31075708
30280296
31364748
29883044
29882344
30085044
32750116
31291392
30335060
30369992
30266604
33691068
31729568
30189556
30202176
31654200
30235744
30286004
30329044
30274944
31058800
30268808
30293488
30283248
30481000
31138772
30570172
30570872
30183888
32816980
31645848
30705396
30111676
30336556
30913716
30667288
30327180
30272336
30342004
31319684
30272932
30262956
30636500
30290508
30268736
31955548
29827732
29470012
31041620
30285820
32042304
31078368
31148244
31115284
37512044
35528876
33366148
31259008
30281108
30406308
30226688
30901176
30224524
30240068
30356384
30201988
30283456
33649992
30409548
30305948
31593456
30204736
29718260
30215856
30273744
30200800
33886188
31577844
30278096
30388088
30215624
31011232
30299652
30252464
30225192
30254344
30260420
32155476
30290972
28617340
29499660
30355316
30127564
30109084
30022440
30019860
30264724
30228068
30038272
29883660
30152724
30068820
31155240
30282996
32397524
32899024
31038208
30219696
30195116
31263012
30626324
31449668
30232580
30215212
30287976
31164832
30276380
30374288
30212688
31826528
30378744
30215576
30333164
33205052
30268820
30297320
30356956
30072280
29504900
30383164
30291540
30313128
30705484
30652768
30164816
30338952
30319820
29637904
30952736
30208244
30281168
30301620
30333460
30350888
30351520
30351948
30252556
30309656
30272412
30317936
30328104
31550180
30322060
30263740
30303344
30260812
35297596
33266896
30442756
31227088
29577828
30766028
30972732
30237556
31533928
30421608
30484044
30654144
29932060
30215420
30178104
30183156
30312180
30319180
32576528
33813312
31722992
30198752
30294976
29885076
31455136
29673476
30411280
30214816
31947932
30342584
30245100
30299696
30585000
30332432
30249352
30304604
30353836
30352756
30353140
35666000
33663012
31646252
30775840
30328724
30307472
30295260
35403408
33560324
30244512
30281128
30223896
31246460
30300216
30296500
30275256
30333396
31467464
30243476
30298952
30299556
32718448
31858004
30690796
30299856
30316728
30295400
30295104
30562368
30214120
30314976
31196700
30487488
30268688
30228560
32602128
30606448
30259404
30270244
30321816
32604036
30313456
30253244
30083316
30396748
30363432
29896636
29765496
30872520
29962992
30415316
30552676
30948696
31133276
33710276
31714400
30283900
30255024
30317260
30447648
30259052
30217952
30219384
30843624
30301596
30227948
30254300
30318968
32969000
30720920
30290008
30845748
31129352
31950968
31846024
31407572
30273452
30315660
32338776
30417364
30301136
30266444
30218084
30259940
30270076
30236656
30315884
33830828
31869404
30339824
30408280
30428100
30294056
30666224
30716056
30526936
32762020
30854148
30350684
30255180
30254624
35797244
33654948
31670224
30279512
30239036
30368044
30223292
30228120
30345292
31556628
30084552
30432608
30293280
30235104
30419464
30203392
30206756
30297856
30297676
30777628
30232860
30301656
30263920
34556644
32542776
30523892
30210104
30282804
30292836
30197452
30254652
30260240
30766240
32056416
32157080
30309200
30320964
30815212
30313308
30264016
30265596
30279484
30293364
30234212
30427744
30294608
30268384
30178040
30229116
30230736
30615900
31725348
30321068
30164720
30220668
30215640
30612608
30144744
30318180
30232788
31488692
30229428
30226768
30250904
30295956
32752964
30678408
30310756
30237624
30346400
30855828
30320888
30649276
30217612
32525384
30369484
30320276
30252864
30242924
30321928
30323196
30320656
30210332
30338492
33079344
31060496
30313376
30271004
31198952
30250396
30217316
30266624
30291932
35919244
33893176
31697608
30224444
30220372
30281736
30795056
30713304
30715440
32062956
30402796
30273936
30278496
30238856
32070276
30229736
30160412
30248096
30310804
30209968
30304100
30380952
30241204
30471568
31345408
30266348
30330200
30313600
32052908
32510312
31688272
30238504
30249356
31252592
30221820
30296076
30295276
33310924
34767056
32966760
31031956
30393596
30375172
30341828
30296276
30376068
30466424
30298168
30325904
30418352
30995744
30699540
31412936
30315244
30209584
30288788
31706156
30826056
31860312
29995128
31702672
29971120
30295016
30624108
30281240
30301080
30754300
31288948
29934660
30105640
30708204
30881916
30131000
31500876
31254052
30276204
30275176
30297940
30242036
33249772
31102748
30270636
30275996
30233112
30286236
30337396
31858832
30110648
29369252
32873168
31906332
30213364
30394696
30794308
31029996
30740304
30333240
30274624
31063288
31063068
31063564
31131612
30304820
33494872
31504068
30285356
30285372
32068356
30249476
30294804
30267700
30296968
33686852
31575100
30285912
30239356
30314764
30268716
30552236
29835052
30471216
32452716
30294168
30636100
30957812
30240876
32575620
31451640
30637920
30332696
30308040
32972100
31004056
31013876
30250832
31432488
30284012
30333652
30245060
30300156
30496420
30255568
30168688
30246452
30188960
30278456
29875048
30511028
30189116
31406564
30230480
30247160
END
END
