30225860
30225188
30223292
30269804
30246680
30185196
30165048
30662336
30286392
30301980
30613792
30184668
30762320
30397864
29982032
30180436
30150128
29921136
30203800
30192012
30221508
30186844
30876532
30231944
30382188
31469772
30277436
30189872
30263680
30260976
34646728
32140740
30477364
30286488
31148128
31044780
30246272
30496836
30413516
30331368
30544716
30218752
29902324
29737796
31369988
30177556
30293740
30260932
30439676
30536260
30223628
30235312
29981312
30034456
30198232
30170804
30050244
30173932
31216228
30264332
30142680
30257540
30095868
31477672
31660764
31651116
30170340
30172196
30177640
30191856
30228812
30229376
33468164
34610964
32286232
30235820
30232092
31738496
30148172
30495672
30185032
30463512
31920148
30235776
30258804
30421476
30898272
30861588
30559692
30474328
30206312
30745276
33120956
32207548
30637816
30230536
32493356
30211340
30200580
30149240
30263520
30211380
30996232
30213132
30216948
30507848
32104892
31100628
30727428
30702108
31467868
31436612
30263012
30101048
29615408
31310752
30258364
30252184
30854120
33834028
31321024
30234876
29885768
30229500
30379020
30392640
30208132
30461856
30282904
29916204
30433668
30544596
30194892
30326956
30150604
30211532
30147740
30112596
36351616
33998588
31956288
30399092
30196672
30337952
30210720
30252620
31277832
31308152
31580908
31564540
30217832
30321356
30230988
31784344
30470928
29916416
30405288
31620996
31794676
31766552
30164024
30340336
33197620
31084260
30131080
30170408
30365992
35098752
32480176
30238864
30227216
30175356
30239076
30101904
29869404
30084412
31280112
30577288
30043544
30941216
29396992
30196592
31175308
30291564
31339316
31272804
32692844
30496364
30293936
30444336
30980536
31194880
30074076
29967712
30136544
30509336
30057284
29710956
30203080
29684384
30538292
30536332
30148444
30257804
32918792
30693716
30261808
30148192
30181916
30246548
30636368
30174436
30179784
30294784
31091928
30173096
30063864
30240468
29635808
31687400
31697464
30241064
30167912
34384216
32020012
30448296
30278516
30636748
30691408
30254524
30160340
30214860
32541332
32230212
30207704
29960780
30872776
31057540
30152664
30162808
30161948
30211964
30219308
30219848
30220308
30221060
34828256
32588976
30172916
30601192
30254328
30903064
30718440
30153204
30269520
33499084
34218928
31122716
30147700
30138764
30191852
30245828
30213388
29209212
30259956
33918796
31907488
30395148
30237848
30923100
29856940
29888284
30330912
29457660
34531924
31180012
30034236
29353380
30170336
30371060
30179416
30197840
30244732
31908504
32257340
30232688
29906508
30203964
30390128
30699220
30141556
30224044
30227544
31752860
30214176
30213072
30154720
30221736
30219080
30176880
30087668
30767176
30519204
30299740
30622412
30060180
30853184
31127320
30146732
30235060
30203000
30297944
31891264
30192268
30279692
30281372
32832624
30543408
30303364
30235460
30245912
30575048
30582536
30866748
30747648
30777848
30378088
30650996
30820944
30627636
30439880
31631368
32146376
32146904
33178204
33170292
30953596
30679400
30152048
31142252
30207544
30543436
30197100
30199456
31109384
31311748
30178028
30185584
30131492
29983476
30149548
29807508
30215852
29712564
34341952
32315432
30429324
30068760
31133188
30349244
30453276
30240208
36231168
33014768
32445860
30683724
30601796
31693944
32229944
30425328
30201488
30159940
30088972
30283024
30552804
30478400
30924308
30966596
30553652
30214316
30153296
30664152
30145008
30062440
29934132
31734472
31805948
29920228
30425552
30258884
30176432
30898720
30193200
30233548
30185772
31898364
30483484
30248520
29726868
29820036
30182972
29826548
29760976
30858552
31718548
30895808
30060816
29667620
30190304
30288168
30237096
29334472
29040568
29714920
30157948
30261244
30003404
30400992
33558884
31610672
29900596
30796052
30212992
30318020
30272284
29779176
30225788
30171484
29748048
33086596
31101568
31271408
30905544
32206384
31350752
30234932
30258580
30718700
30317352
30163436
30068776
29492844
29484464
32850348
30680852
30714520
32375368
32163848
30395764
30241184
30367236
30026124
30080680
29808012
30122648
30274328
31464752
30537368
30144868
30465624
36385928
33022116
32441144
30741584
30655756
30460000
30245956
30263744
30272228
31137920
31181552
30813060
31012064
31068920
31548044
30686476
30384680
30416848
31081420
31347616
32062140
30173188
30259700
32678756
30593632
30238068
30166456
30099520
29560716
29835692
30252728
30119140
32453764
29964760
30374828
30234612
29358244
30567848
30243044
30235572
30090720
29795448
31234480
31393708
31006528
30259340
32383360
31070768
30670040
30525216
30177976
30304636
30153300
30212048
30829900
29744028
34110136
32566172
30928644
30702376
32523232
30858548
31190108
30592000
30705120
33003012
31008096
30941764
30718172
30254312
30771380
30183844
30277312
30171108
30149860
31391032
30051580
29350440
30198932
30626684
29924844
29281368
29364956
32481756
33630240
31454688
29980712
30161996
30150980
29815804
30275944
30628216
30246004
34717460
32043416
30150428
30548136
30334228
30692584
30256444
30198596
30206592
30160340
30371516
30212428
30097596
30230948
29985384
30196936
29902292
30966456
30991688
30991380
31240888
30205772
30432956
31577104
30506104
30594848
30197524
30319868
31561864
30190956
31235992
31101504
31396816
32456156
31681184
30998804
31567548
32277096
30733604
31448012
31456988
30228596
32281728
30340480
30378468
30342332
30850708
36085452
33907116
31679268
30501420
30182756
30192200
30173392
30203944
30153456
30233796
30127340
30066296
30051032
30236616
31039508
30226792
30593244
30211324
32415860
33508592
31538860
30364096
29786548
30139644
30166632
30170444
29893252
30120120
31044740
30653120
30665476
31034456
32601580
31059576
29995240
30945264
29495460
30457340
32192392
31937704
30288948
30353760
31858196
30420008
30152916
30166608
30185628
32374200
30257760
30235016
30537640
31604304
30281556
30623588
29848924
29451268
30426016
30098852
30214956
30027664
32548196
30997188
29874700
30778820
29582004
35451384
33061652
31060092
30344256
30472304
30540724
30276292
30444092
30408740
30193416
30967888
31548532
31453612
31324352
31843532
31311104
30260036
30947968
31168448
31186488
32564372
30175284
30328216
33375844
30778580
30268008
30325016
30251472
31533732
31563268
31486020
30215020
30118744
33536668
31194896
30159064
30678788
30487604
30780620
30867396
29867048
29824344
32416700
33640612
31164296
30270508
30041340
30764876
30288992
30860884
30563848
34992704
32772900
29967988
30049864
30649740
30483576
30040800
30144272
29938616
30520684
30547584
30775408
29755272
29792948
30024988
29885008
29879248
30736420
30208612
32883492
33974176
31619556
30756156
31131156
30200708
30179908
30242328
29869288
33145180
33940668
32097228
30093864
30212992
31775432
30206156
30001728
30652876
30174640
33096412
31071376
30243204
30255876
32212996
30211396
30221900
29975392
30213964
29104752
30167092
32786776
30367864
30049852
30192552
30145960
30080324
30350592
30344060
30511968
29908580
29865708
30106188
29980608
29845592
30091428
30216252
29795984
30158432
31455784
31118092
30248264
31488760
30337148
30511076
31047912
30358004
30189728
30142216
30175832
29794452
30176700
30951608
30210008
30064380
30050844
30569192
30922596
30304880
30300012
30177508
32421164
30580236
30356888
30871872
30233944
30688116
30449208
30099324
29593636
31742272
33821188
31426168
30934840
30219024
30768244
30739948
30902168
30727516
29925352
30269352
34657940
32377804
30363880
32006188
30331044
30516820
30246940
30240344
35324376
32685544
30443056
30157952
30157136
30407672
30090144
30177848
30206748
30227232
30199668
30149216
30009608
30880656
31071440
30269272
30270004
30267032
30254964
32898164
30579224
30241876
30450912
31408516
30899876
30595172
30313332
30230028
35245168
32922308
30405976
30238348
30179580
30186520
30350372
30184440
30192916
30193412
30193248
34617956
32205260
30187828
30786540
30167744
30952844
30175044
30180260
35522036
33479304
31216920
31337392
31742112
31617704
31384448
30793928
30690800
30471252
31348028
30256332
30161568
30451256
30559600
30138748
30103040
30213064
30249936
35928364
35280840
35281852
34815428
32496336
30156984
30107820
30120120
30331872
30301224
30197308
30147164
30260728
34233596
32217172
30378132
30123788
30200276
31003096
30233824
30185548
30146316
30456824
33986572
31688352
30317784
30395692
30184268
30249868
30195932
30177008
30249840
30131304
30571372
30191628
30184512
30197384
30129688
30081236
29852708
30895160
30894880
30894516
34933392
32709256
30337924
30171440
30310844
30187552
30230660
31313660
31873368
31754572
31777340
32822712
30183964
30730608
30077228
30030200
30241148
30284348
30231704
30087448
30001004
30045636
30184192
30178048
29772648
30236760
32584672
30973848
30202876
30148716
30150352
34326952
33761988
31606008
30217312
30151484
30173968
30152388
30287012
30364548
31356412
30224100
30179772
30188856
30194044
32811304
32818932
32254336
30550660
30913152
30479260
30217196
30186232
30194076
31245344
31079788
30500876
30256020
30230976
32959420
30916324
30178528
30186660
30186184
30370856
30202828
30253388
30210520
30478004
34446960
32982756
32543384
30329224
30220164
30251388
30254056
30053060
30072572
34471832
32147356
30158548
30485192
30279656
30264796
30698560
30151016
30225008
31269500
30813076
30219484
30230380
30195016
30598080
30137684
30158360
30245192
30741760
30269924
30266908
30308420
30223896
30489760
30744732
30234224
30195032
31278424
31157280
31425496
30868620
30115584
30800672
30124928
30183996
30195224
30169892
30250692
30142308
30141720
30173440
30941088
30172368
30219052
30167424
30438232
31772068
31024272
30548376
30453264
30880032
32403720
31665136
30158152
30299140
30768504
30267044
30210896
30207820
30245700
32499500
30294108
30242276
30397744
30294096
30293464
31753184
30211664
30206904
34245808
31942856
30150000
30247904
30955180
30772880
30330664
30553624
30192276
30451692
33201188
30727456
29964348
30217160
30254860
32136512
31262852
31079496
30155948
30157548
30298112
30295484
30265376
30260628
30278476
30650024
30180496
30466840
30941644
30590820
30339596
30277092
30379132
30408896
29803596
30224332
30261580
29510548
29850240
30115524
30516480
30547612
35453112
33326396
30900924
30184240
31142088
30416040
30217436
30224756
30530688
30144976
30372948
35748412
33325480
31051104
30164352
30180036
30246420
30229236
30157420
31795004
30659228
30502000
30194600
31342924
30139232
30695900
30537644
30391556
30169156
31902632
30403864
31471432
31587112
30954940
31056380
30059144
30728948
30114432
30281656
30123340
29757728
30868952
29655948
31819880
31092088
30684248
31297456
30036672
30150864
29526188
30006872
30226032
31009352
30458724
30382096
30361776
35096844
34450812
31707336
30128168
30169064
30512592
30254348
30210524
30227032
30270452
33559992
31265096
30340588
30211920
30274788
30934780
30265528
30150724
30205468
31918724
30538144
30273460
30257868
30190704
30257168
30145708
29986196
29831368
30783992
30675412
30676508
32828060
30639104
32370264
30236900
30367608
30246560
30243444
30241548
30186664
30156564
30223712
30983788
35843440
35935528
33679560
31325192
30282016
30302624
30214160
30184316
30236208
31620280
31619836
30442832
30254512
30830852
30202168
30225456
30202168
30065028
31753424
31324412
30230728
30153616
30268008
30178228
33900956
31630356
30317848
30856100
30173248
30392616
30191860
30884068
31335976
30249436
30884064
30218432
30870004
30258484
30142824
30107112
30118440
30119780
32982768
30742812
30154728
30169876
30609764
30519832
30161176
30177732
30066844
31196120
30190424
33019548
32351444
32961756
31840976
30288008
30388212
30715720
30644008
30958452
29548804
30524400
30211768
32856512
30433128
30221020
30344696
30196336
35305948
32840988
31239316
30163388
30211196
31180320
32124228
30395824
30236920
30271652
30224676
30163028
30205388
32805104
30713660
30339856
30237972
30176020
30176940
31475016
30241828
30176732
30584296
32591848
30165552
30277068
30669936
30217104
30908564
30472864
30479316
30784816
31583656
30750808
30663068
30764144
30567644
31487076
32002268
32036084
31440408
33025820
32518768
30180424
30658476
30280184
30592548
30861288
30104296
30147268
30794344
33142572
32100528
33398092
31759884
30209936
31910468
30485628
30487032
30233240
30902708
30298352
30324552
30332840
30333080
30333524
33452512
31316328
30262900
30157980
30491064
30510996
30674676
30216020
33046064
33764376
30751112
30250824
30342728
31118816
31477936
30137428
30155616
30252288
30132636
30265600
30305164
30166936
31433224
30720220
30160008
30191744
30271136
33847492
31631508
31012908
30450020
30435144
33001184
30660524
30263976
30375768
30372736
30430020
30461772
30177872
30152568
30283220
29906884
31030176
30403432
30211484
31893288
31182112
30232552
30240768
34415440
31939340
30376988
30243524
30550792
30745092
30575088
31038792
30504328
31340164
34437712
32909188
31865200
30218276
30833428
30237600
30390244
30208512
30241288
30883076
30466724
30189916
30240836
30254532
32221468
30302032
30277056
30145200
30776572
30705372
30712752
29948968
29162172
30284568
30439788
29785840
29460976
30712652
30321616
30312072
30148716
29816976
30031764
30973064
30242088
29964472
29848048
29944796
30195592
30185952
31048908
30795544
33388044
31221044
30888656
30909108
33097840
30136508
30157764
30171996
29606904
29979512
29910124
30180496
30246060
30529108
30064836
30454020
30680928
30157304
30190204
31186380
30172900
30253356
30222612
32705052
30563204
30227756
31438156
31065696
32277384
30859408
30735312
31005992
30487308
31564852
30506320
30616728
31006192
36627440
34301412
32168820
30253416
30203420
30167928
30636836
30244420
30496624
30162136
30631960
30208172
30147316
30714136
31451936
30657384
30369032
29378992
29679588
30404748
29725572
30714600
30524132
30164520
34011624
31600612
30274416
30266204
30148220
30163188
30332052
30178128
30163268
31982340
31323216
32056524
30147260
31951568
30216760
30188076
30280020
30275068
30750092
31064188
31071992
31072148
31072144
33723864
31555760
30388336
30225628
30303056
30269280
31133220
30168820
30757588
34989908
32406880
30254204
30584304
30863640
32420188
30377256
30251120
30271484
30182332
30704420
30561248
30282420
30266720
30212104
30210452
30602884
30821600
30460380
33821148
31615300
29791428
30248480
30242784
30765460
30275396
30052972
30189312
35333984
33495280
31711824
30754184
30838684
31486764
30421568
30093880
30196080
30198040
31550928
30279284
30189568
30221728
30220312
30268096
30254396
30235776
29999944
29975504
30227948
30252716
30175888
30062212
30163476
30886464
29943400
30944996
30517200
29951568
30222140
30421464
30238100
34092268
31771988
30275440
30365724
30702624
30155080
30208068
30707448
30325436
30956804
30075200
30334908
30246068
30562056
31465192
32335888
30834808
30171336
32253704
31843580
30202980
30193124
30829148
30347848
30178628
30577952
30619352
30820804
32729976
31135724
31111284
31449772
31499620
32202256
32656588
30309232
30300240
34926936
32209548
30201828
30155928
30235084
30463612
30622880
30349264
30135284
30270720
31273596
30955844
31411640
31193432
32518500
30892660
31443048
31608948
30202208
32564068
30333076
30262012
30322200
30485208
30347112
30182816
30313656
30273732
30490300
30177348
30202692
30090764
31147704
31119180
30499304
30236744
30623448
30624744
31070052
30359272
30279476
30202708
31432244
30234744
30865836
30227248
30163256
30134104
30199972
30904936
30650144
31789396
30710140
30644136
30678836
29816868
31306648
31108164
31108796
30432204
30200124
32745568
30399584
30246492
30212404
30177444
30381648
30213128
31169120
30278752
32314860
33199976
30978132
30005812
30678976
30207940
31258440
30225980
30786468
34058636
33575908
33247652
31181760
30156196
31889480
30227772
30171612
30153016
30266392
35565820
32882980
30711960
30173368
30256204
30472108
30595332
30266624
30138980
31210976
33667072
31885276
31275948
30214084
30285856
30156224
30177532
30185528
36934480
34582844
32190640
30219276
30213992
30237832
30171344
30469796
30841856
30337652
31334248
30886996
30933200
30844916
30244916
30922120
29883740
31046108
30930596
31274992
31946244
30248576
30272036
30439912
32157076
30702652
30257088
30512748
30236632
30723988
30239984
30156484
30176408
30135128
30336260
30173456
30066396
29967452
30650044
30725576
30117288
30118316
35915016
34420712
32000152
30163284
30272976
30256432
30211916
30384288
30429912
30130916
30107636
30258656
30255148
30222760
30286704
31223084
30174268
30282680
30245228
32033656
31631028
30190856
30192564
30032648
32236372
30205140
30283956
30238524
30155096
30179564
30230312
30182624
30254488
34609132
32358412
30156204
30290368
30168948
30363956
30311348
30197292
30155952
30155320
30824964
30128252
30255524
30397104
32211912
30188164
30345716
30166712
30181360
31320180
30598916
30227308
30677168
30165140
30277696
30171752
30242632
30766668
30209404
30204264
30221660
29971788
31114628
31141700
32040604
30150284
30230548
30324632
30888928
30507720
30165072
30629680
30260128
30792692
30222324
30171416
30148604
31614180
30255588
30199320
30163856
30226296
30466528
30652252
30661724
30242352
33945400
31615032
30220112
30433044
30190956
30395488
30222492
30750552
30172884
30220160
30755100
30543248
31208800
31182900
31686672
31100816
30651776
30676004
30719576
32179452
31787256
30289760
30212152
30225428
30606436
30155060
30399888
30534068
33076588
34437664
31673156
30811296
30312176
30418016
30149568
30427024
30825844
31180492
31701508
30709104
30397140
29960408
32082364
30161044
30324816
30233528
30162264
34278804
31896052
30160368
30165592
30179012
30184820
30227284
29741216
29950216
29699732
29392928
30166892
30176900
29571376
30899508
30981232
30028580
29836336
30526372
34879584
32759428
30539164
30175836
30856752
30570640
30250740
30267880
30228468
31806444
30347780
30359432
30708744
30639496
31123468
31317240
30985208
31534980
31422704
31456668
32134720
30290680
30213420
31241540
30258904
30489908
30260404
30283544
30181676
30257556
30148832
30139780
30200624
31023936
30122276
30105048
30093552
30121352
30844304
31536328
30721808
30174508
31219432
30229836
30512212
30388916
31319932
30150636
30178116
30225064
30179328
30262656
31404652
30435536
30385860
30672932
31258912
30437380
30358224
30711440
30713164
30713188
32135860
30206756
30304120
31629076
30156020
30259984
30271572
30280368
30224116
30168828
30237556
30600968
30168040
32508448
30182992
30142500
30866116
31072908
30135940
30742328
30900860
30161196
35544040
33680712
31445964
30238836
30935996
30252812
30424568
30398380
30231680
34886488
32252264
30738228
30965128
30706040
32077708
32222308
30787080
30745504
33385916
31199148
30108872
30181940
30178816
30229184
30283496
30308244
30308276
37670060
35365380
33044128
30577520
30425580
30609692
30162400
30921252
30264776
30246700
30393796
30901312
31191476
31560664
32364772
31442020
30386396
30711244
31118480
31793052
31296208
30206220
30208356
30161868
30167860
30247428
30263792
31013172
30193016
30378928
30210044
30281976
31406260
32122812
31027924
29905232
30886916
30946580
31598340
31411584
31414152
31413524
31413424
35443636
33257768
30928308
30263928
31346412
30300356
30240332
30190476
30255332
30264280
30191808
30181676
30262548
30203152
30230680
30179944
30052144
29977596
29551440
32510864
32682596
31881128
30011304
30902664
30235816
30158988
30237520
31093216
32141900
33484976
31307168
29903000
30484048
31071184
31240448
30024652
31120076
30216596
29949728
29786048
29896116
30261744
30529620
30159636
29964364
30317292
30482304
33427616
30975316
29632292
30514472
30169216
30257232
30196856
30069652
30657200
31631656
30392476
29787412
30503560
30577988
30185076
30091916
29620964
30236844
30158208
31274112
30233324
30130680
30213988
30274540
30270964
30002908
30024348
30186804
30826968
30010368
30261020
30236000
31795932
30267824
30315652
30279156
30357120
30509532
31653628
30230456
30726812
30774608
30239648
30751716
31560820
30075464
31537908
30213508
30323976
30237188
30293972
32782588
30336432
30271036
30304676
30526512
30023420
30115720
29939216
30197648
34758660
32343616
30379960
30171264
30264680
31218392
30251772
30256708
30808352
30144132
30337152
30218736
30189512
30273708
30194980
30209392
30161720
29184436
29928208
30268912
30232092
30458388
29868592
29959948
29759224
29640260
29565308
29922700
30184232
30235804
30173400
29819604
30177200
31591556
30519940
30513396
30799784
30883532
32026476
31296172
29910424
30731548
30542240
36822572
34935380
32498668
30249496
30355328
31519400
30189752
29787180
29388072
29913880
30344552
30516732
30838292
32799724
30342388
29943408
30226668
30260120
30147516
30177164
30041636
29715096
30520488
36425228
34240588
32055560
30157448
30452892
30266380
30222860
30159320
30790176
30412236
30245060
31230520
30516052
30283804
30423648
30791424
31094896
30630056
30503788
31119304
30830440
30292204
30294600
32617712
30379432
30258300
30242720
31307952
30176232
30278432
30216444
30659564
32159968
33093164
30351712
30340872
29939052
30744872
30612452
29834100
29542640
30447148
29834632
30201344
30072624
30088688
31608424
30738368
30220228
30174236
30205920
34950060
32211316
30497808
30201040
30266864
30267908
30325632
30249220
30336404
32821832
30899248
29733068
30602816
30771052
32398356
32204444
31799768
30234792
34109032
31803652
30223128
30471728
30210288
31471856
30478120
31223060
30764968
30158744
33876432
31460108
30856196
30992780
32363088
30265752
29652200
30172932
30201460
31384660
30532724
30225920
30277784
30308180
32034192
31125404
30167132
30278320
30585660
31701812
30511148
29686348
28959004
28921844
30776556
32354052
30200720
30178464
30176788
30045776
30222756
29748224
30233844
30282944
30819072
30288580
30464988
33782076
31554644
30438980
30256932
30431472
31918908
30625000
30203036
30982188
31012536
30451144
30210124
30208360
30208792
29642340
32954636
31315796
30237836
30215368
30215072
30390160
30317864
30314608
30139032
32848208
30675072
30261244
30201696
31473016
30181692
30276540
30221476
30188692
31830376
30178256
30318352
30244296
30795876
29938388
30297140
30259476
30199452
31318432
30220728
30392884
30130136
30449360
30649340
30555804
30368672
30083388
36217820
33892364
31130444
30160144
29552472
30384216
30173092
30222108
30212384
30217144
30640784
30200656
30241260
30241448
33586764
31353816
30166572
30377292
30246364
30497384
30393652
30239092
30223920
30369924
33507936
31153552
30364088
30424088
30187884
30205536
30152272
30153228
30288680
35527460
33306152
30930056
30178028
30777816
30712372
30543116
30318832
30225368
30456224
30430160
30221780
30876956
30645516
30284560
30201220
30178020
30455168
30366804
30080624
31155256
30371256
29841244
29603584
33565560
30277872
29824372
29703720
30398320
30256600
30471736
29546404
29496532
30463340
30744492
30164496
29877268
29652916
33578240
31219988
30270656
30046960
30775156
30019720
30202724
29644732
30156020
33156788
31013640
29682544
30192608
30264536
31480504
30176592
31764160
30586896
30131960
29493316
29847172
29941376
29790708
30206980
29869336
30752428
29702064
29541720
30224740
29935608
31396364
28983636
29745236
29879404
29615596
30437156
30753832
30070088
29738556
29743140
30151540
30084492
29401276
30416408
30629872
30235604
30221252
31100552
30699664
30365932
30135104
30968684
36473860
34741184
32782632
32529588
30381260
30291644
30253304
30133244
32276952
30315656
30389356
30483904
30231592
30621900
30138060
30174696
30448752
30682632
33334288
30735456
30245908
30614376
31733060
31164620
31462316
31473576
30326936
30992868
30834408
30040628
30006288
29436964
30254912
29574228
29271284
29577764
29600440
30401228
30189004
30203380
30712268
30161824
30284064
30278548
29931160
29795208
30153400
29876980
29619168
30629544
32524404
34372288
32887796
30006152
30310480
31255348
30153700
30084916
30492976
29855008
33409312
31272448
30592596
30244748
33216728
35203392
31576640
31096108
29796876
29618204
29449700
30532576
30133776
30221880
30805924
30163636
30252228
30176504
31772200
29897092
30147416
30193240
29723832
30226044
31050396
31192320
30220360
30270972
33168808
30740260
30399612
30229772
30267740
31517104
30147756
30142056
29649616
29336584
30157620
30275796
29623592
29949732
30151712
30016092
29353372
29754372
30565400
30764928
31540304
30274912
30180052
35715396
33493472
30789928
30258868
30276084
30598308
31386260
30227928
30739788
30189116
31916572
31779156
29617160
30239512
29811120
29521144
30955508
29455640
29629536
30994700
32098440
30212200
30278496
30194540
30214512
30231080
30655436
30180268
31854356
30242324
30195128
30227736
30219612
31658432
30259084
29539736
30779028
31196084
30253796
30256496
30156484
30158364
34102260
31828484
30407788
30364680
30333480
31509772
30825116
30185288
30194528
33457400
33508752
31112332
30170408
29993604
30609536
30231772
30447928
30326152
30179932
34797632
33975104
31679176
30159852
30835180
30258732
30111404
30210008
30219104
33752452
35155168
35147936
33789336
33775480
32233804
30172880
30211472
30224032
30232132
31441984
30268808
30326048
30199676
34478920
33182040
30867824
30427308
30458472
30588732
30267680
30157544
30350796
30268224
30247100
30185184
30324608
30155968
31399500
31384576
30200980
30249336
30176160
31189432
30203572
30197080
30628044
30245716
30396172
30154024
30641560
30534724
31383528
29911368
29051504
29134092
29674044
29822296
29688660
30440628
30814160
35389336
32825848
30329912
30461820
30425844
30175652
30193500
30555476
30210660
30113916
33865072
31909912
30167392
30204340
31528936
30253828
30286032
30140348
30279024
32472216
32480572
31822672
30226848
30179000
32891456
30827596
30843700
30843920
31361076
30248236
30343904
30243872
30226148
35073324
32532548
30546928
30215468
31580800
30860864
30192548
30199100
30321828
30369856
30182660
30197520
30359420
30532776
30414940
30176448
30267008
30165616
32979712
33331320
32030968
30538752
30240812
30241852
30160048
30206940
30274852
30274520
30428568
30198464
30236188
30295060
32050960
31781988
30125252
29893252
30861904
29715380
29662768
29845400
30122836
30490536
31164044
36137012
33727576
31594260
30267884
30163752
30199664
30614536
30197268
31855856
30272896
30398048
30187000
30183008
32181056
30287268
30508624
30704816
31322184
31103192
32017776
30862368
30239944
31571220
31686452
30856640
30225696
30030888
33435492
31098816
31158168
30247040
30264532
34354740
29795324
30300756
29887568
29776152
30261720
30198132
30244164
30243460
30989568
30301264
30158064
30254552
30266572
31203600
30916564
30204396
30263068
34635256
32526608
30435536
30373744
30359124
30495520
30149112
30176048
30165928
30153852
31865812
30421616
30152336
30107712
30503736
31678372
30269964
30206424
30286548
32668508
30856152
30165640
30094336
30157780
30157848
30208472
30252536
30313500
30213956
30304644
30227732
32071936
30238308
30263840
31276868
30378560
31075760
30231688
30391288
30778364
31366984
31401096
32238024
32308776
30295604
30392900
30465716
31218216
30186560
31037632
30257896
30718304
31726980
33202636
32254528
30184988
29495932
30588636
30620116
31801912
30248172
31423900
31035296
29692520
30057112
30187184
30212420
31022304
30517064
30222288
30809484
33533200
31950656
31566204
29512072
29370840
31954184
30948752
31586084
30255776
31924140
30280056
30285156
30342628
30397952
30271724
30172300
30361372
30372096
30371212
30371064
35293388
32949844
30704228
30255280
30443036
30230744
30301608
33185540
33084152
30754184
31137584
30359176
30894904
30287744
30287548
30189512
30360024
30880456
30210592
30147680
30188924
32314396
31665100
30174236
30226532
30037312
30142908
30143572
30144048
30305956
30185296
32491552
31731604
30502912
30204080
32876676
30469052
30463720
30244504
30698772
31288884
30644032
30157788
30268776
30214064
30481928
30203844
30070348
30037944
30952060
30944520
30944936
30945516
30464384
34737396
32337252
30375260
30234396
30697192
30265972
30193436
30722024
30212208
31661460
31163188
30657536
31027820
31190080
33094452
31428888
30920104
29871308
31224312
31833228
31833696
31091976
30169576
30215124
32409148
30165112
30275212
30202468
30327124
30252760
30516588
30270736
30222884
31367264
31220240
30171072
30170700
30385432
31668200
30300908
30912812
30585004
32288836
30606028
30153112
30310700
30423192
34053000
33901564
31592188
30776428
30580148
31686128
30952832
30230268
30213976
30214740
31714144
31981196
30246572
30363052
30293636
30188196
30214648
29631396
29185432
29942596
30245300
30249644
31256344
32437452
32726884
31466176
30251568
29824192
30189400
30201020
30148568
30055092
29386160
31724684
31359844
30219636
30360244
30226296
30162552
30234264
30731548
30217504
31620144
30150920
30214476
31561712
30155208
30240312
31029536
30200808
29690276
32543792
30191400
30303240
31050024
30796328
30061916
31015576
29274680
29350720
30217712
31364440
31097260
30191628
30400848
30212452
31720736
30166360
30132872
32222268
30256192
30093744
30337200
29207860
30197424
29990468
29603808
31112924
29898368
29417448
30463016
31097772
30245448
30636268
33428660
30150012
30547344
30265848
30622916
30342272
31172584
29949284
29984312
29978864
33547904
30639932
31162220
29867824
30131000
30221068
30018264
31445644
34918904
33017236
30675024
30286604
30516028
31329488
30262832
30245824
30359228
30710288
32238012
30498328
30571828
31022380
30198648
30162748
30241876
30213352
30579956
33803772
33806412
32986444
30525608
30279472
30673424
30203092
30534964
30217344
30225984
35635932
33958472
31356216
31034600
30205296
30278508
30177692
30161676
30223052
30810092
30405208
30212240
30409188
29794120
31587236
30728792
30224220
29725016
30648096
30451084
32369560
30969864
30626128
30259340
30146720
30326484
29983528
29850824
31694764
30159492
30032860
30660192
31000892
30023940
30436908
30575020
30815144
35163744
32811560
30485972
30802832
30282788
30165992
30226840
31001092
30570796
31885268
30430852
29298292
30125640
30324228
34244532
32322636
30153760
30371756
30231620
30264732
30143768
30208212
30187552
33179732
33180636
33180940
33052344
30923832
32496296
30155924
30517212
30128092
31243308
30170492
30199488
30259392
30699388
31878512
31158596
30188920
30187088
30182116
30156332
30183480
29632396
29546868
30321240
30148700
30255752
29276152
29625152
32370360
36415732
34362056
32906848
31334696
30409932
29524184
29318080
29335808
31052344
30973988
31325984
30227248
30193496
35034588
31952572
30222976
31199228
29944312
30636860
30123312
29724272
30371000
31416236
30228908
30377824
END
END
