30133096
30135220
30135020
30073720
30143968
30088116
30189168
30180592
30175868
30272588
30153328
30187268
30618576
30188620
31103948
30176876
30120724
30407244
29354612
29373012
28887972
28952108
30409336
29480292
29223652
28536680
29266376
30732328
29550040
30268392
30133772
29021424
29537276
29976776
30281996
30661124
30109660
35264548
31940356
30144032
30004076
30143136
30993964
29658280
29827624
30029888
30222488
30925476
29720792
30133896
31315092
31196044
32799448
32679496
31387956
31395700
31395596
31395536
31395836
32985516
32133152
32240308
32655204
31110268
30595860
38376768
36058988
33796480
31542496
31706756
35026888
32985696
30113292
30154724
29226920
29934076
30295376
29206384
29132264
31472700
30541860
30311356
30276504
29654992
30116336
31098604
29454840
28548976
29808412
31730240
29185944
29969120
31079672
29507756
29881068
30411008
29313892
30152228
30078124
29234904
29296492
29445984
31652960
30201836
30113112
30691792
29652304
30611836
31264464
30078864
30114304
29800956
33228440
31117776
29550868
29453128
30787564
29273888
29778512
30384556
29656860
30477556
30518684
30520128
30693136
30694764
37957616
35110352
30121760
30125120
29151044
29235088
31137324
30005140
30982224
30171196
30149568
31282452
30000568
29608332
29191104
29588092
30162440
28393716
29885128
30103464
28194936
29585540
30104556
29756188
28371312
32101548
32119764
31138364
29757260
30105036
32005324
32593572
32021204
30112580
30182916
29231692
29530336
29979652
31254744
29572100
30125880
30961324
32524700
29916520
31832188
31960464
30140972
29482804
29836784
30461404
30448708
31400900
31443364
35270664
31917084
30857100
30613348
30915824
30924544
30925660
30825856
31840872
31849912
30969640
30159772
30077144
33513152
31271816
30115212
30152396
30418508
30158896
30632448
28835004
28674632
33399172
30635656
30147900
30561112
29638124
29498284
29056796
29974016
30278844
29454780
29696740
30211344
30032816
30412240
31191720
30114588
30350660
30366168
30297764
36860820
34653608
31715692
30167972
30165536
30165896
30136488
32993164
30142888
29408888
31381620
30104632
29934856
30141732
30786400
30072348
30075492
30038196
29378284
29740936
30739116
29386420
29451292
32480808
30273728
30149568
30180792
30453524
30175384
31091468
30922548
29283504
28898452
30710520
29083856
31696932
30069096
29161816
29635376
29798568
30000300
29076984
29726292
29896424
29445244
29454608
29751504
31221460
30179964
29455492
30770992
30542164
29548028
29542360
31415892
29845776
29939664
32768004
32895236
30090052
29716484
30913468
30673504
29989032
30113856
29571368
30001688
30088808
29337816
29148432
29585148
29779616
30092576
30075080
30919680
37572716
33838240
34388888
32472088
32046896
31388440
31521692
30160976
32016400
31791188
31537724
31047896
30087128
30125820
31634140
30073172
29883100
29089164
29598192
29871272
28432140
29393888
30094132
30313728
32591108
29845964
30137688
31469704
30147212
30501640
31140984
30469216
33205880
34287620
31809776
30060468
29726680
31292816
29601180
30000044
30437624
29371116
29970716
30120780
29222760
29670848
29914584
30301196
29867572
30266872
31144540
29672124
30739380
29362768
29958788
29666160
29637208
30076744
30103088
30017412
29952604
29046124
31227448
31360092
30180572
36479548
33966452
31917988
30519916
30119192
30072392
30367400
30111064
30244784
31541624
30068992
29857112
29899532
30146936
30394272
30997500
30096208
30787576
30789608
30790396
31839040
31839700
31840856
31840380
32824780
32727004
32726164
32727112
36902048
34685396
32530008
30302524
30198512
30419024
30193936
30144668
30255724
30129024
30101504
29704888
28896064
29537444
31060044
29808448
29476248
29934876
30198628
29280680
29802596
29810216
29235252
30653020
30701952
31318916
31336956
31337572
31338292
31338072
32094684
30223304
30210964
32187616
31584540
31781328
31798932
31799316
32363568
32380800
32380736
30017612
30096904
30280772
31295300
30143192
30437808
29780824
30180508
31180860
29575492
28566828
30855532
29755564
29761416
29049832
29460736
30343596
31115804
29555572
30108760
30603428
29601052
29651248
29944084
29620712
29313736
29464568
29833588
29975676
30181876
29378812
29392576
30551244
29803032
32985068
31460704
30470796
31082588
30237624
31229048
30081892
30025212
30164240
34040528
32359340
30277448
29669056
30012684
31373412
30112940
29839680
29996444
30424924
30430824
31642260
29534920
29952688
29737112
29240000
29205704
29967200
30139280
29643776
30374496
29675692
29559656
32426428
30824664
30757600
30206156
31181372
30099828
30141060
31889968
28878624
29453648
30075928
32125680
29663084
30151128
29707996
29995512
29393640
28983908
28667104
29861172
30032928
30255236
30567716
31833056
30266004
30166424
30467308
30500196
33226336
30951128
30215764
30160060
30087836
30250696
30107900
30202552
30387604
30584104
30150692
30428696
30152088
29520392
30603592
30445060
29190236
29213240
30073848
29143912
29714784
29529616
29465976
31865648
32166388
32166700
30210804
30187760
31837772
30254756
30358520
30175824
30864360
30161136
30100356
30554884
29343524
28983832
30295940
29404764
29617552
30148884
31032624
29281480
29947304
30473712
30500080
30976208
31264200
31263812
30700948
30964248
30964172
30964668
31520636
31521776
36603340
34725656
34903232
33297576
33232528
33240632
33240236
33241640
33790868
33524652
33068604
33076960
33108776
31017492
32970948
30676744
30154200
30169584
30176920
30110660
30154152
30711728
29836992
28878704
33250288
30130496
30515052
31307672
29306420
29488288
31224136
30860884
31091960
31099832
31100512
31502516
31552396
31553388
30974828
31005904
30146736
30144276
29848612
30465956
30954436
30767244
30785348
30786496
30787024
31526700
31535888
31536268
31535064
31255396
30434560
30087660
37691380
35710624
33112624
30463076
30132740
29850248
28865284
29856476
29835316
29017992
30127736
30445032
29648328
29368312
29660268
29952336
34303564
32378200
31002140
30070720
30069124
29337348
29366348
30048900
30124276
29916708
30627648
30277308
30178664
30773980
29305596
29732104
29946284
29979520
29718008
30037388
30026812
30318996
30336304
30336300
30810120
30119488
30189600
30156508
30214500
30150140
31206684
30110704
29791144
28825020
29884004
29947744
29011284
30045784
30114732
30061544
31535708
30632844
29697164
30167680
30054420
29447940
30561188
30545072
30192388
34705188
32574552
30594004
30093524
30179496
30149156
30237172
30222324
30080236
30116852
29098368
29548400
29914700
29234208
30181772
31866036
29605320
29963228
30567992
29428592
30103576
31251764
31540184
30239752
32245760
32261292
30238280
30369152
30256232
30263704
30162676
30317752
29650000
29720608
35696820
33969084
31810632
30473020
29910452
30113444
29070844
29610728
30580012
29641464
31062128
31064844
31532976
37328076
34966044
33161088
32891464
32899068
32899264
32898788
34734424
33092236
33267628
33266772
33268792
33619388
37525912
35253228
31567136
31078556
31310560
31310008
33049000
30797468
30234396
30229108
33442520
31463832
30502000
30083188
30906472
30098980
31007644
30092300
29973592
30269728
29902072
31949800
30148088
30115876
30069780
30070392
30070220
30071060
34055388
34788556
32815084
30507204
30183428
32598084
30657672
30196536
30184192
30074224
32829360
29591604
29963160
29743324
29486876
29471476
30047952
31417140
29812860
30107692
29988788
29851624
29817080
29325108
29924888
30419668
30130236
30369772
29401496
29551804
29821008
29907328
29878840
30306704
31627436
30188536
30144736
30176908
31015460
30416880
32039600
31602876
31433408
30371904
31065376
30149044
30374328
32339288
30980100
30071304
30130480
30149788
29514448
28934772
28769064
29767616
30112380
29122268
30100672
30152936
29304028
29530816
29620904
29995720
29636612
29583768
29843080
30489828
29420100
29748008
29674096
32148860
31161052
29282944
29627524
29937236
30967916
30541712
30086896
30099204
30162972
30049816
30211680
31084416
31442164
29739040
29392092
30069536
30482304
31217756
31219268
30713212
30184420
31459700
29464476
30122212
30959836
30162836
33534300
33088612
32529804
32545640
31259928
32811304
30449196
30521600
30210992
31453124
31215676
30157536
31329084
30088236
30039324
29371856
30457872
30136928
31276920
32754920
31176528
32075740
32127776
32127976
32127960
33438376
33438420
31806924
31891380
31898844
31898700
31898988
32947752
32947240
38928960
36625164
34202576
31953984
30179068
30172336
30708236
30089348
32956280
31965260
29368908
31134020
29662028
29793020
31276112
29529528
29252752
29394396
29183364
29260732
29345172
30121584
30200448
30145992
31093340
29808628
30418052
32987608
30773932
30401992
30140008
30122464
30071480
30064668
29241936
29999452
30049468
29154084
29765964
29746460
30190832
30065336
29751832
30045112
30069160
29580964
29422140
29548148
29409968
30058376
29132212
29908056
29607548
30115324
29985912
30081848
30766460
30697376
30518912
30339200
29747436
32642468
32652808
31230644
35537996
33389788
31163760
30283012
30196692
30122148
30137432
30999848
30151876
29691376
30001552
30018828
29797336
29822920
29460804
29830900
29656228
29251480
29225360
30847228
31286248
31288284
30722372
30197048
32685080
30088124
30565012
31658692
31421800
31439740
31463932
31582800
30104916
30696924
30117968
30161136
30110012
33887680
32229048
30092804
30155216
29047904
29432628
30445372
30137856
29947552
30644384
30021892
29644068
29712400
30295800
30115756
31151304
31356236
29689328
29389764
29848252
29848244
30505464
30804372
30822972
36002060
33215172
31194084
30222528
30201228
30070872
30902468
29689568
30181320
29957740
29725392
29263320
29594144
29720140
29429292
29850324
29621056
29549044
30248128
29485716
29969040
29778948
28907468
31955976
29516092
29764728
30348844
30185180
30966376
29709384
29927168
30131816
30262696
32047360
30239960
30301188
30240104
34065212
31509452
30145616
30241056
30177036
30136128
30146080
29391752
29436552
30155920
30736808
30736368
30735132
30736956
31524444
30996392
30949576
30879052
30152700
32534640
31866024
32036540
30980488
30980720
30980404
30981076
30981160
31522436
30700996
30703392
30703012
30497312
30129560
36040076
33797056
31404044
30429844
30381540
30142040
31760136
29731736
29785724
35240628
32631136
30142160
29679964
29910220
30715772
30717248
31268092
31333700
31358548
31358476
31359124
31883140
31884288
32045640
30136260
30004380
30121480
30129252
30129100
30129772
33791292
33733672
33741840
33742716
33743332
35373480
34130924
37450016
35038788
32644632
30223416
30468620
33231764
30103664
30097836
29253428
29934260
29826188
30462464
29201416
29308832
30306080
30096760
31028332
29823940
29636156
29082012
29815188
30173276
29367688
29689324
29755256
30354048
30491448
30164748
32617732
30274936
30117068
29951004
29937008
29316948
29719200
30764304
30085992
30182976
34817736
32935620
30625484
30196312
30115960
30426176
30087124
30122304
30663260
32567556
30084036
29297600
29810968
30237160
29905004
29602016
29958092
29761092
29022632
29490108
29871624
30437104
30821284
32319952
30073616
31693248
30030736
30168780
30433680
30968596
29743908
29199056
31839984
33277268
30184300
30021644
29015120
30184680
30043392
29251588
30118424
30714756
30262472
32297012
32576452
32577304
32577060
37816560
35548172
33305472
30917660
31359308
30071016
30165124
30073724
30087112
30170752
30792948
29666496
30734040
30022996
30134696
29911000
28552308
29744684
28925320
29521004
29626932
29625792
29489320
31148564
31635632
30184716
30164640
30195320
30202964
30203320
30201396
30383368
31586104
30151148
30292284
30611412
30095152
33126464
30319588
30148412
29991144
30651568
28975952
29768608
29532976
28803472
28764504
29029188
29807628
29894756
30099844
30134064
29745732
30166688
30022016
29291036
32110344
30670408
30137232
30087072
30160648
30181932
30184164
30126352
30074048
30942008
31369792
30651584
30054160
31050844
30112068
30145488
30838976
30213064
30288904
32329700
32063404
32063812
32728924
33900484
31925740
30202336
30236032
30181008
30239952
30432676
30114740
30100424
31443804
30129640
30175408
30680612
29831012
30298004
29419844
29881976
30683556
31206004
31249040
31879680
32229824
30582740
30657764
32336636
30146208
30533064
30829712
31266484
30451448
30417180
30173976
35004160
32812544
30273336
30511656
30205224
33285912
29950424
29717684
30139860
29556044
30824188
29923976
30819644
29452092
29710456
29781244
30183932
29191780
29963852
30026296
30675896
30945792
31032964
30393992
30394152
30393472
30146884
30131928
35796536
33524280
31124808
30173752
30429368
30301632
30269868
30168956
30174520
30167100
31261560
30111452
31523200
29621364
30741412
30799772
30800668
30800620
32135904
32135248
33935728
32537096
30220436
31546232
30136876
30168036
31541576
31014092
30169992
30185892
30802040
30192344
32006944
32024328
34284912
34208340
34216828
34217376
34217280
36175896
34476624
33884632
35495628
32638132
31289040
32426216
34017164
36690544
36715524
36716312
36716816
40213788
38070516
35765236
33581944
31568996
33009472
30110512
31429300
30077600
31912064
32102608
29929312
29609696
28088724
29016656
30163128
30287348
30031584
30167924
29676580
29779436
30250820
30108344
30641200
30996632
31012204
31800796
31801128
32066116
32066168
32065916
32035036
31765524
37473148
35006420
31742144
30553096
31143864
30167588
30107956
30423924
30630388
29983292
31659984
31498352
28921096
28607680
32518896
31366436
32879036
32912192
32913848
32854440
32863160
32862872
32863476
37175540
34816292
32020588
30110304
30217848
30618608
30618332
30619084
31141396
33622568
33289612
33288932
30356464
30025272
32671444
32734952
31258848
30932584
33479464
34717492
32483108
30135040
30019424
29780788
30025516
29358924
29818868
29830796
29347088
29489064
29552704
29857536
28817880
29531044
30195580
30852192
29455228
29973008
29859344
28951220
29825692
29485656
30111304
30108648
29103380
30435976
30029088
32185400
33166392
32738616
30682844
31330496
30195992
30135124
30196796
30094024
32299900
30145240
30373260
30819668
29345592
30855072
30872316
30871836
29982936
32585984
30111136
30229084
30312084
30311680
30313132
30461668
30492852
30534108
30534264
30533824
32127960
31353724
30385168
33831512
31721452
30114124
30210016
30400060
34468828
29780000
30079492
28677612
31041000
29597688
28417396
29607732
29740504
29818056
28828728
28668200
29339976
29301128
29711960
28802316
30464008
30707936
30126724
30150804
30146468
30316828
30352888
30378308
32459612
30344172
30146228
30210884
32858472
30804312
30216192
30245112
30207404
30216792
30108004
30296224
30383292
30182420
30110132
30109628
30622408
29141956
30437852
28917616
30827152
31208336
31373656
32707144
30566040
30268272
30126984
30591424
30099152
30945464
29570468
29887040
32602180
30103284
30090468
30733976
30958488
30961796
34577356
34240784
34240708
34242036
34240916
35036076
35037064
34176704
34742284
31890056
30012160
30235864
30491708
30517820
33549044
31240324
30212808
31953820
34204604
31970496
30203044
30138700
32023108
29683020
29280740
29801904
30207876
29727812
29800312
30466664
30091904
32004508
30446828
30845308
30845144
30845444
30843152
31457320
31491880
31490204
30580848
30431560
32153816
30109064
30861356
29840560
30446896
29741952
29706700
32903908
37198724
33803036
34160212
32403452
30142712
31402816
30399252
31508264
31190112
29415668
29502564
29119668
29858740
29392968
29552188
28993272
30467404
30294536
29447360
29974244
31235044
29650928
30276384
31161344
31469308
30420840
30421092
30421144
32461376
35930320
33715440
31654208
30531804
30077836
31050244
30037884
29920960
28107372
28806716
30682748
33231112
30902540
30737480
30167380
29570292
29223584
29610044
29968684
30519920
29503984
29935592
31058212
31065952
31066560
31550092
32314364
31455564
30702024
30717824
30444772
30477968
32688404
30396400
30217904
30136424
30094088
31705444
30460500
30499592
30178844
30144924
30149336
30489160
28889376
29241972
30079268
30106480
29426396
29871260
30649920
30154260
30138140
29220840
30448152
33928292
33044216
31084016
30134688
30155468
32492948
30145628
29895564
28915620
29197216
30007572
30301816
28774252
29747520
29628548
29825628
29575188
30140024
29348932
30081896
30099028
29548552
29291084
30134172
30005448
28780204
29362708
29827304
33426288
32900188
30594052
30622436
31038376
30427664
30225424
30120288
31141008
29604160
29685840
30279164
29234216
29907284
30997288
30198484
31422080
29818208
29705620
29108436
30317372
30695460
30730716
30728760
32528488
31636592
31023672
30171988
36634004
34433444
32184680
30169752
30352852
34252776
31961640
30446408
30180248
30181172
31057568
29727356
29144420
30031864
30088680
30205372
29832672
29368116
31630696
30332404
30242864
30497596
30462240
30189904
34254344
32216100
30202068
30444568
30200600
30127688
32606004
28877236
29021716
31346560
28781128
29952612
30285640
28861480
29717152
29796464
29931468
29366920
29432892
29910472
30027808
29110376
29486008
29423120
29770768
29861892
29966512
30349672
29428968
30687944
31225676
30136404
30156232
30169532
30155224
30706872
31440620
32155216
29255896
30112896
29452708
29875140
30888928
29524136
29117972
29127816
29450260
30186820
31816368
31156048
30013560
30388248
30388340
30396092
31241000
31239352
30160884
30197392
30336436
30319696
30368644
30366148
30365780
30116328
30093764
31772536
30251852
30177124
30163380
31491460
31052408
30757068
30321780
30185948
30104996
30094828
30991616
32227328
32122796
31900044
30231868
30554568
30649076
30647144
30645584
30714616
29891628
30180452
31014140
30408752
30111052
30073944
30198372
30111380
30199644
30864156
29783016
30006908
30532680
29279308
29887172
30323648
30681164
31595528
29840784
29337160
29276748
29519472
29720924
30007924
30357296
29262008
29640672
29767940
30015640
30082432
32095660
30077436
29761332
29688160
30244824
31425592
30154032
30106344
30167488
30187780
32553880
30831640
31565948
29778256
29806732
29622952
29672920
30079760
29591184
29968032
29181960
29731272
29771600
31885740
30682956
30128352
29981624
29112356
30009956
30880016
32064476
32065716
32064164
30546876
30170224
30168660
30197252
33806944
31949856
30192128
30571968
30167592
30074168
30189884
30068992
29968092
30552368
30564600
31969120
31134016
30561036
32783608
31497608
31498880
31498808
31256416
31429664
30164708
30130244
30660844
30156704
35502304
33258024
30884280
30622344
30138904
30123896
29225052
28645940
30649536
32297600
32154348
32158824
32158668
32157632
33770720
31893372
30281656
30178692
30310072
30427912
30428296
30428540
30644880
35434372
33206632
31029152
30212200
30302552
30121260
30127604
30131092
30291260
31545964
30617204
31124892
30052192
30730936
29439812
30086048
29989544
28971740
29880620
29648432
30269704
30729216
30762580
30761956
36287480
32448572
30350736
29331720
29611668
30185820
30346456
30158148
30192484
30843760
30260744
31247708
29864960
29922196
31238688
30097640
30171760
30009400
29409916
29402160
29872660
30679264
30118624
31657108
30227348
30105240
30134672
30187132
30151740
30183356
30372980
30193552
31248352
30053556
30103780
30427376
29479980
29170972
29759952
30790984
30835736
30834612
30832468
31111188
30174660
30193736
30125424
30223532
30350508
30091512
30198380
30106176
30112608
30503920
29232532
29970088
30079264
28428712
29783492
30082248
29703256
28578760
29544912
30050748
30062196
30640256
30125700
30146248
30201424
30739032
30151960
30078156
30093328
30197780
31418088
31007028
30105772
30133216
31373416
30124984
29883936
29920744
29772616
30248764
31232304
32376716
31173788
31208704
31944096
30872280
30592092
30650396
30672280
30678964
31374528
31126528
31013024
34534372
31675564
30098252
30785288
30205832
30155436
30077252
29848260
29271796
29626280
29540008
29186064
29138844
30077940
29940612
29423744
29719380
30018352
30076256
30080708
29993056
30686072
30018856
29170824
29274624
29520928
29608680
29870568
29921220
30053348
29818924
30263548
30215700
30196576
29580520
29341984
30148576
30180204
30098208
30721560
30070940
30189256
31305032
30321976
32721572
29784356
29595192
29671692
29013436
29873620
30798864
31091716
31091540
30546508
30466772
30484784
30485120
30483676
30479924
30479432
33923332
31661984
30097496
30253892
30483404
30496692
30495304
30756968
30132456
30209648
39261748
37002800
34802548
32625488
33879196
31519696
30143472
30573752
30192400
30870712
29152568
30137664
30095384
29391132
29265924
30079904
30170260
30098952
32434904
30099792
30103224
29220488
28574828
29515764
30171740
31006396
30075536
30253256
30964440
30129200
30097252
31522092
30611700
33856472
30957664
30165236
30128068
36334836
33533756
31099128
29851464
30166808
29315552
28658420
30183176
29021936
29179860
30065284
29151516
29792276
29621180
30264448
30973936
30316196
29755280
29933020
29817200
29333604
30082172
30211696
33753288
32086908
30186484
30125760
30183784
31284056
30736736
29927612
29928916
30274848
30282900
30283840
31073752
31074116
31074788
31396980
30149376
30217500
30456640
32088684
32036880
32599764
32948136
32987248
35749368
33427684
30174104
30399872
30990212
30728216
30736196
30099632
30090356
36427448
34251768
31953788
30180376
30682616
30151068
30370168
30135412
29197216
30013404
30016144
29081844
30180184
30295000
30643880
30644840
30643752
30643208
33576908
30942088
31680840
30714156
31647824
33028624
33030072
31748264
30153628
30298224
31748164
30544316
30188912
30153524
30122824
30117180
29099852
29971852
29672568
28766604
29998208
29582964
28814984
31978452
29885324
32516560
30725896
29283876
30170028
31798288
30891404
31441692
29539580
30098944
30396184
29538756
31557756
29854872
31670992
30110440
31380436
30545596
32218472
30146200
30153236
30199968
30150440
30784188
30094456
30268932
30436996
30156184
31287284
29406720
29583044
29674844
29923984
31021912
31023084
31022852
30176012
33976664
31686088
30265784
30433484
30441368
30442196
30450092
30285672
30394064
33513548
31409164
30414432
31297944
31620768
31244764
30130500
32468408
30312524
30193824
34269428
31760832
30101732
29884732
28953880
29725416
29800748
30667112
29794524
30098316
29159776
29744056
29764452
28913092
29654912
29643548
29723404
29519388
30079604
31474860
30451144
29493016
29831272
29619476
29305084
30031096
29139536
29862604
29522340
29892696
30626632
30217984
35365392
32873132
30703408
30175304
30223860
30507312
30212304
30140560
30095448
30120044
30775952
29676368
30164420
30313980
29952304
29713960
28610176
29298392
29983084
30249680
29317276
30269000
30530860
30662732
30950708
30457228
30511632
30170128
34367824
35610292
35232200
33856584
32473256
31818628
31807336
29625068
29708652
30611036
30097652
29915732
30203776
30206616
29307032
31883440
32472184
32415132
31671396
32457228
32457116
32723736
30444108
30206756
32741792
30144836
30127224
30181420
30085764
31783836
29628152
27835812
30451592
30136704
29452092
29954672
31529456
28679280
29024300
30303916
29644564
30056784
29134300
29815772
30152584
29265244
29564500
30465200
30110420
30110584
30184084
30831784
35435772
32868856
31105884
30082860
30413128
30132148
30098412
30991856
29340116
30905404
30056204
30673728
31141304
29259184
30042836
30939792
30203568
30760664
30844456
30843912
30843212
30121764
30171184
30181944
31758276
30312124
29243668
29836972
30039056
30696756
29609284
30084284
30246024
29577864
29988144
29933740
29431968
32949312
30079628
29882836
28822280
29699284
29714116
31144500
29438312
30718728
30019892
30042424
29036144
29730720
30390344
30391132
30391428
31205364
30201580
30106580
33454516
30371044
30415940
30162232
31219504
29165316
29275632
29247848
29504868
30538380
31233100
30631616
30631660
30628220
30625672
32341288
30180348
30010248
30152684
30168556
30860076
30387628
30396688
30396948
30396208
30857328
30930912
30952156
30952756
34593940
32470964
30181240
33707088
31730736
30121660
30162024
30320076
30332244
30105172
30093000
30682940
28405268
28788176
30781504
29306420
30028356
30171892
29217044
30068396
30071224
29150452
29553792
30276936
30795064
30840172
31700968
30121784
30130016
30219100
30459396
31122276
32789252
28850252
28806188
32761128
28669960
28947644
30768756
28301228
29052372
29906876
30996764
30164284
30104980
29482460
29208568
29199204
29503864
30195956
30085408
29264028
29896412
29878308
30362936
30192712
30092044
30434908
30730796
32826108
30185292
30066460
30594544
30186876
30162080
31123716
31186392
31089520
31033148
31032732
31033544
31034528
31035136
31835204
30093036
30449196
30214460
30500620
30516420
30735804
30143048
30106176
32125368
30829820
30217028
31547144
31009192
30166692
30692608
29098544
30585168
35306140
34043364
34051648
33900884
31603696
30710272
30717908
30717180
34262528
33026840
33027700
33028668
33026508
33024940
34090460
34090004
35069768
32803576
30651516
33577936
31190556
30228524
30269088
30805588
30376712
30449276
31406780
30153960
30186880
30772976
28969940
29229904
29636836
29036132
29421860
29735516
30342508
30500576
30517320
30291056
30205600
30405460
30374416
31350904
30347204
30214020
30117312
36935084
34701844
32398472
30154612
30413428
30207992
30906892
29521048
29994076
30936980
30944468
30943376
32130520
31249596
31249452
31249428
31247068
33194284
30841464
32915956
30090132
30166304
30913684
30928884
30927940
30928100
31735912
30145720
30216280
30214452
32483428
30249544
30186252
31182500
29569892
29974064
31233060
35625696
32345272
30727384
29985804
30001144
29833796
29385580
31469388
31045956
29570316
30760100
30125036
29179452
29487828
30430848
30510564
29867860
29764628
28860828
29565424
30006636
29816460
31124532
29360220
29562600
31348752
31634532
30200864
31899440
31847332
31878052
30534224
30125276
36885956
34312472
34435488
34246760
32109176
30146136
30112664
30958224
30773504
30490784
31411356
31723216
31731560
31346240
34910512
32565272
31297344
31296380
31295144
31294816
31294116
32866600
32867164
31986180
31985944
31985144
31984416
31983360
33063308
33062772
36266060
37321748
34736960
40622560
38326472
35759704
33137816
33369408
30999844
32212988
30419768
30107716
31113876
28996088
29864500
29758084
29472072
29838124
31601604
29382452
29482196
30168708
29355624
29721252
29143288
29820320
29839540
30284556
30248612
29399684
30100756
31632780
29739968
29317012
29356940
29654484
30860620
31276308
30109208
30202560
30182808
30369784
29984568
29044956
29911932
30037116
29269844
29872040
30059172
29056308
29700336
30035808
28989616
29817748
29869320
28981544
29495212
30454228
31194276
31194032
32593372
30158008
30197900
31605252
30163284
30167012
30350760
30214632
30398800
30309176
30167432
30473584
29902880
30446080
30480968
30481020
30478736
33612636
33119464
32666576
32791600
32791232
32806820
33743340
32760224
32879048
32880284
32886816
36108584
36133344
35290524
42023204
39799128
37652980
35255460
32935436
31270928
30185948
30103396
30658812
30486892
33390136
30728744
30033076
29397376
29806612
29909236
29322356
30021960
29741076
29670800
29744864
30502788
30584036
30166532
33226372
30866840
30195332
30113572
30971260
31290644
30657764
30156616
29510556
31122076
29551444
29435112
27716172
28419832
30971912
30164976
30000984
29402632
29274888
29898252
29638004
30100864
31329272
31003020
31500160
31499172
31500416
31501224
33627080
31497708
30779364
30666476
30175192
30207936
30186844
30498800
30761044
29733548
30046920
30467576
31507544
30092340
30806576
30402140
30300828
30804616
30802468
30819776
31406780
30829268
30828892
30828772
30829060
30829196
31369996
30142564
31789316
31549176
31557928
31557300
31563648
31825648
34091368
31912324
30316532
33805868
31625964
30380588
30149136
30627440
31685540
30182036
31262144
30142760
29930536
28040416
29612428
30194384
29172388
30084648
29793672
27977976
29707032
29850528
28514952
29471712
29311940
28873340
29620952
30810608
30191124
30116420
29881328
30428944
31252656
30156108
30172960
30206200
33914148
30811540
30174236
30611332
30217100
31084820
29005008
29625672
30563692
29423824
29908900
29243204
28919356
30283744
30515344
30658860
30177236
29926104
30022744
29590212
30250056
30428224
30766584
30772576
31829164
30748452
31277024
29401016
29927388
32084248
30919488
31203132
29696752
29833364
29703644
29887996
30104320
31788628
30492792
32743780
33538824
33803608
34023372
35146736
35146984
35143912
35143148
35144900
35144572
35144804
35144924
35144024
37595240
34534332
34135744
34375360
34396844
34399300
34399688
37545084
39055308
36854812
34809504
32671236
30505220
35325424
33252276
30458816
30170384
30384908
30181088
31236784
28493564
28387488
29563004
29873824
29933784
30113084
28209016
30177396
30420720
28422984
29972588
30158252
30536768
28391992
28897004
29581800
29176168
28892088
29392856
29187372
29171584
32297912
30739240
30199460
30248848
30617552
30077176
30173772
30166932
29060832
31283892
29993120
30142320
29638116
29984952
29848732
29649524
30083096
30190672
30120336
30182060
29071452
29826724
29676096
30021420
30025988
29909108
30692528
30128468
30118372
30348576
30144788
30152092
30178780
31422804
30686124
30888256
30912336
35942388
33414040
30040516
30557436
30951384
30964344
30964688
31225352
31494120
31493652
31493896
31853748
30331204
30413968
31420824
30994816
30958688
31763700
32531088
32531616
35382956
36725360
36731708
36732184
36731628
37518360
37781152
37779196
46643320
44492708
42320196
39990604
37560132
37249180
32864608
31101068
32101804
29376232
28379196
28953584
31249016
29709200
30209952
29857696
30085360
29214000
30200612
30189860
30001540
30382952
30111572
30831508
28941600
28842360
30543388
29446136
29960604
29362940
30087944
29619544
29586196
31761552
29546056
29380068
29397828
29407836
32441704
29855620
29616040
30111948
30494608
29619840
29950208
30559672
30677184
31703412
30187640
30238200
30182848
31399520
30116720
30368296
30312524
30146572
30550560
30136400
30142600
30174416
28810288
28916408
30839016
30875704
30131208
30249064
30445356
31019304
30178044
30166720
37723220
35525676
33428688
31123236
30354820
31078396
30129876
30187944
30155456
32025460
28913232
29814272
30535668
28773312
28867436
30485092
28781936
29844192
29470564
30259828
29025180
28199960
29597788
33425364
31013416
30189644
30236292
30241924
30844604
30162240
30244028
30184648
30790880
32458180
30138756
30005716
31028456
30819644
31652940
31257192
30125796
30213784
29802556
29534928
30806696
30437164
30202200
30961748
30347664
29366044
29417768
31750804
30146148
30211408
30141824
30108704
29240220
29995312
30143452
29535932
30117512
33373700
32294688
31253544
30417464
31648216
29807364
30311996
30477328
30124376
END
END
