30173528
30175036
30174420
30083460
30222332
30337424
30098816
30160128
30093164
30159856
30612856
30149268
30426208
30084964
30176712
30129296
30741732
30068072
30185740
30131496
30162488
30074868
30147820
30114668
30115152
32083976
30064996
30117640
30451396
31528892
30203512
30204408
30140700
30177828
34682188
32510704
30183012
30045328
30077784
30085432
30124552
30142144
30074872
30188664
30338600
30239872
30198008
30211824
30913608
30094628
30087476
30280120
30147860
35693312
35667932
33863076
31533300
30095884
30262436
30125200
30134872
30104320
30880260
30162936
30004748
29978920
29925716
30742144
30368204
30191296
30063604
30149744
30106096
30123272
30124852
30084724
31637408
32846480
30601352
30094764
30131908
30634980
30771544
30746328
30171200
30092976
30218244
33623720
31514236
30189088
30337020
30602480
30098484
30246988
30220476
33310720
31705964
30158836
30122844
30179552
31040876
30224884
30589556
30159868
30089664
30722088
31826824
30866224
30071972
29986444
30122252
30041244
30753352
30331468
31359748
29958032
29844156
29610548
30171292
30097292
30084568
30138112
30577324
30181328
30082060
30807416
30668132
30524592
30047220
30132336
30069192
30119808
29749292
29907224
31389428
30685444
29751184
30237528
37115788
34867864
32505616
30469280
30197308
30245740
30087744
30177024
30335920
30094348
31611276
30428908
30100296
30417948
30034680
32353888
30181964
30154680
30159868
30667392
30119492
30136576
30155616
30175268
33542048
31226172
30199652
30191504
31120552
34256496
31564680
30180044
30231136
32339088
30541640
30572036
30255900
30531768
30099932
30699252
29870588
29930456
30190732
29894736
30067848
30124472
29842208
30986996
30120444
30696724
30134148
30120152
31277668
30184300
31618440
30231868
31572604
30732464
30078388
29400180
29415064
29538388
33586248
30896800
30030048
30005388
30065160
29528292
30052472
29848300
30091464
34991124
32616296
30510180
30076896
31461168
30076088
30491252
30732076
29143664
30001664
30021896
29793900
29431748
31830700
32325300
29800588
29970160
30122428
30174324
30073492
30074132
30075964
30082112
32719476
30716904
30064172
30061340
34072720
32691708
30169772
30453920
30068588
31766152
32599772
32593596
30241112
30106036
30127664
30063700
30206272
30179816
30957176
30251040
29853680
30266152
30138732
30100272
30100340
30183940
30186528
30173812
33100260
30799372
30405720
30172796
30842900
30143820
29612572
30416852
30118196
30096812
32863212
30706684
30100804
30606316
31010260
30893784
30033820
30233216
32625720
33081120
30121772
30367988
29746208
30747236
30611176
30127896
30767172
32913112
33440996
31776660
30395756
30632268
32289684
30887236
30094656
30059660
30074196
31176940
30098492
30002128
30273844
30964436
30350644
29963864
30495164
30688456
30248404
30648632
29998480
29610048
29802868
29768436
29204628
29323352
29954876
30122780
30310888
30124388
30179084
30123264
30736188
30149272
29862236
30994664
30751080
29695260
29934880
30293400
30103204
29258184
30784348
30146040
30215224
30129756
30355604
30292012
30283556
30269828
30100812
30256348
30312636
30536764
30029828
31327836
30140964
30130204
30173480
30173224
33121888
30764452
30139824
30066708
31700856
30930292
30059840
30564032
30191976
30233096
30158636
30135300
30317508
30145964
31668908
30175976
29716756
30113620
30146460
30240268
30483044
30482040
30065584
33795312
31425420
30314988
30179284
30157392
30164576
30109584
30420624
30166076
30050696
30028836
30164992
30079688
30183136
30280668
30150152
30137196
29889220
30146952
29878596
29547596
29845356
30926640
30151300
33512524
31408416
30119196
30127000
30155836
30127092
30525584
30833900
30029008
30082284
31086648
30055972
29713176
30180232
30809192
30775140
29596420
30491376
33698744
31379372
30217960
30477728
30056264
33457524
31378556
30169716
30161916
30427840
30615892
29910316
30108408
30684776
29516572
29792980
30166208
29843548
30268996
31210040
30963604
29882232
30018952
30004128
35870252
33634860
32054244
30346912
30100552
30213456
30047436
29449780
29594568
30216232
30084124
29790360
29495748
30042344
30912060
32670276
30798116
29803988
30643360
30161952
29474348
29785628
29681572
31526480
31934256
30279312
32462140
30868760
30814928
30454364
31310572
30162712
29982784
30272932
30300244
30804444
30059136
30221764
29988400
30164424
29913524
30313908
30972640
30164848
30397444
30094372
31427960
31382976
30142928
30209872
30556296
30124552
30162588
30134744
30517248
30075276
32636488
30044968
30393360
30090440
30085340
29903968
30050396
30047980
29556000
32770636
30325884
30290776
29214428
29513536
30180800
30655652
30450352
30419236
31757040
30500676
29889368
30101984
30008560
33346636
30083444
30087504
29793152
30726268
29861032
30034852
30542652
30116400
32975736
30564776
30160308
30190076
30101228
30705168
30066732
30977056
30070496
32380672
32848208
30646176
30652560
30930368
30055120
30052320
30033896
30575024
31179088
34400144
32120264
30276512
30133732
30796912
30127276
30165072
30882320
30163364
30419860
31386252
30064884
30110432
30197868
31713976
30393516
29959012
30113992
30077536
30070924
30095436
30162400
30880636
36937680
34639192
32308712
30085136
30201820
30070304
30575996
30093012
30133756
31458208
31299348
31223524
31438844
30816092
29926984
29944120
30087120
29765540
30993484
31034376
34286136
32142060
30262216
33596320
30868320
30140296
30164528
30449672
30386672
30113296
30109636
30450800
30126736
33383304
31424536
30818768
31098616
30249384
30671988
32207920
32286556
30115800
32120160
30198228
30171852
30074300
30810648
30151668
32433308
33839368
32539336
34126336
31556128
31210496
30140056
29866228
31329368
31121724
30039592
30106600
30174696
31331220
30172916
29673332
30322292
31025456
30152696
30094916
30868648
30754684
33233828
30970764
30417516
30983620
30082444
30150828
30130144
30038884
29751944
30124780
31003932
30375740
29928584
30395852
30090340
30123864
30295296
30091992
30107524
31430992
30159004
30703232
29190764
28953992
29428552
30137496
31242412
29599816
29759148
30127376
30110544
30196724
30519544
30099532
29510864
29750360
30162436
33442784
30873544
30300352
30352724
30057244
31350792
30174172
30215976
30140268
30064944
30793284
29958164
30060508
29999140
32157244
31884644
31109504
29763816
30102400
30130480
29645716
30179580
30196904
34277328
33236816
32116304
30094516
30072948
31984792
30316648
30092076
30144248
31027628
32730068
30613532
30489324
30682280
29760628
32764164
31366900
30160724
29424360
29594108
30143256
29887480
29885008
30214664
31774548
30959056
30393644
31037396
29697396
30152088
33994220
31049600
29932792
31035972
30083520
29990548
30642008
29950876
30097148
30017920
30145488
29894640
32958596
30243492
29680872
30461440
30189852
31251308
29965784
30161188
30163536
30162780
30163328
35473824
33170672
30581472
30126580
30114844
30264248
30077144
30171864
30915580
30094492
30068796
30054412
30075368
33212328
31227992
29772988
29392628
30194132
30888008
30064884
30123296
30866600
30124304
31545360
31374220
30108280
30185324
31758788
30194836
30102168
30216320
30087504
32493516
30192968
31016700
30844740
31660216
30097468
30083652
30531372
31059464
33071104
30992132
31179460
30316016
31268716
30312348
30183644
30096220
30089524
31546576
30106336
30222748
30133212
30065424
31026740
30161052
29953956
30119920
30128472
30077024
29998692
30063148
30050712
34801200
32708348
30645724
30247924
30350480
30151888
30123608
30090308
30101268
30089232
35758364
33318492
31159772
30180988
30944884
30118028
30645264
30181116
30086260
30949476
31502900
30148116
30597484
30903732
29910516
29801476
30523924
31178068
31177924
31178176
32779824
30684264
30161280
31652448
30322888
30155240
30179864
30442192
32350040
30971852
30120872
30134104
30091200
30718764
29721476
29693696
29951220
31149492
30188360
29744812
30013200
29986028
29978496
30677904
30789452
30085012
29879828
30282652
29905024
30223580
30276124
35366164
32177064
32636392
29830264
29851868
29965888
29469244
29860308
29363288
29287268
30099064
30176556
30172472
30432848
30012244
30980576
29970696
29717688
29348464
30789264
29799260
30528932
30593892
30854252
30099084
30125140
29985516
29734760
29655740
32342276
30375924
30895808
30127044
30454852
29843176
30107176
30159156
31617888
30231992
29796748
29470020
30584828
30545908
31177248
30457168
29871616
29740976
30331120
29532592
30433568
30194668
34226872
32069952
30112584
30413228
30224188
30808092
30131412
30124324
30132736
34631252
33571976
31589304
30135908
30107576
31015112
30149348
30096836
30211100
30137920
31198076
30241640
30099192
30122912
33754404
31583600
30085180
30064748
29962604
31940124
30289720
30183956
30194264
30176552
30497436
30445228
30088168
30189692
34908188
33980360
33109924
30841112
30123956
30296900
30094208
30075244
30076416
30142484
30647504
30168616
30267660
30125716
32795160
30186764
30127796
30066144
30565344
30441272
30119952
30335380
31488752
31412244
30206900
30053608
30151304
30117996
29893944
30425644
30580440
30316160
30170580
30983216
30927024
30805500
30915992
30059960
30189852
30084840
30197200
30169832
31188520
30111324
30078908
30157668
30558860
30715260
29902476
30127688
30674008
30130536
31271780
30177016
30197432
30149168
30173196
30403208
30697920
30093436
30548960
30533072
30553876
30351408
30816192
30121404
30080720
30107724
30058456
30102428
30553724
30808444
31481652
31991580
30485752
33994944
31722168
30056080
30458144
30065236
30136696
30502232
29725320
30145604
30122016
34309492
30980892
30415436
29733364
30181612
30118668
30275072
29907668
30029228
30922676
31281580
30222280
30114420
31238580
30137936
30203000
30092204
30157804
33932360
31588704
30559212
30172552
30224948
30818628
30064884
29732912
30076228
30073368
30527528
30161820
30154748
30065728
30476136
30477272
30170628
30167028
30173532
33080744
30485264
30174152
30103436
30803956
31416980
31258672
30156208
31138228
31038924
31090464
30084592
29772740
28834812
30867928
30629572
30596796
30426508
30373884
31506164
30496844
30094768
30320968
32119400
30133764
30186956
30079296
30385808
30069772
30177816
30109048
30848968
31689616
30324152
30139432
30644660
30809120
31122084
30754732
31283880
30742336
30087764
32768900
30451940
30154136
30316544
30086344
30137292
30114312
30783700
30815612
35236476
33071336
31098464
30210772
31029092
30127184
29975884
30684568
30926724
32648972
32648976
31502464
30190272
30154064
31383528
30187132
30313680
30357788
30060468
31182972
31030436
30590296
30081868
30233036
30145128
30857888
30998064
30504064
31804864
31921400
31499256
30086192
30090340
30110760
30029748
30275476
30065068
33527852
32640208
30194364
30142324
30064964
30168896
30592656
30104048
30239076
30753560
30099632
31238152
31275768
30337796
30640756
30119660
30131000
30133364
29997864
30936820
30159616
30070892
30078368
30154384
30420992
30380588
30112356
30178652
31167860
30069572
30429488
30084256
29810388
30572720
30417328
31710404
30083140
30093028
29959092
30465364
31131832
30133904
33371428
31472836
30169964
30095208
30083624
31374300
30670184
30168268
30572012
30148448
30190984
30164264
30758536
30118924
30120548
30038760
29807492
30460632
30119944
35685236
33392692
30749708
30285372
30142728
30106508
30475824
30149108
30095028
31379864
30404588
29621632
29836016
30196220
33880996
31101604
30206420
30100184
30128612
31111156
30536044
29368900
30371576
34891388
32648244
30321112
30227784
30149720
35492504
32893248
30695664
30133600
30114876
31984088
30970256
30972216
30128580
31122280
30089344
30187336
30066188
30152748
32200228
30390344
30091824
30084832
30122888
30126640
30190840
30140828
30100208
31408776
30111936
30097092
30132228
30050564
32105276
30178212
30076904
30078892
30089028
30288856
30233528
30192316
30057140
30397772
30178992
30138820
30027116
30104544
31854420
30176828
30099900
30092912
30080012
32244948
30141008
30140872
30084400
30190280
30145532
31060816
29622516
29548812
31360192
32666176
30686680
29757936
30160504
31558420
30056504
30026348
30087896
30175980
36350856
34301384
32044140
30048400
31129420
30100496
30236056
30271652
30107092
35864736
33091028
30849452
30115224
30119500
30152936
30116964
30676160
30482964
30083664
33522324
31692880
30134064
30152532
30138516
30152996
30190512
29856484
30179064
30125396
30532448
30167544
30176348
33716440
31499924
30292024
30251620
29755152
30161360
30007052
29399280
30329212
32186920
30521792
30827488
30026164
30120776
30314460
29901532
30124228
29714420
30105656
31169080
32878612
30973744
30560228
29765896
30003428
30168028
29927556
29618508
31033228
30187012
30288384
30780104
30131460
30275568
31296104
29636692
29456560
29189952
30511248
30029152
29931028
29685676
30370940
30467152
30110320
30028292
29694944
32794968
30798108
30686704
30486440
31018568
30068168
29401228
29890304
29779924
34759676
32718732
30795832
30012780
30059048
30122800
30169312
30331092
30330560
30331720
35782256
33572440
31063696
30151104
30141324
30172340
30212876
30142844
30362148
34625468
31978488
30066252
30159948
30140648
30929476
30073484
30709544
31130776
32932888
31000556
30104748
29960156
30117648
32180160
30185304
30202368
30321808
30140176
31847012
30765832
30783960
30135952
30192332
30221228
30064236
30212032
30401976
31516112
30373640
30103896
30246948
32202044
31660660
30057188
30178124
30404296
32015688
30184388
30144448
30070192
29569924
30211404
30139368
30160568
30117528
29069612
30037896
30155252
30154600
30062708
30301836
30662536
30159948
30191232
30316344
30840692
30557812
30573184
29487136
29640012
33324180
31285668
30095004
30073480
30138240
30128848
30049836
30109476
30015168
31405408
30067216
30606112
30819460
30506996
29740288
30103412
29757760
30331496
30894252
34750896
31702148
30182428
29826484
29418440
29707176
30142712
29991384
29900060
29615384
29489744
30192032
30097108
30160564
30852904
30265484
30112676
30052772
30085900
30092096
29567012
29893936
32808200
33162688
31061180
30568564
30162884
37339636
34986208
32709308
30544140
30117708
30077312
30120000
29929496
30869460
30618256
30183768
30147060
30152808
30291164
33600996
31508256
30263360
30083752
30220904
30358660
30141512
30272856
30335140
31250452
30694672
30127960
30275220
30088848
30491976
30248020
30237320
30154908
29876864
30870348
30166872
30175916
30334572
30828396
30051440
30300840
30178440
30181180
30986032
30172352
30095884
30101740
30134416
31514744
30348712
30290636
30062480
30462504
30165608
30094544
30813348
30557096
31057220
30926640
30845520
30096720
29856640
31279040
31595144
31648840
30799888
30171956
30094020
30174412
30065168
30133864
31856812
30111684
30140464
30138596
30063808
31049840
31186296
30089340
30474556
30662904
30011452
29907608
31283904
31097124
30406100
30166776
30206244
30085944
30294408
30787244
30514488
30098548
30574912
30168004
30130416
30113208
30155064
30147020
30124172
30077064
30150412
30054788
29266168
30840808
29562952
29927632
29932988
29443064
30086524
29846560
30072328
29257932
29421888
30135804
30149532
30048940
30029288
33894720
31123232
29224252
29348596
29806340
30102404
30078916
29767292
30536868
30798332
30770608
30682684
30372628
30495984
30435204
30211748
30237600
30166648
30065008
31116784
29592284
29561248
29120780
29687624
31713648
29717172
29491276
30119484
30726892
30150808
30212060
30611920
30135628
30261492
30037208
29899420
30050712
29985040
30146156
30155004
30133528
30316560
32692656
31098384
30240352
30438024
31023572
30687648
30848136
29799508
30093784
30072640
30549480
29919760
30065856
30832672
30819608
30195364
30171836
30135744
30199464
30202036
30064996
30842364
30160992
30793432
30550820
30158104
30157044
30157564
30241284
30035332
30314180
30696272
31520220
31367604
30450680
30203180
29896848
35477324
33270636
30958048
30382116
30103028
30642908
30577812
30164644
30473680
32110052
30482472
30124380
29824452
30144076
30344084
30204900
30381704
30397964
30389800
33973740
31742192
30081628
30424260
31234632
30105532
30433048
30111028
30137608
30278760
30556916
30103580
30038956
31394904
30115752
30238808
30104624
30236216
30108716
30167264
30063264
30063864
30075976
33673316
31176812
30113372
30730308
34384836
35956676
33830216
31532800
30227020
30416400
31232744
31299812
31117760
30183948
30155132
30029084
30122892
30288736
32915936
30664880
30146772
30161596
30104084
30201584
30082456
30133884
30138084
31419280
30883300
30501528
30349852
30086256
30018372
30992972
30120368
30161384
30176212
29934024
29586408
29514656
29678244
29838080
30667080
30103284
30111248
30092384
30143904
30132596
30152580
29657600
30185396
30162868
30064756
30383196
29989240
30723996
31085544
31048752
30130672
30185876
30573588
30208924
29960272
30062468
30039652
30040836
30281096
30088068
30198768
31386472
30136836
30144112
30808392
30458860
32525964
31091912
30116672
30131564
30127196
30089572
30411940
30098152
30096004
29832832
30503964
30196892
30202556
30118552
33184636
30796032
30366288
30103372
31555236
30169800
30251848
30305240
30177620
35028380
32967748
32724876
31383916
30745024
31359384
30258440
30158616
30205424
30106188
30135208
30145012
30183408
30499884
30394616
30350116
30235296
30179100
29973572
34242244
32144820
30107476
30942232
30190964
30249248
30066952
30164132
30007932
30439008
30802308
30485464
29970488
30302904
30482460
30443036
30073568
30096408
30144408
34807564
32461916
30480132
30620636
30705784
30744084
30128484
30088536
30156824
30703612
30747760
30846528
30783612
30398516
30181988
30979404
30191624
30080884
30080856
30079320
30781744
30127944
30136632
30481332
30097008
30154412
30372044
30182072
30220192
30136764
30312584
30125404
30128288
35727844
33609192
31572016
30155804
30105668
30139704
30200956
30141800
30291448
30289660
35122928
32844220
30570088
31816208
30230984
30115860
30187120
30206008
34507220
32443944
30117612
30107544
30077728
32243204
31541916
31454012
30461544
33038256
31940988
30097204
30180868
30038648
30102252
30191912
30043632
30042816
29948336
35996548
33813176
31353176
30407572
30063984
30213948
30167920
30110340
30167836
30107400
30175704
30146028
29729260
31397544
29772928
29789388
29845028
30017572
30215060
30481120
30908304
30093556
30264100
30906416
30788244
30083924
31118056
30249272
30051036
30131040
30175976
30149900
30708708
31582992
30115628
30457328
31006672
30076544
30153896
31148076
31189360
32731760
30926540
30205568
30118064
30173480
31485920
30080636
30080632
30108884
30129116
35411856
33237508
30898952
30923792
30181676
31238648
30786360
29773892
30135552
29866112
31479824
30039892
30166628
30051280
29718156
31044744
32097096
30188828
30103024
34444796
32116632
30342564
30106000
31095268
30120640
30146172
29131892
29136028
29806888
30252444
30120492
30065696
29863792
31606784
30381992
29684744
31002636
29299460
31006960
31355928
32093060
30121004
34900640
32809764
30455436
30066068
30170744
30167472
30231652
30119244
30150752
32231316
32358328
31534552
31052184
30556948
30118476
30118456
30173620
29701024
30070504
30827324
30173484
30047636
30048352
30045560
34272976
32064120
30182280
30201848
31694516
30186892
30761324
30251620
30580156
32197984
30927252
31987208
31437244
32903820
31301996
30775336
29987888
30098012
30191704
29547292
30042524
30184612
30887296
30716924
30236032
30069776
30118780
30478852
30879536
30045660
30131700
30967524
30713524
30210632
30096136
30304984
30159072
30286304
30004824
29641432
30104692
30527472
30528972
30095912
30168636
30142164
30366972
30151296
30119560
30126672
30202748
30253812
30096756
30197212
30128676
30206148
30273488
30187740
30141024
30166832
34281984
31934284
30268504
30096752
30070932
30092764
30165712
30123524
30136148
30263512
30190904
30212372
30258604
30108964
30181268
30192736
30129956
30459720
30587664
31218772
30146780
30395772
30175048
30950828
30368028
30179404
30095284
30037324
30060492
30060724
30054328
30030116
35854464
34431160
32222988
30505512
30206240
31732156
30105492
30620196
30091712
30120172
30135684
30424620
31598156
31408252
31503688
30911800
29712604
30703092
30185924
31614216
30185616
30108328
30182244
30532324
30848432
30161412
30175464
30643360
30516196
30191508
30120420
30139548
29717836
29325260
31061532
30157592
30117848
30116196
30103708
29784904
29946496
29962160
30214392
36330576
34121712
31664312
30198920
31016544
30155916
30197696
30049748
30867400
30663744
30098312
29767740
30165040
30156468
33436632
31360008
30133844
30202696
30212812
30152232
30112504
30129928
30130332
34943820
32732732
30592324
30199640
30136724
30111088
30155876
30144868
30118040
35679956
32879900
30457864
30910560
31067500
31695220
31015980
31040336
29905168
31150660
31535480
30155276
30103144
30178664
36394052
34109504
31968208
30231336
30108312
30511412
30105032
30666800
31317704
30102852
30371944
30223460
30043176
30092612
32809296
30718024
30088112
30149392
30084632
30683552
30086892
30122528
30083300
30838772
30285208
30089036
30024764
30248032
30146244
31070080
30248424
30130952
30731900
30387560
30120872
30377696
29745492
30792668
30491816
30174988
30515416
30298580
30312404
30247816
30243200
30187452
32672660
32663696
30122088
30179416
30158308
30762760
30103944
30084448
30801648
30198248
30571664
30330540
29299480
30163564
30998584
30241264
30132356
30216252
30280112
33037280
30749784
30354996
30127600
30162100
30166304
30897288
30664216
30935984
32988068
30482016
30099500
30074648
30094264
29801404
31582064
30442732
30152644
30171232
30671896
30148396
30259904
30248492
30164092
30095748
30439160
30127536
30082208
30396328
30082348
29747196
30188956
30091844
31474684
31993724
30361092
30158548
33318072
31763048
30208972
30130580
30465416
31115952
30193552
30141880
30204128
30191336
30623548
30125752
29772428
30164220
29983040
31029404
31641044
30155056
30232244
35078036
33211708
31041580
30120552
30189700
30086416
30028512
30468892
30190564
30200224
30615456
30146492
29911660
30353156
31804688
30149324
30285836
30332288
30349616
31990672
30172200
30194272
30124772
30196396
30517812
30139800
30703476
30225124
30441648
30135504
30101408
30132332
30128688
32538112
30849988
30198084
30218232
29803432
29782824
29820896
29947912
30229824
34092252
30816416
30176884
30193372
30176968
30166556
30138868
30108832
30018376
32075932
30032600
30043764
30098316
30203784
30432784
31225348
31478244
29979948
30505112
30871344
30076364
30146980
30113880
30094756
30924904
30216872
30420412
30290008
31017964
31093332
30167644
30106188
30394408
31104568
29845308
30384724
30720900
30039224
29794540
28955416
29965164
30158680
31230468
30151252
30174812
30098028
30553208
30196224
30033492
29964896
29977760
30324096
31609072
30425256
29250324
30265488
30128544
30228892
30159256
30399588
30127616
34934276
32679160
30158632
30085848
30110160
30774904
30794040
31281284
30754296
31619976
30202072
29841820
29821300
30166256
30196500
30542616
30674268
30184060
32303580
33600588
31089120
30533876
30487932
30426824
30512464
30321688
30173064
30091476
30144440
30579964
30131100
30177648
30155896
30387624
30252148
30821108
30196612
33940596
31438696
30152704
30225216
30327896
30186016
30212404
30203080
30126848
30088048
29794976
29757880
30152080
30200436
29337096
29039984
29720144
30050992
30025784
29622472
29972620
30166872
30209268
33373892
32075884
30131236
30404984
30082744
30526732
30200528
30187324
30412396
30173408
32783592
31132824
31688236
30619492
30666344
30188672
30051312
30202412
30212652
31349196
30029192
30124032
30155872
30105632
31881780
30490336
30156560
30332644
30091724
30135184
30115376
30142268
30147820
30176092
30083272
30100600
30045100
30081028
32123532
31186748
30181788
30178464
34514308
32480240
30246244
30204592
30505408
30243708
30105168
30174272
30124848
30087732
30334784
30085940
30466580
30868160
30137948
31136940
31246100
30163388
30152512
32860616
30921644
30212980
30147848
30619004
30902444
30189960
30868896
30056652
30097408
30332872
31317804
30635236
30135964
30158816
29590460
30310140
30371440
30126508
35319164
32796284
30622904
30148280
30110160
30224176
30216856
31365628
30547796
31684880
30176168
30175492
30057752
30144740
30704944
30138312
30194392
30520900
33570260
31292984
30116020
30162592
30182240
30155896
30162968
30154808
30949864
30124688
30467312
30251624
29724912
30305984
33959212
32143796
30578476
30201624
30160836
30112664
30118216
30134420
30134988
30084864
32843880
30672692
30170848
30160820
32453420
30090776
30232448
30356312
30090552
30146316
33151564
30703952
30197952
30106384
30169540
30288612
30776600
29302044
32210048
31370444
30167036
30185488
30276740
30898624
30191820
30009436
30165740
30147388
34302696
31973404
30107328
30117928
31098164
30175720
30491224
30130752
30457744
32575056
32274760
30210500
30204952
30178216
30202216
30205492
30203952
30158688
33805332
31476576
30145852
30142048
30622424
31335460
30035132
30576256
30700484
30154864
30159664
30114488
30107136
30044908
35944212
33819756
31665352
30241836
30172748
30303828
30094720
30180932
30064336
30041576
34098928
31755296
30244012
30539688
30158976
32767208
30234788
30174160
30647372
32367064
30429624
30416824
30978024
30124812
30082136
29841304
31026528
31066216
32084920
30118704
30091224
30091180
30122980
30126968
30125596
30207800
30234156
30178120
33941268
31858404
30155832
30493072
30887256
30137056
30156248
30059792
30796388
33149876
30873344
30190504
30194780
30320152
30748036
30973840
30632920
30210280
32663640
30463480
30454772
30149832
30207124
30713168
30197692
30115700
30318840
30118384
30352708
30117444
30264408
30513380
30231132
30170972
30547968
30491164
30465372
31176604
30171172
30186116
30152220
31999724
32000064
31785528
30143228
30193004
30490872
30177868
30090876
30258404
30245256
30410404
30166788
30156020
30161508
30716188
30136516
30605384
30416072
30378820
31100684
30101092
30222376
30570424
30169680
30419048
30140540
30372200
30570180
30166584
31239560
30179896
30297400
30406920
30834088
30894040
31166212
29643628
30455620
30911496
30295784
30211128
30328104
31711156
30160000
30216952
30117488
30621828
30274460
30158940
30133776
30150828
30865072
30178348
30120960
30306200
29897912
31129372
29692552
30298820
30178820
30332396
31952712
30981836
30152964
30182592
30023276
30387564
30318284
30627532
30230392
29502940
29551852
30207512
30048092
29664120
31855568
30338160
30130072
30366344
30154248
30256876
30161676
30310960
30109124
30215816
30422176
30464676
30143996
30147240
30102464
30164744
30190884
30502976
30200160
31051684
30953268
30132608
30180016
30462708
30211356
30307100
30147988
30175756
31231908
30138548
30174076
30154680
30179432
30464288
30687048
30201360
30068112
30362740
30266680
30463180
30291256
30308884
32085052
30126712
30178636
30262712
29887600
30059092
30667488
30212372
30107164
32191024
30163668
30195868
30191264
30155616
31236608
30345052
30101752
30158296
30294588
32142500
31080236
30133576
30241380
30197852
30641344
30674940
30191720
30223448
35396968
33232508
31048668
30217592
30255572
29721640
29415516
30822920
30687892
31983940
30253928
30113944
29942928
30227852
32120572
30725572
30574764
31090768
29485452
30124748
31849392
30639052
30206632
30126480
32650628
30286720
30401044
30178012
30225616
30435972
29966180
30786872
30052172
32200664
31604400
30145032
30158224
30523196
30007968
30152140
30083908
30160692
30880180
30200076
30201308
30199972
30826616
33184020
30853884
30218152
30138476
30204208
30210596
30200680
30584520
30134808
31135052
31460596
30127504
30014180
30824316
29921596
30514508
30198844
29973000
30690088
30149560
29958384
29578960
29534340
33761084
31903492
30207180
30156504
30146204
30255944
30220360
30364544
30127832
30183312
32324360
30486276
30317732
30413140
32162068
29903712
30205260
29710828
29742916
30454724
30127004
30099764
29949812
31096160
30174732
30397176
30161848
30304104
32367164
30106584
30298460
30178676
29971564
30051568
30171812
30160952
30301980
30233856
30055856
30003252
29724476
30188184
30337176
30486232
30985024
30259028
33924804
31585700
30218548
30180728
30889236
31552608
30759980
31026056
31157660
30189708
30187872
30132192
30208360
30159128
33543980
31822120
30169668
30489128
30856108
29777436
31326820
31284536
31516280
31153420
31946204
30162324
30190832
30160896
32578092
30143984
30102780
30400688
30814720
35062840
35040576
33236584
31137560
30279520
30201264
30324804
30203992
30156588
30901856
30200124
30279352
30334904
30172440
33044584
30984016
30213716
30278340
30166084
35835764
33566140
31025040
30169284
30176644
31036280
29519204
30040748
30038444
31557228
30122068
29095904
30464128
30156252
31648828
30578460
30197136
30512984
31163316
30345044
30170060
29912692
30027660
33965224
32694708
30106372
30234632
30774260
30766720
29963416
30129264
30223544
30151912
30145396
30045280
30208436
30288912
31197252
30009848
30025132
29736840
30710856
30850700
31394320
30182832
30150756
36121640
34598068
33705964
31553168
30123356
30108220
30222608
30334516
30385664
30057588
30266804
30245996
30243272
30178716
30210532
30202528
30207832
30202144
30227608
36514492
34198724
31803808
30169300
30161520
30234040
30164328
30550420
30106612
30165068
30844576
30390800
30120064
30605104
29213740
30157056
31370648
29995412
28885208
29956384
30380464
29421476
30165600
35223080
32947648
30712856
30228924
30201780
34524536
32108692
30206720
30338700
30591836
31897280
30104900
30038128
30186152
30904744
30182668
30202620
30490816
29962132
30138932
30123940
30094612
30125184
29582908
29778192
29692596
29717680
29252716
30297240
30175492
30035308
29140368
29619016
29982008
29857748
29973044
30476056
31087372
30139292
30036788
30221972
29804768
30655356
32012640
30997076
29659032
29879088
30645136
30917592
30862080
30139692
30343452
33513300
31426112
30239528
30194716
30232708
30312904
30187800
29540688
30223776
31940712
30946488
30228660
30810472
30137972
30217296
30402392
29641484
29744236
30138388
30894668
30935380
30936592
30127784
33805944
31662988
30212688
30150768
30132428
33627860
33601376
32219048
31283536
31744820
30224060
30149208
30257840
30155620
30125716
30243804
30129984
30019632
30221780
30285724
30418864
30241536
30160664
31127512
30231120
30251860
30296592
30389448
31697512
30365056
30407480
30714388
30157360
30124172
32268204
31131248
29443784
28669452
28657872
29957204
30997452
30108544
30730884
29669728
29737428
29328088
30684968
30207028
30157936
30155600
30170300
31428944
30110044
30133720
31412028
30169160
30118412
30207492
30839808
29877436
29908532
30091828
30041868
30988608
30113960
30195408
30096204
30147240
30127452
END
END
