0829-0223
CN9,1M,32,32,1,0,0,0,0,0,0,478.72,469.59,182.69,0.0,0.0,0.0,21.94,0.0,0.0,0.0
CN9,1M,32,32,2,0,0,0,0,0,0,569.65,556.61,201.19,0.0,0.0,0.0,24.29,0.0,0.0,0.0
CN9,1M,32,32,3,0,0,0,0,0,0,918.22,814.29,92.19,0.0,0.0,0.0,11.54,0.0,0.0,0.0
CN9,1M,32,32,4,0,0,0,0,0,0,642.65,633.11,164.43,0.0,0.0,0.0,20.31,0.0,0.0,0.0
CN9,1M,32,32,5,0,0,0,0,0,0,496.72,483.00,203.93,0.0,0.0,0.0,24.91,0.0,0.0,0.0
CN9,1M,32,64,1,0,0,0,0,0,0,433.50,370.12,158.68,0.0,0.0,0.0,19.51,0.0,0.0,0.0
CN9,1M,32,64,2,0,0,0,0,0,0,556.09,546.27,125.43,0.0,0.0,0.0,14.91,0.0,0.0,0.0
CN9,1M,32,64,3,0,0,0,0,0,0,664.38,627.33,119.68,0.0,0.0,0.0,13.56,0.0,0.0,0.0
CN9,1M,32,64,4,0,0,0,0,0,0,654.43,517.97,165.68,0.0,0.0,0.0,19.94,0.0,0.0,0.0
CN9,1M,32,64,5,0,0,0,0,0,0,659.82,644.41,208.23,0.0,0.0,0.0,25.42,0.0,0.0,0.0
CN9,1M,64,32,1,0,0,0,0,0,0,546.69,534.12,324.14,0.0,0.0,0.0,39.74,0.0,0.0,0.0
CN9,1M,64,32,2,0,0,0,0,0,0,600.50,534.16,315.14,0.0,0.0,0.0,39.52,0.0,0.0,0.0
CN9,1M,64,32,3,0,0,0,0,0,0,692.52,645.98,292.94,0.0,0.0,0.0,35.81,0.0,0.0,0.0
CN9,1M,64,32,4,0,0,0,0,0,0,420.06,414.49,227.14,0.0,0.0,0.0,28.33,0.0,0.0,0.0
CN9,1M,64,32,5,0,0,0,0,0,0,733.62,718.51,285.54,0.0,0.0,0.0,33.63,0.0,0.0,0.0
CN9,1M,64,64,1,0,0,0,0,0,0,755.68,755.46,134.14,0.0,0.0,0.0,16.72,0.0,0.0,0.0
CN9,1M,64,64,2,0,0,0,0,0,0,810.54,710.91,373.92,0.0,0.0,0.0,46.38,0.0,0.0,0.0
CN9,1M,64,64,3,0,0,0,0,0,0,594.16,594.03,350.67,0.0,0.0,0.0,43.64,0.0,0.0,0.0
CN9,1M,64,64,4,0,0,0,0,0,0,646.51,615.39,370.73,0.0,0.0,0.0,46.52,0.0,0.0,0.0
CN9,1M,64,64,5,0,0,0,0,0,0,682.78,639.88,321.42,0.0,0.0,0.0,40.4,0.0,0.0,0.0
CN9,2M,32,32,1,0,0,0,0,0,0,430.73,844.61,215.89,0.0,0.0,0.0,26.4,0.0,0.0,0.0
CN9,2M,32,32,2,0,0,0,0,0,0,374.95,740.77,154.89,0.0,0.0,0.0,18.99,0.0,0.0,0.0
CN9,2M,32,32,3,0,0,0,0,0,0,457.46,810.24,85.77,0.0,0.0,0.0,9.24,0.0,0.0,0.0
CN9,2M,32,32,4,0,0,0,0,0,0,412.39,812.65,229.91,0.0,0.0,0.0,26.88,0.0,0.0,0.0
CN9,2M,32,32,5,0,0,0,0,0,0,366.53,727.43,287.21,0.0,0.0,0.0,34.4,0.0,0.0,0.0
CN9,2M,32,64,1,0,0,0,0,0,0,502.41,984.36,229.41,0.0,0.0,0.0,26.9,0.0,0.0,0.0
CN9,2M,32,64,2,0,0,0,0,0,0,427.68,855.01,402.88,0.0,0.0,0.0,47.67,0.0,0.0,0.0
CN9,2M,32,64,3,0,0,0,0,0,0,497.19,966.60,312.88,0.0,0.0,0.0,37.47,0.0,0.0,0.0
CN9,2M,32,64,4,0,0,0,0,0,0,517.07,1033.70,367.91,0.0,0.0,0.0,43.26,0.0,0.0,0.0
CN9,2M,32,64,5,0,0,0,0,0,0,363.72,711.00,253.91,0.0,0.0,0.0,30.99,0.0,0.0,0.0
CN9,2M,64,32,1,0,0,0,0,0,0,620.98,1241.65,786.9,0.0,0.0,0.0,91.96,0.0,0.0,0.0
CN9,2M,64,32,2,0,0,0,0,0,0,583.68,1167.10,366.12,0.0,0.0,0.0,45.22,0.0,0.0,0.0
CN9,2M,64,32,3,0,0,0,0,0,0,839.43,1592.37,868.9,0.0,0.0,0.0,106.15,0.0,0.0,0.0
CN9,2M,64,32,4,0,0,0,0,0,0,427.61,828.85,265.52,0.0,0.0,0.0,31.83,0.0,0.0,0.0
CN9,2M,64,32,5,0,0,0,0,0,0,466.02,901.41,404.12,0.0,0.0,0.0,47.97,0.0,0.0,0.0
CN9,2M,64,64,1,0,0,0,0,0,0,579.78,1118.88,302.72,0.0,0.0,0.0,34.89,0.0,0.0,0.0
CN9,2M,64,64,2,0,0,0,0,0,0,854.85,1432.07,687.52,0.0,0.0,0.0,78.26,0.0,0.0,0.0
CN9,2M,64,64,3,0,0,0,0,0,0,580.79,1161.28,237.72,0.0,0.0,0.0,29.14,0.0,0.0,0.0
CN9,2M,64,64,4,0,0,0,0,0,0,765.63,1523.80,610.92,0.0,0.0,0.0,74.81,0.0,0.0,0.0
CN9,2M,64,64,5,0,0,0,0,0,0,512.32,927.86,565.52,0.0,0.0,0.0,66.82,0.0,0.0,0.0
CN9,4M,32,32,1,0,0,0,0,0,0,280.97,1103.91,1384.53,0.0,0.0,0.0,167.83,0.0,0.0,0.0
CN9,4M,32,32,2,0,0,0,0,0,0,265.91,1055.44,1068.15,0.0,0.0,0.0,133.65,0.0,0.0,0.0
CN9,4M,32,32,3,0,0,0,0,0,0,291.51,1146.35,1424.2,0.0,0.0,0.0,178.2,0.0,0.0,0.0
CN9,4M,32,32,4,0,0,0,0,0,0,301.13,1192.30,1067.9,0.0,0.0,0.0,133.65,0.0,0.0,0.0
CN9,4M,32,32,5,0,0,0,0,0,0,294.67,1153.09,1073.65,0.0,0.0,0.0,133.66,0.0,0.0,0.0
CN9,4M,32,64,1,0,0,0,0,0,0,257.78,873.34,1067.9,0.0,0.0,0.0,133.65,0.0,0.0,0.0
CN9,4M,32,64,2,0,0,0,0,0,0,261.72,1034.12,1083.15,0.0,0.0,0.0,133.65,0.0,0.0,0.0
CN9,4M,32,64,3,0,0,0,0,0,0,273.44,1087.66,1071.4,0.0,0.0,0.0,133.65,0.0,0.0,0.0
CN9,4M,32,64,4,0,0,0,0,0,0,284.46,1128.15,1068.15,0.0,0.0,0.0,133.65,0.0,0.0,0.0
CN9,4M,32,64,5,0,0,0,0,0,0,230.60,911.40,1068.15,0.0,0.0,0.0,133.65,0.0,0.0,0.0
CN9,4M,64,32,1,0,0,0,0,0,0,477.69,1868.72,1677.32,0.0,0.0,0.0,209.32,0.0,0.0,0.0
CN9,4M,64,32,2,0,0,0,0,0,0,360.26,1410.07,1675.52,0.0,0.0,0.0,209.33,0.0,0.0,0.0
CN9,4M,64,32,3,0,0,0,0,0,0,287.81,1143.44,2097.15,0.0,0.0,0.0,261.65,0.0,0.0,0.0
CN9,4M,64,32,4,0,0,0,0,0,0,330.80,1318.09,1674.52,0.0,0.0,0.0,209.32,0.0,0.0,0.0
CN9,4M,64,32,5,0,0,0,0,0,0,397.65,1434.38,2108.91,0.0,0.0,0.0,261.65,0.0,0.0,0.0
CN9,4M,64,64,1,0,0,0,0,0,0,272.37,1036.45,1677.12,0.0,0.0,0.0,209.32,0.0,0.0,0.0
CN9,4M,64,64,2,0,0,0,0,0,0,429.87,1718.34,1674.53,0.0,0.0,0.0,209.32,0.0,0.0,0.0
CN9,4M,64,64,3,0,0,0,0,0,0,336.39,1207.79,2093.16,0.0,0.0,0.0,261.65,0.0,0.0,0.0
CN9,4M,64,64,4,0,0,0,0,0,0,323.53,1291.79,1675.53,0.0,0.0,0.0,209.33,0.0,0.0,0.0
CN9,4M,64,64,5,0,0,0,0,0,0,348.52,1371.58,1677.13,0.0,0.0,0.0,209.33,0.0,0.0,0.0
CN9,8M,32,32,1,0,0,0,0,0,0,236.66,1791.44,2076.91,0.0,0.0,0.0,259.65,0.0,0.0,0.0
CN9,8M,32,32,2,0,0,0,0,0,0,226.15,1642.64,2545.22,0.0,0.0,0.0,318.2,0.0,0.0,0.0
CN9,8M,32,32,3,0,0,0,0,0,0,190.29,1514.50,2108.16,0.0,0.0,0.0,261.65,0.0,0.0,0.0
CN9,8M,32,32,4,0,0,0,0,0,0,180.11,1357.91,2096.67,0.0,0.0,0.0,261.65,0.0,0.0,0.0
CN9,8M,32,32,5,0,0,0,0,0,0,250.65,1950.08,2084.92,0.0,0.0,0.0,260.65,0.0,0.0,0.0
CN9,8M,32,64,1,0,0,0,0,0,0,194.89,1540.50,2003.67,0.0,0.0,0.0,248.27,0.0,0.0,0.0
CN9,8M,32,64,2,0,0,0,0,0,0,173.92,1383.98,2790.56,0.0,0.0,0.0,348.87,0.0,0.0,0.0
CN9,8M,32,64,3,0,0,0,0,0,0,222.44,1724.67,2534.56,0.0,0.0,0.0,316.87,0.0,0.0,0.0
CN9,8M,32,64,4,0,0,0,0,0,0,225.36,1702.18,2796.23,0.0,0.0,0.0,348.87,0.0,0.0,0.0
CN9,8M,32,64,5,0,0,0,0,0,0,225.29,1767.72,1972.93,0.0,0.0,0.0,246.65,0.0,0.0,0.0
CN9,8M,64,32,1,0,0,0,0,0,0,301.24,2409.24,2292.62,0.0,0.0,0.0,285.1,0.0,0.0,0.0
CN9,8M,64,32,2,0,0,0,0,0,0,201.25,1602.66,2546.79,0.0,0.0,0.0,317.77,0.0,0.0,0.0
CN9,8M,64,32,3,0,0,0,0,0,0,318.41,2522.12,3171.15,0.0,0.0,0.0,395.72,0.0,0.0,0.0
CN9,8M,64,32,4,0,0,0,0,0,0,241.54,1896.31,3315.35,0.0,0.0,0.0,414.12,0.0,0.0,0.0
CN9,8M,64,32,5,0,0,0,0,0,0,255.11,2009.81,2349.46,0.0,0.0,0.0,293.1,0.0,0.0,0.0
CN9,8M,64,64,1,0,0,0,0,0,0,229.65,1803.16,3065.76,0.0,0.0,0.0,382.92,0.0,0.0,0.0
CN9,8M,64,64,2,0,0,0,0,0,0,313.03,2210.13,2851.56,0.0,0.0,0.0,355.72,0.0,0.0,0.0
CN9,8M,64,64,3,0,0,0,0,0,0,343.15,2680.76,3001.76,0.0,0.0,0.0,374.92,0.0,0.0,0.0
CN9,8M,64,64,4,0,0,0,0,0,0,230.04,1815.16,2304.14,0.0,0.0,0.0,286.44,0.0,0.0,0.0
CN9,8M,64,64,5,0,0,0,0,0,0,249.91,1973.48,2322.47,0.0,0.0,0.0,289.77,0.0,0.0,0.0
CN9,16M,32,32,1,0,0,0,0,0,0,155.15,2297.04,2245.77,0.0,0.0,0.0,280.52,0.0,0.0,0.0
CN9,16M,32,32,2,0,0,0,0,0,0,136.28,2086.20,2204.17,0.0,0.0,0.0,274.92,0.0,0.0,0.0
CN9,16M,32,32,3,0,0,0,0,0,0,135.90,2156.67,3707.22,0.0,0.0,0.0,462.65,0.0,0.0,0.0
CN9,16M,32,32,4,0,0,0,0,0,0,112.23,1754.50,2143.38,0.0,0.0,0.0,267.74,0.0,0.0,0.0
CN9,16M,32,32,5,0,0,0,0,0,0,125.29,1788.39,3075.47,0.0,0.0,0.0,383.67,0.0,0.0,0.0
CN9,16M,32,64,1,0,0,0,0,0,0,123.54,1970.61,2411.58,0.0,0.0,0.0,301.32,0.0,0.0,0.0
CN9,16M,32,64,2,0,0,0,0,0,0,118.66,1793.65,2648.58,0.0,0.0,0.0,329.32,0.0,0.0,0.0
CN9,16M,32,64,3,0,0,0,0,0,0,130.03,2056.24,2712.59,0.0,0.0,0.0,338.93,0.0,0.0,0.0
CN9,16M,32,64,4,0,0,0,0,0,0,120.55,1919.83,2139.19,0.0,0.0,0.0,266.93,0.0,0.0,0.0
CN9,16M,32,64,5,0,0,0,0,0,0,126.86,1973.26,2405.74,0.0,0.0,0.0,300.66,0.0,0.0,0.0
CN9,16M,64,32,1,0,0,0,0,0,0,163.33,2576.96,2640.85,0.0,0.0,0.0,328.59,0.0,0.0,0.0
CN9,16M,64,32,2,0,0,0,0,0,0,165.83,2652.96,2426.33,0.0,0.0,0.0,303.11,0.0,0.0,0.0
CN9,16M,64,32,3,0,0,0,0,0,0,162.57,2596.21,2813.83,0.0,0.0,0.0,351.11,0.0,0.0,0.0
CN9,16M,64,32,4,0,0,0,0,0,0,155.53,2488.23,2581.5,0.0,0.0,0.0,322.44,0.0,0.0,0.0
CN9,16M,64,32,5,0,0,0,0,0,0,158.63,2523.04,2615.72,0.0,0.0,0.0,325.52,0.0,0.0,0.0
CN9,16M,64,64,1,0,0,0,0,0,0,148.13,2353.97,2668.29,0.0,0.0,0.0,331.74,0.0,0.0,0.0
CN9,16M,64,64,2,0,0,0,0,0,0,108.52,1731.78,2999.84,0.0,0.0,0.0,374.46,0.0,0.0,0.0
CN9,16M,64,64,3,0,0,0,0,0,0,143.30,2283.77,2530.85,0.0,0.0,0.0,315.77,0.0,0.0,0.0
CN9,16M,64,64,4,0,0,0,0,0,0,132.18,2107.91,2846.51,0.0,0.0,0.0,355.12,0.0,0.0,0.0
CN9,16M,64,64,5,0,0,0,0,0,0,135.99,2100.70,2869.52,0.0,0.0,0.0,358.44,0.0,0.0,0.0
CN9,32M,32,32,1,0,0,0,0,0,0,67.89,2163.43,3331.28,0.0,0.0,0.0,415.66,0.0,0.0,0.0
CN9,32M,32,32,2,0,0,0,0,0,0,75.36,2315.68,4191.53,0.0,0.0,0.0,523.66,0.0,0.0,0.0
CN9,32M,32,32,3,0,0,0,0,0,0,65.70,2102.35,4000.54,0.0,0.0,0.0,497.66,0.0,0.0,0.0
CN9,32M,32,32,4,0,0,0,0,0,0,44.91,1428.10,3420.63,0.0,0.0,0.0,426.93,0.0,0.0,0.0
CN9,32M,32,32,5,0,0,0,0,0,0,50.05,1588.88,4068.05,0.0,0.0,0.0,507.66,0.0,0.0,0.0
CN9,32M,32,64,1,0,0,0,0,0,0,50.42,1613.37,3703.05,0.0,0.0,0.0,462.66,0.0,0.0,0.0
CN9,32M,32,64,2,0,0,0,0,0,0,53.97,1655.50,4138.44,0.0,0.0,0.0,516.53,0.0,0.0,0.0
CN9,32M,32,64,3,0,0,0,0,0,0,58.90,1763.52,4808.06,0.0,0.0,0.0,600.67,0.0,0.0,0.0
CN9,32M,32,64,4,0,0,0,0,0,0,55.09,1697.03,3452.85,0.0,0.0,0.0,430.93,0.0,0.0,0.0
CN9,32M,32,64,5,0,0,0,0,0,0,66.51,2087.85,3103.46,0.0,0.0,0.0,387.73,0.0,0.0,0.0
CN9,32M,64,32,1,0,0,0,0,0,0,46.89,1500.54,4443.04,0.0,0.0,0.0,553.88,0.0,0.0,0.0
CN9,32M,64,32,2,0,0,0,0,0,0,45.30,1413.50,4208.79,0.0,0.0,0.0,525.36,0.0,0.0,0.0
CN9,32M,64,32,3,0,0,0,0,0,0,48.89,1547.23,4346.8,0.0,0.0,0.0,542.86,0.0,0.0,0.0
CN9,32M,64,32,4,0,0,0,0,0,0,47.46,1507.48,4221.68,0.0,0.0,0.0,526.87,0.0,0.0,0.0
CN9,32M,64,32,5,0,0,0,0,0,0,47.17,1500.86,5596.35,0.0,0.0,0.0,698.67,0.0,0.0,0.0
CN9,32M,64,64,1,0,0,0,0,0,0,59.17,1884.14,3974.44,0.0,0.0,0.0,496.08,0.0,0.0,0.0
CN9,32M,64,64,2,0,0,0,0,0,0,45.62,1459.77,4072.5,0.0,0.0,0.0,508.32,0.0,0.0,0.0
CN9,32M,64,64,3,0,0,0,0,0,0,51.03,1608.12,3886.82,0.0,0.0,0.0,485.36,0.0,0.0,0.0
CN9,32M,64,64,4,0,0,0,0,0,0,46.28,1480.54,4210.83,0.0,0.0,0.0,524.89,0.0,0.0,0.0
CN9,32M,64,64,5,0,0,0,0,0,0,42.08,1346.16,4252.71,0.0,0.0,0.0,530.86,0.0,0.0,0.0
CN9,64M,32,32,1,0,0,0,0,0,0,29.19,1865.17,4073.1,0.0,0.0,0.0,508.41,0.0,0.0,0.0
CN9,64M,32,32,2,0,0,0,0,0,0,21.34,1364.27,4620.1,0.0,0.0,0.0,576.99,0.0,0.0,0.0
CN9,64M,32,32,3,0,0,0,0,0,0,21.20,1353.35,6379.79,0.0,0.0,0.0,796.45,0.0,0.0,0.0
CN9,64M,32,32,4,0,0,0,0,0,0,21.51,1367.57,4253.97,0.0,0.0,0.0,531.27,0.0,0.0,0.0
CN9,64M,32,32,5,0,0,0,0,0,0,20.85,1333.41,5562.97,0.0,0.0,0.0,694.46,0.0,0.0,0.0
CN9,64M,32,64,1,0,0,0,0,0,0,19.12,1222.58,6024.31,0.0,0.0,0.0,752.46,0.0,0.0,0.0
CN9,64M,32,64,2,0,0,0,0,0,0,20.43,1305.48,5501.99,0.0,0.0,0.0,685.82,0.0,0.0,0.0
CN9,64M,32,64,3,0,0,0,0,0,0,24.20,1540.30,4493.99,0.0,0.0,0.0,560.99,0.0,0.0,0.0
CN9,64M,32,64,4,0,0,0,0,0,0,21.44,1356.70,5421.17,0.0,0.0,0.0,677.13,0.0,0.0,0.0
CN9,64M,32,64,5,0,0,0,0,0,0,23.70,1515.01,5696.34,0.0,0.0,0.0,711.13,0.0,0.0,0.0
CN9,64M,64,32,1,0,0,0,0,0,0,14.79,946.00,6565.01,0.0,0.0,0.0,819.63,0.0,0.0,0.0
CN9,64M,64,32,2,0,0,0,0,0,0,14.05,898.83,6590.94,0.0,0.0,0.0,823.04,0.0,0.0,0.0
CN9,64M,64,32,3,0,0,0,0,0,0,14.19,887.56,7210.52,0.0,0.0,0.0,900.27,0.0,0.0,0.0
CN9,64M,64,32,4,0,0,0,0,0,0,15.09,953.72,6643.26,0.0,0.0,0.0,829.53,0.0,0.0,0.0
CN9,64M,64,32,5,0,0,0,0,0,0,14.39,920.59,6501.96,0.0,0.0,0.0,811.34,0.0,0.0,0.0
CN9,64M,64,64,1,0,0,0,0,0,0,14.59,932.35,6575.36,0.0,0.0,0.0,820.92,0.0,0.0,0.0
CN9,64M,64,64,2,0,0,0,0,0,0,14.35,917.74,6593.29,0.0,0.0,0.0,823.08,0.0,0.0,0.0
CN9,64M,64,64,3,0,0,0,0,0,0,14.56,931.55,7043.82,0.0,0.0,0.0,879.61,0.0,0.0,0.0
CN9,64M,64,64,4,0,0,0,0,0,0,14.39,914.84,6691.07,0.0,0.0,0.0,835.36,0.0,0.0,0.0
CN9,64M,64,64,5,0,0,0,0,0,0,14.54,930.36,6526.7,0.0,0.0,0.0,815.02,0.0,0.0,0.0
CN9,128M,32,32,1,0,0,0,0,0,0,7.82,1000.12,9094.57,0.0,0.0,0.0,1135.48,0.0,0.0,0.0
CN9,128M,32,32,2,0,0,0,0,0,0,8.04,1010.28,9128.03,0.0,0.0,0.0,1139.92,0.0,0.0,0.0
CN9,128M,32,32,3,0,0,0,0,0,0,8.32,1064.80,8228.44,0.0,0.0,0.0,1026.75,0.0,0.0,0.0
CN9,128M,32,32,4,0,0,0,0,0,0,7.89,1002.57,8149.95,0.0,0.0,0.0,1017.53,0.0,0.0,0.0
CN9,128M,32,32,5,0,0,0,0,0,0,7.90,1011.37,7927.06,0.0,0.0,0.0,989.93,0.0,0.0,0.0
CN9,128M,32,64,1,0,0,0,0,0,0,7.85,1004.34,8071.07,0.0,0.0,0.0,1007.54,0.0,0.0,0.0
CN9,128M,32,64,2,0,0,0,0,0,0,7.70,973.28,8104.78,0.0,0.0,0.0,1011.94,0.0,0.0,0.0
CN9,128M,32,64,3,0,0,0,0,0,0,8.08,1032.07,8067.69,0.0,0.0,0.0,1007.54,0.0,0.0,0.0
CN9,128M,32,64,4,0,0,0,0,0,0,7.95,1017.33,7951.0,0.0,0.0,0.0,992.74,0.0,0.0,0.0
CN9,128M,32,64,5,0,0,0,0,0,0,7.61,973.76,9281.01,0.0,0.0,0.0,1159.04,0.0,0.0,0.0
CN9,128M,64,32,1,0,0,0,0,0,0,5.74,734.54,9515.44,0.0,0.0,0.0,1187.72,0.0,0.0,0.0
CN9,128M,64,32,2,0,0,0,0,0,0,5.50,704.06,9479.44,0.0,0.0,0.0,1183.6,0.0,0.0,0.0
CN9,128M,64,32,3,0,0,0,0,0,0,5.50,703.50,10357.04,0.0,0.0,0.0,1293.19,0.0,0.0,0.0
CN9,128M,64,32,4,0,0,0,0,0,0,5.41,692.71,9457.13,0.0,0.0,0.0,1180.91,0.0,0.0,0.0
CN9,128M,64,32,5,0,0,0,0,0,0,5.64,722.41,9489.78,0.0,0.0,0.0,1184.82,0.0,0.0,0.0
CN9,128M,64,64,1,0,0,0,0,0,0,5.44,695.83,9888.71,0.0,0.0,0.0,1234.78,0.0,0.0,0.0
CN9,128M,64,64,2,0,0,0,0,0,0,5.46,699.14,9866.18,0.0,0.0,0.0,1231.87,0.0,0.0,0.0
CN9,128M,64,64,3,0,0,0,0,0,0,5.24,670.40,10350.2,0.0,0.0,0.0,1292.43,0.0,0.0,0.0
CN9,128M,64,64,4,0,0,0,0,0,0,5.63,720.23,9872.79,0.0,0.0,0.0,1232.44,0.0,0.0,0.0
CN9,128M,64,64,5,0,0,0,0,0,0,5.39,690.37,9912.49,0.0,0.0,0.0,1237.69,0.0,0.0,0.0
CN9,256M,32,32,1,0,0,0,0,0,0,2.85,729.09,11769.22,0.0,0.0,0.0,1469.63,0.0,0.0,0.0
CN9,256M,32,32,2,0,0,0,0,0,0,2.78,710.48,11187.75,0.0,0.0,0.0,1396.91,0.0,0.0,0.0
CN9,256M,32,32,3,0,0,0,0,0,0,2.79,714.61,11110.35,0.0,0.0,0.0,1387.23,0.0,0.0,0.0
CN9,256M,32,32,4,0,0,0,0,0,0,2.78,712.19,11791.77,0.0,0.0,0.0,1472.52,0.0,0.0,0.0
CN9,256M,32,32,5,0,0,0,0,0,0,2.77,707.19,11201.27,0.0,0.0,0.0,1398.6,0.0,0.0,0.0
CN9,256M,32,64,1,0,0,0,0,0,0,2.90,741.51,11759.24,0.0,0.0,0.0,1468.31,0.0,0.0,0.0
CN9,256M,32,64,2,0,0,0,0,0,0,2.81,718.30,11708.93,0.0,0.0,0.0,1461.65,0.0,0.0,0.0
CN9,256M,32,64,3,0,0,0,0,0,0,2.75,703.99,11150.37,0.0,0.0,0.0,1392.29,0.0,0.0,0.0
CN9,256M,32,64,4,0,0,0,0,0,0,2.85,729.22,11174.17,0.0,0.0,0.0,1395.24,0.0,0.0,0.0
CN9,256M,32,64,5,0,0,0,0,0,0,2.80,716.70,11164.66,0.0,0.0,0.0,1394.19,0.0,0.0,0.0
CN9,256M,64,32,1,0,0,0,0,0,0,2.44,625.22,12954.1,0.0,0.0,0.0,1617.53,0.0,0.0,0.0
CN9,256M,64,32,2,0,0,0,0,0,0,2.46,628.51,12949.32,0.0,0.0,0.0,1616.94,0.0,0.0,0.0
CN9,256M,64,32,3,0,0,0,0,0,0,2.47,631.06,12658.19,0.0,0.0,0.0,1580.55,0.0,0.0,0.0
CN9,256M,64,32,4,0,0,0,0,0,0,2.44,625.79,12571.86,0.0,0.0,0.0,1569.81,0.0,0.0,0.0
CN9,256M,64,32,5,0,0,0,0,0,0,2.45,625.93,12324.44,0.0,0.0,0.0,1538.6,0.0,0.0,0.0
CN9,256M,64,64,1,0,0,0,0,0,0,2.49,636.70,13323.94,0.0,0.0,0.0,1663.58,0.0,0.0,0.0
CN9,256M,64,64,2,0,0,0,0,0,0,2.48,635.14,11456.92,0.0,0.0,0.0,1430.55,0.0,0.0,0.0
CN9,256M,64,64,3,0,0,0,0,0,0,2.46,629.21,13040.84,0.0,0.0,0.0,1628.35,0.0,0.0,0.0
CN9,256M,64,64,4,0,0,0,0,0,0,2.53,646.99,12641.73,0.0,0.0,0.0,1578.56,0.0,0.0,0.0
CN9,256M,64,64,5,0,0,0,0,0,0,2.50,639.44,12038.81,0.0,0.0,0.0,1503.14,0.0,0.0,0.0
