0829-1554
CN8,1M,32,1,1,0,0,0,0,0,0,464.87,436.11,243.79,0.0,0.0,0.0,26.13,0.0,0.0,0.0
CN8,1M,32,1,2,0,0,0,0,0,0,551.77,539.12,166.54,0.0,0.0,0.0,20.51,0.0,0.0,0.0
CN8,1M,32,1,3,0,0,0,0,0,0,528.93,522.94,118.38,0.0,0.0,0.0,15.11,0.0,0.0,0.0
CN8,1M,32,1,4,0,0,0,0,0,0,625.09,624.82,180.28,0.0,0.0,0.0,22.52,0.0,0.0,0.0
CN8,1M,32,1,5,0,0,0,0,0,0,438.17,436.66,211.28,0.0,0.0,0.0,26.53,0.0,0.0,0.0
CN8,1M,32,2,1,0,0,0,0,0,0,568.43,550.72,71.04,0.0,0.0,0.0,9.2,0.0,0.0,0.0
CN8,1M,32,2,2,0,0,0,0,0,0,546.91,531.21,166.28,0.0,0.0,0.0,19.81,0.0,0.0,0.0
CN8,1M,32,2,3,0,0,0,0,0,0,577.20,563.18,232.04,0.0,0.0,0.0,27.99,0.0,0.0,0.0
CN8,1M,32,2,4,0,0,0,0,0,0,601.12,584.02,197.71,0.0,0.0,0.0,23.33,0.0,0.0,0.0
CN8,1M,32,2,5,0,0,0,0,0,0,924.29,876.48,145.03,0.0,0.0,0.0,18.18,0.0,0.0,0.0
CN8,1M,32,4,1,0,0,0,0,0,0,483.21,477.63,141.78,0.0,0.0,0.0,16.92,0.0,0.0,0.0
CN8,1M,32,4,2,0,0,0,0,0,0,680.83,631.43,138.53,0.0,0.0,0.0,17.09,0.0,0.0,0.0
CN8,1M,32,4,3,0,0,0,0,0,0,440.18,433.99,209.53,0.0,0.0,0.0,26.39,0.0,0.0,0.0
CN8,1M,32,4,4,0,0,0,0,0,0,749.51,728.45,93.27,0.0,0.0,0.0,11.9,0.0,0.0,0.0
CN8,1M,32,4,5,0,0,0,0,0,0,567.06,557.85,188.36,0.0,0.0,0.0,23.86,0.0,0.0,0.0
CN8,1M,32,8,1,0,0,0,0,0,0,561.43,447.08,137.02,0.0,0.0,0.0,16.85,0.0,0.0,0.0
CN8,1M,32,8,2,0,0,0,0,0,0,740.04,725.94,137.52,0.0,0.0,0.0,15.82,0.0,0.0,0.0
CN8,1M,32,8,3,0,0,0,0,0,0,438.16,374.80,240.77,0.0,0.0,0.0,29.59,0.0,0.0,0.0
CN8,1M,32,8,4,0,0,0,0,0,0,510.81,447.49,175.69,0.0,0.0,0.0,22.21,0.0,0.0,0.0
CN8,1M,32,8,5,0,0,0,0,0,0,835.17,813.24,127.69,0.0,0.0,0.0,15.96,0.0,0.0,0.0
CN8,1M,32,16,1,0,0,0,0,0,0,554.85,500.26,146.01,0.0,0.0,0.0,17.84,0.0,0.0,0.0
CN8,1M,32,16,2,0,0,0,0,0,0,398.40,358.78,136.51,0.0,0.0,0.0,16.32,0.0,0.0,0.0
CN8,1M,32,16,3,0,0,0,0,0,0,886.45,782.15,171.01,0.0,0.0,0.0,20.62,0.0,0.0,0.0
CN8,1M,32,16,4,0,0,0,0,0,0,585.76,564.97,226.35,0.0,0.0,0.0,28.34,0.0,0.0,0.0
CN8,1M,32,16,5,0,0,0,0,0,0,560.79,553.46,187.68,0.0,0.0,0.0,22.07,0.0,0.0,0.0
CN8,1M,64,1,1,0,0,0,0,0,0,644.83,582.71,275.51,0.0,0.0,0.0,33.65,0.0,0.0,0.0
CN8,1M,64,1,2,0,0,0,0,0,0,731.79,688.13,336.51,0.0,0.0,0.0,41.3,0.0,0.0,0.0
CN8,1M,64,1,3,0,0,0,0,0,0,577.20,576.44,274.01,0.0,0.0,0.0,33.44,0.0,0.0,0.0
CN8,1M,64,1,4,0,0,0,0,0,0,632.00,631.84,275.41,0.0,0.0,0.0,34.53,0.0,0.0,0.0
CN8,1M,64,1,5,0,0,0,0,0,0,585.84,581.35,318.0,0.0,0.0,0.0,39.91,0.0,0.0,0.0
CN8,1M,64,2,1,0,0,0,0,0,0,661.01,660.83,323.0,0.0,0.0,0.0,39.75,0.0,0.0,0.0
CN8,1M,64,2,2,0,0,0,0,0,0,416.46,375.95,250.8,0.0,0.0,0.0,31.51,0.0,0.0,0.0
CN8,1M,64,2,3,0,0,0,0,0,0,827.55,777.65,393.0,0.0,0.0,0.0,47.05,0.0,0.0,0.0
CN8,1M,64,2,4,0,0,0,0,0,0,725.43,681.59,340.4,0.0,0.0,0.0,42.71,0.0,0.0,0.0
CN8,1M,64,2,5,0,0,0,0,0,0,460.67,457.24,212.2,0.0,0.0,0.0,26.15,0.0,0.0,0.0
CN8,1M,64,4,1,0,0,0,0,0,0,550.69,545.70,172.75,0.0,0.0,0.0,21.05,0.0,0.0,0.0
CN8,1M,64,4,2,0,0,0,0,0,0,868.63,720.24,190.8,0.0,0.0,0.0,23.71,0.0,0.0,0.0
CN8,1M,64,4,3,0,0,0,0,0,0,652.29,641.13,235.0,0.0,0.0,0.0,28.77,0.0,0.0,0.0
CN8,1M,64,4,4,0,0,0,0,0,0,808.70,752.23,301.4,0.0,0.0,0.0,37.38,0.0,0.0,0.0
CN8,1M,64,4,5,0,0,0,0,0,0,642.72,609.66,172.8,0.0,0.0,0.0,21.52,0.0,0.0,0.0
CN8,1M,64,8,1,0,0,0,0,0,0,732.74,706.66,327.6,0.0,0.0,0.0,38.89,0.0,0.0,0.0
CN8,1M,64,8,2,0,0,0,0,0,0,527.70,504.26,179.19,0.0,0.0,0.0,22.06,0.0,0.0,0.0
CN8,1M,64,8,3,0,0,0,0,0,0,553.98,525.47,350.74,0.0,0.0,0.0,41.93,0.0,0.0,0.0
CN8,1M,64,8,4,0,0,0,0,0,0,627.81,577.18,392.49,0.0,0.0,0.0,47.26,0.0,0.0,0.0
CN8,1M,64,8,5,0,0,0,0,0,0,810.13,779.03,195.99,0.0,0.0,0.0,24.55,0.0,0.0,0.0
CN8,1M,64,16,1,0,0,0,0,0,0,785.57,745.78,217.99,0.0,0.0,0.0,25.0,0.0,0.0,0.0
CN8,1M,64,16,2,0,0,0,0,0,0,627.79,618.18,291.49,0.0,0.0,0.0,33.19,0.0,0.0,0.0
CN8,1M,64,16,3,0,0,0,0,0,0,659.72,658.17,321.39,0.0,0.0,0.0,39.94,0.0,0.0,0.0
CN8,1M,64,16,4,0,0,0,0,0,0,720.65,720.47,310.99,0.0,0.0,0.0,37.89,0.0,0.0,0.0
CN8,1M,64,16,5,0,0,0,0,0,0,715.15,641.22,12.76,0.0,0.0,0.0,1.54,0.0,0.0,0.0
CN8,2M,32,1,1,0,0,0,0,0,0,334.50,654.05,389.98,0.0,0.0,0.0,43.31,0.0,0.0,0.0
CN8,2M,32,1,2,0,0,0,0,0,0,435.56,845.90,188.73,0.0,0.0,0.0,22.8,0.0,0.0,0.0
CN8,2M,32,1,3,0,0,0,0,0,0,365.44,721.59,304.48,0.0,0.0,0.0,33.55,0.0,0.0,0.0
CN8,2M,32,1,4,0,0,0,0,0,0,365.48,664.39,302.73,0.0,0.0,0.0,34.88,0.0,0.0,0.0
CN8,2M,32,1,5,0,0,0,0,0,0,387.12,732.53,297.23,0.0,0.0,0.0,35.93,0.0,0.0,0.0
CN8,2M,32,2,1,0,0,0,0,0,0,437.14,771.18,227.47,0.0,0.0,0.0,25.91,0.0,0.0,0.0
CN8,2M,32,2,2,0,0,0,0,0,0,400.85,782.56,321.72,0.0,0.0,0.0,35.75,0.0,0.0,0.0
CN8,2M,32,2,3,0,0,0,0,0,0,512.21,1003.98,347.96,0.0,0.0,0.0,39.53,0.0,0.0,0.0
CN8,2M,32,2,4,0,0,0,0,0,0,351.56,682.38,347.47,0.0,0.0,0.0,39.95,0.0,0.0,0.0
CN8,2M,32,2,5,0,0,0,0,0,0,636.01,1250.54,349.72,0.0,0.0,0.0,41.87,0.0,0.0,0.0
CN8,2M,32,4,1,0,0,0,0,0,0,422.77,785.82,200.72,0.0,0.0,0.0,23.92,0.0,0.0,0.0
CN8,2M,32,4,2,0,0,0,0,0,0,487.58,945.61,359.62,0.0,0.0,0.0,41.04,0.0,0.0,0.0
CN8,2M,32,4,3,0,0,0,0,0,0,444.02,866.61,263.22,0.0,0.0,0.0,30.78,0.0,0.0,0.0
CN8,2M,32,4,4,0,0,0,0,0,0,525.47,1007.33,275.72,0.0,0.0,0.0,31.82,0.0,0.0,0.0
CN8,2M,32,4,5,0,0,0,0,0,0,358.92,710.79,490.29,0.0,0.0,0.0,52.46,0.0,0.0,0.0
CN8,2M,32,8,1,0,0,0,0,0,0,447.87,798.53,334.29,0.0,0.0,0.0,38.42,0.0,0.0,0.0
CN8,2M,32,8,2,0,0,0,0,0,0,533.43,960.81,261.96,0.0,0.0,0.0,29.79,0.0,0.0,0.0
CN8,2M,32,8,3,0,0,0,0,0,0,436.56,857.69,339.21,0.0,0.0,0.0,39.44,0.0,0.0,0.0
CN8,2M,32,8,4,0,0,0,0,0,0,349.61,690.68,314.21,0.0,0.0,0.0,36.61,0.0,0.0,0.0
CN8,2M,32,8,5,0,0,0,0,0,0,404.36,788.31,220.95,0.0,0.0,0.0,26.97,0.0,0.0,0.0
CN8,2M,32,16,1,0,0,0,0,0,0,314.30,576.55,405.21,0.0,0.0,0.0,44.01,0.0,0.0,0.0
CN8,2M,32,16,2,0,0,0,0,0,0,448.24,870.50,177.46,0.0,0.0,0.0,21.76,0.0,0.0,0.0
CN8,2M,32,16,3,0,0,0,0,0,0,413.10,821.41,289.71,0.0,0.0,0.0,32.2,0.0,0.0,0.0
CN8,2M,32,16,4,0,0,0,0,0,0,470.08,927.05,309.71,0.0,0.0,0.0,36.03,0.0,0.0,0.0
CN8,2M,32,16,5,0,0,0,0,0,0,378.81,735.73,281.95,0.0,0.0,0.0,30.86,0.0,0.0,0.0
CN8,2M,64,1,1,0,0,0,0,0,0,489.51,978.81,508.64,0.0,0.0,0.0,58.61,0.0,0.0,0.0
CN8,2M,64,1,2,0,0,0,0,0,0,571.58,994.15,811.21,0.0,0.0,0.0,100.46,0.0,0.0,0.0
CN8,2M,64,1,3,0,0,0,0,0,0,592.78,1058.71,884.96,0.0,0.0,0.0,110.55,0.0,0.0,0.0
CN8,2M,64,1,4,0,0,0,0,0,0,330.76,634.13,869.21,0.0,0.0,0.0,100.33,0.0,0.0,0.0
CN8,2M,64,1,5,0,0,0,0,0,0,491.75,831.72,631.16,0.0,0.0,0.0,75.55,0.0,0.0,0.0
CN8,2M,64,2,1,0,0,0,0,0,0,577.25,1084.89,390.96,0.0,0.0,0.0,47.91,0.0,0.0,0.0
CN8,2M,64,2,2,0,0,0,0,0,0,609.63,1218.91,535.2,0.0,0.0,0.0,61.39,0.0,0.0,0.0
CN8,2M,64,2,3,0,0,0,0,0,0,653.74,1307.16,635.2,0.0,0.0,0.0,76.04,0.0,0.0,0.0
CN8,2M,64,2,4,0,0,0,0,0,0,542.43,1066.67,508.76,0.0,0.0,0.0,62.38,0.0,0.0,0.0
CN8,2M,64,2,5,0,0,0,0,0,0,576.91,1075.51,233.96,0.0,0.0,0.0,25.84,0.0,0.0,0.0
CN8,2M,64,4,1,0,0,0,0,0,0,764.65,1427.26,661.76,0.0,0.0,0.0,78.87,0.0,0.0,0.0
CN8,2M,64,4,2,0,0,0,0,0,0,635.56,836.59,788.2,0.0,0.0,0.0,95.15,0.0,0.0,0.0
CN8,2M,64,4,3,0,0,0,0,0,0,914.56,1828.48,765.95,0.0,0.0,0.0,94.25,0.0,0.0,0.0
CN8,2M,64,4,4,0,0,0,0,0,0,845.88,1347.60,690.2,0.0,0.0,0.0,82.41,0.0,0.0,0.0
CN8,2M,64,4,5,0,0,0,0,0,0,735.85,1471.25,479.56,0.0,0.0,0.0,57.87,0.0,0.0,0.0
CN8,2M,64,8,1,0,0,0,0,0,0,709.58,1358.55,694.95,0.0,0.0,0.0,86.88,0.0,0.0,0.0
CN8,2M,64,8,2,0,0,0,0,0,0,483.41,942.40,158.16,0.0,0.0,0.0,19.51,0.0,0.0,0.0
CN8,2M,64,8,3,0,0,0,0,0,0,649.42,1298.51,709.2,0.0,0.0,0.0,87.87,0.0,0.0,0.0
CN8,2M,64,8,4,0,0,0,0,0,0,780.53,1560.53,192.1,0.0,0.0,0.0,23.95,0.0,0.0,0.0
CN8,2M,64,8,5,0,0,0,0,0,0,531.00,1009.38,788.7,0.0,0.0,0.0,97.66,0.0,0.0,0.0
CN8,2M,64,16,1,0,0,0,0,0,0,745.61,1343.43,507.75,0.0,0.0,0.0,63.51,0.0,0.0,0.0
CN8,2M,64,16,2,0,0,0,0,0,0,667.40,1334.52,651.44,0.0,0.0,0.0,80.03,0.0,0.0,0.0
CN8,2M,64,16,3,0,0,0,0,0,0,499.63,952.50,434.15,0.0,0.0,0.0,54.31,0.0,0.0,0.0
CN8,2M,64,16,4,0,0,0,0,0,0,760.60,1464.71,693.69,0.0,0.0,0.0,84.39,0.0,0.0,0.0
CN8,2M,64,16,5,0,0,0,0,0,0,393.13,781.43,509.15,0.0,0.0,0.0,61.74,0.0,0.0,0.0
CN8,4M,32,1,1,0,0,0,0,0,0,270.75,986.01,1008.69,0.0,0.0,0.0,124.46,0.0,0.0,0.0
CN8,4M,32,1,2,0,0,0,0,0,0,295.81,1022.71,1070.19,0.0,0.0,0.0,133.88,0.0,0.0,0.0
CN8,4M,32,1,3,0,0,0,0,0,0,293.28,1170.45,1431.92,0.0,0.0,0.0,178.51,0.0,0.0,0.0
CN8,4M,32,1,4,0,0,0,0,0,0,301.18,1191.72,1070.19,0.0,0.0,0.0,133.88,0.0,0.0,0.0
CN8,4M,32,1,5,0,0,0,0,0,0,297.59,1189.92,1084.44,0.0,0.0,0.0,133.88,0.0,0.0,0.0
CN8,4M,32,2,1,0,0,0,0,0,0,188.89,726.44,1073.19,0.0,0.0,0.0,133.88,0.0,0.0,0.0
CN8,4M,32,2,2,0,0,0,0,0,0,256.18,1018.86,1070.19,0.0,0.0,0.0,133.88,0.0,0.0,0.0
CN8,4M,32,2,3,0,0,0,0,0,0,281.72,1107.88,1432.59,0.0,0.0,0.0,178.52,0.0,0.0,0.0
CN8,4M,32,2,4,0,0,0,0,0,0,270.33,877.84,1074.94,0.0,0.0,0.0,133.89,0.0,0.0,0.0
CN8,4M,32,2,5,0,0,0,0,0,0,257.95,944.09,1070.19,0.0,0.0,0.0,133.88,0.0,0.0,0.0
CN8,4M,32,4,1,0,0,0,0,0,0,338.46,1219.50,1073.44,0.0,0.0,0.0,133.88,0.0,0.0,0.0
CN8,4M,32,4,2,0,0,0,0,0,0,299.42,1185.60,1426.59,0.0,0.0,0.0,178.51,0.0,0.0,0.0
CN8,4M,32,4,3,0,0,0,0,0,0,290.59,1140.72,1084.44,0.0,0.0,0.0,133.88,0.0,0.0,0.0
CN8,4M,32,4,4,0,0,0,0,0,0,456.46,1802.68,1071.44,0.0,0.0,0.0,133.89,0.0,0.0,0.0
CN8,4M,32,4,5,0,0,0,0,0,0,365.43,1449.44,1070.19,0.0,0.0,0.0,133.88,0.0,0.0,0.0
CN8,4M,32,8,1,0,0,0,0,0,0,268.20,1061.21,1070.19,0.0,0.0,0.0,133.88,0.0,0.0,0.0
CN8,4M,32,8,2,0,0,0,0,0,0,283.27,1053.87,1073.94,0.0,0.0,0.0,133.88,0.0,0.0,0.0
CN8,4M,32,8,3,0,0,0,0,0,0,314.12,1247.01,1069.94,0.0,0.0,0.0,133.88,0.0,0.0,0.0
CN8,4M,32,8,4,0,0,0,0,0,0,245.48,980.07,1073.69,0.0,0.0,0.0,133.88,0.0,0.0,0.0
CN8,4M,32,8,5,0,0,0,0,0,0,273.09,972.29,1426.92,0.0,0.0,0.0,178.51,0.0,0.0,0.0
CN8,4M,32,16,1,0,0,0,0,0,0,324.94,1161.67,1085.69,0.0,0.0,0.0,133.88,0.0,0.0,0.0
CN8,4M,32,16,2,0,0,0,0,0,0,241.41,954.13,1070.19,0.0,0.0,0.0,133.88,0.0,0.0,0.0
CN8,4M,32,16,3,0,0,0,0,0,0,282.70,1110.01,1426.92,0.0,0.0,0.0,178.51,0.0,0.0,0.0
CN8,4M,32,16,4,0,0,0,0,0,0,216.16,797.42,1073.94,0.0,0.0,0.0,133.88,0.0,0.0,0.0
CN8,4M,32,16,5,0,0,0,0,0,0,294.10,1078.02,1070.19,0.0,0.0,0.0,133.88,0.0,0.0,0.0
CN8,4M,64,1,1,0,0,0,0,0,0,250.18,985.26,1676.15,0.0,0.0,0.0,209.51,0.0,0.0,0.0
CN8,4M,64,1,2,0,0,0,0,0,0,352.19,1408.39,1680.15,0.0,0.0,0.0,209.52,0.0,0.0,0.0
CN8,4M,64,1,3,0,0,0,0,0,0,362.09,1448.15,2095.19,0.0,0.0,0.0,261.88,0.0,0.0,0.0
CN8,4M,64,1,4,0,0,0,0,0,0,226.41,880.71,1688.96,0.0,0.0,0.0,209.51,0.0,0.0,0.0
CN8,4M,64,1,5,0,0,0,0,0,0,528.95,2115.32,1679.56,0.0,0.0,0.0,209.51,0.0,0.0,0.0
CN8,4M,64,2,1,0,0,0,0,0,0,383.29,1497.08,1679.16,0.0,0.0,0.0,209.51,0.0,0.0,0.0
CN8,4M,64,2,2,0,0,0,0,0,0,364.50,1417.54,2095.2,0.0,0.0,0.0,261.88,0.0,0.0,0.0
CN8,4M,64,2,3,0,0,0,0,0,0,481.36,1765.28,1679.56,0.0,0.0,0.0,209.51,0.0,0.0,0.0
CN8,4M,64,2,4,0,0,0,0,0,0,121.45,485.77,1676.16,0.0,0.0,0.0,209.51,0.0,0.0,0.0
CN8,4M,64,2,5,0,0,0,0,0,0,273.22,1086.37,1679.56,0.0,0.0,0.0,209.51,0.0,0.0,0.0
CN8,4M,64,4,1,0,0,0,0,0,0,279.46,1109.26,1656.76,0.0,0.0,0.0,201.34,0.0,0.0,0.0
CN8,4M,64,4,2,0,0,0,0,0,0,398.15,1582.78,1688.96,0.0,0.0,0.0,209.51,0.0,0.0,0.0
CN8,4M,64,4,3,0,0,0,0,0,0,335.10,1243.68,1679.56,0.0,0.0,0.0,209.51,0.0,0.0,0.0
CN8,4M,64,4,4,0,0,0,0,0,0,325.10,1286.35,1676.17,0.0,0.0,0.0,209.51,0.0,0.0,0.0
CN8,4M,64,4,5,0,0,0,0,0,0,275.29,1067.91,1681.37,0.0,0.0,0.0,209.53,0.0,0.0,0.0
CN8,4M,64,8,1,0,0,0,0,0,0,325.79,1288.23,1670.97,0.0,0.0,0.0,207.98,0.0,0.0,0.0
CN8,4M,64,8,2,0,0,0,0,0,0,379.95,1394.79,1676.17,0.0,0.0,0.0,209.51,0.0,0.0,0.0
CN8,4M,64,8,3,0,0,0,0,0,0,470.62,1882.12,1679.37,0.0,0.0,0.0,209.51,0.0,0.0,0.0
CN8,4M,64,8,4,0,0,0,0,0,0,367.22,1441.10,2097.71,0.0,0.0,0.0,261.91,0.0,0.0,0.0
CN8,4M,64,8,5,0,0,0,0,0,0,419.33,1560.74,2111.22,0.0,0.0,0.0,261.89,0.0,0.0,0.0
CN8,4M,64,16,1,0,0,0,0,0,0,328.34,1281.09,1396.81,0.0,0.0,0.0,174.59,0.0,0.0,0.0
CN8,4M,64,16,2,0,0,0,0,0,0,367.18,1455.11,1680.17,0.0,0.0,0.0,209.52,0.0,0.0,0.0
CN8,4M,64,16,3,0,0,0,0,0,0,362.10,1448.07,1675.97,0.0,0.0,0.0,209.51,0.0,0.0,0.0
CN8,4M,64,16,4,0,0,0,0,0,0,314.86,1230.72,1679.38,0.0,0.0,0.0,209.51,0.0,0.0,0.0
CN8,4M,64,16,5,0,0,0,0,0,0,365.83,1422.61,1676.18,0.0,0.0,0.0,209.51,0.0,0.0,0.0
CN8,8M,32,1,1,0,0,0,0,0,0,192.06,1476.96,2098.97,0.0,0.0,0.0,261.89,0.0,0.0,0.0
CN8,8M,32,1,2,0,0,0,0,0,0,210.53,1395.34,1878.97,0.0,0.0,0.0,234.89,0.0,0.0,0.0
CN8,8M,32,1,3,0,0,0,0,0,0,210.59,1544.38,2110.72,0.0,0.0,0.0,261.89,0.0,0.0,0.0
CN8,8M,32,1,4,0,0,0,0,0,0,190.97,1515.70,2010.97,0.0,0.0,0.0,250.89,0.0,0.0,0.0
CN8,8M,32,1,5,0,0,0,0,0,0,213.22,1604.33,2094.98,0.0,0.0,0.0,261.89,0.0,0.0,0.0
CN8,8M,32,2,1,0,0,0,0,0,0,162.40,1290.79,1679.38,0.0,0.0,0.0,209.51,0.0,0.0,0.0
CN8,8M,32,2,2,0,0,0,0,0,0,233.54,1777.94,1768.73,0.0,0.0,0.0,220.9,0.0,0.0,0.0
CN8,8M,32,2,3,0,0,0,0,0,0,250.38,1911.25,2707.97,0.0,0.0,0.0,338.52,0.0,0.0,0.0
CN8,8M,32,2,4,0,0,0,0,0,0,223.84,1684.23,1987.23,0.0,0.0,0.0,247.89,0.0,0.0,0.0
CN8,8M,32,2,5,0,0,0,0,0,0,219.27,1670.08,2096.23,0.0,0.0,0.0,261.91,0.0,0.0,0.0
CN8,8M,32,4,1,0,0,0,0,0,0,140.61,1112.89,1688.79,0.0,0.0,0.0,209.51,0.0,0.0,0.0
CN8,8M,32,4,2,0,0,0,0,0,0,208.74,1657.24,2793.31,0.0,0.0,0.0,349.19,0.0,0.0,0.0
CN8,8M,32,4,3,0,0,0,0,0,0,201.87,1606.06,2101.99,0.0,0.0,0.0,261.96,0.0,0.0,0.0
CN8,8M,32,4,4,0,0,0,0,0,0,248.92,1959.86,2569.32,0.0,0.0,0.0,321.19,0.0,0.0,0.0
CN8,8M,32,4,5,0,0,0,0,0,0,261.34,2050.53,2101.99,0.0,0.0,0.0,261.92,0.0,0.0,0.0
CN8,8M,32,8,1,0,0,0,0,0,0,154.55,1226.78,1676.19,0.0,0.0,0.0,209.51,0.0,0.0,0.0
CN8,8M,32,8,2,0,0,0,0,0,0,183.30,1404.76,2800.32,0.0,0.0,0.0,349.2,0.0,0.0,0.0
CN8,8M,32,8,3,0,0,0,0,0,0,210.40,1671.97,1952.74,0.0,0.0,0.0,243.9,0.0,0.0,0.0
CN8,8M,32,8,4,0,0,0,0,0,0,170.49,1039.37,1689.2,0.0,0.0,0.0,209.52,0.0,0.0,0.0
CN8,8M,32,8,5,0,0,0,0,0,0,140.75,1083.40,2098.99,0.0,0.0,0.0,261.89,0.0,0.0,0.0
CN8,8M,32,16,1,0,0,0,0,0,0,97.75,770.33,1927.5,0.0,0.0,0.0,235.7,0.0,0.0,0.0
CN8,8M,32,16,2,0,0,0,0,0,0,203.39,1579.86,2745.66,0.0,0.0,0.0,342.52,0.0,0.0,0.0
CN8,8M,32,16,3,0,0,0,0,0,0,212.79,1667.35,1902.95,0.0,0.0,0.0,237.33,0.0,0.0,0.0
CN8,8M,32,16,4,0,0,0,0,0,0,177.80,1420.26,2039.0,0.0,0.0,0.0,254.89,0.0,0.0,0.0
CN8,8M,32,16,5,0,0,0,0,0,0,195.42,1554.94,1899.25,0.0,0.0,0.0,236.89,0.0,0.0,0.0
CN8,8M,64,1,1,0,0,0,0,0,0,259.80,2078.08,2759.2,0.0,0.0,0.0,344.71,0.0,0.0,0.0
CN8,8M,64,1,2,0,0,0,0,0,0,272.62,2168.48,2427.0,0.0,0.0,0.0,301.51,0.0,0.0,0.0
CN8,8M,64,1,3,0,0,0,0,0,0,112.51,878.28,2777.81,0.0,0.0,0.0,346.34,0.0,0.0,0.0
CN8,8M,64,1,4,0,0,0,0,0,0,204.48,1635.70,2483.67,0.0,0.0,0.0,309.93,0.0,0.0,0.0
CN8,8M,64,1,5,0,0,0,0,0,0,249.74,1797.06,2477.61,0.0,0.0,0.0,309.51,0.0,0.0,0.0
CN8,8M,64,2,1,0,0,0,0,0,0,229.45,1793.23,2457.01,0.0,0.0,0.0,306.6,0.0,0.0,0.0
CN8,8M,64,2,2,0,0,0,0,0,0,287.22,2297.46,2953.82,0.0,0.0,0.0,368.74,0.0,0.0,0.0
CN8,8M,64,2,3,0,0,0,0,0,0,259.37,2041.78,2686.18,0.0,0.0,0.0,335.26,0.0,0.0,0.0
CN8,8M,64,2,4,0,0,0,0,0,0,271.52,2170.08,2651.35,0.0,0.0,0.0,331.26,0.0,0.0,0.0
CN8,8M,64,2,5,0,0,0,0,0,0,230.27,1841.97,2679.19,0.0,0.0,0.0,333.27,0.0,0.0,0.0
CN8,8M,64,4,1,0,0,0,0,0,0,210.82,1630.51,2766.19,0.0,0.0,0.0,345.26,0.0,0.0,0.0
CN8,8M,64,4,2,0,0,0,0,0,0,263.39,2064.57,2402.53,0.0,0.0,0.0,299.95,0.0,0.0,0.0
CN8,8M,64,4,3,0,0,0,0,0,0,206.63,1625.42,3313.03,0.0,0.0,0.0,413.52,0.0,0.0,0.0
CN8,8M,64,4,4,0,0,0,0,0,0,163.78,1222.25,2734.2,0.0,0.0,0.0,341.26,0.0,0.0,0.0
CN8,8M,64,4,5,0,0,0,0,0,0,248.42,1987.16,2016.53,0.0,0.0,0.0,251.93,0.0,0.0,0.0
CN8,8M,64,8,1,0,0,0,0,0,0,253.23,2025.60,3100.04,0.0,0.0,0.0,378.36,0.0,0.0,0.0
CN8,8M,64,8,2,0,0,0,0,0,0,249.39,1991.89,3080.64,0.0,0.0,0.0,384.73,0.0,0.0,0.0
CN8,8M,64,8,3,0,0,0,0,0,0,205.04,1578.33,2620.2,0.0,0.0,0.0,325.93,0.0,0.0,0.0
CN8,8M,64,8,4,0,0,0,0,0,0,258.69,2053.71,2510.21,0.0,0.0,0.0,313.27,0.0,0.0,0.0
CN8,8M,64,8,5,0,0,0,0,0,0,211.77,1658.75,3146.65,0.0,0.0,0.0,392.72,0.0,0.0,0.0
CN8,8M,64,16,1,0,0,0,0,0,0,267.43,2139.18,2352.88,0.0,0.0,0.0,293.93,0.0,0.0,0.0
CN8,8M,64,16,2,0,0,0,0,0,0,200.82,1606.32,2686.38,0.0,0.0,0.0,335.27,0.0,0.0,0.0
CN8,8M,64,16,3,0,0,0,0,0,0,237.96,1869.20,3041.06,0.0,0.0,0.0,379.92,0.0,0.0,0.0
CN8,8M,64,16,4,0,0,0,0,0,0,249.53,1939.40,2590.22,0.0,0.0,0.0,323.27,0.0,0.0,0.0
CN8,8M,64,16,5,0,0,0,0,0,0,324.91,2582.30,3047.27,0.0,0.0,0.0,380.72,0.0,0.0,0.0
CN8,16M,32,1,1,0,0,0,0,0,0,121.00,1934.07,2215.27,0.0,0.0,0.0,275.12,0.0,0.0,0.0
CN8,16M,32,1,2,0,0,0,0,0,0,83.88,1292.96,2704.87,0.0,0.0,0.0,337.52,0.0,0.0,0.0
CN8,16M,32,1,3,0,0,0,0,0,0,108.83,1728.97,2240.27,0.0,0.0,0.0,279.92,0.0,0.0,0.0
CN8,16M,32,1,4,0,0,0,0,0,0,124.90,1994.44,2109.07,0.0,0.0,0.0,263.12,0.0,0.0,0.0
CN8,16M,32,1,5,0,0,0,0,0,0,118.42,1738.90,3036.6,0.0,0.0,0.0,378.9,0.0,0.0,0.0
CN8,16M,32,2,1,0,0,0,0,0,0,102.46,1629.71,2733.48,0.0,0.0,0.0,341.52,0.0,0.0,0.0
CN8,16M,32,2,2,0,0,0,0,0,0,119.85,1902.46,2070.68,0.0,0.0,0.0,258.32,0.0,0.0,0.0
CN8,16M,32,2,3,0,0,0,0,0,0,126.11,2004.22,2680.1,0.0,0.0,0.0,334.9,0.0,0.0,0.0
CN8,16M,32,2,4,0,0,0,0,0,0,121.66,1944.59,2824.36,0.0,0.0,0.0,350.9,0.0,0.0,0.0
CN8,16M,32,2,5,0,0,0,0,0,0,151.41,2358.85,2308.11,0.0,0.0,0.0,287.9,0.0,0.0,0.0
CN8,16M,32,4,1,0,0,0,0,0,0,147.69,2346.03,3324.86,0.0,0.0,0.0,414.9,0.0,0.0,0.0
CN8,16M,32,4,2,0,0,0,0,0,0,143.54,2285.97,2188.89,0.0,0.0,0.0,273.52,0.0,0.0,0.0
CN8,16M,32,4,3,0,0,0,0,0,0,92.66,1448.73,2764.61,0.0,0.0,0.0,344.9,0.0,0.0,0.0
CN8,16M,32,4,4,0,0,0,0,0,0,127.89,1956.10,3200.61,0.0,0.0,0.0,399.9,0.0,0.0,0.0
CN8,16M,32,4,5,0,0,0,0,0,0,131.09,2086.42,2820.62,0.0,0.0,0.0,351.91,0.0,0.0,0.0
CN8,16M,32,8,1,0,0,0,0,0,0,108.21,1719.52,3477.37,0.0,0.0,0.0,431.49,0.0,0.0,0.0
CN8,16M,32,8,2,0,0,0,0,0,0,127.50,2008.05,2792.37,0.0,0.0,0.0,346.91,0.0,0.0,0.0
CN8,16M,32,8,3,0,0,0,0,0,0,134.69,2069.42,2339.7,0.0,0.0,0.0,291.92,0.0,0.0,0.0
CN8,16M,32,8,4,0,0,0,0,0,0,122.02,1939.52,2470.9,0.0,0.0,0.0,308.73,0.0,0.0,0.0
CN8,16M,32,8,5,0,0,0,0,0,0,129.36,2066.95,2548.38,0.0,0.0,0.0,317.91,0.0,0.0,0.0
CN8,16M,32,16,1,0,0,0,0,0,0,137.22,2137.40,2274.91,0.0,0.0,0.0,283.93,0.0,0.0,0.0
CN8,16M,32,16,2,0,0,0,0,0,0,145.86,2270.74,2137.71,0.0,0.0,0.0,267.13,0.0,0.0,0.0
CN8,16M,32,16,3,0,0,0,0,0,0,125.46,2007.19,1936.31,0.0,0.0,0.0,241.53,0.0,0.0,0.0
CN8,16M,32,16,4,0,0,0,0,0,0,130.24,2066.99,1927.91,0.0,0.0,0.0,240.74,0.0,0.0,0.0
CN8,16M,32,16,5,0,0,0,0,0,0,114.25,1820.25,3018.89,0.0,0.0,0.0,374.93,0.0,0.0,0.0
CN8,16M,64,1,1,0,0,0,0,0,0,151.41,2381.89,2312.22,0.0,0.0,0.0,288.52,0.0,0.0,0.0
CN8,16M,64,1,2,0,0,0,0,0,0,143.10,2107.51,3776.1,0.0,0.0,0.0,471.27,0.0,0.0,0.0
CN8,16M,64,1,3,0,0,0,0,0,0,139.74,2143.44,2433.43,0.0,0.0,0.0,303.94,0.0,0.0,0.0
CN8,16M,64,1,4,0,0,0,0,0,0,66.78,1058.48,3035.23,0.0,0.0,0.0,378.81,0.0,0.0,0.0
CN8,16M,64,1,5,0,0,0,0,0,0,134.73,2154.40,2058.09,0.0,0.0,0.0,257.09,0.0,0.0,0.0
CN8,16M,64,2,1,0,0,0,0,0,0,145.05,2281.51,2932.44,0.0,0.0,0.0,365.94,0.0,0.0,0.0
CN8,16M,64,2,2,0,0,0,0,0,0,140.73,2242.53,3596.94,0.0,0.0,0.0,449.27,0.0,0.0,0.0
CN8,16M,64,2,3,0,0,0,0,0,0,128.36,2037.44,2915.62,0.0,0.0,0.0,362.63,0.0,0.0,0.0
CN8,16M,64,2,4,0,0,0,0,0,0,146.35,2334.33,2290.24,0.0,0.0,0.0,285.66,0.0,0.0,0.0
CN8,16M,64,2,5,0,0,0,0,0,0,155.57,2489.01,2266.1,0.0,0.0,0.0,282.83,0.0,0.0,0.0
CN8,16M,64,4,1,0,0,0,0,0,0,67.10,1073.55,3479.12,0.0,0.0,0.0,428.94,0.0,0.0,0.0
CN8,16M,64,4,2,0,0,0,0,0,0,141.61,2073.26,2820.96,0.0,0.0,0.0,351.94,0.0,0.0,0.0
CN8,16M,64,4,3,0,0,0,0,0,0,153.87,2406.47,2647.46,0.0,0.0,0.0,330.61,0.0,0.0,0.0
CN8,16M,64,4,4,0,0,0,0,0,0,126.37,2010.46,2773.73,0.0,0.0,0.0,346.07,0.0,0.0,0.0
CN8,16M,64,4,5,0,0,0,0,0,0,131.02,2074.92,3672.3,0.0,0.0,0.0,458.61,0.0,0.0,0.0
CN8,16M,64,8,1,0,0,0,0,0,0,128.49,2039.35,3224.3,0.0,0.0,0.0,401.28,0.0,0.0,0.0
CN8,16M,64,8,2,0,0,0,0,0,0,143.65,2288.70,3093.31,0.0,0.0,0.0,385.94,0.0,0.0,0.0
CN8,16M,64,8,3,0,0,0,0,0,0,117.98,1887.52,3264.31,0.0,0.0,0.0,407.28,0.0,0.0,0.0
CN8,16M,64,8,4,0,0,0,0,0,0,178.27,2808.89,2866.31,0.0,0.0,0.0,357.95,0.0,0.0,0.0
CN8,16M,64,8,5,0,0,0,0,0,0,118.46,1865.47,2765.47,0.0,0.0,0.0,345.05,0.0,0.0,0.0
CN8,16M,64,16,1,0,0,0,0,0,0,146.02,2329.95,3308.65,0.0,0.0,0.0,413.28,0.0,0.0,0.0
CN8,16M,64,16,2,0,0,0,0,0,0,148.30,2372.62,2703.16,0.0,0.0,0.0,337.28,0.0,0.0,0.0
CN8,16M,64,16,3,0,0,0,0,0,0,135.88,2133.59,2437.99,0.0,0.0,0.0,304.53,0.0,0.0,0.0
CN8,16M,64,16,4,0,0,0,0,0,0,138.30,2193.19,2836.83,0.0,0.0,0.0,353.28,0.0,0.0,0.0
CN8,16M,64,16,5,0,0,0,0,0,0,165.13,2641.87,2831.0,0.0,0.0,0.0,353.28,0.0,0.0,0.0
CN8,32M,32,1,1,0,0,0,0,0,0,69.83,2192.77,3217.75,0.0,0.0,0.0,401.93,0.0,0.0,0.0
CN8,32M,32,1,2,0,0,0,0,0,0,67.74,2080.93,3288.0,0.0,0.0,0.0,410.34,0.0,0.0,0.0
CN8,32M,32,1,3,0,0,0,0,0,0,49.98,1586.88,4742.26,0.0,0.0,0.0,591.92,0.0,0.0,0.0
CN8,32M,32,1,4,0,0,0,0,0,0,51.12,1537.29,3503.81,0.0,0.0,0.0,437.56,0.0,0.0,0.0
CN8,32M,32,1,5,0,0,0,0,0,0,66.79,2039.15,3277.61,0.0,0.0,0.0,408.76,0.0,0.0,0.0
CN8,32M,32,2,1,0,0,0,0,0,0,74.80,2383.05,4008.01,0.0,0.0,0.0,499.95,0.0,0.0,0.0
CN8,32M,32,2,2,0,0,0,0,0,0,50.21,1602.52,3266.02,0.0,0.0,0.0,406.36,0.0,0.0,0.0
CN8,32M,32,2,3,0,0,0,0,0,0,81.23,2508.80,3300.82,0.0,0.0,0.0,411.94,0.0,0.0,0.0
CN8,32M,32,2,4,0,0,0,0,0,0,45.98,1468.80,2935.62,0.0,0.0,0.0,366.34,0.0,0.0,0.0
CN8,32M,32,2,5,0,0,0,0,0,0,49.51,1578.19,4290.03,0.0,0.0,0.0,535.93,0.0,0.0,0.0
CN8,32M,32,4,1,0,0,0,0,0,0,33.74,1072.71,4312.03,0.0,0.0,0.0,537.96,0.0,0.0,0.0
CN8,32M,32,4,2,0,0,0,0,0,0,71.55,2279.49,4474.04,0.0,0.0,0.0,558.93,0.0,0.0,0.0
CN8,32M,32,4,3,0,0,0,0,0,0,55.64,1779.10,4326.55,0.0,0.0,0.0,539.93,0.0,0.0,0.0
CN8,32M,32,4,4,0,0,0,0,0,0,46.19,1419.75,3323.04,0.0,0.0,0.0,415.14,0.0,0.0,0.0
CN8,32M,32,4,5,0,0,0,0,0,0,50.76,1618.19,3631.24,0.0,0.0,0.0,451.94,0.0,0.0,0.0
CN8,32M,32,8,1,0,0,0,0,0,0,53.16,1697.20,2972.87,0.0,0.0,0.0,370.62,0.0,0.0,0.0
CN8,32M,32,8,2,0,0,0,0,0,0,46.54,1486.49,4659.56,0.0,0.0,0.0,581.95,0.0,0.0,0.0
CN8,32M,32,8,3,0,0,0,0,0,0,42.34,1344.90,3512.65,0.0,0.0,0.0,438.34,0.0,0.0,0.0
CN8,32M,32,8,4,0,0,0,0,0,0,72.19,2277.65,4053.57,0.0,0.0,0.0,505.93,0.0,0.0,0.0
CN8,32M,32,8,5,0,0,0,0,0,0,60.82,1942.57,3175.66,0.0,0.0,0.0,396.74,0.0,0.0,0.0
CN8,32M,32,16,1,0,0,0,0,0,0,35.23,1117.33,4428.66,0.0,0.0,0.0,552.74,0.0,0.0,0.0
CN8,32M,32,16,2,0,0,0,0,0,0,69.31,2061.54,4003.39,0.0,0.0,0.0,500.16,0.0,0.0,0.0
CN8,32M,32,16,3,0,0,0,0,0,0,66.80,2129.96,4058.09,0.0,0.0,0.0,504.93,0.0,0.0,0.0
CN8,32M,32,16,4,0,0,0,0,0,0,55.50,1773.38,3005.87,0.0,0.0,0.0,375.15,0.0,0.0,0.0
CN8,32M,32,16,5,0,0,0,0,0,0,51.76,1647.92,3409.68,0.0,0.0,0.0,425.55,0.0,0.0,0.0
CN8,32M,64,1,1,0,0,0,0,0,0,36.70,1174.26,5040.8,0.0,0.0,0.0,622.8,0.0,0.0,0.0
CN8,32M,64,1,2,0,0,0,0,0,0,66.30,2116.65,3881.56,0.0,0.0,0.0,484.49,0.0,0.0,0.0
CN8,32M,64,1,3,0,0,0,0,0,0,39.91,1277.10,4652.18,0.0,0.0,0.0,580.99,0.0,0.0,0.0
CN8,32M,64,1,4,0,0,0,0,0,0,54.16,1728.26,4109.81,0.0,0.0,0.0,512.99,0.0,0.0,0.0
CN8,32M,64,1,5,0,0,0,0,0,0,42.18,1348.39,4556.57,0.0,0.0,0.0,569.0,0.0,0.0,0.0
CN8,32M,64,2,1,0,0,0,0,0,0,62.97,2012.89,4918.66,0.0,0.0,0.0,613.11,0.0,0.0,0.0
CN8,32M,64,2,2,0,0,0,0,0,0,41.27,1320.27,4620.95,0.0,0.0,0.0,576.56,0.0,0.0,0.0
CN8,32M,64,2,3,0,0,0,0,0,0,58.52,1867.09,4264.33,0.0,0.0,0.0,532.5,0.0,0.0,0.0
CN8,32M,64,2,4,0,0,0,0,0,0,38.52,1195.27,4350.09,0.0,0.0,0.0,543.0,0.0,0.0,0.0
CN8,32M,64,2,5,0,0,0,0,0,0,62.84,2010.23,4765.53,0.0,0.0,0.0,594.83,0.0,0.0,0.0
CN8,32M,64,4,1,0,0,0,0,0,0,36.79,1176.13,4292.75,0.0,0.0,0.0,535.98,0.0,0.0,0.0
CN8,32M,64,4,2,0,0,0,0,0,0,44.50,1423.33,4122.35,0.0,0.0,0.0,514.5,0.0,0.0,0.0
CN8,32M,64,4,3,0,0,0,0,0,0,43.25,1383.94,4388.23,0.0,0.0,0.0,548.0,0.0,0.0,0.0
CN8,32M,64,4,4,0,0,0,0,0,0,59.55,1903.41,4168.24,0.0,0.0,0.0,519.52,0.0,0.0,0.0
CN8,32M,64,4,5,0,0,0,0,0,0,42.02,1344.64,4106.11,0.0,0.0,0.0,512.5,0.0,0.0,0.0
CN8,32M,64,8,1,0,0,0,0,0,0,51.04,1633.12,4354.49,0.0,0.0,0.0,543.5,0.0,0.0,0.0
CN8,32M,64,8,2,0,0,0,0,0,0,45.26,1448.24,4272.25,0.0,0.0,0.0,533.5,0.0,0.0,0.0
CN8,32M,64,8,3,0,0,0,0,0,0,43.22,1365.46,4426.38,0.0,0.0,0.0,552.5,0.0,0.0,0.0
CN8,32M,64,8,4,0,0,0,0,0,0,51.64,1649.65,3815.63,0.0,0.0,0.0,476.5,0.0,0.0,0.0
CN8,32M,64,8,5,0,0,0,0,0,0,38.91,1245.16,4463.76,0.0,0.0,0.0,557.0,0.0,0.0,0.0
CN8,32M,64,16,1,0,0,0,0,0,0,34.01,1088.26,4773.35,0.0,0.0,0.0,594.11,0.0,0.0,0.0
CN8,32M,64,16,2,0,0,0,0,0,0,66.09,2114.74,3700.91,0.0,0.0,0.0,461.16,0.0,0.0,0.0
CN8,32M,64,16,3,0,0,0,0,0,0,43.18,1381.64,4658.9,0.0,0.0,0.0,581.51,0.0,0.0,0.0
CN8,32M,64,16,4,0,0,0,0,0,0,46.20,1470.85,3603.66,0.0,0.0,0.0,450.0,0.0,0.0,0.0
CN8,32M,64,16,5,0,0,0,0,0,0,46.87,1484.80,4610.79,0.0,0.0,0.0,575.51,0.0,0.0,0.0
CN8,64M,32,1,1,0,0,0,0,0,0,24.08,1539.86,3992.33,0.0,0.0,0.0,498.29,0.0,0.0,0.0
CN8,64M,32,1,2,0,0,0,0,0,0,20.17,1289.52,5342.56,0.0,0.0,0.0,667.31,0.0,0.0,0.0
CN8,64M,32,1,3,0,0,0,0,0,0,19.62,1254.91,4797.63,0.0,0.0,0.0,598.87,0.0,0.0,0.0
CN8,64M,32,1,4,0,0,0,0,0,0,20.76,1326.80,5486.9,0.0,0.0,0.0,685.31,0.0,0.0,0.0
CN8,64M,32,1,5,0,0,0,0,0,0,18.61,1189.09,5546.24,0.0,0.0,0.0,691.33,0.0,0.0,0.0
CN8,64M,32,2,1,0,0,0,0,0,0,20.69,1321.82,4660.21,0.0,0.0,0.0,581.72,0.0,0.0,0.0
CN8,64M,32,2,2,0,0,0,0,0,0,21.14,1321.35,5421.09,0.0,0.0,0.0,676.65,0.0,0.0,0.0
CN8,64M,32,2,3,0,0,0,0,0,0,21.37,1366.79,4630.37,0.0,0.0,0.0,578.3,0.0,0.0,0.0
CN8,64M,32,2,4,0,0,0,0,0,0,18.90,1206.97,4902.37,0.0,0.0,0.0,611.98,0.0,0.0,0.0
CN8,64M,32,2,5,0,0,0,0,0,0,23.71,1515.98,5652.27,0.0,0.0,0.0,705.98,0.0,0.0,0.0
CN8,64M,32,4,1,0,0,0,0,0,0,20.33,1300.29,4797.1,0.0,0.0,0.0,598.84,0.0,0.0,0.0
CN8,64M,32,4,2,0,0,0,0,0,0,24.90,1591.83,5252.62,0.0,0.0,0.0,655.98,0.0,0.0,0.0
CN8,64M,32,4,3,0,0,0,0,0,0,18.50,1182.69,5626.29,0.0,0.0,0.0,701.32,0.0,0.0,0.0
CN8,64M,32,4,4,0,0,0,0,0,0,23.23,1472.34,4757.97,0.0,0.0,0.0,593.73,0.0,0.0,0.0
CN8,64M,32,4,5,0,0,0,0,0,0,21.26,1333.35,5646.8,0.0,0.0,0.0,705.32,0.0,0.0,0.0
CN8,64M,32,8,1,0,0,0,0,0,0,23.45,1481.65,5484.64,0.0,0.0,0.0,684.65,0.0,0.0,0.0
CN8,64M,32,8,2,0,0,0,0,0,0,28.18,1744.13,4641.56,0.0,0.0,0.0,579.44,0.0,0.0,0.0
CN8,64M,32,8,3,0,0,0,0,0,0,19.14,1224.21,4575.42,0.0,0.0,0.0,571.45,0.0,0.0,0.0
CN8,64M,32,8,4,0,0,0,0,0,0,19.57,1251.44,4794.71,0.0,0.0,0.0,598.3,0.0,0.0,0.0
CN8,64M,32,8,5,0,0,0,0,0,0,19.92,1263.44,5411.03,0.0,0.0,0.0,675.87,0.0,0.0,0.0
CN8,64M,32,16,1,0,0,0,0,0,0,20.45,1297.21,4704.15,0.0,0.0,0.0,586.33,0.0,0.0,0.0
CN8,64M,32,16,2,0,0,0,0,0,0,23.77,1519.20,5390.18,0.0,0.0,0.0,672.69,0.0,0.0,0.0
CN8,64M,32,16,3,0,0,0,0,0,0,18.65,1189.63,6194.52,0.0,0.0,0.0,773.32,0.0,0.0,0.0
CN8,64M,32,16,4,0,0,0,0,0,0,33.22,2122.97,5241.36,0.0,0.0,0.0,654.66,0.0,0.0,0.0
CN8,64M,32,16,5,0,0,0,0,0,0,20.45,1307.65,4335.45,0.0,0.0,0.0,541.14,0.0,0.0,0.0
CN8,64M,64,1,1,0,0,0,0,0,0,14.53,929.94,6503.09,0.0,0.0,0.0,812.03,0.0,0.0,0.0
CN8,64M,64,1,2,0,0,0,0,0,0,14.83,948.49,6642.25,0.0,0.0,0.0,829.29,0.0,0.0,0.0
CN8,64M,64,1,3,0,0,0,0,0,0,14.13,904.06,7258.7,0.0,0.0,0.0,906.39,0.0,0.0,0.0
CN8,64M,64,1,4,0,0,0,0,0,0,14.50,927.29,6548.42,0.0,0.0,0.0,817.01,0.0,0.0,0.0
CN8,64M,64,1,5,0,0,0,0,0,0,14.22,909.23,6551.12,0.0,0.0,0.0,817.88,0.0,0.0,0.0
CN8,64M,64,2,1,0,0,0,0,0,0,14.35,916.46,6116.62,0.0,0.0,0.0,763.77,0.0,0.0,0.0
CN8,64M,64,2,2,0,0,0,0,0,0,14.20,909.11,7027.82,0.0,0.0,0.0,877.4,0.0,0.0,0.0
CN8,64M,64,2,3,0,0,0,0,0,0,14.64,937.03,6501.3,0.0,0.0,0.0,811.73,0.0,0.0,0.0
CN8,64M,64,2,4,0,0,0,0,0,0,14.41,922.20,6676.39,0.0,0.0,0.0,833.63,0.0,0.0,0.0
CN8,64M,64,2,5,0,0,0,0,0,0,15.10,966.35,6681.32,0.0,0.0,0.0,834.19,0.0,0.0,0.0
CN8,64M,64,4,1,0,0,0,0,0,0,15.06,963.73,6461.48,0.0,0.0,0.0,806.81,0.0,0.0,0.0
CN8,64M,64,4,2,0,0,0,0,0,0,14.37,917.17,6593.02,0.0,0.0,0.0,822.56,0.0,0.0,0.0
CN8,64M,64,4,3,0,0,0,0,0,0,15.71,1005.25,7237.95,0.0,0.0,0.0,903.71,0.0,0.0,0.0
CN8,64M,64,4,4,0,0,0,0,0,0,15.62,999.01,6152.89,0.0,0.0,0.0,768.09,0.0,0.0,0.0
CN8,64M,64,4,5,0,0,0,0,0,0,14.96,956.41,7087.05,0.0,0.0,0.0,885.04,0.0,0.0,0.0
CN8,64M,64,8,1,0,0,0,0,0,0,14.26,912.14,6156.98,0.0,0.0,0.0,768.64,0.0,0.0,0.0
CN8,64M,64,8,2,0,0,0,0,0,0,13.94,892.04,6511.52,0.0,0.0,0.0,813.02,0.0,0.0,0.0
CN8,64M,64,8,3,0,0,0,0,0,0,14.66,938.37,6600.61,0.0,0.0,0.0,824.08,0.0,0.0,0.0
CN8,64M,64,8,4,0,0,0,0,0,0,15.54,994.27,6599.77,0.0,0.0,0.0,824.1,0.0,0.0,0.0
CN8,64M,64,8,5,0,0,0,0,0,0,14.78,945.83,6540.78,0.0,0.0,0.0,816.07,0.0,0.0,0.0
CN8,64M,64,16,1,0,0,0,0,0,0,14.38,920.35,6489.71,0.0,0.0,0.0,810.2,0.0,0.0,0.0
CN8,64M,64,16,2,0,0,0,0,0,0,15.10,966.19,7197.36,0.0,0.0,0.0,898.75,0.0,0.0,0.0
CN8,64M,64,16,3,0,0,0,0,0,0,14.23,910.20,6701.34,0.0,0.0,0.0,836.67,0.0,0.0,0.0
CN8,64M,64,16,4,0,0,0,0,0,0,14.30,915.04,6564.04,0.0,0.0,0.0,819.47,0.0,0.0,0.0
CN8,64M,64,16,5,0,0,0,0,0,0,13.60,870.71,6611.74,0.0,0.0,0.0,825.62,0.0,0.0,0.0
CN8,128M,32,1,1,0,0,0,0,0,0,7.68,982.55,8186.37,0.0,0.0,0.0,1022.07,0.0,0.0,0.0
CN8,128M,32,1,2,0,0,0,0,0,0,7.59,970.96,9047.76,0.0,0.0,0.0,1129.85,0.0,0.0,0.0
CN8,128M,32,1,3,0,0,0,0,0,0,7.61,973.39,8075.89,0.0,0.0,0.0,1007.68,0.0,0.0,0.0
CN8,128M,32,1,4,0,0,0,0,0,0,7.77,993.85,8080.5,0.0,0.0,0.0,1008.87,0.0,0.0,0.0
CN8,128M,32,1,5,0,0,0,0,0,0,7.38,944.61,8068.01,0.0,0.0,0.0,1007.27,0.0,0.0,0.0
CN8,128M,32,2,1,0,0,0,0,0,0,7.46,955.34,8243.22,0.0,0.0,0.0,1029.28,0.0,0.0,0.0
CN8,128M,32,2,2,0,0,0,0,0,0,7.70,966.51,9234.7,0.0,0.0,0.0,1152.97,0.0,0.0,0.0
CN8,128M,32,2,3,0,0,0,0,0,0,7.35,923.18,8048.94,0.0,0.0,0.0,1004.94,0.0,0.0,0.0
CN8,128M,32,2,4,0,0,0,0,0,0,7.96,1018.85,8875.16,0.0,0.0,0.0,1108.08,0.0,0.0,0.0
CN8,128M,32,2,5,0,0,0,0,0,0,8.10,1036.07,8072.46,0.0,0.0,0.0,1008.08,0.0,0.0,0.0
CN8,128M,32,4,1,0,0,0,0,0,0,7.71,986.36,8991.18,0.0,0.0,0.0,1121.88,0.0,0.0,0.0
CN8,128M,32,4,2,0,0,0,0,0,0,7.64,976.91,8218.48,0.0,0.0,0.0,1026.08,0.0,0.0,0.0
CN8,128M,32,4,3,0,0,0,0,0,0,7.99,1022.36,8990.76,0.0,0.0,0.0,1122.75,0.0,0.0,0.0
CN8,128M,32,4,4,0,0,0,0,0,0,7.52,953.76,9106.77,0.0,0.0,0.0,1136.98,0.0,0.0,0.0
CN8,128M,32,4,5,0,0,0,0,0,0,7.40,928.30,8247.0,0.0,0.0,0.0,1029.68,0.0,0.0,0.0
CN8,128M,32,8,1,0,0,0,0,0,0,7.56,967.25,8149.01,0.0,0.0,0.0,1017.68,0.0,0.0,0.0
CN8,128M,32,8,2,0,0,0,0,0,0,7.52,938.13,8992.69,0.0,0.0,0.0,1122.76,0.0,0.0,0.0
CN8,128M,32,8,3,0,0,0,0,0,0,7.63,976.31,8203.83,0.0,0.0,0.0,1024.49,0.0,0.0,0.0
CN8,128M,32,8,4,0,0,0,0,0,0,7.53,963.16,8894.71,0.0,0.0,0.0,1109.89,0.0,0.0,0.0
CN8,128M,32,8,5,0,0,0,0,0,0,6.40,818.37,8673.35,0.0,0.0,0.0,1082.92,0.0,0.0,0.0
CN8,128M,32,16,1,0,0,0,0,0,0,8.11,1036.67,8132.16,0.0,0.0,0.0,1015.29,0.0,0.0,0.0
CN8,128M,32,16,2,0,0,0,0,0,0,7.38,944.36,8020.97,0.0,0.0,0.0,1001.69,0.0,0.0,0.0
CN8,128M,32,16,3,0,0,0,0,0,0,7.56,966.83,9263.42,0.0,0.0,0.0,1156.55,0.0,0.0,0.0
CN8,128M,32,16,4,0,0,0,0,0,0,8.04,1027.30,9008.55,0.0,0.0,0.0,1124.99,0.0,0.0,0.0
CN8,128M,32,16,5,0,0,0,0,0,0,7.57,968.14,8048.4,0.0,0.0,0.0,1004.89,0.0,0.0,0.0
CN8,128M,64,1,1,0,0,0,0,0,0,5.47,700.41,10363.24,0.0,0.0,0.0,1294.02,0.0,0.0,0.0
CN8,128M,64,1,2,0,0,0,0,0,0,5.52,706.27,10433.35,0.0,0.0,0.0,1302.42,0.0,0.0,0.0
CN8,128M,64,1,3,0,0,0,0,0,0,5.55,710.27,10369.89,0.0,0.0,0.0,1294.79,0.0,0.0,0.0
CN8,128M,64,1,4,0,0,0,0,0,0,5.66,724.88,10427.09,0.0,0.0,0.0,1302.03,0.0,0.0,0.0
CN8,128M,64,1,5,0,0,0,0,0,0,5.60,716.77,10337.91,0.0,0.0,0.0,1290.79,0.0,0.0,0.0
CN8,128M,64,2,1,0,0,0,0,0,0,5.52,706.05,10388.45,0.0,0.0,0.0,1297.08,0.0,0.0,0.0
CN8,128M,64,2,2,0,0,0,0,0,0,5.48,701.99,9810.3,0.0,0.0,0.0,1225.03,0.0,0.0,0.0
CN8,128M,64,2,3,0,0,0,0,0,0,7.48,957.20,2152.27,0.0,0.0,0.0,268.7,0.0,0.0,0.0
CN8,128M,64,2,4,0,0,0,0,0,0,5.71,730.57,9242.59,0.0,0.0,0.0,1153.96,0.0,0.0,0.0
CN8,128M,64,2,5,0,0,0,0,0,0,5.40,691.34,9832.7,0.0,0.0,0.0,1227.41,0.0,0.0,0.0
CN8,128M,64,4,1,0,0,0,0,0,0,5.53,708.26,9453.29,0.0,0.0,0.0,1180.3,0.0,0.0,0.0
CN8,128M,64,4,2,0,0,0,0,0,0,5.46,698.97,9915.91,0.0,0.0,0.0,1238.13,0.0,0.0,0.0
CN8,128M,64,4,3,0,0,0,0,0,0,5.83,746.05,10448.87,0.0,0.0,0.0,1304.71,0.0,0.0,0.0
CN8,128M,64,4,4,0,0,0,0,0,0,5.66,723.79,9853.43,0.0,0.0,0.0,1230.31,0.0,0.0,0.0
CN8,128M,64,4,5,0,0,0,0,0,0,5.43,694.69,10419.32,0.0,0.0,0.0,1301.09,0.0,0.0,0.0
CN8,128M,64,8,1,0,0,0,0,0,0,5.65,722.64,10504.67,0.0,0.0,0.0,1311.58,0.0,0.0,0.0
CN8,128M,64,8,2,0,0,0,0,0,0,5.78,739.89,9991.2,0.0,0.0,0.0,1247.6,0.0,0.0,0.0
CN8,128M,64,8,3,0,0,0,0,0,0,5.41,692.66,9854.48,0.0,0.0,0.0,1230.15,0.0,0.0,0.0
CN8,128M,64,8,4,0,0,0,0,0,0,5.81,743.97,10331.04,0.0,0.0,0.0,1289.87,0.0,0.0,0.0
CN8,128M,64,8,5,0,0,0,0,0,0,5.41,692.55,9893.59,0.0,0.0,0.0,1235.41,0.0,0.0,0.0
CN8,128M,64,16,1,0,0,0,0,0,0,5.58,714.37,10497.02,0.0,0.0,0.0,1310.63,0.0,0.0,0.0
CN8,128M,64,16,2,0,0,0,0,0,0,5.56,711.96,9946.48,0.0,0.0,0.0,1241.96,0.0,0.0,0.0
CN8,128M,64,16,3,0,0,0,0,0,0,5.60,717.25,10385.95,0.0,0.0,0.0,1296.91,0.0,0.0,0.0
CN8,128M,64,16,4,0,0,0,0,0,0,5.53,708.03,10342.77,0.0,0.0,0.0,1291.39,0.0,0.0,0.0
CN8,128M,64,16,5,0,0,0,0,0,0,5.49,701.99,9886.7,0.0,0.0,0.0,1234.51,0.0,0.0,0.0
CN8,256M,32,1,1,0,0,0,0,0,0,2.76,706.17,11234.25,0.0,0.0,0.0,1402.3,0.0,0.0,0.0
CN8,256M,32,1,2,0,0,0,0,0,0,2.86,732.65,11146.31,0.0,0.0,0.0,1391.75,0.0,0.0,0.0
CN8,256M,32,1,3,0,0,0,0,0,0,2.86,732.32,11794.45,0.0,0.0,0.0,1472.63,0.0,0.0,0.0
CN8,256M,32,1,4,0,0,0,0,0,0,2.83,725.25,11123.71,0.0,0.0,0.0,1389.02,0.0,0.0,0.0
CN8,256M,32,1,5,0,0,0,0,0,0,2.74,702.53,11753.26,0.0,0.0,0.0,1467.52,0.0,0.0,0.0
CN8,256M,32,2,1,0,0,0,0,0,0,2.87,735.12,11798.5,0.0,0.0,0.0,1473.08,0.0,0.0,0.0
CN8,256M,32,2,2,0,0,0,0,0,0,2.83,724.89,11163.48,0.0,0.0,0.0,1393.87,0.0,0.0,0.0
CN8,256M,32,2,3,0,0,0,0,0,0,2.85,729.60,11150.87,0.0,0.0,0.0,1392.4,0.0,0.0,0.0
CN8,256M,32,2,4,0,0,0,0,0,0,2.85,729.94,11777.43,0.0,0.0,0.0,1470.21,0.0,0.0,0.0
CN8,256M,32,2,5,0,0,0,0,0,0,2.77,707.66,11168.42,0.0,0.0,0.0,1394.5,0.0,0.0,0.0
CN8,256M,32,4,1,0,0,0,0,0,0,2.79,715.30,11770.12,0.0,0.0,0.0,1469.75,0.0,0.0,0.0
CN8,256M,32,4,2,0,0,0,0,0,0,2.85,729.96,11819.08,0.0,0.0,0.0,1475.76,0.0,0.0,0.0
CN8,256M,32,4,3,0,0,0,0,0,0,2.84,726.58,11894.65,0.0,0.0,0.0,1485.1,0.0,0.0,0.0
CN8,256M,32,4,4,0,0,0,0,0,0,2.76,707.38,11187.84,0.0,0.0,0.0,1397.04,0.0,0.0,0.0
CN8,256M,32,4,5,0,0,0,0,0,0,2.81,719.96,10592.21,0.0,0.0,0.0,1322.58,0.0,0.0,0.0
CN8,256M,32,8,1,0,0,0,0,0,0,2.79,715.13,11272.08,0.0,0.0,0.0,1407.57,0.0,0.0,0.0
CN8,256M,32,8,2,0,0,0,0,0,0,2.77,707.82,11140.05,0.0,0.0,0.0,1390.58,0.0,0.0,0.0
CN8,256M,32,8,3,0,0,0,0,0,0,2.81,718.72,11234.11,0.0,0.0,0.0,1402.72,0.0,0.0,0.0
CN8,256M,32,8,4,0,0,0,0,0,0,2.83,723.98,11214.8,0.0,0.0,0.0,1400.22,0.0,0.0,0.0
CN8,256M,32,8,5,0,0,0,0,0,0,2.84,727.72,11175.71,0.0,0.0,0.0,1395.57,0.0,0.0,0.0
CN8,256M,32,16,1,0,0,0,0,0,0,2.84,726.50,11158.41,0.0,0.0,0.0,1393.26,0.0,0.0,0.0
CN8,256M,32,16,2,0,0,0,0,0,0,2.83,723.23,11866.17,0.0,0.0,0.0,1481.77,0.0,0.0,0.0
CN8,256M,32,16,3,0,0,0,0,0,0,2.85,730.09,11840.68,0.0,0.0,0.0,1478.44,0.0,0.0,0.0
CN8,256M,32,16,4,0,0,0,0,0,0,2.84,726.50,11834.42,0.0,0.0,0.0,1477.78,0.0,0.0,0.0
CN8,256M,32,16,5,0,0,0,0,0,0,2.88,737.66,11751.21,0.0,0.0,0.0,1466.91,0.0,0.0,0.0
CN8,256M,64,1,1,0,0,0,0,0,0,2.50,639.61,12624.11,0.0,0.0,0.0,1576.29,0.0,0.0,0.0
CN8,256M,64,1,2,0,0,0,0,0,0,2.47,631.99,12036.17,0.0,0.0,0.0,1502.88,0.0,0.0,0.0
CN8,256M,64,1,3,0,0,0,0,0,0,2.47,632.81,12657.53,0.0,0.0,0.0,1580.5,0.0,0.0,0.0
CN8,256M,64,1,4,0,0,0,0,0,0,2.45,626.11,12280.89,0.0,0.0,0.0,1533.45,0.0,0.0,0.0
CN8,256M,64,1,5,0,0,0,0,0,0,2.47,631.31,12283.78,0.0,0.0,0.0,1533.83,0.0,0.0,0.0
CN8,256M,64,2,1,0,0,0,0,0,0,2.57,656.03,12361.64,0.0,0.0,0.0,1543.48,0.0,0.0,0.0
CN8,256M,64,2,2,0,0,0,0,0,0,2.51,641.32,12054.29,0.0,0.0,0.0,1505.15,0.0,0.0,0.0
CN8,256M,64,2,3,0,0,0,0,0,0,2.48,634.66,12945.44,0.0,0.0,0.0,1616.21,0.0,0.0,0.0
CN8,256M,64,2,4,0,0,0,0,0,0,2.50,639.27,13030.24,0.0,0.0,0.0,1626.82,0.0,0.0,0.0
CN8,256M,64,2,5,0,0,0,0,0,0,2.52,644.36,12011.06,0.0,0.0,0.0,1499.79,0.0,0.0,0.0
CN8,256M,64,4,1,0,0,0,0,0,0,2.49,636.85,11994.27,0.0,0.0,0.0,1497.73,0.0,0.0,0.0
CN8,256M,64,4,2,0,0,0,0,0,0,2.51,641.85,11967.58,0.0,0.0,0.0,1494.15,0.0,0.0,0.0
CN8,256M,64,4,3,0,0,0,0,0,0,2.53,647.90,12379.4,0.0,0.0,0.0,1545.83,0.0,0.0,0.0
CN8,256M,64,4,4,0,0,0,0,0,0,2.51,643.30,12932.32,0.0,0.0,0.0,1614.81,0.0,0.0,0.0
CN8,256M,64,4,5,0,0,0,0,0,0,2.47,632.71,12645.53,0.0,0.0,0.0,1579.05,0.0,0.0,0.0
CN8,256M,64,8,1,0,0,0,0,0,0,2.49,637.37,12689.1,0.0,0.0,0.0,1584.22,0.0,0.0,0.0
CN8,256M,64,8,2,0,0,0,0,0,0,2.53,648.48,11791.28,0.0,0.0,0.0,1472.25,0.0,0.0,0.0
CN8,256M,64,8,3,0,0,0,0,0,0,2.52,644.36,12001.25,0.0,0.0,0.0,1498.6,0.0,0.0,0.0
CN8,256M,64,8,4,0,0,0,0,0,0,2.49,637.12,12638.6,0.0,0.0,0.0,1578.12,0.0,0.0,0.0
CN8,256M,64,8,5,0,0,0,0,0,0,2.46,628.97,12637.03,0.0,0.0,0.0,1577.91,0.0,0.0,0.0
CN8,256M,64,16,1,0,0,0,0,0,0,2.52,644.25,12630.52,0.0,0.0,0.0,1577.17,0.0,0.0,0.0
CN8,256M,64,16,2,0,0,0,0,0,0,2.46,628.52,12057.16,0.0,0.0,0.0,1505.51,0.0,0.0,0.0
CN8,256M,64,16,3,0,0,0,0,0,0,2.50,637.87,12629.34,0.0,0.0,0.0,1576.97,0.0,0.0,0.0
CN8,256M,64,16,4,0,0,0,0,0,0,2.44,624.28,12991.64,0.0,0.0,0.0,1621.98,0.0,0.0,0.0
CN8,256M,64,16,5,0,0,0,0,0,0,2.50,639.35,12587.77,0.0,0.0,0.0,1571.81,0.0,0.0,0.0
