0829-1147
CN9,1M,1,32,1,0,0,0,0,0,0,594.09,372.30,90.53,0.0,0.0,0.0,11.8,0.0,0.0,0.0
CN9,1M,1,32,2,0,0,0,0,0,0,694.77,346.32,90.53,0.0,0.0,0.0,11.8,0.0,0.0,0.0
CN9,1M,1,32,3,0,0,0,0,0,0,717.83,355.54,111.53,0.0,0.0,0.0,11.8,0.0,0.0,0.0
CN9,1M,1,32,4,0,0,0,0,0,0,717.96,431.02,60.35,0.0,0.0,0.0,7.87,0.0,0.0,0.0
CN9,1M,1,32,5,0,0,0,0,0,0,695.80,355.51,90.52,0.0,0.0,0.0,11.8,0.0,0.0,0.0
CN9,1M,1,64,1,0,0,0,0,0,0,552.32,309.61,90.52,0.0,0.0,0.0,11.8,0.0,0.0,0.0
CN9,1M,1,64,2,0,0,0,0,0,0,719.68,435.09,60.68,0.0,0.0,0.0,7.86,0.0,0.0,0.0
CN9,1M,1,64,3,0,0,0,0,0,0,267.02,210.58,101.51,0.0,0.0,0.0,13.05,0.0,0.0,0.0
CN9,1M,1,64,4,0,0,0,0,0,0,716.73,430.63,90.51,0.0,0.0,0.0,11.8,0.0,0.0,0.0
CN9,1M,1,64,5,0,0,0,0,0,0,738.82,440.49,90.5,0.0,0.0,0.0,11.8,0.0,0.0,0.0
CN9,1M,2,32,1,0,0,0,0,0,0,353.70,301.19,115.5,0.0,0.0,0.0,13.3,0.0,0.0,0.0
CN9,1M,2,32,2,0,0,0,0,0,0,363.87,301.81,72.67,0.0,0.0,0.0,8.86,0.0,0.0,0.0
CN9,1M,2,32,3,0,0,0,0,0,0,346.25,279.15,102.5,0.0,0.0,0.0,13.29,0.0,0.0,0.0
CN9,1M,2,32,4,0,0,0,0,0,0,325.58,281.45,68.33,0.0,0.0,0.0,8.86,0.0,0.0,0.0
CN9,1M,2,32,5,0,0,0,0,0,0,339.81,274.83,68.33,0.0,0.0,0.0,8.86,0.0,0.0,0.0
CN9,1M,2,64,1,0,0,0,0,0,0,347.76,278.16,102.49,0.0,0.0,0.0,13.29,0.0,0.0,0.0
CN9,1M,2,64,2,0,0,0,0,0,0,357.88,292.91,68.66,0.0,0.0,0.0,8.86,0.0,0.0,0.0
CN9,1M,2,64,3,0,0,0,0,0,0,329.61,267.69,102.48,0.0,0.0,0.0,13.29,0.0,0.0,0.0
CN9,1M,2,64,4,0,0,0,0,0,0,346.11,298.48,116.98,0.0,0.0,0.0,13.29,0.0,0.0,0.0
CN9,1M,2,64,5,0,0,0,0,0,0,358.99,305.18,102.48,0.0,0.0,0.0,13.29,0.0,0.0,0.0
CN9,1M,4,32,1,0,0,0,0,0,0,663.55,520.68,102.48,0.0,0.0,0.0,13.29,0.0,0.0,0.0
CN9,1M,4,32,2,0,0,0,0,0,0,653.67,529.42,102.47,0.0,0.0,0.0,13.29,0.0,0.0,0.0
CN9,1M,4,32,3,0,0,0,0,0,0,634.01,552.54,102.47,0.0,0.0,0.0,13.29,0.0,0.0,0.0
CN9,1M,4,32,4,0,0,0,0,0,0,631.98,498.59,102.47,0.0,0.0,0.0,13.29,0.0,0.0,0.0
CN9,1M,4,32,5,0,0,0,0,0,0,619.82,543.04,102.97,0.0,0.0,0.0,13.29,0.0,0.0,0.0
CN9,1M,4,64,1,0,0,0,0,0,0,714.26,572.66,102.47,0.0,0.0,0.0,13.29,0.0,0.0,0.0
CN9,1M,4,64,2,0,0,0,0,0,0,637.24,561.88,77.31,0.0,0.0,0.0,8.86,0.0,0.0,0.0
CN9,1M,4,64,3,0,0,0,0,0,0,627.35,521.18,68.31,0.0,0.0,0.0,8.86,0.0,0.0,0.0
CN9,1M,4,64,4,0,0,0,0,0,0,675.19,582.97,68.31,0.0,0.0,0.0,8.86,0.0,0.0,0.0
CN9,1M,4,64,5,0,0,0,0,0,0,647.09,490.02,104.46,0.0,0.0,0.0,13.31,0.0,0.0,0.0
CN9,1M,8,32,1,0,0,0,0,0,0,1000.67,889.07,102.45,0.0,0.0,0.0,13.29,0.0,0.0,0.0
CN9,1M,8,32,2,0,0,0,0,0,0,1158.45,1021.26,68.64,0.0,0.0,0.0,8.86,0.0,0.0,0.0
CN9,1M,8,32,3,0,0,0,0,0,0,1218.61,1033.94,102.45,0.0,0.0,0.0,13.29,0.0,0.0,0.0
CN9,1M,8,32,4,0,0,0,0,0,0,1031.46,920.38,102.45,0.0,0.0,0.0,13.29,0.0,0.0,0.0
CN9,1M,8,32,5,0,0,0,0,0,0,1191.61,1045.67,116.44,0.0,0.0,0.0,13.29,0.0,0.0,0.0
CN9,1M,8,64,1,0,0,0,0,0,0,1147.36,1013.91,102.44,0.0,0.0,0.0,13.29,0.0,0.0,0.0
CN9,1M,8,64,2,0,0,0,0,0,0,1167.84,1030.13,68.63,0.0,0.0,0.0,8.86,0.0,0.0,0.0
CN9,1M,8,64,3,0,0,0,0,0,0,1053.55,937.41,68.29,0.0,0.0,0.0,8.86,0.0,0.0,0.0
CN9,1M,8,64,4,0,0,0,0,0,0,1054.28,943.26,68.29,0.0,0.0,0.0,8.86,0.0,0.0,0.0
CN9,1M,8,64,5,0,0,0,0,0,0,1043.33,923.35,102.44,0.0,0.0,0.0,13.29,0.0,0.0,0.0
CN9,1M,16,32,1,0,0,0,0,0,0,1137.30,1064.56,81.62,0.0,0.0,0.0,10.52,0.0,0.0,0.0
CN9,1M,16,32,2,0,0,0,0,0,0,1583.39,1394.24,68.29,0.0,0.0,0.0,8.86,0.0,0.0,0.0
CN9,1M,16,32,3,0,0,0,0,0,0,1391.75,1291.00,115.92,0.0,0.0,0.0,13.29,0.0,0.0,0.0
CN9,1M,16,32,4,0,0,0,0,0,0,849.45,807.07,3.79,0.0,0.0,0.0,0.45,0.0,0.0,0.0
CN9,1M,16,32,5,0,0,0,0,0,0,1447.72,1289.32,224.41,0.0,0.0,0.0,28.02,0.0,0.0,0.0
CN9,1M,16,64,1,0,0,0,0,0,0,702.10,655.60,102.41,0.0,0.0,0.0,13.28,0.0,0.0,0.0
CN9,1M,16,64,2,0,0,0,0,0,0,1357.46,1216.95,102.41,0.0,0.0,0.0,13.28,0.0,0.0,0.0
CN9,1M,16,64,3,0,0,0,0,0,0,765.29,731.11,161.91,0.0,0.0,0.0,20.47,0.0,0.0,0.0
CN9,1M,16,64,4,0,0,0,0,0,0,1480.42,1316.97,143.93,0.0,0.0,0.0,17.75,0.0,0.0,0.0
CN9,1M,16,64,5,0,0,0,0,0,0,1394.44,1292.69,102.4,0.0,0.0,0.0,13.28,0.0,0.0,0.0
CN9,2M,1,32,1,0,0,0,0,0,0,440.39,566.26,107.39,0.0,0.0,0.0,11.78,0.0,0.0,0.0
CN9,2M,1,32,2,0,0,0,0,0,0,416.51,595.40,60.26,0.0,0.0,0.0,7.85,0.0,0.0,0.0
CN9,2M,1,32,3,0,0,0,0,0,0,175.80,302.73,65.88,0.0,0.0,0.0,8.37,0.0,0.0,0.0
CN9,2M,1,32,4,0,0,0,0,0,0,383.11,572.25,90.39,0.0,0.0,0.0,11.78,0.0,0.0,0.0
CN9,2M,1,32,5,0,0,0,0,0,0,413.60,602.89,90.39,0.0,0.0,0.0,11.78,0.0,0.0,0.0
CN9,2M,1,64,1,0,0,0,0,0,0,417.88,606.29,60.92,0.0,0.0,0.0,7.86,0.0,0.0,0.0
CN9,2M,1,64,2,0,0,0,0,0,0,183.78,292.18,96.38,0.0,0.0,0.0,12.53,0.0,0.0,0.0
CN9,2M,1,64,3,0,0,0,0,0,0,416.02,548.60,90.38,0.0,0.0,0.0,11.78,0.0,0.0,0.0
CN9,2M,1,64,4,0,0,0,0,0,0,424.95,601.94,110.38,0.0,0.0,0.0,12.74,0.0,0.0,0.0
CN9,2M,1,64,5,0,0,0,0,0,0,422.69,530.89,60.25,0.0,0.0,0.0,7.85,0.0,0.0,0.0
CN9,2M,2,32,1,0,0,0,0,0,0,184.39,326.39,116.37,0.0,0.0,0.0,14.8,0.0,0.0,0.0
CN9,2M,2,32,2,0,0,0,0,0,0,191.61,343.79,114.37,0.0,0.0,0.0,14.78,0.0,0.0,0.0
CN9,2M,2,32,3,0,0,0,0,0,0,185.17,335.69,114.37,0.0,0.0,0.0,14.78,0.0,0.0,0.0
CN9,2M,2,32,4,0,0,0,0,0,0,198.31,356.23,76.24,0.0,0.0,0.0,9.85,0.0,0.0,0.0
CN9,2M,2,32,5,0,0,0,0,0,0,201.56,370.75,114.36,0.0,0.0,0.0,14.78,0.0,0.0,0.0
CN9,2M,2,64,1,0,0,0,0,0,0,208.86,381.38,114.36,0.0,0.0,0.0,14.78,0.0,0.0,0.0
CN9,2M,2,64,2,0,0,0,0,0,0,203.88,362.59,126.86,0.0,0.0,0.0,14.78,0.0,0.0,0.0
CN9,2M,2,64,3,0,0,0,0,0,0,208.55,343.82,76.24,0.0,0.0,0.0,9.85,0.0,0.0,0.0
CN9,2M,2,64,4,0,0,0,0,0,0,202.49,372.01,76.24,0.0,0.0,0.0,9.85,0.0,0.0,0.0
CN9,2M,2,64,5,0,0,0,0,0,0,202.59,368.95,116.35,0.0,0.0,0.0,14.8,0.0,0.0,0.0
CN9,2M,4,32,1,0,0,0,0,0,0,369.27,681.64,114.35,0.0,0.0,0.0,14.77,0.0,0.0,0.0
CN9,2M,4,32,2,0,0,0,0,0,0,393.79,724.34,76.56,0.0,0.0,0.0,9.85,0.0,0.0,0.0
CN9,2M,4,32,3,0,0,0,0,0,0,365.19,668.31,114.84,0.0,0.0,0.0,14.77,0.0,0.0,0.0
CN9,2M,4,32,4,0,0,0,0,0,0,376.86,690.07,114.34,0.0,0.0,0.0,14.77,0.0,0.0,0.0
CN9,2M,4,32,5,0,0,0,0,0,0,369.55,676.17,126.34,0.0,0.0,0.0,14.77,0.0,0.0,0.0
CN9,2M,4,64,1,0,0,0,0,0,0,370.43,669.94,76.22,0.0,0.0,0.0,9.85,0.0,0.0,0.0
CN9,2M,4,64,2,0,0,0,0,0,0,380.50,672.11,114.33,0.0,0.0,0.0,14.77,0.0,0.0,0.0
CN9,2M,4,64,3,0,0,0,0,0,0,379.87,677.09,114.33,0.0,0.0,0.0,14.77,0.0,0.0,0.0
CN9,2M,4,64,4,0,0,0,0,0,0,396.35,726.87,76.22,0.0,0.0,0.0,9.85,0.0,0.0,0.0
CN9,2M,4,64,5,0,0,0,0,0,0,371.05,683.08,114.33,0.0,0.0,0.0,14.77,0.0,0.0,0.0
CN9,2M,8,32,1,0,0,0,0,0,0,664.06,1161.82,114.33,0.0,0.0,0.0,14.77,0.0,0.0,0.0
CN9,2M,8,32,2,0,0,0,0,0,0,574.37,1077.88,76.55,0.0,0.0,0.0,9.85,0.0,0.0,0.0
CN9,2M,8,32,3,0,0,0,0,0,0,614.51,1081.44,128.32,0.0,0.0,0.0,14.77,0.0,0.0,0.0
CN9,2M,8,32,4,0,0,0,0,0,0,640.79,1158.87,76.21,0.0,0.0,0.0,9.85,0.0,0.0,0.0
CN9,2M,8,32,5,0,0,0,0,0,0,579.84,1054.11,118.81,0.0,0.0,0.0,14.86,0.0,0.0,0.0
CN9,2M,8,64,1,0,0,0,0,0,0,650.90,1208.30,158.31,0.0,0.0,0.0,20.08,0.0,0.0,0.0
CN9,2M,8,64,2,0,0,0,0,0,0,565.98,1011.59,115.31,0.0,0.0,0.0,14.77,0.0,0.0,0.0
CN9,2M,8,64,3,0,0,0,0,0,0,429.27,798.37,114.21,0.0,0.0,0.0,14.49,0.0,0.0,0.0
CN9,2M,8,64,4,0,0,0,0,0,0,639.73,1143.47,115.31,0.0,0.0,0.0,14.77,0.0,0.0,0.0
CN9,2M,8,64,5,0,0,0,0,0,0,680.38,1165.91,216.81,0.0,0.0,0.0,26.79,0.0,0.0,0.0
CN9,2M,16,32,1,0,0,0,0,0,0,437.60,841.33,116.2,0.0,0.0,0.0,13.54,0.0,0.0,0.0
CN9,2M,16,32,2,0,0,0,0,0,0,591.62,1131.12,228.87,0.0,0.0,0.0,27.58,0.0,0.0,0.0
CN9,2M,16,32,3,0,0,0,0,0,0,727.06,1367.34,135.53,0.0,0.0,0.0,16.73,0.0,0.0,0.0
CN9,2M,16,32,4,0,0,0,0,0,0,611.92,1162.01,144.86,0.0,0.0,0.0,18.0,0.0,0.0,0.0
CN9,2M,16,32,5,0,0,0,0,0,0,583.48,1115.10,299.79,0.0,0.0,0.0,36.47,0.0,0.0,0.0
CN9,2M,16,64,1,0,0,0,0,0,0,827.18,1552.67,89.65,0.0,0.0,0.0,11.23,0.0,0.0,0.0
CN9,2M,16,64,2,0,0,0,0,0,0,610.00,1161.13,191.19,0.0,0.0,0.0,23.05,0.0,0.0,0.0
CN9,2M,16,64,3,0,0,0,0,0,0,395.03,761.09,199.19,0.0,0.0,0.0,24.61,0.0,0.0,0.0
CN9,2M,16,64,4,0,0,0,0,0,0,739.81,1402.07,178.86,0.0,0.0,0.0,20.79,0.0,0.0,0.0
CN9,2M,16,64,5,0,0,0,0,0,0,599.52,1157.59,118.52,0.0,0.0,0.0,14.55,0.0,0.0,0.0
CN9,4M,1,32,1,0,0,0,0,0,0,225.55,712.74,138.28,0.0,0.0,0.0,17.77,0.0,0.0,0.0
CN9,4M,1,32,2,0,0,0,0,0,0,227.19,747.98,138.28,0.0,0.0,0.0,17.77,0.0,0.0,0.0
CN9,4M,1,32,3,0,0,0,0,0,0,242.17,743.70,92.18,0.0,0.0,0.0,11.84,0.0,0.0,0.0
CN9,4M,1,32,4,0,0,0,0,0,0,226.78,693.24,138.27,0.0,0.0,0.0,17.76,0.0,0.0,0.0
CN9,4M,1,32,5,0,0,0,0,0,0,223.17,684.11,138.77,0.0,0.0,0.0,17.76,0.0,0.0,0.0
CN9,4M,1,64,1,0,0,0,0,0,0,241.50,789.70,138.26,0.0,0.0,0.0,17.76,0.0,0.0,0.0
CN9,4M,1,64,2,0,0,0,0,0,0,212.69,712.56,152.26,0.0,0.0,0.0,17.76,0.0,0.0,0.0
CN9,4M,1,64,3,0,0,0,0,0,0,240.49,788.66,92.17,0.0,0.0,0.0,11.84,0.0,0.0,0.0
CN9,4M,1,64,4,0,0,0,0,0,0,230.18,698.41,138.26,0.0,0.0,0.0,17.76,0.0,0.0,0.0
CN9,4M,1,64,5,0,0,0,0,0,0,219.09,701.74,140.26,0.0,0.0,0.0,17.79,0.0,0.0,0.0
CN9,4M,2,32,1,0,0,0,0,0,0,114.21,432.91,186.25,0.0,0.0,0.0,23.76,0.0,0.0,0.0
CN9,4M,2,32,2,0,0,0,0,0,0,111.36,424.32,186.25,0.0,0.0,0.0,23.76,0.0,0.0,0.0
CN9,4M,2,32,3,0,0,0,0,0,0,109.62,417.35,186.75,0.0,0.0,0.0,23.76,0.0,0.0,0.0
CN9,4M,2,32,4,0,0,0,0,0,0,103.15,394.75,125.17,0.0,0.0,0.0,15.84,0.0,0.0,0.0
CN9,4M,2,32,5,0,0,0,0,0,0,99.50,373.80,134.16,0.0,0.0,0.0,15.84,0.0,0.0,0.0
CN9,4M,2,64,1,0,0,0,0,0,0,101.20,377.07,124.16,0.0,0.0,0.0,15.84,0.0,0.0,0.0
CN9,4M,2,64,2,0,0,0,0,0,0,98.97,372.03,124.16,0.0,0.0,0.0,15.84,0.0,0.0,0.0
CN9,4M,2,64,3,0,0,0,0,0,0,112.54,427.86,186.24,0.0,0.0,0.0,23.76,0.0,0.0,0.0
CN9,4M,2,64,4,0,0,0,0,0,0,102.90,380.60,124.16,0.0,0.0,0.0,15.84,0.0,0.0,0.0
CN9,4M,2,64,5,0,0,0,0,0,0,91.31,350.55,124.16,0.0,0.0,0.0,15.84,0.0,0.0,0.0
CN9,4M,4,32,1,0,0,0,0,0,0,187.84,718.42,234.23,0.0,0.0,0.0,29.76,0.0,0.0,0.0
CN9,4M,4,32,2,0,0,0,0,0,0,209.65,775.96,218.23,0.0,0.0,0.0,27.76,0.0,0.0,0.0
CN9,4M,4,32,3,0,0,0,0,0,0,180.45,690.78,166.15,0.0,0.0,0.0,19.84,0.0,0.0,0.0
CN9,4M,4,32,4,0,0,0,0,0,0,192.05,734.06,250.22,0.0,0.0,0.0,31.76,0.0,0.0,0.0
CN9,4M,4,32,5,0,0,0,0,0,0,196.27,716.23,218.22,0.0,0.0,0.0,27.76,0.0,0.0,0.0
CN9,4M,4,64,1,0,0,0,0,0,0,216.33,824.03,234.22,0.0,0.0,0.0,29.76,0.0,0.0,0.0
CN9,4M,4,64,2,0,0,0,0,0,0,182.32,685.18,250.22,0.0,0.0,0.0,31.76,0.0,0.0,0.0
CN9,4M,4,64,3,0,0,0,0,0,0,190.21,719.57,234.22,0.0,0.0,0.0,29.76,0.0,0.0,0.0
CN9,4M,4,64,4,0,0,0,0,0,0,199.63,763.89,156.14,0.0,0.0,0.0,19.84,0.0,0.0,0.0
CN9,4M,4,64,5,0,0,0,0,0,0,194.54,729.39,157.48,0.0,0.0,0.0,19.85,0.0,0.0,0.0
CN9,4M,8,32,1,0,0,0,0,0,0,293.48,1134.53,249.21,0.0,0.0,0.0,29.76,0.0,0.0,0.0
CN9,4M,8,32,2,0,0,0,0,0,0,293.34,1135.66,234.21,0.0,0.0,0.0,29.76,0.0,0.0,0.0
CN9,4M,8,32,3,0,0,0,0,0,0,366.79,1379.38,346.2,0.0,0.0,0.0,43.76,0.0,0.0,0.0
CN9,4M,8,32,4,0,0,0,0,0,0,381.55,1426.47,166.8,0.0,0.0,0.0,21.17,0.0,0.0,0.0
CN9,4M,8,32,5,0,0,0,0,0,0,296.17,1143.85,156.13,0.0,0.0,0.0,19.84,0.0,0.0,0.0
CN9,4M,8,64,1,0,0,0,0,0,0,288.86,1117.27,156.13,0.0,0.0,0.0,19.84,0.0,0.0,0.0
CN9,4M,8,64,2,0,0,0,0,0,0,318.40,1181.09,177.46,0.0,0.0,0.0,22.5,0.0,0.0,0.0
CN9,4M,8,64,3,0,0,0,0,0,0,301.23,1143.45,252.19,0.0,0.0,0.0,31.78,0.0,0.0,0.0
CN9,4M,8,64,4,0,0,0,0,0,0,387.13,1481.28,264.19,0.0,0.0,0.0,31.75,0.0,0.0,0.0
CN9,4M,8,64,5,0,0,0,0,0,0,319.74,1209.69,234.19,0.0,0.0,0.0,29.75,0.0,0.0,0.0
CN9,4M,16,32,1,0,0,0,0,0,0,415.80,1592.85,220.13,0.0,0.0,0.0,27.84,0.0,0.0,0.0
CN9,4M,16,32,2,0,0,0,0,0,0,410.10,1583.19,198.79,0.0,0.0,0.0,25.17,0.0,0.0,0.0
CN9,4M,16,32,3,0,0,0,0,0,0,374.66,1451.86,401.79,0.0,0.0,0.0,50.5,0.0,0.0,0.0
CN9,4M,16,32,4,0,0,0,0,0,0,295.53,1157.75,261.59,0.0,0.0,0.0,32.88,0.0,0.0,0.0
CN9,4M,16,32,5,0,0,0,0,0,0,399.15,1543.17,241.79,0.0,0.0,0.0,30.5,0.0,0.0,0.0
CN9,4M,16,64,1,0,0,0,0,0,0,402.19,1552.89,165.09,0.0,0.0,0.0,20.88,0.0,0.0,0.0
CN9,4M,16,64,2,0,0,0,0,0,0,398.81,1543.71,471.18,0.0,0.0,0.0,56.74,0.0,0.0,0.0
CN9,4M,16,64,3,0,0,0,0,0,0,392.70,1492.73,202.45,0.0,0.0,0.0,25.23,0.0,0.0,0.0
CN9,4M,16,64,4,0,0,0,0,0,0,429.29,1652.48,235.34,0.0,0.0,0.0,29.55,0.0,0.0,0.0
CN9,4M,16,64,5,0,0,0,0,0,0,338.69,1319.88,309.11,0.0,0.0,0.0,38.82,0.0,0.0,0.0
CN9,8M,1,32,1,0,0,0,0,0,0,71.83,524.89,186.17,0.0,0.0,0.0,23.75,0.0,0.0,0.0
CN9,8M,1,32,2,0,0,0,0,0,0,107.70,770.39,186.17,0.0,0.0,0.0,23.75,0.0,0.0,0.0
CN9,8M,1,32,3,0,0,0,0,0,0,116.90,813.28,186.67,0.0,0.0,0.0,23.75,0.0,0.0,0.0
CN9,8M,1,32,4,0,0,0,0,0,0,123.67,840.04,124.11,0.0,0.0,0.0,15.83,0.0,0.0,0.0
CN9,8M,1,32,5,0,0,0,0,0,0,113.82,813.07,202.16,0.0,0.0,0.0,23.75,0.0,0.0,0.0
CN9,8M,1,64,1,0,0,0,0,0,0,122.74,882.64,192.66,0.0,0.0,0.0,23.75,0.0,0.0,0.0
CN9,8M,1,64,2,0,0,0,0,0,0,111.86,782.63,186.16,0.0,0.0,0.0,23.75,0.0,0.0,0.0
CN9,8M,1,64,3,0,0,0,0,0,0,113.93,819.34,186.16,0.0,0.0,0.0,23.75,0.0,0.0,0.0
CN9,8M,1,64,4,0,0,0,0,0,0,127.91,894.86,186.15,0.0,0.0,0.0,23.75,0.0,0.0,0.0
CN9,8M,1,64,5,0,0,0,0,0,0,121.11,805.94,186.15,0.0,0.0,0.0,23.75,0.0,0.0,0.0
CN9,8M,2,32,1,0,0,0,0,0,0,75.46,583.60,282.14,0.0,0.0,0.0,35.75,0.0,0.0,0.0
CN9,8M,2,32,2,0,0,0,0,0,0,64.20,497.80,282.64,0.0,0.0,0.0,35.75,0.0,0.0,0.0
CN9,8M,2,32,3,0,0,0,0,0,0,61.89,476.37,197.76,0.0,0.0,0.0,23.83,0.0,0.0,0.0
CN9,8M,2,32,4,0,0,0,0,0,0,56.14,431.79,282.14,0.0,0.0,0.0,35.75,0.0,0.0,0.0
CN9,8M,2,32,5,0,0,0,0,0,0,73.93,569.88,191.43,0.0,0.0,0.0,23.89,0.0,0.0,0.0
CN9,8M,2,64,1,0,0,0,0,0,0,70.54,544.71,282.13,0.0,0.0,0.0,35.75,0.0,0.0,0.0
CN9,8M,2,64,2,0,0,0,0,0,0,73.93,563.41,282.13,0.0,0.0,0.0,35.75,0.0,0.0,0.0
CN9,8M,2,64,3,0,0,0,0,0,0,61.56,466.40,282.13,0.0,0.0,0.0,35.75,0.0,0.0,0.0
CN9,8M,2,64,4,0,0,0,0,0,0,59.47,458.70,282.13,0.0,0.0,0.0,35.75,0.0,0.0,0.0
CN9,8M,2,64,5,0,0,0,0,0,0,57.67,445.68,282.13,0.0,0.0,0.0,35.75,0.0,0.0,0.0
CN9,8M,4,32,1,0,0,0,0,0,0,127.29,971.68,241.75,0.0,0.0,0.0,29.16,0.0,0.0,0.0
CN9,8M,4,32,2,0,0,0,0,0,0,128.31,993.63,362.13,0.0,0.0,0.0,45.75,0.0,0.0,0.0
CN9,8M,4,32,3,0,0,0,0,0,0,139.25,1079.84,330.12,0.0,0.0,0.0,41.75,0.0,0.0,0.0
CN9,8M,4,32,4,0,0,0,0,0,0,125.26,971.04,346.12,0.0,0.0,0.0,43.75,0.0,0.0,0.0
CN9,8M,4,32,5,0,0,0,0,0,0,119.15,921.53,333.12,0.0,0.0,0.0,41.77,0.0,0.0,0.0
CN9,8M,4,64,1,0,0,0,0,0,0,132.18,1006.84,330.12,0.0,0.0,0.0,41.74,0.0,0.0,0.0
CN9,8M,4,64,2,0,0,0,0,0,0,117.01,906.82,330.12,0.0,0.0,0.0,41.74,0.0,0.0,0.0
CN9,8M,4,64,3,0,0,0,0,0,0,129.16,988.12,220.07,0.0,0.0,0.0,27.83,0.0,0.0,0.0
CN9,8M,4,64,4,0,0,0,0,0,0,133.60,1035.40,241.07,0.0,0.0,0.0,29.16,0.0,0.0,0.0
CN9,8M,4,64,5,0,0,0,0,0,0,105.69,811.63,330.11,0.0,0.0,0.0,41.74,0.0,0.0,0.0
CN9,8M,8,32,1,0,0,0,0,0,0,194.51,1499.86,358.74,0.0,0.0,0.0,45.16,0.0,0.0,0.0
CN9,8M,8,32,2,0,0,0,0,0,0,186.97,1448.67,634.11,0.0,0.0,0.0,79.74,0.0,0.0,0.0
CN9,8M,8,32,3,0,0,0,0,0,0,209.22,1618.46,426.11,0.0,0.0,0.0,53.74,0.0,0.0,0.0
CN9,8M,8,32,4,0,0,0,0,0,0,217.08,1684.21,522.1,0.0,0.0,0.0,65.74,0.0,0.0,0.0
CN9,8M,8,32,5,0,0,0,0,0,0,160.63,1260.46,570.1,0.0,0.0,0.0,71.74,0.0,0.0,0.0
CN9,8M,8,64,1,0,0,0,0,0,0,224.22,1728.13,570.1,0.0,0.0,0.0,71.74,0.0,0.0,0.0
CN9,8M,8,64,2,0,0,0,0,0,0,178.39,1375.53,372.73,0.0,0.0,0.0,45.16,0.0,0.0,0.0
CN9,8M,8,64,3,0,0,0,0,0,0,180.43,1406.03,378.1,0.0,0.0,0.0,47.74,0.0,0.0,0.0
CN9,8M,8,64,4,0,0,0,0,0,0,197.01,1520.70,554.6,0.0,0.0,0.0,69.74,0.0,0.0,0.0
CN9,8M,8,64,5,0,0,0,0,0,0,217.55,1673.89,673.59,0.0,0.0,0.0,83.74,0.0,0.0,0.0
CN9,8M,16,32,1,0,0,0,0,0,0,220.04,1738.72,733.06,0.0,0.0,0.0,91.83,0.0,0.0,0.0
CN9,8M,16,32,2,0,0,0,0,0,0,248.33,1958.13,606.04,0.0,0.0,0.0,75.87,0.0,0.0,0.0
CN9,8M,16,32,3,0,0,0,0,0,0,210.63,1663.00,466.8,0.0,0.0,0.0,57.89,0.0,0.0,0.0
CN9,8M,16,32,4,0,0,0,0,0,0,211.44,1662.76,525.79,0.0,0.0,0.0,65.87,0.0,0.0,0.0
CN9,8M,16,32,5,0,0,0,0,0,0,184.80,1454.58,694.39,0.0,0.0,0.0,85.16,0.0,0.0,0.0
CN9,8M,16,64,1,0,0,0,0,0,0,232.27,1824.76,679.53,0.0,0.0,0.0,85.14,0.0,0.0,0.0
CN9,8M,16,64,2,0,0,0,0,0,0,244.57,1914.55,727.39,0.0,0.0,0.0,90.49,0.0,0.0,0.0
CN9,8M,16,64,3,0,0,0,0,0,0,200.90,1588.48,775.72,0.0,0.0,0.0,97.16,0.0,0.0,0.0
CN9,8M,16,64,4,0,0,0,0,0,0,189.30,1490.22,610.05,0.0,0.0,0.0,75.83,0.0,0.0,0.0
CN9,8M,16,64,5,0,0,0,0,0,0,173.09,1360.16,690.05,0.0,0.0,0.0,86.49,0.0,0.0,0.0
CN9,16M,1,32,1,0,0,0,0,0,0,43.41,668.02,145.39,0.0,0.0,0.0,18.49,0.0,0.0,0.0
CN9,16M,1,32,2,0,0,0,0,0,0,61.73,905.35,218.07,0.0,0.0,0.0,27.74,0.0,0.0,0.0
CN9,16M,1,32,3,0,0,0,0,0,0,63.95,964.79,147.05,0.0,0.0,0.0,17.16,0.0,0.0,0.0
CN9,16M,1,32,4,0,0,0,0,0,0,59.97,910.74,134.72,0.0,0.0,0.0,17.16,0.0,0.0,0.0
CN9,16M,1,32,5,0,0,0,0,0,0,63.04,924.80,234.07,0.0,0.0,0.0,29.74,0.0,0.0,0.0
CN9,16M,1,64,1,0,0,0,0,0,0,64.40,973.13,234.07,0.0,0.0,0.0,29.74,0.0,0.0,0.0
CN9,16M,1,64,2,0,0,0,0,0,0,60.42,895.70,145.38,0.0,0.0,0.0,18.49,0.0,0.0,0.0
CN9,16M,1,64,3,0,0,0,0,0,0,56.61,845.48,234.06,0.0,0.0,0.0,29.74,0.0,0.0,0.0
CN9,16M,1,64,4,0,0,0,0,0,0,63.13,928.20,186.06,0.0,0.0,0.0,23.74,0.0,0.0,0.0
CN9,16M,1,64,5,0,0,0,0,0,0,62.48,921.27,202.06,0.0,0.0,0.0,25.74,0.0,0.0,0.0
CN9,16M,2,32,1,0,0,0,0,0,0,42.47,659.46,409.06,0.0,0.0,0.0,49.74,0.0,0.0,0.0
CN9,16M,2,32,2,0,0,0,0,0,0,33.15,517.62,410.06,0.0,0.0,0.0,51.74,0.0,0.0,0.0
CN9,16M,2,32,3,0,0,0,0,0,0,35.56,560.02,410.06,0.0,0.0,0.0,51.74,0.0,0.0,0.0
CN9,16M,2,32,4,0,0,0,0,0,0,32.33,509.75,263.03,0.0,0.0,0.0,33.16,0.0,0.0,0.0
CN9,16M,2,32,5,0,0,0,0,0,0,34.09,536.67,273.37,0.0,0.0,0.0,34.49,0.0,0.0,0.0
CN9,16M,2,64,1,0,0,0,0,0,0,32.53,509.83,426.05,0.0,0.0,0.0,53.74,0.0,0.0,0.0
CN9,16M,2,64,2,0,0,0,0,0,0,33.71,525.58,394.05,0.0,0.0,0.0,49.74,0.0,0.0,0.0
CN9,16M,2,64,3,0,0,0,0,0,0,32.10,498.26,426.55,0.0,0.0,0.0,53.73,0.0,0.0,0.0
CN9,16M,2,64,4,0,0,0,0,0,0,33.35,524.48,425.04,0.0,0.0,0.0,51.73,0.0,0.0,0.0
CN9,16M,2,64,5,0,0,0,0,0,0,32.32,509.21,265.69,0.0,0.0,0.0,33.22,0.0,0.0,0.0
CN9,16M,4,32,1,0,0,0,0,0,0,59.48,931.19,380.36,0.0,0.0,0.0,47.82,0.0,0.0,0.0
CN9,16M,4,32,2,0,0,0,0,0,0,63.03,984.78,634.53,0.0,0.0,0.0,79.73,0.0,0.0,0.0
CN9,16M,4,32,3,0,0,0,0,0,0,60.74,948.53,602.53,0.0,0.0,0.0,75.73,0.0,0.0,0.0
CN9,16M,4,32,4,0,0,0,0,0,0,59.08,917.48,359.02,0.0,0.0,0.0,45.16,0.0,0.0,0.0
CN9,16M,4,32,5,0,0,0,0,0,0,58.17,911.95,557.53,0.0,0.0,0.0,69.76,0.0,0.0,0.0
CN9,16M,4,64,1,0,0,0,0,0,0,57.35,898.16,391.02,0.0,0.0,0.0,49.16,0.0,0.0,0.0
CN9,16M,4,64,2,0,0,0,0,0,0,62.82,989.25,373.02,0.0,0.0,0.0,45.16,0.0,0.0,0.0
CN9,16M,4,64,3,0,0,0,0,0,0,55.69,871.62,444.35,0.0,0.0,0.0,55.82,0.0,0.0,0.0
CN9,16M,4,64,4,0,0,0,0,0,0,74.05,1161.54,545.02,0.0,0.0,0.0,67.73,0.0,0.0,0.0
CN9,16M,4,64,5,0,0,0,0,0,0,61.38,953.96,605.02,0.0,0.0,0.0,75.76,0.0,0.0,0.0
CN9,16M,8,32,1,0,0,0,0,0,0,113.90,1786.31,453.51,0.0,0.0,0.0,56.87,0.0,0.0,0.0
CN9,16M,8,32,2,0,0,0,0,0,0,99.13,1556.73,722.01,0.0,0.0,0.0,90.49,0.0,0.0,0.0
CN9,16M,8,32,3,0,0,0,0,0,0,96.73,1521.66,827.02,0.0,0.0,0.0,103.73,0.0,0.0,0.0
CN9,16M,8,32,4,0,0,0,0,0,0,106.54,1669.90,445.51,0.0,0.0,0.0,55.87,0.0,0.0,0.0
CN9,16M,8,32,5,0,0,0,0,0,0,114.52,1778.50,646.01,0.0,0.0,0.0,78.49,0.0,0.0,0.0
CN9,16M,8,64,1,0,0,0,0,0,0,115.99,1810.52,652.01,0.0,0.0,0.0,81.15,0.0,0.0,0.0
CN9,16M,8,64,2,0,0,0,0,0,0,102.67,1622.07,987.01,0.0,0.0,0.0,123.73,0.0,0.0,0.0
CN9,16M,8,64,3,0,0,0,0,0,0,103.82,1635.88,843.01,0.0,0.0,0.0,105.73,0.0,0.0,0.0
CN9,16M,8,64,4,0,0,0,0,0,0,117.31,1847.69,433.01,0.0,0.0,0.0,53.87,0.0,0.0,0.0
CN9,16M,8,64,5,0,0,0,0,0,0,124.27,1918.48,859.01,0.0,0.0,0.0,107.73,0.0,0.0,0.0
CN9,16M,16,32,1,0,0,0,0,0,0,92.61,1468.23,1389.67,0.0,0.0,0.0,173.32,0.0,0.0,0.0
CN9,16M,16,32,2,0,0,0,0,0,0,125.86,1992.46,984.01,0.0,0.0,0.0,123.24,0.0,0.0,0.0
CN9,16M,16,32,3,0,0,0,0,0,0,130.76,2075.69,978.26,0.0,0.0,0.0,120.94,0.0,0.0,0.0
CN9,16M,16,32,4,0,0,0,0,0,0,113.86,1808.89,1266.68,0.0,0.0,0.0,158.49,0.0,0.0,0.0
CN9,16M,16,32,5,0,0,0,0,0,0,115.25,1828.05,1356.34,0.0,0.0,0.0,169.15,0.0,0.0,0.0
CN9,16M,16,64,1,0,0,0,0,0,0,120.88,1913.97,978.67,0.0,0.0,0.0,122.49,0.0,0.0,0.0
CN9,16M,16,64,2,0,0,0,0,0,0,112.12,1778.30,998.34,0.0,0.0,0.0,124.32,0.0,0.0,0.0
CN9,16M,16,64,3,0,0,0,0,0,0,114.24,1816.07,1116.67,0.0,0.0,0.0,139.74,0.0,0.0,0.0
CN9,16M,16,64,4,0,0,0,0,0,0,106.57,1694.50,1161.51,0.0,0.0,0.0,144.87,0.0,0.0,0.0
CN9,16M,16,64,5,0,0,0,0,0,0,100.02,1589.72,1516.34,0.0,0.0,0.0,189.39,0.0,0.0,0.0
CN9,32M,1,32,1,0,0,0,0,0,0,32.88,1021.24,304.51,0.0,0.0,0.0,35.73,0.0,0.0,0.0
CN9,32M,1,32,2,0,0,0,0,0,0,31.54,981.78,289.01,0.0,0.0,0.0,35.73,0.0,0.0,0.0
CN9,32M,1,32,3,0,0,0,0,0,0,30.47,946.64,188.01,0.0,0.0,0.0,23.82,0.0,0.0,0.0
CN9,32M,1,32,4,0,0,0,0,0,0,32.03,978.78,282.0,0.0,0.0,0.0,35.73,0.0,0.0,0.0
CN9,32M,1,32,5,0,0,0,0,0,0,34.59,1049.40,284.5,0.0,0.0,0.0,35.75,0.0,0.0,0.0
CN9,32M,1,64,1,0,0,0,0,0,0,34.25,1060.00,282.0,0.0,0.0,0.0,35.73,0.0,0.0,0.0
CN9,32M,1,64,2,0,0,0,0,0,0,32.94,1006.85,282.0,0.0,0.0,0.0,35.73,0.0,0.0,0.0
CN9,32M,1,64,3,0,0,0,0,0,0,31.07,954.19,188.0,0.0,0.0,0.0,23.82,0.0,0.0,0.0
CN9,32M,1,64,4,0,0,0,0,0,0,31.46,964.48,186.66,0.0,0.0,0.0,22.49,0.0,0.0,0.0
CN9,32M,1,64,5,0,0,0,0,0,0,33.25,1031.75,191.0,0.0,0.0,0.0,23.88,0.0,0.0,0.0
CN9,32M,2,32,1,0,0,0,0,0,0,19.33,609.76,476.33,0.0,0.0,0.0,59.82,0.0,0.0,0.0
CN9,32M,2,32,2,0,0,0,0,0,0,21.91,689.71,456.33,0.0,0.0,0.0,57.15,0.0,0.0,0.0
CN9,32M,2,32,3,0,0,0,0,0,0,20.69,655.65,650.49,0.0,0.0,0.0,81.73,0.0,0.0,0.0
CN9,32M,2,32,4,0,0,0,0,0,0,19.20,608.59,486.99,0.0,0.0,0.0,61.15,0.0,0.0,0.0
CN9,32M,2,32,5,0,0,0,0,0,0,20.02,634.87,682.49,0.0,0.0,0.0,85.73,0.0,0.0,0.0
CN9,32M,2,64,1,0,0,0,0,0,0,18.99,602.47,465.66,0.0,0.0,0.0,58.48,0.0,0.0,0.0
CN9,32M,2,64,2,0,0,0,0,0,0,17.00,535.07,467.32,0.0,0.0,0.0,57.15,0.0,0.0,0.0
CN9,32M,2,64,3,0,0,0,0,0,0,19.31,609.89,459.65,0.0,0.0,0.0,57.15,0.0,0.0,0.0
CN9,32M,2,64,4,0,0,0,0,0,0,19.71,621.17,444.32,0.0,0.0,0.0,55.82,0.0,0.0,0.0
CN9,32M,2,64,5,0,0,0,0,0,0,19.44,616.16,672.98,0.0,0.0,0.0,83.73,0.0,0.0,0.0
CN9,32M,4,32,1,0,0,0,0,0,0,32.71,1038.04,589.74,0.0,0.0,0.0,73.86,0.0,0.0,0.0
CN9,32M,4,32,2,0,0,0,0,0,0,35.22,1117.11,786.32,0.0,0.0,0.0,98.48,0.0,0.0,0.0
CN9,32M,4,32,3,0,0,0,0,0,0,31.48,994.84,643.32,0.0,0.0,0.0,79.84,0.0,0.0,0.0
CN9,32M,4,32,4,0,0,0,0,0,0,31.25,990.04,589.99,0.0,0.0,0.0,73.86,0.0,0.0,0.0
CN9,32M,4,32,5,0,0,0,0,0,0,31.42,995.07,736.65,0.0,0.0,0.0,90.48,0.0,0.0,0.0
CN9,32M,4,64,1,0,0,0,0,0,0,35.17,1110.71,786.32,0.0,0.0,0.0,98.48,0.0,0.0,0.0
CN9,32M,4,64,2,0,0,0,0,0,0,33.98,1078.49,780.32,0.0,0.0,0.0,97.15,0.0,0.0,0.0
CN9,32M,4,64,3,0,0,0,0,0,0,35.90,1133.50,1227.47,0.0,0.0,0.0,153.73,0.0,0.0,0.0
CN9,32M,4,64,4,0,0,0,0,0,0,35.02,1100.05,812.65,0.0,0.0,0.0,101.15,0.0,0.0,0.0
CN9,32M,4,64,5,0,0,0,0,0,0,34.03,1075.97,711.32,0.0,0.0,0.0,89.15,0.0,0.0,0.0
CN9,32M,8,32,1,0,0,0,0,0,0,57.40,1824.60,916.65,0.0,0.0,0.0,114.15,0.0,0.0,0.0
CN9,32M,8,32,2,0,0,0,0,0,0,62.77,1985.47,980.98,0.0,0.0,0.0,122.82,0.0,0.0,0.0
CN9,32M,8,32,3,0,0,0,0,0,0,51.26,1628.96,895.32,0.0,0.0,0.0,110.48,0.0,0.0,0.0
CN9,32M,8,32,4,0,0,0,0,0,0,45.17,1431.88,808.74,0.0,0.0,0.0,100.8,0.0,0.0,0.0
CN9,32M,8,32,5,0,0,0,0,0,0,47.74,1514.51,976.32,0.0,0.0,0.0,122.27,0.0,0.0,0.0
CN9,32M,8,64,1,0,0,0,0,0,0,50.84,1612.46,1089.98,0.0,0.0,0.0,135.82,0.0,0.0,0.0
CN9,32M,8,64,2,0,0,0,0,0,0,56.18,1775.97,1091.65,0.0,0.0,0.0,136.61,0.0,0.0,0.0
CN9,32M,8,64,3,0,0,0,0,0,0,47.92,1524.90,843.49,0.0,0.0,0.0,105.55,0.0,0.0,0.0
CN9,32M,8,64,4,0,0,0,0,0,0,59.35,1879.66,1281.32,0.0,0.0,0.0,159.65,0.0,0.0,0.0
CN9,32M,8,64,5,0,0,0,0,0,0,46.89,1492.96,1043.65,0.0,0.0,0.0,130.48,0.0,0.0,0.0
CN9,32M,16,32,1,0,0,0,0,0,0,45.93,1465.71,2439.98,0.0,0.0,0.0,302.48,0.0,0.0,0.0
CN9,32M,16,32,2,0,0,0,0,0,0,60.75,1936.93,1498.49,0.0,0.0,0.0,186.86,0.0,0.0,0.0
CN9,32M,16,32,3,0,0,0,0,0,0,62.72,1996.61,1706.74,0.0,0.0,0.0,212.86,0.0,0.0,0.0
CN9,32M,16,32,4,0,0,0,0,0,0,64.84,2060.47,1848.24,0.0,0.0,0.0,230.88,0.0,0.0,0.0
CN9,32M,16,32,5,0,0,0,0,0,0,44.35,1415.03,2628.32,0.0,0.0,0.0,327.82,0.0,0.0,0.0
CN9,32M,16,64,1,0,0,0,0,0,0,58.78,1874.52,1710.74,0.0,0.0,0.0,213.86,0.0,0.0,0.0
CN9,32M,16,64,2,0,0,0,0,0,0,65.06,2070.92,1976.99,0.0,0.0,0.0,246.48,0.0,0.0,0.0
CN9,32M,16,64,3,0,0,0,0,0,0,56.73,1807.92,2272.32,0.0,0.0,0.0,283.85,0.0,0.0,0.0
CN9,32M,16,64,4,0,0,0,0,0,0,55.90,1778.94,2280.66,0.0,0.0,0.0,282.48,0.0,0.0,0.0
CN9,32M,16,64,5,0,0,0,0,0,0,62.70,1998.75,2019.24,0.0,0.0,0.0,251.86,0.0,0.0,0.0
CN9,64M,1,32,1,0,0,0,0,0,0,18.26,1148.83,473.99,0.0,0.0,0.0,59.73,0.0,0.0,0.0
CN9,64M,1,32,2,0,0,0,0,0,0,17.42,1092.74,278.66,0.0,0.0,0.0,34.48,0.0,0.0,0.0
CN9,64M,1,32,3,0,0,0,0,0,0,18.62,1161.02,474.49,0.0,0.0,0.0,59.73,0.0,0.0,0.0
CN9,64M,1,32,4,0,0,0,0,0,0,17.97,1121.12,305.66,0.0,0.0,0.0,38.48,0.0,0.0,0.0
CN9,64M,1,32,5,0,0,0,0,0,0,17.64,1110.45,296.66,0.0,0.0,0.0,37.17,0.0,0.0,0.0
CN9,64M,1,64,1,0,0,0,0,0,0,16.02,1005.99,305.66,0.0,0.0,0.0,38.48,0.0,0.0,0.0
CN9,64M,1,64,2,0,0,0,0,0,0,18.42,1148.89,429.98,0.0,0.0,0.0,51.73,0.0,0.0,0.0
CN9,64M,1,64,3,0,0,0,0,0,0,17.50,1091.41,457.98,0.0,0.0,0.0,57.73,0.0,0.0,0.0
CN9,64M,1,64,4,0,0,0,0,0,0,17.46,1099.77,326.99,0.0,0.0,0.0,41.15,0.0,0.0,0.0
CN9,64M,1,64,5,0,0,0,0,0,0,18.04,1136.04,506.48,0.0,0.0,0.0,63.73,0.0,0.0,0.0
CN9,64M,2,32,1,0,0,0,0,0,0,10.21,649.38,1031.65,0.0,0.0,0.0,129.15,0.0,0.0,0.0
CN9,64M,2,32,2,0,0,0,0,0,0,9.59,610.81,733.74,0.0,0.0,0.0,91.86,0.0,0.0,0.0
CN9,64M,2,32,3,0,0,0,0,0,0,9.91,630.05,770.99,0.0,0.0,0.0,95.88,0.0,0.0,0.0
CN9,64M,2,32,4,0,0,0,0,0,0,9.45,602.21,988.98,0.0,0.0,0.0,123.82,0.0,0.0,0.0
CN9,64M,2,32,5,0,0,0,0,0,0,9.72,619.43,1013.98,0.0,0.0,0.0,125.15,0.0,0.0,0.0
CN9,64M,2,64,1,0,0,0,0,0,0,10.53,669.43,994.98,0.0,0.0,0.0,123.82,0.0,0.0,0.0
CN9,64M,2,64,2,0,0,0,0,0,0,9.51,603.91,1000.65,0.0,0.0,0.0,125.15,0.0,0.0,0.0
CN9,64M,2,64,3,0,0,0,0,0,0,9.91,631.25,947.32,0.0,0.0,0.0,118.48,0.0,0.0,0.0
CN9,64M,2,64,4,0,0,0,0,0,0,11.43,725.56,1069.32,0.0,0.0,0.0,133.15,0.0,0.0,0.0
CN9,64M,2,64,5,0,0,0,0,0,0,9.27,589.53,1021.98,0.0,0.0,0.0,127.82,0.0,0.0,0.0
CN9,64M,4,32,1,0,0,0,0,0,0,17.29,1101.72,954.24,0.0,0.0,0.0,118.86,0.0,0.0,0.0
CN9,64M,4,32,2,0,0,0,0,0,0,15.55,991.36,1365.65,0.0,0.0,0.0,170.49,0.0,0.0,0.0
CN9,64M,4,32,3,0,0,0,0,0,0,14.75,938.85,1265.65,0.0,0.0,0.0,155.82,0.0,0.0,0.0
CN9,64M,4,32,4,0,0,0,0,0,0,15.95,1016.95,1190.99,0.0,0.0,0.0,148.86,0.0,0.0,0.0
CN9,64M,4,32,5,0,0,0,0,0,0,16.97,1079.42,1214.32,0.0,0.0,0.0,151.82,0.0,0.0,0.0
CN9,64M,4,64,1,0,0,0,0,0,0,17.93,1142.70,1278.32,0.0,0.0,0.0,159.82,0.0,0.0,0.0
CN9,64M,4,64,2,0,0,0,0,0,0,16.76,1068.33,1050.74,0.0,0.0,0.0,130.86,0.0,0.0,0.0
CN9,64M,4,64,3,0,0,0,0,0,0,17.72,1124.41,989.99,0.0,0.0,0.0,123.86,0.0,0.0,0.0
CN9,64M,4,64,4,0,0,0,0,0,0,18.80,1198.21,1033.99,0.0,0.0,0.0,128.86,0.0,0.0,0.0
CN9,64M,4,64,5,0,0,0,0,0,0,16.21,1031.80,1405.65,0.0,0.0,0.0,175.82,0.0,0.0,0.0
CN9,64M,8,32,1,0,0,0,0,0,0,21.67,1380.56,2488.98,0.0,0.0,0.0,309.15,0.0,0.0,0.0
CN9,64M,8,32,2,0,0,0,0,0,0,25.89,1652.21,1965.65,0.0,0.0,0.0,245.15,0.0,0.0,0.0
CN9,64M,8,32,3,0,0,0,0,0,0,28.80,1836.73,1327.49,0.0,0.0,0.0,165.87,0.0,0.0,0.0
CN9,64M,8,32,4,0,0,0,0,0,0,23.70,1510.18,2265.65,0.0,0.0,0.0,282.48,0.0,0.0,0.0
CN9,64M,8,32,5,0,0,0,0,0,0,27.56,1756.38,2285.32,0.0,0.0,0.0,285.15,0.0,0.0,0.0
CN9,64M,8,64,1,0,0,0,0,0,0,22.16,1413.56,2184.66,0.0,0.0,0.0,273.15,0.0,0.0,0.0
CN9,64M,8,64,2,0,0,0,0,0,0,27.52,1753.06,2446.66,0.0,0.0,0.0,305.15,0.0,0.0,0.0
CN9,64M,8,64,3,0,0,0,0,0,0,25.27,1609.75,2547.66,0.0,0.0,0.0,318.48,0.0,0.0,0.0
CN9,64M,8,64,4,0,0,0,0,0,0,21.09,1344.90,2547.99,0.0,0.0,0.0,315.82,0.0,0.0,0.0
CN9,64M,8,64,5,0,0,0,0,0,0,17.60,1124.20,2777.66,0.0,0.0,0.0,346.48,0.0,0.0,0.0
CN9,64M,16,32,1,0,0,0,0,0,0,20.14,1287.09,3389.8,0.0,0.0,0.0,423.09,0.0,0.0,0.0
CN9,64M,16,32,2,0,0,0,0,0,0,17.58,1123.43,3264.8,0.0,0.0,0.0,407.89,0.0,0.0,0.0
CN9,64M,16,32,3,0,0,0,0,0,0,15.61,996.19,4181.76,0.0,0.0,0.0,521.86,0.0,0.0,0.0
CN9,64M,16,32,4,0,0,0,0,0,0,19.77,1263.07,4121.26,0.0,0.0,0.0,514.86,0.0,0.0,0.0
CN9,64M,16,32,5,0,0,0,0,0,0,19.19,1226.11,4117.76,0.0,0.0,0.0,513.87,0.0,0.0,0.0
CN9,64M,16,64,1,0,0,0,0,0,0,19.46,1243.42,3386.61,0.0,0.0,0.0,423.09,0.0,0.0,0.0
CN9,64M,16,64,2,0,0,0,0,0,0,21.84,1395.19,3236.42,0.0,0.0,0.0,403.09,0.0,0.0,0.0
CN9,64M,16,64,3,0,0,0,0,0,0,21.01,1341.39,3956.53,0.0,0.0,0.0,493.87,0.0,0.0,0.0
CN9,64M,16,64,4,0,0,0,0,0,0,21.85,1396.56,3527.82,0.0,0.0,0.0,440.72,0.0,0.0,0.0
CN9,64M,16,64,5,0,0,0,0,0,0,27.96,1785.26,4924.04,0.0,0.0,0.0,614.49,0.0,0.0,0.0
CN9,128M,1,32,1,0,0,0,0,0,0,10.72,1354.32,738.05,0.0,0.0,0.0,91.82,0.0,0.0,0.0
CN9,128M,1,32,2,0,0,0,0,0,0,11.36,1440.02,679.38,0.0,0.0,0.0,85.16,0.0,0.0,0.0
CN9,128M,1,32,3,0,0,0,0,0,0,10.47,1327.04,893.05,0.0,0.0,0.0,111.24,0.0,0.0,0.0
CN9,128M,1,32,4,0,0,0,0,0,0,10.16,1288.62,690.05,0.0,0.0,0.0,86.49,0.0,0.0,0.0
CN9,128M,1,32,5,0,0,0,0,0,0,10.96,1389.94,676.71,0.0,0.0,0.0,82.5,0.0,0.0,0.0
CN9,128M,1,64,1,0,0,0,0,0,0,10.82,1371.17,700.71,0.0,0.0,0.0,87.82,0.0,0.0,0.0
CN9,128M,1,64,2,0,0,0,0,0,0,10.58,1335.31,674.71,0.0,0.0,0.0,83.82,0.0,0.0,0.0
CN9,128M,1,64,3,0,0,0,0,0,0,10.93,1377.43,625.38,0.0,0.0,0.0,78.41,0.0,0.0,0.0
CN9,128M,1,64,4,0,0,0,0,0,0,8.34,1057.18,605.53,0.0,0.0,0.0,75.87,0.0,0.0,0.0
CN9,128M,1,64,5,0,0,0,0,0,0,10.28,1303.01,693.71,0.0,0.0,0.0,86.95,0.0,0.0,0.0
CN9,128M,2,32,1,0,0,0,0,0,0,5.74,733.02,1569.53,0.0,0.0,0.0,196.21,0.0,0.0,0.0
CN9,128M,2,32,2,0,0,0,0,0,0,5.53,705.79,2163.38,0.0,0.0,0.0,270.49,0.0,0.0,0.0
CN9,128M,2,32,3,0,0,0,0,0,0,5.75,732.78,1665.29,0.0,0.0,0.0,206.77,0.0,0.0,0.0
CN9,128M,2,32,4,0,0,0,0,0,0,5.29,674.76,2190.05,0.0,0.0,0.0,273.16,0.0,0.0,0.0
CN9,128M,2,32,5,0,0,0,0,0,0,5.25,668.46,2185.72,0.0,0.0,0.0,273.24,0.0,0.0,0.0
CN9,128M,2,64,1,0,0,0,0,0,0,5.22,666.82,2179.72,0.0,0.0,0.0,271.82,0.0,0.0,0.0
CN9,128M,2,64,2,0,0,0,0,0,0,5.57,710.92,2102.39,0.0,0.0,0.0,262.2,0.0,0.0,0.0
CN9,128M,2,64,3,0,0,0,0,0,0,5.19,661.29,2158.39,0.0,0.0,0.0,269.87,0.0,0.0,0.0
CN9,128M,2,64,4,0,0,0,0,0,0,5.25,670.30,2057.05,0.0,0.0,0.0,256.49,0.0,0.0,0.0
CN9,128M,2,64,5,0,0,0,0,0,0,5.34,680.99,2160.39,0.0,0.0,0.0,270.12,0.0,0.0,0.0
CN9,128M,4,32,1,0,0,0,0,0,0,9.43,1202.10,2601.06,0.0,0.0,0.0,322.51,0.0,0.0,0.0
CN9,128M,4,32,2,0,0,0,0,0,0,8.47,1080.49,2515.73,0.0,0.0,0.0,314.49,0.0,0.0,0.0
CN9,128M,4,32,3,0,0,0,0,0,0,8.16,1040.98,2681.39,0.0,0.0,0.0,334.49,0.0,0.0,0.0
CN9,128M,4,32,4,0,0,0,0,0,0,7.89,1007.87,2622.73,0.0,0.0,0.0,327.83,0.0,0.0,0.0
CN9,128M,4,32,5,0,0,0,0,0,0,9.86,1259.11,2553.73,0.0,0.0,0.0,318.49,0.0,0.0,0.0
CN9,128M,4,64,1,0,0,0,0,0,0,8.33,1064.58,2071.05,0.0,0.0,0.0,258.87,0.0,0.0,0.0
CN9,128M,4,64,2,0,0,0,0,0,0,9.14,1166.91,2515.73,0.0,0.0,0.0,313.74,0.0,0.0,0.0
CN9,128M,4,64,3,0,0,0,0,0,0,8.83,1125.65,2808.74,0.0,0.0,0.0,351.08,0.0,0.0,0.0
CN9,128M,4,64,4,0,0,0,0,0,0,8.53,1089.38,2787.41,0.0,0.0,0.0,346.49,0.0,0.0,0.0
CN9,128M,4,64,5,0,0,0,0,0,0,8.71,1112.88,85.41,0.0,0.0,0.0,10.62,0.0,0.0,0.0
CN9,128M,8,32,1,0,0,0,0,0,0,8.98,1147.79,4351.05,0.0,0.0,0.0,542.9,0.0,0.0,0.0
CN9,128M,8,32,2,0,0,0,0,0,0,10.27,1312.66,4021.55,0.0,0.0,0.0,501.87,0.0,0.0,0.0
CN9,128M,8,32,3,0,0,0,0,0,0,9.51,1215.64,4013.06,0.0,0.0,0.0,500.87,0.0,0.0,0.0
CN9,128M,8,32,4,0,0,0,0,0,0,10.57,1351.18,4041.07,0.0,0.0,0.0,504.87,0.0,0.0,0.0
CN9,128M,8,32,5,0,0,0,0,0,0,9.97,1273.53,4006.82,0.0,0.0,0.0,499.94,0.0,0.0,0.0
CN9,128M,8,64,1,0,0,0,0,0,0,9.54,1220.23,4043.07,0.0,0.0,0.0,505.12,0.0,0.0,0.0
CN9,128M,8,64,2,0,0,0,0,0,0,9.34,1193.77,4009.32,0.0,0.0,0.0,498.87,0.0,0.0,0.0
CN9,128M,8,64,3,0,0,0,0,0,0,9.28,1185.71,4029.83,0.0,0.0,0.0,503.2,0.0,0.0,0.0
CN9,128M,8,64,4,0,0,0,0,0,0,10.15,1296.49,4005.59,0.0,0.0,0.0,499.87,0.0,0.0,0.0
CN9,128M,8,64,5,0,0,0,0,0,0,11.52,1471.26,4001.09,0.0,0.0,0.0,499.87,0.0,0.0,0.0
CN9,128M,16,32,1,0,0,0,0,0,0,9.28,1186.38,6587.07,0.0,0.0,0.0,822.3,0.0,0.0,0.0
CN9,128M,16,32,2,0,0,0,0,0,0,9.47,1211.58,5531.07,0.0,0.0,0.0,690.61,0.0,0.0,0.0
CN9,128M,16,32,3,0,0,0,0,0,0,9.65,1234.43,6599.89,0.0,0.0,0.0,823.9,0.0,0.0,0.0
CN9,128M,16,32,4,0,0,0,0,0,0,9.84,1257.86,5480.91,0.0,0.0,0.0,684.59,0.0,0.0,0.0
CN9,128M,16,32,5,0,0,0,0,0,0,9.84,1258.98,5513.75,0.0,0.0,0.0,687.25,0.0,0.0,0.0
CN9,128M,16,64,1,0,0,0,0,0,0,10.15,1295.62,6715.31,0.0,0.0,0.0,838.3,0.0,0.0,0.0
CN9,128M,16,64,2,0,0,0,0,0,0,10.59,1354.76,6506.92,0.0,0.0,0.0,812.71,0.0,0.0,0.0
CN9,128M,16,64,3,0,0,0,0,0,0,10.17,1300.45,6560.72,0.0,0.0,0.0,819.03,0.0,0.0,0.0
CN9,128M,16,64,4,0,0,0,0,0,0,9.31,1190.15,6524.93,0.0,0.0,0.0,814.61,0.0,0.0,0.0
CN9,128M,16,64,5,0,0,0,0,0,0,9.11,1165.19,5489.78,0.0,0.0,0.0,685.69,0.0,0.0,0.0
CN9,256M,1,32,1,0,0,0,0,0,0,4.62,1177.36,1982.24,0.0,0.0,0.0,247.14,0.0,0.0,0.0
CN9,256M,1,32,2,0,0,0,0,0,0,5.41,1373.80,1813.24,0.0,0.0,0.0,226.76,0.0,0.0,0.0
CN9,256M,1,32,3,0,0,0,0,0,0,5.73,1457.94,1501.18,0.0,0.0,0.0,185.79,0.0,0.0,0.0
CN9,256M,1,32,4,0,0,0,0,0,0,5.11,1302.35,1435.93,0.0,0.0,0.0,179.57,0.0,0.0,0.0
CN9,256M,1,32,5,0,0,0,0,0,0,6.07,1545.23,1618.91,0.0,0.0,0.0,202.52,0.0,0.0,0.0
CN9,256M,1,64,1,0,0,0,0,0,0,5.23,1333.57,1374.68,0.0,0.0,0.0,171.92,0.0,0.0,0.0
CN9,256M,1,64,2,0,0,0,0,0,0,5.07,1289.32,1891.58,0.0,0.0,0.0,235.73,0.0,0.0,0.0
CN9,256M,1,64,3,0,0,0,0,0,0,4.64,1179.94,1907.58,0.0,0.0,0.0,238.52,0.0,0.0,0.0
CN9,256M,1,64,4,0,0,0,0,0,0,4.83,1231.53,1999.58,0.0,0.0,0.0,249.18,0.0,0.0,0.0
CN9,256M,1,64,5,0,0,0,0,0,0,5.98,1523.21,1800.25,0.0,0.0,0.0,225.14,0.0,0.0,0.0
CN9,256M,2,32,1,0,0,0,0,0,0,2.84,724.45,4425.58,0.0,0.0,0.0,550.52,0.0,0.0,0.0
CN9,256M,2,32,2,0,0,0,0,0,0,3.12,797.46,4475.59,0.0,0.0,0.0,558.52,0.0,0.0,0.0
CN9,256M,2,32,3,0,0,0,0,0,0,3.07,785.15,4362.93,0.0,0.0,0.0,545.18,0.0,0.0,0.0
CN9,256M,2,32,4,0,0,0,0,0,0,3.00,764.88,3276.45,0.0,0.0,0.0,408.89,0.0,0.0,0.0
CN9,256M,2,32,5,0,0,0,0,0,0,2.97,757.84,4445.27,0.0,0.0,0.0,554.56,0.0,0.0,0.0
CN9,256M,2,64,1,0,0,0,0,0,0,3.00,766.80,4394.94,0.0,0.0,0.0,549.18,0.0,0.0,0.0
CN9,256M,2,64,2,0,0,0,0,0,0,2.83,724.23,4347.27,0.0,0.0,0.0,542.52,0.0,0.0,0.0
CN9,256M,2,64,3,0,0,0,0,0,0,2.81,719.00,4482.28,0.0,0.0,0.0,559.9,0.0,0.0,0.0
CN9,256M,2,64,4,0,0,0,0,0,0,2.90,741.03,4448.28,0.0,0.0,0.0,553.19,0.0,0.0,0.0
CN9,256M,2,64,5,0,0,0,0,0,0,3.02,771.88,4671.29,0.0,0.0,0.0,583.69,0.0,0.0,0.0
CN9,256M,4,32,1,0,0,0,0,0,0,4.54,1160.02,3466.97,0.0,0.0,0.0,432.71,0.0,0.0,0.0
CN9,256M,4,32,2,0,0,0,0,0,0,4.38,1120.73,4064.97,0.0,0.0,0.0,507.89,0.0,0.0,0.0
CN9,256M,4,32,3,0,0,0,0,0,0,4.70,1200.47,4086.97,0.0,0.0,0.0,509.93,0.0,0.0,0.0
CN9,256M,4,32,4,0,0,0,0,0,0,4.93,1260.16,3896.98,0.0,0.0,0.0,486.89,0.0,0.0,0.0
CN9,256M,4,32,5,0,0,0,0,0,0,4.50,1151.31,4421.98,0.0,0.0,0.0,551.89,0.0,0.0,0.0
CN9,256M,4,64,1,0,0,0,0,0,0,4.62,1179.89,4217.24,0.0,0.0,0.0,526.89,0.0,0.0,0.0
CN9,256M,4,64,2,0,0,0,0,0,0,4.96,1268.91,3985.74,0.0,0.0,0.0,495.89,0.0,0.0,0.0
CN9,256M,4,64,3,0,0,0,0,0,0,4.99,1273.74,3524.8,0.0,0.0,0.0,439.91,0.0,0.0,0.0
CN9,256M,4,64,4,0,0,0,0,0,0,4.58,1170.82,4033.0,0.0,0.0,0.0,503.89,0.0,0.0,0.0
CN9,256M,4,64,5,0,0,0,0,0,0,4.67,1193.25,4149.76,0.0,0.0,0.0,517.89,0.0,0.0,0.0
CN9,256M,8,32,1,0,0,0,0,0,0,7.31,1869.13,4562.21,0.0,0.0,0.0,569.52,0.0,0.0,0.0
CN9,256M,8,32,2,0,0,0,0,0,0,4.52,1154.77,6019.61,0.0,0.0,0.0,751.92,0.0,0.0,0.0
CN9,256M,8,32,3,0,0,0,0,0,0,4.04,1034.52,6593.62,0.0,0.0,0.0,823.12,0.0,0.0,0.0
CN9,256M,8,32,4,0,0,0,0,0,0,4.20,1075.40,6596.42,0.0,0.0,0.0,823.92,0.0,0.0,0.0
CN9,256M,8,32,5,0,0,0,0,0,0,3.99,1020.20,6699.83,0.0,0.0,0.0,835.12,0.0,0.0,0.0
CN9,256M,8,64,1,0,0,0,0,0,0,4.88,1246.89,5414.37,0.0,0.0,0.0,675.93,0.0,0.0,0.0
CN9,256M,8,64,2,0,0,0,0,0,0,4.71,1203.99,6631.85,0.0,0.0,0.0,827.92,0.0,0.0,0.0
CN9,256M,8,64,3,0,0,0,0,0,0,4.52,1155.26,5518.21,0.0,0.0,0.0,689.27,0.0,0.0,0.0
CN9,256M,8,64,4,0,0,0,0,0,0,5.31,1357.91,6555.06,0.0,0.0,0.0,818.32,0.0,0.0,0.0
CN9,256M,8,64,5,0,0,0,0,0,0,5.04,1288.22,6621.87,0.0,0.0,0.0,827.12,0.0,0.0,0.0
CN9,256M,16,32,1,0,0,0,0,0,0,4.07,1042.64,9471.42,0.0,0.0,0.0,1182.52,0.0,0.0,0.0
CN9,256M,16,32,2,0,0,0,0,0,0,3.94,1008.25,9468.68,0.0,0.0,0.0,1182.5,0.0,0.0,0.0
CN9,256M,16,32,3,0,0,0,0,0,0,3.98,1018.71,8413.28,0.0,0.0,0.0,1049.8,0.0,0.0,0.0
CN9,256M,16,32,4,0,0,0,0,0,0,4.22,1080.35,9480.46,0.0,0.0,0.0,1183.6,0.0,0.0,0.0
CN9,256M,16,32,5,0,0,0,0,0,0,4.19,1073.47,10789.25,0.0,0.0,0.0,1347.43,0.0,0.0,0.0
CN9,256M,16,64,1,0,0,0,0,0,0,3.96,1014.56,9462.98,0.0,0.0,0.0,1181.51,0.0,0.0,0.0
CN9,256M,16,64,2,0,0,0,0,0,0,3.92,1004.34,9466.74,0.0,0.0,0.0,1182.01,0.0,0.0,0.0
CN9,256M,16,64,3,0,0,0,0,0,0,4.02,1027.85,9460.88,0.0,0.0,0.0,1181.51,0.0,0.0,0.0
CN9,256M,16,64,4,0,0,0,0,0,0,4.07,1041.70,9458.89,0.0,0.0,0.0,1181.01,0.0,0.0,0.0
CN9,256M,16,64,5,0,0,0,0,0,0,4.02,1029.00,9452.77,0.0,0.0,0.0,1180.51,0.0,0.0,0.0
