0829-1554
CN7,1M,32,1,1,0,0,0,0,0,0,498.68,412.88,243.79,0.0,0.0,0.0,26.13,0.0,0.0,0.0
CN7,1M,32,1,2,0,0,0,0,0,0,637.51,636.83,166.54,0.0,0.0,0.0,20.51,0.0,0.0,0.0
CN7,1M,32,1,3,0,0,0,0,0,0,563.45,547.94,118.38,0.0,0.0,0.0,15.11,0.0,0.0,0.0
CN7,1M,32,1,4,0,0,0,0,0,0,562.62,548.42,180.28,0.0,0.0,0.0,22.52,0.0,0.0,0.0
CN7,1M,32,1,5,0,0,0,0,0,0,726.83,698.16,211.28,0.0,0.0,0.0,26.53,0.0,0.0,0.0
CN7,1M,32,2,1,0,0,0,0,0,0,756.93,751.00,71.04,0.0,0.0,0.0,9.2,0.0,0.0,0.0
CN7,1M,32,2,2,0,0,0,0,0,0,540.71,531.08,166.28,0.0,0.0,0.0,19.81,0.0,0.0,0.0
CN7,1M,32,2,3,0,0,0,0,0,0,596.92,585.66,232.04,0.0,0.0,0.0,27.99,0.0,0.0,0.0
CN7,1M,32,2,4,0,0,0,0,0,0,556.42,553.82,197.71,0.0,0.0,0.0,23.33,0.0,0.0,0.0
CN7,1M,32,2,5,0,0,0,0,0,0,555.50,552.55,145.03,0.0,0.0,0.0,18.18,0.0,0.0,0.0
CN7,1M,32,4,1,0,0,0,0,0,0,562.56,547.51,141.78,0.0,0.0,0.0,16.92,0.0,0.0,0.0
CN7,1M,32,4,2,0,0,0,0,0,0,549.15,441.50,138.53,0.0,0.0,0.0,17.09,0.0,0.0,0.0
CN7,1M,32,4,3,0,0,0,0,0,0,662.71,567.31,209.53,0.0,0.0,0.0,26.39,0.0,0.0,0.0
CN7,1M,32,4,4,0,0,0,0,0,0,741.77,716.10,93.27,0.0,0.0,0.0,11.9,0.0,0.0,0.0
CN7,1M,32,4,5,0,0,0,0,0,0,501.03,416.19,188.36,0.0,0.0,0.0,23.86,0.0,0.0,0.0
CN7,1M,32,8,1,0,0,0,0,0,0,446.54,376.46,137.02,0.0,0.0,0.0,16.85,0.0,0.0,0.0
CN7,1M,32,8,2,0,0,0,0,0,0,849.59,841.04,137.52,0.0,0.0,0.0,15.82,0.0,0.0,0.0
CN7,1M,32,8,3,0,0,0,0,0,0,532.88,530.39,240.77,0.0,0.0,0.0,29.59,0.0,0.0,0.0
CN7,1M,32,8,4,0,0,0,0,0,0,475.00,467.72,175.69,0.0,0.0,0.0,22.21,0.0,0.0,0.0
CN7,1M,32,8,5,0,0,0,0,0,0,492.82,482.89,127.69,0.0,0.0,0.0,15.96,0.0,0.0,0.0
CN7,1M,32,16,1,0,0,0,0,0,0,458.71,453.69,146.01,0.0,0.0,0.0,17.84,0.0,0.0,0.0
CN7,1M,32,16,2,0,0,0,0,0,0,488.63,479.67,136.51,0.0,0.0,0.0,16.32,0.0,0.0,0.0
CN7,1M,32,16,3,0,0,0,0,0,0,418.62,354.53,171.01,0.0,0.0,0.0,20.62,0.0,0.0,0.0
CN7,1M,32,16,4,0,0,0,0,0,0,521.89,509.87,226.35,0.0,0.0,0.0,28.34,0.0,0.0,0.0
CN7,1M,32,16,5,0,0,0,0,0,0,406.82,401.47,187.68,0.0,0.0,0.0,22.07,0.0,0.0,0.0
CN7,1M,64,1,1,0,0,0,0,0,0,644.39,634.74,275.51,0.0,0.0,0.0,33.65,0.0,0.0,0.0
CN7,1M,64,1,2,0,0,0,0,0,0,652.39,635.27,336.51,0.0,0.0,0.0,41.3,0.0,0.0,0.0
CN7,1M,64,1,3,0,0,0,0,0,0,766.77,695.55,274.01,0.0,0.0,0.0,33.44,0.0,0.0,0.0
CN7,1M,64,1,4,0,0,0,0,0,0,736.21,680.85,275.41,0.0,0.0,0.0,34.53,0.0,0.0,0.0
CN7,1M,64,1,5,0,0,0,0,0,0,774.83,745.02,318.0,0.0,0.0,0.0,39.91,0.0,0.0,0.0
CN7,1M,64,2,1,0,0,0,0,0,0,529.72,512.40,323.0,0.0,0.0,0.0,39.75,0.0,0.0,0.0
CN7,1M,64,2,2,0,0,0,0,0,0,816.45,765.12,250.8,0.0,0.0,0.0,31.51,0.0,0.0,0.0
CN7,1M,64,2,3,0,0,0,0,0,0,596.98,596.86,393.0,0.0,0.0,0.0,47.05,0.0,0.0,0.0
CN7,1M,64,2,4,0,0,0,0,0,0,974.87,966.44,340.4,0.0,0.0,0.0,42.71,0.0,0.0,0.0
CN7,1M,64,2,5,0,0,0,0,0,0,677.43,582.97,212.2,0.0,0.0,0.0,26.15,0.0,0.0,0.0
CN7,1M,64,4,1,0,0,0,0,0,0,689.17,688.91,172.75,0.0,0.0,0.0,21.05,0.0,0.0,0.0
CN7,1M,64,4,2,0,0,0,0,0,0,707.47,667.74,190.8,0.0,0.0,0.0,23.71,0.0,0.0,0.0
CN7,1M,64,4,3,0,0,0,0,0,0,698.15,685.24,235.0,0.0,0.0,0.0,28.77,0.0,0.0,0.0
CN7,1M,64,4,4,0,0,0,0,0,0,629.17,620.07,301.4,0.0,0.0,0.0,37.38,0.0,0.0,0.0
CN7,1M,64,4,5,0,0,0,0,0,0,677.49,598.61,172.8,0.0,0.0,0.0,21.52,0.0,0.0,0.0
CN7,1M,64,8,1,0,0,0,0,0,0,529.48,500.61,327.6,0.0,0.0,0.0,38.89,0.0,0.0,0.0
CN7,1M,64,8,2,0,0,0,0,0,0,639.78,627.65,179.19,0.0,0.0,0.0,22.06,0.0,0.0,0.0
CN7,1M,64,8,3,0,0,0,0,0,0,586.40,561.36,350.74,0.0,0.0,0.0,41.93,0.0,0.0,0.0
CN7,1M,64,8,4,0,0,0,0,0,0,476.18,471.24,392.49,0.0,0.0,0.0,47.26,0.0,0.0,0.0
CN7,1M,64,8,5,0,0,0,0,0,0,721.91,710.83,195.99,0.0,0.0,0.0,24.55,0.0,0.0,0.0
CN7,1M,64,16,1,0,0,0,0,0,0,570.13,532.46,217.99,0.0,0.0,0.0,25.0,0.0,0.0,0.0
CN7,1M,64,16,2,0,0,0,0,0,0,933.45,933.13,291.49,0.0,0.0,0.0,33.19,0.0,0.0,0.0
CN7,1M,64,16,3,0,0,0,0,0,0,862.12,861.84,321.39,0.0,0.0,0.0,39.94,0.0,0.0,0.0
CN7,1M,64,16,4,0,0,0,0,0,0,636.21,572.78,310.99,0.0,0.0,0.0,37.89,0.0,0.0,0.0
CN7,1M,64,16,5,0,0,0,0,0,0,722.09,688.17,12.76,0.0,0.0,0.0,1.54,0.0,0.0,0.0
CN7,2M,32,1,1,0,0,0,0,0,0,444.40,861.74,389.98,0.0,0.0,0.0,43.31,0.0,0.0,0.0
CN7,2M,32,1,2,0,0,0,0,0,0,424.51,833.64,188.73,0.0,0.0,0.0,22.8,0.0,0.0,0.0
CN7,2M,32,1,3,0,0,0,0,0,0,423.49,832.80,304.48,0.0,0.0,0.0,33.55,0.0,0.0,0.0
CN7,2M,32,1,4,0,0,0,0,0,0,459.67,818.84,302.73,0.0,0.0,0.0,34.88,0.0,0.0,0.0
CN7,2M,32,1,5,0,0,0,0,0,0,461.96,909.24,297.23,0.0,0.0,0.0,35.93,0.0,0.0,0.0
CN7,2M,32,2,1,0,0,0,0,0,0,522.36,1019.29,227.47,0.0,0.0,0.0,25.91,0.0,0.0,0.0
CN7,2M,32,2,2,0,0,0,0,0,0,408.99,693.04,321.72,0.0,0.0,0.0,35.75,0.0,0.0,0.0
CN7,2M,32,2,3,0,0,0,0,0,0,452.77,905.15,347.96,0.0,0.0,0.0,39.53,0.0,0.0,0.0
CN7,2M,32,2,4,0,0,0,0,0,0,457.31,914.26,347.47,0.0,0.0,0.0,39.95,0.0,0.0,0.0
CN7,2M,32,2,5,0,0,0,0,0,0,339.00,675.79,349.72,0.0,0.0,0.0,41.87,0.0,0.0,0.0
CN7,2M,32,4,1,0,0,0,0,0,0,372.95,740.76,200.72,0.0,0.0,0.0,23.92,0.0,0.0,0.0
CN7,2M,32,4,2,0,0,0,0,0,0,454.91,894.60,359.62,0.0,0.0,0.0,41.04,0.0,0.0,0.0
CN7,2M,32,4,3,0,0,0,0,0,0,427.90,782.48,263.22,0.0,0.0,0.0,30.78,0.0,0.0,0.0
CN7,2M,32,4,4,0,0,0,0,0,0,447.18,894.10,275.72,0.0,0.0,0.0,31.82,0.0,0.0,0.0
CN7,2M,32,4,5,0,0,0,0,0,0,407.34,814.41,490.29,0.0,0.0,0.0,52.46,0.0,0.0,0.0
CN7,2M,32,8,1,0,0,0,0,0,0,425.05,836.07,334.29,0.0,0.0,0.0,38.42,0.0,0.0,0.0
CN7,2M,32,8,2,0,0,0,0,0,0,476.14,932.67,261.96,0.0,0.0,0.0,29.79,0.0,0.0,0.0
CN7,2M,32,8,3,0,0,0,0,0,0,541.16,1028.11,339.21,0.0,0.0,0.0,39.44,0.0,0.0,0.0
CN7,2M,32,8,4,0,0,0,0,0,0,638.62,1247.24,314.21,0.0,0.0,0.0,36.61,0.0,0.0,0.0
CN7,2M,32,8,5,0,0,0,0,0,0,332.87,658.00,220.95,0.0,0.0,0.0,26.97,0.0,0.0,0.0
CN7,2M,32,16,1,0,0,0,0,0,0,484.60,951.79,405.21,0.0,0.0,0.0,44.01,0.0,0.0,0.0
CN7,2M,32,16,2,0,0,0,0,0,0,458.90,899.90,177.46,0.0,0.0,0.0,21.76,0.0,0.0,0.0
CN7,2M,32,16,3,0,0,0,0,0,0,429.86,843.66,289.71,0.0,0.0,0.0,32.2,0.0,0.0,0.0
CN7,2M,32,16,4,0,0,0,0,0,0,447.27,836.64,309.71,0.0,0.0,0.0,36.03,0.0,0.0,0.0
CN7,2M,32,16,5,0,0,0,0,0,0,476.72,953.07,281.95,0.0,0.0,0.0,30.86,0.0,0.0,0.0
CN7,2M,64,1,1,0,0,0,0,0,0,526.92,903.11,508.64,0.0,0.0,0.0,58.61,0.0,0.0,0.0
CN7,2M,64,1,2,0,0,0,0,0,0,1047.02,1850.62,811.21,0.0,0.0,0.0,100.46,0.0,0.0,0.0
CN7,2M,64,1,3,0,0,0,0,0,0,543.92,1015.65,884.96,0.0,0.0,0.0,110.55,0.0,0.0,0.0
CN7,2M,64,1,4,0,0,0,0,0,0,795.03,1589.50,869.21,0.0,0.0,0.0,100.33,0.0,0.0,0.0
CN7,2M,64,1,5,0,0,0,0,0,0,596.48,1192.37,631.16,0.0,0.0,0.0,75.55,0.0,0.0,0.0
CN7,2M,64,2,1,0,0,0,0,0,0,658.13,1315.87,390.96,0.0,0.0,0.0,47.91,0.0,0.0,0.0
CN7,2M,64,2,2,0,0,0,0,0,0,447.46,886.08,535.2,0.0,0.0,0.0,61.39,0.0,0.0,0.0
CN7,2M,64,2,3,0,0,0,0,0,0,545.69,1042.40,635.2,0.0,0.0,0.0,76.04,0.0,0.0,0.0
CN7,2M,64,2,4,0,0,0,0,0,0,719.65,1374.31,508.76,0.0,0.0,0.0,62.38,0.0,0.0,0.0
CN7,2M,64,2,5,0,0,0,0,0,0,544.03,1072.34,233.96,0.0,0.0,0.0,25.84,0.0,0.0,0.0
CN7,2M,64,4,1,0,0,0,0,0,0,790.23,1579.92,661.76,0.0,0.0,0.0,78.87,0.0,0.0,0.0
CN7,2M,64,4,2,0,0,0,0,0,0,1101.88,2047.64,788.2,0.0,0.0,0.0,95.15,0.0,0.0,0.0
CN7,2M,64,4,3,0,0,0,0,0,0,554.94,967.47,765.95,0.0,0.0,0.0,94.25,0.0,0.0,0.0
CN7,2M,64,4,4,0,0,0,0,0,0,526.81,1053.44,690.2,0.0,0.0,0.0,82.41,0.0,0.0,0.0
CN7,2M,64,4,5,0,0,0,0,0,0,593.11,1058.52,479.56,0.0,0.0,0.0,57.87,0.0,0.0,0.0
CN7,2M,64,8,1,0,0,0,0,0,0,769.99,1533.89,694.95,0.0,0.0,0.0,86.88,0.0,0.0,0.0
CN7,2M,64,8,2,0,0,0,0,0,0,620.63,1194.81,158.16,0.0,0.0,0.0,19.51,0.0,0.0,0.0
CN7,2M,64,8,3,0,0,0,0,0,0,530.35,1060.47,709.2,0.0,0.0,0.0,87.87,0.0,0.0,0.0
CN7,2M,64,8,4,0,0,0,0,0,0,582.71,1104.85,192.1,0.0,0.0,0.0,23.95,0.0,0.0,0.0
CN7,2M,64,8,5,0,0,0,0,0,0,553.41,1042.72,788.7,0.0,0.0,0.0,97.66,0.0,0.0,0.0
CN7,2M,64,16,1,0,0,0,0,0,0,753.21,1505.84,507.75,0.0,0.0,0.0,63.51,0.0,0.0,0.0
CN7,2M,64,16,2,0,0,0,0,0,0,530.50,929.47,651.44,0.0,0.0,0.0,80.03,0.0,0.0,0.0
CN7,2M,64,16,3,0,0,0,0,0,0,460.65,895.47,434.15,0.0,0.0,0.0,54.31,0.0,0.0,0.0
CN7,2M,64,16,4,0,0,0,0,0,0,829.17,1657.78,693.69,0.0,0.0,0.0,84.39,0.0,0.0,0.0
CN7,2M,64,16,5,0,0,0,0,0,0,494.82,877.13,509.15,0.0,0.0,0.0,61.74,0.0,0.0,0.0
CN7,4M,32,1,1,0,0,0,0,0,0,323.37,1210.54,1008.69,0.0,0.0,0.0,124.46,0.0,0.0,0.0
CN7,4M,32,1,2,0,0,0,0,0,0,263.27,1019.58,1070.19,0.0,0.0,0.0,133.88,0.0,0.0,0.0
CN7,4M,32,1,3,0,0,0,0,0,0,296.02,1161.15,1431.92,0.0,0.0,0.0,178.51,0.0,0.0,0.0
CN7,4M,32,1,4,0,0,0,0,0,0,305.46,1119.23,1070.19,0.0,0.0,0.0,133.88,0.0,0.0,0.0
CN7,4M,32,1,5,0,0,0,0,0,0,338.04,1242.95,1084.44,0.0,0.0,0.0,133.88,0.0,0.0,0.0
CN7,4M,32,2,1,0,0,0,0,0,0,306.87,1213.81,1073.19,0.0,0.0,0.0,133.88,0.0,0.0,0.0
CN7,4M,32,2,2,0,0,0,0,0,0,300.82,1186.89,1070.19,0.0,0.0,0.0,133.88,0.0,0.0,0.0
CN7,4M,32,2,3,0,0,0,0,0,0,322.65,1290.29,1432.59,0.0,0.0,0.0,178.52,0.0,0.0,0.0
CN7,4M,32,2,4,0,0,0,0,0,0,255.10,973.65,1074.94,0.0,0.0,0.0,133.89,0.0,0.0,0.0
CN7,4M,32,2,5,0,0,0,0,0,0,325.44,1300.98,1070.19,0.0,0.0,0.0,133.88,0.0,0.0,0.0
CN7,4M,32,4,1,0,0,0,0,0,0,298.32,1192.73,1073.44,0.0,0.0,0.0,133.88,0.0,0.0,0.0
CN7,4M,32,4,2,0,0,0,0,0,0,335.21,1248.21,1426.59,0.0,0.0,0.0,178.51,0.0,0.0,0.0
CN7,4M,32,4,3,0,0,0,0,0,0,318.75,1261.50,1084.44,0.0,0.0,0.0,133.88,0.0,0.0,0.0
CN7,4M,32,4,4,0,0,0,0,0,0,439.87,1572.35,1071.44,0.0,0.0,0.0,133.89,0.0,0.0,0.0
CN7,4M,32,4,5,0,0,0,0,0,0,285.21,1079.41,1070.19,0.0,0.0,0.0,133.88,0.0,0.0,0.0
CN7,4M,32,8,1,0,0,0,0,0,0,279.87,1068.83,1070.19,0.0,0.0,0.0,133.88,0.0,0.0,0.0
CN7,4M,32,8,2,0,0,0,0,0,0,238.86,953.47,1073.94,0.0,0.0,0.0,133.88,0.0,0.0,0.0
CN7,4M,32,8,3,0,0,0,0,0,0,338.28,1328.47,1069.94,0.0,0.0,0.0,133.88,0.0,0.0,0.0
CN7,4M,32,8,4,0,0,0,0,0,0,322.55,1213.67,1073.69,0.0,0.0,0.0,133.88,0.0,0.0,0.0
CN7,4M,32,8,5,0,0,0,0,0,0,307.03,1047.11,1426.92,0.0,0.0,0.0,178.51,0.0,0.0,0.0
CN7,4M,32,16,1,0,0,0,0,0,0,346.13,1293.34,1085.69,0.0,0.0,0.0,133.88,0.0,0.0,0.0
CN7,4M,32,16,2,0,0,0,0,0,0,330.91,1314.68,1070.19,0.0,0.0,0.0,133.88,0.0,0.0,0.0
CN7,4M,32,16,3,0,0,0,0,0,0,282.63,1116.42,1426.92,0.0,0.0,0.0,178.51,0.0,0.0,0.0
CN7,4M,32,16,4,0,0,0,0,0,0,290.11,1148.59,1073.94,0.0,0.0,0.0,133.88,0.0,0.0,0.0
CN7,4M,32,16,5,0,0,0,0,0,0,248.77,920.85,1070.19,0.0,0.0,0.0,133.88,0.0,0.0,0.0
CN7,4M,64,1,1,0,0,0,0,0,0,644.62,2553.42,1676.15,0.0,0.0,0.0,209.51,0.0,0.0,0.0
CN7,4M,64,1,2,0,0,0,0,0,0,386.30,1530.24,1680.15,0.0,0.0,0.0,209.52,0.0,0.0,0.0
CN7,4M,64,1,3,0,0,0,0,0,0,571.42,2206.77,2095.19,0.0,0.0,0.0,261.88,0.0,0.0,0.0
CN7,4M,64,1,4,0,0,0,0,0,0,387.37,1446.27,1688.96,0.0,0.0,0.0,209.51,0.0,0.0,0.0
CN7,4M,64,1,5,0,0,0,0,0,0,467.19,1868.37,1679.56,0.0,0.0,0.0,209.51,0.0,0.0,0.0
CN7,4M,64,2,1,0,0,0,0,0,0,445.33,1780.76,1679.16,0.0,0.0,0.0,209.51,0.0,0.0,0.0
CN7,4M,64,2,2,0,0,0,0,0,0,362.50,1449.73,2095.2,0.0,0.0,0.0,261.88,0.0,0.0,0.0
CN7,4M,64,2,3,0,0,0,0,0,0,385.60,1533.01,1679.56,0.0,0.0,0.0,209.51,0.0,0.0,0.0
CN7,4M,64,2,4,0,0,0,0,0,0,364.72,1426.22,1676.16,0.0,0.0,0.0,209.51,0.0,0.0,0.0
CN7,4M,64,2,5,0,0,0,0,0,0,399.18,1596.46,1679.56,0.0,0.0,0.0,209.51,0.0,0.0,0.0
CN7,4M,64,4,1,0,0,0,0,0,0,426.69,1706.44,1656.76,0.0,0.0,0.0,201.34,0.0,0.0,0.0
CN7,4M,64,4,2,0,0,0,0,0,0,569.49,2049.31,1688.96,0.0,0.0,0.0,209.51,0.0,0.0,0.0
CN7,4M,64,4,3,0,0,0,0,0,0,547.12,2187.89,1679.56,0.0,0.0,0.0,209.51,0.0,0.0,0.0
CN7,4M,64,4,4,0,0,0,0,0,0,388.32,1515.31,1676.17,0.0,0.0,0.0,209.51,0.0,0.0,0.0
CN7,4M,64,4,5,0,0,0,0,0,0,621.95,2487.21,1681.37,0.0,0.0,0.0,209.53,0.0,0.0,0.0
CN7,4M,64,8,1,0,0,0,0,0,0,489.33,1956.92,1670.97,0.0,0.0,0.0,207.98,0.0,0.0,0.0
CN7,4M,64,8,2,0,0,0,0,0,0,408.36,1592.72,1676.17,0.0,0.0,0.0,209.51,0.0,0.0,0.0
CN7,4M,64,8,3,0,0,0,0,0,0,423.96,1695.47,1679.37,0.0,0.0,0.0,209.51,0.0,0.0,0.0
CN7,4M,64,8,4,0,0,0,0,0,0,381.61,1482.14,2097.71,0.0,0.0,0.0,261.91,0.0,0.0,0.0
CN7,4M,64,8,5,0,0,0,0,0,0,348.55,1364.45,2111.22,0.0,0.0,0.0,261.89,0.0,0.0,0.0
CN7,4M,64,16,1,0,0,0,0,0,0,512.17,2048.27,1396.81,0.0,0.0,0.0,174.59,0.0,0.0,0.0
CN7,4M,64,16,2,0,0,0,0,0,0,398.08,1553.67,1680.17,0.0,0.0,0.0,209.52,0.0,0.0,0.0
CN7,4M,64,16,3,0,0,0,0,0,0,430.62,1722.12,1675.97,0.0,0.0,0.0,209.51,0.0,0.0,0.0
CN7,4M,64,16,4,0,0,0,0,0,0,540.62,2161.93,1679.38,0.0,0.0,0.0,209.51,0.0,0.0,0.0
CN7,4M,64,16,5,0,0,0,0,0,0,424.53,1697.83,1676.18,0.0,0.0,0.0,209.51,0.0,0.0,0.0
CN7,8M,32,1,1,0,0,0,0,0,0,276.42,2204.20,2098.97,0.0,0.0,0.0,261.89,0.0,0.0,0.0
CN7,8M,32,1,2,0,0,0,0,0,0,241.39,1927.12,1878.97,0.0,0.0,0.0,234.89,0.0,0.0,0.0
CN7,8M,32,1,3,0,0,0,0,0,0,267.93,2015.81,2110.72,0.0,0.0,0.0,261.89,0.0,0.0,0.0
CN7,8M,32,1,4,0,0,0,0,0,0,232.13,1842.76,2010.97,0.0,0.0,0.0,250.89,0.0,0.0,0.0
CN7,8M,32,1,5,0,0,0,0,0,0,241.55,1753.49,2094.98,0.0,0.0,0.0,261.89,0.0,0.0,0.0
CN7,8M,32,2,1,0,0,0,0,0,0,218.76,1737.04,1679.38,0.0,0.0,0.0,209.51,0.0,0.0,0.0
CN7,8M,32,2,2,0,0,0,0,0,0,240.85,1797.20,1768.73,0.0,0.0,0.0,220.9,0.0,0.0,0.0
CN7,8M,32,2,3,0,0,0,0,0,0,250.58,1984.30,2707.97,0.0,0.0,0.0,338.52,0.0,0.0,0.0
CN7,8M,32,2,4,0,0,0,0,0,0,246.26,1952.25,1987.23,0.0,0.0,0.0,247.89,0.0,0.0,0.0
CN7,8M,32,2,5,0,0,0,0,0,0,236.66,1878.36,2096.23,0.0,0.0,0.0,261.91,0.0,0.0,0.0
CN7,8M,32,4,1,0,0,0,0,0,0,245.87,1944.92,1688.79,0.0,0.0,0.0,209.51,0.0,0.0,0.0
CN7,8M,32,4,2,0,0,0,0,0,0,219.89,1738.10,2793.31,0.0,0.0,0.0,349.19,0.0,0.0,0.0
CN7,8M,32,4,3,0,0,0,0,0,0,252.26,1895.50,2101.99,0.0,0.0,0.0,261.96,0.0,0.0,0.0
CN7,8M,32,4,4,0,0,0,0,0,0,229.81,1759.79,2569.32,0.0,0.0,0.0,321.19,0.0,0.0,0.0
CN7,8M,32,4,5,0,0,0,0,0,0,211.76,1681.94,2101.99,0.0,0.0,0.0,261.92,0.0,0.0,0.0
CN7,8M,32,8,1,0,0,0,0,0,0,264.33,2094.58,1676.19,0.0,0.0,0.0,209.51,0.0,0.0,0.0
CN7,8M,32,8,2,0,0,0,0,0,0,262.42,2078.45,2800.32,0.0,0.0,0.0,349.2,0.0,0.0,0.0
CN7,8M,32,8,3,0,0,0,0,0,0,243.61,1948.12,1952.74,0.0,0.0,0.0,243.9,0.0,0.0,0.0
CN7,8M,32,8,4,0,0,0,0,0,0,255.84,2027.55,1689.2,0.0,0.0,0.0,209.52,0.0,0.0,0.0
CN7,8M,32,8,5,0,0,0,0,0,0,284.90,1985.53,2098.99,0.0,0.0,0.0,261.89,0.0,0.0,0.0
CN7,8M,32,16,1,0,0,0,0,0,0,274.17,2081.39,1927.5,0.0,0.0,0.0,235.7,0.0,0.0,0.0
CN7,8M,32,16,2,0,0,0,0,0,0,253.03,1971.61,2745.66,0.0,0.0,0.0,342.52,0.0,0.0,0.0
CN7,8M,32,16,3,0,0,0,0,0,0,258.84,1969.22,1902.95,0.0,0.0,0.0,237.33,0.0,0.0,0.0
CN7,8M,32,16,4,0,0,0,0,0,0,215.04,1662.89,2039.0,0.0,0.0,0.0,254.89,0.0,0.0,0.0
CN7,8M,32,16,5,0,0,0,0,0,0,277.19,2217.03,1899.25,0.0,0.0,0.0,236.89,0.0,0.0,0.0
CN7,8M,64,1,1,0,0,0,0,0,0,235.46,1875.64,2759.2,0.0,0.0,0.0,344.71,0.0,0.0,0.0
CN7,8M,64,1,2,0,0,0,0,0,0,274.91,2184.78,2427.0,0.0,0.0,0.0,301.51,0.0,0.0,0.0
CN7,8M,64,1,3,0,0,0,0,0,0,266.07,2060.03,2777.81,0.0,0.0,0.0,346.34,0.0,0.0,0.0
CN7,8M,64,1,4,0,0,0,0,0,0,325.21,2600.90,2483.67,0.0,0.0,0.0,309.93,0.0,0.0,0.0
CN7,8M,64,1,5,0,0,0,0,0,0,304.84,2266.04,2477.61,0.0,0.0,0.0,309.51,0.0,0.0,0.0
CN7,8M,64,2,1,0,0,0,0,0,0,259.75,2022.47,2457.01,0.0,0.0,0.0,306.6,0.0,0.0,0.0
CN7,8M,64,2,2,0,0,0,0,0,0,352.70,2805.12,2953.82,0.0,0.0,0.0,368.74,0.0,0.0,0.0
CN7,8M,64,2,3,0,0,0,0,0,0,273.98,2189.11,2686.18,0.0,0.0,0.0,335.26,0.0,0.0,0.0
CN7,8M,64,2,4,0,0,0,0,0,0,259.96,2079.50,2651.35,0.0,0.0,0.0,331.26,0.0,0.0,0.0
CN7,8M,64,2,5,0,0,0,0,0,0,296.15,2331.39,2679.19,0.0,0.0,0.0,333.27,0.0,0.0,0.0
CN7,8M,64,4,1,0,0,0,0,0,0,298.86,2390.60,2766.19,0.0,0.0,0.0,345.26,0.0,0.0,0.0
CN7,8M,64,4,2,0,0,0,0,0,0,279.75,2235.40,2402.53,0.0,0.0,0.0,299.95,0.0,0.0,0.0
CN7,8M,64,4,3,0,0,0,0,0,0,269.00,2151.77,3313.03,0.0,0.0,0.0,413.52,0.0,0.0,0.0
CN7,8M,64,4,4,0,0,0,0,0,0,266.86,2134.28,2734.2,0.0,0.0,0.0,341.26,0.0,0.0,0.0
CN7,8M,64,4,5,0,0,0,0,0,0,271.01,2167.78,2016.53,0.0,0.0,0.0,251.93,0.0,0.0,0.0
CN7,8M,64,8,1,0,0,0,0,0,0,308.28,2413.74,3100.04,0.0,0.0,0.0,378.36,0.0,0.0,0.0
CN7,8M,64,8,2,0,0,0,0,0,0,273.69,2189.08,3080.64,0.0,0.0,0.0,384.73,0.0,0.0,0.0
CN7,8M,64,8,3,0,0,0,0,0,0,314.07,2493.67,2620.2,0.0,0.0,0.0,325.93,0.0,0.0,0.0
CN7,8M,64,8,4,0,0,0,0,0,0,255.13,2008.24,2510.21,0.0,0.0,0.0,313.27,0.0,0.0,0.0
CN7,8M,64,8,5,0,0,0,0,0,0,307.48,2459.45,3146.65,0.0,0.0,0.0,392.72,0.0,0.0,0.0
CN7,8M,64,16,1,0,0,0,0,0,0,280.42,2199.82,2352.88,0.0,0.0,0.0,293.93,0.0,0.0,0.0
CN7,8M,64,16,2,0,0,0,0,0,0,307.52,2459.79,2686.38,0.0,0.0,0.0,335.27,0.0,0.0,0.0
CN7,8M,64,16,3,0,0,0,0,0,0,291.72,2267.16,3041.06,0.0,0.0,0.0,379.92,0.0,0.0,0.0
CN7,8M,64,16,4,0,0,0,0,0,0,288.99,2311.57,2590.22,0.0,0.0,0.0,323.27,0.0,0.0,0.0
CN7,8M,64,16,5,0,0,0,0,0,0,233.56,1868.31,3047.27,0.0,0.0,0.0,380.72,0.0,0.0,0.0
CN7,16M,32,1,1,0,0,0,0,0,0,150.04,2335.95,2215.27,0.0,0.0,0.0,275.12,0.0,0.0,0.0
CN7,16M,32,1,2,0,0,0,0,0,0,153.06,2448.70,2704.87,0.0,0.0,0.0,337.52,0.0,0.0,0.0
CN7,16M,32,1,3,0,0,0,0,0,0,147.05,2252.02,2240.27,0.0,0.0,0.0,279.92,0.0,0.0,0.0
CN7,16M,32,1,4,0,0,0,0,0,0,141.60,2257.33,2109.07,0.0,0.0,0.0,263.12,0.0,0.0,0.0
CN7,16M,32,1,5,0,0,0,0,0,0,140.99,2241.28,3036.6,0.0,0.0,0.0,378.9,0.0,0.0,0.0
CN7,16M,32,2,1,0,0,0,0,0,0,148.34,2370.24,2733.48,0.0,0.0,0.0,341.52,0.0,0.0,0.0
CN7,16M,32,2,2,0,0,0,0,0,0,154.63,2398.52,2070.68,0.0,0.0,0.0,258.32,0.0,0.0,0.0
CN7,16M,32,2,3,0,0,0,0,0,0,147.41,2344.94,2680.1,0.0,0.0,0.0,334.9,0.0,0.0,0.0
CN7,16M,32,2,4,0,0,0,0,0,0,114.24,1818.40,2824.36,0.0,0.0,0.0,350.9,0.0,0.0,0.0
CN7,16M,32,2,5,0,0,0,0,0,0,158.30,2520.91,2308.11,0.0,0.0,0.0,287.9,0.0,0.0,0.0
CN7,16M,32,4,1,0,0,0,0,0,0,143.26,2289.41,3324.86,0.0,0.0,0.0,414.9,0.0,0.0,0.0
CN7,16M,32,4,2,0,0,0,0,0,0,148.92,2313.31,2188.89,0.0,0.0,0.0,273.52,0.0,0.0,0.0
CN7,16M,32,4,3,0,0,0,0,0,0,143.30,2282.38,2764.61,0.0,0.0,0.0,344.9,0.0,0.0,0.0
CN7,16M,32,4,4,0,0,0,0,0,0,156.32,2500.60,3200.61,0.0,0.0,0.0,399.9,0.0,0.0,0.0
CN7,16M,32,4,5,0,0,0,0,0,0,148.80,2377.55,2820.62,0.0,0.0,0.0,351.91,0.0,0.0,0.0
CN7,16M,32,8,1,0,0,0,0,0,0,145.78,2322.55,3477.37,0.0,0.0,0.0,431.49,0.0,0.0,0.0
CN7,16M,32,8,2,0,0,0,0,0,0,147.19,2268.59,2792.37,0.0,0.0,0.0,346.91,0.0,0.0,0.0
CN7,16M,32,8,3,0,0,0,0,0,0,156.61,2412.03,2339.7,0.0,0.0,0.0,291.92,0.0,0.0,0.0
CN7,16M,32,8,4,0,0,0,0,0,0,149.89,2364.84,2470.9,0.0,0.0,0.0,308.73,0.0,0.0,0.0
CN7,16M,32,8,5,0,0,0,0,0,0,152.12,2349.68,2548.38,0.0,0.0,0.0,317.91,0.0,0.0,0.0
CN7,16M,32,16,1,0,0,0,0,0,0,156.16,2493.87,2274.91,0.0,0.0,0.0,283.93,0.0,0.0,0.0
CN7,16M,32,16,2,0,0,0,0,0,0,144.26,2296.52,2137.71,0.0,0.0,0.0,267.13,0.0,0.0,0.0
CN7,16M,32,16,3,0,0,0,0,0,0,143.42,2281.87,1936.31,0.0,0.0,0.0,241.53,0.0,0.0,0.0
CN7,16M,32,16,4,0,0,0,0,0,0,142.63,2206.90,1927.91,0.0,0.0,0.0,240.74,0.0,0.0,0.0
CN7,16M,32,16,5,0,0,0,0,0,0,155.94,2494.81,3018.89,0.0,0.0,0.0,374.93,0.0,0.0,0.0
CN7,16M,64,1,1,0,0,0,0,0,0,164.17,2608.62,2312.22,0.0,0.0,0.0,288.52,0.0,0.0,0.0
CN7,16M,64,1,2,0,0,0,0,0,0,111.93,1787.35,3776.1,0.0,0.0,0.0,471.27,0.0,0.0,0.0
CN7,16M,64,1,3,0,0,0,0,0,0,159.04,2509.80,2433.43,0.0,0.0,0.0,303.94,0.0,0.0,0.0
CN7,16M,64,1,4,0,0,0,0,0,0,155.97,2495.30,3035.23,0.0,0.0,0.0,378.81,0.0,0.0,0.0
CN7,16M,64,1,5,0,0,0,0,0,0,162.37,2492.35,2058.09,0.0,0.0,0.0,257.09,0.0,0.0,0.0
CN7,16M,64,2,1,0,0,0,0,0,0,170.48,2727.35,2932.44,0.0,0.0,0.0,365.94,0.0,0.0,0.0
CN7,16M,64,2,2,0,0,0,0,0,0,193.02,3056.72,3596.94,0.0,0.0,0.0,449.27,0.0,0.0,0.0
CN7,16M,64,2,3,0,0,0,0,0,0,164.05,2624.65,2915.62,0.0,0.0,0.0,362.63,0.0,0.0,0.0
CN7,16M,64,2,4,0,0,0,0,0,0,173.46,2760.66,2290.24,0.0,0.0,0.0,285.66,0.0,0.0,0.0
CN7,16M,64,2,5,0,0,0,0,0,0,155.36,2461.71,2266.1,0.0,0.0,0.0,282.83,0.0,0.0,0.0
CN7,16M,64,4,1,0,0,0,0,0,0,163.94,2622.76,3479.12,0.0,0.0,0.0,428.94,0.0,0.0,0.0
CN7,16M,64,4,2,0,0,0,0,0,0,154.16,2437.06,2820.96,0.0,0.0,0.0,351.94,0.0,0.0,0.0
CN7,16M,64,4,3,0,0,0,0,0,0,177.29,2752.65,2647.46,0.0,0.0,0.0,330.61,0.0,0.0,0.0
CN7,16M,64,4,4,0,0,0,0,0,0,179.28,2844.33,2773.73,0.0,0.0,0.0,346.07,0.0,0.0,0.0
CN7,16M,64,4,5,0,0,0,0,0,0,166.08,2650.40,3672.3,0.0,0.0,0.0,458.61,0.0,0.0,0.0
CN7,16M,64,8,1,0,0,0,0,0,0,180.29,2836.43,3224.3,0.0,0.0,0.0,401.28,0.0,0.0,0.0
CN7,16M,64,8,2,0,0,0,0,0,0,157.75,2523.83,3093.31,0.0,0.0,0.0,385.94,0.0,0.0,0.0
CN7,16M,64,8,3,0,0,0,0,0,0,155.83,2493.01,3264.31,0.0,0.0,0.0,407.28,0.0,0.0,0.0
CN7,16M,64,8,4,0,0,0,0,0,0,159.81,2556.86,2866.31,0.0,0.0,0.0,357.95,0.0,0.0,0.0
CN7,16M,64,8,5,0,0,0,0,0,0,152.57,2425.77,2765.47,0.0,0.0,0.0,345.05,0.0,0.0,0.0
CN7,16M,64,16,1,0,0,0,0,0,0,183.03,2928.18,3308.65,0.0,0.0,0.0,413.28,0.0,0.0,0.0
CN7,16M,64,16,2,0,0,0,0,0,0,146.91,2350.37,2703.16,0.0,0.0,0.0,337.28,0.0,0.0,0.0
CN7,16M,64,16,3,0,0,0,0,0,0,167.49,2637.95,2437.99,0.0,0.0,0.0,304.53,0.0,0.0,0.0
CN7,16M,64,16,4,0,0,0,0,0,0,163.97,2612.45,2836.83,0.0,0.0,0.0,353.28,0.0,0.0,0.0
CN7,16M,64,16,5,0,0,0,0,0,0,179.93,2845.52,2831.0,0.0,0.0,0.0,353.28,0.0,0.0,0.0
CN7,32M,32,1,1,0,0,0,0,0,0,54.96,1755.52,3217.75,0.0,0.0,0.0,401.93,0.0,0.0,0.0
CN7,32M,32,1,2,0,0,0,0,0,0,84.45,2696.11,3288.0,0.0,0.0,0.0,410.34,0.0,0.0,0.0
CN7,32M,32,1,3,0,0,0,0,0,0,85.35,2730.78,4742.26,0.0,0.0,0.0,591.92,0.0,0.0,0.0
CN7,32M,32,1,4,0,0,0,0,0,0,82.78,2639.98,3503.81,0.0,0.0,0.0,437.56,0.0,0.0,0.0
CN7,32M,32,1,5,0,0,0,0,0,0,95.41,3050.54,3277.61,0.0,0.0,0.0,408.76,0.0,0.0,0.0
CN7,32M,32,2,1,0,0,0,0,0,0,84.58,2699.74,4008.01,0.0,0.0,0.0,499.95,0.0,0.0,0.0
CN7,32M,32,2,2,0,0,0,0,0,0,81.90,2573.81,3266.02,0.0,0.0,0.0,406.36,0.0,0.0,0.0
CN7,32M,32,2,3,0,0,0,0,0,0,82.44,2627.34,3300.82,0.0,0.0,0.0,411.94,0.0,0.0,0.0
CN7,32M,32,2,4,0,0,0,0,0,0,87.03,2752.76,2935.62,0.0,0.0,0.0,366.34,0.0,0.0,0.0
CN7,32M,32,2,5,0,0,0,0,0,0,82.37,2632.65,4290.03,0.0,0.0,0.0,535.93,0.0,0.0,0.0
CN7,32M,32,4,1,0,0,0,0,0,0,76.77,2439.92,4312.03,0.0,0.0,0.0,537.96,0.0,0.0,0.0
CN7,32M,32,4,2,0,0,0,0,0,0,80.27,2566.55,4474.04,0.0,0.0,0.0,558.93,0.0,0.0,0.0
CN7,32M,32,4,3,0,0,0,0,0,0,87.04,2739.22,4326.55,0.0,0.0,0.0,539.93,0.0,0.0,0.0
CN7,32M,32,4,4,0,0,0,0,0,0,85.58,2671.19,3323.04,0.0,0.0,0.0,415.14,0.0,0.0,0.0
CN7,32M,32,4,5,0,0,0,0,0,0,89.83,2855.24,3631.24,0.0,0.0,0.0,451.94,0.0,0.0,0.0
CN7,32M,32,8,1,0,0,0,0,0,0,52.19,1666.35,2972.87,0.0,0.0,0.0,370.62,0.0,0.0,0.0
CN7,32M,32,8,2,0,0,0,0,0,0,80.43,2565.94,4659.56,0.0,0.0,0.0,581.95,0.0,0.0,0.0
CN7,32M,32,8,3,0,0,0,0,0,0,74.78,2388.34,3512.65,0.0,0.0,0.0,438.34,0.0,0.0,0.0
CN7,32M,32,8,4,0,0,0,0,0,0,86.83,2778.41,4053.57,0.0,0.0,0.0,505.93,0.0,0.0,0.0
CN7,32M,32,8,5,0,0,0,0,0,0,82.76,2640.79,3175.66,0.0,0.0,0.0,396.74,0.0,0.0,0.0
CN7,32M,32,16,1,0,0,0,0,0,0,83.29,2619.89,4428.66,0.0,0.0,0.0,552.74,0.0,0.0,0.0
CN7,32M,32,16,2,0,0,0,0,0,0,86.43,2720.16,4003.39,0.0,0.0,0.0,500.16,0.0,0.0,0.0
CN7,32M,32,16,3,0,0,0,0,0,0,86.25,2726.18,4058.09,0.0,0.0,0.0,504.93,0.0,0.0,0.0
CN7,32M,32,16,4,0,0,0,0,0,0,82.84,2596.59,3005.87,0.0,0.0,0.0,375.15,0.0,0.0,0.0
CN7,32M,32,16,5,0,0,0,0,0,0,54.29,1734.97,3409.68,0.0,0.0,0.0,425.55,0.0,0.0,0.0
CN7,32M,64,1,1,0,0,0,0,0,0,87.94,2813.99,5040.8,0.0,0.0,0.0,622.8,0.0,0.0,0.0
CN7,32M,64,1,2,0,0,0,0,0,0,59.33,1898.65,3881.56,0.0,0.0,0.0,484.49,0.0,0.0,0.0
CN7,32M,64,1,3,0,0,0,0,0,0,68.88,2204.09,4652.18,0.0,0.0,0.0,580.99,0.0,0.0,0.0
CN7,32M,64,1,4,0,0,0,0,0,0,74.56,2379.62,4109.81,0.0,0.0,0.0,512.99,0.0,0.0,0.0
CN7,32M,64,1,5,0,0,0,0,0,0,62.93,2013.82,4556.57,0.0,0.0,0.0,569.0,0.0,0.0,0.0
CN7,32M,64,2,1,0,0,0,0,0,0,51.51,1647.94,4918.66,0.0,0.0,0.0,613.11,0.0,0.0,0.0
CN7,32M,64,2,2,0,0,0,0,0,0,56.00,1788.83,4620.95,0.0,0.0,0.0,576.56,0.0,0.0,0.0
CN7,32M,64,2,3,0,0,0,0,0,0,45.87,1466.05,4264.33,0.0,0.0,0.0,532.5,0.0,0.0,0.0
CN7,32M,64,2,4,0,0,0,0,0,0,47.24,1511.76,4350.09,0.0,0.0,0.0,543.0,0.0,0.0,0.0
CN7,32M,64,2,5,0,0,0,0,0,0,63.94,2045.37,4765.53,0.0,0.0,0.0,594.83,0.0,0.0,0.0
CN7,32M,64,4,1,0,0,0,0,0,0,40.16,1284.94,4292.75,0.0,0.0,0.0,535.98,0.0,0.0,0.0
CN7,32M,64,4,2,0,0,0,0,0,0,45.23,1447.43,4122.35,0.0,0.0,0.0,514.5,0.0,0.0,0.0
CN7,32M,64,4,3,0,0,0,0,0,0,57.04,1824.67,4388.23,0.0,0.0,0.0,548.0,0.0,0.0,0.0
CN7,32M,64,4,4,0,0,0,0,0,0,50.06,1586.84,4168.24,0.0,0.0,0.0,519.52,0.0,0.0,0.0
CN7,32M,64,4,5,0,0,0,0,0,0,56.41,1802.64,4106.11,0.0,0.0,0.0,512.5,0.0,0.0,0.0
CN7,32M,64,8,1,0,0,0,0,0,0,51.69,1654.07,4354.49,0.0,0.0,0.0,543.5,0.0,0.0,0.0
CN7,32M,64,8,2,0,0,0,0,0,0,43.01,1376.19,4272.25,0.0,0.0,0.0,533.5,0.0,0.0,0.0
CN7,32M,64,8,3,0,0,0,0,0,0,49.84,1592.99,4426.38,0.0,0.0,0.0,552.5,0.0,0.0,0.0
CN7,32M,64,8,4,0,0,0,0,0,0,47.51,1518.14,3815.63,0.0,0.0,0.0,476.5,0.0,0.0,0.0
CN7,32M,64,8,5,0,0,0,0,0,0,50.21,1599.99,4463.76,0.0,0.0,0.0,557.0,0.0,0.0,0.0
CN7,32M,64,16,1,0,0,0,0,0,0,49.61,1587.34,4773.35,0.0,0.0,0.0,594.11,0.0,0.0,0.0
CN7,32M,64,16,2,0,0,0,0,0,0,62.10,1986.01,3700.91,0.0,0.0,0.0,461.16,0.0,0.0,0.0
CN7,32M,64,16,3,0,0,0,0,0,0,59.95,1915.75,4658.9,0.0,0.0,0.0,581.51,0.0,0.0,0.0
CN7,32M,64,16,4,0,0,0,0,0,0,52.47,1678.72,3603.66,0.0,0.0,0.0,450.0,0.0,0.0,0.0
CN7,32M,64,16,5,0,0,0,0,0,0,50.30,1608.93,4610.79,0.0,0.0,0.0,575.51,0.0,0.0,0.0
CN7,64M,32,1,1,0,0,0,0,0,0,35.47,2258.06,3992.33,0.0,0.0,0.0,498.29,0.0,0.0,0.0
CN7,64M,32,1,2,0,0,0,0,0,0,26.66,1705.03,5342.56,0.0,0.0,0.0,667.31,0.0,0.0,0.0
CN7,64M,32,1,3,0,0,0,0,0,0,23.82,1521.95,4797.63,0.0,0.0,0.0,598.87,0.0,0.0,0.0
CN7,64M,32,1,4,0,0,0,0,0,0,20.83,1331.91,5486.9,0.0,0.0,0.0,685.31,0.0,0.0,0.0
CN7,64M,32,1,5,0,0,0,0,0,0,35.97,2299.22,5546.24,0.0,0.0,0.0,691.33,0.0,0.0,0.0
CN7,64M,32,2,1,0,0,0,0,0,0,28.53,1819.48,4660.21,0.0,0.0,0.0,581.72,0.0,0.0,0.0
CN7,64M,32,2,2,0,0,0,0,0,0,27.54,1761.95,5421.09,0.0,0.0,0.0,676.65,0.0,0.0,0.0
CN7,64M,32,2,3,0,0,0,0,0,0,19.33,1237.06,4630.37,0.0,0.0,0.0,578.3,0.0,0.0,0.0
CN7,64M,32,2,4,0,0,0,0,0,0,24.15,1544.10,4902.37,0.0,0.0,0.0,611.98,0.0,0.0,0.0
CN7,64M,32,2,5,0,0,0,0,0,0,29.83,1907.92,5652.27,0.0,0.0,0.0,705.98,0.0,0.0,0.0
CN7,64M,32,4,1,0,0,0,0,0,0,20.66,1321.34,4797.1,0.0,0.0,0.0,598.84,0.0,0.0,0.0
CN7,64M,32,4,2,0,0,0,0,0,0,26.94,1723.86,5252.62,0.0,0.0,0.0,655.98,0.0,0.0,0.0
CN7,64M,32,4,3,0,0,0,0,0,0,25.70,1644.16,5626.29,0.0,0.0,0.0,701.32,0.0,0.0,0.0
CN7,64M,32,4,4,0,0,0,0,0,0,29.73,1896.06,4757.97,0.0,0.0,0.0,593.73,0.0,0.0,0.0
CN7,64M,32,4,5,0,0,0,0,0,0,24.97,1588.00,5646.8,0.0,0.0,0.0,705.32,0.0,0.0,0.0
CN7,64M,32,8,1,0,0,0,0,0,0,38.32,2450.00,5484.64,0.0,0.0,0.0,684.65,0.0,0.0,0.0
CN7,64M,32,8,2,0,0,0,0,0,0,30.33,1937.90,4641.56,0.0,0.0,0.0,579.44,0.0,0.0,0.0
CN7,64M,32,8,3,0,0,0,0,0,0,31.17,1994.53,4575.42,0.0,0.0,0.0,571.45,0.0,0.0,0.0
CN7,64M,32,8,4,0,0,0,0,0,0,28.50,1822.91,4794.71,0.0,0.0,0.0,598.3,0.0,0.0,0.0
CN7,64M,32,8,5,0,0,0,0,0,0,26.08,1662.70,5411.03,0.0,0.0,0.0,675.87,0.0,0.0,0.0
CN7,64M,32,16,1,0,0,0,0,0,0,21.42,1369.46,4704.15,0.0,0.0,0.0,586.33,0.0,0.0,0.0
CN7,64M,32,16,2,0,0,0,0,0,0,27.40,1753.46,5390.18,0.0,0.0,0.0,672.69,0.0,0.0,0.0
CN7,64M,32,16,3,0,0,0,0,0,0,24.29,1554.10,6194.52,0.0,0.0,0.0,773.32,0.0,0.0,0.0
CN7,64M,32,16,4,0,0,0,0,0,0,25.61,1635.78,5241.36,0.0,0.0,0.0,654.66,0.0,0.0,0.0
CN7,64M,32,16,5,0,0,0,0,0,0,24.09,1539.60,4335.45,0.0,0.0,0.0,541.14,0.0,0.0,0.0
CN7,64M,64,1,1,0,0,0,0,0,0,14.02,897.49,6503.09,0.0,0.0,0.0,812.03,0.0,0.0,0.0
CN7,64M,64,1,2,0,0,0,0,0,0,14.89,952.52,6642.25,0.0,0.0,0.0,829.29,0.0,0.0,0.0
CN7,64M,64,1,3,0,0,0,0,0,0,15.43,987.56,7258.7,0.0,0.0,0.0,906.39,0.0,0.0,0.0
CN7,64M,64,1,4,0,0,0,0,0,0,14.91,952.85,6548.42,0.0,0.0,0.0,817.01,0.0,0.0,0.0
CN7,64M,64,1,5,0,0,0,0,0,0,15.17,969.84,6551.12,0.0,0.0,0.0,817.88,0.0,0.0,0.0
CN7,64M,64,2,1,0,0,0,0,0,0,15.02,961.14,6116.62,0.0,0.0,0.0,763.77,0.0,0.0,0.0
CN7,64M,64,2,2,0,0,0,0,0,0,14.48,926.30,7027.82,0.0,0.0,0.0,877.4,0.0,0.0,0.0
CN7,64M,64,2,3,0,0,0,0,0,0,14.97,957.22,6501.3,0.0,0.0,0.0,811.73,0.0,0.0,0.0
CN7,64M,64,2,4,0,0,0,0,0,0,15.99,1018.92,6676.39,0.0,0.0,0.0,833.63,0.0,0.0,0.0
CN7,64M,64,2,5,0,0,0,0,0,0,15.74,1006.71,6681.32,0.0,0.0,0.0,834.19,0.0,0.0,0.0
CN7,64M,64,4,1,0,0,0,0,0,0,15.33,980.76,6461.48,0.0,0.0,0.0,806.81,0.0,0.0,0.0
CN7,64M,64,4,2,0,0,0,0,0,0,15.24,975.27,6593.02,0.0,0.0,0.0,822.56,0.0,0.0,0.0
CN7,64M,64,4,3,0,0,0,0,0,0,17.09,1093.99,7237.95,0.0,0.0,0.0,903.71,0.0,0.0,0.0
CN7,64M,64,4,4,0,0,0,0,0,0,15.15,969.71,6152.89,0.0,0.0,0.0,768.09,0.0,0.0,0.0
CN7,64M,64,4,5,0,0,0,0,0,0,14.97,958.39,7087.05,0.0,0.0,0.0,885.04,0.0,0.0,0.0
CN7,64M,64,8,1,0,0,0,0,0,0,15.31,978.97,6156.98,0.0,0.0,0.0,768.64,0.0,0.0,0.0
CN7,64M,64,8,2,0,0,0,0,0,0,14.26,912.92,6511.52,0.0,0.0,0.0,813.02,0.0,0.0,0.0
CN7,64M,64,8,3,0,0,0,0,0,0,15.10,965.61,6600.61,0.0,0.0,0.0,824.08,0.0,0.0,0.0
CN7,64M,64,8,4,0,0,0,0,0,0,14.30,914.92,6599.77,0.0,0.0,0.0,824.1,0.0,0.0,0.0
CN7,64M,64,8,5,0,0,0,0,0,0,15.37,983.78,6540.78,0.0,0.0,0.0,816.07,0.0,0.0,0.0
CN7,64M,64,16,1,0,0,0,0,0,0,14.39,919.35,6489.71,0.0,0.0,0.0,810.2,0.0,0.0,0.0
CN7,64M,64,16,2,0,0,0,0,0,0,16.78,1073.74,7197.36,0.0,0.0,0.0,898.75,0.0,0.0,0.0
CN7,64M,64,16,3,0,0,0,0,0,0,15.23,974.94,6701.34,0.0,0.0,0.0,836.67,0.0,0.0,0.0
CN7,64M,64,16,4,0,0,0,0,0,0,14.96,957.68,6564.04,0.0,0.0,0.0,819.47,0.0,0.0,0.0
CN7,64M,64,16,5,0,0,0,0,0,0,15.03,962.01,6611.74,0.0,0.0,0.0,825.62,0.0,0.0,0.0
CN7,128M,32,1,1,0,0,0,0,0,0,8.06,1028.65,8186.37,0.0,0.0,0.0,1022.07,0.0,0.0,0.0
CN7,128M,32,1,2,0,0,0,0,0,0,9.26,1184.60,9047.76,0.0,0.0,0.0,1129.85,0.0,0.0,0.0
CN7,128M,32,1,3,0,0,0,0,0,0,7.88,1007.83,8075.89,0.0,0.0,0.0,1007.68,0.0,0.0,0.0
CN7,128M,32,1,4,0,0,0,0,0,0,8.40,1075.15,8080.5,0.0,0.0,0.0,1008.87,0.0,0.0,0.0
CN7,128M,32,1,5,0,0,0,0,0,0,7.98,1020.51,8068.01,0.0,0.0,0.0,1007.27,0.0,0.0,0.0
CN7,128M,32,2,1,0,0,0,0,0,0,9.46,1210.95,8243.22,0.0,0.0,0.0,1029.28,0.0,0.0,0.0
CN7,128M,32,2,2,0,0,0,0,0,0,9.27,1186.30,9234.7,0.0,0.0,0.0,1152.97,0.0,0.0,0.0
CN7,128M,32,2,3,0,0,0,0,0,0,8.42,1077.39,8048.94,0.0,0.0,0.0,1004.94,0.0,0.0,0.0
CN7,128M,32,2,4,0,0,0,0,0,0,9.16,1171.85,8875.16,0.0,0.0,0.0,1108.08,0.0,0.0,0.0
CN7,128M,32,2,5,0,0,0,0,0,0,8.86,1133.85,8072.46,0.0,0.0,0.0,1008.08,0.0,0.0,0.0
CN7,128M,32,4,1,0,0,0,0,0,0,8.34,1066.71,8991.18,0.0,0.0,0.0,1121.88,0.0,0.0,0.0
CN7,128M,32,4,2,0,0,0,0,0,0,8.27,1057.71,8218.48,0.0,0.0,0.0,1026.08,0.0,0.0,0.0
CN7,128M,32,4,3,0,0,0,0,0,0,9.09,1163.10,8990.76,0.0,0.0,0.0,1122.75,0.0,0.0,0.0
CN7,128M,32,4,4,0,0,0,0,0,0,9.24,1182.87,9106.77,0.0,0.0,0.0,1136.98,0.0,0.0,0.0
CN7,128M,32,4,5,0,0,0,0,0,0,7.94,1015.37,8247.0,0.0,0.0,0.0,1029.68,0.0,0.0,0.0
CN7,128M,32,8,1,0,0,0,0,0,0,8.15,1043.21,8149.01,0.0,0.0,0.0,1017.68,0.0,0.0,0.0
CN7,128M,32,8,2,0,0,0,0,0,0,8.45,1081.22,8992.69,0.0,0.0,0.0,1122.76,0.0,0.0,0.0
CN7,128M,32,8,3,0,0,0,0,0,0,9.03,1155.53,8203.83,0.0,0.0,0.0,1024.49,0.0,0.0,0.0
CN7,128M,32,8,4,0,0,0,0,0,0,8.40,1074.98,8894.71,0.0,0.0,0.0,1109.89,0.0,0.0,0.0
CN7,128M,32,8,5,0,0,0,0,0,0,8.84,1131.00,8673.35,0.0,0.0,0.0,1082.92,0.0,0.0,0.0
CN7,128M,32,16,1,0,0,0,0,0,0,8.99,1150.44,8132.16,0.0,0.0,0.0,1015.29,0.0,0.0,0.0
CN7,128M,32,16,2,0,0,0,0,0,0,7.72,987.96,8020.97,0.0,0.0,0.0,1001.69,0.0,0.0,0.0
CN7,128M,32,16,3,0,0,0,0,0,0,9.29,1187.90,9263.42,0.0,0.0,0.0,1156.55,0.0,0.0,0.0
CN7,128M,32,16,4,0,0,0,0,0,0,9.44,1207.95,9008.55,0.0,0.0,0.0,1124.99,0.0,0.0,0.0
CN7,128M,32,16,5,0,0,0,0,0,0,7.80,998.34,8048.4,0.0,0.0,0.0,1004.89,0.0,0.0,0.0
CN7,128M,64,1,1,0,0,0,0,0,0,5.67,725.38,10363.24,0.0,0.0,0.0,1294.02,0.0,0.0,0.0
CN7,128M,64,1,2,0,0,0,0,0,0,5.78,739.33,10433.35,0.0,0.0,0.0,1302.42,0.0,0.0,0.0
CN7,128M,64,1,3,0,0,0,0,0,0,5.64,722.33,10369.89,0.0,0.0,0.0,1294.79,0.0,0.0,0.0
CN7,128M,64,1,4,0,0,0,0,0,0,5.92,758.13,10427.09,0.0,0.0,0.0,1302.03,0.0,0.0,0.0
CN7,128M,64,1,5,0,0,0,0,0,0,5.80,741.72,10337.91,0.0,0.0,0.0,1290.79,0.0,0.0,0.0
CN7,128M,64,2,1,0,0,0,0,0,0,5.92,757.71,10388.45,0.0,0.0,0.0,1297.08,0.0,0.0,0.0
CN7,128M,64,2,2,0,0,0,0,0,0,5.46,699.43,9810.3,0.0,0.0,0.0,1225.03,0.0,0.0,0.0
CN7,128M,64,2,3,0,0,0,0,0,0,15.72,2012.18,2152.27,0.0,0.0,0.0,268.7,0.0,0.0,0.0
CN7,128M,64,2,4,0,0,0,0,0,0,5.65,722.70,9242.59,0.0,0.0,0.0,1153.96,0.0,0.0,0.0
CN7,128M,64,2,5,0,0,0,0,0,0,5.55,709.98,9832.7,0.0,0.0,0.0,1227.41,0.0,0.0,0.0
CN7,128M,64,4,1,0,0,0,0,0,0,5.61,717.92,9453.29,0.0,0.0,0.0,1180.3,0.0,0.0,0.0
CN7,128M,64,4,2,0,0,0,0,0,0,5.78,739.59,9915.91,0.0,0.0,0.0,1238.13,0.0,0.0,0.0
CN7,128M,64,4,3,0,0,0,0,0,0,5.79,740.77,10448.87,0.0,0.0,0.0,1304.71,0.0,0.0,0.0
CN7,128M,64,4,4,0,0,0,0,0,0,5.81,743.57,9853.43,0.0,0.0,0.0,1230.31,0.0,0.0,0.0
CN7,128M,64,4,5,0,0,0,0,0,0,5.62,718.97,10419.32,0.0,0.0,0.0,1301.09,0.0,0.0,0.0
CN7,128M,64,8,1,0,0,0,0,0,0,5.66,724.87,10504.67,0.0,0.0,0.0,1311.58,0.0,0.0,0.0
CN7,128M,64,8,2,0,0,0,0,0,0,5.83,746.11,9991.2,0.0,0.0,0.0,1247.6,0.0,0.0,0.0
CN7,128M,64,8,3,0,0,0,0,0,0,5.59,715.72,9854.48,0.0,0.0,0.0,1230.15,0.0,0.0,0.0
CN7,128M,64,8,4,0,0,0,0,0,0,5.72,732.71,10331.04,0.0,0.0,0.0,1289.87,0.0,0.0,0.0
CN7,128M,64,8,5,0,0,0,0,0,0,5.77,738.60,9893.59,0.0,0.0,0.0,1235.41,0.0,0.0,0.0
CN7,128M,64,16,1,0,0,0,0,0,0,5.81,742.87,10497.02,0.0,0.0,0.0,1310.63,0.0,0.0,0.0
CN7,128M,64,16,2,0,0,0,0,0,0,5.57,712.59,9946.48,0.0,0.0,0.0,1241.96,0.0,0.0,0.0
CN7,128M,64,16,3,0,0,0,0,0,0,5.62,718.82,10385.95,0.0,0.0,0.0,1296.91,0.0,0.0,0.0
CN7,128M,64,16,4,0,0,0,0,0,0,5.62,719.64,10342.77,0.0,0.0,0.0,1291.39,0.0,0.0,0.0
CN7,128M,64,16,5,0,0,0,0,0,0,5.72,732.65,9886.7,0.0,0.0,0.0,1234.51,0.0,0.0,0.0
CN7,256M,32,1,1,0,0,0,0,0,0,2.87,733.50,11234.25,0.0,0.0,0.0,1402.3,0.0,0.0,0.0
CN7,256M,32,1,2,0,0,0,0,0,0,2.94,752.65,11146.31,0.0,0.0,0.0,1391.75,0.0,0.0,0.0
CN7,256M,32,1,3,0,0,0,0,0,0,3.06,784.16,11794.45,0.0,0.0,0.0,1472.63,0.0,0.0,0.0
CN7,256M,32,1,4,0,0,0,0,0,0,2.80,717.73,11123.71,0.0,0.0,0.0,1389.02,0.0,0.0,0.0
CN7,256M,32,1,5,0,0,0,0,0,0,2.83,723.60,11753.26,0.0,0.0,0.0,1467.52,0.0,0.0,0.0
CN7,256M,32,2,1,0,0,0,0,0,0,3.01,770.51,11798.5,0.0,0.0,0.0,1473.08,0.0,0.0,0.0
CN7,256M,32,2,2,0,0,0,0,0,0,2.84,727.58,11163.48,0.0,0.0,0.0,1393.87,0.0,0.0,0.0
CN7,256M,32,2,3,0,0,0,0,0,0,2.92,746.77,11150.87,0.0,0.0,0.0,1392.4,0.0,0.0,0.0
CN7,256M,32,2,4,0,0,0,0,0,0,3.02,772.71,11777.43,0.0,0.0,0.0,1470.21,0.0,0.0,0.0
CN7,256M,32,2,5,0,0,0,0,0,0,2.88,736.33,11168.42,0.0,0.0,0.0,1394.5,0.0,0.0,0.0
CN7,256M,32,4,1,0,0,0,0,0,0,2.84,726.38,11770.12,0.0,0.0,0.0,1469.75,0.0,0.0,0.0
CN7,256M,32,4,2,0,0,0,0,0,0,2.91,744.34,11819.08,0.0,0.0,0.0,1475.76,0.0,0.0,0.0
CN7,256M,32,4,3,0,0,0,0,0,0,2.79,715.37,11894.65,0.0,0.0,0.0,1485.1,0.0,0.0,0.0
CN7,256M,32,4,4,0,0,0,0,0,0,2.77,709.55,11187.84,0.0,0.0,0.0,1397.04,0.0,0.0,0.0
CN7,256M,32,4,5,0,0,0,0,0,0,2.77,709.26,10592.21,0.0,0.0,0.0,1322.58,0.0,0.0,0.0
CN7,256M,32,8,1,0,0,0,0,0,0,2.83,724.04,11272.08,0.0,0.0,0.0,1407.57,0.0,0.0,0.0
CN7,256M,32,8,2,0,0,0,0,0,0,2.90,743.26,11140.05,0.0,0.0,0.0,1390.58,0.0,0.0,0.0
CN7,256M,32,8,3,0,0,0,0,0,0,3.04,777.46,11234.11,0.0,0.0,0.0,1402.72,0.0,0.0,0.0
CN7,256M,32,8,4,0,0,0,0,0,0,2.92,748.03,11214.8,0.0,0.0,0.0,1400.22,0.0,0.0,0.0
CN7,256M,32,8,5,0,0,0,0,0,0,2.98,763.26,11175.71,0.0,0.0,0.0,1395.57,0.0,0.0,0.0
CN7,256M,32,16,1,0,0,0,0,0,0,2.76,706.20,11158.41,0.0,0.0,0.0,1393.26,0.0,0.0,0.0
CN7,256M,32,16,2,0,0,0,0,0,0,2.90,742.11,11866.17,0.0,0.0,0.0,1481.77,0.0,0.0,0.0
CN7,256M,32,16,3,0,0,0,0,0,0,2.92,748.49,11840.68,0.0,0.0,0.0,1478.44,0.0,0.0,0.0
CN7,256M,32,16,4,0,0,0,0,0,0,2.98,762.08,11834.42,0.0,0.0,0.0,1477.78,0.0,0.0,0.0
CN7,256M,32,16,5,0,0,0,0,0,0,2.99,765.32,11751.21,0.0,0.0,0.0,1466.91,0.0,0.0,0.0
CN7,256M,64,1,1,0,0,0,0,0,0,2.53,646.61,12624.11,0.0,0.0,0.0,1576.29,0.0,0.0,0.0
CN7,256M,64,1,2,0,0,0,0,0,0,2.54,649.94,12036.17,0.0,0.0,0.0,1502.88,0.0,0.0,0.0
CN7,256M,64,1,3,0,0,0,0,0,0,2.43,623.14,12657.53,0.0,0.0,0.0,1580.5,0.0,0.0,0.0
CN7,256M,64,1,4,0,0,0,0,0,0,2.54,650.97,12280.89,0.0,0.0,0.0,1533.45,0.0,0.0,0.0
CN7,256M,64,1,5,0,0,0,0,0,0,2.48,634.95,12283.78,0.0,0.0,0.0,1533.83,0.0,0.0,0.0
CN7,256M,64,2,1,0,0,0,0,0,0,2.47,632.56,12361.64,0.0,0.0,0.0,1543.48,0.0,0.0,0.0
CN7,256M,64,2,2,0,0,0,0,0,0,2.44,623.89,12054.29,0.0,0.0,0.0,1505.15,0.0,0.0,0.0
CN7,256M,64,2,3,0,0,0,0,0,0,2.47,633.05,12945.44,0.0,0.0,0.0,1616.21,0.0,0.0,0.0
CN7,256M,64,2,4,0,0,0,0,0,0,2.45,627.06,13030.24,0.0,0.0,0.0,1626.82,0.0,0.0,0.0
CN7,256M,64,2,5,0,0,0,0,0,0,2.49,636.70,12011.06,0.0,0.0,0.0,1499.79,0.0,0.0,0.0
CN7,256M,64,4,1,0,0,0,0,0,0,2.43,621.01,11994.27,0.0,0.0,0.0,1497.73,0.0,0.0,0.0
CN7,256M,64,4,2,0,0,0,0,0,0,2.53,646.76,11967.58,0.0,0.0,0.0,1494.15,0.0,0.0,0.0
CN7,256M,64,4,3,0,0,0,0,0,0,2.44,625.25,12379.4,0.0,0.0,0.0,1545.83,0.0,0.0,0.0
CN7,256M,64,4,4,0,0,0,0,0,0,2.50,640.01,12932.32,0.0,0.0,0.0,1614.81,0.0,0.0,0.0
CN7,256M,64,4,5,0,0,0,0,0,0,2.53,647.56,12645.53,0.0,0.0,0.0,1579.05,0.0,0.0,0.0
CN7,256M,64,8,1,0,0,0,0,0,0,2.49,638.59,12689.1,0.0,0.0,0.0,1584.22,0.0,0.0,0.0
CN7,256M,64,8,2,0,0,0,0,0,0,2.50,640.19,11791.28,0.0,0.0,0.0,1472.25,0.0,0.0,0.0
CN7,256M,64,8,3,0,0,0,0,0,0,2.46,629.88,12001.25,0.0,0.0,0.0,1498.6,0.0,0.0,0.0
CN7,256M,64,8,4,0,0,0,0,0,0,2.44,624.13,12638.6,0.0,0.0,0.0,1578.12,0.0,0.0,0.0
CN7,256M,64,8,5,0,0,0,0,0,0,2.43,622.75,12637.03,0.0,0.0,0.0,1577.91,0.0,0.0,0.0
CN7,256M,64,16,1,0,0,0,0,0,0,2.47,631.19,12630.52,0.0,0.0,0.0,1577.17,0.0,0.0,0.0
CN7,256M,64,16,2,0,0,0,0,0,0,2.50,640.60,12057.16,0.0,0.0,0.0,1505.51,0.0,0.0,0.0
CN7,256M,64,16,3,0,0,0,0,0,0,2.46,630.03,12629.34,0.0,0.0,0.0,1576.97,0.0,0.0,0.0
CN7,256M,64,16,4,0,0,0,0,0,0,2.43,622.53,12991.64,0.0,0.0,0.0,1621.98,0.0,0.0,0.0
CN7,256M,64,16,5,0,0,0,0,0,0,2.45,628.16,12587.77,0.0,0.0,0.0,1571.81,0.0,0.0,0.0
