0829-1554
CN9,1M,32,1,1,0,0,0,0,0,0,541.21,532.78,243.79,0.0,0.0,0.0,26.13,0.0,0.0,0.0
CN9,1M,32,1,2,0,0,0,0,0,0,513.49,501.65,166.54,0.0,0.0,0.0,20.51,0.0,0.0,0.0
CN9,1M,32,1,3,0,0,0,0,0,0,543.37,531.09,118.38,0.0,0.0,0.0,15.11,0.0,0.0,0.0
CN9,1M,32,1,4,0,0,0,0,0,0,491.69,477.43,180.28,0.0,0.0,0.0,22.52,0.0,0.0,0.0
CN9,1M,32,1,5,0,0,0,0,0,0,687.46,660.87,211.28,0.0,0.0,0.0,26.53,0.0,0.0,0.0
CN9,1M,32,2,1,0,0,0,0,0,0,588.40,579.11,71.04,0.0,0.0,0.0,9.2,0.0,0.0,0.0
CN9,1M,32,2,2,0,0,0,0,0,0,764.36,763.44,166.28,0.0,0.0,0.0,19.81,0.0,0.0,0.0
CN9,1M,32,2,3,0,0,0,0,0,0,750.81,745.82,232.04,0.0,0.0,0.0,27.99,0.0,0.0,0.0
CN9,1M,32,2,4,0,0,0,0,0,0,910.80,702.81,197.71,0.0,0.0,0.0,23.33,0.0,0.0,0.0
CN9,1M,32,2,5,0,0,0,0,0,0,530.54,470.51,145.03,0.0,0.0,0.0,18.18,0.0,0.0,0.0
CN9,1M,32,4,1,0,0,0,0,0,0,680.21,666.25,141.78,0.0,0.0,0.0,16.92,0.0,0.0,0.0
CN9,1M,32,4,2,0,0,0,0,0,0,472.71,403.35,138.53,0.0,0.0,0.0,17.09,0.0,0.0,0.0
CN9,1M,32,4,3,0,0,0,0,0,0,508.64,447.66,209.53,0.0,0.0,0.0,26.39,0.0,0.0,0.0
CN9,1M,32,4,4,0,0,0,0,0,0,675.67,647.33,93.27,0.0,0.0,0.0,11.9,0.0,0.0,0.0
CN9,1M,32,4,5,0,0,0,0,0,0,598.69,592.41,188.36,0.0,0.0,0.0,23.86,0.0,0.0,0.0
CN9,1M,32,8,1,0,0,0,0,0,0,597.22,522.03,137.02,0.0,0.0,0.0,16.85,0.0,0.0,0.0
CN9,1M,32,8,2,0,0,0,0,0,0,585.26,571.28,137.52,0.0,0.0,0.0,15.82,0.0,0.0,0.0
CN9,1M,32,8,3,0,0,0,0,0,0,583.36,511.89,240.77,0.0,0.0,0.0,29.59,0.0,0.0,0.0
CN9,1M,32,8,4,0,0,0,0,0,0,746.02,741.49,175.69,0.0,0.0,0.0,22.21,0.0,0.0,0.0
CN9,1M,32,8,5,0,0,0,0,0,0,394.94,389.70,127.69,0.0,0.0,0.0,15.96,0.0,0.0,0.0
CN9,1M,32,16,1,0,0,0,0,0,0,653.60,633.40,146.01,0.0,0.0,0.0,17.84,0.0,0.0,0.0
CN9,1M,32,16,2,0,0,0,0,0,0,732.76,707.72,136.51,0.0,0.0,0.0,16.32,0.0,0.0,0.0
CN9,1M,32,16,3,0,0,0,0,0,0,557.61,547.12,171.01,0.0,0.0,0.0,20.62,0.0,0.0,0.0
CN9,1M,32,16,4,0,0,0,0,0,0,750.38,749.92,226.35,0.0,0.0,0.0,28.34,0.0,0.0,0.0
CN9,1M,32,16,5,0,0,0,0,0,0,876.63,850.65,187.68,0.0,0.0,0.0,22.07,0.0,0.0,0.0
CN9,1M,64,1,1,0,0,0,0,0,0,833.65,687.78,275.51,0.0,0.0,0.0,33.65,0.0,0.0,0.0
CN9,1M,64,1,2,0,0,0,0,0,0,505.54,505.45,336.51,0.0,0.0,0.0,41.3,0.0,0.0,0.0
CN9,1M,64,1,3,0,0,0,0,0,0,645.33,614.58,274.01,0.0,0.0,0.0,33.44,0.0,0.0,0.0
CN9,1M,64,1,4,0,0,0,0,0,0,653.34,646.47,275.41,0.0,0.0,0.0,34.53,0.0,0.0,0.0
CN9,1M,64,1,5,0,0,0,0,0,0,676.53,667.44,318.0,0.0,0.0,0.0,39.91,0.0,0.0,0.0
CN9,1M,64,2,1,0,0,0,0,0,0,571.53,571.40,323.0,0.0,0.0,0.0,39.75,0.0,0.0,0.0
CN9,1M,64,2,2,0,0,0,0,0,0,664.65,660.01,250.8,0.0,0.0,0.0,31.51,0.0,0.0,0.0
CN9,1M,64,2,3,0,0,0,0,0,0,997.91,993.54,393.0,0.0,0.0,0.0,47.05,0.0,0.0,0.0
CN9,1M,64,2,4,0,0,0,0,0,0,652.01,586.14,340.4,0.0,0.0,0.0,42.71,0.0,0.0,0.0
CN9,1M,64,2,5,0,0,0,0,0,0,738.17,702.73,212.2,0.0,0.0,0.0,26.15,0.0,0.0,0.0
CN9,1M,64,4,1,0,0,0,0,0,0,674.04,673.88,172.75,0.0,0.0,0.0,21.05,0.0,0.0,0.0
CN9,1M,64,4,2,0,0,0,0,0,0,532.34,524.93,190.8,0.0,0.0,0.0,23.71,0.0,0.0,0.0
CN9,1M,64,4,3,0,0,0,0,0,0,532.47,523.45,235.0,0.0,0.0,0.0,28.77,0.0,0.0,0.0
CN9,1M,64,4,4,0,0,0,0,0,0,363.91,321.39,301.4,0.0,0.0,0.0,37.38,0.0,0.0,0.0
CN9,1M,64,4,5,0,0,0,0,0,0,619.96,524.59,172.8,0.0,0.0,0.0,21.52,0.0,0.0,0.0
CN9,1M,64,8,1,0,0,0,0,0,0,994.81,864.82,327.6,0.0,0.0,0.0,38.89,0.0,0.0,0.0
CN9,1M,64,8,2,0,0,0,0,0,0,595.40,595.28,179.19,0.0,0.0,0.0,22.06,0.0,0.0,0.0
CN9,1M,64,8,3,0,0,0,0,0,0,1010.30,1009.96,350.74,0.0,0.0,0.0,41.93,0.0,0.0,0.0
CN9,1M,64,8,4,0,0,0,0,0,0,729.56,729.09,392.49,0.0,0.0,0.0,47.26,0.0,0.0,0.0
CN9,1M,64,8,5,0,0,0,0,0,0,829.40,815.82,195.99,0.0,0.0,0.0,24.55,0.0,0.0,0.0
CN9,1M,64,16,1,0,0,0,0,0,0,776.39,760.02,217.99,0.0,0.0,0.0,25.0,0.0,0.0,0.0
CN9,1M,64,16,2,0,0,0,0,0,0,562.21,560.71,291.49,0.0,0.0,0.0,33.19,0.0,0.0,0.0
CN9,1M,64,16,3,0,0,0,0,0,0,668.82,668.58,321.39,0.0,0.0,0.0,39.94,0.0,0.0,0.0
CN9,1M,64,16,4,0,0,0,0,0,0,782.43,778.34,310.99,0.0,0.0,0.0,37.89,0.0,0.0,0.0
CN9,1M,64,16,5,0,0,0,0,0,0,699.98,696.00,12.76,0.0,0.0,0.0,1.54,0.0,0.0,0.0
CN9,2M,32,1,1,0,0,0,0,0,0,345.23,584.71,389.98,0.0,0.0,0.0,43.31,0.0,0.0,0.0
CN9,2M,32,1,2,0,0,0,0,0,0,436.42,860.43,188.73,0.0,0.0,0.0,22.8,0.0,0.0,0.0
CN9,2M,32,1,3,0,0,0,0,0,0,433.83,857.01,304.48,0.0,0.0,0.0,33.55,0.0,0.0,0.0
CN9,2M,32,1,4,0,0,0,0,0,0,485.77,958.55,302.73,0.0,0.0,0.0,34.88,0.0,0.0,0.0
CN9,2M,32,1,5,0,0,0,0,0,0,458.97,794.89,297.23,0.0,0.0,0.0,35.93,0.0,0.0,0.0
CN9,2M,32,2,1,0,0,0,0,0,0,432.52,794.86,227.47,0.0,0.0,0.0,25.91,0.0,0.0,0.0
CN9,2M,32,2,2,0,0,0,0,0,0,334.83,662.86,321.72,0.0,0.0,0.0,35.75,0.0,0.0,0.0
CN9,2M,32,2,3,0,0,0,0,0,0,333.55,655.83,347.96,0.0,0.0,0.0,39.53,0.0,0.0,0.0
CN9,2M,32,2,4,0,0,0,0,0,0,347.19,672.58,347.47,0.0,0.0,0.0,39.95,0.0,0.0,0.0
CN9,2M,32,2,5,0,0,0,0,0,0,407.26,796.41,349.72,0.0,0.0,0.0,41.87,0.0,0.0,0.0
CN9,2M,32,4,1,0,0,0,0,0,0,611.48,1188.22,200.72,0.0,0.0,0.0,23.92,0.0,0.0,0.0
CN9,2M,32,4,2,0,0,0,0,0,0,415.55,813.81,359.62,0.0,0.0,0.0,41.04,0.0,0.0,0.0
CN9,2M,32,4,3,0,0,0,0,0,0,446.27,889.09,263.22,0.0,0.0,0.0,30.78,0.0,0.0,0.0
CN9,2M,32,4,4,0,0,0,0,0,0,474.28,923.65,275.72,0.0,0.0,0.0,31.82,0.0,0.0,0.0
CN9,2M,32,4,5,0,0,0,0,0,0,379.58,704.90,490.29,0.0,0.0,0.0,52.46,0.0,0.0,0.0
CN9,2M,32,8,1,0,0,0,0,0,0,362.73,709.99,334.29,0.0,0.0,0.0,38.42,0.0,0.0,0.0
CN9,2M,32,8,2,0,0,0,0,0,0,361.78,712.86,261.96,0.0,0.0,0.0,29.79,0.0,0.0,0.0
CN9,2M,32,8,3,0,0,0,0,0,0,391.63,762.88,339.21,0.0,0.0,0.0,39.44,0.0,0.0,0.0
CN9,2M,32,8,4,0,0,0,0,0,0,466.77,919.36,314.21,0.0,0.0,0.0,36.61,0.0,0.0,0.0
CN9,2M,32,8,5,0,0,0,0,0,0,407.73,734.31,220.95,0.0,0.0,0.0,26.97,0.0,0.0,0.0
CN9,2M,32,16,1,0,0,0,0,0,0,397.40,775.76,405.21,0.0,0.0,0.0,44.01,0.0,0.0,0.0
CN9,2M,32,16,2,0,0,0,0,0,0,421.38,832.50,177.46,0.0,0.0,0.0,21.76,0.0,0.0,0.0
CN9,2M,32,16,3,0,0,0,0,0,0,445.67,871.30,289.71,0.0,0.0,0.0,32.2,0.0,0.0,0.0
CN9,2M,32,16,4,0,0,0,0,0,0,527.61,1026.00,309.71,0.0,0.0,0.0,36.03,0.0,0.0,0.0
CN9,2M,32,16,5,0,0,0,0,0,0,437.13,873.60,281.95,0.0,0.0,0.0,30.86,0.0,0.0,0.0
CN9,2M,64,1,1,0,0,0,0,0,0,512.28,936.50,508.64,0.0,0.0,0.0,58.61,0.0,0.0,0.0
CN9,2M,64,1,2,0,0,0,0,0,0,483.71,941.26,811.21,0.0,0.0,0.0,100.46,0.0,0.0,0.0
CN9,2M,64,1,3,0,0,0,0,0,0,846.75,1623.76,884.96,0.0,0.0,0.0,110.55,0.0,0.0,0.0
CN9,2M,64,1,4,0,0,0,0,0,0,706.31,1408.26,869.21,0.0,0.0,0.0,100.33,0.0,0.0,0.0
CN9,2M,64,1,5,0,0,0,0,0,0,410.83,776.70,631.16,0.0,0.0,0.0,75.55,0.0,0.0,0.0
CN9,2M,64,2,1,0,0,0,0,0,0,489.45,978.71,390.96,0.0,0.0,0.0,47.91,0.0,0.0,0.0
CN9,2M,64,2,2,0,0,0,0,0,0,437.35,857.43,535.2,0.0,0.0,0.0,61.39,0.0,0.0,0.0
CN9,2M,64,2,3,0,0,0,0,0,0,802.71,1604.84,635.2,0.0,0.0,0.0,76.04,0.0,0.0,0.0
CN9,2M,64,2,4,0,0,0,0,0,0,497.39,882.69,508.76,0.0,0.0,0.0,62.38,0.0,0.0,0.0
CN9,2M,64,2,5,0,0,0,0,0,0,528.93,1057.57,233.96,0.0,0.0,0.0,25.84,0.0,0.0,0.0
CN9,2M,64,4,1,0,0,0,0,0,0,428.72,836.64,661.76,0.0,0.0,0.0,78.87,0.0,0.0,0.0
CN9,2M,64,4,2,0,0,0,0,0,0,520.81,986.04,788.2,0.0,0.0,0.0,95.15,0.0,0.0,0.0
CN9,2M,64,4,3,0,0,0,0,0,0,717.77,1124.90,765.95,0.0,0.0,0.0,94.25,0.0,0.0,0.0
CN9,2M,64,4,4,0,0,0,0,0,0,443.83,790.20,690.2,0.0,0.0,0.0,82.41,0.0,0.0,0.0
CN9,2M,64,4,5,0,0,0,0,0,0,561.39,1085.26,479.56,0.0,0.0,0.0,57.87,0.0,0.0,0.0
CN9,2M,64,8,1,0,0,0,0,0,0,557.73,1115.20,694.95,0.0,0.0,0.0,86.88,0.0,0.0,0.0
CN9,2M,64,8,2,0,0,0,0,0,0,502.17,957.45,158.16,0.0,0.0,0.0,19.51,0.0,0.0,0.0
CN9,2M,64,8,3,0,0,0,0,0,0,605.88,1211.49,709.2,0.0,0.0,0.0,87.87,0.0,0.0,0.0
CN9,2M,64,8,4,0,0,0,0,0,0,622.76,1158.39,192.1,0.0,0.0,0.0,23.95,0.0,0.0,0.0
CN9,2M,64,8,5,0,0,0,0,0,0,522.06,958.08,788.7,0.0,0.0,0.0,97.66,0.0,0.0,0.0
CN9,2M,64,16,1,0,0,0,0,0,0,540.00,991.28,507.75,0.0,0.0,0.0,63.51,0.0,0.0,0.0
CN9,2M,64,16,2,0,0,0,0,0,0,620.10,1205.15,651.44,0.0,0.0,0.0,80.03,0.0,0.0,0.0
CN9,2M,64,16,3,0,0,0,0,0,0,482.25,936.19,434.15,0.0,0.0,0.0,54.31,0.0,0.0,0.0
CN9,2M,64,16,4,0,0,0,0,0,0,466.03,924.38,693.69,0.0,0.0,0.0,84.39,0.0,0.0,0.0
CN9,2M,64,16,5,0,0,0,0,0,0,254.00,484.88,509.15,0.0,0.0,0.0,61.74,0.0,0.0,0.0
CN9,4M,32,1,1,0,0,0,0,0,0,279.78,1076.11,1008.69,0.0,0.0,0.0,124.46,0.0,0.0,0.0
CN9,4M,32,1,2,0,0,0,0,0,0,258.78,1032.67,1070.19,0.0,0.0,0.0,133.88,0.0,0.0,0.0
CN9,4M,32,1,3,0,0,0,0,0,0,273.98,1024.88,1431.92,0.0,0.0,0.0,178.51,0.0,0.0,0.0
CN9,4M,32,1,4,0,0,0,0,0,0,274.69,1047.57,1070.19,0.0,0.0,0.0,133.88,0.0,0.0,0.0
CN9,4M,32,1,5,0,0,0,0,0,0,301.81,1124.54,1084.44,0.0,0.0,0.0,133.88,0.0,0.0,0.0
CN9,4M,32,2,1,0,0,0,0,0,0,234.21,889.28,1073.19,0.0,0.0,0.0,133.88,0.0,0.0,0.0
CN9,4M,32,2,2,0,0,0,0,0,0,214.24,824.35,1070.19,0.0,0.0,0.0,133.88,0.0,0.0,0.0
CN9,4M,32,2,3,0,0,0,0,0,0,258.56,1027.01,1432.59,0.0,0.0,0.0,178.52,0.0,0.0,0.0
CN9,4M,32,2,4,0,0,0,0,0,0,264.27,1043.04,1074.94,0.0,0.0,0.0,133.89,0.0,0.0,0.0
CN9,4M,32,2,5,0,0,0,0,0,0,356.70,1398.74,1070.19,0.0,0.0,0.0,133.88,0.0,0.0,0.0
CN9,4M,32,4,1,0,0,0,0,0,0,275.54,1095.86,1073.44,0.0,0.0,0.0,133.88,0.0,0.0,0.0
CN9,4M,32,4,2,0,0,0,0,0,0,267.05,1030.27,1426.59,0.0,0.0,0.0,178.51,0.0,0.0,0.0
CN9,4M,32,4,3,0,0,0,0,0,0,287.23,1140.96,1084.44,0.0,0.0,0.0,133.88,0.0,0.0,0.0
CN9,4M,32,4,4,0,0,0,0,0,0,293.81,1051.04,1071.44,0.0,0.0,0.0,133.89,0.0,0.0,0.0
CN9,4M,32,4,5,0,0,0,0,0,0,263.12,995.37,1070.19,0.0,0.0,0.0,133.88,0.0,0.0,0.0
CN9,4M,32,8,1,0,0,0,0,0,0,293.58,1156.48,1070.19,0.0,0.0,0.0,133.88,0.0,0.0,0.0
CN9,4M,32,8,2,0,0,0,0,0,0,195.18,751.71,1073.94,0.0,0.0,0.0,133.88,0.0,0.0,0.0
CN9,4M,32,8,3,0,0,0,0,0,0,223.90,893.26,1069.94,0.0,0.0,0.0,133.88,0.0,0.0,0.0
CN9,4M,32,8,4,0,0,0,0,0,0,287.71,1091.62,1073.69,0.0,0.0,0.0,133.88,0.0,0.0,0.0
CN9,4M,32,8,5,0,0,0,0,0,0,284.74,981.61,1426.92,0.0,0.0,0.0,178.51,0.0,0.0,0.0
CN9,4M,32,16,1,0,0,0,0,0,0,275.16,1087.55,1085.69,0.0,0.0,0.0,133.88,0.0,0.0,0.0
CN9,4M,32,16,2,0,0,0,0,0,0,304.86,1085.84,1070.19,0.0,0.0,0.0,133.88,0.0,0.0,0.0
CN9,4M,32,16,3,0,0,0,0,0,0,317.93,1213.28,1426.92,0.0,0.0,0.0,178.51,0.0,0.0,0.0
CN9,4M,32,16,4,0,0,0,0,0,0,337.27,1321.33,1073.94,0.0,0.0,0.0,133.88,0.0,0.0,0.0
CN9,4M,32,16,5,0,0,0,0,0,0,270.01,1020.68,1070.19,0.0,0.0,0.0,133.88,0.0,0.0,0.0
CN9,4M,64,1,1,0,0,0,0,0,0,310.73,1238.01,1676.15,0.0,0.0,0.0,209.51,0.0,0.0,0.0
CN9,4M,64,1,2,0,0,0,0,0,0,332.56,1255.35,1680.15,0.0,0.0,0.0,209.52,0.0,0.0,0.0
CN9,4M,64,1,3,0,0,0,0,0,0,319.90,1273.12,2095.19,0.0,0.0,0.0,261.88,0.0,0.0,0.0
CN9,4M,64,1,4,0,0,0,0,0,0,333.74,1300.10,1688.96,0.0,0.0,0.0,209.51,0.0,0.0,0.0
CN9,4M,64,1,5,0,0,0,0,0,0,293.23,1151.79,1679.56,0.0,0.0,0.0,209.51,0.0,0.0,0.0
CN9,4M,64,2,1,0,0,0,0,0,0,344.38,1374.36,1679.16,0.0,0.0,0.0,209.51,0.0,0.0,0.0
CN9,4M,64,2,2,0,0,0,0,0,0,370.53,1481.92,2095.2,0.0,0.0,0.0,261.88,0.0,0.0,0.0
CN9,4M,64,2,3,0,0,0,0,0,0,245.58,904.77,1679.56,0.0,0.0,0.0,209.51,0.0,0.0,0.0
CN9,4M,64,2,4,0,0,0,0,0,0,337.22,1299.77,1676.16,0.0,0.0,0.0,209.51,0.0,0.0,0.0
CN9,4M,64,2,5,0,0,0,0,0,0,330.82,1289.90,1679.56,0.0,0.0,0.0,209.51,0.0,0.0,0.0
CN9,4M,64,4,1,0,0,0,0,0,0,322.91,1281.79,1656.76,0.0,0.0,0.0,201.34,0.0,0.0,0.0
CN9,4M,64,4,2,0,0,0,0,0,0,281.32,1093.84,1688.96,0.0,0.0,0.0,209.51,0.0,0.0,0.0
CN9,4M,64,4,3,0,0,0,0,0,0,410.26,1637.94,1679.56,0.0,0.0,0.0,209.51,0.0,0.0,0.0
CN9,4M,64,4,4,0,0,0,0,0,0,266.39,1065.45,1676.17,0.0,0.0,0.0,209.51,0.0,0.0,0.0
CN9,4M,64,4,5,0,0,0,0,0,0,506.00,1846.88,1681.37,0.0,0.0,0.0,209.53,0.0,0.0,0.0
CN9,4M,64,8,1,0,0,0,0,0,0,320.64,1271.43,1670.97,0.0,0.0,0.0,207.98,0.0,0.0,0.0
CN9,4M,64,8,2,0,0,0,0,0,0,372.35,1489.04,1676.17,0.0,0.0,0.0,209.51,0.0,0.0,0.0
CN9,4M,64,8,3,0,0,0,0,0,0,355.49,1421.66,1679.37,0.0,0.0,0.0,209.51,0.0,0.0,0.0
CN9,4M,64,8,4,0,0,0,0,0,0,395.40,1581.34,2097.71,0.0,0.0,0.0,261.91,0.0,0.0,0.0
CN9,4M,64,8,5,0,0,0,0,0,0,362.00,1447.84,2111.22,0.0,0.0,0.0,261.89,0.0,0.0,0.0
CN9,4M,64,16,1,0,0,0,0,0,0,300.78,1186.04,1396.81,0.0,0.0,0.0,174.59,0.0,0.0,0.0
CN9,4M,64,16,2,0,0,0,0,0,0,397.66,1582.19,1680.17,0.0,0.0,0.0,209.52,0.0,0.0,0.0
CN9,4M,64,16,3,0,0,0,0,0,0,287.77,1150.90,1675.97,0.0,0.0,0.0,209.51,0.0,0.0,0.0
CN9,4M,64,16,4,0,0,0,0,0,0,330.10,1104.20,1679.38,0.0,0.0,0.0,209.51,0.0,0.0,0.0
CN9,4M,64,16,5,0,0,0,0,0,0,397.55,1589.96,1676.18,0.0,0.0,0.0,209.51,0.0,0.0,0.0
CN9,8M,32,1,1,0,0,0,0,0,0,217.87,1726.88,2098.97,0.0,0.0,0.0,261.89,0.0,0.0,0.0
CN9,8M,32,1,2,0,0,0,0,0,0,184.83,1471.70,1878.97,0.0,0.0,0.0,234.89,0.0,0.0,0.0
CN9,8M,32,1,3,0,0,0,0,0,0,204.16,1519.81,2110.72,0.0,0.0,0.0,261.89,0.0,0.0,0.0
CN9,8M,32,1,4,0,0,0,0,0,0,201.25,1530.21,2010.97,0.0,0.0,0.0,250.89,0.0,0.0,0.0
CN9,8M,32,1,5,0,0,0,0,0,0,231.25,1830.81,2094.98,0.0,0.0,0.0,261.89,0.0,0.0,0.0
CN9,8M,32,2,1,0,0,0,0,0,0,245.39,1929.25,1679.38,0.0,0.0,0.0,209.51,0.0,0.0,0.0
CN9,8M,32,2,2,0,0,0,0,0,0,212.25,1691.02,1768.73,0.0,0.0,0.0,220.9,0.0,0.0,0.0
CN9,8M,32,2,3,0,0,0,0,0,0,247.04,1956.64,2707.97,0.0,0.0,0.0,338.52,0.0,0.0,0.0
CN9,8M,32,2,4,0,0,0,0,0,0,212.54,1626.44,1987.23,0.0,0.0,0.0,247.89,0.0,0.0,0.0
CN9,8M,32,2,5,0,0,0,0,0,0,202.51,1530.26,2096.23,0.0,0.0,0.0,261.91,0.0,0.0,0.0
CN9,8M,32,4,1,0,0,0,0,0,0,143.09,1106.05,1688.79,0.0,0.0,0.0,209.51,0.0,0.0,0.0
CN9,8M,32,4,2,0,0,0,0,0,0,229.22,1807.88,2793.31,0.0,0.0,0.0,349.19,0.0,0.0,0.0
CN9,8M,32,4,3,0,0,0,0,0,0,194.98,1490.61,2101.99,0.0,0.0,0.0,261.96,0.0,0.0,0.0
CN9,8M,32,4,4,0,0,0,0,0,0,212.94,1690.89,2569.32,0.0,0.0,0.0,321.19,0.0,0.0,0.0
CN9,8M,32,4,5,0,0,0,0,0,0,198.95,1481.86,2101.99,0.0,0.0,0.0,261.92,0.0,0.0,0.0
CN9,8M,32,8,1,0,0,0,0,0,0,259.09,2054.77,1676.19,0.0,0.0,0.0,209.51,0.0,0.0,0.0
CN9,8M,32,8,2,0,0,0,0,0,0,266.78,2072.88,2800.32,0.0,0.0,0.0,349.2,0.0,0.0,0.0
CN9,8M,32,8,3,0,0,0,0,0,0,258.07,2038.31,1952.74,0.0,0.0,0.0,243.9,0.0,0.0,0.0
CN9,8M,32,8,4,0,0,0,0,0,0,186.03,1423.99,1689.2,0.0,0.0,0.0,209.52,0.0,0.0,0.0
CN9,8M,32,8,5,0,0,0,0,0,0,229.40,1741.85,2098.99,0.0,0.0,0.0,261.89,0.0,0.0,0.0
CN9,8M,32,16,1,0,0,0,0,0,0,222.49,1763.38,1927.5,0.0,0.0,0.0,235.7,0.0,0.0,0.0
CN9,8M,32,16,2,0,0,0,0,0,0,180.87,1424.37,2745.66,0.0,0.0,0.0,342.52,0.0,0.0,0.0
CN9,8M,32,16,3,0,0,0,0,0,0,206.53,1641.59,1902.95,0.0,0.0,0.0,237.33,0.0,0.0,0.0
CN9,8M,32,16,4,0,0,0,0,0,0,237.86,1902.10,2039.0,0.0,0.0,0.0,254.89,0.0,0.0,0.0
CN9,8M,32,16,5,0,0,0,0,0,0,193.01,1530.42,1899.25,0.0,0.0,0.0,236.89,0.0,0.0,0.0
CN9,8M,64,1,1,0,0,0,0,0,0,287.85,2302.42,2759.2,0.0,0.0,0.0,344.71,0.0,0.0,0.0
CN9,8M,64,1,2,0,0,0,0,0,0,278.27,2189.90,2427.0,0.0,0.0,0.0,301.51,0.0,0.0,0.0
CN9,8M,64,1,3,0,0,0,0,0,0,242.52,1835.37,2777.81,0.0,0.0,0.0,346.34,0.0,0.0,0.0
CN9,8M,64,1,4,0,0,0,0,0,0,220.52,1729.83,2483.67,0.0,0.0,0.0,309.93,0.0,0.0,0.0
CN9,8M,64,1,5,0,0,0,0,0,0,264.10,2112.60,2477.61,0.0,0.0,0.0,309.51,0.0,0.0,0.0
CN9,8M,64,2,1,0,0,0,0,0,0,258.88,2070.74,2457.01,0.0,0.0,0.0,306.6,0.0,0.0,0.0
CN9,8M,64,2,2,0,0,0,0,0,0,237.73,1866.16,2953.82,0.0,0.0,0.0,368.74,0.0,0.0,0.0
CN9,8M,64,2,3,0,0,0,0,0,0,213.50,1707.77,2686.18,0.0,0.0,0.0,335.26,0.0,0.0,0.0
CN9,8M,64,2,4,0,0,0,0,0,0,233.44,1865.62,2651.35,0.0,0.0,0.0,331.26,0.0,0.0,0.0
CN9,8M,64,2,5,0,0,0,0,0,0,260.79,2086.07,2679.19,0.0,0.0,0.0,333.27,0.0,0.0,0.0
CN9,8M,64,4,1,0,0,0,0,0,0,260.93,2048.02,2766.19,0.0,0.0,0.0,345.26,0.0,0.0,0.0
CN9,8M,64,4,2,0,0,0,0,0,0,215.15,1721.05,2402.53,0.0,0.0,0.0,299.95,0.0,0.0,0.0
CN9,8M,64,4,3,0,0,0,0,0,0,232.45,1832.93,3313.03,0.0,0.0,0.0,413.52,0.0,0.0,0.0
CN9,8M,64,4,4,0,0,0,0,0,0,248.22,1970.57,2734.2,0.0,0.0,0.0,341.26,0.0,0.0,0.0
CN9,8M,64,4,5,0,0,0,0,0,0,271.43,2083.21,2016.53,0.0,0.0,0.0,251.93,0.0,0.0,0.0
CN9,8M,64,8,1,0,0,0,0,0,0,245.69,1965.29,3100.04,0.0,0.0,0.0,378.36,0.0,0.0,0.0
CN9,8M,64,8,2,0,0,0,0,0,0,254.95,1849.53,3080.64,0.0,0.0,0.0,384.73,0.0,0.0,0.0
CN9,8M,64,8,3,0,0,0,0,0,0,232.86,1829.32,2620.2,0.0,0.0,0.0,325.93,0.0,0.0,0.0
CN9,8M,64,8,4,0,0,0,0,0,0,252.92,2014.86,2510.21,0.0,0.0,0.0,313.27,0.0,0.0,0.0
CN9,8M,64,8,5,0,0,0,0,0,0,216.58,1729.26,3146.65,0.0,0.0,0.0,392.72,0.0,0.0,0.0
CN9,8M,64,16,1,0,0,0,0,0,0,239.96,1919.49,2352.88,0.0,0.0,0.0,293.93,0.0,0.0,0.0
CN9,8M,64,16,2,0,0,0,0,0,0,224.73,1707.50,2686.38,0.0,0.0,0.0,335.27,0.0,0.0,0.0
CN9,8M,64,16,3,0,0,0,0,0,0,235.32,1852.37,3041.06,0.0,0.0,0.0,379.92,0.0,0.0,0.0
CN9,8M,64,16,4,0,0,0,0,0,0,216.69,1733.35,2590.22,0.0,0.0,0.0,323.27,0.0,0.0,0.0
CN9,8M,64,16,5,0,0,0,0,0,0,222.18,1747.40,3047.27,0.0,0.0,0.0,380.72,0.0,0.0,0.0
CN9,16M,32,1,1,0,0,0,0,0,0,106.40,1695.58,2215.27,0.0,0.0,0.0,275.12,0.0,0.0,0.0
CN9,16M,32,1,2,0,0,0,0,0,0,101.89,1626.68,2704.87,0.0,0.0,0.0,337.52,0.0,0.0,0.0
CN9,16M,32,1,3,0,0,0,0,0,0,82.44,1293.69,2240.27,0.0,0.0,0.0,279.92,0.0,0.0,0.0
CN9,16M,32,1,4,0,0,0,0,0,0,122.94,1886.81,2109.07,0.0,0.0,0.0,263.12,0.0,0.0,0.0
CN9,16M,32,1,5,0,0,0,0,0,0,136.43,2180.31,3036.6,0.0,0.0,0.0,378.9,0.0,0.0,0.0
CN9,16M,32,2,1,0,0,0,0,0,0,117.91,1835.24,2733.48,0.0,0.0,0.0,341.52,0.0,0.0,0.0
CN9,16M,32,2,2,0,0,0,0,0,0,128.58,1941.10,2070.68,0.0,0.0,0.0,258.32,0.0,0.0,0.0
CN9,16M,32,2,3,0,0,0,0,0,0,120.72,1871.79,2680.1,0.0,0.0,0.0,334.9,0.0,0.0,0.0
CN9,16M,32,2,4,0,0,0,0,0,0,123.99,1968.43,2824.36,0.0,0.0,0.0,350.9,0.0,0.0,0.0
CN9,16M,32,2,5,0,0,0,0,0,0,118.76,1777.82,2308.11,0.0,0.0,0.0,287.9,0.0,0.0,0.0
CN9,16M,32,4,1,0,0,0,0,0,0,106.08,1542.21,3324.86,0.0,0.0,0.0,414.9,0.0,0.0,0.0
CN9,16M,32,4,2,0,0,0,0,0,0,108.82,1740.80,2188.89,0.0,0.0,0.0,273.52,0.0,0.0,0.0
CN9,16M,32,4,3,0,0,0,0,0,0,100.74,1599.47,2764.61,0.0,0.0,0.0,344.9,0.0,0.0,0.0
CN9,16M,32,4,4,0,0,0,0,0,0,144.51,2309.20,3200.61,0.0,0.0,0.0,399.9,0.0,0.0,0.0
CN9,16M,32,4,5,0,0,0,0,0,0,119.15,1901.88,2820.62,0.0,0.0,0.0,351.91,0.0,0.0,0.0
CN9,16M,32,8,1,0,0,0,0,0,0,128.13,2000.08,3477.37,0.0,0.0,0.0,431.49,0.0,0.0,0.0
CN9,16M,32,8,2,0,0,0,0,0,0,122.27,1941.10,2792.37,0.0,0.0,0.0,346.91,0.0,0.0,0.0
CN9,16M,32,8,3,0,0,0,0,0,0,136.32,2164.54,2339.7,0.0,0.0,0.0,291.92,0.0,0.0,0.0
CN9,16M,32,8,4,0,0,0,0,0,0,140.14,2171.11,2470.9,0.0,0.0,0.0,308.73,0.0,0.0,0.0
CN9,16M,32,8,5,0,0,0,0,0,0,116.94,1863.69,2548.38,0.0,0.0,0.0,317.91,0.0,0.0,0.0
CN9,16M,32,16,1,0,0,0,0,0,0,139.30,2182.73,2274.91,0.0,0.0,0.0,283.93,0.0,0.0,0.0
CN9,16M,32,16,2,0,0,0,0,0,0,92.85,1457.65,2137.71,0.0,0.0,0.0,267.13,0.0,0.0,0.0
CN9,16M,32,16,3,0,0,0,0,0,0,120.21,1862.21,1936.31,0.0,0.0,0.0,241.53,0.0,0.0,0.0
CN9,16M,32,16,4,0,0,0,0,0,0,102.04,1583.14,1927.91,0.0,0.0,0.0,240.74,0.0,0.0,0.0
CN9,16M,32,16,5,0,0,0,0,0,0,118.91,1900.56,3018.89,0.0,0.0,0.0,374.93,0.0,0.0,0.0
CN9,16M,64,1,1,0,0,0,0,0,0,151.91,2430.22,2312.22,0.0,0.0,0.0,288.52,0.0,0.0,0.0
CN9,16M,64,1,2,0,0,0,0,0,0,52.77,840.19,3776.1,0.0,0.0,0.0,471.27,0.0,0.0,0.0
CN9,16M,64,1,3,0,0,0,0,0,0,137.11,2186.11,2433.43,0.0,0.0,0.0,303.94,0.0,0.0,0.0
CN9,16M,64,1,4,0,0,0,0,0,0,152.99,2275.77,3035.23,0.0,0.0,0.0,378.81,0.0,0.0,0.0
CN9,16M,64,1,5,0,0,0,0,0,0,157.45,2513.12,2058.09,0.0,0.0,0.0,257.09,0.0,0.0,0.0
CN9,16M,64,2,1,0,0,0,0,0,0,144.47,2301.77,2932.44,0.0,0.0,0.0,365.94,0.0,0.0,0.0
CN9,16M,64,2,2,0,0,0,0,0,0,126.08,1986.72,3596.94,0.0,0.0,0.0,449.27,0.0,0.0,0.0
CN9,16M,64,2,3,0,0,0,0,0,0,150.18,2402.75,2915.62,0.0,0.0,0.0,362.63,0.0,0.0,0.0
CN9,16M,64,2,4,0,0,0,0,0,0,139.09,2218.86,2290.24,0.0,0.0,0.0,285.66,0.0,0.0,0.0
CN9,16M,64,2,5,0,0,0,0,0,0,152.95,2447.14,2266.1,0.0,0.0,0.0,282.83,0.0,0.0,0.0
CN9,16M,64,4,1,0,0,0,0,0,0,147.24,2348.71,3479.12,0.0,0.0,0.0,428.94,0.0,0.0,0.0
CN9,16M,64,4,2,0,0,0,0,0,0,136.29,2167.24,2820.96,0.0,0.0,0.0,351.94,0.0,0.0,0.0
CN9,16M,64,4,3,0,0,0,0,0,0,152.64,2426.49,2647.46,0.0,0.0,0.0,330.61,0.0,0.0,0.0
CN9,16M,64,4,4,0,0,0,0,0,0,159.03,2544.32,2773.73,0.0,0.0,0.0,346.07,0.0,0.0,0.0
CN9,16M,64,4,5,0,0,0,0,0,0,141.21,2235.82,3672.3,0.0,0.0,0.0,458.61,0.0,0.0,0.0
CN9,16M,64,8,1,0,0,0,0,0,0,145.55,2307.65,3224.3,0.0,0.0,0.0,401.28,0.0,0.0,0.0
CN9,16M,64,8,2,0,0,0,0,0,0,133.78,2134.07,3093.31,0.0,0.0,0.0,385.94,0.0,0.0,0.0
CN9,16M,64,8,3,0,0,0,0,0,0,144.94,2306.18,3264.31,0.0,0.0,0.0,407.28,0.0,0.0,0.0
CN9,16M,64,8,4,0,0,0,0,0,0,152.46,2416.36,2866.31,0.0,0.0,0.0,357.95,0.0,0.0,0.0
CN9,16M,64,8,5,0,0,0,0,0,0,131.32,2093.72,2765.47,0.0,0.0,0.0,345.05,0.0,0.0,0.0
CN9,16M,64,16,1,0,0,0,0,0,0,136.65,2160.78,3308.65,0.0,0.0,0.0,413.28,0.0,0.0,0.0
CN9,16M,64,16,2,0,0,0,0,0,0,146.06,2330.20,2703.16,0.0,0.0,0.0,337.28,0.0,0.0,0.0
CN9,16M,64,16,3,0,0,0,0,0,0,157.09,2476.87,2437.99,0.0,0.0,0.0,304.53,0.0,0.0,0.0
CN9,16M,64,16,4,0,0,0,0,0,0,131.32,2096.38,2836.83,0.0,0.0,0.0,353.28,0.0,0.0,0.0
CN9,16M,64,16,5,0,0,0,0,0,0,144.25,2301.10,2831.0,0.0,0.0,0.0,353.28,0.0,0.0,0.0
CN9,32M,32,1,1,0,0,0,0,0,0,81.04,2522.11,3217.75,0.0,0.0,0.0,401.93,0.0,0.0,0.0
CN9,32M,32,1,2,0,0,0,0,0,0,67.86,2165.13,3288.0,0.0,0.0,0.0,410.34,0.0,0.0,0.0
CN9,32M,32,1,3,0,0,0,0,0,0,70.69,2237.86,4742.26,0.0,0.0,0.0,591.92,0.0,0.0,0.0
CN9,32M,32,1,4,0,0,0,0,0,0,64.22,1911.11,3503.81,0.0,0.0,0.0,437.56,0.0,0.0,0.0
CN9,32M,32,1,5,0,0,0,0,0,0,54.80,1753.53,3277.61,0.0,0.0,0.0,408.76,0.0,0.0,0.0
CN9,32M,32,2,1,0,0,0,0,0,0,37.70,1198.72,4008.01,0.0,0.0,0.0,499.95,0.0,0.0,0.0
CN9,32M,32,2,2,0,0,0,0,0,0,65.84,2015.27,3266.02,0.0,0.0,0.0,406.36,0.0,0.0,0.0
CN9,32M,32,2,3,0,0,0,0,0,0,57.10,1818.41,3300.82,0.0,0.0,0.0,411.94,0.0,0.0,0.0
CN9,32M,32,2,4,0,0,0,0,0,0,57.04,1819.62,2935.62,0.0,0.0,0.0,366.34,0.0,0.0,0.0
CN9,32M,32,2,5,0,0,0,0,0,0,65.35,2085.85,4290.03,0.0,0.0,0.0,535.93,0.0,0.0,0.0
CN9,32M,32,4,1,0,0,0,0,0,0,43.71,1397.93,4312.03,0.0,0.0,0.0,537.96,0.0,0.0,0.0
CN9,32M,32,4,2,0,0,0,0,0,0,57.80,1837.15,4474.04,0.0,0.0,0.0,558.93,0.0,0.0,0.0
CN9,32M,32,4,3,0,0,0,0,0,0,59.82,1897.79,4326.55,0.0,0.0,0.0,539.93,0.0,0.0,0.0
CN9,32M,32,4,4,0,0,0,0,0,0,52.41,1673.75,3323.04,0.0,0.0,0.0,415.14,0.0,0.0,0.0
CN9,32M,32,4,5,0,0,0,0,0,0,48.63,1552.85,3631.24,0.0,0.0,0.0,451.94,0.0,0.0,0.0
CN9,32M,32,8,1,0,0,0,0,0,0,53.76,1720.09,2972.87,0.0,0.0,0.0,370.62,0.0,0.0,0.0
CN9,32M,32,8,2,0,0,0,0,0,0,56.31,1776.20,4659.56,0.0,0.0,0.0,581.95,0.0,0.0,0.0
CN9,32M,32,8,3,0,0,0,0,0,0,48.53,1506.57,3512.65,0.0,0.0,0.0,438.34,0.0,0.0,0.0
CN9,32M,32,8,4,0,0,0,0,0,0,58.15,1857.21,4053.57,0.0,0.0,0.0,505.93,0.0,0.0,0.0
CN9,32M,32,8,5,0,0,0,0,0,0,66.98,2136.80,3175.66,0.0,0.0,0.0,396.74,0.0,0.0,0.0
CN9,32M,32,16,1,0,0,0,0,0,0,47.26,1467.69,4428.66,0.0,0.0,0.0,552.74,0.0,0.0,0.0
CN9,32M,32,16,2,0,0,0,0,0,0,67.84,2141.68,4003.39,0.0,0.0,0.0,500.16,0.0,0.0,0.0
CN9,32M,32,16,3,0,0,0,0,0,0,50.72,1617.56,4058.09,0.0,0.0,0.0,504.93,0.0,0.0,0.0
CN9,32M,32,16,4,0,0,0,0,0,0,64.07,2042.18,3005.87,0.0,0.0,0.0,375.15,0.0,0.0,0.0
CN9,32M,32,16,5,0,0,0,0,0,0,44.99,1433.74,3409.68,0.0,0.0,0.0,425.55,0.0,0.0,0.0
CN9,32M,64,1,1,0,0,0,0,0,0,45.97,1471.10,5040.8,0.0,0.0,0.0,622.8,0.0,0.0,0.0
CN9,32M,64,1,2,0,0,0,0,0,0,45.48,1454.07,3881.56,0.0,0.0,0.0,484.49,0.0,0.0,0.0
CN9,32M,64,1,3,0,0,0,0,0,0,52.93,1678.68,4652.18,0.0,0.0,0.0,580.99,0.0,0.0,0.0
CN9,32M,64,1,4,0,0,0,0,0,0,46.86,1495.58,4109.81,0.0,0.0,0.0,512.99,0.0,0.0,0.0
CN9,32M,64,1,5,0,0,0,0,0,0,56.62,1809.94,4556.57,0.0,0.0,0.0,569.0,0.0,0.0,0.0
CN9,32M,64,2,1,0,0,0,0,0,0,42.04,1345.26,4918.66,0.0,0.0,0.0,613.11,0.0,0.0,0.0
CN9,32M,64,2,2,0,0,0,0,0,0,57.17,1772.12,4620.95,0.0,0.0,0.0,576.56,0.0,0.0,0.0
CN9,32M,64,2,3,0,0,0,0,0,0,39.82,1268.60,4264.33,0.0,0.0,0.0,532.5,0.0,0.0,0.0
CN9,32M,64,2,4,0,0,0,0,0,0,52.60,1677.71,4350.09,0.0,0.0,0.0,543.0,0.0,0.0,0.0
CN9,32M,64,2,5,0,0,0,0,0,0,44.66,1419.46,4765.53,0.0,0.0,0.0,594.83,0.0,0.0,0.0
CN9,32M,64,4,1,0,0,0,0,0,0,31.54,1007.02,4292.75,0.0,0.0,0.0,535.98,0.0,0.0,0.0
CN9,32M,64,4,2,0,0,0,0,0,0,59.46,1895.53,4122.35,0.0,0.0,0.0,514.5,0.0,0.0,0.0
CN9,32M,64,4,3,0,0,0,0,0,0,42.04,1345.13,4388.23,0.0,0.0,0.0,548.0,0.0,0.0,0.0
CN9,32M,64,4,4,0,0,0,0,0,0,44.44,1411.16,4168.24,0.0,0.0,0.0,519.52,0.0,0.0,0.0
CN9,32M,64,4,5,0,0,0,0,0,0,43.20,1363.01,4106.11,0.0,0.0,0.0,512.5,0.0,0.0,0.0
CN9,32M,64,8,1,0,0,0,0,0,0,47.48,1519.18,4354.49,0.0,0.0,0.0,543.5,0.0,0.0,0.0
CN9,32M,64,8,2,0,0,0,0,0,0,42.89,1361.23,4272.25,0.0,0.0,0.0,533.5,0.0,0.0,0.0
CN9,32M,64,8,3,0,0,0,0,0,0,59.24,1876.55,4426.38,0.0,0.0,0.0,552.5,0.0,0.0,0.0
CN9,32M,64,8,4,0,0,0,0,0,0,41.92,1336.94,3815.63,0.0,0.0,0.0,476.5,0.0,0.0,0.0
CN9,32M,64,8,5,0,0,0,0,0,0,44.41,1420.95,4463.76,0.0,0.0,0.0,557.0,0.0,0.0,0.0
CN9,32M,64,16,1,0,0,0,0,0,0,45.43,1453.58,4773.35,0.0,0.0,0.0,594.11,0.0,0.0,0.0
CN9,32M,64,16,2,0,0,0,0,0,0,52.27,1659.12,3700.91,0.0,0.0,0.0,461.16,0.0,0.0,0.0
CN9,32M,64,16,3,0,0,0,0,0,0,47.31,1512.25,4658.9,0.0,0.0,0.0,581.51,0.0,0.0,0.0
CN9,32M,64,16,4,0,0,0,0,0,0,53.98,1727.25,3603.66,0.0,0.0,0.0,450.0,0.0,0.0,0.0
CN9,32M,64,16,5,0,0,0,0,0,0,39.64,1268.57,4610.79,0.0,0.0,0.0,575.51,0.0,0.0,0.0
CN9,64M,32,1,1,0,0,0,0,0,0,26.89,1700.62,3992.33,0.0,0.0,0.0,498.29,0.0,0.0,0.0
CN9,64M,32,1,2,0,0,0,0,0,0,21.93,1401.70,5342.56,0.0,0.0,0.0,667.31,0.0,0.0,0.0
CN9,64M,32,1,3,0,0,0,0,0,0,19.54,1240.39,4797.63,0.0,0.0,0.0,598.87,0.0,0.0,0.0
CN9,64M,32,1,4,0,0,0,0,0,0,20.23,1293.33,5486.9,0.0,0.0,0.0,685.31,0.0,0.0,0.0
CN9,64M,32,1,5,0,0,0,0,0,0,27.30,1746.02,5546.24,0.0,0.0,0.0,691.33,0.0,0.0,0.0
CN9,64M,32,2,1,0,0,0,0,0,0,20.14,1287.86,4660.21,0.0,0.0,0.0,581.72,0.0,0.0,0.0
CN9,64M,32,2,2,0,0,0,0,0,0,21.03,1340.71,5421.09,0.0,0.0,0.0,676.65,0.0,0.0,0.0
CN9,64M,32,2,3,0,0,0,0,0,0,18.99,1214.13,4630.37,0.0,0.0,0.0,578.3,0.0,0.0,0.0
CN9,64M,32,2,4,0,0,0,0,0,0,19.34,1237.30,4902.37,0.0,0.0,0.0,611.98,0.0,0.0,0.0
CN9,64M,32,2,5,0,0,0,0,0,0,20.13,1235.55,5652.27,0.0,0.0,0.0,705.98,0.0,0.0,0.0
CN9,64M,32,4,1,0,0,0,0,0,0,20.73,1326.63,4797.1,0.0,0.0,0.0,598.84,0.0,0.0,0.0
CN9,64M,32,4,2,0,0,0,0,0,0,20.95,1339.53,5252.62,0.0,0.0,0.0,655.98,0.0,0.0,0.0
CN9,64M,32,4,3,0,0,0,0,0,0,20.63,1314.06,5626.29,0.0,0.0,0.0,701.32,0.0,0.0,0.0
CN9,64M,32,4,4,0,0,0,0,0,0,23.31,1490.27,4757.97,0.0,0.0,0.0,593.73,0.0,0.0,0.0
CN9,64M,32,4,5,0,0,0,0,0,0,22.50,1362.41,5646.8,0.0,0.0,0.0,705.32,0.0,0.0,0.0
CN9,64M,32,8,1,0,0,0,0,0,0,24.37,1559.00,5484.64,0.0,0.0,0.0,684.65,0.0,0.0,0.0
CN9,64M,32,8,2,0,0,0,0,0,0,22.49,1432.96,4641.56,0.0,0.0,0.0,579.44,0.0,0.0,0.0
CN9,64M,32,8,3,0,0,0,0,0,0,21.96,1405.14,4575.42,0.0,0.0,0.0,571.45,0.0,0.0,0.0
CN9,64M,32,8,4,0,0,0,0,0,0,21.83,1391.12,4794.71,0.0,0.0,0.0,598.3,0.0,0.0,0.0
CN9,64M,32,8,5,0,0,0,0,0,0,20.87,1334.12,5411.03,0.0,0.0,0.0,675.87,0.0,0.0,0.0
CN9,64M,32,16,1,0,0,0,0,0,0,20.25,1290.05,4704.15,0.0,0.0,0.0,586.33,0.0,0.0,0.0
CN9,64M,32,16,2,0,0,0,0,0,0,21.58,1380.20,5390.18,0.0,0.0,0.0,672.69,0.0,0.0,0.0
CN9,64M,32,16,3,0,0,0,0,0,0,22.83,1457.51,6194.52,0.0,0.0,0.0,773.32,0.0,0.0,0.0
CN9,64M,32,16,4,0,0,0,0,0,0,24.58,1571.78,5241.36,0.0,0.0,0.0,654.66,0.0,0.0,0.0
CN9,64M,32,16,5,0,0,0,0,0,0,21.39,1349.18,4335.45,0.0,0.0,0.0,541.14,0.0,0.0,0.0
CN9,64M,64,1,1,0,0,0,0,0,0,14.55,931.08,6503.09,0.0,0.0,0.0,812.03,0.0,0.0,0.0
CN9,64M,64,1,2,0,0,0,0,0,0,13.93,888.55,6642.25,0.0,0.0,0.0,829.29,0.0,0.0,0.0
CN9,64M,64,1,3,0,0,0,0,0,0,14.30,915.13,7258.7,0.0,0.0,0.0,906.39,0.0,0.0,0.0
CN9,64M,64,1,4,0,0,0,0,0,0,14.46,925.55,6548.42,0.0,0.0,0.0,817.01,0.0,0.0,0.0
CN9,64M,64,1,5,0,0,0,0,0,0,14.47,925.18,6551.12,0.0,0.0,0.0,817.88,0.0,0.0,0.0
CN9,64M,64,2,1,0,0,0,0,0,0,14.44,923.85,6116.62,0.0,0.0,0.0,763.77,0.0,0.0,0.0
CN9,64M,64,2,2,0,0,0,0,0,0,14.39,920.34,7027.82,0.0,0.0,0.0,877.4,0.0,0.0,0.0
CN9,64M,64,2,3,0,0,0,0,0,0,14.96,956.92,6501.3,0.0,0.0,0.0,811.73,0.0,0.0,0.0
CN9,64M,64,2,4,0,0,0,0,0,0,14.46,924.97,6676.39,0.0,0.0,0.0,833.63,0.0,0.0,0.0
CN9,64M,64,2,5,0,0,0,0,0,0,15.26,975.93,6681.32,0.0,0.0,0.0,834.19,0.0,0.0,0.0
CN9,64M,64,4,1,0,0,0,0,0,0,14.92,953.14,6461.48,0.0,0.0,0.0,806.81,0.0,0.0,0.0
CN9,64M,64,4,2,0,0,0,0,0,0,14.27,911.90,6593.02,0.0,0.0,0.0,822.56,0.0,0.0,0.0
CN9,64M,64,4,3,0,0,0,0,0,0,15.79,1010.22,7237.95,0.0,0.0,0.0,903.71,0.0,0.0,0.0
CN9,64M,64,4,4,0,0,0,0,0,0,13.65,873.61,6152.89,0.0,0.0,0.0,768.09,0.0,0.0,0.0
CN9,64M,64,4,5,0,0,0,0,0,0,14.54,930.52,7087.05,0.0,0.0,0.0,885.04,0.0,0.0,0.0
CN9,64M,64,8,1,0,0,0,0,0,0,14.09,901.62,6156.98,0.0,0.0,0.0,768.64,0.0,0.0,0.0
CN9,64M,64,8,2,0,0,0,0,0,0,14.18,907.45,6511.52,0.0,0.0,0.0,813.02,0.0,0.0,0.0
CN9,64M,64,8,3,0,0,0,0,0,0,13.85,882.60,6600.61,0.0,0.0,0.0,824.08,0.0,0.0,0.0
CN9,64M,64,8,4,0,0,0,0,0,0,13.92,890.79,6599.77,0.0,0.0,0.0,824.1,0.0,0.0,0.0
CN9,64M,64,8,5,0,0,0,0,0,0,14.71,940.55,6540.78,0.0,0.0,0.0,816.07,0.0,0.0,0.0
CN9,64M,64,16,1,0,0,0,0,0,0,14.17,905.64,6489.71,0.0,0.0,0.0,810.2,0.0,0.0,0.0
CN9,64M,64,16,2,0,0,0,0,0,0,14.76,944.42,7197.36,0.0,0.0,0.0,898.75,0.0,0.0,0.0
CN9,64M,64,16,3,0,0,0,0,0,0,14.61,934.43,6701.34,0.0,0.0,0.0,836.67,0.0,0.0,0.0
CN9,64M,64,16,4,0,0,0,0,0,0,14.85,933.48,6564.04,0.0,0.0,0.0,819.47,0.0,0.0,0.0
CN9,64M,64,16,5,0,0,0,0,0,0,14.96,957.73,6611.74,0.0,0.0,0.0,825.62,0.0,0.0,0.0
CN9,128M,32,1,1,0,0,0,0,0,0,7.66,980.65,8186.37,0.0,0.0,0.0,1022.07,0.0,0.0,0.0
CN9,128M,32,1,2,0,0,0,0,0,0,7.78,996.03,9047.76,0.0,0.0,0.0,1129.85,0.0,0.0,0.0
CN9,128M,32,1,3,0,0,0,0,0,0,7.47,956.14,8075.89,0.0,0.0,0.0,1007.68,0.0,0.0,0.0
CN9,128M,32,1,4,0,0,0,0,0,0,7.67,981.16,8080.5,0.0,0.0,0.0,1008.87,0.0,0.0,0.0
CN9,128M,32,1,5,0,0,0,0,0,0,7.73,988.68,8068.01,0.0,0.0,0.0,1007.27,0.0,0.0,0.0
CN9,128M,32,2,1,0,0,0,0,0,0,7.99,1021.15,8243.22,0.0,0.0,0.0,1029.28,0.0,0.0,0.0
CN9,128M,32,2,2,0,0,0,0,0,0,7.85,998.35,9234.7,0.0,0.0,0.0,1152.97,0.0,0.0,0.0
CN9,128M,32,2,3,0,0,0,0,0,0,7.44,951.75,8048.94,0.0,0.0,0.0,1004.94,0.0,0.0,0.0
CN9,128M,32,2,4,0,0,0,0,0,0,7.74,988.06,8875.16,0.0,0.0,0.0,1108.08,0.0,0.0,0.0
CN9,128M,32,2,5,0,0,0,0,0,0,7.71,986.43,8072.46,0.0,0.0,0.0,1008.08,0.0,0.0,0.0
CN9,128M,32,4,1,0,0,0,0,0,0,7.78,995.12,8991.18,0.0,0.0,0.0,1121.88,0.0,0.0,0.0
CN9,128M,32,4,2,0,0,0,0,0,0,7.87,1006.76,8218.48,0.0,0.0,0.0,1026.08,0.0,0.0,0.0
CN9,128M,32,4,3,0,0,0,0,0,0,8.02,1002.56,8990.76,0.0,0.0,0.0,1122.75,0.0,0.0,0.0
CN9,128M,32,4,4,0,0,0,0,0,0,7.92,1004.56,9106.77,0.0,0.0,0.0,1136.98,0.0,0.0,0.0
CN9,128M,32,4,5,0,0,0,0,0,0,8.14,1039.17,8247.0,0.0,0.0,0.0,1029.68,0.0,0.0,0.0
CN9,128M,32,8,1,0,0,0,0,0,0,7.66,979.99,8149.01,0.0,0.0,0.0,1017.68,0.0,0.0,0.0
CN9,128M,32,8,2,0,0,0,0,0,0,7.82,1000.60,8992.69,0.0,0.0,0.0,1122.76,0.0,0.0,0.0
CN9,128M,32,8,3,0,0,0,0,0,0,8.06,1030.99,8203.83,0.0,0.0,0.0,1024.49,0.0,0.0,0.0
CN9,128M,32,8,4,0,0,0,0,0,0,7.95,1016.84,8894.71,0.0,0.0,0.0,1109.89,0.0,0.0,0.0
CN9,128M,32,8,5,0,0,0,0,0,0,8.01,1023.89,8673.35,0.0,0.0,0.0,1082.92,0.0,0.0,0.0
CN9,128M,32,16,1,0,0,0,0,0,0,7.95,1016.01,8132.16,0.0,0.0,0.0,1015.29,0.0,0.0,0.0
CN9,128M,32,16,2,0,0,0,0,0,0,7.49,958.01,8020.97,0.0,0.0,0.0,1001.69,0.0,0.0,0.0
CN9,128M,32,16,3,0,0,0,0,0,0,8.07,1033.23,9263.42,0.0,0.0,0.0,1156.55,0.0,0.0,0.0
CN9,128M,32,16,4,0,0,0,0,0,0,7.97,1016.92,9008.55,0.0,0.0,0.0,1124.99,0.0,0.0,0.0
CN9,128M,32,16,5,0,0,0,0,0,0,7.49,958.49,8048.4,0.0,0.0,0.0,1004.89,0.0,0.0,0.0
CN9,128M,64,1,1,0,0,0,0,0,0,5.56,711.18,10363.24,0.0,0.0,0.0,1294.02,0.0,0.0,0.0
CN9,128M,64,1,2,0,0,0,0,0,0,5.55,710.83,10433.35,0.0,0.0,0.0,1302.42,0.0,0.0,0.0
CN9,128M,64,1,3,0,0,0,0,0,0,5.75,736.25,10369.89,0.0,0.0,0.0,1294.79,0.0,0.0,0.0
CN9,128M,64,1,4,0,0,0,0,0,0,5.63,720.02,10427.09,0.0,0.0,0.0,1302.03,0.0,0.0,0.0
CN9,128M,64,1,5,0,0,0,0,0,0,5.50,703.78,10337.91,0.0,0.0,0.0,1290.79,0.0,0.0,0.0
CN9,128M,64,2,1,0,0,0,0,0,0,5.59,714.95,10388.45,0.0,0.0,0.0,1297.08,0.0,0.0,0.0
CN9,128M,64,2,2,0,0,0,0,0,0,5.39,689.60,9810.3,0.0,0.0,0.0,1225.03,0.0,0.0,0.0
CN9,128M,64,2,3,0,0,0,0,0,0,7.70,985.44,2152.27,0.0,0.0,0.0,268.7,0.0,0.0,0.0
CN9,128M,64,2,4,0,0,0,0,0,0,5.53,707.64,9242.59,0.0,0.0,0.0,1153.96,0.0,0.0,0.0
CN9,128M,64,2,5,0,0,0,0,0,0,5.55,709.80,9832.7,0.0,0.0,0.0,1227.41,0.0,0.0,0.0
CN9,128M,64,4,1,0,0,0,0,0,0,5.54,708.93,9453.29,0.0,0.0,0.0,1180.3,0.0,0.0,0.0
CN9,128M,64,4,2,0,0,0,0,0,0,5.67,725.46,9915.91,0.0,0.0,0.0,1238.13,0.0,0.0,0.0
CN9,128M,64,4,3,0,0,0,0,0,0,5.69,727.88,10448.87,0.0,0.0,0.0,1304.71,0.0,0.0,0.0
CN9,128M,64,4,4,0,0,0,0,0,0,5.55,710.56,9853.43,0.0,0.0,0.0,1230.31,0.0,0.0,0.0
CN9,128M,64,4,5,0,0,0,0,0,0,5.64,721.12,10419.32,0.0,0.0,0.0,1301.09,0.0,0.0,0.0
CN9,128M,64,8,1,0,0,0,0,0,0,5.58,714.86,10504.67,0.0,0.0,0.0,1311.58,0.0,0.0,0.0
CN9,128M,64,8,2,0,0,0,0,0,0,5.65,722.64,9991.2,0.0,0.0,0.0,1247.6,0.0,0.0,0.0
CN9,128M,64,8,3,0,0,0,0,0,0,5.53,707.22,9854.48,0.0,0.0,0.0,1230.15,0.0,0.0,0.0
CN9,128M,64,8,4,0,0,0,0,0,0,5.68,727.40,10331.04,0.0,0.0,0.0,1289.87,0.0,0.0,0.0
CN9,128M,64,8,5,0,0,0,0,0,0,5.53,707.38,9893.59,0.0,0.0,0.0,1235.41,0.0,0.0,0.0
CN9,128M,64,16,1,0,0,0,0,0,0,5.60,716.86,10497.02,0.0,0.0,0.0,1310.63,0.0,0.0,0.0
CN9,128M,64,16,2,0,0,0,0,0,0,5.41,692.14,9946.48,0.0,0.0,0.0,1241.96,0.0,0.0,0.0
CN9,128M,64,16,3,0,0,0,0,0,0,5.60,716.13,10385.95,0.0,0.0,0.0,1296.91,0.0,0.0,0.0
CN9,128M,64,16,4,0,0,0,0,0,0,5.53,708.34,10342.77,0.0,0.0,0.0,1291.39,0.0,0.0,0.0
CN9,128M,64,16,5,0,0,0,0,0,0,5.49,703.07,9886.7,0.0,0.0,0.0,1234.51,0.0,0.0,0.0
CN9,256M,32,1,1,0,0,0,0,0,0,2.83,725.48,11234.25,0.0,0.0,0.0,1402.3,0.0,0.0,0.0
CN9,256M,32,1,2,0,0,0,0,0,0,2.81,718.57,11146.31,0.0,0.0,0.0,1391.75,0.0,0.0,0.0
CN9,256M,32,1,3,0,0,0,0,0,0,2.91,745.75,11794.45,0.0,0.0,0.0,1472.63,0.0,0.0,0.0
CN9,256M,32,1,4,0,0,0,0,0,0,2.78,711.42,11123.71,0.0,0.0,0.0,1389.02,0.0,0.0,0.0
CN9,256M,32,1,5,0,0,0,0,0,0,2.81,720.23,11753.26,0.0,0.0,0.0,1467.52,0.0,0.0,0.0
CN9,256M,32,2,1,0,0,0,0,0,0,2.83,725.46,11798.5,0.0,0.0,0.0,1473.08,0.0,0.0,0.0
CN9,256M,32,2,2,0,0,0,0,0,0,2.83,724.95,11163.48,0.0,0.0,0.0,1393.87,0.0,0.0,0.0
CN9,256M,32,2,3,0,0,0,0,0,0,2.91,744.40,11150.87,0.0,0.0,0.0,1392.4,0.0,0.0,0.0
CN9,256M,32,2,4,0,0,0,0,0,0,2.86,730.69,11777.43,0.0,0.0,0.0,1470.21,0.0,0.0,0.0
CN9,256M,32,2,5,0,0,0,0,0,0,2.85,730.13,11168.42,0.0,0.0,0.0,1394.5,0.0,0.0,0.0
CN9,256M,32,4,1,0,0,0,0,0,0,2.77,709.04,11770.12,0.0,0.0,0.0,1469.75,0.0,0.0,0.0
CN9,256M,32,4,2,0,0,0,0,0,0,2.81,718.92,11819.08,0.0,0.0,0.0,1475.76,0.0,0.0,0.0
CN9,256M,32,4,3,0,0,0,0,0,0,2.85,730.65,11894.65,0.0,0.0,0.0,1485.1,0.0,0.0,0.0
CN9,256M,32,4,4,0,0,0,0,0,0,2.83,724.88,11187.84,0.0,0.0,0.0,1397.04,0.0,0.0,0.0
CN9,256M,32,4,5,0,0,0,0,0,0,2.73,697.68,10592.21,0.0,0.0,0.0,1322.58,0.0,0.0,0.0
CN9,256M,32,8,1,0,0,0,0,0,0,2.78,711.45,11272.08,0.0,0.0,0.0,1407.57,0.0,0.0,0.0
CN9,256M,32,8,2,0,0,0,0,0,0,2.81,719.47,11140.05,0.0,0.0,0.0,1390.58,0.0,0.0,0.0
CN9,256M,32,8,3,0,0,0,0,0,0,2.85,729.85,11234.11,0.0,0.0,0.0,1402.72,0.0,0.0,0.0
CN9,256M,32,8,4,0,0,0,0,0,0,2.86,732.67,11214.8,0.0,0.0,0.0,1400.22,0.0,0.0,0.0
CN9,256M,32,8,5,0,0,0,0,0,0,2.84,727.37,11175.71,0.0,0.0,0.0,1395.57,0.0,0.0,0.0
CN9,256M,32,16,1,0,0,0,0,0,0,2.79,715.13,11158.41,0.0,0.0,0.0,1393.26,0.0,0.0,0.0
CN9,256M,32,16,2,0,0,0,0,0,0,2.82,720.61,11866.17,0.0,0.0,0.0,1481.77,0.0,0.0,0.0
CN9,256M,32,16,3,0,0,0,0,0,0,2.84,727.95,11840.68,0.0,0.0,0.0,1478.44,0.0,0.0,0.0
CN9,256M,32,16,4,0,0,0,0,0,0,2.86,731.49,11834.42,0.0,0.0,0.0,1477.78,0.0,0.0,0.0
CN9,256M,32,16,5,0,0,0,0,0,0,2.85,728.65,11751.21,0.0,0.0,0.0,1466.91,0.0,0.0,0.0
CN9,256M,64,1,1,0,0,0,0,0,0,2.45,627.73,12624.11,0.0,0.0,0.0,1576.29,0.0,0.0,0.0
CN9,256M,64,1,2,0,0,0,0,0,0,2.46,628.58,12036.17,0.0,0.0,0.0,1502.88,0.0,0.0,0.0
CN9,256M,64,1,3,0,0,0,0,0,0,2.44,624.55,12657.53,0.0,0.0,0.0,1580.5,0.0,0.0,0.0
CN9,256M,64,1,4,0,0,0,0,0,0,2.49,637.20,12280.89,0.0,0.0,0.0,1533.45,0.0,0.0,0.0
CN9,256M,64,1,5,0,0,0,0,0,0,2.45,627.14,12283.78,0.0,0.0,0.0,1533.83,0.0,0.0,0.0
CN9,256M,64,2,1,0,0,0,0,0,0,2.54,649.80,12361.64,0.0,0.0,0.0,1543.48,0.0,0.0,0.0
CN9,256M,64,2,2,0,0,0,0,0,0,2.45,627.02,12054.29,0.0,0.0,0.0,1505.15,0.0,0.0,0.0
CN9,256M,64,2,3,0,0,0,0,0,0,2.44,624.49,12945.44,0.0,0.0,0.0,1616.21,0.0,0.0,0.0
CN9,256M,64,2,4,0,0,0,0,0,0,2.42,618.70,13030.24,0.0,0.0,0.0,1626.82,0.0,0.0,0.0
CN9,256M,64,2,5,0,0,0,0,0,0,2.46,628.57,12011.06,0.0,0.0,0.0,1499.79,0.0,0.0,0.0
CN9,256M,64,4,1,0,0,0,0,0,0,2.42,619.00,11994.27,0.0,0.0,0.0,1497.73,0.0,0.0,0.0
CN9,256M,64,4,2,0,0,0,0,0,0,2.47,630.88,11967.58,0.0,0.0,0.0,1494.15,0.0,0.0,0.0
CN9,256M,64,4,3,0,0,0,0,0,0,2.43,621.16,12379.4,0.0,0.0,0.0,1545.83,0.0,0.0,0.0
CN9,256M,64,4,4,0,0,0,0,0,0,2.46,630.64,12932.32,0.0,0.0,0.0,1614.81,0.0,0.0,0.0
CN9,256M,64,4,5,0,0,0,0,0,0,2.47,633.03,12645.53,0.0,0.0,0.0,1579.05,0.0,0.0,0.0
CN9,256M,64,8,1,0,0,0,0,0,0,2.47,631.77,12689.1,0.0,0.0,0.0,1584.22,0.0,0.0,0.0
CN9,256M,64,8,2,0,0,0,0,0,0,2.44,623.77,11791.28,0.0,0.0,0.0,1472.25,0.0,0.0,0.0
CN9,256M,64,8,3,0,0,0,0,0,0,2.44,624.66,12001.25,0.0,0.0,0.0,1498.6,0.0,0.0,0.0
CN9,256M,64,8,4,0,0,0,0,0,0,2.45,627.22,12638.6,0.0,0.0,0.0,1578.12,0.0,0.0,0.0
CN9,256M,64,8,5,0,0,0,0,0,0,2.43,621.84,12637.03,0.0,0.0,0.0,1577.91,0.0,0.0,0.0
CN9,256M,64,16,1,0,0,0,0,0,0,2.46,629.07,12630.52,0.0,0.0,0.0,1577.17,0.0,0.0,0.0
CN9,256M,64,16,2,0,0,0,0,0,0,2.45,626.11,12057.16,0.0,0.0,0.0,1505.51,0.0,0.0,0.0
CN9,256M,64,16,3,0,0,0,0,0,0,2.47,631.07,12629.34,0.0,0.0,0.0,1576.97,0.0,0.0,0.0
CN9,256M,64,16,4,0,0,0,0,0,0,2.44,624.86,12991.64,0.0,0.0,0.0,1621.98,0.0,0.0,0.0
CN9,256M,64,16,5,0,0,0,0,0,0,2.44,624.34,12587.77,0.0,0.0,0.0,1571.81,0.0,0.0,0.0
