0829-1147
CN7,1M,1,32,1,0,0,0,0,0,0,540.02,342.67,90.53,0.0,0.0,0.0,11.8,0.0,0.0,0.0
CN7,1M,1,32,2,0,0,0,0,0,0,711.02,416.39,90.53,0.0,0.0,0.0,11.8,0.0,0.0,0.0
CN7,1M,1,32,3,0,0,0,0,0,0,709.22,410.00,111.53,0.0,0.0,0.0,11.8,0.0,0.0,0.0
CN7,1M,1,32,4,0,0,0,0,0,0,706.59,412.10,60.35,0.0,0.0,0.0,7.87,0.0,0.0,0.0
CN7,1M,1,32,5,0,0,0,0,0,0,725.78,423.28,90.52,0.0,0.0,0.0,11.8,0.0,0.0,0.0
CN7,1M,1,64,1,0,0,0,0,0,0,699.17,413.80,90.52,0.0,0.0,0.0,11.8,0.0,0.0,0.0
CN7,1M,1,64,2,0,0,0,0,0,0,698.12,414.74,60.68,0.0,0.0,0.0,7.86,0.0,0.0,0.0
CN7,1M,1,64,3,0,0,0,0,0,0,280.09,218.75,101.51,0.0,0.0,0.0,13.05,0.0,0.0,0.0
CN7,1M,1,64,4,0,0,0,0,0,0,701.15,406.74,90.51,0.0,0.0,0.0,11.8,0.0,0.0,0.0
CN7,1M,1,64,5,0,0,0,0,0,0,715.02,418.76,90.5,0.0,0.0,0.0,11.8,0.0,0.0,0.0
CN7,1M,2,32,1,0,0,0,0,0,0,338.22,288.91,115.5,0.0,0.0,0.0,13.3,0.0,0.0,0.0
CN7,1M,2,32,2,0,0,0,0,0,0,335.45,288.80,72.67,0.0,0.0,0.0,8.86,0.0,0.0,0.0
CN7,1M,2,32,3,0,0,0,0,0,0,338.09,291.12,102.5,0.0,0.0,0.0,13.29,0.0,0.0,0.0
CN7,1M,2,32,4,0,0,0,0,0,0,329.90,282.43,68.33,0.0,0.0,0.0,8.86,0.0,0.0,0.0
CN7,1M,2,32,5,0,0,0,0,0,0,355.21,299.22,68.33,0.0,0.0,0.0,8.86,0.0,0.0,0.0
CN7,1M,2,64,1,0,0,0,0,0,0,344.93,292.42,102.49,0.0,0.0,0.0,13.29,0.0,0.0,0.0
CN7,1M,2,64,2,0,0,0,0,0,0,355.46,300.65,68.66,0.0,0.0,0.0,8.86,0.0,0.0,0.0
CN7,1M,2,64,3,0,0,0,0,0,0,325.10,279.58,102.48,0.0,0.0,0.0,13.29,0.0,0.0,0.0
CN7,1M,2,64,4,0,0,0,0,0,0,338.15,289.31,116.98,0.0,0.0,0.0,13.29,0.0,0.0,0.0
CN7,1M,2,64,5,0,0,0,0,0,0,358.55,303.82,102.48,0.0,0.0,0.0,13.29,0.0,0.0,0.0
CN7,1M,4,32,1,0,0,0,0,0,0,637.36,547.83,102.48,0.0,0.0,0.0,13.29,0.0,0.0,0.0
CN7,1M,4,32,2,0,0,0,0,0,0,656.75,559.17,102.47,0.0,0.0,0.0,13.29,0.0,0.0,0.0
CN7,1M,4,32,3,0,0,0,0,0,0,619.68,532.44,102.47,0.0,0.0,0.0,13.29,0.0,0.0,0.0
CN7,1M,4,32,4,0,0,0,0,0,0,651.37,554.73,102.47,0.0,0.0,0.0,13.29,0.0,0.0,0.0
CN7,1M,4,32,5,0,0,0,0,0,0,662.24,564.78,102.97,0.0,0.0,0.0,13.29,0.0,0.0,0.0
CN7,1M,4,64,1,0,0,0,0,0,0,646.15,562.22,102.47,0.0,0.0,0.0,13.29,0.0,0.0,0.0
CN7,1M,4,64,2,0,0,0,0,0,0,630.96,544.36,77.31,0.0,0.0,0.0,8.86,0.0,0.0,0.0
CN7,1M,4,64,3,0,0,0,0,0,0,662.97,569.67,68.31,0.0,0.0,0.0,8.86,0.0,0.0,0.0
CN7,1M,4,64,4,0,0,0,0,0,0,666.08,564.26,68.31,0.0,0.0,0.0,8.86,0.0,0.0,0.0
CN7,1M,4,64,5,0,0,0,0,0,0,649.88,559.17,104.46,0.0,0.0,0.0,13.31,0.0,0.0,0.0
CN7,1M,8,32,1,0,0,0,0,0,0,1051.73,924.64,102.45,0.0,0.0,0.0,13.29,0.0,0.0,0.0
CN7,1M,8,32,2,0,0,0,0,0,0,1168.86,1026.07,68.64,0.0,0.0,0.0,8.86,0.0,0.0,0.0
CN7,1M,8,32,3,0,0,0,0,0,0,1227.48,1069.19,102.45,0.0,0.0,0.0,13.29,0.0,0.0,0.0
CN7,1M,8,32,4,0,0,0,0,0,0,1046.12,918.27,102.45,0.0,0.0,0.0,13.29,0.0,0.0,0.0
CN7,1M,8,32,5,0,0,0,0,0,0,827.44,754.80,116.44,0.0,0.0,0.0,13.29,0.0,0.0,0.0
CN7,1M,8,64,1,0,0,0,0,0,0,1185.00,979.46,102.44,0.0,0.0,0.0,13.29,0.0,0.0,0.0
CN7,1M,8,64,2,0,0,0,0,0,0,1137.25,996.77,68.63,0.0,0.0,0.0,8.86,0.0,0.0,0.0
CN7,1M,8,64,3,0,0,0,0,0,0,1177.31,1037.10,68.29,0.0,0.0,0.0,8.86,0.0,0.0,0.0
CN7,1M,8,64,4,0,0,0,0,0,0,1078.57,958.31,68.29,0.0,0.0,0.0,8.86,0.0,0.0,0.0
CN7,1M,8,64,5,0,0,0,0,0,0,1066.98,940.14,102.44,0.0,0.0,0.0,13.29,0.0,0.0,0.0
CN7,1M,16,32,1,0,0,0,0,0,0,1622.83,1478.46,81.62,0.0,0.0,0.0,10.52,0.0,0.0,0.0
CN7,1M,16,32,2,0,0,0,0,0,0,1384.12,1246.45,68.29,0.0,0.0,0.0,8.86,0.0,0.0,0.0
CN7,1M,16,32,3,0,0,0,0,0,0,1499.07,1373.24,115.92,0.0,0.0,0.0,13.29,0.0,0.0,0.0
CN7,1M,16,32,4,0,0,0,0,0,0,1606.59,1413.18,3.79,0.0,0.0,0.0,0.45,0.0,0.0,0.0
CN7,1M,16,32,5,0,0,0,0,0,0,954.55,883.59,224.41,0.0,0.0,0.0,28.02,0.0,0.0,0.0
CN7,1M,16,64,1,0,0,0,0,0,0,1441.25,1319.69,102.41,0.0,0.0,0.0,13.28,0.0,0.0,0.0
CN7,1M,16,64,2,0,0,0,0,0,0,1454.93,1296.46,102.41,0.0,0.0,0.0,13.28,0.0,0.0,0.0
CN7,1M,16,64,3,0,0,0,0,0,0,1278.36,1211.61,161.91,0.0,0.0,0.0,20.47,0.0,0.0,0.0
CN7,1M,16,64,4,0,0,0,0,0,0,802.46,765.82,143.93,0.0,0.0,0.0,17.75,0.0,0.0,0.0
CN7,1M,16,64,5,0,0,0,0,0,0,1451.13,1341.27,102.4,0.0,0.0,0.0,13.28,0.0,0.0,0.0
CN7,2M,1,32,1,0,0,0,0,0,0,463.51,654.64,107.39,0.0,0.0,0.0,11.78,0.0,0.0,0.0
CN7,2M,1,32,2,0,0,0,0,0,0,424.35,598.89,60.26,0.0,0.0,0.0,7.85,0.0,0.0,0.0
CN7,2M,1,32,3,0,0,0,0,0,0,437.54,623.22,65.88,0.0,0.0,0.0,8.37,0.0,0.0,0.0
CN7,2M,1,32,4,0,0,0,0,0,0,428.38,627.70,90.39,0.0,0.0,0.0,11.78,0.0,0.0,0.0
CN7,2M,1,32,5,0,0,0,0,0,0,431.25,614.69,90.39,0.0,0.0,0.0,11.78,0.0,0.0,0.0
CN7,2M,1,64,1,0,0,0,0,0,0,406.74,594.60,60.92,0.0,0.0,0.0,7.86,0.0,0.0,0.0
CN7,2M,1,64,2,0,0,0,0,0,0,439.65,620.41,96.38,0.0,0.0,0.0,12.53,0.0,0.0,0.0
CN7,2M,1,64,3,0,0,0,0,0,0,395.54,574.13,90.38,0.0,0.0,0.0,11.78,0.0,0.0,0.0
CN7,2M,1,64,4,0,0,0,0,0,0,418.22,586.90,110.38,0.0,0.0,0.0,12.74,0.0,0.0,0.0
CN7,2M,1,64,5,0,0,0,0,0,0,442.67,635.21,60.25,0.0,0.0,0.0,7.85,0.0,0.0,0.0
CN7,2M,2,32,1,0,0,0,0,0,0,194.60,355.76,116.37,0.0,0.0,0.0,14.8,0.0,0.0,0.0
CN7,2M,2,32,2,0,0,0,0,0,0,195.00,353.56,114.37,0.0,0.0,0.0,14.78,0.0,0.0,0.0
CN7,2M,2,32,3,0,0,0,0,0,0,198.94,361.24,114.37,0.0,0.0,0.0,14.78,0.0,0.0,0.0
CN7,2M,2,32,4,0,0,0,0,0,0,200.28,365.49,76.24,0.0,0.0,0.0,9.85,0.0,0.0,0.0
CN7,2M,2,32,5,0,0,0,0,0,0,219.65,399.26,114.36,0.0,0.0,0.0,14.78,0.0,0.0,0.0
CN7,2M,2,64,1,0,0,0,0,0,0,200.34,363.82,114.36,0.0,0.0,0.0,14.78,0.0,0.0,0.0
CN7,2M,2,64,2,0,0,0,0,0,0,201.41,367.20,126.86,0.0,0.0,0.0,14.78,0.0,0.0,0.0
CN7,2M,2,64,3,0,0,0,0,0,0,210.43,381.52,76.24,0.0,0.0,0.0,9.85,0.0,0.0,0.0
CN7,2M,2,64,4,0,0,0,0,0,0,204.77,372.01,76.24,0.0,0.0,0.0,9.85,0.0,0.0,0.0
CN7,2M,2,64,5,0,0,0,0,0,0,208.72,379.00,116.35,0.0,0.0,0.0,14.8,0.0,0.0,0.0
CN7,2M,4,32,1,0,0,0,0,0,0,384.56,702.98,114.35,0.0,0.0,0.0,14.77,0.0,0.0,0.0
CN7,2M,4,32,2,0,0,0,0,0,0,373.59,683.21,76.56,0.0,0.0,0.0,9.85,0.0,0.0,0.0
CN7,2M,4,32,3,0,0,0,0,0,0,357.02,657.94,114.84,0.0,0.0,0.0,14.77,0.0,0.0,0.0
CN7,2M,4,32,4,0,0,0,0,0,0,394.68,721.06,114.34,0.0,0.0,0.0,14.77,0.0,0.0,0.0
CN7,2M,4,32,5,0,0,0,0,0,0,376.52,688.35,126.34,0.0,0.0,0.0,14.77,0.0,0.0,0.0
CN7,2M,4,64,1,0,0,0,0,0,0,369.07,682.53,76.22,0.0,0.0,0.0,9.85,0.0,0.0,0.0
CN7,2M,4,64,2,0,0,0,0,0,0,376.12,690.90,114.33,0.0,0.0,0.0,14.77,0.0,0.0,0.0
CN7,2M,4,64,3,0,0,0,0,0,0,394.94,717.82,114.33,0.0,0.0,0.0,14.77,0.0,0.0,0.0
CN7,2M,4,64,4,0,0,0,0,0,0,388.30,711.09,76.22,0.0,0.0,0.0,9.85,0.0,0.0,0.0
CN7,2M,4,64,5,0,0,0,0,0,0,380.78,697.05,114.33,0.0,0.0,0.0,14.77,0.0,0.0,0.0
CN7,2M,8,32,1,0,0,0,0,0,0,676.68,1251.52,114.33,0.0,0.0,0.0,14.77,0.0,0.0,0.0
CN7,2M,8,32,2,0,0,0,0,0,0,705.22,1297.27,76.55,0.0,0.0,0.0,9.85,0.0,0.0,0.0
CN7,2M,8,32,3,0,0,0,0,0,0,683.42,1227.93,128.32,0.0,0.0,0.0,14.77,0.0,0.0,0.0
CN7,2M,8,32,4,0,0,0,0,0,0,613.83,1106.46,76.21,0.0,0.0,0.0,9.85,0.0,0.0,0.0
CN7,2M,8,32,5,0,0,0,0,0,0,603.80,1129.36,118.81,0.0,0.0,0.0,14.86,0.0,0.0,0.0
CN7,2M,8,64,1,0,0,0,0,0,0,717.43,1322.94,158.31,0.0,0.0,0.0,20.08,0.0,0.0,0.0
CN7,2M,8,64,2,0,0,0,0,0,0,615.16,1144.42,115.31,0.0,0.0,0.0,14.77,0.0,0.0,0.0
CN7,2M,8,64,3,0,0,0,0,0,0,651.00,1203.64,114.21,0.0,0.0,0.0,14.49,0.0,0.0,0.0
CN7,2M,8,64,4,0,0,0,0,0,0,638.80,1151.06,115.31,0.0,0.0,0.0,14.77,0.0,0.0,0.0
CN7,2M,8,64,5,0,0,0,0,0,0,646.07,1198.52,216.81,0.0,0.0,0.0,26.79,0.0,0.0,0.0
CN7,2M,16,32,1,0,0,0,0,0,0,611.18,1177.66,116.2,0.0,0.0,0.0,13.54,0.0,0.0,0.0
CN7,2M,16,32,2,0,0,0,0,0,0,646.91,1226.42,228.87,0.0,0.0,0.0,27.58,0.0,0.0,0.0
CN7,2M,16,32,3,0,0,0,0,0,0,595.64,1133.42,135.53,0.0,0.0,0.0,16.73,0.0,0.0,0.0
CN7,2M,16,32,4,0,0,0,0,0,0,774.95,1484.56,144.86,0.0,0.0,0.0,18.0,0.0,0.0,0.0
CN7,2M,16,32,5,0,0,0,0,0,0,577.76,1118.66,299.79,0.0,0.0,0.0,36.47,0.0,0.0,0.0
CN7,2M,16,64,1,0,0,0,0,0,0,810.67,1535.90,89.65,0.0,0.0,0.0,11.23,0.0,0.0,0.0
CN7,2M,16,64,2,0,0,0,0,0,0,610.87,1177.84,191.19,0.0,0.0,0.0,23.05,0.0,0.0,0.0
CN7,2M,16,64,3,0,0,0,0,0,0,584.71,1127.99,199.19,0.0,0.0,0.0,24.61,0.0,0.0,0.0
CN7,2M,16,64,4,0,0,0,0,0,0,581.87,1108.69,178.86,0.0,0.0,0.0,20.79,0.0,0.0,0.0
CN7,2M,16,64,5,0,0,0,0,0,0,807.48,1520.64,118.52,0.0,0.0,0.0,14.55,0.0,0.0,0.0
CN7,4M,1,32,1,0,0,0,0,0,0,237.46,777.88,138.28,0.0,0.0,0.0,17.77,0.0,0.0,0.0
CN7,4M,1,32,2,0,0,0,0,0,0,230.23,756.86,138.28,0.0,0.0,0.0,17.77,0.0,0.0,0.0
CN7,4M,1,32,3,0,0,0,0,0,0,244.07,799.11,92.18,0.0,0.0,0.0,11.84,0.0,0.0,0.0
CN7,4M,1,32,4,0,0,0,0,0,0,240.07,783.21,138.27,0.0,0.0,0.0,17.76,0.0,0.0,0.0
CN7,4M,1,32,5,0,0,0,0,0,0,244.03,795.09,138.77,0.0,0.0,0.0,17.76,0.0,0.0,0.0
CN7,4M,1,64,1,0,0,0,0,0,0,216.82,721.41,138.26,0.0,0.0,0.0,17.76,0.0,0.0,0.0
CN7,4M,1,64,2,0,0,0,0,0,0,224.57,739.15,152.26,0.0,0.0,0.0,17.76,0.0,0.0,0.0
CN7,4M,1,64,3,0,0,0,0,0,0,227.30,742.12,92.17,0.0,0.0,0.0,11.84,0.0,0.0,0.0
CN7,4M,1,64,4,0,0,0,0,0,0,229.46,762.15,138.26,0.0,0.0,0.0,17.76,0.0,0.0,0.0
CN7,4M,1,64,5,0,0,0,0,0,0,225.90,734.62,140.26,0.0,0.0,0.0,17.79,0.0,0.0,0.0
CN7,4M,2,32,1,0,0,0,0,0,0,110.04,417.72,186.25,0.0,0.0,0.0,23.76,0.0,0.0,0.0
CN7,4M,2,32,2,0,0,0,0,0,0,111.84,424.49,186.25,0.0,0.0,0.0,23.76,0.0,0.0,0.0
CN7,4M,2,32,3,0,0,0,0,0,0,113.24,429.92,186.75,0.0,0.0,0.0,23.76,0.0,0.0,0.0
CN7,4M,2,32,4,0,0,0,0,0,0,117.45,445.15,125.17,0.0,0.0,0.0,15.84,0.0,0.0,0.0
CN7,4M,2,32,5,0,0,0,0,0,0,115.77,437.57,134.16,0.0,0.0,0.0,15.84,0.0,0.0,0.0
CN7,4M,2,64,1,0,0,0,0,0,0,113.43,430.41,124.16,0.0,0.0,0.0,15.84,0.0,0.0,0.0
CN7,4M,2,64,2,0,0,0,0,0,0,115.23,436.15,124.16,0.0,0.0,0.0,15.84,0.0,0.0,0.0
CN7,4M,2,64,3,0,0,0,0,0,0,113.77,431.24,186.24,0.0,0.0,0.0,23.76,0.0,0.0,0.0
CN7,4M,2,64,4,0,0,0,0,0,0,114.38,433.45,124.16,0.0,0.0,0.0,15.84,0.0,0.0,0.0
CN7,4M,2,64,5,0,0,0,0,0,0,115.52,437.17,124.16,0.0,0.0,0.0,15.84,0.0,0.0,0.0
CN7,4M,4,32,1,0,0,0,0,0,0,212.19,801.92,234.23,0.0,0.0,0.0,29.76,0.0,0.0,0.0
CN7,4M,4,32,2,0,0,0,0,0,0,216.63,819.59,218.23,0.0,0.0,0.0,27.76,0.0,0.0,0.0
CN7,4M,4,32,3,0,0,0,0,0,0,210.66,803.23,166.15,0.0,0.0,0.0,19.84,0.0,0.0,0.0
CN7,4M,4,32,4,0,0,0,0,0,0,211.04,801.92,250.22,0.0,0.0,0.0,31.76,0.0,0.0,0.0
CN7,4M,4,32,5,0,0,0,0,0,0,215.40,817.43,218.22,0.0,0.0,0.0,27.76,0.0,0.0,0.0
CN7,4M,4,64,1,0,0,0,0,0,0,215.39,817.55,234.22,0.0,0.0,0.0,29.76,0.0,0.0,0.0
CN7,4M,4,64,2,0,0,0,0,0,0,208.71,789.88,250.22,0.0,0.0,0.0,31.76,0.0,0.0,0.0
CN7,4M,4,64,3,0,0,0,0,0,0,212.67,805.55,234.22,0.0,0.0,0.0,29.76,0.0,0.0,0.0
CN7,4M,4,64,4,0,0,0,0,0,0,214.76,813.67,156.14,0.0,0.0,0.0,19.84,0.0,0.0,0.0
CN7,4M,4,64,5,0,0,0,0,0,0,209.00,793.56,157.48,0.0,0.0,0.0,19.85,0.0,0.0,0.0
CN7,4M,8,32,1,0,0,0,0,0,0,293.12,1130.26,249.21,0.0,0.0,0.0,29.76,0.0,0.0,0.0
CN7,4M,8,32,2,0,0,0,0,0,0,326.03,1253.88,234.21,0.0,0.0,0.0,29.76,0.0,0.0,0.0
CN7,4M,8,32,3,0,0,0,0,0,0,302.16,1166.08,346.2,0.0,0.0,0.0,43.76,0.0,0.0,0.0
CN7,4M,8,32,4,0,0,0,0,0,0,370.66,1417.41,166.8,0.0,0.0,0.0,21.17,0.0,0.0,0.0
CN7,4M,8,32,5,0,0,0,0,0,0,309.69,1195.06,156.13,0.0,0.0,0.0,19.84,0.0,0.0,0.0
CN7,4M,8,64,1,0,0,0,0,0,0,372.95,1422.10,156.13,0.0,0.0,0.0,19.84,0.0,0.0,0.0
CN7,4M,8,64,2,0,0,0,0,0,0,331.49,1254.72,177.46,0.0,0.0,0.0,22.5,0.0,0.0,0.0
CN7,4M,8,64,3,0,0,0,0,0,0,346.19,1327.98,252.19,0.0,0.0,0.0,31.78,0.0,0.0,0.0
CN7,4M,8,64,4,0,0,0,0,0,0,345.52,1331.96,264.19,0.0,0.0,0.0,31.75,0.0,0.0,0.0
CN7,4M,8,64,5,0,0,0,0,0,0,314.28,1212.64,234.19,0.0,0.0,0.0,29.75,0.0,0.0,0.0
CN7,4M,16,32,1,0,0,0,0,0,0,325.13,1274.45,220.13,0.0,0.0,0.0,27.84,0.0,0.0,0.0
CN7,4M,16,32,2,0,0,0,0,0,0,323.33,1258.82,198.79,0.0,0.0,0.0,25.17,0.0,0.0,0.0
CN7,4M,16,32,3,0,0,0,0,0,0,360.03,1407.55,401.79,0.0,0.0,0.0,50.5,0.0,0.0,0.0
CN7,4M,16,32,4,0,0,0,0,0,0,348.68,1366.19,261.59,0.0,0.0,0.0,32.88,0.0,0.0,0.0
CN7,4M,16,32,5,0,0,0,0,0,0,412.12,1604.11,241.79,0.0,0.0,0.0,30.5,0.0,0.0,0.0
CN7,4M,16,64,1,0,0,0,0,0,0,425.02,1654.99,165.09,0.0,0.0,0.0,20.88,0.0,0.0,0.0
CN7,4M,16,64,2,0,0,0,0,0,0,401.63,1563.07,471.18,0.0,0.0,0.0,56.74,0.0,0.0,0.0
CN7,4M,16,64,3,0,0,0,0,0,0,416.22,1605.10,202.45,0.0,0.0,0.0,25.23,0.0,0.0,0.0
CN7,4M,16,64,4,0,0,0,0,0,0,414.10,1602.50,235.34,0.0,0.0,0.0,29.55,0.0,0.0,0.0
CN7,4M,16,64,5,0,0,0,0,0,0,413.53,1595.26,309.11,0.0,0.0,0.0,38.82,0.0,0.0,0.0
CN7,8M,1,32,1,0,0,0,0,0,0,126.08,898.69,186.17,0.0,0.0,0.0,23.75,0.0,0.0,0.0
CN7,8M,1,32,2,0,0,0,0,0,0,119.71,861.56,186.17,0.0,0.0,0.0,23.75,0.0,0.0,0.0
CN7,8M,1,32,3,0,0,0,0,0,0,123.92,878.48,186.67,0.0,0.0,0.0,23.75,0.0,0.0,0.0
CN7,8M,1,32,4,0,0,0,0,0,0,118.53,846.46,124.11,0.0,0.0,0.0,15.83,0.0,0.0,0.0
CN7,8M,1,32,5,0,0,0,0,0,0,119.76,861.08,202.16,0.0,0.0,0.0,23.75,0.0,0.0,0.0
CN7,8M,1,64,1,0,0,0,0,0,0,119.36,853.24,192.66,0.0,0.0,0.0,23.75,0.0,0.0,0.0
CN7,8M,1,64,2,0,0,0,0,0,0,120.04,863.54,186.16,0.0,0.0,0.0,23.75,0.0,0.0,0.0
CN7,8M,1,64,3,0,0,0,0,0,0,119.50,856.99,186.16,0.0,0.0,0.0,23.75,0.0,0.0,0.0
CN7,8M,1,64,4,0,0,0,0,0,0,123.69,888.81,186.15,0.0,0.0,0.0,23.75,0.0,0.0,0.0
CN7,8M,1,64,5,0,0,0,0,0,0,127.86,915.14,186.15,0.0,0.0,0.0,23.75,0.0,0.0,0.0
CN7,8M,2,32,1,0,0,0,0,0,0,71.92,555.61,282.14,0.0,0.0,0.0,35.75,0.0,0.0,0.0
CN7,8M,2,32,2,0,0,0,0,0,0,74.48,575.31,282.64,0.0,0.0,0.0,35.75,0.0,0.0,0.0
CN7,8M,2,32,3,0,0,0,0,0,0,72.65,560.63,197.76,0.0,0.0,0.0,23.83,0.0,0.0,0.0
CN7,8M,2,32,4,0,0,0,0,0,0,70.10,541.04,282.14,0.0,0.0,0.0,35.75,0.0,0.0,0.0
CN7,8M,2,32,5,0,0,0,0,0,0,75.49,581.75,191.43,0.0,0.0,0.0,23.89,0.0,0.0,0.0
CN7,8M,2,64,1,0,0,0,0,0,0,72.52,559.11,282.13,0.0,0.0,0.0,35.75,0.0,0.0,0.0
CN7,8M,2,64,2,0,0,0,0,0,0,73.37,566.02,282.13,0.0,0.0,0.0,35.75,0.0,0.0,0.0
CN7,8M,2,64,3,0,0,0,0,0,0,70.32,543.04,282.13,0.0,0.0,0.0,35.75,0.0,0.0,0.0
CN7,8M,2,64,4,0,0,0,0,0,0,69.28,535.12,282.13,0.0,0.0,0.0,35.75,0.0,0.0,0.0
CN7,8M,2,64,5,0,0,0,0,0,0,72.81,561.77,282.13,0.0,0.0,0.0,35.75,0.0,0.0,0.0
CN7,8M,4,32,1,0,0,0,0,0,0,129.11,999.02,241.75,0.0,0.0,0.0,29.16,0.0,0.0,0.0
CN7,8M,4,32,2,0,0,0,0,0,0,128.06,991.56,362.13,0.0,0.0,0.0,45.75,0.0,0.0,0.0
CN7,8M,4,32,3,0,0,0,0,0,0,130.39,1009.94,330.12,0.0,0.0,0.0,41.75,0.0,0.0,0.0
CN7,8M,4,32,4,0,0,0,0,0,0,132.27,1022.57,346.12,0.0,0.0,0.0,43.75,0.0,0.0,0.0
CN7,8M,4,32,5,0,0,0,0,0,0,132.23,1023.35,333.12,0.0,0.0,0.0,41.77,0.0,0.0,0.0
CN7,8M,4,64,1,0,0,0,0,0,0,134.05,1039.12,330.12,0.0,0.0,0.0,41.74,0.0,0.0,0.0
CN7,8M,4,64,2,0,0,0,0,0,0,133.87,1035.97,330.12,0.0,0.0,0.0,41.74,0.0,0.0,0.0
CN7,8M,4,64,3,0,0,0,0,0,0,126.88,984.23,220.07,0.0,0.0,0.0,27.83,0.0,0.0,0.0
CN7,8M,4,64,4,0,0,0,0,0,0,132.16,1022.22,241.07,0.0,0.0,0.0,29.16,0.0,0.0,0.0
CN7,8M,4,64,5,0,0,0,0,0,0,131.18,1016.12,330.11,0.0,0.0,0.0,41.74,0.0,0.0,0.0
CN7,8M,8,32,1,0,0,0,0,0,0,197.57,1531.72,358.74,0.0,0.0,0.0,45.16,0.0,0.0,0.0
CN7,8M,8,32,2,0,0,0,0,0,0,186.30,1456.78,634.11,0.0,0.0,0.0,79.74,0.0,0.0,0.0
CN7,8M,8,32,3,0,0,0,0,0,0,221.89,1728.55,426.11,0.0,0.0,0.0,53.74,0.0,0.0,0.0
CN7,8M,8,32,4,0,0,0,0,0,0,196.22,1531.13,522.1,0.0,0.0,0.0,65.74,0.0,0.0,0.0
CN7,8M,8,32,5,0,0,0,0,0,0,229.39,1786.22,570.1,0.0,0.0,0.0,71.74,0.0,0.0,0.0
CN7,8M,8,64,1,0,0,0,0,0,0,199.90,1545.30,570.1,0.0,0.0,0.0,71.74,0.0,0.0,0.0
CN7,8M,8,64,2,0,0,0,0,0,0,215.84,1682.83,372.73,0.0,0.0,0.0,45.16,0.0,0.0,0.0
CN7,8M,8,64,3,0,0,0,0,0,0,195.72,1530.21,378.1,0.0,0.0,0.0,47.74,0.0,0.0,0.0
CN7,8M,8,64,4,0,0,0,0,0,0,222.28,1729.43,554.6,0.0,0.0,0.0,69.74,0.0,0.0,0.0
CN7,8M,8,64,5,0,0,0,0,0,0,225.80,1759.55,673.59,0.0,0.0,0.0,83.74,0.0,0.0,0.0
CN7,8M,16,32,1,0,0,0,0,0,0,228.71,1673.57,733.06,0.0,0.0,0.0,91.83,0.0,0.0,0.0
CN7,8M,16,32,2,0,0,0,0,0,0,245.50,1922.57,606.04,0.0,0.0,0.0,75.87,0.0,0.0,0.0
CN7,8M,16,32,3,0,0,0,0,0,0,226.86,1765.08,466.8,0.0,0.0,0.0,57.89,0.0,0.0,0.0
CN7,8M,16,32,4,0,0,0,0,0,0,242.32,1910.53,525.79,0.0,0.0,0.0,65.87,0.0,0.0,0.0
CN7,8M,16,32,5,0,0,0,0,0,0,244.93,1901.42,694.39,0.0,0.0,0.0,85.16,0.0,0.0,0.0
CN7,8M,16,64,1,0,0,0,0,0,0,246.83,1943.07,679.53,0.0,0.0,0.0,85.14,0.0,0.0,0.0
CN7,8M,16,64,2,0,0,0,0,0,0,240.13,1879.40,727.39,0.0,0.0,0.0,90.49,0.0,0.0,0.0
CN7,8M,16,64,3,0,0,0,0,0,0,249.75,1964.47,775.72,0.0,0.0,0.0,97.16,0.0,0.0,0.0
CN7,8M,16,64,4,0,0,0,0,0,0,235.34,1856.51,610.05,0.0,0.0,0.0,75.83,0.0,0.0,0.0
CN7,8M,16,64,5,0,0,0,0,0,0,227.08,1788.44,690.05,0.0,0.0,0.0,86.49,0.0,0.0,0.0
CN7,16M,1,32,1,0,0,0,0,0,0,61.84,932.42,145.39,0.0,0.0,0.0,18.49,0.0,0.0,0.0
CN7,16M,1,32,2,0,0,0,0,0,0,61.04,923.45,218.07,0.0,0.0,0.0,27.74,0.0,0.0,0.0
CN7,16M,1,32,3,0,0,0,0,0,0,65.83,992.79,147.05,0.0,0.0,0.0,17.16,0.0,0.0,0.0
CN7,16M,1,32,4,0,0,0,0,0,0,62.81,945.59,134.72,0.0,0.0,0.0,17.16,0.0,0.0,0.0
CN7,16M,1,32,5,0,0,0,0,0,0,63.32,952.98,234.07,0.0,0.0,0.0,29.74,0.0,0.0,0.0
CN7,16M,1,64,1,0,0,0,0,0,0,65.32,985.78,234.07,0.0,0.0,0.0,29.74,0.0,0.0,0.0
CN7,16M,1,64,2,0,0,0,0,0,0,66.97,1004.22,145.38,0.0,0.0,0.0,18.49,0.0,0.0,0.0
CN7,16M,1,64,3,0,0,0,0,0,0,63.13,953.85,234.06,0.0,0.0,0.0,29.74,0.0,0.0,0.0
CN7,16M,1,64,4,0,0,0,0,0,0,63.25,953.32,186.06,0.0,0.0,0.0,23.74,0.0,0.0,0.0
CN7,16M,1,64,5,0,0,0,0,0,0,64.42,970.51,202.06,0.0,0.0,0.0,25.74,0.0,0.0,0.0
CN7,16M,2,32,1,0,0,0,0,0,0,42.08,659.56,409.06,0.0,0.0,0.0,49.74,0.0,0.0,0.0
CN7,16M,2,32,2,0,0,0,0,0,0,39.04,612.20,410.06,0.0,0.0,0.0,51.74,0.0,0.0,0.0
CN7,16M,2,32,3,0,0,0,0,0,0,42.16,660.25,410.06,0.0,0.0,0.0,51.74,0.0,0.0,0.0
CN7,16M,2,32,4,0,0,0,0,0,0,41.12,644.11,263.03,0.0,0.0,0.0,33.16,0.0,0.0,0.0
CN7,16M,2,32,5,0,0,0,0,0,0,41.31,647.11,273.37,0.0,0.0,0.0,34.49,0.0,0.0,0.0
CN7,16M,2,64,1,0,0,0,0,0,0,38.51,603.81,426.05,0.0,0.0,0.0,53.74,0.0,0.0,0.0
CN7,16M,2,64,2,0,0,0,0,0,0,42.28,661.83,394.05,0.0,0.0,0.0,49.74,0.0,0.0,0.0
CN7,16M,2,64,3,0,0,0,0,0,0,39.87,625.01,426.55,0.0,0.0,0.0,53.73,0.0,0.0,0.0
CN7,16M,2,64,4,0,0,0,0,0,0,41.82,655.13,425.04,0.0,0.0,0.0,51.73,0.0,0.0,0.0
CN7,16M,2,64,5,0,0,0,0,0,0,38.43,603.03,265.69,0.0,0.0,0.0,33.22,0.0,0.0,0.0
CN7,16M,4,32,1,0,0,0,0,0,0,72.81,1142.78,380.36,0.0,0.0,0.0,47.82,0.0,0.0,0.0
CN7,16M,4,32,2,0,0,0,0,0,0,72.02,1131.46,634.53,0.0,0.0,0.0,79.73,0.0,0.0,0.0
CN7,16M,4,32,3,0,0,0,0,0,0,72.39,1136.32,602.53,0.0,0.0,0.0,75.73,0.0,0.0,0.0
CN7,16M,4,32,4,0,0,0,0,0,0,72.04,1131.81,359.02,0.0,0.0,0.0,45.16,0.0,0.0,0.0
CN7,16M,4,32,5,0,0,0,0,0,0,71.75,1126.84,557.53,0.0,0.0,0.0,69.76,0.0,0.0,0.0
CN7,16M,4,64,1,0,0,0,0,0,0,71.47,1121.91,391.02,0.0,0.0,0.0,49.16,0.0,0.0,0.0
CN7,16M,4,64,2,0,0,0,0,0,0,70.39,1106.66,373.02,0.0,0.0,0.0,45.16,0.0,0.0,0.0
CN7,16M,4,64,3,0,0,0,0,0,0,74.75,1173.97,444.35,0.0,0.0,0.0,55.82,0.0,0.0,0.0
CN7,16M,4,64,4,0,0,0,0,0,0,73.37,1151.68,545.02,0.0,0.0,0.0,67.73,0.0,0.0,0.0
CN7,16M,4,64,5,0,0,0,0,0,0,74.27,1166.25,605.02,0.0,0.0,0.0,75.76,0.0,0.0,0.0
CN7,16M,8,32,1,0,0,0,0,0,0,122.25,1915.37,453.51,0.0,0.0,0.0,56.87,0.0,0.0,0.0
CN7,16M,8,32,2,0,0,0,0,0,0,116.74,1843.30,722.01,0.0,0.0,0.0,90.49,0.0,0.0,0.0
CN7,16M,8,32,3,0,0,0,0,0,0,110.18,1738.52,827.02,0.0,0.0,0.0,103.73,0.0,0.0,0.0
CN7,16M,8,32,4,0,0,0,0,0,0,128.48,1959.43,445.51,0.0,0.0,0.0,55.87,0.0,0.0,0.0
CN7,16M,8,32,5,0,0,0,0,0,0,130.16,1991.29,646.01,0.0,0.0,0.0,78.49,0.0,0.0,0.0
CN7,16M,8,64,1,0,0,0,0,0,0,127.90,1967.11,652.01,0.0,0.0,0.0,81.15,0.0,0.0,0.0
CN7,16M,8,64,2,0,0,0,0,0,0,128.56,1988.32,987.01,0.0,0.0,0.0,123.73,0.0,0.0,0.0
CN7,16M,8,64,3,0,0,0,0,0,0,134.28,2113.23,843.01,0.0,0.0,0.0,105.73,0.0,0.0,0.0
CN7,16M,8,64,4,0,0,0,0,0,0,102.93,1625.15,433.01,0.0,0.0,0.0,53.87,0.0,0.0,0.0
CN7,16M,8,64,5,0,0,0,0,0,0,125.31,1975.71,859.01,0.0,0.0,0.0,107.73,0.0,0.0,0.0
CN7,16M,16,32,1,0,0,0,0,0,0,126.89,2014.64,1389.67,0.0,0.0,0.0,173.32,0.0,0.0,0.0
CN7,16M,16,32,2,0,0,0,0,0,0,124.20,1972.02,984.01,0.0,0.0,0.0,123.24,0.0,0.0,0.0
CN7,16M,16,32,3,0,0,0,0,0,0,121.79,1934.58,978.26,0.0,0.0,0.0,120.94,0.0,0.0,0.0
CN7,16M,16,32,4,0,0,0,0,0,0,130.14,2057.01,1266.68,0.0,0.0,0.0,158.49,0.0,0.0,0.0
CN7,16M,16,32,5,0,0,0,0,0,0,132.51,2105.06,1356.34,0.0,0.0,0.0,169.15,0.0,0.0,0.0
CN7,16M,16,64,1,0,0,0,0,0,0,121.61,1926.20,978.67,0.0,0.0,0.0,122.49,0.0,0.0,0.0
CN7,16M,16,64,2,0,0,0,0,0,0,118.87,1883.64,998.34,0.0,0.0,0.0,124.32,0.0,0.0,0.0
CN7,16M,16,64,3,0,0,0,0,0,0,123.37,1953.05,1116.67,0.0,0.0,0.0,139.74,0.0,0.0,0.0
CN7,16M,16,64,4,0,0,0,0,0,0,123.86,1966.52,1161.51,0.0,0.0,0.0,144.87,0.0,0.0,0.0
CN7,16M,16,64,5,0,0,0,0,0,0,129.78,2059.34,1516.34,0.0,0.0,0.0,189.39,0.0,0.0,0.0
CN7,32M,1,32,1,0,0,0,0,0,0,32.62,1009.61,304.51,0.0,0.0,0.0,35.73,0.0,0.0,0.0
CN7,32M,1,32,2,0,0,0,0,0,0,32.97,1020.17,289.01,0.0,0.0,0.0,35.73,0.0,0.0,0.0
CN7,32M,1,32,3,0,0,0,0,0,0,30.95,959.60,188.01,0.0,0.0,0.0,23.82,0.0,0.0,0.0
CN7,32M,1,32,4,0,0,0,0,0,0,30.72,955.10,282.0,0.0,0.0,0.0,35.73,0.0,0.0,0.0
CN7,32M,1,32,5,0,0,0,0,0,0,32.86,1017.60,284.5,0.0,0.0,0.0,35.75,0.0,0.0,0.0
CN7,32M,1,64,1,0,0,0,0,0,0,32.50,1004.85,282.0,0.0,0.0,0.0,35.73,0.0,0.0,0.0
CN7,32M,1,64,2,0,0,0,0,0,0,32.70,1012.66,282.0,0.0,0.0,0.0,35.73,0.0,0.0,0.0
CN7,32M,1,64,3,0,0,0,0,0,0,33.46,1035.53,188.0,0.0,0.0,0.0,23.82,0.0,0.0,0.0
CN7,32M,1,64,4,0,0,0,0,0,0,33.58,1040.36,186.66,0.0,0.0,0.0,22.49,0.0,0.0,0.0
CN7,32M,1,64,5,0,0,0,0,0,0,32.93,1019.42,191.0,0.0,0.0,0.0,23.88,0.0,0.0,0.0
CN7,32M,2,32,1,0,0,0,0,0,0,21.63,684.27,476.33,0.0,0.0,0.0,59.82,0.0,0.0,0.0
CN7,32M,2,32,2,0,0,0,0,0,0,22.20,702.16,456.33,0.0,0.0,0.0,57.15,0.0,0.0,0.0
CN7,32M,2,32,3,0,0,0,0,0,0,22.98,726.73,650.49,0.0,0.0,0.0,81.73,0.0,0.0,0.0
CN7,32M,2,32,4,0,0,0,0,0,0,21.66,685.63,486.99,0.0,0.0,0.0,61.15,0.0,0.0,0.0
CN7,32M,2,32,5,0,0,0,0,0,0,22.50,711.43,682.49,0.0,0.0,0.0,85.73,0.0,0.0,0.0
CN7,32M,2,64,1,0,0,0,0,0,0,22.51,712.06,465.66,0.0,0.0,0.0,58.48,0.0,0.0,0.0
CN7,32M,2,64,2,0,0,0,0,0,0,24.07,760.77,467.32,0.0,0.0,0.0,57.15,0.0,0.0,0.0
CN7,32M,2,64,3,0,0,0,0,0,0,24.15,763.61,459.65,0.0,0.0,0.0,57.15,0.0,0.0,0.0
CN7,32M,2,64,4,0,0,0,0,0,0,21.90,692.94,444.32,0.0,0.0,0.0,55.82,0.0,0.0,0.0
CN7,32M,2,64,5,0,0,0,0,0,0,21.96,695.14,672.98,0.0,0.0,0.0,83.73,0.0,0.0,0.0
CN7,32M,4,32,1,0,0,0,0,0,0,35.15,1114.95,589.74,0.0,0.0,0.0,73.86,0.0,0.0,0.0
CN7,32M,4,32,2,0,0,0,0,0,0,40.55,1283.99,786.32,0.0,0.0,0.0,98.48,0.0,0.0,0.0
CN7,32M,4,32,3,0,0,0,0,0,0,37.51,1188.58,643.32,0.0,0.0,0.0,79.84,0.0,0.0,0.0
CN7,32M,4,32,4,0,0,0,0,0,0,39.70,1257.66,589.99,0.0,0.0,0.0,73.86,0.0,0.0,0.0
CN7,32M,4,32,5,0,0,0,0,0,0,41.15,1302.99,736.65,0.0,0.0,0.0,90.48,0.0,0.0,0.0
CN7,32M,4,64,1,0,0,0,0,0,0,43.10,1365.40,786.32,0.0,0.0,0.0,98.48,0.0,0.0,0.0
CN7,32M,4,64,2,0,0,0,0,0,0,39.05,1237.70,780.32,0.0,0.0,0.0,97.15,0.0,0.0,0.0
CN7,32M,4,64,3,0,0,0,0,0,0,38.51,1220.09,1227.47,0.0,0.0,0.0,153.73,0.0,0.0,0.0
CN7,32M,4,64,4,0,0,0,0,0,0,39.90,1263.67,812.65,0.0,0.0,0.0,101.15,0.0,0.0,0.0
CN7,32M,4,64,5,0,0,0,0,0,0,38.24,1211.82,711.32,0.0,0.0,0.0,89.15,0.0,0.0,0.0
CN7,32M,8,32,1,0,0,0,0,0,0,54.36,1727.98,916.65,0.0,0.0,0.0,114.15,0.0,0.0,0.0
CN7,32M,8,32,2,0,0,0,0,0,0,66.55,2087.87,980.98,0.0,0.0,0.0,122.82,0.0,0.0,0.0
CN7,32M,8,32,3,0,0,0,0,0,0,72.87,2311.20,895.32,0.0,0.0,0.0,110.48,0.0,0.0,0.0
CN7,32M,8,32,4,0,0,0,0,0,0,56.57,1796.68,808.74,0.0,0.0,0.0,100.8,0.0,0.0,0.0
CN7,32M,8,32,5,0,0,0,0,0,0,57.84,1837.17,976.32,0.0,0.0,0.0,122.27,0.0,0.0,0.0
CN7,32M,8,64,1,0,0,0,0,0,0,65.49,2077.24,1089.98,0.0,0.0,0.0,135.82,0.0,0.0,0.0
CN7,32M,8,64,2,0,0,0,0,0,0,55.37,1759.72,1091.65,0.0,0.0,0.0,136.61,0.0,0.0,0.0
CN7,32M,8,64,3,0,0,0,0,0,0,50.78,1614.89,843.49,0.0,0.0,0.0,105.55,0.0,0.0,0.0
CN7,32M,8,64,4,0,0,0,0,0,0,54.81,1741.86,1281.32,0.0,0.0,0.0,159.65,0.0,0.0,0.0
CN7,32M,8,64,5,0,0,0,0,0,0,64.98,2061.85,1043.65,0.0,0.0,0.0,130.48,0.0,0.0,0.0
CN7,32M,16,32,1,0,0,0,0,0,0,66.80,2128.84,2439.98,0.0,0.0,0.0,302.48,0.0,0.0,0.0
CN7,32M,16,32,2,0,0,0,0,0,0,66.95,2133.07,1498.49,0.0,0.0,0.0,186.86,0.0,0.0,0.0
CN7,32M,16,32,3,0,0,0,0,0,0,66.60,2119.17,1706.74,0.0,0.0,0.0,212.86,0.0,0.0,0.0
CN7,32M,16,32,4,0,0,0,0,0,0,66.71,2109.40,1848.24,0.0,0.0,0.0,230.88,0.0,0.0,0.0
CN7,32M,16,32,5,0,0,0,0,0,0,68.88,2195.28,2628.32,0.0,0.0,0.0,327.82,0.0,0.0,0.0
CN7,32M,16,64,1,0,0,0,0,0,0,73.35,2337.74,1710.74,0.0,0.0,0.0,213.86,0.0,0.0,0.0
CN7,32M,16,64,2,0,0,0,0,0,0,67.30,2140.79,1976.99,0.0,0.0,0.0,246.48,0.0,0.0,0.0
CN7,32M,16,64,3,0,0,0,0,0,0,67.15,2139.56,2272.32,0.0,0.0,0.0,283.85,0.0,0.0,0.0
CN7,32M,16,64,4,0,0,0,0,0,0,64.28,2047.31,2280.66,0.0,0.0,0.0,282.48,0.0,0.0,0.0
CN7,32M,16,64,5,0,0,0,0,0,0,66.71,2125.50,2019.24,0.0,0.0,0.0,251.86,0.0,0.0,0.0
CN7,64M,1,32,1,0,0,0,0,0,0,18.33,1152.05,473.99,0.0,0.0,0.0,59.73,0.0,0.0,0.0
CN7,64M,1,32,2,0,0,0,0,0,0,18.13,1139.81,278.66,0.0,0.0,0.0,34.48,0.0,0.0,0.0
CN7,64M,1,32,3,0,0,0,0,0,0,18.34,1153.01,474.49,0.0,0.0,0.0,59.73,0.0,0.0,0.0
CN7,64M,1,32,4,0,0,0,0,0,0,18.52,1164.24,305.66,0.0,0.0,0.0,38.48,0.0,0.0,0.0
CN7,64M,1,32,5,0,0,0,0,0,0,18.64,1171.54,296.66,0.0,0.0,0.0,37.17,0.0,0.0,0.0
CN7,64M,1,64,1,0,0,0,0,0,0,18.43,1157.59,305.66,0.0,0.0,0.0,38.48,0.0,0.0,0.0
CN7,64M,1,64,2,0,0,0,0,0,0,18.41,1155.64,429.98,0.0,0.0,0.0,51.73,0.0,0.0,0.0
CN7,64M,1,64,3,0,0,0,0,0,0,18.28,1149.01,457.98,0.0,0.0,0.0,57.73,0.0,0.0,0.0
CN7,64M,1,64,4,0,0,0,0,0,0,19.00,1193.31,326.99,0.0,0.0,0.0,41.15,0.0,0.0,0.0
CN7,64M,1,64,5,0,0,0,0,0,0,17.68,1113.16,506.48,0.0,0.0,0.0,63.73,0.0,0.0,0.0
CN7,64M,2,32,1,0,0,0,0,0,0,12.20,776.51,1031.65,0.0,0.0,0.0,129.15,0.0,0.0,0.0
CN7,64M,2,32,2,0,0,0,0,0,0,11.40,725.44,733.74,0.0,0.0,0.0,91.86,0.0,0.0,0.0
CN7,64M,2,32,3,0,0,0,0,0,0,12.00,763.67,770.99,0.0,0.0,0.0,95.88,0.0,0.0,0.0
CN7,64M,2,32,4,0,0,0,0,0,0,12.52,796.64,988.98,0.0,0.0,0.0,123.82,0.0,0.0,0.0
CN7,64M,2,32,5,0,0,0,0,0,0,11.70,744.49,1013.98,0.0,0.0,0.0,125.15,0.0,0.0,0.0
CN7,64M,2,64,1,0,0,0,0,0,0,12.86,817.97,994.98,0.0,0.0,0.0,123.82,0.0,0.0,0.0
CN7,64M,2,64,2,0,0,0,0,0,0,12.04,765.87,1000.65,0.0,0.0,0.0,125.15,0.0,0.0,0.0
CN7,64M,2,64,3,0,0,0,0,0,0,12.55,798.12,947.32,0.0,0.0,0.0,118.48,0.0,0.0,0.0
CN7,64M,2,64,4,0,0,0,0,0,0,12.32,783.43,1069.32,0.0,0.0,0.0,133.15,0.0,0.0,0.0
CN7,64M,2,64,5,0,0,0,0,0,0,12.19,775.26,1021.98,0.0,0.0,0.0,127.82,0.0,0.0,0.0
CN7,64M,4,32,1,0,0,0,0,0,0,21.64,1377.45,954.24,0.0,0.0,0.0,118.86,0.0,0.0,0.0
CN7,64M,4,32,2,0,0,0,0,0,0,21.27,1353.80,1365.65,0.0,0.0,0.0,170.49,0.0,0.0,0.0
CN7,64M,4,32,3,0,0,0,0,0,0,21.04,1339.50,1265.65,0.0,0.0,0.0,155.82,0.0,0.0,0.0
CN7,64M,4,32,4,0,0,0,0,0,0,19.95,1270.57,1190.99,0.0,0.0,0.0,148.86,0.0,0.0,0.0
CN7,64M,4,32,5,0,0,0,0,0,0,22.47,1430.06,1214.32,0.0,0.0,0.0,151.82,0.0,0.0,0.0
CN7,64M,4,64,1,0,0,0,0,0,0,21.99,1399.77,1278.32,0.0,0.0,0.0,159.82,0.0,0.0,0.0
CN7,64M,4,64,2,0,0,0,0,0,0,19.79,1260.71,1050.74,0.0,0.0,0.0,130.86,0.0,0.0,0.0
CN7,64M,4,64,3,0,0,0,0,0,0,20.42,1299.70,989.99,0.0,0.0,0.0,123.86,0.0,0.0,0.0
CN7,64M,4,64,4,0,0,0,0,0,0,19.83,1262.88,1033.99,0.0,0.0,0.0,128.86,0.0,0.0,0.0
CN7,64M,4,64,5,0,0,0,0,0,0,21.78,1385.78,1405.65,0.0,0.0,0.0,175.82,0.0,0.0,0.0
CN7,64M,8,32,1,0,0,0,0,0,0,26.07,1662.86,2488.98,0.0,0.0,0.0,309.15,0.0,0.0,0.0
CN7,64M,8,32,2,0,0,0,0,0,0,34.05,2170.03,1965.65,0.0,0.0,0.0,245.15,0.0,0.0,0.0
CN7,64M,8,32,3,0,0,0,0,0,0,28.91,1843.73,1327.49,0.0,0.0,0.0,165.87,0.0,0.0,0.0
CN7,64M,8,32,4,0,0,0,0,0,0,32.15,2049.14,2265.65,0.0,0.0,0.0,282.48,0.0,0.0,0.0
CN7,64M,8,32,5,0,0,0,0,0,0,30.39,1937.76,2285.32,0.0,0.0,0.0,285.15,0.0,0.0,0.0
CN7,64M,8,64,1,0,0,0,0,0,0,26.14,1663.92,2184.66,0.0,0.0,0.0,273.15,0.0,0.0,0.0
CN7,64M,8,64,2,0,0,0,0,0,0,24.39,1553.84,2446.66,0.0,0.0,0.0,305.15,0.0,0.0,0.0
CN7,64M,8,64,3,0,0,0,0,0,0,29.89,1902.49,2547.66,0.0,0.0,0.0,318.48,0.0,0.0,0.0
CN7,64M,8,64,4,0,0,0,0,0,0,23.64,1506.45,2547.99,0.0,0.0,0.0,315.82,0.0,0.0,0.0
CN7,64M,8,64,5,0,0,0,0,0,0,22.17,1412.77,2777.66,0.0,0.0,0.0,346.48,0.0,0.0,0.0
CN7,64M,16,32,1,0,0,0,0,0,0,22.35,1427.40,3389.8,0.0,0.0,0.0,423.09,0.0,0.0,0.0
CN7,64M,16,32,2,0,0,0,0,0,0,20.75,1323.09,3264.8,0.0,0.0,0.0,407.89,0.0,0.0,0.0
CN7,64M,16,32,3,0,0,0,0,0,0,17.68,1129.53,4181.76,0.0,0.0,0.0,521.86,0.0,0.0,0.0
CN7,64M,16,32,4,0,0,0,0,0,0,25.51,1629.77,4121.26,0.0,0.0,0.0,514.86,0.0,0.0,0.0
CN7,64M,16,32,5,0,0,0,0,0,0,17.56,1122.62,4117.76,0.0,0.0,0.0,513.87,0.0,0.0,0.0
CN7,64M,16,64,1,0,0,0,0,0,0,25.67,1640.18,3386.61,0.0,0.0,0.0,423.09,0.0,0.0,0.0
CN7,64M,16,64,2,0,0,0,0,0,0,30.89,1969.01,3236.42,0.0,0.0,0.0,403.09,0.0,0.0,0.0
CN7,64M,16,64,3,0,0,0,0,0,0,30.26,1932.88,3956.53,0.0,0.0,0.0,493.87,0.0,0.0,0.0
CN7,64M,16,64,4,0,0,0,0,0,0,28.56,1824.94,3527.82,0.0,0.0,0.0,440.72,0.0,0.0,0.0
CN7,64M,16,64,5,0,0,0,0,0,0,30.68,1959.85,4924.04,0.0,0.0,0.0,614.49,0.0,0.0,0.0
CN7,128M,1,32,1,0,0,0,0,0,0,10.91,1381.92,738.05,0.0,0.0,0.0,91.82,0.0,0.0,0.0
CN7,128M,1,32,2,0,0,0,0,0,0,11.48,1452.90,679.38,0.0,0.0,0.0,85.16,0.0,0.0,0.0
CN7,128M,1,32,3,0,0,0,0,0,0,7.75,984.93,893.05,0.0,0.0,0.0,111.24,0.0,0.0,0.0
CN7,128M,1,32,4,0,0,0,0,0,0,11.08,1403.53,690.05,0.0,0.0,0.0,86.49,0.0,0.0,0.0
CN7,128M,1,32,5,0,0,0,0,0,0,11.21,1419.87,676.71,0.0,0.0,0.0,82.5,0.0,0.0,0.0
CN7,128M,1,64,1,0,0,0,0,0,0,11.37,1441.31,700.71,0.0,0.0,0.0,87.82,0.0,0.0,0.0
CN7,128M,1,64,2,0,0,0,0,0,0,11.12,1408.15,674.71,0.0,0.0,0.0,83.82,0.0,0.0,0.0
CN7,128M,1,64,3,0,0,0,0,0,0,11.03,1398.95,625.38,0.0,0.0,0.0,78.41,0.0,0.0,0.0
CN7,128M,1,64,4,0,0,0,0,0,0,11.07,1402.33,605.53,0.0,0.0,0.0,75.87,0.0,0.0,0.0
CN7,128M,1,64,5,0,0,0,0,0,0,10.83,1370.30,693.71,0.0,0.0,0.0,86.95,0.0,0.0,0.0
CN7,128M,2,32,1,0,0,0,0,0,0,6.94,885.58,1569.53,0.0,0.0,0.0,196.21,0.0,0.0,0.0
CN7,128M,2,32,2,0,0,0,0,0,0,6.65,847.84,2163.38,0.0,0.0,0.0,270.49,0.0,0.0,0.0
CN7,128M,2,32,3,0,0,0,0,0,0,7.05,898.66,1665.29,0.0,0.0,0.0,206.77,0.0,0.0,0.0
CN7,128M,2,32,4,0,0,0,0,0,0,6.41,817.41,2190.05,0.0,0.0,0.0,273.16,0.0,0.0,0.0
CN7,128M,2,32,5,0,0,0,0,0,0,6.86,875.04,2185.72,0.0,0.0,0.0,273.24,0.0,0.0,0.0
CN7,128M,2,64,1,0,0,0,0,0,0,6.39,815.10,2179.72,0.0,0.0,0.0,271.82,0.0,0.0,0.0
CN7,128M,2,64,2,0,0,0,0,0,0,7.49,954.97,2102.39,0.0,0.0,0.0,262.2,0.0,0.0,0.0
CN7,128M,2,64,3,0,0,0,0,0,0,6.72,856.59,2158.39,0.0,0.0,0.0,269.87,0.0,0.0,0.0
CN7,128M,2,64,4,0,0,0,0,0,0,7.59,967.63,2057.05,0.0,0.0,0.0,256.49,0.0,0.0,0.0
CN7,128M,2,64,5,0,0,0,0,0,0,7.13,909.54,2160.39,0.0,0.0,0.0,270.12,0.0,0.0,0.0
CN7,128M,4,32,1,0,0,0,0,0,0,10.39,1326.05,2601.06,0.0,0.0,0.0,322.51,0.0,0.0,0.0
CN7,128M,4,32,2,0,0,0,0,0,0,10.25,1309.20,2515.73,0.0,0.0,0.0,314.49,0.0,0.0,0.0
CN7,128M,4,32,3,0,0,0,0,0,0,10.39,1325.85,2681.39,0.0,0.0,0.0,334.49,0.0,0.0,0.0
CN7,128M,4,32,4,0,0,0,0,0,0,10.95,1397.00,2622.73,0.0,0.0,0.0,327.83,0.0,0.0,0.0
CN7,128M,4,32,5,0,0,0,0,0,0,12.98,1656.57,2553.73,0.0,0.0,0.0,318.49,0.0,0.0,0.0
CN7,128M,4,64,1,0,0,0,0,0,0,11.15,1423.03,2071.05,0.0,0.0,0.0,258.87,0.0,0.0,0.0
CN7,128M,4,64,2,0,0,0,0,0,0,11.46,1462.37,2515.73,0.0,0.0,0.0,313.74,0.0,0.0,0.0
CN7,128M,4,64,3,0,0,0,0,0,0,12.57,1603.87,2808.74,0.0,0.0,0.0,351.08,0.0,0.0,0.0
CN7,128M,4,64,4,0,0,0,0,0,0,12.24,1561.79,2787.41,0.0,0.0,0.0,346.49,0.0,0.0,0.0
CN7,128M,4,64,5,0,0,0,0,0,0,10.94,1396.62,85.41,0.0,0.0,0.0,10.62,0.0,0.0,0.0
CN7,128M,8,32,1,0,0,0,0,0,0,10.42,1331.27,4351.05,0.0,0.0,0.0,542.9,0.0,0.0,0.0
CN7,128M,8,32,2,0,0,0,0,0,0,12.94,1653.30,4021.55,0.0,0.0,0.0,501.87,0.0,0.0,0.0
CN7,128M,8,32,3,0,0,0,0,0,0,12.64,1616.18,4013.06,0.0,0.0,0.0,500.87,0.0,0.0,0.0
CN7,128M,8,32,4,0,0,0,0,0,0,13.90,1776.06,4041.07,0.0,0.0,0.0,504.87,0.0,0.0,0.0
CN7,128M,8,32,5,0,0,0,0,0,0,13.70,1750.86,4006.82,0.0,0.0,0.0,499.94,0.0,0.0,0.0
CN7,128M,8,64,1,0,0,0,0,0,0,12.87,1643.97,4043.07,0.0,0.0,0.0,505.12,0.0,0.0,0.0
CN7,128M,8,64,2,0,0,0,0,0,0,13.71,1752.30,4009.32,0.0,0.0,0.0,498.87,0.0,0.0,0.0
CN7,128M,8,64,3,0,0,0,0,0,0,13.85,1769.41,4029.83,0.0,0.0,0.0,503.2,0.0,0.0,0.0
CN7,128M,8,64,4,0,0,0,0,0,0,13.94,1780.64,4005.59,0.0,0.0,0.0,499.87,0.0,0.0,0.0
CN7,128M,8,64,5,0,0,0,0,0,0,14.61,1865.20,4001.09,0.0,0.0,0.0,499.87,0.0,0.0,0.0
CN7,128M,16,32,1,0,0,0,0,0,0,9.78,1251.42,6587.07,0.0,0.0,0.0,822.3,0.0,0.0,0.0
CN7,128M,16,32,2,0,0,0,0,0,0,10.89,1392.48,5531.07,0.0,0.0,0.0,690.61,0.0,0.0,0.0
CN7,128M,16,32,3,0,0,0,0,0,0,9.91,1266.93,6599.89,0.0,0.0,0.0,823.9,0.0,0.0,0.0
CN7,128M,16,32,4,0,0,0,0,0,0,10.15,1298.86,5480.91,0.0,0.0,0.0,684.59,0.0,0.0,0.0
CN7,128M,16,32,5,0,0,0,0,0,0,10.40,1329.28,5513.75,0.0,0.0,0.0,687.25,0.0,0.0,0.0
CN7,128M,16,64,1,0,0,0,0,0,0,11.17,1428.79,6715.31,0.0,0.0,0.0,838.3,0.0,0.0,0.0
CN7,128M,16,64,2,0,0,0,0,0,0,11.24,1437.62,6506.92,0.0,0.0,0.0,812.71,0.0,0.0,0.0
CN7,128M,16,64,3,0,0,0,0,0,0,11.42,1459.91,6560.72,0.0,0.0,0.0,819.03,0.0,0.0,0.0
CN7,128M,16,64,4,0,0,0,0,0,0,11.02,1409.35,6524.93,0.0,0.0,0.0,814.61,0.0,0.0,0.0
CN7,128M,16,64,5,0,0,0,0,0,0,10.59,1354.59,5489.78,0.0,0.0,0.0,685.69,0.0,0.0,0.0
CN7,256M,1,32,1,0,0,0,0,0,0,5.90,1500.89,1982.24,0.0,0.0,0.0,247.14,0.0,0.0,0.0
CN7,256M,1,32,2,0,0,0,0,0,0,5.96,1516.19,1813.24,0.0,0.0,0.0,226.76,0.0,0.0,0.0
CN7,256M,1,32,3,0,0,0,0,0,0,5.24,1335.52,1501.18,0.0,0.0,0.0,185.79,0.0,0.0,0.0
CN7,256M,1,32,4,0,0,0,0,0,0,6.01,1530.19,1435.93,0.0,0.0,0.0,179.57,0.0,0.0,0.0
CN7,256M,1,32,5,0,0,0,0,0,0,5.99,1523.43,1618.91,0.0,0.0,0.0,202.52,0.0,0.0,0.0
CN7,256M,1,64,1,0,0,0,0,0,0,5.99,1524.77,1374.68,0.0,0.0,0.0,171.92,0.0,0.0,0.0
CN7,256M,1,64,2,0,0,0,0,0,0,5.99,1524.59,1891.58,0.0,0.0,0.0,235.73,0.0,0.0,0.0
CN7,256M,1,64,3,0,0,0,0,0,0,6.03,1534.04,1907.58,0.0,0.0,0.0,238.52,0.0,0.0,0.0
CN7,256M,1,64,4,0,0,0,0,0,0,6.02,1531.19,1999.58,0.0,0.0,0.0,249.18,0.0,0.0,0.0
CN7,256M,1,64,5,0,0,0,0,0,0,5.62,1430.25,1800.25,0.0,0.0,0.0,225.14,0.0,0.0,0.0
CN7,256M,2,32,1,0,0,0,0,0,0,3.74,955.43,4425.58,0.0,0.0,0.0,550.52,0.0,0.0,0.0
CN7,256M,2,32,2,0,0,0,0,0,0,4.00,1021.31,4475.59,0.0,0.0,0.0,558.52,0.0,0.0,0.0
CN7,256M,2,32,3,0,0,0,0,0,0,3.81,974.11,4362.93,0.0,0.0,0.0,545.18,0.0,0.0,0.0
CN7,256M,2,32,4,0,0,0,0,0,0,4.05,1035.60,3276.45,0.0,0.0,0.0,408.89,0.0,0.0,0.0
CN7,256M,2,32,5,0,0,0,0,0,0,3.80,969.88,4445.27,0.0,0.0,0.0,554.56,0.0,0.0,0.0
CN7,256M,2,64,1,0,0,0,0,0,0,3.79,969.27,4394.94,0.0,0.0,0.0,549.18,0.0,0.0,0.0
CN7,256M,2,64,2,0,0,0,0,0,0,3.87,988.47,4347.27,0.0,0.0,0.0,542.52,0.0,0.0,0.0
CN7,256M,2,64,3,0,0,0,0,0,0,3.84,980.36,4482.28,0.0,0.0,0.0,559.9,0.0,0.0,0.0
CN7,256M,2,64,4,0,0,0,0,0,0,4.01,1025.66,4448.28,0.0,0.0,0.0,553.19,0.0,0.0,0.0
CN7,256M,2,64,5,0,0,0,0,0,0,3.78,964.34,4671.29,0.0,0.0,0.0,583.69,0.0,0.0,0.0
CN7,256M,4,32,1,0,0,0,0,0,0,6.13,1565.99,3466.97,0.0,0.0,0.0,432.71,0.0,0.0,0.0
CN7,256M,4,32,2,0,0,0,0,0,0,6.91,1764.07,4064.97,0.0,0.0,0.0,507.89,0.0,0.0,0.0
CN7,256M,4,32,3,0,0,0,0,0,0,6.70,1710.17,4086.97,0.0,0.0,0.0,509.93,0.0,0.0,0.0
CN7,256M,4,32,4,0,0,0,0,0,0,5.73,1463.91,3896.98,0.0,0.0,0.0,486.89,0.0,0.0,0.0
CN7,256M,4,32,5,0,0,0,0,0,0,6.46,1651.04,4421.98,0.0,0.0,0.0,551.89,0.0,0.0,0.0
CN7,256M,4,64,1,0,0,0,0,0,0,6.21,1587.03,4217.24,0.0,0.0,0.0,526.89,0.0,0.0,0.0
CN7,256M,4,64,2,0,0,0,0,0,0,6.51,1662.05,3985.74,0.0,0.0,0.0,495.89,0.0,0.0,0.0
CN7,256M,4,64,3,0,0,0,0,0,0,6.26,1597.60,3524.8,0.0,0.0,0.0,439.91,0.0,0.0,0.0
CN7,256M,4,64,4,0,0,0,0,0,0,6.69,1708.28,4033.0,0.0,0.0,0.0,503.89,0.0,0.0,0.0
CN7,256M,4,64,5,0,0,0,0,0,0,6.22,1588.69,4149.76,0.0,0.0,0.0,517.89,0.0,0.0,0.0
CN7,256M,8,32,1,0,0,0,0,0,0,5.47,1398.05,4562.21,0.0,0.0,0.0,569.52,0.0,0.0,0.0
CN7,256M,8,32,2,0,0,0,0,0,0,4.73,1210.21,6019.61,0.0,0.0,0.0,751.92,0.0,0.0,0.0
CN7,256M,8,32,3,0,0,0,0,0,0,4.25,1087.85,6593.62,0.0,0.0,0.0,823.12,0.0,0.0,0.0
CN7,256M,8,32,4,0,0,0,0,0,0,4.48,1146.03,6596.42,0.0,0.0,0.0,823.92,0.0,0.0,0.0
CN7,256M,8,32,5,0,0,0,0,0,0,4.24,1083.64,6699.83,0.0,0.0,0.0,835.12,0.0,0.0,0.0
CN7,256M,8,64,1,0,0,0,0,0,0,5.97,1528.28,5414.37,0.0,0.0,0.0,675.93,0.0,0.0,0.0
CN7,256M,8,64,2,0,0,0,0,0,0,5.63,1438.62,6631.85,0.0,0.0,0.0,827.92,0.0,0.0,0.0
CN7,256M,8,64,3,0,0,0,0,0,0,5.69,1454.89,5518.21,0.0,0.0,0.0,689.27,0.0,0.0,0.0
CN7,256M,8,64,4,0,0,0,0,0,0,5.72,1462.75,6555.06,0.0,0.0,0.0,818.32,0.0,0.0,0.0
CN7,256M,8,64,5,0,0,0,0,0,0,5.77,1476.30,6621.87,0.0,0.0,0.0,827.12,0.0,0.0,0.0
CN7,256M,16,32,1,0,0,0,0,0,0,4.23,1083.19,9471.42,0.0,0.0,0.0,1182.52,0.0,0.0,0.0
CN7,256M,16,32,2,0,0,0,0,0,0,4.11,1052.86,9468.68,0.0,0.0,0.0,1182.5,0.0,0.0,0.0
CN7,256M,16,32,3,0,0,0,0,0,0,4.25,1087.98,8413.28,0.0,0.0,0.0,1049.8,0.0,0.0,0.0
CN7,256M,16,32,4,0,0,0,0,0,0,4.48,1147.65,9480.46,0.0,0.0,0.0,1183.6,0.0,0.0,0.0
CN7,256M,16,32,5,0,0,0,0,0,0,4.13,1056.51,10789.25,0.0,0.0,0.0,1347.43,0.0,0.0,0.0
CN7,256M,16,64,1,0,0,0,0,0,0,4.17,1067.66,9462.98,0.0,0.0,0.0,1181.51,0.0,0.0,0.0
CN7,256M,16,64,2,0,0,0,0,0,0,4.27,1093.38,9466.74,0.0,0.0,0.0,1182.01,0.0,0.0,0.0
CN7,256M,16,64,3,0,0,0,0,0,0,4.48,1147.35,9460.88,0.0,0.0,0.0,1181.51,0.0,0.0,0.0
CN7,256M,16,64,4,0,0,0,0,0,0,4.30,1100.39,9458.89,0.0,0.0,0.0,1181.01,0.0,0.0,0.0
CN7,256M,16,64,5,0,0,0,0,0,0,4.32,1106.12,9452.77,0.0,0.0,0.0,1180.51,0.0,0.0,0.0
