0829-1554
CN10,1M,32,1,1,0,0,0,0,0,0,601.06,600.83,243.79,0.0,0.0,0.0,26.13,0.0,0.0,0.0
CN10,1M,32,1,2,0,0,0,0,0,0,595.15,576.35,166.54,0.0,0.0,0.0,20.51,0.0,0.0,0.0
CN10,1M,32,1,3,0,0,0,0,0,0,495.96,481.49,118.38,0.0,0.0,0.0,15.11,0.0,0.0,0.0
CN10,1M,32,1,4,0,0,0,0,0,0,755.71,748.65,180.28,0.0,0.0,0.0,22.52,0.0,0.0,0.0
CN10,1M,32,1,5,0,0,0,0,0,0,590.40,581.03,211.28,0.0,0.0,0.0,26.53,0.0,0.0,0.0
CN10,1M,32,2,1,0,0,0,0,0,0,431.27,427.86,71.04,0.0,0.0,0.0,9.2,0.0,0.0,0.0
CN10,1M,32,2,2,0,0,0,0,0,0,673.46,586.25,166.28,0.0,0.0,0.0,19.81,0.0,0.0,0.0
CN10,1M,32,2,3,0,0,0,0,0,0,339.26,334.04,232.04,0.0,0.0,0.0,27.99,0.0,0.0,0.0
CN10,1M,32,2,4,0,0,0,0,0,0,639.27,626.19,197.71,0.0,0.0,0.0,23.33,0.0,0.0,0.0
CN10,1M,32,2,5,0,0,0,0,0,0,860.39,835.26,145.03,0.0,0.0,0.0,18.18,0.0,0.0,0.0
CN10,1M,32,4,1,0,0,0,0,0,0,487.75,454.13,141.78,0.0,0.0,0.0,16.92,0.0,0.0,0.0
CN10,1M,32,4,2,0,0,0,0,0,0,458.88,449.05,138.53,0.0,0.0,0.0,17.09,0.0,0.0,0.0
CN10,1M,32,4,3,0,0,0,0,0,0,379.78,368.02,209.53,0.0,0.0,0.0,26.39,0.0,0.0,0.0
CN10,1M,32,4,4,0,0,0,0,0,0,675.72,648.89,93.27,0.0,0.0,0.0,11.9,0.0,0.0,0.0
CN10,1M,32,4,5,0,0,0,0,0,0,606.87,517.99,188.36,0.0,0.0,0.0,23.86,0.0,0.0,0.0
CN10,1M,32,8,1,0,0,0,0,0,0,614.05,601.23,137.02,0.0,0.0,0.0,16.85,0.0,0.0,0.0
CN10,1M,32,8,2,0,0,0,0,0,0,572.46,551.19,137.52,0.0,0.0,0.0,15.82,0.0,0.0,0.0
CN10,1M,32,8,3,0,0,0,0,0,0,605.55,586.29,240.77,0.0,0.0,0.0,29.59,0.0,0.0,0.0
CN10,1M,32,8,4,0,0,0,0,0,0,708.59,700.90,175.69,0.0,0.0,0.0,22.21,0.0,0.0,0.0
CN10,1M,32,8,5,0,0,0,0,0,0,512.40,500.46,127.69,0.0,0.0,0.0,15.96,0.0,0.0,0.0
CN10,1M,32,16,1,0,0,0,0,0,0,761.52,755.37,146.01,0.0,0.0,0.0,17.84,0.0,0.0,0.0
CN10,1M,32,16,2,0,0,0,0,0,0,747.69,727.78,136.51,0.0,0.0,0.0,16.32,0.0,0.0,0.0
CN10,1M,32,16,3,0,0,0,0,0,0,431.90,360.87,171.01,0.0,0.0,0.0,20.62,0.0,0.0,0.0
CN10,1M,32,16,4,0,0,0,0,0,0,461.32,397.98,226.35,0.0,0.0,0.0,28.34,0.0,0.0,0.0
CN10,1M,32,16,5,0,0,0,0,0,0,674.92,652.57,187.68,0.0,0.0,0.0,22.07,0.0,0.0,0.0
CN10,1M,64,1,1,0,0,0,0,0,0,697.04,619.18,275.51,0.0,0.0,0.0,33.65,0.0,0.0,0.0
CN10,1M,64,1,2,0,0,0,0,0,0,598.75,586.10,336.51,0.0,0.0,0.0,41.3,0.0,0.0,0.0
CN10,1M,64,1,3,0,0,0,0,0,0,652.72,643.61,274.01,0.0,0.0,0.0,33.44,0.0,0.0,0.0
CN10,1M,64,1,4,0,0,0,0,0,0,889.31,865.44,275.41,0.0,0.0,0.0,34.53,0.0,0.0,0.0
CN10,1M,64,1,5,0,0,0,0,0,0,432.27,366.36,318.0,0.0,0.0,0.0,39.91,0.0,0.0,0.0
CN10,1M,64,2,1,0,0,0,0,0,0,402.61,397.23,323.0,0.0,0.0,0.0,39.75,0.0,0.0,0.0
CN10,1M,64,2,2,0,0,0,0,0,0,623.91,614.89,250.8,0.0,0.0,0.0,31.51,0.0,0.0,0.0
CN10,1M,64,2,3,0,0,0,0,0,0,783.64,706.57,393.0,0.0,0.0,0.0,47.05,0.0,0.0,0.0
CN10,1M,64,2,4,0,0,0,0,0,0,646.67,644.03,340.4,0.0,0.0,0.0,42.71,0.0,0.0,0.0
CN10,1M,64,2,5,0,0,0,0,0,0,608.84,598.45,212.2,0.0,0.0,0.0,26.15,0.0,0.0,0.0
CN10,1M,64,4,1,0,0,0,0,0,0,754.33,745.47,172.75,0.0,0.0,0.0,21.05,0.0,0.0,0.0
CN10,1M,64,4,2,0,0,0,0,0,0,753.20,752.97,190.8,0.0,0.0,0.0,23.71,0.0,0.0,0.0
CN10,1M,64,4,3,0,0,0,0,0,0,704.35,704.20,235.0,0.0,0.0,0.0,28.77,0.0,0.0,0.0
CN10,1M,64,4,4,0,0,0,0,0,0,756.91,743.62,301.4,0.0,0.0,0.0,37.38,0.0,0.0,0.0
CN10,1M,64,4,5,0,0,0,0,0,0,682.59,674.35,172.8,0.0,0.0,0.0,21.52,0.0,0.0,0.0
CN10,1M,64,8,1,0,0,0,0,0,0,611.82,603.75,327.6,0.0,0.0,0.0,38.89,0.0,0.0,0.0
CN10,1M,64,8,2,0,0,0,0,0,0,714.32,714.12,179.19,0.0,0.0,0.0,22.06,0.0,0.0,0.0
CN10,1M,64,8,3,0,0,0,0,0,0,782.00,538.26,350.74,0.0,0.0,0.0,41.93,0.0,0.0,0.0
CN10,1M,64,8,4,0,0,0,0,0,0,447.63,392.65,392.49,0.0,0.0,0.0,47.26,0.0,0.0,0.0
CN10,1M,64,8,5,0,0,0,0,0,0,752.50,710.17,195.99,0.0,0.0,0.0,24.55,0.0,0.0,0.0
CN10,1M,64,16,1,0,0,0,0,0,0,749.80,749.57,217.99,0.0,0.0,0.0,25.0,0.0,0.0,0.0
CN10,1M,64,16,2,0,0,0,0,0,0,578.19,578.07,291.49,0.0,0.0,0.0,33.19,0.0,0.0,0.0
CN10,1M,64,16,3,0,0,0,0,0,0,716.08,705.47,321.39,0.0,0.0,0.0,39.94,0.0,0.0,0.0
CN10,1M,64,16,4,0,0,0,0,0,0,1016.12,914.34,310.99,0.0,0.0,0.0,37.89,0.0,0.0,0.0
CN10,1M,64,16,5,0,0,0,0,0,0,600.22,592.46,12.76,0.0,0.0,0.0,1.54,0.0,0.0,0.0
CN10,2M,32,1,1,0,0,0,0,0,0,471.83,939.92,389.98,0.0,0.0,0.0,43.31,0.0,0.0,0.0
CN10,2M,32,1,2,0,0,0,0,0,0,479.65,933.24,188.73,0.0,0.0,0.0,22.8,0.0,0.0,0.0
CN10,2M,32,1,3,0,0,0,0,0,0,463.02,877.07,304.48,0.0,0.0,0.0,33.55,0.0,0.0,0.0
CN10,2M,32,1,4,0,0,0,0,0,0,422.59,833.86,302.73,0.0,0.0,0.0,34.88,0.0,0.0,0.0
CN10,2M,32,1,5,0,0,0,0,0,0,533.29,880.77,297.23,0.0,0.0,0.0,35.93,0.0,0.0,0.0
CN10,2M,32,2,1,0,0,0,0,0,0,462.12,902.49,227.47,0.0,0.0,0.0,25.91,0.0,0.0,0.0
CN10,2M,32,2,2,0,0,0,0,0,0,445.31,887.02,321.72,0.0,0.0,0.0,35.75,0.0,0.0,0.0
CN10,2M,32,2,3,0,0,0,0,0,0,497.46,941.74,347.96,0.0,0.0,0.0,39.53,0.0,0.0,0.0
CN10,2M,32,2,4,0,0,0,0,0,0,371.83,730.57,347.47,0.0,0.0,0.0,39.95,0.0,0.0,0.0
CN10,2M,32,2,5,0,0,0,0,0,0,510.65,1009.87,349.72,0.0,0.0,0.0,41.87,0.0,0.0,0.0
CN10,2M,32,4,1,0,0,0,0,0,0,396.52,777.30,200.72,0.0,0.0,0.0,23.92,0.0,0.0,0.0
CN10,2M,32,4,2,0,0,0,0,0,0,403.25,654.01,359.62,0.0,0.0,0.0,41.04,0.0,0.0,0.0
CN10,2M,32,4,3,0,0,0,0,0,0,413.61,806.35,263.22,0.0,0.0,0.0,30.78,0.0,0.0,0.0
CN10,2M,32,4,4,0,0,0,0,0,0,464.68,889.10,275.72,0.0,0.0,0.0,31.82,0.0,0.0,0.0
CN10,2M,32,4,5,0,0,0,0,0,0,308.62,601.65,490.29,0.0,0.0,0.0,52.46,0.0,0.0,0.0
CN10,2M,32,8,1,0,0,0,0,0,0,449.77,880.32,334.29,0.0,0.0,0.0,38.42,0.0,0.0,0.0
CN10,2M,32,8,2,0,0,0,0,0,0,485.76,956.60,261.96,0.0,0.0,0.0,29.79,0.0,0.0,0.0
CN10,2M,32,8,3,0,0,0,0,0,0,429.24,840.67,339.21,0.0,0.0,0.0,39.44,0.0,0.0,0.0
CN10,2M,32,8,4,0,0,0,0,0,0,428.60,847.16,314.21,0.0,0.0,0.0,36.61,0.0,0.0,0.0
CN10,2M,32,8,5,0,0,0,0,0,0,595.58,1163.22,220.95,0.0,0.0,0.0,26.97,0.0,0.0,0.0
CN10,2M,32,16,1,0,0,0,0,0,0,408.07,791.02,405.21,0.0,0.0,0.0,44.01,0.0,0.0,0.0
CN10,2M,32,16,2,0,0,0,0,0,0,507.50,988.50,177.46,0.0,0.0,0.0,21.76,0.0,0.0,0.0
CN10,2M,32,16,3,0,0,0,0,0,0,376.13,747.20,289.71,0.0,0.0,0.0,32.2,0.0,0.0,0.0
CN10,2M,32,16,4,0,0,0,0,0,0,536.12,1051.18,309.71,0.0,0.0,0.0,36.03,0.0,0.0,0.0
CN10,2M,32,16,5,0,0,0,0,0,0,414.21,811.16,281.95,0.0,0.0,0.0,30.86,0.0,0.0,0.0
CN10,2M,64,1,1,0,0,0,0,0,0,399.03,794.29,508.64,0.0,0.0,0.0,58.61,0.0,0.0,0.0
CN10,2M,64,1,2,0,0,0,0,0,0,477.63,897.88,811.21,0.0,0.0,0.0,100.46,0.0,0.0,0.0
CN10,2M,64,1,3,0,0,0,0,0,0,551.65,1102.95,884.96,0.0,0.0,0.0,110.55,0.0,0.0,0.0
CN10,2M,64,1,4,0,0,0,0,0,0,413.14,826.16,869.21,0.0,0.0,0.0,100.33,0.0,0.0,0.0
CN10,2M,64,1,5,0,0,0,0,0,0,471.43,895.25,631.16,0.0,0.0,0.0,75.55,0.0,0.0,0.0
CN10,2M,64,2,1,0,0,0,0,0,0,464.00,921.56,390.96,0.0,0.0,0.0,47.91,0.0,0.0,0.0
CN10,2M,64,2,2,0,0,0,0,0,0,319.62,639.14,535.2,0.0,0.0,0.0,61.39,0.0,0.0,0.0
CN10,2M,64,2,3,0,0,0,0,0,0,388.96,777.83,635.2,0.0,0.0,0.0,76.04,0.0,0.0,0.0
CN10,2M,64,2,4,0,0,0,0,0,0,520.46,1040.68,508.76,0.0,0.0,0.0,62.38,0.0,0.0,0.0
CN10,2M,64,2,5,0,0,0,0,0,0,625.68,1109.46,233.96,0.0,0.0,0.0,25.84,0.0,0.0,0.0
CN10,2M,64,4,1,0,0,0,0,0,0,299.09,595.70,661.76,0.0,0.0,0.0,78.87,0.0,0.0,0.0
CN10,2M,64,4,2,0,0,0,0,0,0,507.17,1013.99,788.2,0.0,0.0,0.0,95.15,0.0,0.0,0.0
CN10,2M,64,4,3,0,0,0,0,0,0,390.23,761.45,765.95,0.0,0.0,0.0,94.25,0.0,0.0,0.0
CN10,2M,64,4,4,0,0,0,0,0,0,493.13,967.23,690.2,0.0,0.0,0.0,82.41,0.0,0.0,0.0
CN10,2M,64,4,5,0,0,0,0,0,0,418.47,836.79,479.56,0.0,0.0,0.0,57.87,0.0,0.0,0.0
CN10,2M,64,8,1,0,0,0,0,0,0,856.03,1706.35,694.95,0.0,0.0,0.0,86.88,0.0,0.0,0.0
CN10,2M,64,8,2,0,0,0,0,0,0,497.08,937.78,158.16,0.0,0.0,0.0,19.51,0.0,0.0,0.0
CN10,2M,64,8,3,0,0,0,0,0,0,641.29,1153.83,709.2,0.0,0.0,0.0,87.87,0.0,0.0,0.0
CN10,2M,64,8,4,0,0,0,0,0,0,571.21,1142.18,192.1,0.0,0.0,0.0,23.95,0.0,0.0,0.0
CN10,2M,64,8,5,0,0,0,0,0,0,884.40,1651.98,788.7,0.0,0.0,0.0,97.66,0.0,0.0,0.0
CN10,2M,64,16,1,0,0,0,0,0,0,639.57,1242.46,507.75,0.0,0.0,0.0,63.51,0.0,0.0,0.0
CN10,2M,64,16,2,0,0,0,0,0,0,533.86,836.91,651.44,0.0,0.0,0.0,80.03,0.0,0.0,0.0
CN10,2M,64,16,3,0,0,0,0,0,0,654.55,1308.53,434.15,0.0,0.0,0.0,54.31,0.0,0.0,0.0
CN10,2M,64,16,4,0,0,0,0,0,0,516.34,984.70,693.69,0.0,0.0,0.0,84.39,0.0,0.0,0.0
CN10,2M,64,16,5,0,0,0,0,0,0,650.88,1201.76,509.15,0.0,0.0,0.0,61.74,0.0,0.0,0.0
CN10,4M,32,1,1,0,0,0,0,0,0,249.69,945.84,1008.69,0.0,0.0,0.0,124.46,0.0,0.0,0.0
CN10,4M,32,1,2,0,0,0,0,0,0,258.24,1018.41,1070.19,0.0,0.0,0.0,133.88,0.0,0.0,0.0
CN10,4M,32,1,3,0,0,0,0,0,0,285.15,1053.30,1431.92,0.0,0.0,0.0,178.51,0.0,0.0,0.0
CN10,4M,32,1,4,0,0,0,0,0,0,329.90,1296.92,1070.19,0.0,0.0,0.0,133.88,0.0,0.0,0.0
CN10,4M,32,1,5,0,0,0,0,0,0,308.59,1210.02,1084.44,0.0,0.0,0.0,133.88,0.0,0.0,0.0
CN10,4M,32,2,1,0,0,0,0,0,0,340.00,1359.57,1073.19,0.0,0.0,0.0,133.88,0.0,0.0,0.0
CN10,4M,32,2,2,0,0,0,0,0,0,289.54,1157.70,1070.19,0.0,0.0,0.0,133.88,0.0,0.0,0.0
CN10,4M,32,2,3,0,0,0,0,0,0,237.60,891.90,1432.59,0.0,0.0,0.0,178.52,0.0,0.0,0.0
CN10,4M,32,2,4,0,0,0,0,0,0,225.46,888.55,1074.94,0.0,0.0,0.0,133.89,0.0,0.0,0.0
CN10,4M,32,2,5,0,0,0,0,0,0,273.62,1084.27,1070.19,0.0,0.0,0.0,133.88,0.0,0.0,0.0
CN10,4M,32,4,1,0,0,0,0,0,0,298.68,1174.15,1073.44,0.0,0.0,0.0,133.88,0.0,0.0,0.0
CN10,4M,32,4,2,0,0,0,0,0,0,265.12,1035.14,1426.59,0.0,0.0,0.0,178.51,0.0,0.0,0.0
CN10,4M,32,4,3,0,0,0,0,0,0,363.76,1427.75,1084.44,0.0,0.0,0.0,133.88,0.0,0.0,0.0
CN10,4M,32,4,4,0,0,0,0,0,0,273.92,952.69,1071.44,0.0,0.0,0.0,133.89,0.0,0.0,0.0
CN10,4M,32,4,5,0,0,0,0,0,0,311.09,1217.03,1070.19,0.0,0.0,0.0,133.88,0.0,0.0,0.0
CN10,4M,32,8,1,0,0,0,0,0,0,285.93,1026.14,1070.19,0.0,0.0,0.0,133.88,0.0,0.0,0.0
CN10,4M,32,8,2,0,0,0,0,0,0,250.97,997.08,1073.94,0.0,0.0,0.0,133.88,0.0,0.0,0.0
CN10,4M,32,8,3,0,0,0,0,0,0,240.51,840.37,1069.94,0.0,0.0,0.0,133.88,0.0,0.0,0.0
CN10,4M,32,8,4,0,0,0,0,0,0,316.41,1243.59,1073.69,0.0,0.0,0.0,133.88,0.0,0.0,0.0
CN10,4M,32,8,5,0,0,0,0,0,0,488.09,1946.62,1426.92,0.0,0.0,0.0,178.51,0.0,0.0,0.0
CN10,4M,32,16,1,0,0,0,0,0,0,288.92,1139.10,1085.69,0.0,0.0,0.0,133.88,0.0,0.0,0.0
CN10,4M,32,16,2,0,0,0,0,0,0,307.60,1216.15,1070.19,0.0,0.0,0.0,133.88,0.0,0.0,0.0
CN10,4M,32,16,3,0,0,0,0,0,0,303.64,1127.94,1426.92,0.0,0.0,0.0,178.51,0.0,0.0,0.0
CN10,4M,32,16,4,0,0,0,0,0,0,306.89,1149.71,1073.94,0.0,0.0,0.0,133.88,0.0,0.0,0.0
CN10,4M,32,16,5,0,0,0,0,0,0,328.37,1224.87,1070.19,0.0,0.0,0.0,133.88,0.0,0.0,0.0
CN10,4M,64,1,1,0,0,0,0,0,0,342.01,1326.48,1676.15,0.0,0.0,0.0,209.51,0.0,0.0,0.0
CN10,4M,64,1,2,0,0,0,0,0,0,347.34,1389.19,1680.15,0.0,0.0,0.0,209.52,0.0,0.0,0.0
CN10,4M,64,1,3,0,0,0,0,0,0,304.65,1218.38,2095.19,0.0,0.0,0.0,261.88,0.0,0.0,0.0
CN10,4M,64,1,4,0,0,0,0,0,0,488.64,1856.14,1688.96,0.0,0.0,0.0,209.51,0.0,0.0,0.0
CN10,4M,64,1,5,0,0,0,0,0,0,435.70,1695.37,1679.56,0.0,0.0,0.0,209.51,0.0,0.0,0.0
CN10,4M,64,2,1,0,0,0,0,0,0,339.60,1341.14,1679.16,0.0,0.0,0.0,209.51,0.0,0.0,0.0
CN10,4M,64,2,2,0,0,0,0,0,0,516.16,2064.31,2095.2,0.0,0.0,0.0,261.88,0.0,0.0,0.0
CN10,4M,64,2,3,0,0,0,0,0,0,438.86,1701.31,1679.56,0.0,0.0,0.0,209.51,0.0,0.0,0.0
CN10,4M,64,2,4,0,0,0,0,0,0,408.01,1607.24,1676.16,0.0,0.0,0.0,209.51,0.0,0.0,0.0
CN10,4M,64,2,5,0,0,0,0,0,0,350.23,1353.15,1679.56,0.0,0.0,0.0,209.51,0.0,0.0,0.0
CN10,4M,64,4,1,0,0,0,0,0,0,430.47,1673.13,1656.76,0.0,0.0,0.0,201.34,0.0,0.0,0.0
CN10,4M,64,4,2,0,0,0,0,0,0,426.91,1707.33,1688.96,0.0,0.0,0.0,209.51,0.0,0.0,0.0
CN10,4M,64,4,3,0,0,0,0,0,0,357.75,1430.77,1679.56,0.0,0.0,0.0,209.51,0.0,0.0,0.0
CN10,4M,64,4,4,0,0,0,0,0,0,337.66,1314.18,1676.17,0.0,0.0,0.0,209.51,0.0,0.0,0.0
CN10,4M,64,4,5,0,0,0,0,0,0,321.81,1261.79,1681.37,0.0,0.0,0.0,209.53,0.0,0.0,0.0
CN10,4M,64,8,1,0,0,0,0,0,0,277.06,1051.39,1670.97,0.0,0.0,0.0,207.98,0.0,0.0,0.0
CN10,4M,64,8,2,0,0,0,0,0,0,383.72,1438.63,1676.17,0.0,0.0,0.0,209.51,0.0,0.0,0.0
CN10,4M,64,8,3,0,0,0,0,0,0,399.87,1399.99,1679.37,0.0,0.0,0.0,209.51,0.0,0.0,0.0
CN10,4M,64,8,4,0,0,0,0,0,0,367.81,1414.70,2097.71,0.0,0.0,0.0,261.91,0.0,0.0,0.0
CN10,4M,64,8,5,0,0,0,0,0,0,272.67,1072.40,2111.22,0.0,0.0,0.0,261.89,0.0,0.0,0.0
CN10,4M,64,16,1,0,0,0,0,0,0,582.12,2206.78,1396.81,0.0,0.0,0.0,174.59,0.0,0.0,0.0
CN10,4M,64,16,2,0,0,0,0,0,0,248.84,880.23,1680.17,0.0,0.0,0.0,209.52,0.0,0.0,0.0
CN10,4M,64,16,3,0,0,0,0,0,0,343.71,1364.50,1675.97,0.0,0.0,0.0,209.51,0.0,0.0,0.0
CN10,4M,64,16,4,0,0,0,0,0,0,425.96,1693.99,1679.38,0.0,0.0,0.0,209.51,0.0,0.0,0.0
CN10,4M,64,16,5,0,0,0,0,0,0,399.93,1599.34,1676.18,0.0,0.0,0.0,209.51,0.0,0.0,0.0
CN10,8M,32,1,1,0,0,0,0,0,0,251.28,1918.16,2098.97,0.0,0.0,0.0,261.89,0.0,0.0,0.0
CN10,8M,32,1,2,0,0,0,0,0,0,157.40,1100.89,1878.97,0.0,0.0,0.0,234.89,0.0,0.0,0.0
CN10,8M,32,1,3,0,0,0,0,0,0,110.00,879.93,2110.72,0.0,0.0,0.0,261.89,0.0,0.0,0.0
CN10,8M,32,1,4,0,0,0,0,0,0,229.17,1708.08,2010.97,0.0,0.0,0.0,250.89,0.0,0.0,0.0
CN10,8M,32,1,5,0,0,0,0,0,0,187.72,1494.26,2094.98,0.0,0.0,0.0,261.89,0.0,0.0,0.0
CN10,8M,32,2,1,0,0,0,0,0,0,201.21,1528.37,1679.38,0.0,0.0,0.0,209.51,0.0,0.0,0.0
CN10,8M,32,2,2,0,0,0,0,0,0,232.02,1831.10,1768.73,0.0,0.0,0.0,220.9,0.0,0.0,0.0
CN10,8M,32,2,3,0,0,0,0,0,0,207.73,1530.33,2707.97,0.0,0.0,0.0,338.52,0.0,0.0,0.0
CN10,8M,32,2,4,0,0,0,0,0,0,160.90,1282.45,1987.23,0.0,0.0,0.0,247.89,0.0,0.0,0.0
CN10,8M,32,2,5,0,0,0,0,0,0,226.38,1774.85,2096.23,0.0,0.0,0.0,261.91,0.0,0.0,0.0
CN10,8M,32,4,1,0,0,0,0,0,0,226.38,1697.69,1688.79,0.0,0.0,0.0,209.51,0.0,0.0,0.0
CN10,8M,32,4,2,0,0,0,0,0,0,224.60,1713.49,2793.31,0.0,0.0,0.0,349.19,0.0,0.0,0.0
CN10,8M,32,4,3,0,0,0,0,0,0,244.01,1784.45,2101.99,0.0,0.0,0.0,261.96,0.0,0.0,0.0
CN10,8M,32,4,4,0,0,0,0,0,0,247.40,1789.51,2569.32,0.0,0.0,0.0,321.19,0.0,0.0,0.0
CN10,8M,32,4,5,0,0,0,0,0,0,180.13,1210.56,2101.99,0.0,0.0,0.0,261.92,0.0,0.0,0.0
CN10,8M,32,8,1,0,0,0,0,0,0,237.50,1792.86,1676.19,0.0,0.0,0.0,209.51,0.0,0.0,0.0
CN10,8M,32,8,2,0,0,0,0,0,0,179.97,1427.36,2800.32,0.0,0.0,0.0,349.2,0.0,0.0,0.0
CN10,8M,32,8,3,0,0,0,0,0,0,225.21,1650.48,1952.74,0.0,0.0,0.0,243.9,0.0,0.0,0.0
CN10,8M,32,8,4,0,0,0,0,0,0,198.28,1571.20,1689.2,0.0,0.0,0.0,209.52,0.0,0.0,0.0
CN10,8M,32,8,5,0,0,0,0,0,0,198.55,1467.09,2098.99,0.0,0.0,0.0,261.89,0.0,0.0,0.0
CN10,8M,32,16,1,0,0,0,0,0,0,226.95,1723.96,1927.5,0.0,0.0,0.0,235.7,0.0,0.0,0.0
CN10,8M,32,16,2,0,0,0,0,0,0,181.25,1341.79,2745.66,0.0,0.0,0.0,342.52,0.0,0.0,0.0
CN10,8M,32,16,3,0,0,0,0,0,0,235.08,1859.19,1902.95,0.0,0.0,0.0,237.33,0.0,0.0,0.0
CN10,8M,32,16,4,0,0,0,0,0,0,180.39,1433.73,2039.0,0.0,0.0,0.0,254.89,0.0,0.0,0.0
CN10,8M,32,16,5,0,0,0,0,0,0,203.44,1613.79,1899.25,0.0,0.0,0.0,236.89,0.0,0.0,0.0
CN10,8M,64,1,1,0,0,0,0,0,0,257.85,1929.18,2759.2,0.0,0.0,0.0,344.71,0.0,0.0,0.0
CN10,8M,64,1,2,0,0,0,0,0,0,257.93,2063.23,2427.0,0.0,0.0,0.0,301.51,0.0,0.0,0.0
CN10,8M,64,1,3,0,0,0,0,0,0,280.24,2171.04,2777.81,0.0,0.0,0.0,346.34,0.0,0.0,0.0
CN10,8M,64,1,4,0,0,0,0,0,0,290.48,2287.41,2483.67,0.0,0.0,0.0,309.93,0.0,0.0,0.0
CN10,8M,64,1,5,0,0,0,0,0,0,263.19,1926.73,2477.61,0.0,0.0,0.0,309.51,0.0,0.0,0.0
CN10,8M,64,2,1,0,0,0,0,0,0,217.12,1730.54,2457.01,0.0,0.0,0.0,306.6,0.0,0.0,0.0
CN10,8M,64,2,2,0,0,0,0,0,0,195.63,1559.97,2953.82,0.0,0.0,0.0,368.74,0.0,0.0,0.0
CN10,8M,64,2,3,0,0,0,0,0,0,218.67,1743.30,2686.18,0.0,0.0,0.0,335.26,0.0,0.0,0.0
CN10,8M,64,2,4,0,0,0,0,0,0,272.80,2169.92,2651.35,0.0,0.0,0.0,331.26,0.0,0.0,0.0
CN10,8M,64,2,5,0,0,0,0,0,0,246.89,1974.90,2679.19,0.0,0.0,0.0,333.27,0.0,0.0,0.0
CN10,8M,64,4,1,0,0,0,0,0,0,254.09,2023.44,2766.19,0.0,0.0,0.0,345.26,0.0,0.0,0.0
CN10,8M,64,4,2,0,0,0,0,0,0,264.49,2075.07,2402.53,0.0,0.0,0.0,299.95,0.0,0.0,0.0
CN10,8M,64,4,3,0,0,0,0,0,0,259.60,2076.64,3313.03,0.0,0.0,0.0,413.52,0.0,0.0,0.0
CN10,8M,64,4,4,0,0,0,0,0,0,295.71,2316.76,2734.2,0.0,0.0,0.0,341.26,0.0,0.0,0.0
CN10,8M,64,4,5,0,0,0,0,0,0,250.68,1994.97,2016.53,0.0,0.0,0.0,251.93,0.0,0.0,0.0
CN10,8M,64,8,1,0,0,0,0,0,0,110.38,882.57,3100.04,0.0,0.0,0.0,378.36,0.0,0.0,0.0
CN10,8M,64,8,2,0,0,0,0,0,0,159.13,1262.06,3080.64,0.0,0.0,0.0,384.73,0.0,0.0,0.0
CN10,8M,64,8,3,0,0,0,0,0,0,258.69,2028.44,2620.2,0.0,0.0,0.0,325.93,0.0,0.0,0.0
CN10,8M,64,8,4,0,0,0,0,0,0,212.32,1676.85,2510.21,0.0,0.0,0.0,313.27,0.0,0.0,0.0
CN10,8M,64,8,5,0,0,0,0,0,0,254.21,2024.65,3146.65,0.0,0.0,0.0,392.72,0.0,0.0,0.0
CN10,8M,64,16,1,0,0,0,0,0,0,200.26,1595.63,2352.88,0.0,0.0,0.0,293.93,0.0,0.0,0.0
CN10,8M,64,16,2,0,0,0,0,0,0,269.53,1973.15,2686.38,0.0,0.0,0.0,335.27,0.0,0.0,0.0
CN10,8M,64,16,3,0,0,0,0,0,0,240.52,1886.23,3041.06,0.0,0.0,0.0,379.92,0.0,0.0,0.0
CN10,8M,64,16,4,0,0,0,0,0,0,267.93,2087.96,2590.22,0.0,0.0,0.0,323.27,0.0,0.0,0.0
CN10,8M,64,16,5,0,0,0,0,0,0,332.46,2612.27,3047.27,0.0,0.0,0.0,380.72,0.0,0.0,0.0
CN10,16M,32,1,1,0,0,0,0,0,0,142.26,2265.89,2215.27,0.0,0.0,0.0,275.12,0.0,0.0,0.0
CN10,16M,32,1,2,0,0,0,0,0,0,120.69,1878.51,2704.87,0.0,0.0,0.0,337.52,0.0,0.0,0.0
CN10,16M,32,1,3,0,0,0,0,0,0,173.06,2598.04,2240.27,0.0,0.0,0.0,279.92,0.0,0.0,0.0
CN10,16M,32,1,4,0,0,0,0,0,0,131.49,2089.79,2109.07,0.0,0.0,0.0,263.12,0.0,0.0,0.0
CN10,16M,32,1,5,0,0,0,0,0,0,124.71,1986.47,3036.6,0.0,0.0,0.0,378.9,0.0,0.0,0.0
CN10,16M,32,2,1,0,0,0,0,0,0,146.67,2332.28,2733.48,0.0,0.0,0.0,341.52,0.0,0.0,0.0
CN10,16M,32,2,2,0,0,0,0,0,0,116.48,1863.59,2070.68,0.0,0.0,0.0,258.32,0.0,0.0,0.0
CN10,16M,32,2,3,0,0,0,0,0,0,129.05,2023.76,2680.1,0.0,0.0,0.0,334.9,0.0,0.0,0.0
CN10,16M,32,2,4,0,0,0,0,0,0,126.90,1966.34,2824.36,0.0,0.0,0.0,350.9,0.0,0.0,0.0
CN10,16M,32,2,5,0,0,0,0,0,0,123.58,1960.65,2308.11,0.0,0.0,0.0,287.9,0.0,0.0,0.0
CN10,16M,32,4,1,0,0,0,0,0,0,96.27,1502.55,3324.86,0.0,0.0,0.0,414.9,0.0,0.0,0.0
CN10,16M,32,4,2,0,0,0,0,0,0,92.10,1435.66,2188.89,0.0,0.0,0.0,273.52,0.0,0.0,0.0
CN10,16M,32,4,3,0,0,0,0,0,0,104.01,1650.92,2764.61,0.0,0.0,0.0,344.9,0.0,0.0,0.0
CN10,16M,32,4,4,0,0,0,0,0,0,116.85,1855.10,3200.61,0.0,0.0,0.0,399.9,0.0,0.0,0.0
CN10,16M,32,4,5,0,0,0,0,0,0,132.49,2035.26,2820.62,0.0,0.0,0.0,351.91,0.0,0.0,0.0
CN10,16M,32,8,1,0,0,0,0,0,0,80.90,1253.53,3477.37,0.0,0.0,0.0,431.49,0.0,0.0,0.0
CN10,16M,32,8,2,0,0,0,0,0,0,138.32,2148.00,2792.37,0.0,0.0,0.0,346.91,0.0,0.0,0.0
CN10,16M,32,8,3,0,0,0,0,0,0,128.12,2035.36,2339.7,0.0,0.0,0.0,291.92,0.0,0.0,0.0
CN10,16M,32,8,4,0,0,0,0,0,0,146.20,2336.28,2470.9,0.0,0.0,0.0,308.73,0.0,0.0,0.0
CN10,16M,32,8,5,0,0,0,0,0,0,125.14,1988.43,2548.38,0.0,0.0,0.0,317.91,0.0,0.0,0.0
CN10,16M,32,16,1,0,0,0,0,0,0,131.03,2000.98,2274.91,0.0,0.0,0.0,283.93,0.0,0.0,0.0
CN10,16M,32,16,2,0,0,0,0,0,0,164.81,2626.92,2137.71,0.0,0.0,0.0,267.13,0.0,0.0,0.0
CN10,16M,32,16,3,0,0,0,0,0,0,145.60,2298.52,1936.31,0.0,0.0,0.0,241.53,0.0,0.0,0.0
CN10,16M,32,16,4,0,0,0,0,0,0,133.31,2116.43,1927.91,0.0,0.0,0.0,240.74,0.0,0.0,0.0
CN10,16M,32,16,5,0,0,0,0,0,0,116.39,1854.97,3018.89,0.0,0.0,0.0,374.93,0.0,0.0,0.0
CN10,16M,64,1,1,0,0,0,0,0,0,100.09,1601.39,2312.22,0.0,0.0,0.0,288.52,0.0,0.0,0.0
CN10,16M,64,1,2,0,0,0,0,0,0,144.36,2258.41,3776.1,0.0,0.0,0.0,471.27,0.0,0.0,0.0
CN10,16M,64,1,3,0,0,0,0,0,0,140.29,2244.55,2433.43,0.0,0.0,0.0,303.94,0.0,0.0,0.0
CN10,16M,64,1,4,0,0,0,0,0,0,115.65,1850.40,3035.23,0.0,0.0,0.0,378.81,0.0,0.0,0.0
CN10,16M,64,1,5,0,0,0,0,0,0,144.32,2241.04,2058.09,0.0,0.0,0.0,257.09,0.0,0.0,0.0
CN10,16M,64,2,1,0,0,0,0,0,0,152.76,2444.04,2932.44,0.0,0.0,0.0,365.94,0.0,0.0,0.0
CN10,16M,64,2,2,0,0,0,0,0,0,92.72,1475.00,3596.94,0.0,0.0,0.0,449.27,0.0,0.0,0.0
CN10,16M,64,2,3,0,0,0,0,0,0,144.57,2162.49,2915.62,0.0,0.0,0.0,362.63,0.0,0.0,0.0
CN10,16M,64,2,4,0,0,0,0,0,0,144.95,2202.75,2290.24,0.0,0.0,0.0,285.66,0.0,0.0,0.0
CN10,16M,64,2,5,0,0,0,0,0,0,146.82,2227.81,2266.1,0.0,0.0,0.0,282.83,0.0,0.0,0.0
CN10,16M,64,4,1,0,0,0,0,0,0,154.89,2362.34,3479.12,0.0,0.0,0.0,428.94,0.0,0.0,0.0
CN10,16M,64,4,2,0,0,0,0,0,0,130.44,2086.87,2820.96,0.0,0.0,0.0,351.94,0.0,0.0,0.0
CN10,16M,64,4,3,0,0,0,0,0,0,137.18,2165.88,2647.46,0.0,0.0,0.0,330.61,0.0,0.0,0.0
CN10,16M,64,4,4,0,0,0,0,0,0,123.50,1970.57,2773.73,0.0,0.0,0.0,346.07,0.0,0.0,0.0
CN10,16M,64,4,5,0,0,0,0,0,0,122.63,1944.81,3672.3,0.0,0.0,0.0,458.61,0.0,0.0,0.0
CN10,16M,64,8,1,0,0,0,0,0,0,149.50,2387.23,3224.3,0.0,0.0,0.0,401.28,0.0,0.0,0.0
CN10,16M,64,8,2,0,0,0,0,0,0,137.87,2139.58,3093.31,0.0,0.0,0.0,385.94,0.0,0.0,0.0
CN10,16M,64,8,3,0,0,0,0,0,0,145.00,2318.21,3264.31,0.0,0.0,0.0,407.28,0.0,0.0,0.0
CN10,16M,64,8,4,0,0,0,0,0,0,135.54,2144.34,2866.31,0.0,0.0,0.0,357.95,0.0,0.0,0.0
CN10,16M,64,8,5,0,0,0,0,0,0,143.50,2221.27,2765.47,0.0,0.0,0.0,345.05,0.0,0.0,0.0
CN10,16M,64,16,1,0,0,0,0,0,0,150.30,2370.26,3308.65,0.0,0.0,0.0,413.28,0.0,0.0,0.0
CN10,16M,64,16,2,0,0,0,0,0,0,151.80,2417.20,2703.16,0.0,0.0,0.0,337.28,0.0,0.0,0.0
CN10,16M,64,16,3,0,0,0,0,0,0,151.66,2383.76,2437.99,0.0,0.0,0.0,304.53,0.0,0.0,0.0
CN10,16M,64,16,4,0,0,0,0,0,0,154.92,2469.45,2836.83,0.0,0.0,0.0,353.28,0.0,0.0,0.0
CN10,16M,64,16,5,0,0,0,0,0,0,158.46,2535.12,2831.0,0.0,0.0,0.0,353.28,0.0,0.0,0.0
CN10,32M,32,1,1,0,0,0,0,0,0,70.36,2243.28,3217.75,0.0,0.0,0.0,401.93,0.0,0.0,0.0
CN10,32M,32,1,2,0,0,0,0,0,0,55.36,1754.42,3288.0,0.0,0.0,0.0,410.34,0.0,0.0,0.0
CN10,32M,32,1,3,0,0,0,0,0,0,56.14,1792.66,4742.26,0.0,0.0,0.0,591.92,0.0,0.0,0.0
CN10,32M,32,1,4,0,0,0,0,0,0,67.76,2161.66,3503.81,0.0,0.0,0.0,437.56,0.0,0.0,0.0
CN10,32M,32,1,5,0,0,0,0,0,0,77.94,2494.01,3277.61,0.0,0.0,0.0,408.76,0.0,0.0,0.0
CN10,32M,32,2,1,0,0,0,0,0,0,51.46,1633.89,4008.01,0.0,0.0,0.0,499.95,0.0,0.0,0.0
CN10,32M,32,2,2,0,0,0,0,0,0,68.90,2150.76,3266.02,0.0,0.0,0.0,406.36,0.0,0.0,0.0
CN10,32M,32,2,3,0,0,0,0,0,0,54.34,1734.76,3300.82,0.0,0.0,0.0,411.94,0.0,0.0,0.0
CN10,32M,32,2,4,0,0,0,0,0,0,57.31,1830.83,2935.62,0.0,0.0,0.0,366.34,0.0,0.0,0.0
CN10,32M,32,2,5,0,0,0,0,0,0,47.72,1525.13,4290.03,0.0,0.0,0.0,535.93,0.0,0.0,0.0
CN10,32M,32,4,1,0,0,0,0,0,0,49.21,1569.65,4312.03,0.0,0.0,0.0,537.96,0.0,0.0,0.0
CN10,32M,32,4,2,0,0,0,0,0,0,57.83,1849.30,4474.04,0.0,0.0,0.0,558.93,0.0,0.0,0.0
CN10,32M,32,4,3,0,0,0,0,0,0,47.33,1499.51,4326.55,0.0,0.0,0.0,539.93,0.0,0.0,0.0
CN10,32M,32,4,4,0,0,0,0,0,0,59.61,1882.32,3323.04,0.0,0.0,0.0,415.14,0.0,0.0,0.0
CN10,32M,32,4,5,0,0,0,0,0,0,45.52,1448.27,3631.24,0.0,0.0,0.0,451.94,0.0,0.0,0.0
CN10,32M,32,8,1,0,0,0,0,0,0,49.42,1541.10,2972.87,0.0,0.0,0.0,370.62,0.0,0.0,0.0
CN10,32M,32,8,2,0,0,0,0,0,0,39.91,1264.66,4659.56,0.0,0.0,0.0,581.95,0.0,0.0,0.0
CN10,32M,32,8,3,0,0,0,0,0,0,68.27,2177.93,3512.65,0.0,0.0,0.0,438.34,0.0,0.0,0.0
CN10,32M,32,8,4,0,0,0,0,0,0,71.93,2065.29,4053.57,0.0,0.0,0.0,505.93,0.0,0.0,0.0
CN10,32M,32,8,5,0,0,0,0,0,0,63.41,2023.89,3175.66,0.0,0.0,0.0,396.74,0.0,0.0,0.0
CN10,32M,32,16,1,0,0,0,0,0,0,45.39,1447.53,4428.66,0.0,0.0,0.0,552.74,0.0,0.0,0.0
CN10,32M,32,16,2,0,0,0,0,0,0,50.96,1562.30,4003.39,0.0,0.0,0.0,500.16,0.0,0.0,0.0
CN10,32M,32,16,3,0,0,0,0,0,0,76.17,2425.07,4058.09,0.0,0.0,0.0,504.93,0.0,0.0,0.0
CN10,32M,32,16,4,0,0,0,0,0,0,57.35,1783.64,3005.87,0.0,0.0,0.0,375.15,0.0,0.0,0.0
CN10,32M,32,16,5,0,0,0,0,0,0,45.16,1441.99,3409.68,0.0,0.0,0.0,425.55,0.0,0.0,0.0
CN10,32M,64,1,1,0,0,0,0,0,0,38.87,1240.89,5040.8,0.0,0.0,0.0,622.8,0.0,0.0,0.0
CN10,32M,64,1,2,0,0,0,0,0,0,56.82,1763.53,3881.56,0.0,0.0,0.0,484.49,0.0,0.0,0.0
CN10,32M,64,1,3,0,0,0,0,0,0,41.60,1330.16,4652.18,0.0,0.0,0.0,580.99,0.0,0.0,0.0
CN10,32M,64,1,4,0,0,0,0,0,0,55.44,1772.26,4109.81,0.0,0.0,0.0,512.99,0.0,0.0,0.0
CN10,32M,64,1,5,0,0,0,0,0,0,45.93,1469.18,4556.57,0.0,0.0,0.0,569.0,0.0,0.0,0.0
CN10,32M,64,2,1,0,0,0,0,0,0,54.03,1728.77,4918.66,0.0,0.0,0.0,613.11,0.0,0.0,0.0
CN10,32M,64,2,2,0,0,0,0,0,0,44.62,1416.69,4620.95,0.0,0.0,0.0,576.56,0.0,0.0,0.0
CN10,32M,64,2,3,0,0,0,0,0,0,46.29,1481.12,4264.33,0.0,0.0,0.0,532.5,0.0,0.0,0.0
CN10,32M,64,2,4,0,0,0,0,0,0,42.21,1350.82,4350.09,0.0,0.0,0.0,543.0,0.0,0.0,0.0
CN10,32M,64,2,5,0,0,0,0,0,0,48.18,1539.23,4765.53,0.0,0.0,0.0,594.83,0.0,0.0,0.0
CN10,32M,64,4,1,0,0,0,0,0,0,40.10,1281.78,4292.75,0.0,0.0,0.0,535.98,0.0,0.0,0.0
CN10,32M,64,4,2,0,0,0,0,0,0,41.47,1326.00,4122.35,0.0,0.0,0.0,514.5,0.0,0.0,0.0
CN10,32M,64,4,3,0,0,0,0,0,0,58.53,1872.51,4388.23,0.0,0.0,0.0,548.0,0.0,0.0,0.0
CN10,32M,64,4,4,0,0,0,0,0,0,46.70,1494.10,4168.24,0.0,0.0,0.0,519.52,0.0,0.0,0.0
CN10,32M,64,4,5,0,0,0,0,0,0,50.08,1601.15,4106.11,0.0,0.0,0.0,512.5,0.0,0.0,0.0
CN10,32M,64,8,1,0,0,0,0,0,0,41.23,1319.38,4354.49,0.0,0.0,0.0,543.5,0.0,0.0,0.0
CN10,32M,64,8,2,0,0,0,0,0,0,57.62,1788.98,4272.25,0.0,0.0,0.0,533.5,0.0,0.0,0.0
CN10,32M,64,8,3,0,0,0,0,0,0,40.70,1296.59,4426.38,0.0,0.0,0.0,552.5,0.0,0.0,0.0
CN10,32M,64,8,4,0,0,0,0,0,0,52.12,1666.84,3815.63,0.0,0.0,0.0,476.5,0.0,0.0,0.0
CN10,32M,64,8,5,0,0,0,0,0,0,40.48,1294.38,4463.76,0.0,0.0,0.0,557.0,0.0,0.0,0.0
CN10,32M,64,16,1,0,0,0,0,0,0,32.42,1037.54,4773.35,0.0,0.0,0.0,594.11,0.0,0.0,0.0
CN10,32M,64,16,2,0,0,0,0,0,0,63.25,2019.41,3700.91,0.0,0.0,0.0,461.16,0.0,0.0,0.0
CN10,32M,64,16,3,0,0,0,0,0,0,40.22,1286.55,4658.9,0.0,0.0,0.0,581.51,0.0,0.0,0.0
CN10,32M,64,16,4,0,0,0,0,0,0,59.25,1895.86,3603.66,0.0,0.0,0.0,450.0,0.0,0.0,0.0
CN10,32M,64,16,5,0,0,0,0,0,0,40.07,1245.28,4610.79,0.0,0.0,0.0,575.51,0.0,0.0,0.0
CN10,64M,32,1,1,0,0,0,0,0,0,27.23,1741.06,3992.33,0.0,0.0,0.0,498.29,0.0,0.0,0.0
CN10,64M,32,1,2,0,0,0,0,0,0,19.17,1225.12,5342.56,0.0,0.0,0.0,667.31,0.0,0.0,0.0
CN10,64M,32,1,3,0,0,0,0,0,0,20.06,1282.86,4797.63,0.0,0.0,0.0,598.87,0.0,0.0,0.0
CN10,64M,32,1,4,0,0,0,0,0,0,19.66,1256.88,5486.9,0.0,0.0,0.0,685.31,0.0,0.0,0.0
CN10,64M,32,1,5,0,0,0,0,0,0,20.31,1287.78,5546.24,0.0,0.0,0.0,691.33,0.0,0.0,0.0
CN10,64M,32,2,1,0,0,0,0,0,0,21.73,1389.67,4660.21,0.0,0.0,0.0,581.72,0.0,0.0,0.0
CN10,64M,32,2,2,0,0,0,0,0,0,19.53,1249.17,5421.09,0.0,0.0,0.0,676.65,0.0,0.0,0.0
CN10,64M,32,2,3,0,0,0,0,0,0,18.87,1206.06,4630.37,0.0,0.0,0.0,578.3,0.0,0.0,0.0
CN10,64M,32,2,4,0,0,0,0,0,0,20.14,1281.84,4902.37,0.0,0.0,0.0,611.98,0.0,0.0,0.0
CN10,64M,32,2,5,0,0,0,0,0,0,20.02,1253.06,5652.27,0.0,0.0,0.0,705.98,0.0,0.0,0.0
CN10,64M,32,4,1,0,0,0,0,0,0,24.79,1584.98,4797.1,0.0,0.0,0.0,598.84,0.0,0.0,0.0
CN10,64M,32,4,2,0,0,0,0,0,0,19.03,1217.14,5252.62,0.0,0.0,0.0,655.98,0.0,0.0,0.0
CN10,64M,32,4,3,0,0,0,0,0,0,22.41,1432.21,5626.29,0.0,0.0,0.0,701.32,0.0,0.0,0.0
CN10,64M,32,4,4,0,0,0,0,0,0,20.96,1341.62,4757.97,0.0,0.0,0.0,593.73,0.0,0.0,0.0
CN10,64M,32,4,5,0,0,0,0,0,0,27.23,1737.20,5646.8,0.0,0.0,0.0,705.32,0.0,0.0,0.0
CN10,64M,32,8,1,0,0,0,0,0,0,20.26,1287.88,5484.64,0.0,0.0,0.0,684.65,0.0,0.0,0.0
CN10,64M,32,8,2,0,0,0,0,0,0,22.35,1428.74,4641.56,0.0,0.0,0.0,579.44,0.0,0.0,0.0
CN10,64M,32,8,3,0,0,0,0,0,0,25.36,1621.57,4575.42,0.0,0.0,0.0,571.45,0.0,0.0,0.0
CN10,64M,32,8,4,0,0,0,0,0,0,20.01,1280.35,4794.71,0.0,0.0,0.0,598.3,0.0,0.0,0.0
CN10,64M,32,8,5,0,0,0,0,0,0,22.71,1451.45,5411.03,0.0,0.0,0.0,675.87,0.0,0.0,0.0
CN10,64M,32,16,1,0,0,0,0,0,0,22.41,1422.67,4704.15,0.0,0.0,0.0,586.33,0.0,0.0,0.0
CN10,64M,32,16,2,0,0,0,0,0,0,19.15,1224.96,5390.18,0.0,0.0,0.0,672.69,0.0,0.0,0.0
CN10,64M,32,16,3,0,0,0,0,0,0,25.24,1612.98,6194.52,0.0,0.0,0.0,773.32,0.0,0.0,0.0
CN10,64M,32,16,4,0,0,0,0,0,0,23.09,1476.30,5241.36,0.0,0.0,0.0,654.66,0.0,0.0,0.0
CN10,64M,32,16,5,0,0,0,0,0,0,30.61,1956.05,4335.45,0.0,0.0,0.0,541.14,0.0,0.0,0.0
CN10,64M,64,1,1,0,0,0,0,0,0,14.38,919.78,6503.09,0.0,0.0,0.0,812.03,0.0,0.0,0.0
CN10,64M,64,1,2,0,0,0,0,0,0,14.55,927.59,6642.25,0.0,0.0,0.0,829.29,0.0,0.0,0.0
CN10,64M,64,1,3,0,0,0,0,0,0,14.45,924.43,7258.7,0.0,0.0,0.0,906.39,0.0,0.0,0.0
CN10,64M,64,1,4,0,0,0,0,0,0,14.62,935.71,6548.42,0.0,0.0,0.0,817.01,0.0,0.0,0.0
CN10,64M,64,1,5,0,0,0,0,0,0,14.59,933.73,6551.12,0.0,0.0,0.0,817.88,0.0,0.0,0.0
CN10,64M,64,2,1,0,0,0,0,0,0,14.19,908.11,6116.62,0.0,0.0,0.0,763.77,0.0,0.0,0.0
CN10,64M,64,2,2,0,0,0,0,0,0,14.09,901.94,7027.82,0.0,0.0,0.0,877.4,0.0,0.0,0.0
CN10,64M,64,2,3,0,0,0,0,0,0,14.33,917.18,6501.3,0.0,0.0,0.0,811.73,0.0,0.0,0.0
CN10,64M,64,2,4,0,0,0,0,0,0,14.56,920.50,6676.39,0.0,0.0,0.0,833.63,0.0,0.0,0.0
CN10,64M,64,2,5,0,0,0,0,0,0,15.29,978.18,6681.32,0.0,0.0,0.0,834.19,0.0,0.0,0.0
CN10,64M,64,4,1,0,0,0,0,0,0,15.19,969.18,6461.48,0.0,0.0,0.0,806.81,0.0,0.0,0.0
CN10,64M,64,4,2,0,0,0,0,0,0,15.84,1012.66,6593.02,0.0,0.0,0.0,822.56,0.0,0.0,0.0
CN10,64M,64,4,3,0,0,0,0,0,0,15.23,974.50,7237.95,0.0,0.0,0.0,903.71,0.0,0.0,0.0
CN10,64M,64,4,4,0,0,0,0,0,0,14.61,911.77,6152.89,0.0,0.0,0.0,768.09,0.0,0.0,0.0
CN10,64M,64,4,5,0,0,0,0,0,0,15.21,973.24,7087.05,0.0,0.0,0.0,885.04,0.0,0.0,0.0
CN10,64M,64,8,1,0,0,0,0,0,0,15.12,966.63,6156.98,0.0,0.0,0.0,768.64,0.0,0.0,0.0
CN10,64M,64,8,2,0,0,0,0,0,0,14.10,901.77,6511.52,0.0,0.0,0.0,813.02,0.0,0.0,0.0
CN10,64M,64,8,3,0,0,0,0,0,0,14.37,919.59,6600.61,0.0,0.0,0.0,824.08,0.0,0.0,0.0
CN10,64M,64,8,4,0,0,0,0,0,0,13.89,887.76,6599.77,0.0,0.0,0.0,824.1,0.0,0.0,0.0
CN10,64M,64,8,5,0,0,0,0,0,0,14.88,952.27,6540.78,0.0,0.0,0.0,816.07,0.0,0.0,0.0
CN10,64M,64,16,1,0,0,0,0,0,0,14.93,955.57,6489.71,0.0,0.0,0.0,810.2,0.0,0.0,0.0
CN10,64M,64,16,2,0,0,0,0,0,0,14.98,958.16,7197.36,0.0,0.0,0.0,898.75,0.0,0.0,0.0
CN10,64M,64,16,3,0,0,0,0,0,0,14.71,941.14,6701.34,0.0,0.0,0.0,836.67,0.0,0.0,0.0
CN10,64M,64,16,4,0,0,0,0,0,0,13.95,890.38,6564.04,0.0,0.0,0.0,819.47,0.0,0.0,0.0
CN10,64M,64,16,5,0,0,0,0,0,0,14.95,956.75,6611.74,0.0,0.0,0.0,825.62,0.0,0.0,0.0
CN10,128M,32,1,1,0,0,0,0,0,0,7.79,996.82,8186.37,0.0,0.0,0.0,1022.07,0.0,0.0,0.0
CN10,128M,32,1,2,0,0,0,0,0,0,7.97,1019.96,9047.76,0.0,0.0,0.0,1129.85,0.0,0.0,0.0
CN10,128M,32,1,3,0,0,0,0,0,0,7.45,953.49,8075.89,0.0,0.0,0.0,1007.68,0.0,0.0,0.0
CN10,128M,32,1,4,0,0,0,0,0,0,7.69,983.58,8080.5,0.0,0.0,0.0,1008.87,0.0,0.0,0.0
CN10,128M,32,1,5,0,0,0,0,0,0,7.39,945.51,8068.01,0.0,0.0,0.0,1007.27,0.0,0.0,0.0
CN10,128M,32,2,1,0,0,0,0,0,0,7.71,987.23,8243.22,0.0,0.0,0.0,1029.28,0.0,0.0,0.0
CN10,128M,32,2,2,0,0,0,0,0,0,7.53,950.22,9234.7,0.0,0.0,0.0,1152.97,0.0,0.0,0.0
CN10,128M,32,2,3,0,0,0,0,0,0,7.46,954.66,8048.94,0.0,0.0,0.0,1004.94,0.0,0.0,0.0
CN10,128M,32,2,4,0,0,0,0,0,0,7.92,1011.74,8875.16,0.0,0.0,0.0,1108.08,0.0,0.0,0.0
CN10,128M,32,2,5,0,0,0,0,0,0,7.55,964.69,8072.46,0.0,0.0,0.0,1008.08,0.0,0.0,0.0
CN10,128M,32,4,1,0,0,0,0,0,0,7.98,1021.41,8991.18,0.0,0.0,0.0,1121.88,0.0,0.0,0.0
CN10,128M,32,4,2,0,0,0,0,0,0,7.80,997.87,8218.48,0.0,0.0,0.0,1026.08,0.0,0.0,0.0
CN10,128M,32,4,3,0,0,0,0,0,0,7.79,986.25,8990.76,0.0,0.0,0.0,1122.75,0.0,0.0,0.0
CN10,128M,32,4,4,0,0,0,0,0,0,7.72,987.98,9106.77,0.0,0.0,0.0,1136.98,0.0,0.0,0.0
CN10,128M,32,4,5,0,0,0,0,0,0,7.71,986.26,8247.0,0.0,0.0,0.0,1029.68,0.0,0.0,0.0
CN10,128M,32,8,1,0,0,0,0,0,0,7.45,952.96,8149.01,0.0,0.0,0.0,1017.68,0.0,0.0,0.0
CN10,128M,32,8,2,0,0,0,0,0,0,7.39,945.99,8992.69,0.0,0.0,0.0,1122.76,0.0,0.0,0.0
CN10,128M,32,8,3,0,0,0,0,0,0,7.68,982.99,8203.83,0.0,0.0,0.0,1024.49,0.0,0.0,0.0
CN10,128M,32,8,4,0,0,0,0,0,0,7.65,979.09,8894.71,0.0,0.0,0.0,1109.89,0.0,0.0,0.0
CN10,128M,32,8,5,0,0,0,0,0,0,8.29,1059.83,8673.35,0.0,0.0,0.0,1082.92,0.0,0.0,0.0
CN10,128M,32,16,1,0,0,0,0,0,0,7.66,979.96,8132.16,0.0,0.0,0.0,1015.29,0.0,0.0,0.0
CN10,128M,32,16,2,0,0,0,0,0,0,7.52,961.02,8020.97,0.0,0.0,0.0,1001.69,0.0,0.0,0.0
CN10,128M,32,16,3,0,0,0,0,0,0,7.75,991.88,9263.42,0.0,0.0,0.0,1156.55,0.0,0.0,0.0
CN10,128M,32,16,4,0,0,0,0,0,0,8.34,1067.11,9008.55,0.0,0.0,0.0,1124.99,0.0,0.0,0.0
CN10,128M,32,16,5,0,0,0,0,0,0,7.49,958.07,8048.4,0.0,0.0,0.0,1004.89,0.0,0.0,0.0
CN10,128M,64,1,1,0,0,0,0,0,0,5.50,704.28,10363.24,0.0,0.0,0.0,1294.02,0.0,0.0,0.0
CN10,128M,64,1,2,0,0,0,0,0,0,5.62,719.90,10433.35,0.0,0.0,0.0,1302.42,0.0,0.0,0.0
CN10,128M,64,1,3,0,0,0,0,0,0,5.49,702.02,10369.89,0.0,0.0,0.0,1294.79,0.0,0.0,0.0
CN10,128M,64,1,4,0,0,0,0,0,0,5.52,706.49,10427.09,0.0,0.0,0.0,1302.03,0.0,0.0,0.0
CN10,128M,64,1,5,0,0,0,0,0,0,5.59,715.78,10337.91,0.0,0.0,0.0,1290.79,0.0,0.0,0.0
CN10,128M,64,2,1,0,0,0,0,0,0,5.50,704.12,10388.45,0.0,0.0,0.0,1297.08,0.0,0.0,0.0
CN10,128M,64,2,2,0,0,0,0,0,0,5.49,702.66,9810.3,0.0,0.0,0.0,1225.03,0.0,0.0,0.0
CN10,128M,64,2,3,0,0,0,0,0,0,7.50,959.74,2152.27,0.0,0.0,0.0,268.7,0.0,0.0,0.0
CN10,128M,64,2,4,0,0,0,0,0,0,5.88,752.73,9242.59,0.0,0.0,0.0,1153.96,0.0,0.0,0.0
CN10,128M,64,2,5,0,0,0,0,0,0,5.55,710.05,9832.7,0.0,0.0,0.0,1227.41,0.0,0.0,0.0
CN10,128M,64,4,1,0,0,0,0,0,0,5.45,696.77,9453.29,0.0,0.0,0.0,1180.3,0.0,0.0,0.0
CN10,128M,64,4,2,0,0,0,0,0,0,5.50,704.44,9915.91,0.0,0.0,0.0,1238.13,0.0,0.0,0.0
CN10,128M,64,4,3,0,0,0,0,0,0,5.49,702.38,10448.87,0.0,0.0,0.0,1304.71,0.0,0.0,0.0
CN10,128M,64,4,4,0,0,0,0,0,0,5.63,720.34,9853.43,0.0,0.0,0.0,1230.31,0.0,0.0,0.0
CN10,128M,64,4,5,0,0,0,0,0,0,5.56,712.26,10419.32,0.0,0.0,0.0,1301.09,0.0,0.0,0.0
CN10,128M,64,8,1,0,0,0,0,0,0,5.49,702.46,10504.67,0.0,0.0,0.0,1311.58,0.0,0.0,0.0
CN10,128M,64,8,2,0,0,0,0,0,0,5.46,698.92,9991.2,0.0,0.0,0.0,1247.6,0.0,0.0,0.0
CN10,128M,64,8,3,0,0,0,0,0,0,5.51,704.45,9854.48,0.0,0.0,0.0,1230.15,0.0,0.0,0.0
CN10,128M,64,8,4,0,0,0,0,0,0,5.83,746.54,10331.04,0.0,0.0,0.0,1289.87,0.0,0.0,0.0
CN10,128M,64,8,5,0,0,0,0,0,0,5.49,702.85,9893.59,0.0,0.0,0.0,1235.41,0.0,0.0,0.0
CN10,128M,64,16,1,0,0,0,0,0,0,5.48,702.01,10497.02,0.0,0.0,0.0,1310.63,0.0,0.0,0.0
CN10,128M,64,16,2,0,0,0,0,0,0,5.50,703.89,9946.48,0.0,0.0,0.0,1241.96,0.0,0.0,0.0
CN10,128M,64,16,3,0,0,0,0,0,0,5.56,710.49,10385.95,0.0,0.0,0.0,1296.91,0.0,0.0,0.0
CN10,128M,64,16,4,0,0,0,0,0,0,5.57,712.50,10342.77,0.0,0.0,0.0,1291.39,0.0,0.0,0.0
CN10,128M,64,16,5,0,0,0,0,0,0,5.51,704.62,9886.7,0.0,0.0,0.0,1234.51,0.0,0.0,0.0
CN10,256M,32,1,1,0,0,0,0,0,0,2.84,727.00,11234.25,0.0,0.0,0.0,1402.3,0.0,0.0,0.0
CN10,256M,32,1,2,0,0,0,0,0,0,2.87,734.01,11146.31,0.0,0.0,0.0,1391.75,0.0,0.0,0.0
CN10,256M,32,1,3,0,0,0,0,0,0,2.84,727.74,11794.45,0.0,0.0,0.0,1472.63,0.0,0.0,0.0
CN10,256M,32,1,4,0,0,0,0,0,0,2.83,723.06,11123.71,0.0,0.0,0.0,1389.02,0.0,0.0,0.0
CN10,256M,32,1,5,0,0,0,0,0,0,2.83,724.54,11753.26,0.0,0.0,0.0,1467.52,0.0,0.0,0.0
CN10,256M,32,2,1,0,0,0,0,0,0,2.87,733.40,11798.5,0.0,0.0,0.0,1473.08,0.0,0.0,0.0
CN10,256M,32,2,2,0,0,0,0,0,0,2.82,720.60,11163.48,0.0,0.0,0.0,1393.87,0.0,0.0,0.0
CN10,256M,32,2,3,0,0,0,0,0,0,2.89,739.36,11150.87,0.0,0.0,0.0,1392.4,0.0,0.0,0.0
CN10,256M,32,2,4,0,0,0,0,0,0,2.83,723.65,11777.43,0.0,0.0,0.0,1470.21,0.0,0.0,0.0
CN10,256M,32,2,5,0,0,0,0,0,0,2.78,711.39,11168.42,0.0,0.0,0.0,1394.5,0.0,0.0,0.0
CN10,256M,32,4,1,0,0,0,0,0,0,2.77,708.15,11770.12,0.0,0.0,0.0,1469.75,0.0,0.0,0.0
CN10,256M,32,4,2,0,0,0,0,0,0,2.90,743.11,11819.08,0.0,0.0,0.0,1475.76,0.0,0.0,0.0
CN10,256M,32,4,3,0,0,0,0,0,0,2.79,713.32,11894.65,0.0,0.0,0.0,1485.1,0.0,0.0,0.0
CN10,256M,32,4,4,0,0,0,0,0,0,2.74,700.68,11187.84,0.0,0.0,0.0,1397.04,0.0,0.0,0.0
CN10,256M,32,4,5,0,0,0,0,0,0,2.84,725.89,10592.21,0.0,0.0,0.0,1322.58,0.0,0.0,0.0
CN10,256M,32,8,1,0,0,0,0,0,0,2.89,740.36,11272.08,0.0,0.0,0.0,1407.57,0.0,0.0,0.0
CN10,256M,32,8,2,0,0,0,0,0,0,2.83,723.32,11140.05,0.0,0.0,0.0,1390.58,0.0,0.0,0.0
CN10,256M,32,8,3,0,0,0,0,0,0,2.89,739.36,11234.11,0.0,0.0,0.0,1402.72,0.0,0.0,0.0
CN10,256M,32,8,4,0,0,0,0,0,0,2.81,719.10,11214.8,0.0,0.0,0.0,1400.22,0.0,0.0,0.0
CN10,256M,32,8,5,0,0,0,0,0,0,2.79,714.74,11175.71,0.0,0.0,0.0,1395.57,0.0,0.0,0.0
CN10,256M,32,16,1,0,0,0,0,0,0,3.02,772.33,11158.41,0.0,0.0,0.0,1393.26,0.0,0.0,0.0
CN10,256M,32,16,2,0,0,0,0,0,0,2.88,735.99,11866.17,0.0,0.0,0.0,1481.77,0.0,0.0,0.0
CN10,256M,32,16,3,0,0,0,0,0,0,2.84,726.53,11840.68,0.0,0.0,0.0,1478.44,0.0,0.0,0.0
CN10,256M,32,16,4,0,0,0,0,0,0,2.88,737.39,11834.42,0.0,0.0,0.0,1477.78,0.0,0.0,0.0
CN10,256M,32,16,5,0,0,0,0,0,0,2.87,734.64,11751.21,0.0,0.0,0.0,1466.91,0.0,0.0,0.0
CN10,256M,64,1,1,0,0,0,0,0,0,2.50,640.69,12624.11,0.0,0.0,0.0,1576.29,0.0,0.0,0.0
CN10,256M,64,1,2,0,0,0,0,0,0,2.50,640.03,12036.17,0.0,0.0,0.0,1502.88,0.0,0.0,0.0
CN10,256M,64,1,3,0,0,0,0,0,0,2.49,637.10,12657.53,0.0,0.0,0.0,1580.5,0.0,0.0,0.0
CN10,256M,64,1,4,0,0,0,0,0,0,2.48,634.69,12280.89,0.0,0.0,0.0,1533.45,0.0,0.0,0.0
CN10,256M,64,1,5,0,0,0,0,0,0,2.49,638.10,12283.78,0.0,0.0,0.0,1533.83,0.0,0.0,0.0
CN10,256M,64,2,1,0,0,0,0,0,0,2.61,667.13,12361.64,0.0,0.0,0.0,1543.48,0.0,0.0,0.0
CN10,256M,64,2,2,0,0,0,0,0,0,2.49,636.46,12054.29,0.0,0.0,0.0,1505.15,0.0,0.0,0.0
CN10,256M,64,2,3,0,0,0,0,0,0,2.49,637.15,12945.44,0.0,0.0,0.0,1616.21,0.0,0.0,0.0
CN10,256M,64,2,4,0,0,0,0,0,0,2.53,648.39,13030.24,0.0,0.0,0.0,1626.82,0.0,0.0,0.0
CN10,256M,64,2,5,0,0,0,0,0,0,2.52,646.18,12011.06,0.0,0.0,0.0,1499.79,0.0,0.0,0.0
CN10,256M,64,4,1,0,0,0,0,0,0,2.46,630.53,11994.27,0.0,0.0,0.0,1497.73,0.0,0.0,0.0
CN10,256M,64,4,2,0,0,0,0,0,0,2.51,642.05,11967.58,0.0,0.0,0.0,1494.15,0.0,0.0,0.0
CN10,256M,64,4,3,0,0,0,0,0,0,2.50,638.81,12379.4,0.0,0.0,0.0,1545.83,0.0,0.0,0.0
CN10,256M,64,4,4,0,0,0,0,0,0,2.53,648.06,12932.32,0.0,0.0,0.0,1614.81,0.0,0.0,0.0
CN10,256M,64,4,5,0,0,0,0,0,0,2.46,629.14,12645.53,0.0,0.0,0.0,1579.05,0.0,0.0,0.0
CN10,256M,64,8,1,0,0,0,0,0,0,2.51,642.68,12689.1,0.0,0.0,0.0,1584.22,0.0,0.0,0.0
CN10,256M,64,8,2,0,0,0,0,0,0,2.53,648.70,11791.28,0.0,0.0,0.0,1472.25,0.0,0.0,0.0
CN10,256M,64,8,3,0,0,0,0,0,0,2.49,636.04,12001.25,0.0,0.0,0.0,1498.6,0.0,0.0,0.0
CN10,256M,64,8,4,0,0,0,0,0,0,2.50,639.98,12638.6,0.0,0.0,0.0,1578.12,0.0,0.0,0.0
CN10,256M,64,8,5,0,0,0,0,0,0,2.48,635.71,12637.03,0.0,0.0,0.0,1577.91,0.0,0.0,0.0
CN10,256M,64,16,1,0,0,0,0,0,0,2.51,643.18,12630.52,0.0,0.0,0.0,1577.17,0.0,0.0,0.0
CN10,256M,64,16,2,0,0,0,0,0,0,2.51,641.18,12057.16,0.0,0.0,0.0,1505.51,0.0,0.0,0.0
CN10,256M,64,16,3,0,0,0,0,0,0,2.54,650.65,12629.34,0.0,0.0,0.0,1576.97,0.0,0.0,0.0
CN10,256M,64,16,4,0,0,0,0,0,0,2.48,633.94,12991.64,0.0,0.0,0.0,1621.98,0.0,0.0,0.0
CN10,256M,64,16,5,0,0,0,0,0,0,2.51,642.42,12587.77,0.0,0.0,0.0,1571.81,0.0,0.0,0.0
