1020-1656
CN7,4G,1,12,1,807,1074,1844,1991,1346,1552,1439.60,1516,2051.53,2082.03,2077.91,2115.1,224.26,224.64,223.72,224.17,2084.62,2085.66,2144.28,2074.57,223.34,223.58,225.0,224.77,943.05,945.45,970.27,943.12,103.25,103.18,103.23,102.95
CN7,4G,1,12,2,889,1205,1844,1926,1242,1506,1374.40,1448,1737.02,1759.31,1761.64,1768.66,192.33,192.67,192.48,192.68,1803.82,1779.57,1810.25,1774.21,193.34,192.33,193.16,192.31,1541.9,1612.1,1580.88,1595.64,167.93,169.42,168.59,169.76
CN7,4G,1,12,3,766,914,1942,2024,1378,1544,1468.80,1527,2067.06,2028.76,2096.83,2047.31,223.22,224.25,224.47,223.9,2042.96,2055.67,2089.46,2053.91,224.03,225.13,226.03,224.6,1784.61,1784.69,1797.58,1770.88,193.43,192.27,192.93,192.42
CN7,4G,1,12,4,725,938,1876,2089,1352,1548,1475.20,1550,1751.03,1762.61,1751.22,1753.96,192.69,191.23,192.41,191.9,1754.11,1768.01,1772.97,1788.07,191.43,191.3,192.44,192.55,1814.04,1766.98,1819.73,1807.59,193.62,192.78,193.88,194.06
CN7,4G,1,12,5,807,1074,1860,1991,1270,1508,1433.60,1500,1770.61,1743.18,1758.94,1785.25,191.88,192.24,191.72,193.82,1734.26,1781.01,1801.83,1785.65,191.91,192.98,191.77,191.21,1772.33,1756.27,1800.88,1818.45,191.75,190.44,192.51,191.83
CN7,4G,2,12,1,832,1020,1827,2057,1256,1450,1380.20,2883,4154.31,4152.35,4167.53,4187.72,449.73,457.42,457.77,455.64,4148.64,4199.19,4194.14,4271.26,450.13,459.3,458.71,458.67,3560.65,3529.17,3635.87,3616.27,388.58,384.99,392.15,394.37
CN7,4G,2,12,2,832,1057,1811,2024,1318,1496,1402.40,2896,4360.22,4307.56,4205.27,4135.13,460.61,462.32,459.88,450.25,3769.27,3568.6,3622.12,3648.95,397.08,391.87,392.38,392.01,3716.48,3626.85,3682.46,3569.32,396.96,392.4,391.91,385.18
CN7,4G,2,12,3,857,1037,1745,2008,1266,1416,1368.55,2827,3708.2,3601.2,3552.81,3650.26,396.53,392.22,387.1,394.11,3669.28,3640.03,3640.85,3667.53,393.99,394.46,391.8,394.18,3172.56,3142.38,3241.16,3217.79,343.05,337.24,344.21,344.46
CN7,4G,2,12,4,848,1012,1762,2089,1248,1388,1353.20,2868,4286.74,4173.91,4272.29,4249.15,461.35,457.24,459.82,456.59,4292.83,4179.71,4253.66,4313.79,458.1,454.98,456.67,460.22,3641.65,3673.09,3591.73,3628.68,391.69,391.43,389.94,390.11
CN7,4G,2,12,5,881,1074,1795,2376,1184,1452,1357.82,2780,4196.41,4206.92,4190.8,4135.66,452.44,461.57,459.21,450.31,4293.84,4232.56,4288.67,4270.63,460.52,459.08,457.96,459.56,3613.86,3622.91,3514.57,3560.29,391.25,391.37,383.42,383.25
CN7,4G,4,12,1,1045,1401,1926,2573,1182,1320,1263.21,5148,6463.65,6412.37,6500.12,6454.43,783.93,782.02,783.78,782.51,5630.51,5639.05,5692.76,5707.23,678.27,684.28,685.57,685.57,5671.58,5662.65,5696.81,5676.56,684.71,684.36,686.13,685.24
CN7,4G,4,12,2,1029,1336,1844,2442,1220,1356,1281.00,5309,6553.09,6511.52,6523.99,6549.02,783.78,783.64,784.07,783.27,5733.78,5713.93,5682.9,5725.24,685.64,685.08,682.79,685.25,5684.59,5703.16,5688.07,5652.82,684.62,685.24,684.83,682.77
CN7,4G,4,12,3,1037,1336,1844,2311,1138,1330,1272.42,5201,7597.63,7596.29,7580.17,7608.03,914.05,912.74,913.85,914.08,6535.47,6541.37,6568.18,6526.58,783.7,783.7,784.6,783.3,6463.12,6512.34,6464.66,6452.95,782.54,783.25,782.81,781.56
CN7,4G,4,12,4,963,1188,1762,2573,1240,1428,1315.83,5471,6758.84,6744.69,6727.59,6901.19,784.4,784.62,784.49,785.86,5885.43,5774.59,5973.92,5996.39,685.43,685.28,686.51,684.66,5792.49,5839.44,5778.47,5796.1,680.86,684.68,686.13,680.83
CN7,4G,4,12,5,1020,1270,1745,2311,1182,1376,1286.17,5299,6637.89,6578.39,6627.29,6583.92,785.37,782.46,782.68,782.16,5754.69,5791.22,5794.94,5853.28,680.78,686.1,685.73,687.54,5796.88,5750.2,5731.23,5749.11,687.29,686.07,685.4,685.25
CN7,4G,8,12,1,1188,26870,32900,33817,336,1338,778.40,6257,8643.37,8689.64,8159.12,8877.23,1028.36,1029.58,966.41,1030.94,8326.28,8514.55,8601.87,8146.52,996.49,997.2,1027.12,963.56,7320.84,7569.22,7364.83,7628.0,885.2,913.74,886.21,913.9
CN7,4G,8,12,2,1172,25822,27132,27395,422,1317,801.95,6522,8705.04,8667.7,8465.52,8636.89,1035.6,1037.68,1010.06,1028.97,8835.43,8945.68,9238.87,9162.95,1062.03,1067.24,1104.29,1091.12,9104.81,9048.32,9066.46,9360.91,1101.59,1092.24,1101.11,1119.58
CN7,4G,8,12,3,1090,25560,26870,27657,398,1346,783.62,6342,8394.19,8662.21,8412.02,8499.7,1003.36,1026.02,1004.71,1010.3,9180.0,9274.63,9283.6,9272.98,1096.04,1097.25,1099.24,1099.32,9099.25,9112.22,9201.76,8802.22,1095.82,1096.24,1098.05,1057.02
CN7,4G,8,12,4,1057,25560,26608,27132,434,1328,795.31,6463,8884.3,8849.97,8679.33,8972.91,1059.33,1065.36,1035.12,1064.06,8666.26,8751.51,8393.57,8673.84,1038.29,1045.09,1003.01,1032.69,9090.77,9028.03,9151.95,9034.36,1095.88,1089.55,1108.55,1089.63
CN7,4G,8,12,5,1156,20579,25822,26346,488,1310,861.72,6979,8887.99,8888.77,8950.68,8664.04,1069.21,1074.02,1076.62,1049.98,8690.87,8820.39,8801.26,8775.64,1051.16,1067.84,1063.21,1059.21,9236.64,9012.97,9146.3,9121.29,1123.52,1096.17,1109.69,1105.04
CN7,4G,16,12,1,17695,31327,53216,74974,192,1158,341.88,5596,9855.93,9667.88,10008.85,9810.44,1196.79,1176.71,1215.33,1192.23,9630.46,9487.79,9784.93,9307.34,1171.13,1152.6,1189.66,1134.99,9740.27,9438.91,9598.56,9325.54,1187.64,1150.83,1169.71,1133.32
CN7,4G,16,12,2,17433,32900,50070,65799,216,1112,350.62,5833,9897.81,9904.91,10017.87,10051.21,1199.11,1204.55,1214.48,1218.21,9973.28,9889.44,10115.01,10175.64,1215.38,1201.56,1235.29,1237.99,9959.21,10270.74,10011.14,9996.44,1215.63,1253.55,1216.36,1216.81
CN7,4G,16,12,3,17433,35390,63177,84411,204,1194,339.54,5494,9835.34,9833.64,9791.72,9850.99,1183.28,1187.63,1182.24,1192.72,10032.92,10119.81,9880.53,10019.32,1217.34,1216.7,1197.94,1218.01,9823.67,10165.97,9867.75,9836.98,1195.31,1233.56,1195.88,1195.31
CN7,4G,16,12,4,19530,37487,60556,91751,204,1126,341.59,5565,9208.41,9379.7,9251.41,9337.08,1113.84,1130.88,1128.31,1131.63,9726.29,9515.11,9607.8,9432.04,1187.51,1151.81,1170.05,1149.22,9412.1,9879.28,9132.96,9584.72,1151.55,1205.69,1115.31,1169.89
CN7,4G,16,12,5,17957,31851,51119,69731,216,1152,339.31,5425,10161.01,9860.21,10006.62,10051.35,1236.55,1197.16,1216.67,1216.26,9440.69,9534.0,9613.68,9769.2,1152.11,1152.22,1170.02,1188.31,9289.32,9431.45,9305.06,9338.87,1134.78,1151.62,1134.22,1134.41
CN7,8G,1,12,1,701,881,1745,1991,1420,1556,1508.90,1583,2849.02,2776.68,2919.6,2865.85,302.9,303.2,307.56,303.78,2789.3,2853.44,2863.3,2817.6,302.91,302.15,303.85,302.41,2533.32,2601.18,2603.8,2530.4,273.48,274.69,274.44,272.51
CN7,8G,1,12,2,709,816,1745,2057,1370,1556,1492.80,1570,2606.62,2512.02,2606.05,2577.07,276.72,274.64,277.63,274.44,2568.08,2663.0,2576.58,2589.15,276.21,275.86,276.95,276.78,2655.92,2595.78,2553.6,2575.71,278.34,277.69,276.16,275.71
CN7,8G,1,12,3,791,1020,1827,1926,1296,1562,1449.27,1521,2604.13,2586.22,2599.95,2627.17,277.98,275.93,276.42,277.32,2561.38,2651.21,2688.38,2553.95,275.91,277.94,278.05,276.79,2550.03,2576.79,2604.51,2592.71,275.26,277.5,278.44,277.94
CN7,8G,1,12,4,799,1074,1500,3425,1320,1516,1458.18,1527,2859.92,2929.92,2890.95,2874.09,307.0,309.09,308.52,307.95,2793.55,2894.16,2924.49,2824.46,300.84,308.88,307.73,306.44,2881.69,2858.72,2821.82,2918.06,307.55,306.54,305.24,308.12
CN7,8G,1,12,5,766,873,1631,1991,1248,1538,1468.55,1540,2611.34,2539.54,2585.66,2568.59,278.13,272.01,277.71,276.82,2569.49,2563.82,2599.89,2590.77,275.78,275.83,278.97,276.78,2555.14,2563.2,2637.92,2677.43,275.76,276.76,278.76,278.55
CN7,8G,2,12,1,832,971,1729,2024,1300,1496,1394.18,2905,5793.71,5783.71,5650.74,5992.1,616.7,617.61,613.0,615.53,5236.5,5218.92,5109.6,5245.07,556.72,553.21,554.92,554.38,5176.24,5173.71,5265.43,5351.63,551.9,554.12,558.74,559.77
CN7,8G,2,12,2,848,1004,1598,1958,1268,1456,1368.39,2848,5130.1,5168.86,5172.67,5388.53,551.09,553.88,554.46,552.46,5282.01,5226.64,5196.31,5215.58,554.73,553.88,552.21,553.9,4687.78,4733.65,4684.67,4784.58,502.12,502.44,504.18,505.9
CN7,8G,2,12,3,832,938,1663,1991,1264,1460,1365.39,2838,5213.66,5151.66,5210.89,5286.31,555.39,552.51,551.95,554.25,5208.66,5183.09,5124.7,5174.15,554.16,552.71,550.97,553.55,4636.15,4713.75,4745.5,4853.41,502.88,503.66,504.24,504.43
CN7,8G,2,12,4,840,996,1663,2057,1296,1494,1394.27,2917,5831.86,5713.31,5763.78,5702.14,619.3,613.73,615.26,613.49,5697.59,5748.4,5622.59,5789.12,615.61,612.66,614.29,615.96,5103.18,5276.94,5295.36,5206.77,552.31,556.36,559.31,553.43
CN7,8G,2,12,5,832,1004,1713,2409,1224,1456,1384.36,2894,5152.49,5163.09,5278.71,5395.64,552.41,553.06,556.11,552.38,5151.64,5275.37,5150.64,5192.62,552.03,557.02,556.97,553.29,4676.72,4698.78,4719.7,4751.62,504.32,504.01,504.28,502.56
CN7,8G,4,12,1,1020,1237,1745,2180,1184,1334,1266.92,5252,9001.4,9000.8,8764.23,8683.05,1075.27,1076.1,1054.55,1032.58,9116.16,8689.88,9114.26,9655.43,1098.39,1031.14,1098.65,1165.85,8203.46,8281.97,8209.71,8268.99,997.82,1000.44,998.36,999.42
CN7,8G,4,12,2,1029,1319,1860,2278,1234,1367,1293.25,5389,8308.69,8401.87,8349.44,8455.89,994.16,1001.08,999.22,998.21,8242.26,8351.06,8318.61,8343.65,995.72,999.32,999.07,999.58,8170.43,8198.68,8205.54,8278.4,996.2,994.53,992.01,997.1
CN7,8G,4,12,3,1012,1287,1745,2245,1162,1348,1276.71,5211,8352.95,8422.4,8373.52,8505.26,994.34,1000.83,999.43,1000.73,8407.63,8408.38,8504.0,8427.79,1000.94,998.21,1003.66,1000.25,8182.86,8300.34,8242.25,8229.41,996.0,997.85,998.01,996.61
CN7,8G,4,12,4,1045,1319,1860,2343,1202,1336,1269.14,5271,8235.06,8262.24,8229.44,8311.47,997.0,999.02,997.64,998.49,8302.29,8270.49,8344.02,8382.08,999.77,999.53,999.84,999.83,8141.59,8176.59,8240.49,8219.31,995.46,996.09,998.6,998.1
CN7,8G,4,12,5,1012,1270,1745,2114,1218,1372,1298.81,5397,8653.8,8718.96,8525.65,8741.66,1032.27,1041.12,1025.84,1033.99,9277.79,9147.53,9350.31,9384.54,1111.17,1096.02,1100.56,1092.85,8179.8,7818.86,8251.79,8371.97,997.43,936.86,998.39,1000.48
CN7,8G,8,12,1,6456,21890,32375,47973,374,1350,576.98,4814,9215.41,9300.95,9231.65,9624.42,1099.29,1100.28,1099.05,1121.09,8810.35,8938.55,8895.85,8943.35,1046.77,1046.99,1048.9,1049.0,8582.1,8705.23,8695.67,8280.61,1044.45,1044.05,1046.08,1010.56
CN7,8G,8,12,2,5276,20841,30802,41157,408,1332,617.80,5125,9510.07,9605.4,9485.84,9656.06,1143.9,1153.93,1139.08,1155.63,9357.7,9354.4,9543.44,9633.06,1126.35,1127.51,1142.06,1153.88,9775.49,10004.38,10098.8,9799.74,1198.59,1218.06,1219.45,1198.16
CN7,8G,8,12,3,1516,25035,27395,68682,372,1304,675.09,5602,9144.24,9439.27,9477.44,9421.49,1117.55,1153.32,1155.22,1153.51,9456.65,9455.88,9409.34,9525.69,1154.48,1154.31,1153.49,1155.67,9421.9,9427.82,9439.02,9699.13,1153.37,1153.05,1154.23,1189.77
CN7,8G,8,12,4,5342,18482,31065,43254,404,1362,656.80,5354,9995.17,10142.52,9833.74,9785.3,1208.43,1220.2,1194.88,1191.83,10252.76,9910.55,9934.65,9899.95,1220.17,1185.46,1192.0,1183.27,9843.89,9989.61,9947.02,9772.18,1209.22,1217.77,1218.17,1199.1
CN7,8G,8,12,5,5145,21103,35914,56886,408,1336,640.32,5313,10052.21,10123.82,10112.09,9810.18,1211.43,1225.23,1225.34,1195.13,9478.62,9510.05,9537.5,9554.27,1149.37,1150.13,1150.32,1156.56,9954.3,9955.82,9970.11,9904.7,1217.17,1217.31,1217.23,1216.48
CN7,8G,16,12,1,20579,37487,64750,102237,206,1190,290.99,4861,10398.85,10231.24,9885.15,9916.41,1270.68,1251.62,1211.03,1210.72,10236.5,10098.37,10407.14,10544.45,1252.3,1233.06,1272.43,1291.12,10067.11,10082.52,9919.98,9754.55,1235.38,1234.67,1216.65,1197.82
CN7,8G,16,12,2,20579,36963,56886,76022,194,1192,291.81,4856,10564.46,10373.93,10690.11,10056.76,1290.16,1269.45,1309.25,1228.9,10227.68,10063.72,10063.99,10229.26,1251.16,1232.36,1232.38,1252.32,10353.53,10385.54,10666.78,10206.49,1270.79,1272.47,1309.51,1252.17
CN7,8G,16,12,3,21627,40633,64750,91751,198,1122,283.73,4740,10409.57,9990.16,10220.82,10069.26,1272.48,1216.34,1252.7,1233.23,10378.86,10347.56,10323.83,10492.32,1253.97,1253.94,1253.53,1272.73,10351.27,10209.12,10348.31,10032.75,1269.49,1250.35,1269.33,1229.96
CN7,8G,16,12,4,21365,40633,65274,90702,189,1164,280.88,4689,10148.02,9989.97,10102.5,9951.87,1237.31,1217.96,1236.02,1216.24,9949.07,10088.82,9799.88,9939.93,1217.47,1236.44,1199.4,1217.61,9760.79,9945.03,9771.1,9931.97,1196.34,1217.02,1197.48,1216.69
CN7,8G,16,12,5,20841,39060,57934,77071,198,1132,288.07,4795,10296.39,10144.63,10252.08,10403.31,1253.19,1234.2,1252.75,1272.14,10089.16,10397.89,10259.22,10059.16,1233.25,1272.63,1252.74,1231.46,10074.89,10100.99,9769.35,9901.54,1235.58,1236.25,1197.71,1216.45
CN7,16G,1,12,1,709,816,1156,1975,1380,1556,1503.43,1574,4330.21,3428.21,3413.23,3413.04,460.93,367.7,369.56,366.87,2522.61,3450.71,3477.16,3459.98,274.49,369.48,367.66,369.07,3243.45,3263.49,3293.94,3155.81,345.57,346.89,345.82,345.83
CN7,16G,1,12,2,758,889,1336,2008,1326,1562,1462.68,1535,3251.33,3227.39,3173.03,3267.73,343.74,341.19,343.76,346.27,3207.36,3248.76,3202.99,3247.48,343.9,344.51,342.97,343.29,3056.31,3064.35,3047.95,2989.12,325.53,323.8,323.36,322.94
CN7,16G,1,12,3,725,947,1418,1811,1300,1572,1499.05,1573,3464.56,3482.09,3485.31,3463.99,369.32,370.15,369.83,369.7,3409.26,3500.95,3412.33,3441.58,368.62,370.24,368.89,368.42,3376.76,3355.54,3475.61,3411.61,367.13,367.83,371.25,369.68
CN7,16G,1,12,4,725,914,1369,1860,1334,1564,1488.18,1561,3234.45,3226.32,3242.34,3223.09,345.53,344.69,345.11,344.36,3180.38,3283.52,3225.88,3184.87,345.9,347.83,346.67,344.8,3189.34,3181.88,3221.71,3228.46,343.21,345.92,345.33,346.46
CN7,16G,1,12,5,775,979,1401,1942,1248,1574,1442.23,1514,3213.29,3215.22,3180.18,3294.82,347.91,347.06,343.44,347.48,3200.45,3284.46,3185.95,3180.81,345.73,346.68,344.38,344.9,3192.1,3217.33,3217.53,3239.59,346.57,345.01,345.67,346.47
CN7,16G,2,12,1,799,898,1270,1991,1222,1468,1398.65,2933,6547.24,6469.29,6437.62,6486.89,695.22,692.63,692.16,692.43,6466.18,6564.15,6479.01,6482.11,692.68,693.83,692.69,692.94,6474.5,6516.82,6521.13,6498.3,694.02,693.21,691.68,695.09
CN7,16G,2,12,2,832,963,1270,2008,1228,1488,1389.65,2865,6482.46,6500.59,6461.01,6558.43,692.71,690.86,693.05,693.81,6487.97,6514.92,6585.1,6502.21,693.57,694.85,698.89,692.91,6076.64,6079.74,6156.46,6000.87,651.49,651.71,651.54,649.31
CN7,16G,2,12,3,807,922,1221,1778,1314,1462,1401.09,2934,6488.41,6428.69,6505.62,6485.97,691.88,692.07,694.08,690.03,6042.87,6144.35,6208.87,6135.27,653.35,651.55,654.47,653.19,6047.77,6051.99,6207.41,6149.76,652.86,652.22,653.23,651.78
CN7,16G,2,12,4,824,947,1237,2147,1212,1482,1387.02,2881,6454.91,6479.4,6497.04,6495.12,692.18,696.55,691.94,696.01,6068.11,6168.72,6084.47,6105.22,652.7,655.9,650.55,653.12,6115.38,6203.24,6149.01,6023.72,653.37,654.33,655.77,653.54
CN7,16G,2,12,5,832,955,1188,1926,1230,1422,1374.15,2863,6538.86,6525.04,6658.37,6484.82,694.67,694.58,693.88,691.94,6517.45,6513.22,6469.64,6534.06,694.98,694.77,691.29,696.56,6106.55,6103.31,6160.33,6098.35,650.56,653.72,657.4,651.68
CN7,16G,4,12,1,1270,1844,2540,4555,716,1378,1186.33,4953,10026.61,9164.8,9396.84,10015.87,1226.28,1086.86,1152.82,1225.92,8940.45,9537.5,9992.59,9401.61,1079.73,1154.18,1223.85,1150.55,8830.39,9403.92,9383.92,9404.92,1081.06,1151.36,1152.4,1153.08
CN7,16G,4,12,2,1287,1844,2540,4490,760,1341,1184.58,4955,9610.34,9815.08,9850.66,9784.66,1169.69,1191.75,1193.33,1194.16,9614.83,9828.9,9672.63,9756.09,1155.48,1159.33,1157.24,1157.57,9372.38,9455.9,9423.39,9378.46,1152.48,1153.82,1154.21,1151.96
CN7,16G,4,12,3,1303,1893,2573,3851,670,1368,1174.48,4724,9848.19,9975.82,10116.19,9914.51,1209.17,1217.98,1219.26,1212.46,9449.1,9493.47,9447.91,9495.95,1154.37,1154.23,1152.96,1154.21,9413.9,9434.25,9460.8,9390.95,1152.81,1154.28,1153.71,1153.44
CN7,16G,4,12,4,1303,1958,2868,4015,584,1332,1165.08,4827,9521.8,9485.89,9460.57,9466.07,1152.6,1154.63,1153.21,1153.24,9500.54,9456.63,9436.84,9502.97,1155.55,1153.51,1153.64,1155.15,8901.46,9011.94,8903.5,8917.61,1094.58,1096.22,1092.66,1095.16
CN7,16G,4,12,5,1287,1844,2540,4228,794,1348,1184.64,4881,9376.84,8859.09,9426.22,9361.85,1150.19,1079.71,1151.54,1150.42,9524.05,9574.44,9404.64,9423.2,1155.22,1157.57,1152.1,1153.14,9942.76,8846.95,9376.04,9951.95,1222.91,1079.63,1151.93,1223.49
CN7,16G,8,12,1,8717,20317,34341,52167,360,1324,553.58,4613,10244.53,10150.7,10196.43,10244.09,1253.38,1242.64,1245.01,1246.05,10515.53,10618.55,10513.88,10597.64,1289.37,1291.69,1289.81,1289.96,10442.87,10512.33,10486.07,10486.98,1286.28,1287.25,1287.97,1287.34
CN7,16G,8,12,2,8717,19792,30802,44303,372,1322,564.80,4717,10330.75,10475.87,10495.78,10431.36,1262.66,1280.43,1276.41,1268.52,10374.25,10491.02,10495.19,10459.43,1268.53,1277.83,1277.92,1272.81,10514.65,10622.86,10589.74,10498.69,1291.49,1303.1,1297.88,1289.49
CN7,16G,8,12,3,8586,19268,31065,40633,384,1331,557.77,4654,9458.45,9497.42,9816.34,9461.77,1153.79,1153.09,1190.74,1153.04,9470.57,9377.38,9483.74,9452.46,1153.66,1121.46,1153.42,1153.2,9180.37,8937.54,9451.12,9169.04,1123.96,1089.59,1158.24,1123.77
CN7,16G,8,12,4,7701,18220,34341,56361,378,1364,583.18,4852,10015.22,9969.38,10273.6,9992.55,1218.97,1219.09,1255.0,1217.06,9251.24,9970.4,9245.91,10006.03,1111.93,1220.55,1113.28,1221.76,9633.81,9722.77,9953.01,9648.9,1183.21,1185.4,1220.21,1183.41
CN7,16G,8,12,5,7504,18744,35914,63177,386,1334,589.33,4923,10794.17,10681.68,10791.38,10698.49,1321.9,1309.08,1323.01,1311.61,10788.87,10759.26,10805.3,10820.8,1323.83,1323.11,1321.65,1329.21,10737.62,10769.99,10870.9,10719.53,1320.07,1324.16,1334.72,1319.39
CN7,16G,16,12,1,21103,37487,60031,90702,192,1134,277.81,4650,10836.93,10647.18,10799.38,10804.1,1327.15,1306.26,1326.18,1326.28,10484.42,10830.66,10975.15,10838.55,1286.24,1328.0,1348.6,1328.4,10794.68,10659.95,10831.11,10616.7,1326.74,1307.17,1328.09,1305.97
CN7,16G,16,12,2,21890,40109,66847,94897,174,1124,276.34,4631,11026.98,11049.78,11030.22,11071.47,1355.18,1357.64,1354.72,1359.55,11238.18,11196.46,11232.79,11197.35,1379.73,1373.94,1379.04,1374.39,11132.5,11164.28,11148.13,11123.59,1368.39,1368.99,1368.8,1368.05
CN7,16G,16,12,3,22938,41681,66323,91751,184,1136,260.09,4349,10263.8,10235.27,10419.87,10224.67,1252.34,1251.71,1271.53,1251.76,10374.22,9767.79,10237.01,10086.49,1272.61,1195.93,1253.33,1234.26,9742.55,10182.74,10137.03,10047.69,1195.29,1236.05,1235.44,1234.2
CN7,16G,16,12,4,22152,39584,66323,91751,180,1170,265.28,4440,10203.04,10568.82,10524.74,10552.4,1249.72,1289.57,1288.79,1289.0,10505.87,10536.97,10500.52,10496.63,1288.08,1288.85,1287.76,1288.31,10500.53,10540.99,10370.17,10348.77,1288.87,1289.96,1269.86,1269.36
CN7,16G,16,12,5,22938,41157,66847,112722,192,1162,267.19,4470,10853.61,10513.61,10866.32,10523.17,1328.46,1288.13,1329.06,1288.21,10687.24,10680.51,10355.87,10680.63,1309.2,1308.72,1268.9,1308.56,10652.84,10206.15,10663.72,10153.93,1308.14,1248.88,1308.12,1247.39
CN7,32G,1,12,1,709,791,1156,1876,1326,1580,1512.74,1586,3756.49,3693.03,3761.78,3792.27,396.27,395.22,395.17,396.91,3710.27,3774.43,3723.95,3741.73,395.92,396.74,395.78,395.04,3658.82,3729.92,3736.75,3743.85,394.98,395.37,396.45,395.69
CN7,32G,1,12,2,766,906,1352,1876,1276,1550,1455.07,1526,2918.39,3915.82,3886.28,3809.33,307.98,411.03,409.07,409.52,3901.66,3855.34,3855.0,3870.95,411.02,409.28,410.91,410.49,3831.19,3850.77,3965.38,4904.26,409.07,409.36,413.43,512.73
CN7,32G,1,12,3,750,816,1156,1926,1282,1536,1463.64,1536,3887.98,3866.64,3967.14,3920.96,410.91,411.09,411.87,410.57,3865.11,3881.5,3875.97,3868.85,411.0,410.22,410.38,409.7,3800.05,3843.75,3835.87,3901.2,410.5,411.34,410.7,409.43
CN7,32G,1,12,4,750,807,1074,1893,1348,1536,1463.32,1536,3751.06,3715.45,3807.9,3747.08,396.68,395.77,395.89,397.14,3727.58,3721.16,3749.4,3651.16,395.86,395.67,395.76,394.89,3712.62,3702.24,3778.82,3754.0,396.24,395.79,397.84,395.72
CN7,32G,1,12,5,750,865,1319,1893,1342,1562,1482.98,1555,2910.19,3839.29,3911.35,3876.68,307.35,409.6,411.23,409.13,3799.54,3893.74,3915.95,3919.9,409.07,409.98,411.0,409.78,3823.96,3816.58,3832.11,4856.25,409.89,410.14,409.12,514.08
CN7,32G,2,12,1,1139,1958,2671,2835,494,1500,1312.03,2709,6993.66,7034.46,7138.25,6942.43,739.18,740.67,744.8,739.07,7046.08,6948.05,7005.92,7110.96,741.42,740.1,740.85,742.23,6937.41,6999.04,7054.55,6989.12,742.47,741.96,743.81,740.19
CN7,32G,2,12,2,1106,1647,1909,2040,680,1486,1327.00,2775,6996.86,7057.19,7108.28,7071.34,741.32,742.6,745.23,741.62,6773.78,6847.99,6796.82,6829.26,716.23,718.04,716.81,720.34,6729.96,6777.36,6760.44,6715.86,714.92,716.83,718.31,717.59
CN7,32G,2,12,3,1156,1762,2245,2507,648,1528,1306.34,2733,6537.94,6635.85,6572.17,6565.33,694.41,692.8,694.92,696.06,6546.71,6554.24,6585.38,6497.52,692.99,692.46,693.34,692.5,6334.4,6344.87,6350.37,6288.67,673.81,673.76,672.82,671.18
CN7,32G,2,12,4,1205,1729,2057,2212,604,1494,1303.11,2704,6786.21,6783.44,6763.87,6770.36,716.71,715.81,718.95,715.98,6742.2,6921.82,6787.3,6821.49,714.25,717.32,717.16,716.22,6489.16,6595.19,6561.58,6557.77,693.04,695.91,693.72,693.51
CN7,32G,2,12,5,1106,1811,2180,2343,598,1488,1315.73,2707,7088.67,7028.5,7064.48,6954.95,740.27,742.14,741.22,738.66,6803.24,6870.26,6775.7,6724.57,718.24,717.0,715.98,714.61,6785.74,6856.83,6742.48,6761.97,715.72,721.22,717.58,717.96
CN7,32G,4,12,1,1434,1975,2900,5407,710,1378,1108.07,4586,9994.82,10013.65,10068.46,10170.78,1217.27,1217.76,1219.52,1221.19,10146.66,10682.64,10153.9,10112.56,1220.22,1295.23,1219.26,1219.16,9921.7,9907.63,9924.58,9319.56,1216.27,1215.64,1215.24,1139.77
CN7,32G,4,12,2,1434,2040,2966,5014,646,1344,1117.18,4620,10527.34,9566.75,9613.79,9988.4,1292.03,1145.16,1145.17,1216.78,9648.25,9811.08,9683.86,10232.94,1184.63,1187.19,1183.67,1257.31,9616.56,9627.69,9627.0,9630.4,1182.46,1183.29,1182.64,1182.71
CN7,32G,4,12,3,1450,2008,3032,5407,716,1338,1110.41,4594,10045.79,9882.83,10507.27,9929.68,1217.65,1213.77,1290.5,1214.96,9706.04,9854.59,9972.46,10557.78,1146.2,1148.85,1217.34,1293.4,9869.28,9936.93,9897.98,9898.28,1213.95,1216.41,1215.04,1215.08
CN7,32G,4,12,4,1352,1876,3064,5669,674,1354,1114.81,4554,10275.27,10312.83,10246.0,10324.55,1252.33,1253.18,1251.65,1253.08,10263.15,10335.59,10348.99,10309.42,1249.95,1252.81,1253.28,1252.09,10157.88,10169.77,10242.16,10172.09,1250.31,1248.72,1251.62,1250.93
CN7,32G,4,12,5,1500,2147,3261,5932,656,1362,1101.96,4544,9414.56,10053.77,9902.94,9962.07,1141.64,1217.24,1215.01,1217.15,9950.9,10540.21,9989.17,9942.06,1215.76,1291.6,1218.17,1216.6,10201.34,9636.15,9707.51,9022.8,1256.68,1182.7,1185.1,1108.32
CN7,32G,8,12,1,8356,19792,40633,66847,360,1323,551.72,4616,10506.43,10494.66,10510.42,10511.09,1288.73,1287.82,1288.79,1288.47,10352.43,10382.14,10378.64,10350.5,1269.68,1270.57,1270.94,1269.7,9991.62,10002.98,10671.95,10657.87,1228.44,1229.64,1309.17,1308.81
CN7,32G,8,12,2,9765,21627,38536,58459,358,1364,518.95,4332,10744.88,10733.93,10740.28,10779.99,1309.65,1308.68,1309.59,1309.64,10540.71,10462.51,10494.87,10483.54,1281.04,1277.19,1279.05,1277.81,10625.69,10648.38,10650.57,10630.23,1307.0,1307.68,1307.56,1307.59
CN7,32G,8,12,3,8356,19006,35914,57410,408,1314,561.45,4669,11204.63,11215.35,11248.24,11198.77,1374.11,1377.05,1378.46,1374.37,11216.7,11224.11,11188.2,11185.93,1376.98,1378.36,1375.73,1374.05,11284.02,11322.15,11310.58,11287.15,1388.99,1390.09,1389.6,1388.95
CN7,32G,8,12,4,9634,21365,41157,76022,336,1316,525.10,4379,10847.49,10800.61,10810.04,10833.01,1328.96,1327.81,1327.98,1328.67,10851.17,10850.99,10837.42,10813.83,1327.45,1327.71,1327.62,1326.4,10549.29,10611.36,10602.98,10542.61,1298.52,1304.83,1303.64,1298.11
CN7,32G,8,12,5,9765,21365,36963,68682,334,1320,517.13,4326,9875.8,9907.12,9878.31,9963.74,1202.84,1203.48,1203.08,1204.2,9880.98,9846.46,9867.27,9869.54,1201.94,1200.58,1201.33,1201.11,9648.44,9694.86,9735.42,9623.32,1183.42,1185.34,1185.94,1183.16
CN7,32G,16,12,1,23725,43779,73925,128451,162,1160,258.31,4325,10461.99,10695.03,10307.52,10487.03,1278.57,1300.91,1259.22,1279.82,10719.94,10714.22,10434.86,10702.81,1309.53,1309.38,1270.33,1309.41,10503.38,10688.79,10376.17,10835.55,1287.65,1308.66,1268.61,1328.08
CN7,32G,16,12,2,23725,42206,70779,102237,156,1154,258.11,4330,10960.36,10976.38,10970.77,10947.87,1342.44,1344.15,1343.33,1340.7,10909.57,10943.01,10943.16,10921.54,1336.3,1338.8,1337.63,1336.54,10906.71,10928.25,10930.63,10912.96,1337.47,1338.23,1338.43,1337.65
CN7,32G,16,12,3,22676,41157,69731,103285,188,1162,265.98,4458,10748.22,10422.19,10270.23,10440.64,1310.8,1270.79,1251.45,1271.24,10387.17,10589.24,10108.26,10239.32,1269.84,1290.17,1231.25,1250.12,10464.47,10477.61,10157.46,10316.05,1279.97,1280.72,1241.27,1260.43
CN7,32G,16,12,4,23200,41157,71828,107480,144,1150,262.63,4402,10417.18,10924.38,10762.12,10917.74,1276.22,1337.69,1317.21,1337.37,10932.38,10615.47,10788.93,10766.62,1338.55,1297.42,1317.81,1317.8,10664.52,10670.98,10703.36,10668.19,1307.27,1307.9,1308.44,1307.69
CN7,32G,16,12,5,22152,39060,67634,100140,174,1122,270.64,4532,10847.17,11029.74,10863.13,10861.85,1328.31,1349.4,1328.48,1328.7,10456.42,10804.16,10802.47,10969.62,1278.11,1318.9,1318.96,1339.38,10595.65,10930.39,10623.42,10906.91,1296.68,1338.26,1297.94,1337.66
