
CN7,64MB,16,1,1,2573,4948,10683,13173,10.4
CN7,64MB,16,1,2,1582,2180,9896,15008,11.4
CN7,64MB,16,1,3,1319,1532,2638,2999,9100
CN7,64MB,16,1,4,1565,2933,10552,20841,10.7
CN7,64MB,16,1,5,1975,3621,10159,13304,11.4
CN7,64MB,16,1,6,2573,7111,14353,15139,9256
CN7,64MB,16,1,7,1958,14091,15533,16450,9177
CN7,64MB,16,1,8,1680,5735,20841,25035,9673
CN7,64MB,16,1,9,2057,4113,8848,11600,9100
CN7,64MB,16,1,10,2073,4555,13829,13960,11.8
CN7,64MB,16,1,11,1778,3228,10421,12256,11.7
CN7,64MB,16,1,12,1991,5080,14615,15664,9942
CN7,64MB,16,1,13,2704,5211,8356,10421,9851
CN7,64MB,16,1,14,1500,2868,5604,5669,12.5
CN7,64MB,16,1,15,1450,2180,10421,11338,12.8
CN7,64MB,16,1,16,1631,4080,8848,14222,11.4
CN7,64MB,16,1,17,2278,5276,13829,14091,9419
CN7,64MB,16,1,18,1909,4015,7701,11994,9587
CN7,64MB,16,1,19,1713,2966,9765,9896,12.3
CN7,64MB,16,1,20,2008,3130,8848,10683,11.4
CN7,64MB,16,1,21,1991,4113,20317,24249,10.1
CN7,64MB,16,1,22,2089,7898,14091,14222,9942
CN7,64MB,16,1,23,2573,4080,14353,20579,10.3
CN7,64MB,16,1,24,1909,3359,7373,8225,11.4
CN7,64MB,16,1,25,1827,3130,4228,9503,11.5
CN7,64MB,16,1,26,1844,2835,14877,26870,10.6
CN7,64MB,16,1,27,1549,4113,10159,14353,12.6
CN7,64MB,16,1,28,1450,2376,8717,9503,12.2
CN7,64MB,16,1,29,1909,2442,11863,14484,10.8
CN7,64MB,16,1,30,1860,2769,3785,8291,10.0
CN7,64MB,16,1,31,2089,11863,14222,14222,9502
CN7,64MB,16,1,32,1696,4555,8160,10421,11.4
CN7,64MB,16,1,33,2040,2540,11076,14877,10.4
CN7,64MB,16,1,34,1696,4359,18220,23725,9942
CN7,64MB,16,1,35,1778,4146,6521,7963,10.5
CN7,64MB,16,1,36,1762,2638,8160,11338,10.4
CN7,64MB,16,1,37,1860,5145,19268,22938,9502
CN7,64MB,16,1,38,1467,2507,14222,16581,12.2
CN7,64MB,16,1,39,1680,2212,8455,14222,12.5
CN7,64MB,16,1,40,1713,2409,12780,14091,12.5
CN7,64MB,16,1,41,1483,1942,4883,8225,11.9
CN7,64MB,16,1,42,1729,3064,20317,24773,10.7
CN7,64MB,16,1,43,1647,3261,16909,27132,10.2
CN7,64MB,16,1,44,1909,2868,8225,10945,11.7
CN7,64MB,16,1,45,2008,3163,5407,8291,10.6
CN7,64MB,16,1,46,1614,7898,15139,15270,10.3
CN7,64MB,16,1,47,1893,5014,14353,14353,10.7
CN7,64MB,16,1,48,1418,1975,2343,8029,12.8
CN7,64MB,16,1,49,1549,2966,10683,13304,11.2
CN7,64MB,16,1,50,1876,2114,11863,13566,11.2
CN7,64MB,16,1,51,2040,3589,8979,16319,11.1
CN7,64MB,16,1,52,1827,2638,5866,13566,11.5
CN7,64MB,16,1,53,1909,3425,14222,14222,11.4
CN7,64MB,16,1,54,1663,3359,5211,9896,10.0
CN7,64MB,16,1,55,1860,3720,13698,14222,12.2
CN7,64MB,16,1,56,1975,3720,8455,12125,11.2
CN7,64MB,16,1,57,1975,4228,8848,9110,10.4
CN7,64MB,16,1,58,2442,4490,8029,9110,10.3
CN7,64MB,16,1,59,1549,2073,3556,5669,11.8
CN7,64MB,16,1,60,1745,2024,2737,4080,12.2
CN7,64MB,16,1,61,2114,3294,12387,13698,11.3
CN7,64MB,16,1,62,1745,2507,3425,4883,12.3
CN7,64MB,16,1,63,1565,3261,5604,17171,11.4
CN7,64MB,16,1,64,1942,4293,7570,11076,10.4
CN7,64MB,16,1,65,1631,2573,14484,16188,12.2
CN7,64MB,16,1,66,1876,4490,18482,18482,10.8
CN7,64MB,16,1,67,2114,3687,10159,13829,11.1
CN7,64MB,16,1,68,1876,4228,13960,14222,11.5
CN7,64MB,16,1,69,1991,3982,14353,14615,11.2
CN7,64MB,16,1,70,1909,4178,23200,25297,9851
CN7,64MB,16,1,71,2089,4555,14091,14222,10.0
CN7,64MB,16,1,72,2114,6652,14353,16188,10.7
CN7,64MB,16,1,73,2212,5014,14222,14615,10.2
CN7,64MB,16,1,74,2180,5604,10028,10159,11.3
CN7,64MB,16,1,75,2474,4080,8717,10290,10.8
CN7,64MB,16,1,76,1532,1795,2311,20055,11.2
CN7,64MB,16,1,77,1795,1958,7963,14222,10.6
CN7,64MB,16,1,78,1631,2573,5866,7111,12.1
CN7,64MB,16,1,79,1762,2474,6521,9372,11.9
CN7,64MB,16,1,80,2057,5473,14353,21103,10.2
CN7,64MB,16,1,81,2024,4228,15008,16909,11.2
CN7,64MB,16,1,82,1958,3621,8094,11076,11.1
CN7,64MB,16,1,83,2245,4424,5866,7046,11.1
CN7,64MB,16,1,84,1844,7373,17695,19006,9587
CN7,64MB,16,1,85,1582,6128,14091,14222,9942
CN7,64MB,16,1,86,2507,5866,13960,14091,9851
CN7,64MB,16,1,87,2089,12911,16188,20055,10.3
CN7,64MB,16,1,88,2147,3982,7504,16319,11.3
CN7,64MB,16,1,89,2245,5014,14484,15008,9761
CN7,64MB,16,1,90,1958,8848,14222,14222,10.0
CN7,64MB,16,1,91,1860,8160,14484,15664,10.1
CN7,64MB,16,1,92,2147,4047,6652,21365,11.3
CN7,64MB,16,1,93,2057,7373,14222,16909,10.4
CN7,64MB,16,1,94,1745,4424,16712,21627,10.7
CN7,64MB,16,1,95,1369,2147,11207,13960,13.1
CN7,64MB,16,1,96,1860,3032,8291,10290,11.9
CN7,64MB,16,1,97,1450,3228,12387,14091,12.2
CN7,64MB,16,1,98,1713,2737,5080,8455,12.3
CN7,64MB,16,1,99,1434,2704,10028,11469,11.3
CN7,64MB,16,1,100,1500,2606,11207,11207,12.9
CN7,64MB,16,1,101,1909,4359,16057,17433,11.3
CN7,64MB,16,1,102,1975,2933,14746,15008,10.5
CN7,64MB,16,1,103,2147,3916,8717,14353,12.2
CN7,64MB,16,1,104,2376,6587,16909,25297,9761
CN7,64MB,16,1,105,1827,3884,22152,22938,10.4
CN7,64MB,16,1,106,1860,4047,11731,12780,10.0
CN7,64MB,16,1,107,1926,3654,13698,14222,10.0
CN7,64MB,16,1,108,1549,2835,9110,14353,12.5
CN7,64MB,16,1,109,1680,2802,4555,4948,11.1
CN7,64MB,16,1,110,2180,8586,20579,20579,9419
CN7,64MB,16,1,111,2057,3163,11338,15795,11.8
CN7,64MB,16,1,112,2212,4752,11994,13566,11.4
CN7,64MB,16,1,113,2376,4015,8225,14484,10.7
CN7,64MB,16,1,114,2147,4359,7635,8160,10.6
CN7,64MB,16,1,115,1582,3228,16712,17171,10.2
CN7,64MB,16,1,116,1745,3851,13566,13829,11.4
CN7,64MB,16,1,117,2638,10421,14484,20055,9587
CN7,64MB,16,1,118,2008,4359,9896,17695,11.4
CN7,64MB,16,1,119,1958,6652,12911,14222,10.0
CN7,64MB,16,1,120,1680,6587,14222,18220,10.2
CN7,64MB,16,1,121,1582,2769,9372,21103,11.4
CN7,64MB,16,1,122,2442,4686,14222,17957,8801
CN7,64MB,16,1,123,2343,5669,14615,17171,10.7
CN7,64MB,16,1,124,1778,2737,13042,20055,10.8
CN7,64MB,16,1,125,1876,3982,8586,13304,10.4
CN7,64MB,16,1,126,1958,5342,14222,14484,10.0
CN7,64MB,16,1,127,1516,2073,7046,14353,12.5
CN7,64MB,16,1,128,1958,3195,10159,13829,10.0
CN7,64MB,16,1,129,1926,5997,14353,14484,10.3
CN7,64MB,16,1,130,1860,3720,6128,7242,11.3
CN7,64MB,16,1,131,2343,4752,8160,8225,10.8
CN7,64MB,16,1,132,1876,6915,14091,15401,10.0
CN7,64MB,16,1,133,2147,3621,6718,11731,11.4
CN7,64MB,16,1,134,2040,5014,14091,20055,9587
CN7,64MB,16,1,135,1975,2704,12256,14484,10.7
CN7,64MB,16,1,136,1352,1745,2180,11863,10.0
CN7,64MB,16,1,137,1467,3163,15664,20579,12.5
CN7,64MB,16,1,138,2311,4359,8029,12256,10.5
CN7,64MB,16,1,139,2278,7832,16909,17695,9673
CN7,64MB,16,1,140,1598,12780,21627,21890,9851
CN7,64MB,16,1,141,1926,4424,10814,11994,10.5
CN7,64MB,16,1,142,1942,4146,6980,10945,12.3
CN7,64MB,16,1,143,2180,5473,14615,16712,10.0
CN7,64MB,16,1,144,1893,3490,10290,13566,10.6
CN7,64MB,16,1,145,1876,3130,6718,7046,11.5
CN7,64MB,16,1,146,1778,4113,20055,20317,8948
CN7,64MB,16,1,147,2147,4621,6783,8979,10.7
CN7,64MB,16,1,148,2040,4621,10814,13960,10.5
CN7,64MB,16,1,149,2089,4113,8225,10159,10.6
CN7,64MB,16,1,150,1762,4293,14091,16188,10.0
CN7,64MB,16,1,151,2180,4555,12518,15270,10.3
CN7,64MB,16,1,152,2245,4490,8029,9110,11.2
CN7,64MB,16,1,153,2704,4555,8356,10552,10.1
CN7,64MB,16,1,154,2245,4621,12649,16319,11.3
CN7,64MB,16,1,155,1893,8979,15533,16319,10.4
CN7,64MB,16,1,156,1942,3654,8291,14746,11.5
CN7,64MB,16,1,157,1975,4146,18482,19530,11.2
CN7,64MB,16,1,158,1827,4293,8160,9896,11.2
CN7,64MB,16,1,159,1696,2769,3949,15401,10.0
CN7,64MB,16,1,160,2311,3589,15008,15270,10.4
CN7,64MB,16,1,161,2089,6980,14091,15401,10.0
CN7,64MB,16,1,162,2409,3687,8848,11863,9100
CN7,64MB,16,1,163,2311,3949,7439,13566,10.6
CN7,64MB,16,1,164,2474,3326,7701,14353,8324
CN7,64MB,16,1,165,2409,5145,12125,13829,10.0
CN7,64MB,16,1,166,2278,3785,8455,8717,10.7
CN7,64MB,16,1,167,2008,6063,14222,14484,10.0
CN7,64MB,16,1,168,2180,4490,13829,14222,10.6
CN7,64MB,16,1,169,1811,4490,12256,23462,9673
CN7,64MB,16,1,170,2180,3785,6587,12911,10.8
CN7,64MB,16,1,171,2008,4555,9241,11076,11.1
CN7,64MB,16,1,172,1647,1844,2278,2311,10.0
CN7,64MB,16,1,173,1287,2089,3097,4555,11.4
CN7,64MB,16,1,174,1352,1811,3064,3752,11.7
CN7,64MB,16,1,175,1893,4490,13304,13960,11.7
CN7,64MB,16,1,176,2442,6980,13960,15139,10.4
CN7,64MB,16,1,177,2114,4686,5997,6521,11.3
CN7,64MB,16,1,178,1483,3851,14091,25035,11.1
CN7,64MB,16,1,179,2147,5604,14222,14353,10.8
CN7,64MB,16,1,180,1713,3228,11076,16057,9942
CN7,64MB,16,1,181,2180,4047,13829,14877,9502
CN7,64MB,16,1,182,2073,3949,6849,9765,11.3
CN7,64MB,16,1,183,2278,3294,7439,8094,9673
CN7,64MB,16,1,184,1876,2769,6456,6783,12.3
CN7,64MB,16,1,185,1909,2999,4359,12649,10.3
CN7,64MB,16,1,186,1696,2737,10552,12780,11.8
CN7,64MB,16,1,187,1647,2671,5866,11863,11.5
CN7,64MB,16,1,188,1745,2737,12780,13042,11.7
CN7,64MB,16,1,189,1745,2966,8356,16712,10.0
CN7,64MB,16,1,190,2089,3359,7504,7898,11.5
CN7,64MB,16,1,191,2573,8717,14222,22676,9256
CN7,64MB,16,1,192,2114,3916,8160,11600,11.7
CN7,64MB,16,1,193,2442,4883,14484,24511,9851
CN7,64MB,16,1,194,1926,3294,6915,16057,10.2
CN7,64MB,16,1,195,2278,3589,8586,8848,10.7
CN7,64MB,16,1,196,2409,4113,15008,15270,10.1
CN7,64MB,16,1,197,2147,3458,5669,5800,10.8
CN7,64MB,16,1,198,2343,4621,7570,14091,10.0
CN7,64MB,16,1,199,2073,3982,10290,11600,10.0
CN7,64MB,16,1,200,2089,3589,6652,13173,11.1
CN7,64MB,16,1,201,2040,3556,8848,14615,10.3
CN7,64MB,16,1,202,1942,3556,7767,8094,10.5
CN7,64MB,16,1,203,1598,2900,9241,12518,11.9
CN7,64MB,16,1,204,2474,12518,14484,15139,9851
CN7,64MB,16,1,205,1909,4555,13566,17957,10.3
CN7,64MB,16,1,206,2180,4490,14746,22938,10.8
CN7,64MB,16,1,207,2212,6128,11469,13042,10.5
CN7,64MB,16,1,208,1844,4424,15533,20579,10.7
CN7,64MB,16,1,209,1745,2409,5669,12780,11.7
CN7,64MB,16,1,210,2343,8291,18220,23200,9673
CN7,64MB,16,1,211,2245,5669,14877,14877,10.0
CN7,64MB,16,1,212,2008,3687,6587,11207,11.7
CN7,64MB,16,1,213,1893,7767,14484,15139,10.2
CN7,64MB,16,1,214,1762,3490,9896,19006,10.2
CN7,64MB,16,1,215,2057,4146,14091,21103,10.8
CN7,64MB,16,1,216,2114,3818,7767,8225,11.5
CN7,64MB,16,1,217,1991,3523,9372,13042,11.2
CN7,64MB,16,1,218,1909,5276,13960,14746,10.3
CN7,64MB,16,1,219,1631,6194,17957,23987,10.3
CN7,64MB,16,1,220,1991,4621,14484,15139,11.4
CN7,64MB,16,1,221,1745,5211,16319,27657,9023
CN7,64MB,16,1,222,2212,4555,23987,24249,9673
CN7,64MB,16,1,223,1795,5014,11600,13829,9673
CN7,64MB,16,1,224,1942,5407,14222,14615,10.8
CN7,64MB,16,1,225,2024,2442,12911,12911,9851
CN7,64MB,16,1,226,1303,2212,10421,14222,12.8
CN7,64MB,16,1,227,1926,4228,14222,14615,11.1
CN7,64MB,16,1,228,1876,2769,6259,6915,11.7
CN7,64MB,16,1,229,1647,2540,6915,8848,11.7
CN7,64MB,16,1,230,2180,9241,17171,20317,9761
CN7,64MB,16,1,231,2147,3556,7308,10290,10.5
CN7,64MB,16,1,232,1844,3195,8455,9896,10.7
CN7,64MB,16,1,233,1975,4621,14222,14353,10.0
CN7,64MB,16,1,234,2245,4490,13960,14877,9761
CN7,64MB,16,1,235,2147,3982,11731,14746,11.2
CN7,64MB,16,1,236,2311,4293,9765,9896,10.3
CN7,64MB,16,1,237,2089,3687,14222,19006,11.1
CN7,64MB,16,1,238,2114,3523,10421,14353,9502
CN7,64MB,16,1,239,1385,2278,11863,14877,11.7
CN7,64MB,16,1,240,1385,3392,6194,9765,10.3
CN7,64MB,16,1,241,1942,3687,7570,14222,11.8
CN7,64MB,16,1,242,1729,3884,9110,12518,11.3
CN7,64MB,16,1,243,1762,2638,13042,15139,10.7
CN7,64MB,16,1,244,1991,4817,16909,18482,9256
CN7,64MB,16,1,245,2147,4555,20317,20317,9502
CN7,64MB,16,1,246,1713,2966,4883,5211,11.4
CN7,64MB,16,1,247,1565,1942,8225,8356,12.5
CN7,64MB,16,1,248,1532,2245,7046,10159,12.6
CN7,64MB,16,1,249,1549,2474,6718,7832,11.8
CN7,64MB,16,1,250,2474,3556,4883,5014,10.8
CN7,64MB,16,1,251,1876,3720,9896,13698,11.5
CN7,64MB,16,1,252,1942,4424,16057,25297,9587
CN7,64MB,16,1,253,1778,4080,14484,30540,10.0
CN7,64MB,16,1,254,2212,3785,7373,8586,11.4
CN7,64MB,16,1,255,1876,3032,14091,14353,9942
CN7,64MB,16,1,256,1926,2933,14353,14484,10.6
CN7,64MB,16,1,257,1500,2474,5866,12780,10.7
CN7,64MB,16,1,258,2212,5932,7832,9110,9761
CN7,64MB,16,1,259,1991,10159,14877,21103,9587
CN7,64MB,16,1,260,2114,4490,12649,13829,11.4
CN7,64MB,16,1,261,1352,3359,16712,27657,10.5
CN7,64MB,16,1,262,2212,6194,18220,19006,9761
CN7,64MB,16,1,263,2147,5800,11731,12649,10.0
CN7,64MB,16,1,264,2212,4948,14484,19792,10.7
CN7,64MB,16,1,265,2966,10290,17171,20055,9502
CN7,64MB,16,1,266,2040,4752,11731,11731,10.0
CN7,64MB,16,1,267,2278,4555,13173,16188,9761
CN7,64MB,16,1,268,1532,4424,16712,21103,9256
CN7,64MB,16,1,269,2278,6128,14353,15270,9673
CN7,64MB,16,1,270,1827,2769,13566,13960,11.4
CN7,64MB,16,1,271,1401,2245,14353,15139,12.6
CN7,64MB,16,1,272,1926,2212,8455,8586,10.7
CN7,64MB,16,1,273,1565,3228,9503,14746,10.6
CN7,64MB,16,1,274,1762,3195,9372,12911,12.2
CN7,64MB,16,1,275,2024,3818,9110,9634,10.5
CN7,64MB,16,1,276,1811,8717,24773,27132,9587
CN7,64MB,16,1,277,2278,4293,5604,5735,10.5
CN7,64MB,16,1,278,2474,4490,12649,12911,10.0
CN7,64MB,16,1,279,2147,4686,9241,9372,11.2
CN7,64MB,16,1,280,1909,4752,16188,19792,10.2
CN7,64MB,16,1,281,1991,4178,15139,25560,9851
CN7,64MB,16,1,282,1696,5407,11600,14877,9337
CN7,64MB,16,1,283,1795,4948,14877,16712,10.3
CN7,64MB,16,1,284,1827,2835,5800,5997,12.6
CN7,64MB,16,1,285,1729,8586,15139,17433,9419
CN7,64MB,16,1,286,2147,3851,7242,12387,12.1
CN7,64MB,16,1,287,2311,5800,9634,18482,10.3
CN7,64MB,16,1,288,2540,5932,11994,15664,9502
CN7,64MB,16,1,289,2147,4817,14091,21890,9502
CN7,64MB,16,1,290,1909,2507,9241,14746,10.5
CN7,64MB,16,1,291,1729,8356,12125,19006,10.5
CN7,64MB,16,1,292,1434,1729,2507,5604,12.5
CN7,64MB,16,1,293,1631,4555,14484,14484,11.8
CN7,64MB,16,1,294,2180,3982,12256,12387,10.8
CN7,64MB,16,1,295,1745,3261,8455,11338,11.4
CN7,64MB,16,1,296,1418,3490,22676,69731,8874
CN7,64MB,16,1,297,2040,5014,10159,14222,11.2
CN7,64MB,16,1,298,1713,4752,7177,9896,10.7
CN7,64MB,16,1,299,1516,2671,8225,8356,12.8
CN7,64MB,16,1,300,1811,3032,12780,14615,11.7
CN7,64MB,16,1,301,1303,2040,3064,3556,12.9
CN7,64MB,16,1,302,1696,5997,15926,16909,10.6
CN7,64MB,16,1,303,1860,3851,15926,16188,9942
CN7,64MB,16,1,304,1729,11469,15533,15926,9502
CN7,64MB,16,1,305,2089,4047,14615,16450,11.4
CN7,64MB,16,1,306,1991,3654,10421,11338,11.7
CN7,64MB,16,1,307,2180,3884,9896,14746,11.2
CN7,64MB,16,1,308,2073,4228,6783,17433,10.7
CN7,64MB,16,1,309,1975,6718,12518,13698,9673
CN7,64MB,16,1,310,2040,5080,13304,19006,10.3
CN7,64MB,16,1,311,1975,5080,14091,14353,11.4
CN7,64MB,16,1,312,1434,2114,14091,14222,12.3
CN7,64MB,16,1,313,1270,1745,2606,3032,11.9
CN7,64MB,16,1,314,1467,2343,8717,15008,12.6
CN7,64MB,16,1,315,1893,3359,7111,11076,12.2
CN7,64MB,16,1,316,2073,3785,12256,14091,10.0
CN7,64MB,16,1,317,1942,5276,8848,9765,10.5
CN7,64MB,16,1,318,1958,5866,15401,23200,10.6
CN7,64MB,16,1,319,2073,4817,8356,8455,10.0
CN7,64MB,16,1,320,2474,4948,8455,8586,10.6
CN7,64MB,16,1,321,1926,3916,8848,18220,11.2
CN7,64MB,16,1,322,1909,5342,14222,14484,10.7
CN7,64MB,16,1,323,2057,5866,14091,14353,10.6
CN7,64MB,16,1,324,1909,4817,21627,22676,10.8
CN7,64MB,16,1,325,2089,6849,22938,30278,10.3
CN7,64MB,16,1,326,1975,4555,8979,9765,11.7
CN7,64MB,16,1,327,1893,3359,5669,8455,11.2
CN7,64MB,16,1,328,1811,4293,9896,15401,10.4
CN7,64MB,16,1,329,1942,7439,25297,30540,9587
CN7,64MB,16,1,330,1663,2966,17695,17957,10.2
CN7,64MB,16,1,331,1958,4146,14222,16450,11.3
CN7,64MB,16,1,332,2245,4817,12911,13698,10.0
CN7,64MB,16,1,333,2057,4080,7373,7504,10.8
CN7,64MB,16,1,334,2008,3523,12780,14091,11.1
CN7,64MB,16,1,335,2245,5211,12649,14877,10.5
CN7,64MB,16,1,336,1696,4948,12911,13304,10.1
CN7,64MB,16,1,337,1713,2573,12256,17695,11.5
CN7,64MB,16,1,338,2474,5866,13829,14222,10.4
CN7,64MB,16,1,339,2180,4178,13435,14091,11.5
CN7,64MB,16,1,340,2057,4228,13698,13829,11.7
CN7,64MB,16,1,341,1319,1958,4948,6521,11.9
CN7,64MB,16,1,342,1598,2868,7111,11994,12.3
CN7,64MB,16,1,343,1729,3326,17171,19006,11.3
CN7,64MB,16,1,344,1958,4359,14484,22152,11.4
CN7,64MB,16,1,345,2089,4621,14353,14746,10.3
CN7,64MB,16,1,346,2835,9241,14484,16712,9587
CN7,64MB,16,1,347,2212,5997,10945,16319,10.0
CN7,64MB,16,1,348,1352,10814,29492,31851,9761
CN7,64MB,16,1,349,2245,3982,16581,17695,10.4
CN7,64MB,16,1,350,1598,5211,13566,16909,9942
CN7,64MB,16,1,351,1237,1631,5538,6718,12.2
CN7,64MB,16,1,352,1565,2073,7767,9110,12.2
CN7,64MB,16,1,353,1352,2057,13173,14091,12.3
CN7,64MB,16,1,354,1991,3654,11863,14615,10.4
CN7,64MB,16,1,355,2024,4490,14222,14222,11.3
CN7,64MB,16,1,356,2089,5342,8979,9634,11.1
CN7,64MB,16,1,357,1663,6259,51643,53740,8801
CN7,64MB,16,1,358,2057,4293,18482,19792,10.5
CN7,64MB,16,1,359,1762,3326,14484,26084,11.3
CN7,64MB,16,1,360,1795,2835,5604,8848,11.4
CN7,64MB,16,1,361,1876,4883,10290,17957,10.0
CN7,64MB,16,1,362,1762,4621,13173,13304,10.0
CN7,64MB,16,1,363,1401,2057,8455,11863,13.4
CN7,64MB,16,1,364,1663,2343,2999,3064,12.3
CN7,64MB,16,1,365,1450,1991,6652,7832,13.3
CN7,64MB,16,1,366,1418,2040,7701,12387,11.8
CN7,64MB,16,1,367,1336,2606,11207,15533,11.1
CN7,64MB,16,1,368,1942,5211,13698,14615,9587
CN7,64MB,16,1,369,1778,7439,14484,14615,10.2
CN7,64MB,16,1,370,2343,5276,15401,16450,10.8
CN7,64MB,16,1,371,1745,5211,13304,16909,10.2
CN7,64MB,16,1,372,1893,5211,13960,14222,10.2
CN7,64MB,16,1,373,1336,2057,3130,5735,13.3
CN7,64MB,16,1,374,1270,1762,8717,8848,12.5
CN7,64MB,16,1,375,1516,2540,13566,13960,11.8
CN7,64MB,16,1,376,1336,2180,8225,14222,13.3
CN7,64MB,16,1,377,1336,2507,6390,15664,10.7
CN7,64MB,16,1,378,1696,5800,14091,17433,9587
CN7,64MB,16,1,379,2024,5211,13829,14353,10.5
CN7,64MB,16,1,380,2024,6194,14222,22414,9502
CN7,64MB,16,1,381,2040,6783,14353,17695,10.4
CN7,64MB,16,1,382,1860,3982,11863,12518,9851
CN7,64MB,16,1,383,1450,6390,14091,14222,9761
CN7,64MB,16,1,384,1713,6390,11469,13435,9673
CN7,64MB,16,1,385,2008,4293,12649,12780,11.5
CN7,64MB,16,1,386,1860,3752,10421,11076,10.4
CN7,64MB,16,1,387,1876,8225,16188,25035,9761
CN7,64MB,16,1,388,2180,7046,20055,20317,10.1
CN7,64MB,16,1,389,1319,2278,14222,14353,12.6
CN7,64MB,16,1,390,1336,2245,9241,9372,12.1
CN7,64MB,16,1,391,1598,2704,9241,11207,11.8
CN7,64MB,16,1,392,1893,3425,10159,14615,10.7
CN7,64MB,16,1,393,1713,3163,5342,7570,10.0
CN7,64MB,16,1,394,2212,4555,13829,15139,10.5
CN7,64MB,16,1,395,1745,3294,17695,24511,9851
CN7,64MB,16,1,396,2114,4752,14091,14222,10.4
CN7,64MB,16,1,397,2409,7373,13304,17171,9851
CN7,64MB,16,1,398,1663,2638,11338,18744,10.0
CN7,64MB,16,1,399,1352,2040,7963,10945,12.6
CN7,64MB,16,1,400,1303,1876,2343,2802,12.3
CN7,64MB,16,1,401,1434,2409,12387,18220,10.8
CN7,64MB,16,1,402,1565,2507,3752,13960,11.9
CN7,64MB,16,1,403,1942,5342,14222,22152,9942
CN7,64MB,16,1,404,2008,4047,6390,16909,11.7
CN7,64MB,16,1,405,2089,5211,7701,7898,9942
CN7,64MB,16,1,406,1860,4948,7242,10814,10.3
CN7,64MB,16,1,407,2180,4424,11469,20055,10.0
CN7,64MB,16,1,408,2024,4686,11863,11863,10.0
CN7,64MB,16,1,409,2573,4817,8586,12387,11.3
CN7,64MB,16,1,410,1876,3294,10421,13829,11.3
CN7,64MB,16,1,411,1795,5276,10028,10421,11.1
CN7,64MB,16,1,412,2180,3982,13566,14615,10.6
CN7,64MB,16,1,413,2474,4883,14222,15926,10.1
CN7,64MB,16,1,414,1876,2343,11863,14222,10.8
CN7,64MB,16,1,415,1778,2212,7635,12518,9587
CN7,64MB,16,1,416,1385,3556,9634,13566,12.2
CN7,64MB,16,1,417,1647,2671,11338,15008,9851
CN7,64MB,16,1,418,1663,5014,16712,19530,10.0
CN7,64MB,16,1,419,2278,4817,12125,13173,9337
CN7,64MB,16,1,420,1975,4817,8094,9110,10.7
CN7,64MB,16,1,421,1942,5407,8356,10683,11.2
CN7,64MB,16,1,422,2114,7504,15139,17171,9851
CN7,64MB,16,1,423,1942,4752,14091,23987,10.0
CN7,64MB,16,1,424,1926,9503,16909,17171,9761
CN7,64MB,16,1,425,1975,6652,14353,21103,10.2
CN7,64MB,16,1,426,1942,13829,19268,20841,9942
CN7,64MB,16,1,427,2212,7963,17171,17171,10.3
CN7,64MB,16,1,428,2606,5014,10159,13960,10.2
CN7,64MB,16,1,429,1876,4424,8455,25035,9587
CN7,64MB,16,1,430,1336,2147,13304,13304,12.8
CN7,64MB,16,1,431,1303,1827,2474,5342,12.9
CN7,64MB,16,1,432,1352,2802,7767,14484,12.5
CN7,64MB,16,1,433,1500,3392,7570,15664,12.5
CN7,64MB,16,1,434,1713,2900,7832,16188,10.0
CN7,64MB,16,1,435,1893,4228,13304,14222,10.8
CN7,64MB,16,1,436,2409,4359,7635,8094,10.0
CN7,64MB,16,1,437,1811,4228,9765,10814,9851
CN7,64MB,16,1,438,2376,5080,13698,14353,10.6
CN7,64MB,16,1,439,2343,4490,9503,10421,10.4
CN7,64MB,16,1,440,2024,4948,13829,21103,9419
CN7,64MB,16,1,441,1909,4555,17433,20055,9761
CN7,64MB,16,1,442,1467,2114,7177,10290,12.8
CN7,64MB,16,1,443,1369,2180,14091,17695,12.5
CN7,64MB,16,1,444,1336,1893,7701,10814,12.9
CN7,64MB,16,1,445,1385,3163,16450,16450,11.8
CN7,64MB,16,1,446,2024,3130,13173,20841,10.0
CN7,64MB,16,1,447,1663,6718,13829,14091,9761
CN7,64MB,16,1,448,2376,8029,23987,25035,9942
CN7,64MB,16,1,449,1893,4490,14091,14222,11.2
CN7,64MB,16,1,450,2147,4883,6980,7111,10.5
CN7,64MB,16,1,451,1319,4424,19268,20055,11.2
CN7,64MB,16,1,452,2147,4621,9110,11731,11.3
CN7,64MB,16,1,453,2180,5407,14615,14746,11.1
CN7,64MB,16,1,454,1991,4293,13435,15926,10.4
CN7,64MB,16,1,455,2180,4047,10552,13042,11.4
CN7,64MB,16,1,456,1876,3916,8848,11076,11.1
CN7,64MB,16,1,457,1385,2212,15008,15270,11.7
CN7,64MB,16,1,458,1369,2057,5014,11600,13.3
CN7,64MB,16,1,459,1401,2024,6915,7373,13.6
CN7,64MB,16,1,460,1598,2474,9503,15008,12.5
CN7,64MB,16,1,461,1811,4178,15926,16057,11.1
CN7,64MB,16,1,462,1811,3916,14222,14222,10.3
CN7,64MB,16,1,463,1909,5800,14222,17957,9502
CN7,64MB,16,1,464,1876,4080,14484,19006,9851
CN7,64MB,16,1,465,2376,5735,13698,14615,10.5
CN7,64MB,16,1,466,2073,3752,8717,10814,11.4
CN7,64MB,16,1,467,2180,4817,13435,14091,10.7
CN7,64MB,16,1,468,2212,3425,6915,8356,11.1
CN7,64MB,16,1,469,2089,4228,14484,22676,10.7
CN7,64MB,16,1,470,1893,3785,8848,8979,10.8
CN7,64MB,16,1,471,1778,5276,9765,12911,10.0
CN7,64MB,16,1,472,1483,5538,14091,18482,9942
CN7,64MB,16,1,473,1926,7898,14484,14484,9851
CN7,64MB,16,1,474,1352,2212,13173,14615,11.7
CN7,64MB,16,1,475,1270,1909,10028,12387,10.5
CN7,64MB,16,1,476,1303,1713,2212,7832,11.5
CN7,64MB,16,1,477,1336,1778,10552,12518,12.8
CN7,64MB,16,1,478,1467,2147,10683,16188,13.3
CN7,64MB,16,1,479,2474,13566,14484,17171,9587
CN7,64MB,16,1,480,1614,5866,14353,15795,10.2
CN7,64MB,16,1,481,2212,4752,9634,13960,10.0
CN7,64MB,16,1,482,2376,9503,17957,20055,9419
CN7,64MB,16,1,483,1713,5407,14091,14222,9337
CN7,64MB,16,1,484,2180,4621,13435,14746,10.0
CN7,64MB,16,1,485,2147,3785,9241,21103,11.5
CN7,64MB,16,1,486,1762,3752,14353,18220,10.0
CN7,64MB,16,1,487,1352,1713,12256,13173,12.8
CN7,64MB,16,1,488,1647,2474,11076,24249,10.7
CN7,64MB,16,1,489,1663,3851,14615,16057,10.8
CN7,64MB,16,1,490,2507,4113,10552,13566,9587
CN7,64MB,16,1,491,2008,4080,15926,18220,10.0
CN7,64MB,16,1,492,1811,4293,10028,11731,10.0
CN7,64MB,16,1,493,1909,7701,14222,15533,10.2
CN7,64MB,16,1,494,2089,4490,8291,14877,10.5
CN7,64MB,16,1,495,1827,3752,13698,19530,10.1
CN7,64MB,16,1,496,2147,3949,8160,10683,11.1
CN7,64MB,16,1,497,2024,3589,13698,16909,11.4
CN7,64MB,16,1,498,2057,4424,15139,25297,10.2
CN7,64MB,16,1,499,1680,4883,16188,19006,10.3
CN7,64MB,16,1,500,1713,4621,16057,17695,10.4
CN7,64MB,16,1,501,1729,2802,6259,9372,10.6
CN7,64MB,16,1,502,1352,2114,6390,8717,13.4
CN7,64MB,16,1,503,1303,1926,6325,16319,12.9
CN7,64MB,16,1,504,1516,2409,10028,14877,12.6
CN7,64MB,16,1,505,1827,3818,9372,13698,11.1
CN7,64MB,16,1,506,1647,3818,12256,27395,10.0
CN7,64MB,16,1,507,2245,4293,8717,15008,10.2
CN7,64MB,16,1,508,2212,7111,19268,19792,9419
CN7,64MB,16,1,509,2442,4490,14091,14484,10.4
CN7,64MB,16,1,510,1762,3195,9765,28967,10.3
CN7,64MB,16,1,511,1876,4490,7177,7767,10.0
CN7,64MB,16,1,512,1713,2474,13960,15008,11.9
CN7,64MB,16,1,513,2376,4293,6325,12649,10.6
CN7,64MB,16,1,514,2180,4293,11994,14615,11.4
CN7,64MB,16,1,515,1401,2343,5342,8225,11.1
CN7,64MB,16,1,516,1418,2245,9765,9896,13.3
CN7,64MB,16,1,517,1434,5473,20055,22938,11.3
CN7,64MB,16,1,518,1336,1942,7439,8291,13.8
CN7,64MB,16,1,519,1319,2147,12256,14222,13.3
CN7,64MB,16,1,520,2089,4555,14222,19530,9942
CN7,64MB,16,1,521,1860,4686,13829,14353,10.1
CN7,64MB,16,1,522,2040,3425,5735,6980,10.0
CN7,64MB,16,1,523,1532,3130,18220,21103,10.4
CN7,64MB,16,1,524,2180,5211,10552,12911,10.6
CN7,64MB,16,1,525,2114,4555,10290,14222,11.5
CN7,64MB,16,1,526,2040,4293,12256,13698,10.4
CN7,64MB,16,1,527,1680,6915,20055,23200,8948
CN7,64MB,16,1,528,1844,9372,14222,15533,9761
CN7,64MB,16,1,529,1942,3818,12518,14746,11.8
CN7,64MB,16,1,530,1270,1795,9634,11994,12.8
CN7,64MB,16,1,531,1401,2024,10814,13960,11.5
CN7,64MB,16,1,532,1336,3097,16909,19006,11.3
CN7,64MB,16,1,533,1450,2180,12125,13435,12.1
CN7,64MB,16,1,534,1221,4621,13173,22414,11.2
CN7,64MB,16,1,535,1745,4686,13304,14091,11.2
CN7,64MB,16,1,536,2343,6259,13698,13698,10.6
CN7,64MB,16,1,537,1844,4424,10159,13304,11.3
CN7,64MB,16,1,538,1303,2040,6325,16319,12.8
CN7,64MB,16,1,539,1532,2212,4817,11863,12.8
CN7,64MB,16,1,540,1663,2835,8029,9241,12.6
CN7,64MB,16,1,541,1303,1696,1942,3032,12.3
CN7,64MB,16,1,542,1336,2180,11076,13829,12.9
CN7,64MB,16,1,543,1745,2540,7242,14353,11.1
CN7,64MB,16,1,544,2040,5145,7570,8225,10.8
CN7,64MB,16,1,545,1844,4293,7701,9110,11.3
CN7,64MB,16,1,546,1795,4015,12256,19268,10.3
CN7,64MB,16,1,547,1500,2212,3097,10945,12.8
CN7,64MB,16,1,548,1303,1696,2278,2835,12.1
CN7,64MB,16,1,549,1450,2114,8160,10552,13.4
CN7,64MB,16,1,550,1319,2212,7242,11469,13.3
CN7,64MB,16,1,551,1680,6456,14877,17171,9851
CN7,64MB,16,1,552,1975,6325,13304,13304,9337
CN7,64MB,16,1,553,2147,10290,18220,19006,9419
CN7,64MB,16,1,554,2114,3752,7242,7373,11.4
CN7,64MB,16,1,555,1795,5800,13698,20841,10.0
CN7,64MB,16,1,556,2180,5145,19792,27395,9177
CN7,64MB,16,1,557,2507,4817,11469,19792,10.4
CN7,64MB,16,1,558,1713,4555,9765,10683,11.2
CN7,64MB,16,1,559,2057,4883,14222,14353,9587
CN7,64MB,16,1,560,1778,5145,14091,14091,10.4
CN7,64MB,16,1,561,1909,5604,11076,12518,9761
CN7,64MB,16,1,562,1319,2114,9241,14353,13.1
CN7,64MB,16,1,563,1336,2040,7963,14091,13.1
CN7,64MB,16,1,564,1500,2507,8160,8848,11.7
CN7,64MB,16,1,565,1778,1942,2245,13698,9673
CN7,64MB,16,1,566,1467,1942,17695,17695,11.2
CN7,64MB,16,1,567,1450,2835,5866,11863,11.4
CN7,64MB,16,1,568,1729,3523,13042,13566,11.2
CN7,64MB,16,1,569,2245,3818,6980,10290,11.5
CN7,64MB,16,1,570,1926,3949,14091,14222,10.1
CN7,64MB,16,1,571,1844,4621,16188,18220,10.4
CN7,64MB,16,1,572,1909,5211,14091,16188,9761
CN7,64MB,16,1,573,2180,4228,10421,11731,11.2
CN7,64MB,16,1,574,1844,7898,15533,20841,9023
CN7,64MB,16,1,575,1893,7046,14484,15795,9942
CN7,64MB,16,1,576,1680,2311,3032,7963,11.8
CN7,64MB,16,1,577,1336,1893,5276,6980,11.8
CN7,64MB,16,1,578,1287,1893,12125,19006,11.4
CN7,64MB,16,1,579,1631,2540,7373,8848,12.3
CN7,64MB,16,1,580,1532,2180,3032,3752,11.7
CN7,64MB,16,1,581,1696,2769,6587,7963,11.4
CN7,64MB,16,1,582,2147,5669,17433,20317,9337
CN7,64MB,16,1,583,1876,4178,15401,18220,10.1
CN7,64MB,16,1,584,2147,5800,20055,24249,9587
CN7,64MB,16,1,585,1696,2409,4293,7832,12.6
CN7,64MB,16,1,586,1663,3752,9241,27395,10.3
CN7,64MB,16,1,587,1958,4047,10028,10552,10.1
CN7,64MB,16,1,588,1827,4047,8848,9503,11.2
CN7,64MB,16,1,589,1958,3949,7504,14353,10.0
CN7,64MB,16,1,590,1549,3163,12125,14091,11.8
CN7,64MB,16,1,591,2278,3785,8586,9110,10.8
CN7,64MB,16,1,592,1663,3720,13566,13829,11.1
CN7,64MB,16,1,593,2311,3458,6915,13435,10.7
CN7,64MB,16,1,594,1647,2868,4883,6128,11.5
CN7,64MB,16,1,595,1614,3949,11600,19268,10.4
CN7,64MB,16,1,596,2311,4948,8848,14746,10.7
CN7,64MB,16,1,597,1893,10945,16057,16319,9256
CN7,64MB,16,1,598,1926,3785,9765,10814,10.8
CN7,64MB,16,1,599,2073,3589,8848,10028,11.4
CN7,64MB,16,1,600,2147,3884,11469,12649,9419
CN7,64MB,16,1,601,1942,3130,4948,14222,10.6
CN7,64MB,16,1,602,1680,4178,15401,27395,9851
CN7,64MB,16,1,603,2343,4817,7504,9765,10.4
CN7,64MB,16,1,604,2180,4424,8455,9241,10.2
CN7,64MB,16,1,605,1909,4490,14091,14877,10.7
CN7,64MB,16,1,606,2089,5669,11731,13566,10.4
CN7,64MB,16,1,607,1762,1926,7242,14615,10.0
CN7,64MB,16,1,608,1598,1844,7242,7242,10.0
CN7,64MB,16,1,609,1680,2802,8717,13698,10.8
CN7,64MB,16,1,610,2212,5080,13042,19268,10.2
CN7,64MB,16,1,611,1795,2868,14484,18744,10.4
CN7,64MB,16,1,612,1958,3392,10421,15270,10.0
CN7,64MB,16,1,613,2180,3589,8356,8455,10.0
CN7,64MB,16,1,614,1958,3687,8979,20055,11.2
CN7,64MB,16,1,615,1909,3228,6783,7832,10.6
CN7,64MB,16,1,616,1663,3752,12780,14091,10.1
CN7,64MB,16,1,617,2008,3884,13698,14353,9587
CN7,64MB,16,1,618,2212,4228,9634,14353,10.7
CN7,64MB,16,1,619,1729,2835,8094,8586,11.5
CN7,64MB,16,1,620,2024,5211,14091,16188,9851
CN7,64MB,16,1,621,1680,3425,13566,18744,10.0
CN7,64MB,16,1,622,2343,6390,9503,10552,11.1
CN7,64MB,16,1,623,2089,3851,6849,7963,9337
CN7,64MB,16,1,624,1762,3785,10159,10945,11.4
CN7,64MB,16,1,625,1680,3523,14222,14484,10.0
CN7,64MB,16,1,626,2114,4555,7898,9503,10.3
CN7,64MB,16,1,627,2024,3097,6259,8356,10.0
CN7,64MB,16,1,628,1598,2966,8848,14877,12.2
CN7,64MB,16,1,629,1860,2573,10028,14091,9502
CN7,64MB,16,1,630,1876,3982,13829,14484,10.5
CN7,64MB,16,1,631,2245,13304,19006,26084,9673
CN7,64MB,16,1,632,1631,3064,9241,11338,10.6
CN7,64MB,16,1,633,1565,2376,8717,14222,11.9
CN7,64MB,16,1,634,1336,2180,10552,10683,13.6
CN7,64MB,16,1,635,1303,2180,14091,14091,11.7
CN7,64MB,16,1,636,2073,3458,11469,15270,10.4
CN7,64MB,16,1,637,1844,3818,8717,15401,10.4
CN7,64MB,16,1,638,1549,2802,8979,10945,11.3
CN7,64MB,16,1,639,2180,5800,13829,22938,9942
CN7,64MB,16,1,640,1696,4424,13173,13960,10.7
CN7,64MB,16,1,641,1811,4178,7439,8717,11.4
CN7,64MB,16,1,642,1942,4948,14222,14222,11.1
CN7,64MB,16,1,643,2114,4948,22414,27395,9587
CN7,64MB,16,1,644,2343,4146,14353,14615,11.1
CN7,64MB,16,1,645,1991,9372,17171,20841,9673
CN7,64MB,16,1,646,1926,2212,4293,4490,10.0
CN7,64MB,16,1,647,1401,2114,7635,11469,12.8
CN7,64MB,16,1,648,1270,2474,34866,35390,10.1
CN7,64MB,16,1,649,1614,2638,7963,14222,12.8
CN7,64MB,16,1,650,1975,3294,4113,10683,12.6
CN7,64MB,16,1,651,1909,6849,14091,16057,10.1
CN7,64MB,16,1,652,1909,3523,7242,11731,11.4
CN7,64MB,16,1,653,1876,3228,6325,10028,11.3
CN7,64MB,16,1,654,1205,2114,8586,8848,12.2
CN7,64MB,16,1,655,1287,1942,14091,16909,12.5
CN7,64MB,16,1,656,1450,2442,9372,9372,12.3
CN7,64MB,16,1,657,2008,4293,12125,12387,11.1
CN7,64MB,16,1,658,1418,2507,14222,14615,12.9
CN7,64MB,16,1,659,1975,3195,16057,22938,10.7
CN7,64MB,16,1,660,2057,4883,15401,15795,10.6
CN7,64MB,16,1,661,2180,5342,13960,17695,10.8
CN7,64MB,16,1,662,1319,1795,5014,7242,12.1
CN7,64MB,16,1,663,1516,2278,10290,10421,10.7
CN7,64MB,16,1,664,1614,1827,5997,14615,11.3
CN7,64MB,16,1,665,1352,2212,8979,11863,13.1
CN7,64MB,16,1,666,1598,3261,14746,22414,10.3
CN7,64MB,16,1,667,1778,3195,9765,11469,11.7
CN7,64MB,16,1,668,2114,4146,7504,9110,10.5
CN7,64MB,16,1,669,1876,7308,14091,19006,9761
CN7,64MB,16,1,670,2024,6587,12649,15270,9587
CN7,64MB,16,1,671,2147,4621,7242,7308,10.2
CN7,64MB,16,1,672,2147,4293,7963,12780,10.5
CN7,64MB,16,1,673,2073,3949,7832,13829,10.7
CN7,64MB,16,1,674,1729,4948,13698,19530,10.2
CN7,64MB,16,1,675,1942,3163,10290,11863,12.1
CN7,64MB,16,1,676,1958,2769,10814,13173,11.1
CN7,64MB,16,1,677,1385,2573,11731,16909,12.3
CN7,64MB,16,1,678,1434,2245,5145,6980,13.3
CN7,64MB,16,1,679,1467,2245,9765,14615,12.8
CN7,64MB,16,1,680,1467,2073,4228,5407,11.8
CN7,64MB,16,1,681,1844,2868,5538,6390,11.2
CN7,64MB,16,1,682,2114,3916,14353,14484,10.8
CN7,64MB,16,1,683,1778,3687,15401,16057,10.8
CN7,64MB,16,1,684,2024,4621,16319,19268,10.6
CN7,64MB,16,1,685,2442,4228,13698,13960,10.2
CN7,64MB,16,1,686,1549,2638,8586,9241,12.2
CN7,64MB,16,1,687,1795,2606,8455,14091,11.8
CN7,64MB,16,1,688,1778,3228,10814,14484,11.3
CN7,64MB,16,1,689,2057,3261,4883,5932,10.8
CN7,64MB,16,1,690,2040,3425,8291,9896,10.5
CN7,64MB,16,1,691,1942,3818,5669,6849,10.4
CN7,64MB,16,1,692,1532,2900,10945,10945,11.4
CN7,64MB,16,1,693,1958,3654,7832,8455,10.4
CN7,64MB,16,1,694,2245,3949,11731,14484,10.0
CN7,64MB,16,1,695,2180,5669,9241,12911,9851
CN7,64MB,16,1,696,1663,7242,13960,14091,10.3
CN7,64MB,16,1,697,2089,3621,14091,14353,9761
CN7,64MB,16,1,698,1958,3556,12649,13960,10.0
CN7,64MB,16,1,699,1582,7242,15795,17957,10.6
CN7,64MB,16,1,700,1467,2180,5211,14091,11.8
CN7,64MB,16,1,701,2442,3818,6980,8455,10.2
CN7,64MB,16,1,702,2073,4359,14091,14877,10.2
CN7,64MB,16,1,703,2089,4490,14877,17957,10.6
CN7,64MB,16,1,704,1795,3294,10028,10159,10.0
CN7,64MB,16,1,705,2278,3785,14091,15008,10.0
CN7,64MB,16,1,706,2212,4228,5800,7570,10.4
CN7,64MB,16,1,707,2180,4113,15139,15401,10.8
CN7,64MB,16,1,708,1762,9372,14353,14353,10.1
CN7,64MB,16,1,709,2147,4948,7767,9503,10.2
CN7,64MB,16,1,710,1975,3163,6390,6390,9673
CN7,64MB,16,1,711,1663,2769,10290,13173,11.3
CN7,64MB,16,1,712,2245,3720,14222,14353,10.6
CN7,64MB,16,1,713,2089,3982,7898,13566,10.0
CN7,64MB,16,1,714,1958,3687,14091,17695,10.3
CN7,64MB,16,1,715,2278,4228,8848,9372,9673
CN7,64MB,16,1,716,2442,4228,6390,9503,10.4
CN7,64MB,16,1,717,2057,5080,14877,15533,10.2
CN7,64MB,16,1,718,1827,7832,27395,27657,9419
CN7,64MB,16,1,719,1762,4424,30802,33817,9673
CN7,64MB,16,1,720,1467,2376,7963,9896,12.5
CN7,64MB,16,1,721,1516,3720,11207,19006,10.8
CN7,64MB,16,1,722,1319,1663,1827,2311,12.9
CN7,64MB,16,1,723,1860,1991,3294,7242,9761
CN7,64MB,16,1,724,1909,3752,7767,7832,10.0
CN7,64MB,16,1,725,1811,4015,10159,11994,10.4
CN7,64MB,16,1,726,1582,2606,9372,9896,11.8
CN7,64MB,16,1,727,1975,3064,14484,15139,11.2
CN7,64MB,16,1,728,2114,4293,14353,15926,9337
CN7,64MB,16,1,729,2147,6194,11469,16909,10.6
CN7,64MB,16,1,730,1467,1778,27132,66323,8455
CN7,64MB,16,1,731,1549,3425,6521,9503,10.8
CN7,64MB,16,1,732,1467,2900,31851,36439,9502
CN7,64MB,16,1,733,1582,4293,13435,13698,11.3
CN7,64MB,16,1,734,1614,3359,13173,13566,11.5
CN7,64MB,16,1,735,1745,3654,13566,14222,10.4
CN7,64MB,16,1,736,1532,4228,14615,20055,9942
CN7,64MB,16,1,737,2024,5145,13698,14091,9851
CN7,64MB,16,1,738,2114,5014,8586,10945,10.3
CN7,64MB,16,1,739,2024,4146,14353,15008,9256
CN7,64MB,16,1,740,1680,3621,12780,13173,10.6
CN7,64MB,16,1,741,2180,5473,13042,14484,9942
CN7,64MB,16,1,742,2376,4490,10159,17695,9942
CN7,64MB,16,1,743,1500,1680,2376,4817,11.9
CN7,64MB,16,1,744,1713,3458,14091,19268,9942
CN7,64MB,16,1,745,1991,3458,6849,9241,10.8
CN7,64MB,16,1,746,1696,2933,12387,14746,10.7
CN7,64MB,16,1,747,1500,2442,41157,41157,9023
CN7,64MB,16,1,748,1549,2114,3359,8717,11.5
CN7,64MB,16,1,749,1876,3228,14484,20317,10.0
CN7,64MB,16,1,750,1696,2343,8586,13829,11.2
CN7,64MB,16,1,751,2245,4490,14091,19006,9587
CN7,64MB,16,1,752,2180,4228,7111,11469,11.1
CN7,64MB,16,1,753,1795,3392,8356,14353,10.8
CN7,64MB,16,1,754,2114,3032,8094,11994,11.1
CN7,64MB,16,1,755,1942,10552,14746,15270,9419
CN7,64MB,16,1,756,2212,5538,13304,13435,10.0
CN7,64MB,16,1,757,1893,4424,14353,21103,10.6
CN7,64MB,16,1,758,1926,3490,7635,8160,11.2
CN7,64MB,16,1,759,2212,4113,6783,9241,10.4
CN7,64MB,16,1,760,2180,4817,12125,18220,9851
CN7,64MB,16,1,761,1696,4621,14091,14222,10.2
CN7,64MB,16,1,762,1369,1680,5473,14746,11.5
CN7,64MB,16,1,763,1893,2008,26870,26870,8659
CN7,64MB,16,1,764,1418,1663,1991,2278,11.5
CN7,64MB,16,1,765,2024,2802,13304,18744,9177
CN7,64MB,16,1,766,2507,5997,13960,16909,9587
CN7,64MB,16,1,767,1795,3720,9110,11731,10.4
CN7,64MB,16,1,768,2024,4015,7504,8356,10.1
CN7,64MB,16,1,769,2040,3163,5211,8586,11.2
CN7,64MB,16,1,770,2147,10552,15270,18220,9587
CN7,64MB,16,1,771,1942,3851,4948,5211,10.4
CN7,64MB,16,1,772,2024,3884,14091,14091,10.5
CN7,64MB,16,1,773,2180,3556,7767,8029,10.3
CN7,64MB,16,1,774,1795,4490,7963,10421,10.2
CN7,64MB,16,1,775,1958,4555,13566,14091,10.0
CN7,64MB,16,1,776,1680,4490,27395,30278,10.2
CN7,64MB,16,1,777,1549,2474,14353,14877,11.1
CN7,64MB,16,1,778,1500,2835,8225,12649,12.5
CN7,64MB,16,1,779,1516,2507,12649,12780,11.5
CN7,64MB,16,1,780,1811,3326,9634,10552,11.2
CN7,64MB,16,1,781,2311,7963,20055,20317,9942
CN7,64MB,16,1,782,2409,4359,11338,13435,10.5
CN7,64MB,16,1,783,1745,3556,13960,14222,9942
CN7,64MB,16,1,784,1729,6128,14353,20055,10.2
CN7,64MB,16,1,785,1909,4555,14222,15270,9942
CN7,64MB,16,1,786,1516,1762,3392,7635,11.3
CN7,64MB,16,1,787,2024,5145,14353,16188,10.4
CN7,64MB,16,1,788,1696,2933,7177,8160,12.1
CN7,64MB,16,1,789,2008,3818,8356,14746,9942
CN7,64MB,16,1,790,1958,3982,8356,13960,10.8
CN7,64MB,16,1,791,1631,2671,14353,20579,10.0
CN7,64MB,16,1,792,2147,4686,14091,17171,11.1
CN7,64MB,16,1,793,2245,3785,5276,10945,10.8
CN7,64MB,16,1,794,1827,3523,13042,18482,10.6
CN7,64MB,16,1,795,1565,1942,9634,11731,12.9
CN7,64MB,16,1,796,1385,1975,3294,3392,11.9
CN7,64MB,16,1,797,1991,3163,8979,9110,10.5
CN7,64MB,16,1,798,1876,3458,7570,13042,11.1
CN7,64MB,16,1,799,1827,3654,12518,13304,9761
CN7,64MB,16,1,800,1549,3130,9765,10159,11.9
CN7,64MB,16,1,801,2278,4293,9372,14353,10.7
CN7,64MB,16,1,802,1958,5276,11994,12387,10.4
CN7,64MB,16,1,803,1795,2507,14222,15401,10.7
CN7,64MB,16,1,804,1663,3163,11076,14746,10.4
CN7,64MB,16,1,805,1991,5538,9765,10683,10.4
CN7,64MB,16,1,806,2409,6521,13566,15926,9419
CN7,64MB,16,1,807,1369,6587,25822,25822,10.8
CN7,64MB,16,1,808,2008,3294,7111,10421,10.7
CN7,64MB,16,1,809,1729,2606,10814,16712,11.1
CN7,64MB,16,1,810,1778,4047,10552,14877,10.5
CN7,64MB,16,1,811,1762,5145,13698,13960,9673
CN7,64MB,16,1,812,1778,3752,25560,26870,9851
CN7,64MB,16,1,813,1762,2671,13960,19792,10.3
CN7,64MB,16,1,814,2409,4490,8979,13960,10.4
CN7,64MB,16,1,815,1991,4146,27657,28705,8801
CN7,64MB,16,1,816,1975,3818,14222,14484,9673
CN7,64MB,16,1,817,2040,6849,14091,14091,10.3
CN7,64MB,16,1,818,2311,5342,17957,23200,9942
CN7,64MB,16,1,819,1500,2114,2474,10552,12.8
CN7,64MB,16,1,820,1696,2343,2966,5276,11.1
CN7,64MB,16,1,821,1647,2474,5014,10814,10.0
CN7,64MB,16,1,822,1827,2573,4359,6521,12.2
CN7,64MB,16,1,823,1565,3064,4178,6521,11.2
CN7,64MB,16,1,824,2057,3752,7898,7963,11.2
CN7,64MB,16,1,825,2114,3916,13173,14484,10.3
CN7,64MB,16,1,826,1762,3621,8586,11469,10.0
CN7,64MB,16,1,827,1582,10814,17171,21627,9587
CN7,64MB,16,1,828,2409,4817,8094,14746,11.3
CN7,64MB,16,1,829,2245,3687,6194,6456,11.3
CN7,64MB,16,1,830,1811,3163,9241,14222,10.3
CN7,64MB,16,1,831,1483,2442,3556,10159,13.3
CN7,64MB,16,1,832,1942,4686,13435,20579,10.5
CN7,64MB,16,1,833,2278,4883,14353,17171,10.6
CN7,64MB,16,1,834,1631,3916,12518,12780,11.2
CN7,64MB,16,1,835,2212,4883,14091,14877,10.2
CN7,64MB,16,1,836,1811,5211,19792,20055,10.0
CN7,64MB,16,1,837,2040,3949,10159,12387,11.1
CN7,64MB,16,1,838,2311,3851,8455,13829,10.7
CN7,64MB,16,1,839,1680,3523,10028,10421,11.9
CN7,64MB,16,1,840,2147,6325,15139,15664,9942
CN7,64MB,16,1,841,2343,4621,14091,14222,10.0
CN7,64MB,16,1,842,1975,3752,9241,10945,10.4
CN7,64MB,16,1,843,2024,4359,12387,16057,9851
CN7,64MB,16,1,844,1532,2057,3916,13698,11.5
CN7,64MB,16,1,845,1516,2008,7767,12518,12.1
CN7,64MB,16,1,846,1795,3228,25822,27132,10.5
CN7,64MB,16,1,847,2180,4015,14222,18220,10.5
CN7,64MB,16,1,848,2147,4490,7635,11600,10.8
CN7,64MB,16,1,849,1827,3523,9896,13960,9419
CN7,64MB,16,1,850,1893,4293,14222,14222,10.3
CN7,64MB,16,1,851,2147,3589,6063,8291,10.7
CN7,64MB,16,2,1,2278,5932,17433,18482,9337
CN7,64MB,16,2,2,1844,2409,7504,12911,11.9
CN7,64MB,16,2,3,1631,2474,5800,15926,11.7
CN7,64MB,16,2,4,1565,2835,9372,11076,12.2
CN7,64MB,16,2,5,1663,2737,6783,11338,12.3
CN7,64MB,16,2,6,1876,6194,8979,10028,11.8
CN7,64MB,16,2,7,1647,2737,7635,13698,11.8
CN7,64MB,16,2,8,1631,2802,4883,6849,13.1
CN7,64MB,16,2,9,1811,2671,7439,12911,12.1
CN7,64MB,16,2,10,1647,2376,2933,8455,12.5
CN7,64MB,16,2,11,1827,2737,5800,8029,12.3
CN7,64MB,16,2,12,1811,2999,8717,14484,11.7
CN7,64MB,16,2,13,2024,3523,8848,20579,11.2
CN7,64MB,16,2,14,1893,4228,12125,13566,11.5
CN7,64MB,16,2,15,1893,3425,7898,8455,11.9
CN7,64MB,16,2,16,1631,1893,3425,11994,12.3
CN7,64MB,16,2,17,2114,4047,14091,14484,10.4
CN7,64MB,16,2,18,1876,5342,14484,20317,9502
CN7,64MB,16,2,19,2147,6128,18482,18744,10.0
CN7,64MB,16,2,20,2245,3916,10028,12780,10.5
CN7,64MB,16,2,21,1713,2802,11731,13304,12.3
CN7,64MB,16,2,22,1795,2704,5080,10290,11.4
CN7,64MB,16,2,23,1942,3064,5538,13829,11.1
CN7,64MB,16,2,24,2024,3326,9634,13304,11.3
CN7,64MB,16,2,25,1860,3261,12256,12256,11.7
CN7,64MB,16,2,26,2073,4015,14222,15270,11.1
CN7,64MB,16,2,27,2212,3916,9241,15533,10.1
CN7,64MB,16,2,28,2245,3982,11207,14615,10.6
CN7,64MB,16,2,29,2073,8717,9765,10290,10.0
CN7,64MB,16,2,30,1795,3195,8586,13960,12.2
CN7,64MB,16,2,31,2573,6325,14615,15664,9851
CN7,64MB,16,2,32,1729,2835,5866,8586,12.1
CN7,64MB,16,2,33,2147,4146,8455,15270,10.8
CN7,64MB,16,2,34,2114,11994,14746,23987,9761
CN7,64MB,16,2,35,1663,13829,14877,15139,10.0
CN7,64MB,16,2,36,1991,6128,14222,15401,10.1
CN7,64MB,16,2,37,2245,5014,11863,13304,10.8
CN7,64MB,16,2,38,1582,2311,7635,15401,12.2
CN7,64MB,16,2,39,1582,2737,7439,8455,12.3
CN7,64MB,16,2,40,2114,2933,4424,4621,11.7
CN7,64MB,16,2,41,1926,4015,14091,14877,10.0
CN7,64MB,16,2,42,1549,2278,7570,10028,12.5
CN7,64MB,16,2,43,1745,2212,5932,14222,12.1
CN7,64MB,16,2,44,2040,3163,8979,10552,11.3
CN7,64MB,16,2,45,1516,2278,7898,8160,12.8
CN7,64MB,16,2,46,1565,2180,33424,33817,10.4
CN7,64MB,16,2,47,1516,2376,14877,16712,11.9
CN7,64MB,16,2,48,1582,2147,5604,7242,12.9
CN7,64MB,16,2,49,1418,2999,4817,12780,12.2
CN7,64MB,16,2,50,1663,3163,5735,15533,12.3
CN7,64MB,16,2,51,1401,2376,8717,14484,12.3
CN7,64MB,16,2,52,2040,11338,22152,22152,10.1
CN7,64MB,16,2,53,1926,3261,8848,10028,11.4
CN7,64MB,16,2,54,1893,2933,9634,13960,11.9
CN7,64MB,16,2,55,2114,3785,10552,14091,10.4
CN7,64MB,16,2,56,1893,6390,14222,14353,9942
CN7,64MB,16,2,57,1926,3949,11076,14091,11.1
CN7,64MB,16,2,58,1926,4228,14615,19006,10.2
CN7,64MB,16,2,59,1991,3261,8291,12911,11.4
CN7,64MB,16,2,60,2073,4555,16712,17171,9761
CN7,64MB,16,2,61,2212,5211,10552,16188,9851
CN7,64MB,16,2,62,2507,12780,16450,18220,9587
CN7,64MB,16,2,63,1893,3523,10159,12780,11.4
CN7,64MB,16,2,64,2409,4621,8356,8717,10.7
CN7,64MB,16,2,65,2343,4621,11207,15533,10.8
CN7,64MB,16,2,66,1975,2278,4113,7373,11.7
CN7,64MB,16,2,67,1893,3425,8291,10159,11.7
CN7,64MB,16,2,68,2147,4359,6718,13304,10.8
CN7,64MB,16,2,69,2212,3916,8094,13173,11.3
CN7,64MB,16,2,70,2147,5080,12911,23200,10.1
CN7,64MB,16,2,71,2147,3556,6783,12387,11.3
CN7,64MB,16,2,72,2114,6259,15926,18744,9851
CN7,64MB,16,2,73,2376,4080,9896,11338,9761
CN7,64MB,16,2,74,2212,4113,10159,12125,11.2
CN7,64MB,16,2,75,2343,3687,8455,13829,10.6
CN7,64MB,16,2,76,1745,2343,7570,14353,12.6
CN7,64MB,16,2,77,2573,3752,12911,13698,10.5
CN7,64MB,16,2,78,2040,4080,7898,11076,10.7
CN7,64MB,16,2,79,2212,7898,14091,14222,9942
CN7,64MB,16,2,80,2474,4948,8291,15401,9851
CN7,64MB,16,2,81,1942,4555,31065,31851,9502
CN7,64MB,16,2,82,2057,9634,14877,20055,9851
CN7,64MB,16,2,83,2311,8455,15795,25035,9587
CN7,64MB,16,2,84,2089,4015,10552,11600,10.0
CN7,64MB,16,2,85,2114,4686,14222,18482,11.4
CN7,64MB,16,2,86,2089,5997,14615,18482,9851
CN7,64MB,16,2,87,2212,5145,14484,24249,9851
CN7,64MB,16,2,88,2057,3195,13960,14091,11.2
CN7,64MB,16,2,89,2507,4948,12256,14091,10.1
CN7,64MB,16,2,90,2343,4490,10814,13173,10.2
CN7,64MB,16,2,91,1844,4228,23200,23725,10.6
CN7,64MB,16,2,92,1876,2966,6849,11469,11.4
CN7,64MB,16,2,93,1532,2376,5211,11207,13.3
CN7,64MB,16,2,94,1762,2671,10028,13173,12.2
CN7,64MB,16,2,95,1827,2474,5014,12911,12.2
CN7,64MB,16,2,96,1401,2114,7767,13829,12.6
CN7,64MB,16,2,97,1631,2409,6980,9896,11.7
CN7,64MB,16,2,98,1745,3163,6915,15795,11.2
CN7,64MB,16,2,99,1680,2278,5604,10028,12.5
CN7,64MB,16,2,100,1942,3294,7242,7832,11.2
CN7,64MB,16,2,101,1795,2311,6456,6587,11.8
CN7,64MB,16,2,102,1876,3458,9634,13829,11.2
CN7,64MB,16,2,103,2147,3949,7963,8717,10.7
CN7,64MB,16,2,104,2147,3720,13566,14091,10.2
CN7,64MB,16,2,105,2040,3392,4686,4948,11.4
CN7,64MB,16,2,106,1631,2606,10683,10814,11.7
CN7,64MB,16,2,107,1958,3392,9110,13304,11.4
CN7,64MB,16,2,108,2114,4424,7177,8029,11.2
CN7,64MB,16,2,109,1876,3687,11469,11863,11.2
CN7,64MB,16,2,110,2114,3687,11469,14484,11.3
CN7,64MB,16,2,111,1680,2802,10421,14484,11.3
CN7,64MB,16,2,112,1696,4621,13304,17433,10.8
CN7,64MB,16,2,113,1893,4686,14091,15401,10.0
CN7,64MB,16,2,114,1795,2507,8291,12256,11.4
CN7,64MB,16,2,115,2073,3392,8586,14746,10.8
CN7,64MB,16,2,116,2147,3720,5407,6652,11.5
CN7,64MB,16,2,117,2376,4621,11207,11469,10.3
CN7,64MB,16,2,118,2409,3982,7504,9372,9851
CN7,64MB,16,2,119,2311,3425,14353,14484,10.4
CN7,64MB,16,2,120,2114,4817,14091,14222,10.1
CN7,64MB,16,2,121,1762,3163,11207,11469,11.8
CN7,64MB,16,2,122,1827,2507,6915,7635,11.9
CN7,64MB,16,2,123,2040,3916,11863,14484,10.7
CN7,64MB,16,2,124,2278,4686,9110,9634,11.2
CN7,64MB,16,2,125,1860,2966,9503,13829,11.9
CN7,64MB,16,2,126,1467,11338,41157,41157,8801
CN7,64MB,16,2,127,1909,2474,8848,15533,11.4
CN7,64MB,16,2,128,1680,2704,5866,8455,12.1
CN7,64MB,16,2,129,1663,2737,7373,8586,12.6
CN7,64MB,16,2,130,2024,3490,13698,18482,10.1
CN7,64MB,16,2,131,1893,3326,7439,8848,11.7
CN7,64MB,16,2,132,2245,3392,10290,10290,10.8
CN7,64MB,16,2,133,2245,3916,5538,9765,11.3
CN7,64MB,16,2,134,2278,3818,9896,9896,10.8
CN7,64MB,16,2,135,2057,4228,10945,13829,10.4
CN7,64MB,16,2,136,1991,3392,13173,13829,11.2
CN7,64MB,16,2,137,2212,4752,14091,14353,10.7
CN7,64MB,16,2,138,1942,3720,7570,13698,11.1
CN7,64MB,16,2,139,2507,5080,13435,16188,10.7
CN7,64MB,16,2,140,1975,3785,10552,17171,10.3
CN7,64MB,16,2,141,2278,3851,11731,13698,10.1
CN7,64MB,16,2,142,2540,4146,7898,8094,9761
CN7,64MB,16,2,143,1958,4178,19268,19530,9942
CN7,64MB,16,2,144,2442,5407,9634,26346,10.1
CN7,64MB,16,2,145,2147,7963,14222,14353,10.2
CN7,64MB,16,2,146,2114,3654,14091,14877,11.2
CN7,64MB,16,2,147,2180,4146,6718,7570,10.7
CN7,64MB,16,2,148,2507,4883,8717,12780,10.1
CN7,64MB,16,2,149,2474,4228,10945,15139,10.1
CN7,64MB,16,2,150,2507,4686,14091,16450,9851
CN7,64MB,16,2,151,2409,5669,13042,18744,10.0
CN7,64MB,16,2,152,2409,4686,10814,13960,10.7
CN7,64MB,16,2,153,2409,5473,8979,11994,9942
CN7,64MB,16,2,154,2114,4293,10290,14222,10.8
CN7,64MB,16,2,155,2409,4424,9241,10290,10.0
CN7,64MB,16,2,156,2442,4047,14091,14484,10.0
CN7,64MB,16,2,157,2212,5538,11600,15795,9761
CN7,64MB,16,2,158,2343,4621,11600,12125,10.5
CN7,64MB,16,2,159,2409,6259,14746,15008,9673
CN7,64MB,16,2,160,2376,4883,13829,13960,10.3
CN7,64MB,16,2,161,2278,4424,15008,19006,10.2
CN7,64MB,16,2,162,1516,2089,7177,12780,13.3
CN7,64MB,16,2,163,1795,7373,8848,13566,10.0
CN7,64MB,16,2,164,2442,7635,19268,21365,9419
CN7,64MB,16,2,165,2073,4113,7832,14746,10.5
CN7,64MB,16,2,166,1663,2868,5342,5932,12.3
CN7,64MB,16,2,167,2114,9896,16057,22938,9942
CN7,64MB,16,2,168,2057,3687,10552,14222,11.2
CN7,64MB,16,2,169,2212,8094,15664,18220,9502
CN7,64MB,16,2,170,2507,5669,19530,23987,9502
CN7,64MB,16,2,171,2008,4424,12125,13698,10.7
CN7,64MB,16,2,172,1729,3130,5866,6194,12.1
CN7,64MB,16,2,173,1860,3916,16057,16581,11.1
CN7,64MB,16,2,174,1795,2868,13042,13042,11.4
CN7,64MB,16,2,175,1975,2507,9372,12780,12.1
CN7,64MB,16,2,176,1844,4047,7635,10683,10.7
CN7,64MB,16,2,177,1844,2933,5145,8979,12.1
CN7,64MB,16,2,178,1762,3064,6980,13960,11.4
CN7,64MB,16,2,179,2245,4146,8225,11338,11.5
CN7,64MB,16,2,180,1795,3916,7701,8455,11.5
CN7,64MB,16,2,181,2180,4146,10290,11863,10.5
CN7,64MB,16,2,182,2573,4178,13960,14353,10.7
CN7,64MB,16,2,183,1827,14353,32113,36439,8324
CN7,64MB,16,2,184,1614,2540,5211,7701,11.9
CN7,64MB,16,2,185,1614,2409,4293,8848,12.5
CN7,64MB,16,2,186,1663,3851,15008,16909,10.6
CN7,64MB,16,2,187,2245,4883,8356,11994,10.6
CN7,64MB,16,2,188,2409,3785,9372,10945,10.6
CN7,64MB,16,2,189,2114,10945,14746,16188,9851
CN7,64MB,16,2,190,2114,5473,23462,23462,9177
CN7,64MB,16,2,191,2573,4817,9110,10028,10.6
CN7,64MB,16,2,192,2409,6128,13042,14353,10.2
CN7,64MB,16,2,193,2606,4621,7439,8225,10.8
CN7,64MB,16,2,194,1860,5211,16057,18220,9502
CN7,64MB,16,2,195,2409,5145,7635,13566,10.4
CN7,64MB,16,2,196,2376,5604,8455,13435,10.0
CN7,64MB,16,2,197,2278,4424,15533,15926,10.4
CN7,64MB,16,2,198,1516,2507,8848,12256,12.6
CN7,64MB,16,2,199,1811,2114,2671,12780,11.3
CN7,64MB,16,2,200,2212,6587,14353,16057,9587
CN7,64MB,16,2,201,2073,5473,11338,12125,10.5
CN7,64MB,16,2,202,2343,3916,8094,13566,11.3
CN7,64MB,16,2,203,2212,5866,14091,14091,10.1
CN7,64MB,16,2,204,2343,4948,13566,19006,10.3
CN7,64MB,16,2,205,2057,4490,19268,20579,9942
CN7,64MB,16,2,206,2089,3458,6652,8979,11.1
CN7,64MB,16,2,207,1696,3654,9241,13960,10.8
CN7,64MB,16,2,208,2311,4752,14222,14484,9942
CN7,64MB,16,2,209,2147,6783,13960,15139,9337
CN7,64MB,16,2,210,2089,5604,13304,13829,10.1
CN7,64MB,16,2,211,2573,5538,14484,15270,10.0
CN7,64MB,16,2,212,2442,4621,8979,13829,10.4
CN7,64MB,16,2,213,3064,4883,9765,17957,9587
CN7,64MB,16,2,214,2057,4146,13960,16057,10.7
CN7,64MB,16,2,215,1926,3687,7701,15139,11.7
CN7,64MB,16,2,216,2114,7570,21890,26608,9587
CN7,64MB,16,2,217,2311,4686,9503,11731,10.1
CN7,64MB,16,2,218,2073,4621,14091,14877,10.5
CN7,64MB,16,2,219,2442,4015,6456,6980,10.7
CN7,64MB,16,2,220,2540,5342,10290,15139,10.1
CN7,64MB,16,2,221,2343,5145,14091,14353,9942
CN7,64MB,16,2,222,2073,4752,14615,14877,10.2
CN7,64MB,16,2,223,1745,12518,19006,19268,9851
CN7,64MB,16,2,224,1975,5080,14353,18220,10.2
CN7,64MB,16,2,225,1975,5604,9634,11338,10.2
CN7,64MB,16,2,226,1958,5800,14222,14222,10.3
CN7,64MB,16,2,227,1844,2507,7111,13566,12.3
CN7,64MB,16,2,228,2180,3490,13435,15008,10.5
CN7,64MB,16,2,229,1860,9241,14091,17957,9851
CN7,64MB,16,2,230,1827,2606,8160,10290,11.8
CN7,64MB,16,2,231,2376,11338,14353,14484,9942
CN7,64MB,16,2,232,1991,4359,10159,11731,10.0
CN7,64MB,16,2,233,1647,2671,5800,6128,12.3
CN7,64MB,16,2,234,1418,2999,7701,13960,12.8
CN7,64MB,16,2,235,1762,2769,4146,14615,12.1
CN7,64MB,16,2,236,1483,2442,9241,13435,12.2
CN7,64MB,16,2,237,1778,2442,10028,13566,12.1
CN7,64MB,16,2,238,1713,3523,12125,12518,11.9
CN7,64MB,16,2,239,1811,2835,5735,8717,11.4
CN7,64MB,16,2,240,1598,2180,7111,9634,12.3
CN7,64MB,16,2,241,1565,2212,16909,18482,11.3
CN7,64MB,16,2,242,1778,2212,5342,8291,12.5
CN7,64MB,16,2,243,2040,5932,15139,19006,10.3
CN7,64MB,16,2,244,1696,2802,4883,5932,12.3
CN7,64MB,16,2,245,1598,2999,5145,7308,12.6
CN7,64MB,16,2,246,1991,3621,7570,10552,11.4
CN7,64MB,16,2,247,1467,2540,4621,4817,12.9
CN7,64MB,16,2,248,1663,2507,8717,10683,12.6
CN7,64MB,16,2,249,1745,2933,9765,10421,12.2
CN7,64MB,16,2,250,1532,2704,35390,36439,9502
CN7,64MB,16,2,251,2073,7111,14484,19006,9942
CN7,64MB,16,2,252,2057,3589,10290,15270,11.1
CN7,64MB,16,2,253,2180,4424,13566,14091,10.6
CN7,64MB,16,2,254,2147,4555,8717,12649,11.2
CN7,64MB,16,2,255,1975,3425,14877,18744,10.8
CN7,64MB,16,2,256,1483,5932,16581,16581,10.0
CN7,64MB,16,2,257,1713,2606,7177,8291,11.9
CN7,64MB,16,2,258,1926,2704,11338,11863,10.0
CN7,64MB,16,2,259,2376,5080,11863,13435,10.4
CN7,64MB,16,2,260,2008,5080,14746,15139,9177
CN7,64MB,16,2,261,2057,4113,7504,15401,10.6
CN7,64MB,16,2,262,1893,2704,8848,11731,11.5
CN7,64MB,16,2,263,1729,2540,9896,11076,11.9
CN7,64MB,16,2,264,1663,2474,4752,5407,11.7
CN7,64MB,16,2,265,1631,2474,6849,8356,12.2
CN7,64MB,16,2,266,1778,2507,4948,5211,11.8
CN7,64MB,16,2,267,1860,2180,4015,5997,11.8
CN7,64MB,16,2,268,1696,3425,10028,14353,11.3
CN7,64MB,16,2,269,1778,2311,5407,9896,11.8
