
CN8,256MB,16,1,1,1778,3032,6128,9372,12.9
CN8,256MB,16,1,2,1287,1713,4817,12387,15.4
CN8,256MB,16,1,3,1500,2040,4178,6783,14.8
CN8,256MB,16,1,4,1418,2507,8160,14222,14.2
CN8,256MB,16,1,5,1860,3326,943719,977273,3251
CN8,256MB,16,1,6,2147,3556,8291,13829,11.6
CN8,256MB,16,1,7,1696,3392,7439,12125,13.1
CN8,256MB,16,1,8,1745,3064,5407,10290,13.3
CN8,256MB,16,1,9,1614,3163,10028,15270,13.5
CN8,256MB,16,1,10,1778,2802,14091,19268,12.6
CN8,256MB,16,1,11,1876,3195,13173,15795,12.1
CN8,256MB,16,1,12,1631,3851,1786774,1786774,1994
CN8,256MB,16,1,13,2802,4113,1602225,1602225,2062
CN8,256MB,16,1,14,1663,2933,8455,17957,14.1
CN8,256MB,16,1,15,1729,4113,1300235,1300235,2549
CN8,256MB,16,1,16,1614,2900,6915,14091,14.0
CN8,256MB,16,1,17,1598,2966,5473,9503,13.9
CN8,256MB,16,1,18,1893,3130,13960,27132,12.7
CN8,256MB,16,1,19,2704,5014,6718,14484,9608
CN8,256MB,16,1,20,1352,2008,5145,8455,14.6
CN8,256MB,16,1,21,1450,2474,13042,19792,15.1
CN8,256MB,16,1,22,1287,1926,6456,14091,16.2
CN8,256MB,16,1,23,1860,2638,6325,8848,12.1
CN8,256MB,16,1,24,1565,2868,11863,21103,14.8
CN8,256MB,16,1,25,1614,2966,6325,15533,13.3
CN8,256MB,16,1,26,2040,3392,1484784,1501561,2294
CN8,256MB,16,1,27,1631,3097,8455,15926,13.4
CN8,256MB,16,1,28,1549,2212,14222,17957,12.7
CN8,256MB,16,1,29,1745,3949,14091,20055,12.7
CN8,256MB,16,1,30,1876,3982,22414,717226,4052
CN8,256MB,16,1,31,3621,5080,45351,54789,7317
CN8,256MB,16,1,32,3458,5014,1518339,1518339,2171
CN8,256MB,16,1,33,4752,6325,187696,187696,4826
CN8,256MB,16,1,34,1549,3752,13829,13960,14.2
CN8,256MB,16,1,35,2147,3654,14615,566232,4423
CN8,256MB,16,1,36,1729,3097,7046,13960,14.8
CN8,256MB,16,1,37,1270,1549,2704,14746,15.8
CN8,256MB,16,1,38,1631,2868,22414,3841983,1025
CN8,256MB,16,1,39,1598,3195,8979,12649,13.9
CN8,256MB,16,1,40,1450,2606,11207,19006,14.0
CN8,256MB,16,1,41,1352,2802,32637,43779,13.9
CN8,256MB,16,1,42,1483,6783,16909,23987,12.2
CN8,256MB,16,1,43,1614,3032,11600,15926,14.2
CN8,256MB,16,1,44,2114,3785,8717,14615,12.2
CN8,256MB,16,1,45,1975,4228,425722,429917,5302
CN8,256MB,16,1,46,1926,4948,1400898,1434452,2379
CN8,256MB,16,1,47,1532,2999,7046,8291,14.6
CN8,256MB,16,1,48,1319,2147,6259,8160,15.6
CN8,256MB,16,1,49,1893,3523,6783,8717,12.8
CN8,256MB,16,1,50,1729,2966,9372,12911,14.1
CN8,256MB,16,1,51,1663,3097,6456,11076,12.9
CN8,256MB,16,1,52,1565,2704,5407,14877,13.8
CN8,256MB,16,1,53,1729,3261,8717,12125,13.0
CN8,256MB,16,1,54,1663,3130,6456,13960,14.2
CN8,256MB,16,1,55,1942,3458,13304,15664,12.6
CN8,256MB,16,1,56,2409,9372,13566,16057,8911
CN8,256MB,16,1,57,1647,3163,6587,8029,13.3
CN8,256MB,16,1,58,3621,8979,14484,23200,8181
CN8,256MB,16,1,59,2769,9372,37487,58983,7255
CN8,256MB,16,1,60,1418,2343,4883,32637,14.9
CN8,256MB,16,1,61,1434,2966,7242,10683,14.1
CN8,256MB,16,1,62,1352,2212,4686,19006,15.4
CN8,256MB,16,1,63,2114,5538,14746,53740,7924
CN8,256MB,16,1,64,3064,4948,81265,926942,2603
CN8,256MB,16,1,65,2278,5211,11994,14484,11.0
CN8,256MB,16,1,66,1876,3326,6587,7701,13.3
CN8,256MB,16,1,67,1811,3392,6849,8291,13.8
CN8,256MB,16,1,68,1811,3130,8160,19268,13.9
CN8,256MB,16,1,69,1811,3949,10945,14484,14.2
CN8,256MB,16,1,70,1549,2671,7439,13960,15.3
CN8,256MB,16,1,71,1696,4293,13829,14746,12.0
CN8,256MB,16,1,72,1745,3458,9110,13829,14.1
CN8,256MB,16,1,73,2278,4359,517997,517997,4772
CN8,256MB,16,1,74,1631,3097,6325,15139,13.8
CN8,256MB,16,1,75,4178,5997,851444,859833,2826
CN8,256MB,16,1,76,1811,3720,1920992,1971323,1861
CN8,256MB,16,1,77,1778,2573,6783,10683,12.4
CN8,256MB,16,1,78,1631,3326,725615,742392,3962
CN8,256MB,16,1,79,3818,6259,9110,10290,8324
CN8,256MB,16,1,80,1565,2737,7308,17695,13.2
CN8,256MB,16,1,81,2073,3392,69731,210764,7781
CN8,256MB,16,1,82,3228,5866,1384121,1417675,2270
CN8,256MB,16,1,83,1418,2933,9503,19006,14.8
CN8,256MB,16,1,84,1844,3425,6325,8979,14.1
CN8,256MB,16,1,85,1713,3752,14746,21103,12.7
CN8,256MB,16,1,86,2057,3687,7242,10421,13.0
CN8,256MB,16,1,87,1663,2802,8225,16188,14.2
CN8,256MB,16,1,88,1729,3785,14222,16188,12.8
CN8,256MB,16,1,89,1549,3163,10552,26346,14.7
CN8,256MB,16,1,90,1958,4883,10552,12387,12.4
CN8,256MB,16,1,91,1549,3621,7963,12125,13.9
CN8,256MB,16,1,92,2147,4490,11863,24249,12.7
CN8,256MB,16,1,93,1762,3261,11600,15401,12.8
CN8,256MB,16,1,94,1795,3916,7373,19530,13.5
CN8,256MB,16,1,95,1811,4178,13960,15664,10.0
CN8,256MB,16,1,96,1385,6980,14353,24249,12.3
CN8,256MB,16,1,97,1893,4424,16319,27132,11.8
CN8,256MB,16,1,98,1516,2606,6783,15139,14.1
CN8,256MB,16,1,99,1647,2540,8717,17171,13.3
CN8,256MB,16,1,100,1713,3261,7570,396362,6279
CN8,256MB,16,1,101,2442,4424,574620,574620,4252
CN8,256MB,16,1,102,2474,5014,549454,549454,4531
CN8,256MB,16,1,103,1762,3326,10683,15664,12.6
CN8,256MB,16,1,104,2999,9503,658506,658506,3552
CN8,256MB,16,1,105,4817,6325,4278191,4278191,884
CN8,256MB,16,1,106,1713,2769,1019216,1027605,3130
CN8,256MB,16,1,107,1516,2606,11863,15008,15.1
CN8,256MB,16,1,108,1680,2999,5145,8717,13.9
CN8,256MB,16,1,109,1876,4146,19006,968885,3363
CN8,256MB,16,1,110,1549,3785,14091,20055,14.4
CN8,256MB,16,1,111,1827,3556,6915,14353,13.6
CN8,256MB,16,1,112,1631,3294,6063,13042,14.2
CN8,256MB,16,1,113,1696,3785,16188,26870,12.8
CN8,256MB,16,1,114,2147,4228,29754,1384121,2368
CN8,256MB,16,1,115,1893,3359,6718,8848,12.7
CN8,256MB,16,1,116,1696,3851,13304,15795,13.5
CN8,256MB,16,1,117,1876,3752,8717,14222,13.1
CN8,256MB,16,1,118,1663,3228,7373,8356,14.1
CN8,256MB,16,1,119,1385,2278,22152,22414,14.3
CN8,256MB,16,1,120,1631,3032,1400898,1417675,2450
CN8,256MB,16,1,121,1352,2638,14091,25822,15.2
CN8,256MB,16,1,122,1549,3261,10945,14484,13.7
CN8,256MB,16,1,123,1860,3654,10814,13960,12.0
CN8,256MB,16,1,124,1975,5342,9503,12256,10.4
CN8,256MB,16,1,125,2376,5997,9896,14222,9544
CN8,256MB,16,1,126,1631,3130,7635,13435,13.0
CN8,256MB,16,1,127,1893,3621,14877,23987,13.5
CN8,256MB,16,1,128,1958,4113,9372,17433,13.0
CN8,256MB,16,1,129,2147,4359,16188,23200,11.9
CN8,256MB,16,1,130,1991,3425,7046,13960,12.9
CN8,256MB,16,1,131,1549,2900,7832,14091,14.0
CN8,256MB,16,1,132,1614,5211,683672,683672,4022
CN8,256MB,16,1,133,2114,3884,8586,408945,4937
CN8,256MB,16,1,134,1532,2704,5014,7177,15.2
CN8,256MB,16,1,135,1696,3785,7832,11600,14.7
CN8,256MB,16,1,136,1663,3392,6521,11207,14.7
CN8,256MB,16,1,137,1729,3064,8029,9503,14.2
CN8,256MB,16,1,138,1729,4178,8225,14091,13.8
CN8,256MB,16,1,139,1696,2966,6980,10552,12.9
CN8,256MB,16,1,140,1663,3294,14091,22414,13.1
CN8,256MB,16,1,141,2180,7308,14222,14615,9439
CN8,256MB,16,1,142,7439,10683,19268,23200,5225
CN8,256MB,16,1,143,1516,2409,5604,14615,15.5
CN8,256MB,16,1,144,1434,2409,10945,20579,14.6
CN8,256MB,16,1,145,2073,3261,23200,25035,10.6
CN8,256MB,16,1,146,1647,2737,14091,14615,13.9
CN8,256MB,16,1,147,1778,3556,7701,14222,13.7
CN8,256MB,16,1,148,1860,3785,6783,9896,11.2
CN8,256MB,16,1,149,1467,2507,10421,19006,14.6
CN8,256MB,16,1,150,1696,3425,9110,13698,13.9
CN8,256MB,16,1,151,1549,5080,14746,19006,12.0
CN8,256MB,16,1,152,1975,4228,14877,23200,12.3
CN8,256MB,16,1,153,1647,3228,13435,15139,12.8
CN8,256MB,16,1,154,1647,3195,11994,17171,13.6
CN8,256MB,16,1,155,2442,4293,801113,801113,3506
CN8,256MB,16,1,156,1729,2802,5080,9372,12.6
CN8,256MB,16,1,157,1663,3163,5473,11338,12.3
CN8,256MB,16,1,158,2966,4621,566232,566232,3948
CN8,256MB,16,1,159,1811,4555,14353,23200,12.9
CN8,256MB,16,1,160,1909,3818,6194,10552,13.6
CN8,256MB,16,1,161,2802,5145,792724,792724,3455
CN8,256MB,16,1,162,1909,3359,11600,23200,13.4
CN8,256MB,16,1,163,1942,3261,6390,23987,11.2
CN8,256MB,16,1,164,1680,2868,5276,15795,13.2
CN8,256MB,16,1,165,1860,3720,13698,24249,13.1
CN8,256MB,16,1,166,1827,3687,8586,12911,13.3
CN8,256MB,16,1,167,1975,3851,985662,985662,3229
CN8,256MB,16,1,168,3458,5407,8356,9896,8765
CN8,256MB,16,1,169,1500,3032,7308,11338,15.3
CN8,256MB,16,1,170,2057,4178,566232,574620,4623
CN8,256MB,16,1,171,2409,9372,16581,16712,8624
CN8,256MB,16,1,172,2212,7177,10290,14353,8967
CN8,256MB,16,1,173,1237,1467,2573,12256,16.6
CN8,256MB,16,1,174,1418,2769,6194,8225,15.0
CN8,256MB,16,1,175,1778,3064,9110,17957,13.9
CN8,256MB,16,1,176,1696,2737,7373,15139,14.7
CN8,256MB,16,1,177,1696,3326,7111,26346,13.6
CN8,256MB,16,1,178,3195,5276,88605,89654,7317
CN8,256MB,16,1,179,1663,3785,8848,13435,12.9
CN8,256MB,16,1,180,1860,3884,9110,14222,13.5
CN8,256MB,16,1,181,2900,4752,16188,16712,8659
CN8,256MB,16,1,182,4752,9634,1501561,1518339,2012
CN8,256MB,16,1,183,1762,4047,5670700,5670700,711
CN8,256MB,16,1,184,1401,3032,14222,17433,13.2
CN8,256MB,16,1,185,2442,8029,21103,27395,8694
CN8,256MB,16,1,186,1532,2704,9372,23462,13.8
CN8,256MB,16,1,187,1876,3687,10290,20579,13.4
CN8,256MB,16,1,188,1532,2442,8586,20055,14.5
CN8,256MB,16,1,189,1385,2474,10552,14484,14.7
CN8,256MB,16,1,190,1631,2638,7242,14353,14.2
CN8,256MB,16,1,191,1598,3458,1468007,1468007,2373
CN8,256MB,16,1,192,1483,2966,10814,19006,13.4
CN8,256MB,16,1,193,2147,4080,3573548,3573548,1082
CN8,256MB,16,1,194,2245,4490,9765,14746,12.6
CN8,256MB,16,1,195,1172,1319,2343,2868,16.4
CN8,256MB,16,1,196,1532,2704,7046,10028,13.9
CN8,256MB,16,1,197,1811,3130,6849,10028,13.8
CN8,256MB,16,1,198,1713,3589,12387,20579,14.5
CN8,256MB,16,1,199,1713,3064,7635,11863,13.9
CN8,256MB,16,1,200,1795,3294,6456,8455,12.7
CN8,256MB,16,1,201,2606,7504,13435,15401,9481
CN8,256MB,16,1,202,1729,3261,11731,14746,13.8
CN8,256MB,16,1,203,1926,3458,6587,8029,13.5
CN8,256MB,16,1,204,1729,3785,8979,14615,13.1
CN8,256MB,16,1,205,1762,3064,6390,10945,13.4
CN8,256MB,16,1,206,1418,3621,13960,20317,13.7
CN8,256MB,16,1,207,2147,4228,1317012,1333789,2519
CN8,256MB,16,1,208,1336,2147,3425,10028,15.8
CN8,256MB,16,1,209,1270,1942,10421,14091,15.8
CN8,256MB,16,1,210,2089,8848,175113,175113,8134
CN8,256MB,16,1,211,2376,4817,2088764,2088764,1724
CN8,256MB,16,1,212,1450,2573,6259,15926,14.7
CN8,256MB,16,1,213,1745,3458,14222,16057,13.3
CN8,256MB,16,1,214,2311,4015,7373,11338,12.2
CN8,256MB,16,1,215,1827,3458,9372,14877,12.6
CN8,256MB,16,1,216,1467,3982,14091,18220,12.5
CN8,256MB,16,1,217,1795,5342,15664,21103,12.0
CN8,256MB,16,1,218,1795,3097,7111,17957,12.2
CN8,256MB,16,1,219,1876,3851,7635,11076,11.4
CN8,256MB,16,1,220,1860,2868,4686,12518,12.5
CN8,256MB,16,1,221,1958,3654,9896,14746,12.9
CN8,256MB,16,1,222,1483,4146,3036677,3036677,1269
CN8,256MB,16,1,223,3851,10028,3204449,3204449,1134
CN8,256MB,16,1,224,1827,3523,8455,12518,13.9
CN8,256MB,16,1,225,1598,3130,6194,9503,13.9
CN8,256MB,16,1,226,1663,3687,12649,40109,13.5
CN8,256MB,16,1,227,1844,5080,17957,26870,12.5
CN8,256MB,16,1,228,1352,2114,3032,14615,15.5
CN8,256MB,16,1,229,1827,3228,11600,549454,4526
CN8,256MB,16,1,230,2008,3523,3372221,3405775,1143
CN8,256MB,16,1,231,1680,3195,13960,14877,12.0
CN8,256MB,16,1,232,1975,4047,8979,14222,13.9
CN8,256MB,16,1,233,1844,3425,6521,8717,14.2
CN8,256MB,16,1,234,1614,3621,8979,16712,13.5
CN8,256MB,16,1,235,1549,3163,13960,18220,14.7
CN8,256MB,16,1,236,1434,2474,5538,13042,15.8
CN8,256MB,16,1,237,1287,1958,5014,8455,16.1
CN8,256MB,16,1,238,1303,2147,6652,7963,15.8
CN8,256MB,16,1,239,1762,4359,14222,14484,12.2
CN8,256MB,16,1,240,2966,4490,2936013,2936013,1267
CN8,256MB,16,1,241,1516,4424,15664,23987,11.9
CN8,256MB,16,1,242,1450,4424,15795,23462,12.1
CN8,256MB,16,1,243,1909,5669,13304,61080,8356
CN8,256MB,16,1,244,1844,4080,13960,24249,13.1
CN8,256MB,16,1,245,2343,6915,708838,6878659,533
CN8,256MB,16,1,246,1958,3425,11207,17695,13.0
CN8,256MB,16,1,247,1729,3720,7439,11600,14.3
CN8,256MB,16,1,248,1762,3752,9110,14353,14.1
CN8,256MB,16,1,249,1893,3654,13960,23200,12.9
CN8,256MB,16,1,250,1500,2540,8455,21627,14.9
CN8,256MB,16,1,251,1483,4621,14484,22152,12.4
CN8,256MB,16,1,252,1811,4080,14353,22414,12.9
CN8,256MB,16,1,253,1483,5932,16909,27132,12.3
CN8,256MB,16,1,254,1745,3621,8094,13304,13.9
CN8,256MB,16,1,255,1975,3359,18220,27395,12.2
CN8,256MB,16,1,256,1156,1385,2474,8717,17.0
CN8,256MB,16,1,257,1205,1352,6325,13304,16.6
CN8,256MB,16,1,258,1287,1811,8979,16057,16.0
CN8,256MB,16,1,259,1532,3130,8979,14484,14.3
CN8,256MB,16,1,260,1909,3195,6128,9896,13.6
CN8,256MB,16,1,261,1434,3589,10028,14091,13.7
CN8,256MB,16,1,262,1811,4621,14353,16319,12.9
CN8,256MB,16,1,263,1647,3752,13173,14484,13.8
CN8,256MB,16,1,264,1795,3687,7832,15401,13.5
CN8,256MB,16,1,265,2073,4817,270533,283116,6316
CN8,256MB,16,1,266,1827,3949,14222,17433,12.9
CN8,256MB,16,1,267,1418,2311,4490,8356,14.8
CN8,256MB,16,1,268,1729,3720,7767,11600,13.7
CN8,256MB,16,1,269,1811,3523,7111,13566,13.1
CN8,256MB,16,1,270,1680,3687,9765,13304,13.9
CN8,256MB,16,1,271,1876,4015,10814,14615,13.5
CN8,256MB,16,1,272,1631,3228,8094,16581,14.6
CN8,256MB,16,1,273,1287,2147,4686,9503,15.0
CN8,256MB,16,1,274,5997,10683,12649,15401,6225
CN8,256MB,16,1,275,1827,2573,11469,14091,12.3
CN8,256MB,16,1,276,1303,2040,3818,10290,16.2
CN8,256MB,16,1,277,1631,3130,11600,15533,14.0
CN8,256MB,16,1,278,1762,3490,5800,13304,13.4
CN8,256MB,16,1,279,1663,3621,12387,20841,12.9
CN8,256MB,16,1,280,1860,3097,5735,10552,14.5
CN8,256MB,16,1,281,1614,3687,12649,14222,13.6
CN8,256MB,16,1,282,1172,1287,2474,3425,17.3
CN8,256MB,16,1,283,1221,1467,2442,14353,16.3
CN8,256MB,16,1,284,1188,1450,2376,11731,16.6
CN8,256MB,16,1,285,1319,2180,5997,13960,15.2
CN8,256MB,16,1,286,1352,2278,6325,13829,14.9
CN8,256MB,16,1,287,1745,3851,14091,18744,13.1
CN8,256MB,16,1,288,1778,3851,13829,666895,4507
CN8,256MB,16,1,289,1909,3851,9634,14746,13.3
CN8,256MB,16,1,290,1795,4228,8094,18744,13.2
CN8,256MB,16,1,291,1647,3851,14484,20317,13.1
CN8,256MB,16,1,292,2114,3720,12387,23987,12.3
CN8,256MB,16,1,293,1811,3851,9765,17171,13.7
CN8,256MB,16,1,294,1303,2737,6652,1027605,3158
CN8,256MB,16,1,295,1221,1631,3064,14353,16.0
CN8,256MB,16,1,296,1614,3097,6194,14484,14.3
CN8,256MB,16,1,297,2073,3359,5669,7898,13.1
CN8,256MB,16,1,298,1876,3523,7439,15008,13.6
CN8,256MB,16,1,299,2073,3621,7373,13829,13.3
CN8,256MB,16,1,300,1827,3654,10683,15139,13.6
CN8,256MB,16,1,301,1565,3294,9372,22938,13.6
CN8,256MB,16,1,302,1205,1434,5276,7046,16.7
CN8,256MB,16,1,303,1188,1319,1909,13173,16.7
CN8,256MB,16,1,304,1254,1975,5407,16712,16.5
CN8,256MB,16,1,305,2008,4948,15139,23200,12.7
CN8,256MB,16,1,306,1319,4228,16909,23200,11.0
CN8,256MB,16,1,307,1844,3916,6980,9634,13.1
CN8,256MB,16,1,308,1778,3785,6128,13960,13.5
CN8,256MB,16,1,309,1795,2966,12649,17957,13.4
CN8,256MB,16,1,310,1614,3032,7635,15926,13.5
CN8,256MB,16,1,311,1713,3425,9634,14746,13.8
CN8,256MB,16,1,312,2040,3687,10683,14222,13.5
CN8,256MB,16,1,313,1729,2606,5997,14746,12.7
CN8,256MB,16,1,314,1303,2180,7242,18220,15.5
CN8,256MB,16,1,315,1303,1991,3458,13304,15.5
CN8,256MB,16,1,316,1762,3163,10290,15270,12.7
CN8,256MB,16,1,317,1811,3195,6325,11338,14.6
CN8,256MB,16,1,318,1991,3687,8717,164627,8747
CN8,256MB,16,1,319,1926,3654,9896,13698,13.0
CN8,256MB,16,1,320,1795,3818,7373,10945,13.9
CN8,256MB,16,1,321,1565,3752,14484,22152,13.1
CN8,256MB,16,1,322,1418,3064,13960,16909,13.0
CN8,256MB,16,1,323,1893,3359,5604,9110,13.4
CN8,256MB,16,1,324,1926,3982,14222,15401,12.7
CN8,256MB,16,1,325,1500,3458,6980,9372,14.2
CN8,256MB,16,1,326,1450,2999,12125,14615,15.1
CN8,256MB,16,1,327,1237,1483,2311,10290,16.9
CN8,256MB,16,1,328,1336,2212,7308,72877,12.8
CN8,256MB,16,1,329,3851,7963,1652556,1652556,1908
CN8,256MB,16,1,330,2835,5800,14615,3741320,1009
CN8,256MB,16,1,331,1811,4015,6783,22414,13.5
CN8,256MB,16,1,332,1778,3687,8029,12649,13.0
CN8,256MB,16,1,333,1762,3621,9110,14484,14.3
CN8,256MB,16,1,334,1336,2147,7177,10421,14.7
CN8,256MB,16,1,335,1237,1811,6259,13304,16.5
CN8,256MB,16,1,336,1172,1385,2933,6128,16.2
CN8,256MB,16,1,337,1483,2933,10814,14091,14.9
CN8,256MB,16,1,338,1598,2737,4817,7177,14.5
CN8,256MB,16,1,339,1713,3359,6783,13960,13.0
CN8,256MB,16,1,340,1844,4359,14353,30802,12.6
CN8,256MB,16,1,341,1483,3818,14222,17957,12.7
CN8,256MB,16,1,342,1336,2573,9896,16909,15.4
CN8,256MB,16,1,343,2073,3916,14484,1619002,2195
CN8,256MB,16,1,344,1762,3130,7177,11994,13.7
CN8,256MB,16,1,345,1795,3621,8356,14484,13.8
CN8,256MB,16,1,346,1303,2343,7373,15926,15.0
CN8,256MB,16,1,347,1205,1483,11731,22414,16.2
CN8,256MB,16,1,348,1844,3752,10290,14222,13.2
CN8,256MB,16,1,349,1352,2114,4621,38536,14.2
CN8,256MB,16,1,350,1532,3949,14484,20055,13.2
CN8,256MB,16,1,351,1696,3752,9765,18220,14.2
CN8,256MB,16,1,352,1647,3326,6718,14877,13.9
CN8,256MB,16,1,353,1991,3458,9765,19792,13.4
CN8,256MB,16,1,354,2089,3851,11338,19792,12.5
CN8,256MB,16,1,355,1778,3621,6849,8848,14.6
CN8,256MB,16,1,356,2024,3851,7177,17957,12.6
CN8,256MB,16,1,357,1369,8291,14091,22152,12.6
CN8,256MB,16,1,358,1811,3785,9765,19268,14.1
CN8,256MB,16,1,359,1532,3785,10945,14877,13.9
CN8,256MB,16,1,360,1221,1532,4424,9896,16.5
CN8,256MB,16,1,361,1188,1385,3818,8586,17.2
CN8,256MB,16,1,362,1319,2835,8717,3070231,1274
CN8,256MB,16,1,363,1647,4113,12387,15139,14.4
CN8,256MB,16,1,364,1631,3818,7963,13042,13.5
CN8,256MB,16,1,365,1778,3982,9634,17171,12.9
CN8,256MB,16,1,366,1352,2835,14091,14222,14.1
CN8,256MB,16,1,367,1680,2802,4490,10683,14.4
CN8,256MB,16,1,368,1270,1876,3785,8356,14.5
CN8,256MB,16,1,369,1123,1369,1991,8455,17.5
CN8,256MB,16,1,370,1352,2802,2969568,2969568,1303
CN8,256MB,16,1,371,1795,2966,229639,235930,7629
CN8,256MB,16,1,372,1500,3097,8029,12518,14.4
CN8,256MB,16,1,373,1631,3884,10159,14091,14.1
CN8,256MB,16,1,374,1975,3785,6915,7963,12.6
CN8,256MB,16,1,375,1795,3490,13829,22938,13.1
CN8,256MB,16,1,376,1696,3752,14222,14353,13.7
CN8,256MB,16,1,377,1614,3523,7767,14222,13.7
CN8,256MB,16,1,378,1369,2376,6128,23987,15.3
CN8,256MB,16,1,379,1729,3425,6718,742392,4182
CN8,256MB,16,1,380,1156,1319,1827,2704,16.0
CN8,256MB,16,1,381,1172,1582,3556,13173,16.0
CN8,256MB,16,1,382,1319,2057,3752,13173,16.1
CN8,256MB,16,1,383,1598,2540,5080,7308,14.2
CN8,256MB,16,1,384,1713,3294,6259,25035,14.2
CN8,256MB,16,1,385,1663,3032,14222,25035,13.8
CN8,256MB,16,1,386,1827,4359,14222,17171,12.5
CN8,256MB,16,1,387,2040,3556,12911,21103,13.3
CN8,256MB,16,1,388,1876,4359,16909,21627,12.0
CN8,256MB,16,1,389,1876,3752,13829,14353,13.9
CN8,256MB,16,1,390,1598,3228,7111,14877,13.3
CN8,256MB,16,1,391,1598,3458,7046,15008,13.7
CN8,256MB,16,1,392,3720,11863,1619002,1619002,1839
CN8,256MB,16,1,393,1254,1876,3130,5080,16.1
CN8,256MB,16,1,394,1745,3326,6390,9110,13.3
CN8,256MB,16,1,395,1844,3523,6063,14615,13.8
CN8,256MB,16,1,396,2008,3490,6194,8455,13.6
CN8,256MB,16,1,397,1795,3949,6980,13304,13.3
CN8,256MB,16,1,398,1696,3654,13173,14484,13.8
CN8,256MB,16,1,399,1729,3130,6783,18220,13.5
CN8,256MB,16,1,400,1893,3589,8586,13566,13.6
CN8,256MB,16,1,401,1844,3818,10159,13960,13.4
CN8,256MB,16,1,402,1221,1926,2769,3654,15.9
CN8,256MB,16,1,403,1237,1713,3720,8848,16.5
CN8,256MB,16,1,404,1598,2540,7701,16712,14.7
CN8,256MB,16,1,405,1172,1483,2769,9372,15.7
CN8,256MB,16,1,406,1450,3326,8979,10421,14.5
CN8,256MB,16,1,407,1582,3752,8160,14222,13.0
CN8,256MB,16,1,408,1467,3359,33817,36963,13.2
CN8,256MB,16,1,409,1467,2376,7111,15795,15.7
CN8,256MB,16,1,410,1270,1876,4883,14484,16.2
CN8,256MB,16,1,411,1221,1549,2278,2671,16.3
CN8,256MB,16,1,412,1188,1631,6652,10683,16.2
CN8,256MB,16,1,413,1598,3654,8586,13829,14.2
CN8,256MB,16,1,414,1926,3490,8356,12780,13.7
CN8,256MB,16,1,415,1745,3326,7898,26084,14.6
CN8,256MB,16,1,416,1270,2057,6587,20841,15.8
CN8,256MB,16,1,417,1221,2540,717226,1283458,2743
CN8,256MB,16,1,418,1565,2704,5276,6783,14.4
CN8,256MB,16,1,419,1450,2868,6128,9110,14.6
CN8,256MB,16,1,420,1893,3556,6849,15533,13.9
CN8,256MB,16,1,421,1680,3621,26346,50594,12.6
CN8,256MB,16,1,422,1434,2540,5080,15533,13.8
CN8,256MB,16,1,423,1582,3687,13698,15664,13.5
CN8,256MB,16,1,424,1696,4359,15533,23200,11.7
CN8,256MB,16,1,425,1696,4047,14615,22152,12.4
CN8,256MB,16,1,426,1860,4228,14353,20317,12.0
CN8,256MB,16,1,427,1582,3556,8455,15008,14.3
CN8,256MB,16,1,428,1237,1909,10028,14222,16.5
CN8,256MB,16,1,429,3851,6915,2902459,2902459,1234
CN8,256MB,16,1,430,1614,4228,42730,1350566,2422
CN8,256MB,16,1,431,1516,2573,5669,8979,14.8
CN8,256MB,16,1,432,1958,3392,6063,15270,13.3
CN8,256MB,16,1,433,1827,3326,9372,13960,13.8
CN8,256MB,16,1,434,3916,12518,65274,270533,4060
CN8,256MB,16,1,435,1811,4146,7373,18744,13.1
CN8,256MB,16,1,436,2147,4883,9110,17171,10.3
CN8,256MB,16,1,437,1287,1614,2376,3818,16.3
CN8,256MB,16,1,438,1287,1483,2671,12911,16.3
CN8,256MB,16,1,439,1270,2057,6325,18220,15.4
CN8,256MB,16,1,440,2040,3097,17433,893387,3455
CN8,256MB,16,1,441,1680,2573,7963,18220,13.2
CN8,256MB,16,1,442,1680,4293,16581,27395,12.1
CN8,256MB,16,1,443,4686,6390,10421,17171,7329
CN8,256MB,16,1,444,1729,3294,13829,22152,12.6
CN8,256MB,16,1,445,1319,1844,7898,16188,14.9
CN8,256MB,16,1,446,1729,3195,6259,11600,13.3
CN8,256MB,16,1,447,2245,4424,2231370,2231370,1647
CN8,256MB,16,1,448,2638,4752,1417675,1417675,2314
CN8,256MB,16,1,449,1663,2933,11863,14615,13.7
CN8,256MB,16,1,450,1467,3425,13960,18220,12.6
CN8,256MB,16,1,451,1532,3458,9110,12780,14.0
CN8,256MB,16,1,452,1680,3195,11994,14222,13.1
CN8,256MB,16,1,453,1598,2769,9241,21627,14.7
CN8,256MB,16,1,454,1631,4146,12256,20055,12.3
CN8,256MB,16,1,455,2073,3589,2634023,2634023,1454
CN8,256MB,16,1,456,1516,2606,8094,14484,14.4
CN8,256MB,16,1,457,1713,3326,14353,25035,13.2
CN8,256MB,16,1,458,1663,3458,12256,16188,12.7
CN8,256MB,16,1,459,1795,3752,7701,11600,13.2
CN8,256MB,16,1,460,2114,3851,11207,19530,12.0
CN8,256MB,16,1,461,5932,12387,57934,58983,5095
CN8,256MB,16,1,462,1778,4359,3137340,3137340,1229
CN8,256MB,16,1,463,1745,3785,666895,675283,4114
CN8,256MB,16,1,464,1844,3195,1182794,1182794,2767
CN8,256MB,16,1,465,1598,3392,10683,11076,13.8
CN8,256MB,16,1,466,1500,2442,3523,8586,13.8
CN8,256MB,16,1,467,1926,3621,3439330,3439330,1140
CN8,256MB,16,1,468,1532,3490,8848,10814,14.0
CN8,256MB,16,1,469,2057,4686,15533,3506439,1104
CN8,256MB,16,1,470,1729,3064,6390,7701,13.4
CN8,256MB,16,1,471,1729,3163,7177,15008,12.4
CN8,256MB,16,1,472,1795,3130,6521,9503,13.5
CN8,256MB,16,1,473,1434,2442,4948,14222,15.1
CN8,256MB,16,1,474,1582,2606,8455,14091,13.9
CN8,256MB,16,1,475,1336,2999,17695,27132,14.1
CN8,256MB,16,1,476,1926,4359,28443,3439330,1104
CN8,256MB,16,1,477,1942,4490,15401,24511,11.0
CN8,256MB,16,1,478,2835,9765,15401,15533,7866
CN8,256MB,16,1,479,2573,3752,734004,809501,3512
CN8,256MB,16,1,480,1172,1663,13435,45351,15.1
CN8,256MB,16,1,481,1336,2376,5014,7308,15.4
CN8,256MB,16,1,482,1385,3064,23987,1937769,1916
CN8,256MB,16,1,483,1549,2999,8291,10290,14.0
CN8,256MB,16,1,484,1680,3785,13173,14222,14.1
CN8,256MB,16,1,485,1827,4293,9765,17695,13.2
CN8,256MB,16,1,486,1795,4047,10028,19006,13.7
CN8,256MB,16,1,487,1483,3392,13960,21103,12.2
CN8,256MB,16,1,488,1926,3228,1052771,1052771,3068
CN8,256MB,16,1,489,3032,5342,1061159,1069548,2800
CN8,256MB,16,1,490,1188,1565,3687,14877,15.2
CN8,256MB,16,1,491,1434,3195,52167,725615,3933
CN8,256MB,16,1,492,1647,3752,14222,17695,13.6
CN8,256MB,16,1,493,1532,2933,9503,14091,14.1
CN8,256MB,16,1,494,1188,1385,2180,3556,16.6
CN8,256MB,16,1,495,1188,2311,7439,434111,5908
CN8,256MB,16,1,496,1631,2704,4424,107480,9695
CN8,256MB,16,1,497,1434,2343,5342,9503,15.8
CN8,256MB,16,1,498,1729,2540,6325,14746,13.5
CN8,256MB,16,1,499,1713,3458,8356,15139,14.3
CN8,256MB,16,1,500,1614,3195,7373,20317,14.7
CN8,256MB,16,1,501,2507,5538,1518339,1518339,2257
CN8,256MB,16,1,502,1942,5735,484443,497026,4741
CN8,256MB,16,1,503,1221,1876,3916,10421,16.5
CN8,256MB,16,1,504,1467,3425,11994,19792,14.4
CN8,256MB,16,1,505,1516,3359,8094,17433,14.1
CN8,256MB,16,1,506,1598,3261,7570,14484,14.0
CN8,256MB,16,1,507,1467,3032,5669,34866,14.2
CN8,256MB,16,1,508,1778,4080,10290,14484,14.1
CN8,256MB,16,1,509,1549,3228,10945,16188,14.2
CN8,256MB,16,1,510,1549,3752,14484,20055,12.2
CN8,256MB,16,1,511,1369,2311,4555,11076,15.3
CN8,256MB,16,1,512,1237,1582,5538,14091,16.3
CN8,256MB,16,1,513,1221,1418,2409,13960,17.2
CN8,256MB,16,1,514,1614,3130,10421,147850,8422
CN8,256MB,16,1,515,1254,3490,13960,14091,12.3
CN8,256MB,16,1,516,1582,2900,13042,17171,13.4
CN8,256MB,16,1,517,1647,3097,7439,10814,14.3
CN8,256MB,16,1,518,1975,4293,2801796,2801796,1351
CN8,256MB,16,1,519,1991,3687,6587,2734687,1378
CN8,256MB,16,1,520,1319,2507,15401,27657,15.1
CN8,256MB,16,1,521,1680,3326,8586,14222,13.3
CN8,256MB,16,1,522,1303,2343,8586,16319,14.7
CN8,256MB,16,1,523,1532,2573,13435,14222,14.5
CN8,256MB,16,1,524,1647,3294,13829,20055,12.6
CN8,256MB,16,1,525,1631,3589,8160,14353,13.3
CN8,256MB,16,1,526,1827,3982,7832,17433,12.9
CN8,256MB,16,1,527,1287,1729,2343,7111,16.1
CN8,256MB,16,1,528,1237,1762,7504,13829,15.0
CN8,256MB,16,1,529,1745,3425,9241,110625,9873
CN8,256MB,16,1,530,4621,6783,3539993,3539993,1034
CN8,256MB,16,1,531,1500,3294,10945,18220,13.0
CN8,256MB,16,1,532,1713,3064,8225,16450,12.7
CN8,256MB,16,1,533,1614,2704,1887437,1904215,1911
CN8,256MB,16,1,534,1598,2638,7504,13173,14.0
CN8,256MB,16,1,535,1418,3523,11994,16581,13.1
CN8,256MB,16,1,536,1336,1745,3032,13304,14.8
CN8,256MB,16,1,537,7111,12649,2969568,2969568,817
CN8,256MB,16,1,538,1696,2573,5604,9896,12.3
CN8,256MB,16,1,539,1876,3916,14484,19792,12.1
CN8,256MB,16,1,540,1713,2966,6521,13829,13.4
CN8,256MB,16,1,541,1598,2835,5604,10290,14.2
CN8,256MB,16,1,542,1598,3261,6325,15008,13.7
CN8,256MB,16,1,543,1205,1418,2409,9241,17.4
CN8,256MB,16,1,544,1336,1893,3506439,3539993,1123
CN8,256MB,16,1,545,5866,11469,18482,1182794,2167
CN8,256MB,16,1,546,1827,3359,11863,16319,13.3
CN8,256MB,16,1,547,1598,3195,13566,14746,13.2
CN8,256MB,16,1,548,2073,3851,8455,17171,12.9
CN8,256MB,16,1,549,1319,2089,4424,11338,16.2
CN8,256MB,16,1,550,4113,6128,1619002,1619002,1971
CN8,256MB,16,1,551,1893,3556,7832,14877,11.9
CN8,256MB,16,1,552,1385,3097,7570,14484,13.8
CN8,256MB,16,1,553,1614,3195,12125,14091,14.1
CN8,256MB,16,1,554,2024,4015,15270,22152,12.8
CN8,256MB,16,1,555,1696,3163,8586,14353,13.9
CN8,256MB,16,1,556,2769,7504,14091,17695,9256
CN8,256MB,16,1,557,1745,3425,6849,9110,13.3
CN8,256MB,16,1,558,1713,4228,14222,526386,4720
CN8,256MB,16,1,559,4424,12387,1249903,1249903,2320
CN8,256MB,16,1,560,2409,5997,446694,446694,4720
CN8,256MB,16,1,561,2769,3884,1233126,1249903,2532
CN8,256MB,16,1,562,1844,5014,708838,708838,3951
CN8,256MB,16,1,563,1991,6915,15270,1669333,2073
CN8,256MB,16,1,564,2704,14353,27132,725615,3097
CN8,256MB,16,1,565,1516,2376,4621,7242,13.7
CN8,256MB,16,1,566,1844,4293,13435,20841,13.8
CN8,256MB,16,1,567,2442,4555,13566,16188,10.3
CN8,256MB,16,1,568,1893,3752,8094,21627,13.3
CN8,256MB,16,1,569,1680,3163,6587,14484,13.6
CN8,256MB,16,1,570,1729,3392,5932,7177,12.1
CN8,256MB,16,1,571,1598,3163,10945,26870,12.7
CN8,256MB,16,1,572,1893,4080,14091,18220,12.3
CN8,256MB,16,1,573,1467,3589,14615,22938,12.8
CN8,256MB,16,1,574,1811,6718,2021655,2021655,1796
CN8,256MB,16,1,575,6783,15270,2499806,2499806,886
CN8,256MB,16,1,576,1696,3884,7439,15008,12.9
CN8,256MB,16,1,577,1647,3589,14091,14484,12.9
CN8,256MB,16,1,578,1532,3097,35390,41157,12.9
CN8,256MB,16,1,579,1827,3949,9634,12256,12.6
CN8,256MB,16,1,580,2376,7308,12911,15795,8694
CN8,256MB,16,1,581,1745,4080,16319,19792,12.6
CN8,256MB,16,1,582,1827,3490,6980,12780,12.7
CN8,256MB,16,1,583,1614,5735,14353,16450,11.2
CN8,256MB,16,1,584,1631,3228,6194,14353,13.5
CN8,256MB,16,1,585,1729,4080,633340,633340,4265
CN8,256MB,16,1,586,1270,1434,3752,13566,15.2
CN8,256MB,16,1,587,1598,4555,1300235,1300235,2543
CN8,256MB,16,1,588,1500,3326,10159,12125,13.1
CN8,256MB,16,1,589,3228,8979,13566,46400,7470
CN8,256MB,16,1,590,1680,2802,7046,10945,13.3
CN8,256MB,16,1,591,1647,3261,8160,10159,14.3
CN8,256MB,16,1,592,1270,1762,6063,14222,15.3
CN8,256MB,16,1,593,1319,2573,15270,25560,14.9
CN8,256MB,16,1,594,1778,3523,7504,13698,13.5
CN8,256MB,16,1,595,1729,3654,10552,14746,13.2
CN8,256MB,16,1,596,1647,3687,8848,22414,14.4
CN8,256MB,16,1,597,1647,2999,6652,12518,14.2
CN8,256MB,16,1,598,1745,3326,5145,7046,12.8
CN8,256MB,16,1,599,1827,4293,591397,591397,4401
CN8,256MB,16,1,600,2311,4948,126354,126354,7939
CN8,256MB,16,1,601,1647,3589,1736442,1753220,2016
CN8,256MB,16,1,602,1926,3425,5800,7767,12.7
CN8,256MB,16,1,603,1434,2769,5866,13960,14.5
CN8,256MB,16,1,604,1647,3621,8979,19006,13.0
CN8,256MB,16,1,605,1319,1893,4424,7832,14.4
CN8,256MB,16,1,606,1598,2737,7439,14353,13.5
CN8,256MB,16,1,607,1614,3097,6718,11207,14.7
CN8,256MB,16,1,608,3130,8455,725615,725615,3422
CN8,256MB,16,1,609,1385,2409,5538,14615,14.4
CN8,256MB,16,1,610,5932,11994,141558,156238,4383
CN8,256MB,16,1,611,1221,1778,6325,39584,14.6
CN8,256MB,16,1,612,1549,2540,4015,5473,14.5
CN8,256MB,16,1,613,1680,3523,12518,14353,12.6
CN8,256MB,16,1,614,1450,2606,5145,7111,14.1
CN8,256MB,16,1,615,1663,4178,8979,16057,13.9
CN8,256MB,16,1,616,1795,3326,6783,15270,12.0
CN8,256MB,16,1,617,1270,1516,11076,14353,16.3
CN8,256MB,16,1,618,1401,2638,6849,14746,15.2
CN8,256MB,16,1,619,1762,3130,5669,9110,13.9
CN8,256MB,16,1,620,1795,3032,4752,9765,14.2
CN8,256MB,16,1,621,1975,3523,6521,9896,13.7
CN8,256MB,16,1,622,1696,3326,5866,15533,13.2
CN8,256MB,16,1,623,1483,3163,12649,14484,13.4
CN8,256MB,16,1,624,1860,4228,9634,14091,13.4
CN8,256MB,16,1,625,1778,3359,7111,14615,13.2
CN8,256MB,16,1,626,2147,4047,3271558,3271558,1183
CN8,256MB,16,1,627,2507,7504,1568670,1568670,2112
CN8,256MB,16,1,628,1827,4424,421528,425722,5289
CN8,256MB,16,1,629,1860,3326,5669,8979,13.2
CN8,256MB,16,1,630,1647,4015,11469,16581,13.3
CN8,256MB,16,1,631,1614,2671,14091,25035,13.6
CN8,256MB,16,1,632,6259,13698,2801796,2835350,1055
CN8,256MB,16,1,633,1549,2966,14091,27132,14.6
CN8,256MB,16,1,634,1844,4752,15008,21890,12.7
CN8,256MB,16,1,635,1713,3425,14615,28443,13.1
CN8,256MB,16,1,636,1696,6456,139461,152044,6547
CN8,256MB,16,1,637,1319,3064,5866,7308,14.3
CN8,256MB,16,1,638,1369,2769,15008,87557,11.3
CN8,256MB,16,1,639,1827,3621,5800,8455,13.0
CN8,256MB,16,1,640,1680,2933,5014,14746,13.6
CN8,256MB,16,2,1,1631,2737,5932,20055,14.6
CN8,256MB,16,2,2,3556,6456,26084,29492,9673
CN8,256MB,16,2,3,1303,1663,13960,16909,15.7
CN8,256MB,16,2,4,1385,2343,1216349,1216349,2850
CN8,256MB,16,2,5,1467,2409,608175,608175,4715
CN8,256MB,16,2,6,1811,4621,583009,583009,4668
CN8,256MB,16,2,7,1434,2040,9503,14091,15.4
CN8,256MB,16,2,8,1532,2507,6521,13960,14.9
CN8,256MB,16,2,9,1745,3163,5080,8356,14.7
CN8,256MB,16,2,10,1614,2966,8979,15270,14.9
CN8,256MB,16,2,11,1401,2966,13960,17171,14.4
CN8,256MB,16,2,12,1450,2638,11731,15533,14.5
CN8,256MB,16,2,13,1893,3687,6980,10028,13.7
CN8,256MB,16,2,14,1975,3884,5604,7963,13.4
CN8,256MB,16,2,15,2057,3687,6783,12387,12.9
CN8,256MB,16,2,16,1598,3130,6325,9765,13.9
CN8,256MB,16,2,17,1844,3916,295699,308282,6354
CN8,256MB,16,2,18,1434,2180,4113,9241,15.6
CN8,256MB,16,2,19,1680,3654,12518,13960,14.3
CN8,256MB,16,2,20,1631,2999,6652,8455,14.3
CN8,256MB,16,2,21,1762,3032,7242,8717,14.5
CN8,256MB,16,2,22,1663,2868,18482,1686111,2152
CN8,256MB,16,2,23,1614,2835,13698,13960,13.6
CN8,256MB,16,2,24,1729,3261,7767,14222,13.6
CN8,256MB,16,2,25,1483,2540,3851,12911,14.8
CN8,256MB,16,2,26,1909,3261,6194,968885,3425
CN8,256MB,16,2,27,1893,4080,12125,21627,12.7
CN8,256MB,16,2,28,1532,2704,14222,21103,14.6
CN8,256MB,16,2,29,1631,3294,21103,926942,3377
CN8,256MB,16,2,30,2212,4883,1300235,1300235,1565
CN8,256MB,16,2,31,1352,1795,3294,8291,15.9
CN8,256MB,16,2,32,1401,2008,2835,10421,15.0
CN8,256MB,16,2,33,2737,4228,128451,129500,8471
CN8,256MB,16,2,34,1319,1844,9372,14091,15.0
CN8,256MB,16,2,35,1303,1762,3818,11207,16.5
CN8,256MB,16,2,36,1254,1532,3130,5276,16.0
CN8,256MB,16,2,37,1336,1713,30802,30802,15.5
CN8,256MB,16,2,38,1303,1598,3621,11207,16.3
CN8,256MB,16,2,39,4359,8455,557843,574620,2928
CN8,256MB,16,2,40,1598,2835,5932,18220,15.3
CN8,256MB,16,2,41,1450,2769,6980,14353,15.7
CN8,256MB,16,2,42,1418,2180,3326,9896,15.7
CN8,256MB,16,2,43,2409,6259,3976201,3976201,985
CN8,256MB,16,2,44,1942,3687,7898,1736442,2095
CN8,256MB,16,2,45,1795,3884,1518339,1518339,2323
CN8,256MB,16,2,46,1975,10945,509608,522191,4788
CN8,256MB,16,2,47,1729,3490,13960,17171,14.1
CN8,256MB,16,2,48,1647,3458,14746,18220,13.2
CN8,256MB,16,2,49,3982,6718,534774,534774,4360
CN8,256MB,16,2,50,1795,4228,13960,23200,12.4
CN8,256MB,16,2,51,1860,4113,10290,14484,13.5
CN8,256MB,16,2,52,1942,3916,219153,221250,7431
CN8,256MB,16,2,53,1975,3523,884999,884999,3520
CN8,256MB,16,2,54,2180,3720,7373,16188,12.9
CN8,256MB,16,2,55,1811,3621,7701,18482,14.1
CN8,256MB,16,2,56,1926,3687,6259,7504,13.8
CN8,256MB,16,2,57,1876,4228,8455,17171,13.1
CN8,256MB,16,2,58,1631,3490,21365,30278,14.3
CN8,256MB,16,2,59,2024,3818,10290,13698,13.4
CN8,256MB,16,2,60,1582,3261,700449,700449,4286
CN8,256MB,16,2,61,1696,3458,7767,12780,13.5
CN8,256MB,16,2,62,1778,3359,7701,25035,13.9
CN8,256MB,16,2,63,1860,3490,8029,26346,13.4
CN8,256MB,16,2,64,1303,1614,7439,22676,16.4
CN8,256MB,16,2,65,1483,2245,5014,10290,14.3
CN8,256MB,16,2,66,2212,7046,62653,63177,9896
CN8,256MB,16,2,67,1352,1811,2769,3425,16.3
CN8,256MB,16,2,68,6652,14877,2701132,2734687,1188
CN8,256MB,16,2,69,1893,7767,1182794,1182794,2766
CN8,256MB,16,2,70,2311,11731,1551893,1568670,2152
CN8,256MB,16,2,71,1483,2245,6325,9110,15.0
CN8,256MB,16,2,72,2180,5800,2801796,2801796,1357
CN8,256MB,16,2,73,3032,4555,193987,193987,7602
CN8,256MB,16,2,74,1532,2311,1283458,1283458,2739
CN8,256MB,16,2,75,1532,2073,3261,12125,14.6
CN8,256MB,16,2,76,1745,2900,13829,1166017,2904
CN8,256MB,16,2,77,3982,6194,759170,767558,3652
CN8,256MB,16,2,78,1827,3064,4883,9110,13.7
CN8,256MB,16,2,79,2376,5211,1400898,1400898,2422
CN8,256MB,16,2,80,2008,3916,16450,3472884,1129
CN8,256MB,16,2,81,1942,3392,8356,13566,12.9
CN8,256MB,16,2,82,2573,8094,467665,467665,5006
CN8,256MB,16,2,83,1647,4015,10028,14091,13.5
CN8,256MB,16,2,84,1467,1860,6587,8029,15.6
CN8,256MB,16,2,85,1401,2057,4359,6652,15.2
CN8,256MB,16,2,86,1434,1860,3774874,3774874,1053
CN8,256MB,16,2,87,2089,13566,666895,692061,3735
CN8,256MB,16,2,88,1663,3359,566232,566232,4903
CN8,256MB,16,2,89,1811,13042,396362,400557,5335
CN8,256MB,16,2,90,1958,3294,4664067,4664067,866
CN8,256MB,16,2,91,1745,3228,5932,6980,13.6
CN8,256MB,16,2,92,8717,11338,4596958,4596958,830
CN8,256MB,16,2,93,2704,6587,1317012,1317012,2500
CN8,256MB,16,2,94,8848,11469,1451230,1451230,1435
CN8,256MB,16,2,95,9896,14746,4529849,4529849,722
CN8,256MB,16,2,96,1942,3851,6456,15533,12.9
CN8,256MB,16,2,97,1909,3163,7373,13042,14.2
CN8,256MB,16,2,98,1663,3851,13173,18220,13.4
CN8,256MB,16,2,99,2769,6390,1736442,1736442,2034
CN8,256MB,16,2,100,1598,4359,14222,20055,11.7
CN8,256MB,16,2,101,2073,4293,11731,968885,3279
CN8,256MB,16,2,102,3654,13435,85459,87557,7470
CN8,256MB,16,2,103,1827,3818,7439,14222,14.2
CN8,256MB,16,2,104,1631,3458,12256,20317,12.0
CN8,256MB,16,2,105,1778,3556,7963,15926,13.5
CN8,256MB,16,2,106,1237,1663,4146,10028,16.6
CN8,256MB,16,2,107,1467,2802,8979,28181,14.7
CN8,256MB,16,2,108,1631,3818,10159,34341,13.8
CN8,256MB,16,2,109,1467,3523,14091,18744,14.0
CN8,256MB,16,2,110,1876,3490,1115685,1166017,2859
CN8,256MB,16,2,111,3097,7111,530580,530580,4428
CN8,256MB,16,2,112,1729,3228,7177,14222,14.1
CN8,256MB,16,2,113,1565,4293,14484,26870,11.7
CN8,256MB,16,2,114,1516,2343,6390,11076,14.0
CN8,256MB,16,2,115,1483,2245,4490,6652,15.8
CN8,256MB,16,2,116,1647,2900,1115685,1115685,2896
CN8,256MB,16,2,117,1729,3130,6783,9896,14.6
CN8,256MB,16,2,118,2147,4146,58459,60556,11.0
CN8,256MB,16,2,119,1631,2966,3741320,3741320,1063
CN8,256MB,16,2,120,1532,3589,14353,27919,11.7
CN8,256MB,16,2,121,1614,3130,926942,926942,3489
CN8,256MB,16,2,122,1401,2147,5473,8979,15.8
CN8,256MB,16,2,123,1745,4424,11731,16057,13.1
CN8,256MB,16,2,124,1942,3720,13960,17171,13.4
CN8,256MB,16,2,125,1827,3654,8717,22152,12.9
CN8,256MB,16,2,126,1958,3785,14091,15926,13.3
CN8,256MB,16,2,127,1745,3884,13960,23462,13.3
CN8,256MB,16,2,128,1827,3654,14746,20317,13.0
CN8,256MB,16,2,129,1827,3982,13435,14877,13.7
CN8,256MB,16,2,130,1827,3359,11863,19268,13.6
CN8,256MB,16,2,131,1762,3589,6521,11600,14.4
CN8,256MB,16,2,132,1467,2311,3982,6456,15.7
CN8,256MB,16,2,133,1516,2638,8586,15270,14.9
CN8,256MB,16,2,134,1827,3458,6980,16450,13.8
CN8,256MB,16,2,135,1713,3326,6390,11863,13.9
CN8,256MB,16,2,136,1811,3163,7439,15401,13.9
CN8,256MB,16,2,137,2008,4490,8979,10945,13.1
CN8,256MB,16,2,138,1860,3261,8029,14222,13.8
CN8,256MB,16,2,139,1958,3359,7111,21103,13.2
CN8,256MB,16,2,140,1909,4621,23200,36439,12.1
CN8,256MB,16,2,141,1762,3621,5211,7242,14.4
CN8,256MB,16,2,142,1713,3720,9110,25297,13.3
CN8,256MB,16,2,143,1827,4359,9241,19268,13.2
CN8,256MB,16,2,144,1926,3621,8717,15270,12.2
CN8,256MB,16,2,145,1467,2507,63701,65799,12.1
CN8,256MB,16,2,146,1450,2278,5211,13698,14.9
CN8,256MB,16,2,147,1844,4080,9765,17171,12.8
CN8,256MB,16,2,148,1680,2999,6521,13435,14.3
CN8,256MB,16,2,149,1696,4228,14353,15926,12.9
CN8,256MB,16,2,150,1778,3294,6652,13960,13.2
CN8,256MB,16,2,151,1958,3982,11731,20317,12.9
CN8,256MB,16,2,152,1844,3654,9765,15008,13.8
CN8,256MB,16,2,153,1958,3949,6849,9765,13.6
CN8,256MB,16,2,154,1631,2900,6915,12911,14.4
CN8,256MB,16,2,155,1434,1991,3949,9372,15.6
CN8,256MB,16,2,156,2073,4113,8455,13173,13.1
CN8,256MB,16,2,157,1729,4178,8160,12911,13.3
CN8,256MB,16,2,158,2147,4146,14222,21103,12.5
CN8,256MB,16,2,159,1729,3228,10945,14091,13.9
CN8,256MB,16,2,160,9765,16188,700449,708838,3366
CN8,256MB,16,2,161,1663,2606,4621,13960,15.0
CN8,256MB,16,2,162,1434,2212,7898,11731,15.4
CN8,256MB,16,2,163,1778,5604,3036677,3070231,1212
CN8,256MB,16,2,164,1237,1582,4015,14615,16.9
CN8,256MB,16,2,165,1287,1975,6128,10290,16.3
CN8,256MB,16,2,166,1483,2147,4424,13173,15.2
CN8,256MB,16,2,167,1516,2704,13173,14091,14.9
CN8,256MB,16,2,168,1401,2212,926942,935330,3515
CN8,256MB,16,2,169,1385,1942,4047,10159,16.2
CN8,256MB,16,2,170,1516,1942,6128,9110,15.1
CN8,256MB,16,2,171,1385,1762,19792,130548,10.8
CN8,256MB,16,2,172,1614,2606,10945,13173,15.0
CN8,256MB,16,2,173,2278,5145,767558,2432697,1191
CN8,256MB,16,2,174,1663,3294,9765,14615,14.0
CN8,256MB,16,2,175,1598,2409,2298479,2298479,1662
CN8,256MB,16,2,176,1549,2835,14091,16188,13.7
CN8,256MB,16,2,177,1844,3523,14091,23987,13.3
CN8,256MB,16,2,178,1598,4080,14222,22414,11.9
CN8,256MB,16,2,179,1647,3097,13829,20317,13.5
CN8,256MB,16,2,180,1450,2147,3818,17171,14.0
CN8,256MB,16,2,181,2008,5997,1585447,1585447,2157
CN8,256MB,16,2,182,1352,1795,3982,11469,16.1
CN8,256MB,16,2,183,1483,2040,4948,8160,15.6
CN8,256MB,16,2,184,1778,5735,1753220,1753220,2044
