
START----------
1.2334 1.1931
1.1813 1.1999
1.3161 1.1747
1.2660 1.2565
1.2413 1.1132
1.2756 1.1811
1.2423 1.1620
1.1383 1.0606
1.1487 1.0947
1.1673 1.0526
1.2333 1.1100
1.2338 1.1213
1.2354 1.1013
1.1154 1.1126
1.0765 1.0883
1.1438 1.1696
1.0707 1.0871
1.0991 1.1140
1.0666 1.0445
1.1182 1.1097
1.1455 1.0274
1.2212 1.0540
1.0970 1.0597
1.0528 1.0639
1.1010 1.0859
1.1315 1.1003
1.1558 1.0875
1.1714 1.1689
1.1278 1.1080
1.2738 1.0965
1.0951 1.0961
1.1475 1.0785
1.1528 1.1445
1.1561 1.1651
1.1430 1.1029
1.1572 1.0939
1.2380 1.1240
1.1775 1.0753
1.1944 1.1385
1.1930 1.1027
1.1396 1.1666
1.2149 1.1226
1.2881 1.1597
1.1624 1.0731
1.0940 1.0987
1.0914 1.0576
1.0591 1.1203
1.0988 1.1731
1.0797 1.0931
1.0747 1.1231
1.1315 1.1456
1.1638 1.1433
1.1597 1.1802
1.1159 1.1984
1.1253 1.0835
1.1052 1.1172
1.1077 1.0767
1.1709 1.1724
1.1787 1.1302
1.1855 1.0501
END----------
START----------
1.1970 1.1032
1.1899 1.1545
1.1983 1.1910
1.3671 1.2564
1.4168 1.3847
1.5184 1.4869
1.4545 1.2327
1.3016 1.2289
1.3969 1.4014
1.2759 1.2526
1.4799 1.2534
1.5265 1.3662
1.4448 1.3330
1.3891 1.3168
1.4198 1.1016
1.2678 1.2472
1.3287 1.1699
1.2990 1.2441
1.3280 1.2992
1.3619 1.4048
