
START----------
1.2451 1.1337
1.4359 1.1753
1.3559 1.1682
1.3809 1.1837
1.2180 1.1699
1.2081 1.1303
1.2416 1.2249
1.2784 1.1735
1.2213 1.0976
1.1942 1.1113
1.3393 1.1018
1.3281 1.0908
1.2935 1.0632
1.2570 1.0921
1.1295 1.1137
1.1858 1.1341
1.3985 1.0701
1.3477 1.0375
1.2692 1.0537
1.2318 1.0855
1.2396 1.0702
1.3952 1.0489
1.2944 1.0271
1.3599 1.1166
1.1957 1.0464
1.2230 1.0942
1.2729 1.0994
1.3555 1.0725
1.3435 1.0941
1.2725 1.0801
1.2738 1.0800
1.3930 1.1316
1.3015 1.0946
1.2949 1.0852
1.3569 1.1074
1.3220 1.0675
1.3242 1.0884
1.2312 1.1227
1.2337 1.0645
1.2765 1.1128
1.2390 1.0731
1.2581 1.1038
1.1591 1.1385
1.1414 1.0943
1.2056 1.0688
1.1880 1.0996
1.2515 1.0971
1.1918 1.1275
1.2327 1.1712
1.2439 1.1121
1.1530 1.0729
1.0990 1.0940
1.2084 1.0723
1.1889 1.0642
1.2016 1.0578
1.1397 1.0938
1.1924 1.1472
1.1726 1.1233
1.2196 1.1445
1.1629 1.1656
END----------
START----------
1.1721 1.1025
1.2389 1.2469
1.3435 1.2466
1.4278 1.2301
1.5501 1.4169
1.5146 1.5361
1.6298 1.2673
1.4741 1.1152
1.5170 1.2200
1.5374 1.1472
1.3455 1.1974
1.3799 1.3050
1.4990 1.3747
1.5781 1.3433
1.6636 1.3632
1.6016 1.2606
1.7340 1.3032
1.6285 1.2971
1.6200 1.3788
1.5130 1.3298
