1008-0407
CN7,4G,1,1,1,857,1037,1270,3949,1318,1481,1411.80,1492,0.14,5950.47,0.15,0.13,0.0,685.48,0.0,0.0
CN7,4G,1,1,2,938,1106,1237,4424,1248,1488,1416.00,1482,0.14,1.23,6005.81,0.13,0.0,0.13,684.27,0.0
CN7,4G,1,1,3,832,1074,1270,3261,1334,1492,1433.00,1510,0.14,1.22,1.24,5833.63,0.0,0.12,0.12,684.1
CN7,4G,1,1,4,898,1057,1582,4621,1336,1484,1405.60,1485,6000.81,1.22,1.24,1.19,684.65,0.12,0.12,0.12
CN7,4G,1,1,5,873,1057,1172,2008,1328,1480,1410.00,1491,1.73,6111.22,1.24,1.18,0.12,683.84,0.12,0.12
CN7,4G,1,4,1,824,1045,1270,1909,1312,1466,1419.60,1498,1595.06,1494.66,1543.07,1514.01,164.91,162.57,162.62,162.29
CN7,4G,1,4,2,857,1037,1237,2057,1242,1468,1400.40,1480,1486.01,1542.76,1491.18,1479.45,161.49,162.01,161.69,161.87
CN7,4G,1,4,3,865,1045,1205,1827,1228,1504,1416.40,1487,1607.8,1592.05,1613.3,1573.23,163.78,163.5,164.5,164.09
CN7,4G,1,4,4,857,1037,1205,2089,1302,1506,1401.20,1484,1557.77,1578.35,1620.44,1588.53,161.3,162.36,164.15,162.99
CN7,4G,1,4,5,922,1090,1205,3064,1272,1498,1421.00,1486,1650.06,1558.31,1565.74,1595.67,165.97,162.21,162.62,164.06
CN7,4G,1,16,1,775,996,1778,1958,1374,1498,1435.20,1509,1649.52,1650.58,1704.02,1717.95,171.23,170.58,170.52,172.82
CN7,4G,1,16,2,873,1106,1762,1909,1316,1488,1416.60,1493,1731.65,1668.87,1677.83,1641.59,173.42,171.66,170.75,171.1
CN7,4G,1,16,3,865,1074,1795,1893,1294,1452,1392.80,1474,1691.29,1721.5,1706.96,1669.05,169.92,170.03,170.34,170.35
CN7,4G,1,16,4,766,988,1827,3261,1360,1564,1449.60,1524,1710.76,1668.47,1686.6,1652.02,170.3,170.37,170.82,171.28
CN7,4G,1,16,5,857,1106,1713,2311,1282,1468,1390.60,1470,1692.73,1692.26,1687.9,1680.14,170.07,170.73,170.44,172.74
CN7,4G,2,1,1,824,1029,1237,1893,1222,1458,1368.00,2845,5909.19,6004.39,4.19,4.11,680.0,674.88,0.42,0.42
CN7,4G,2,1,2,783,971,1270,2835,1316,1458,1397.40,2923,5.22,6.27,5939.35,6232.93,0.54,0.66,684.88,685.31
CN7,4G,2,1,3,799,1012,1172,1975,1272,1418,1378.18,2856,6019.71,6211.75,5.22,5.18,679.47,685.78,0.54,0.54
CN7,4G,2,1,4,791,996,1237,1975,1278,1474,1407.40,2934,6.26,7.33,5956.54,6226.17,0.66,0.77,684.58,682.57
CN7,4G,2,1,5,783,1004,1221,1827,1322,1504,1420.60,2957,5949.25,6259.14,6.23,6.25,682.65,680.63,0.65,0.66
CN7,4G,2,4,1,807,988,1188,3523,1368,1438,1397.40,2921,3182.94,3302.39,3198.88,3164.07,338.8,341.98,339.03,339.89
CN7,4G,2,4,2,824,996,1237,3458,1244,1426,1368.50,2875,3239.48,3313.62,3247.43,3320.62,339.85,339.38,339.99,339.86
CN7,4G,2,4,3,840,996,1221,3359,1250,1414,1353.50,2838,3153.37,3179.35,3303.49,3161.85,339.32,338.84,339.86,338.51
CN7,4G,2,4,4,873,1012,1221,1942,1256,1364,1326.08,2769,3226.74,3311.89,3315.22,3300.56,338.21,341.2,340.76,339.38
CN7,4G,2,4,5,816,996,1254,1909,1274,1452,1402.40,2930,3178.95,3183.78,3181.78,3212.62,339.13,338.89,339.53,338.87
CN7,4G,2,16,1,816,988,1778,3326,1232,1410,1370.60,2885,3378.15,3418.47,3343.49,3313.83,341.17,343.0,338.28,339.88
CN7,4G,2,16,2,816,947,1942,3228,1318,1420,1386.00,2911,3321.55,3264.38,3282.89,3375.05,339.57,338.94,338.58,339.82
CN7,4G,2,16,3,816,955,1745,3785,1244,1428,1376.80,2888,3350.61,3291.92,3296.93,3405.45,340.99,341.45,340.89,340.92
CN7,4G,2,16,4,824,1004,1827,3326,1230,1396,1361.33,2853,3206.83,3195.13,3298.15,3241.02,339.88,339.26,340.78,338.73
CN7,4G,2,16,5,824,971,1762,2089,1286,1414,1374.80,2883,3250.69,3304.99,3303.69,3336.39,335.93,340.93,339.44,340.9
CN7,4G,4,1,1,791,1020,1467,1762,1284,1494,1447.90,5971,7089.48,6715.83,6824.09,6834.94,773.69,769.21,772.37,772.62
CN7,4G,4,1,2,799,1012,1958,2606,1266,1474,1426.50,5890,5753.93,5745.51,5836.07,5803.11,680.78,676.62,686.07,685.0
CN7,4G,4,1,3,807,1012,1778,2737,1276,1480,1418.95,5804,5719.04,5802.27,5777.68,6083.22,685.18,685.1,685.4,681.73
CN7,4G,4,1,4,766,1020,1696,1893,1284,1476,1429.40,5963,7011.75,7037.24,7034.54,7077.46,823.83,822.98,822.76,824.38
CN7,4G,4,1,5,807,1012,1876,3064,1242,1484,1413.70,5867,5757.23,5819.31,5818.56,5976.34,684.9,685.93,685.13,686.05
CN7,4G,4,4,1,865,1074,1713,4113,1238,1400,1363.81,5672,5967.15,5883.73,6178.99,6208.8,684.69,677.49,681.48,681.32
CN7,4G,4,4,2,848,1057,2180,4752,1216,1468,1394.55,5748,5903.44,5920.01,6027.49,6120.13,685.33,686.25,679.61,682.13
CN7,4G,4,4,3,881,1074,1663,3425,1244,1406,1353.48,5616,5956.05,6016.94,6275.12,6301.94,679.26,687.87,686.26,681.17
CN7,4G,4,4,4,898,1090,1762,3326,1242,1368,1329.00,5440,6250.33,6206.55,6220.12,6340.62,680.07,687.99,683.77,682.23
CN7,4G,4,4,5,947,1123,1647,3949,1148,1382,1308.83,5391,6194.99,6067.36,6128.78,6236.96,682.37,687.56,680.14,678.71
CN7,4G,4,16,1,865,1139,2409,3752,1274,1420,1372.19,5662,6195.63,6096.14,6103.08,6155.12,685.92,687.75,683.87,686.7
CN7,4G,4,16,2,865,1172,2343,3490,1280,1414,1372.29,5694,6150.27,5908.26,6235.54,6355.91,688.45,682.97,687.86,688.92
CN7,4G,4,16,3,898,1188,2343,6063,1248,1464,1372.75,5730,6187.56,6030.34,6241.17,6274.4,691.62,687.36,684.35,680.83
CN7,4G,4,16,4,889,1106,2802,4621,1194,1380,1326.04,5463,6376.84,6138.6,6597.81,6451.38,680.46,684.2,691.39,680.2
CN7,4G,4,16,5,873,1090,2180,3720,1238,1398,1347.83,5605,6286.87,6060.9,6307.69,6453.5,678.43,679.21,688.14,680.0
CN7,4G,8,1,1,4015,5604,7046,8586,544,1308,753.21,6213,9254.1,9182.1,9334.6,9512.8,1023.58,1028.52,1031.24,1031.78
CN7,4G,8,1,2,3228,4883,47449,131597,464,1342,793.54,6530,9194.17,9305.52,9500.17,9560.52,1030.76,1032.03,1035.89,1032.36
CN7,4G,8,1,3,3654,5538,40109,78119,542,1342,770.40,6299,9390.45,9381.58,9547.76,9634.74,1033.14,1033.41,1032.9,1032.28
CN7,4G,8,1,4,3556,4883,6390,8029,664,1324,831.44,6871,8844.13,8745.76,8834.72,8772.97,1030.1,1030.27,1029.55,1030.23
CN7,4G,8,1,5,3982,5800,51119,83362,482,1334,729.54,5988,9355.6,9197.32,9240.81,9210.17,1018.81,1025.32,1020.08,1003.81
CN7,4G,8,4,1,3982,6063,8094,9503,648,1288,819.01,6744,8960.02,8749.72,8789.71,9085.22,1033.23,1031.25,1029.98,1033.09
CN7,4G,8,4,2,3818,6063,8160,10028,656,1284,841.84,6866,8906.87,8838.9,8955.4,8821.21,1032.94,1032.62,1032.31,1031.9
CN7,4G,8,4,3,4228,6390,8455,9241,586,1318,791.59,6538,9030.18,9074.58,9036.86,9378.52,1033.41,1034.05,1033.82,1037.72
CN7,4G,8,4,4,4293,6456,8586,10421,600,1274,790.52,6531,9225.77,9057.42,9297.19,9269.78,1035.57,1034.58,1034.25,1032.19
CN7,4G,8,4,5,4686,7111,44827,77071,446,1206,714.20,5925,9555.63,9583.5,9783.44,9579.9,1028.96,1037.31,1036.93,1037.42
CN7,4G,8,16,1,5669,7635,9896,11469,502,1208,682.37,5592,9087.03,8896.24,9348.66,9438.6,920.05,893.56,953.51,923.08
CN7,4G,8,16,2,5473,7701,11600,37487,526,1292,696.70,5689,9575.47,9532.65,9258.36,9496.32,927.27,923.87,922.32,923.54
CN7,4G,8,16,3,5800,7898,10159,11207,510,1166,671.03,5539,9001.84,9161.76,9338.24,9397.16,920.35,922.54,924.85,925.8
CN7,4G,8,16,4,5604,7701,10159,11731,510,1224,661.03,5498,9525.15,9429.13,9342.05,9576.28,926.81,928.04,924.53,927.1
CN7,4G,8,16,5,5538,7701,9765,11076,536,1254,700.23,5755,9142.62,9349.48,9342.05,9340.2,924.81,924.96,923.84,925.61
CN7,4G,16,1,1,6980,8356,10028,11469,254,922,339.77,5615,10804.75,10598.22,10676.09,10910.52,1110.99,1108.31,1107.38,1112.19
CN7,4G,16,1,2,6390,7570,8979,10421,294,902,367.23,6121,10553.41,10441.58,10331.4,10789.18,1182.05,1184.59,1184.95,1184.33
CN7,4G,16,1,3,7635,9372,40109,116917,240,1047,319.69,5302,10215.55,10220.31,10401.95,10387.57,1039.0,1041.63,1040.15,1040.61
CN7,4G,16,1,4,7308,8586,10028,11207,258,914,327.69,5444,10678.47,10562.41,10792.25,10834.78,1110.5,1108.41,1111.53,1111.21
CN7,4G,16,1,5,6456,7635,9110,10814,290,890,359.04,5971,11232.89,11082.95,10486.61,10881.83,1188.3,1183.87,1183.47,1182.24
CN7,4G,16,4,1,11469,14484,30016,62129,286,928,348.26,5814,10815.56,10625.4,11018.06,10571.38,1112.03,1106.83,1109.73,1103.7
CN7,4G,16,4,2,13566,16581,19792,23462,248,936,305.58,5118,10771.24,10830.43,10748.24,10647.55,1041.55,1043.75,1038.22,1037.85
CN7,4G,16,4,3,11338,14353,17695,21103,248,908,310.38,5188,10657.22,10887.67,10910.85,10757.2,1039.25,1045.23,1043.99,1039.5
CN7,4G,16,4,4,13698,16712,20055,22152,226,914,304.53,5064,10741.04,10709.09,10791.58,10656.54,1043.12,1043.25,1043.37,1042.03
CN7,4G,16,4,5,10945,13566,16712,18220,279,960,351.77,5882,10570.46,10611.57,10969.91,10764.11,1110.67,1108.59,1108.89,1111.2
CN7,4G,16,16,1,12518,15926,19268,22414,254,814,320.34,5342,11682.43,11153.61,11533.17,11790.88,1044.97,1045.52,1043.18,1047.2
CN7,4G,16,16,2,13173,16188,19006,21103,240,870,296.90,4975,11017.12,10933.68,10990.97,11375.02,985.55,986.38,982.63,983.23
CN7,4G,16,16,3,12518,15533,19006,20317,242,886,308.72,5155,10949.68,11301.07,11761.33,11723.64,1048.47,1045.12,1046.17,1043.92
CN7,4G,16,16,4,12256,15401,18482,20841,240,880,308.03,5172,11034.48,11505.07,10963.05,11302.71,1044.42,1042.82,1045.44,1042.58
CN7,4G,16,16,5,12780,16057,19530,21890,224,836,289.10,4837,10988.91,10982.04,10799.34,10905.19,983.32,983.31,980.81,980.82
CN7,8G,1,1,1,766,1037,2008,3359,1310,1504,1447.45,1517,75.72,7965.85,75.47,76.11,7.73,922.03,7.66,7.66
CN7,8G,1,1,2,766,1004,1319,1975,1316,1478,1425.36,1495,75.2,76.68,8560.72,75.58,7.71,7.9,921.86,7.64
CN7,8G,1,1,3,734,963,1156,1909,1318,1504,1469.45,1541,84.38,86.05,85.48,9606.69,8.65,8.86,8.73,1039.69
CN7,8G,1,1,4,775,1029,1287,1975,1312,1556,1464.45,1536,9566.04,85.82,85.26,85.96,1040.32,8.84,8.7,8.7
CN7,8G,1,1,5,799,1057,1418,1909,1314,1512,1445.64,1519,85.31,9215.36,85.05,85.75,8.75,1037.41,8.68,8.68
CN7,8G,1,4,1,766,996,1139,1991,1246,1496,1443.64,1514,2369.09,2337.07,2295.63,2358.7,238.41,236.48,236.42,232.3
CN7,8G,1,4,2,775,1029,1221,1909,1282,1500,1438.18,1509,2358.12,2304.31,2286.43,2335.51,236.35,236.75,236.07,235.71
CN7,8G,1,4,3,824,1029,1139,1909,1218,1498,1435.82,1507,2349.93,2295.11,2287.79,2337.98,237.32,236.92,235.41,236.17
CN7,8G,1,4,4,766,996,1139,1958,1250,1518,1456.55,1528,2645.45,2542.89,2616.41,2612.26,266.62,265.78,266.13,265.58
CN7,8G,1,4,5,758,971,1139,1909,1334,1500,1448.64,1520,2347.76,2271.47,2310.28,2334.81,236.96,236.04,235.39,236.27
CN7,8G,1,16,1,816,1037,1663,2114,1234,1502,1432.09,1504,2330.46,2257.71,2309.86,2355.83,234.99,233.91,234.58,235.43
CN7,8G,1,16,2,766,988,1631,3490,1216,1514,1439.09,1510,2345.81,2266.71,2310.32,2319.53,234.64,234.54,234.79,235.11
CN7,8G,1,16,3,734,898,1827,1991,1282,1540,1472.00,1544,2576.57,2620.69,2633.51,2654.62,263.75,265.12,264.85,264.07
CN7,8G,1,16,4,791,1045,1762,2073,1202,1552,1455.36,1527,2600.34,2584.71,2642.29,2664.52,265.02,264.48,264.65,264.1
CN7,8G,1,16,5,766,979,1647,2147,1296,1486,1434.91,1506,2367.76,2304.87,2298.28,2340.82,235.38,235.05,233.9,234.21
CN7,8G,2,1,1,791,963,1369,1909,1286,1476,1400.23,2918,8153.23,8157.88,93.85,101.4,917.98,922.28,7.86,8.24
CN7,8G,2,1,2,775,930,1172,1926,1294,1480,1407.14,2935,77.93,79.24,8645.54,8397.42,8.0,8.18,924.17,919.22
CN7,8G,2,1,3,791,938,1483,2040,1288,1480,1403.09,2917,8178.94,8103.25,77.52,78.15,921.25,921.36,7.91,7.91
CN7,8G,2,1,4,791,938,1139,1778,1292,1489,1404.77,2939,78.63,79.93,8722.65,8413.39,8.08,8.26,926.06,920.11
CN7,8G,2,1,5,766,922,1500,2073,1328,1516,1425.27,2974,8112.65,8063.5,78.3,78.89,923.73,921.38,8.0,8.0
CN7,8G,2,4,1,824,930,1172,3523,1282,1436,1382.09,2895,4641.55,4580.61,4675.99,4567.13,462.0,460.92,463.96,461.41
CN7,8G,2,4,2,857,955,1156,3818,1246,1426,1347.04,2821,4581.53,4575.13,4625.98,4577.44,461.84,460.23,464.01,462.21
CN7,8G,2,4,3,848,963,1172,2606,1204,1400,1340.58,2809,4642.73,4536.1,4545.63,4587.52,461.74,461.82,459.32,461.83
CN7,8G,2,4,4,857,963,1139,3621,1270,1400,1336.17,2795,4661.03,4515.17,4550.04,4552.94,462.65,460.96,460.75,460.75
CN7,8G,2,4,5,865,996,1221,2999,1204,1372,1317.71,2733,4635.34,4524.56,4632.45,4499.79,461.65,460.56,462.25,459.34
CN7,8G,2,16,1,848,955,1647,3359,1260,1436,1341.62,2806,4631.09,4580.4,4634.31,4674.41,462.2,460.98,461.12,464.28
CN7,8G,2,16,2,824,938,1598,3326,1292,1428,1369.68,2866,4612.72,4585.69,4625.94,4659.6,460.2,460.58,461.41,462.3
CN7,8G,2,16,3,824,938,1582,3392,1230,1428,1372.95,2876,4694.91,4594.2,4581.8,4616.8,462.25,461.74,461.34,460.62
CN7,8G,2,16,4,816,930,1762,3589,1262,1434,1370.18,2880,4744.99,4597.61,4605.99,4525.43,464.93,461.19,460.66,460.5
CN7,8G,2,16,5,824,938,1614,3916,1294,1420,1381.36,2902,4576.53,4667.56,4687.28,4619.38,460.45,464.59,462.49,462.76
CN7,8G,4,1,1,775,955,1631,2180,1246,1492,1415.23,5786,8348.92,7947.86,8241.47,8315.34,924.28,923.53,916.44,926.28
CN7,8G,4,1,2,824,1188,2704,3720,1226,1480,1392.30,5752,8014.22,8336.87,8015.43,7844.74,924.36,924.3,922.14,921.84
CN7,8G,4,1,3,799,979,1844,2868,1280,1488,1421.66,5869,9559.4,9451.3,9320.39,9410.84,1039.52,1042.09,1038.72,1038.44
CN7,8G,4,1,4,799,1074,2376,3884,1244,1494,1428.55,5930,8012.11,7930.89,7712.08,7854.7,923.0,922.96,919.93,921.88
CN7,8G,4,1,5,783,930,2409,3851,1240,1478,1440.23,5981,7794.45,7866.44,7799.49,7796.58,916.49,922.73,920.19,922.32
CN7,8G,4,4,1,824,1057,1926,3884,1268,1448,1398.57,5774,8098.43,8371.31,8829.02,8057.89,917.6,924.83,920.8,918.68
CN7,8G,4,4,2,898,1106,1860,4555,1228,1436,1367.16,5571,8676.24,8501.37,8953.15,8679.67,921.15,922.02,926.44,923.32
CN7,8G,4,4,3,898,1123,1991,3818,1252,1440,1369.47,5633,8452.0,8460.99,8885.29,8534.35,923.5,919.23,932.32,923.81
CN7,8G,4,4,4,881,1106,1909,2933,1304,1446,1365.54,5666,8223.5,8044.39,8425.52,8357.2,921.8,922.35,923.99,921.02
CN7,8G,4,4,5,857,1045,1582,2573,1186,1438,1353.74,5619,8958.64,8652.17,8758.12,8747.48,930.18,922.99,926.37,928.52
CN7,8G,4,16,1,988,1287,2057,2933,1160,1366,1304.81,5392,8870.53,8408.68,8756.88,8815.34,926.25,928.8,927.8,927.72
CN7,8G,4,16,2,906,1139,1975,3851,1198,1430,1347.61,5513,8651.73,8738.04,8760.07,8881.2,923.47,923.51,921.18,919.24
CN7,8G,4,16,3,881,1074,1745,4228,1206,1364,1324.88,5488,8755.03,9011.24,8864.5,9101.53,925.66,924.65,926.46,925.18
CN7,8G,4,16,4,881,1139,2089,3195,1250,1452,1361.40,5690,8498.88,8691.03,8684.25,8753.48,918.76,924.32,923.34,925.04
CN7,8G,4,16,5,971,1270,1991,3589,1242,1406,1314.56,5465,8493.26,8378.29,8573.1,8461.84,926.27,926.03,927.14,923.46
CN7,8G,8,1,1,3458,4752,6718,9503,600,1338,766.96,6326,9999.89,10201.11,9931.94,10066.26,1182.68,1184.95,1181.67,1181.36
CN7,8G,8,1,2,3949,5538,7308,9110,538,1356,717.39,5970,10616.73,10846.11,10961.34,10285.46,1183.88,1187.58,1187.85,1181.93
CN7,8G,8,1,3,3949,5473,6980,8848,588,1280,718.19,5949,10604.41,10538.83,11063.57,11077.54,1186.14,1185.56,1187.85,1185.5
CN7,8G,8,1,4,3949,5407,6849,9372,562,1332,715.52,5940,10418.94,10268.85,10555.88,10090.06,1185.08,1184.15,1183.78,1181.18
CN7,8G,8,1,5,3523,4817,6456,8455,614,1356,770.29,6375,10471.66,10151.4,10300.68,10240.59,1184.28,1181.65,1183.56,1183.73
CN7,8G,8,4,1,4555,6587,8717,10028,596,1280,724.43,5989,10699.16,10729.37,10617.32,10443.5,1188.43,1185.86,1186.98,1184.17
CN7,8G,8,4,2,5342,7504,10028,12125,496,1310,678.72,5624,10658.78,10527.64,10512.44,10690.33,1110.53,1108.96,1106.84,1109.84
CN7,8G,8,4,3,4948,6980,18744,60031,556,1240,692.10,5732,10292.4,10583.31,10228.86,10405.83,1109.03,1106.7,1110.05,1109.72
CN7,8G,8,4,4,4621,6915,21890,154141,488,1242,707.48,5835,10109.04,10450.72,10368.35,10371.08,1105.53,1107.81,1108.86,1106.7
CN7,8G,8,4,5,5080,7111,10028,32375,546,1282,685.58,5708,10559.85,10916.37,10681.6,10787.93,1112.43,1112.7,1110.57,1111.77
CN7,8G,8,16,1,6259,8455,10552,13042,456,1190,597.92,4952,11036.23,10956.69,10961.45,11153.14,1042.27,1044.38,1041.19,1044.45
CN7,8G,8,16,2,5276,7308,9241,10945,512,1282,664.11,5528,11026.56,11425.71,11220.85,11364.49,1111.16,1115.98,1112.79,1113.25
CN7,8G,8,16,3,5932,8029,10421,12387,502,1194,616.68,5147,10834.49,10961.98,10872.16,10817.4,1048.06,1043.25,1043.15,1042.77
CN7,8G,8,16,4,6194,8356,13829,70779,448,1186,597.01,4960,10456.82,10446.36,10385.28,10303.62,985.14,983.8,985.31,982.51
CN7,8G,8,16,5,4752,7177,36963,74974,498,1272,697.68,5793,10747.23,10999.63,11254.29,10797.71,1112.66,1112.32,1111.97,1109.49
CN7,8G,16,1,1,6980,8291,9765,10945,254,924,331.75,5511,11515.08,11430.88,11589.46,11427.7,1189.2,1188.22,1186.71,1186.03
CN7,8G,16,1,2,6587,7767,9110,11207,260,958,345.51,5700,11054.97,11621.01,11478.31,11375.27,1227.31,1228.85,1230.05,1229.24
CN7,8G,16,1,3,6915,8291,9896,11469,236,1016,332.79,5497,11412.29,11066.04,11503.7,11495.59,1187.69,1186.13,1186.55,1187.47
CN7,8G,16,1,4,6783,8094,9765,12911,244,880,336.25,5604,11611.12,11787.74,11590.82,11770.7,1227.27,1231.99,1226.32,1230.88
CN7,8G,16,1,5,6390,7570,8979,10552,286,908,351.20,5826,11907.7,11799.74,11457.31,11592.9,1277.51,1276.19,1275.48,1275.71
CN7,8G,16,4,1,11863,14615,17433,19530,264,954,332.29,5564,11644.81,12015.1,11412.1,11751.72,1187.95,1193.1,1191.48,1188.0
CN7,8G,16,4,2,11863,15008,18220,20841,256,894,325.83,5455,11846.81,12048.95,11957.55,11938.79,1188.62,1192.82,1192.0,1190.81
CN7,8G,16,4,3,11994,14615,17433,20579,268,874,330.64,5541,12052.28,11977.76,11751.21,12035.52,1192.41,1192.15,1187.87,1190.04
CN7,8G,16,4,4,13173,16581,20055,22152,240,904,297.49,4968,11489.11,11284.51,11312.51,11506.3,1078.68,1079.66,1078.51,1077.8
CN7,8G,16,4,5,12518,15664,18482,21103,248,892,320.54,5356,11697.02,11684.68,11681.14,11710.85,1150.35,1151.86,1147.92,1149.52
CN7,8G,16,16,1,13173,16581,20055,23987,229,872,290.68,4872,12017.79,12072.15,12315.75,11892.01,1080.7,1078.77,1080.21,1076.12
CN7,8G,16,16,2,13173,16188,19792,22414,232,830,300.43,5025,12500.28,12666.26,12603.54,12567.47,1113.39,1116.08,1114.94,1113.95
CN7,8G,16,16,3,13435,16581,19792,22414,226,828,280.10,4688,11981.74,12104.76,11985.52,12126.23,1044.57,1044.31,1041.89,1046.04
CN7,8G,16,16,4,13304,16450,19792,21890,232,826,298.62,4999,12635.4,12703.58,12453.77,12496.41,1115.26,1112.61,1114.42,1113.75
CN7,8G,16,16,5,13435,16581,19268,21890,240,850,287.20,4810,12253.06,12487.53,12402.59,12341.67,1079.3,1077.28,1079.4,1079.26
CN7,16G,1,1,1,750,979,1401,2114,1340,1492,1434.64,1506,133.0,137.25,10847.74,135.81,11.61,11.71,1190.81,11.51
CN7,16G,1,1,2,734,955,1860,3785,1322,1506,1455.36,1527,113.69,114.72,114.48,10535.9,11.55,11.64,11.58,1185.9
CN7,16G,1,1,3,725,955,1369,2089,1320,1552,1471.68,1544,10920.17,114.41,114.16,114.35,1189.98,11.61,11.55,11.55
CN7,16G,1,1,4,750,930,1156,1909,1312,1528,1439.86,1510,114.28,11352.53,113.86,114.04,11.61,1191.56,11.52,11.51
CN7,16G,1,1,5,742,979,1647,2933,1362,1494,1443.91,1515,113.97,115.03,10272.05,113.73,11.58,11.68,1183.04,11.48
CN7,16G,1,4,1,742,955,1106,1991,1256,1562,1465.95,1537,3079.63,3036.49,3054.55,3055.52,305.2,304.76,305.41,303.55
CN7,16G,1,4,2,742,930,1106,1893,1240,1580,1474.68,1547,3018.53,3068.44,3106.66,3050.15,305.44,305.07,305.96,305.36
CN7,16G,1,4,3,742,898,1123,1860,1298,1506,1446.36,1517,3007.4,2981.96,3060.4,3092.74,304.2,304.24,305.35,305.51
CN7,16G,1,4,4,734,816,1074,1926,1368,1536,1474.14,1546,3033.28,3059.76,3077.49,3077.48,305.61,304.59,304.74,306.31
CN7,16G,1,4,5,734,889,1090,1926,1172,1508,1459.18,1531,3062.01,3037.35,3031.37,3051.94,305.85,305.06,303.49,304.96
CN7,16G,1,16,1,734,906,1221,1958,1285,1594,1473.68,1545,3043.32,3028.08,3037.6,3014.96,304.29,304.83,303.83,304.22
CN7,16G,1,16,2,725,889,1205,1827,1242,1516,1463.55,1534,3018.41,3002.88,3039.26,3040.55,303.71,304.04,303.4,303.12
CN7,16G,1,16,3,742,848,1205,2114,1358,1486,1443.45,1515,3016.57,3047.39,3017.28,3081.5,304.25,304.96,304.81,304.25
CN7,16G,1,16,4,734,889,1237,1942,1360,1502,1461.27,1532,3079.23,3006.7,3051.3,3065.81,304.24,303.76,304.47,303.3
CN7,16G,1,16,5,742,898,1172,1975,1358,1504,1446.41,1518,3067.54,3071.21,3043.53,3052.33,304.04,304.07,304.12,302.71
CN7,16G,2,1,1,816,889,1139,1893,1238,1436,1361.79,2848,106.26,10835.88,10103.18,106.06,10.79,1113.07,1110.0,10.7
CN7,16G,2,1,2,791,881,1205,1745,1238,1470,1396.35,2920,10498.86,108.23,107.85,10383.79,1113.7,10.96,10.9,1110.68
CN7,16G,2,1,3,799,881,1532,2409,1292,1492,1394.57,2910,106.91,10301.16,9490.91,116.9,10.84,1107.53,1107.08,10.77
CN7,16G,2,1,4,791,881,1205,2114,1296,1518,1408.35,2944,10417.43,108.64,108.17,9926.76,1108.48,11.01,10.95,1108.02
CN7,16G,2,1,5,791,881,1319,2024,1302,1482,1400.65,2932,107.11,10327.55,9602.15,106.85,10.89,1108.86,1106.96,10.8
CN7,16G,2,4,1,816,906,1057,2278,1286,1428,1378.72,2890,5691.99,5641.04,5643.3,5613.8,559.73,559.77,561.73,559.59
CN7,16G,2,4,2,799,898,1074,1893,1252,1446,1388.09,2911,5681.07,5630.71,5641.63,5617.87,559.16,559.41,560.41,558.21
CN7,16G,2,4,3,824,922,1106,1844,1248,1438,1369.52,2865,5691.48,5661.57,5624.83,5604.07,559.44,558.91,558.67,559.2
CN7,16G,2,4,4,824,914,1090,1975,1248,1454,1383.76,2900,5722.69,5653.64,5651.63,5628.87,559.55,559.54,558.43,558.78
CN7,16G,2,4,5,824,922,1090,2057,1300,1456,1380.04,2883,5653.23,5600.7,5599.16,5681.14,559.43,557.64,559.04,559.69
CN7,16G,2,16,1,824,914,1270,1860,1270,1434,1382.30,2900,5745.96,5702.95,5705.08,5730.01,560.22,559.73,560.45,559.74
CN7,16G,2,16,2,857,971,1369,1942,1258,1408,1332.96,2781,5739.7,5720.62,5686.88,5738.02,559.87,558.94,560.52,562.33
CN7,16G,2,16,3,816,906,1303,2671,1208,1454,1385.91,2905,5798.04,5687.01,5646.07,5695.15,561.15,559.09,559.59,559.78
CN7,16G,2,16,4,807,906,1254,2114,1246,1450,1392.76,2918,5730.58,5701.4,5672.39,5723.02,560.25,558.78,559.57,560.68
CN7,16G,2,16,5,832,930,1270,2999,1198,1424,1360.04,2852,5650.45,5682.33,5798.12,5726.76,557.98,559.24,561.51,559.64
CN7,16G,4,1,1,799,914,2507,4293,1262,1488,1407.23,5831,9870.24,9613.25,9497.79,9645.29,1110.09,1105.68,1107.6,1108.05
CN7,16G,4,1,2,799,906,1778,2442,1232,1480,1396.29,5783,9963.11,10096.76,9722.95,9989.8,1107.38,1111.48,1108.3,1108.58
CN7,16G,4,1,3,824,906,3163,6849,1242,1494,1389.78,5721,9275.8,9208.45,9169.14,9258.56,1106.85,1106.76,1106.95,1106.55
CN7,16G,4,1,4,832,1045,1696,2835,966,1494,1380.58,5668,9804.54,9999.78,9843.8,10144.76,1109.53,1108.03,1111.01,1110.85
CN7,16G,4,1,5,938,1045,2147,3523,996,1466,1356.21,5519,10127.05,9833.25,9824.11,9667.38,1111.6,1106.54,1109.52,1107.87
CN7,16G,4,4,1,1057,1352,2311,3228,927,1464,1302.62,5196,9583.31,9656.15,9615.71,9348.45,1040.53,1041.24,1040.14,1037.73
CN7,16G,4,4,2,1090,1401,1745,2442,1008,1362,1244.65,5101,10324.33,9998.36,10249.42,10062.45,1045.35,1043.0,1043.57,1043.28
CN7,16G,4,4,3,1045,1336,2073,3032,1056,1474,1300.19,5388,9742.67,9680.85,9563.31,9769.08,1040.27,1040.28,1041.64,1043.51
CN7,16G,4,4,4,1074,1369,1778,3032,1008,1406,1261.53,5275,9792.76,9718.49,9806.94,9835.05,1041.15,1043.17,1041.83,1041.31
CN7,16G,4,4,5,1074,1352,2245,2802,964,1394,1268.79,5073,9673.85,9493.94,9500.78,9564.95,1040.94,1039.15,1040.63,1042.31
CN7,16G,4,16,1,1057,1401,2442,3425,968,1480,1304.44,5368,9862.8,9779.3,9605.7,9641.14,1041.57,1042.66,1039.96,1041.6
CN7,16G,4,16,2,1020,1303,1991,3851,1001,1454,1325.80,5408,10020.9,9866.88,9691.64,9745.77,1040.4,1042.27,1044.08,1038.28
CN7,16G,4,16,3,1057,1352,2278,3621,1082,1422,1292.17,5341,10225.07,9762.34,9959.78,9902.73,1045.37,1041.25,1044.36,1043.44
CN7,16G,4,16,4,1139,1467,1876,4228,960,1388,1242.39,5171,10224.87,10300.47,10332.93,10220.38,1045.25,1044.47,1047.97,1044.68
CN7,16G,4,16,5,1106,1401,2278,3425,950,1454,1279.65,5173,9887.78,10167.89,10228.16,9837.98,1042.72,1044.87,1044.29,1042.2
CN7,16G,8,1,1,3687,5080,6652,8979,596,1324,723.46,6035,11214.84,11523.18,11588.51,11465.92,1275.42,1275.85,1278.04,1275.68
CN7,16G,8,1,2,3982,5407,7046,8717,540,1330,693.92,5778,11219.77,11409.69,11039.67,11006.73,1227.68,1230.55,1228.66,1229.43
CN7,16G,8,1,3,3851,5276,6915,8979,526,1354,707.99,5884,10895.09,11103.05,11130.93,11068.11,1272.55,1274.14,1274.13,1274.2
CN7,16G,8,1,4,3720,5145,7046,8717,570,1352,721.70,5976,11238.34,11178.86,11231.93,11490.13,1276.17,1273.96,1274.5,1275.98
CN7,16G,8,1,5,3982,5342,6783,8455,564,1310,690.41,5739,10765.18,11025.17,10935.65,10595.67,1226.4,1228.62,1228.14,1226.25
CN7,16G,8,4,1,4948,6980,9110,11076,540,1286,680.02,5628,11596.77,11838.02,11853.9,11576.28,1230.69,1233.08,1234.26,1230.96
CN7,16G,8,4,2,4817,6849,8979,10814,552,1297,687.25,5683,11363.22,11778.72,11368.85,11658.37,1229.93,1231.93,1230.94,1232.53
CN7,16G,8,4,3,5669,7701,9896,12649,492,1298,625.05,5211,11481.54,11399.2,11472.23,11467.22,1148.52,1149.72,1148.62,1150.69
CN7,16G,8,4,4,5800,7963,10290,12387,462,1270,619.40,5163,10868.53,11066.9,10979.67,11041.52,1110.59,1110.81,1111.49,1112.49
CN7,16G,8,4,5,5604,7767,10028,12911,480,1206,621.09,5205,11688.69,11538.66,11646.48,11351.32,1148.31,1151.18,1152.35,1146.99
CN7,16G,8,16,1,5407,7504,9896,12518,484,1176,636.30,5290,11558.42,11729.55,11805.0,11719.63,1150.65,1151.14,1150.69,1149.57
CN7,16G,8,16,2,4948,6980,9110,11863,550,1146,680.32,5655,11776.23,12162.86,11879.51,12085.89,1232.69,1235.6,1233.42,1233.59
CN7,16G,8,16,3,5211,7308,9372,10945,522,1170,656.05,5457,11697.14,12215.89,12058.74,11928.09,1190.88,1192.78,1191.79,1191.04
CN7,16G,8,16,4,5342,7308,9372,11469,528,1172,639.54,5308,11646.86,11917.59,11797.74,11573.28,1149.76,1151.63,1153.64,1150.12
CN7,16G,8,16,5,6259,8356,10814,12387,450,1292,587.86,4898,11200.09,11489.15,11401.38,11342.09,1079.85,1077.91,1080.34,1079.98
CN7,16G,16,1,1,7242,8586,10159,11863,250,936,315.59,5267,11906.6,11924.7,11915.44,11974.08,1207.57,1208.77,1210.27,1208.65
CN7,16G,16,1,2,7439,8979,10552,12256,238,976,310.64,5168,11786.14,11748.72,12084.08,11764.76,1187.64,1188.21,1190.22,1187.32
CN7,16G,16,1,3,6718,7963,9503,10945,256,946,333.84,5527,11954.34,11888.76,11629.07,11409.33,1252.75,1251.27,1252.94,1248.82
CN7,16G,16,1,4,6456,7767,9241,10552,277,920,341.16,5672,11964.46,12292.22,12176.44,11972.48,1298.93,1300.85,1303.19,1299.7
CN7,16G,16,1,5,6980,8356,10028,11731,254,1056,323.65,5383,11893.76,12068.55,11804.38,11810.15,1230.33,1231.57,1228.91,1231.75
CN7,16G,16,4,1,12518,15795,19006,21627,232,882,304.40,5106,12073.71,11970.65,12093.32,11994.22,1168.52,1169.79,1169.46,1167.76
CN7,16G,16,4,2,13042,16319,19530,21627,234,914,298.91,5013,12097.86,12020.63,12166.31,12049.04,1149.51,1148.84,1151.79,1149.71
CN7,16G,16,4,3,13173,16319,19268,21890,242,854,299.52,5015,12248.11,12237.72,12141.08,12153.01,1150.04,1149.2,1150.87,1149.08
CN7,16G,16,4,4,12780,15664,18744,20579,232,950,302.91,5080,12428.79,12335.31,12292.42,12499.68,1168.44,1169.01,1171.29,1170.71
CN7,16G,16,4,5,13173,16319,19530,21890,232,924,301.46,5042,12251.7,12387.32,12283.65,12379.43,1168.5,1169.82,1170.57,1167.26
CN7,16G,16,16,1,13435,16450,19530,21627,228,920,289.91,4854,12577.39,12611.91,12540.5,12621.17,1115.19,1116.79,1119.68,1115.54
CN7,16G,16,16,2,13435,16581,19792,22152,232,918,288.65,4836,12444.05,12730.86,12595.32,12441.83,1114.46,1116.26,1116.99,1115.12
CN7,16G,16,16,3,13042,16450,19792,21890,232,870,301.67,5054,12785.43,12515.47,12799.31,12635.53,1172.13,1171.95,1173.47,1172.01
CN7,16G,16,16,4,13829,16909,20317,23200,226,836,279.26,4682,12379.53,12394.99,12493.83,12362.08,1081.09,1080.4,1086.27,1081.5
CN7,16G,16,16,5,13566,16712,19792,21890,240,790,289.36,4846,12772.04,12521.31,12725.96,12695.94,1117.23,1116.46,1121.28,1117.11
CN7,32G,1,1,1,725,832,2073,3195,1332,1498,1461.00,1532,128.72,128.59,127.9,11386.16,11.32,11.41,11.39,1327.24
CN7,32G,1,1,2,734,922,1663,4015,1362,1534,1450.87,1521,11470.66,113.24,112.87,112.72,1328.09,11.35,11.33,11.32
CN7,32G,1,1,3,717,832,2245,3884,1307,1500,1470.30,1542,112.74,11150.17,118.92,119.65,11.32,1325.42,11.3,11.29
CN7,32G,1,1,4,717,840,1876,3064,1328,1568,1485.43,1558,122.31,123.22,11553.33,121.95,11.44,11.53,1328.63,11.39
CN7,32G,1,1,5,717,840,1844,3785,1286,1492,1459.93,1530,111.86,113.01,112.79,11398.06,11.25,11.34,11.32,1326.83
CN7,32G,1,4,1,734,824,1090,1745,1292,1495,1457.77,1530,3539.97,3494.11,3449.9,3444.47,343.28,343.36,341.74,342.08
CN7,32G,1,4,2,725,807,1057,1745,1260,1508,1458.48,1530,3456.58,3510.08,3484.54,3398.71,341.71,341.78,342.34,342.37
CN7,32G,1,4,3,734,807,1045,1893,1378,1558,1449.60,1520,3489.95,3477.52,3481.46,3432.18,342.33,342.33,342.51,341.68
CN7,32G,1,4,4,717,807,1106,1844,1300,1496,1466.45,1538,3490.63,3463.2,3429.58,3429.54,340.85,340.31,341.14,341.39
CN7,32G,1,4,5,725,824,1074,1795,1228,1518,1460.34,1532,3467.96,3511.12,3472.63,3479.1,341.62,340.9,342.45,342.39
CN7,32G,1,16,1,725,816,1090,1729,1256,1500,1463.57,1535,3507.92,3498.85,3502.47,3492.9,341.56,342.42,341.63,342.42
CN7,32G,1,16,2,734,857,1123,1876,1273,1576,1463.14,1533,3517.65,3522.33,3489.52,3431.19,342.28,342.96,341.77,341.56
CN7,32G,1,16,3,734,799,1123,1827,1280,1508,1459.80,1532,3536.98,3524.06,3530.88,3486.59,341.74,341.66,342.87,341.43
CN7,32G,1,16,4,742,832,1139,1729,1356,1483,1445.96,1517,3379.77,3421.6,3369.28,3377.15,328.92,330.01,328.48,329.87
CN7,32G,1,16,5,734,807,1106,1778,1358,1516,1458.84,1530,3477.53,3512.68,3503.3,3494.92,341.77,342.76,342.59,340.83
CN7,32G,2,1,1,848,922,1139,1450,1200,1490,1343.43,2803,102.91,103.93,11704.32,11842.01,10.3,10.39,1235.13,1236.23
CN7,32G,2,1,2,807,889,1418,2089,1276,1490,1380.68,2868,11074.89,11383.95,114.08,104.04,1232.74,1236.0,10.57,10.42
CN7,32G,2,1,3,832,914,1287,1909,1194,1454,1354.88,2833,113.61,114.4,11520.78,11536.29,10.47,10.56,1234.58,1235.26
CN7,32G,2,1,4,832,906,1287,1778,1234,1474,1361.82,2842,11463.16,11554.42,104.41,104.26,1234.74,1237.25,10.46,10.45
CN7,32G,2,1,5,930,1037,1385,3097,998,1566,1335.40,2757,108.66,100.63,10816.93,11308.96,10.13,10.07,1187.71,1192.27
CN7,32G,2,4,1,1139,1401,1582,1876,858,1450,1297.56,2711,6104.65,6201.16,6171.66,6094.3,600.26,602.36,602.0,601.6
CN7,32G,2,4,2,1106,1418,1631,1827,812,1490,1296.00,2667,5924.88,5981.16,5974.67,5885.26,581.24,581.63,581.86,581.0
CN7,32G,2,4,3,1106,1418,1631,1811,748,1432,1295.62,2682,6125.52,6007.49,6106.23,6155.69,601.97,600.6,600.93,603.07
CN7,32G,2,4,4,1106,1450,1713,1942,796,1452,1293.62,2713,6177.81,6061.0,6133.28,6084.66,602.18,600.93,600.84,600.52
CN7,32G,2,4,5,1139,1450,1663,1827,852,1440,1295.53,2692,6134.7,6112.47,6138.55,6102.46,600.64,600.67,602.16,601.24
CN7,32G,2,16,1,1139,1418,1614,2376,840,1428,1289.04,2690,6279.21,6225.22,6329.19,6270.24,599.56,601.61,602.54,601.39
CN7,32G,2,16,2,1106,1352,1565,1942,814,1422,1296.33,2685,6237.18,6106.72,6268.16,6174.5,600.72,601.57,602.11,601.4
CN7,32G,2,16,3,1172,1418,1614,1958,888,1416,1251.15,2624,6032.29,5977.56,6027.16,6023.69,580.87,581.8,580.44,579.76
CN7,32G,2,16,4,1106,1418,1647,1893,798,1433,1289.90,2694,6267.87,6302.07,6328.13,6234.42,600.7,601.78,602.21,600.74
CN7,32G,2,16,5,1172,1418,1598,2245,876,1400,1247.53,2604,6075.36,6030.14,6110.2,5985.96,581.38,581.85,581.67,580.24
CN7,32G,4,1,1,824,930,3163,5997,1016,1492,1380.89,5701,10555.21,10313.48,10296.06,10234.32,1228.99,1228.95,1228.28,1227.98
CN7,32G,4,1,2,889,1205,2966,5538,872,1494,1332.54,5526,10123.58,10247.93,10041.63,10215.62,1185.95,1186.43,1185.92,1187.2
CN7,32G,4,1,3,807,898,2212,3326,1226,1502,1384.14,5681,10974.72,10893.57,10857.83,10865.06,1232.63,1232.22,1232.94,1232.85
CN7,32G,4,1,4,791,873,2212,5276,1241,1486,1391.66,5767,10733.95,10408.13,10965.24,10822.8,1230.79,1229.75,1231.34,1232.83
CN7,32G,4,1,5,840,947,1909,3326,1066,1490,1358.00,5504,10727.86,11098.89,10932.78,10357.11,1187.83,1189.15,1190.61,1187.17
CN7,32G,4,4,1,1139,1401,2376,3261,990,1470,1244.27,5157,10494.76,10476.61,10548.14,10391.12,1111.22,1114.96,1115.91,1111.92
CN7,32G,4,4,2,1123,1369,1893,2507,928,1428,1225.76,5018,10802.42,10719.54,10756.57,10610.94,1111.94,1112.06,1112.41,1111.38
CN7,32G,4,4,3,1106,1352,1958,3163,1056,1416,1235.24,5145,10720.43,10590.05,10723.07,10611.9,1110.63,1111.52,1110.96,1109.91
CN7,32G,4,4,4,1123,1385,2212,3130,942,1446,1239.61,4969,10437.17,10538.47,10555.77,10516.2,1108.6,1110.29,1109.7,1109.55
CN7,32G,4,4,5,1123,1369,1876,2671,980,1432,1248.36,5207,11149.32,10976.1,11087.9,11090.62,1150.92,1150.47,1151.33,1148.81
CN7,32G,4,16,1,1123,1385,2180,3458,1084,1442,1241.00,5177,11328.71,11195.87,11507.64,11472.49,1150.68,1151.29,1151.86,1151.58
CN7,32G,4,16,2,1123,1385,1975,2933,962,1476,1249.33,5170,11498.59,11346.94,11520.62,11226.51,1149.33,1151.11,1152.25,1148.81
CN7,32G,4,16,3,1139,1401,2073,3195,946,1484,1236.44,5102,11015.99,10922.32,11065.62,10936.72,1111.27,1113.96,1114.16,1112.29
CN7,32G,4,16,4,1139,1418,2343,3261,942,1412,1219.39,4888,10624.73,10397.95,10686.46,10433.71,1075.13,1074.52,1075.55,1075.42
CN7,32G,4,16,5,1074,1336,1876,3097,966,1458,1276.36,5205,11314.3,11315.78,11805.98,11265.75,1147.87,1151.3,1151.78,1152.67
CN7,32G,8,1,1,3752,5145,6849,9241,588,1358,703.88,5844,11637.99,11429.33,11440.77,11575.41,1323.44,1323.37,1324.47,1324.02
CN7,32G,8,1,2,4015,5538,7177,8979,510,1364,676.97,5610,11323.66,11078.87,11230.02,11198.07,1273.85,1274.11,1275.21,1274.07
CN7,32G,8,1,3,3818,5211,7046,9372,572,1354,696.06,5773,11319.05,11682.43,11760.9,11514.91,1322.44,1324.65,1326.76,1325.09
CN7,32G,8,1,4,3884,5276,6915,8717,556,1385,688.50,5736,11425.08,11442.01,11799.61,11598.39,1299.45,1300.2,1304.81,1300.68
CN7,32G,8,1,5,4293,5800,7373,8979,520,1366,649.85,5403,11363.76,11235.38,11572.83,11131.54,1231.11,1229.91,1234.23,1227.29
CN7,32G,8,4,1,5014,7111,9372,11863,546,1283,665.91,5535,11906.56,11675.44,11954.72,11986.77,1253.51,1253.75,1255.73,1254.09
CN7,32G,8,4,2,5080,7242,9503,11731,500,1298,651.32,5419,11594.94,11478.49,11711.28,11625.74,1230.16,1230.8,1231.89,1230.93
CN7,32G,8,4,3,5080,7177,9372,11076,470,1312,661.04,5491,11820.11,11888.83,11843.97,11916.9,1253.39,1254.84,1253.98,1254.54
CN7,32G,8,4,4,5342,7439,9765,11731,462,1302,641.17,5337,11698.32,11919.86,11869.18,11770.19,1230.21,1230.75,1233.23,1231.82
CN7,32G,8,4,5,5080,7177,9241,11863,520,1274,659.69,5448,11846.14,12106.13,11959.68,11796.82,1253.57,1254.66,1255.02,1253.75
CN7,32G,8,16,1,5866,8029,10290,12518,466,1296,606.77,5047,12297.13,12323.82,12353.44,12262.23,1169.76,1171.91,1174.54,1171.05
CN7,32G,8,16,2,6063,8160,10421,12387,472,1164,584.02,4891,12140.36,12255.45,12034.19,12156.21,1131.89,1131.85,1133.89,1132.05
CN7,32G,8,16,3,5866,8094,10421,12387,456,1284,608.52,5063,11878.6,12081.18,11937.82,11726.63,1168.09,1169.19,1171.26,1168.78
CN7,32G,8,16,4,5342,7504,9765,12911,470,1292,638.07,5308,11967.03,11908.5,11957.2,11899.64,1210.99,1209.83,1211.02,1210.37
CN7,32G,8,16,5,5932,7963,10290,12256,464,1202,604.81,5042,11923.16,12040.67,12090.71,11966.71,1170.98,1170.31,1171.92,1170.58
CN7,32G,16,1,1,6849,8291,10159,26084,251,908,325.94,5439,12207.82,12192.99,12250.5,12155.05,1276.06,1275.43,1277.08,1275.7
CN7,32G,16,1,2,542,684,276,103.80,1733,,,,29.79,27.54,13442.67,29.49,2.29,2.28,1625.48,2.29
CN7,32G,16,1,3,6849,8291,10028,11863,242,926,326.29,5445,12103.91,12228.08,12039.3,11929.92,1275.38,1274.54,1279.69,1273.43
CN7,32G,16,1,4,7046,8455,10159,11994,232,902,319.02,5308,11992.36,12289.58,11903.72,11968.42,1252.36,1252.12,1253.8,1251.55
CN7,32G,16,1,5,7242,8717,10421,11863,240,882,312.56,5211,12000.77,11998.17,11906.76,11980.84,1228.36,1230.36,1231.62,1228.68
CN7,32G,16,4,1,13304,16188,19268,21890,248,900,302.17,5057,12411.54,12657.61,11847.85,12398.42,1187.65,1189.38,1188.94,1188.54
CN7,32G,16,4,2,13042,16188,19268,21627,246,890,299.50,5022,12493.1,12759.01,11970.31,12546.15,1188.92,1191.06,1191.96,1189.46
CN7,32G,16,4,3,13173,16319,19268,21890,240,880,296.18,4964,12476.85,12496.92,12064.79,12382.44,1170.36,1170.3,1171.71,1170.68
CN7,32G,16,4,4,13042,16188,19268,21890,232,962,301.26,5047,12544.11,12567.72,12046.2,12538.8,1189.15,1189.59,1189.42,1190.36
CN7,32G,16,4,5,12911,15926,19006,21627,240,1000,301.76,5057,12573.14,12674.25,12080.27,12593.41,1188.85,1189.78,1188.91,1190.22
CN7,32G,16,16,1,13960,17171,20317,22938,224,792,278.43,4664,12716.12,12874.48,12142.37,12774.66,1105.48,1105.56,1107.8,1105.36
CN7,32G,16,16,2,13304,16450,19530,22938,226,820,290.41,4862,12992.6,13257.37,12486.73,13051.84,1152.68,1153.1,1154.14,1152.73
CN7,32G,16,16,3,13566,16909,20055,22676,220,884,285.58,4781,12955.65,12921.45,12094.64,12773.88,1133.98,1133.18,1135.1,1131.88
CN7,32G,16,16,4,13435,16712,20055,22938,216,826,286.15,4795,12985.94,12996.55,12348.86,12899.21,1134.14,1135.04,1135.04,1134.69
CN7,32G,16,16,5,13960,17171,20841,45351,224,796,280.39,4703,12814.67,13028.85,12119.66,12721.45,1115.14,1115.64,1115.37,1115.06
