
1.96 1.96
0.00 0.00
0.00 0.00
0.00 0.00
0.00 0.00
0.00 0.00
0.00 0.00
285.37 301.84
973.21 932.43
941.24 932.16
939.69 970.20
968.22 968.43
961.41 956.61
978.58 983.38
936.12 971.35
964.14 951.78
986.17 980.97
990.20 988.99
989.51 989.38
962.84 954.65
981.64 976.88
992.53 987.38
936.93 949.84
960.36 954.79
931.18 979.16
959.96 974.83
941.56 969.14
907.83 966.46
886.81 938.67
879.17 939.45
963.51 981.72
952.06 957.30
955.01 974.15
946.50 982.79
965.57 952.11
891.96 965.36
934.51 949.24
928.87 913.60
939.42 959.05
964.52 976.34
929.13 965.58
964.81 952.79
959.66 938.11
950.27 910.34
956.03 987.98
965.85 953.04
973.27 963.66
980.11 954.36
997.10 955.17
976.33 947.08
954.04 968.56
987.49 952.55
979.38 980.64
672.46 376.92
0.00 0.00
0.00 0.00
0.00 0.00
