
10.46 
0.00 2.94
0.00 0.00
0.00 0.00
0.00 0.00
0.00 0.00
0.00 0.00
273.55 0.00
949.59 277.58
996.09 950.15
989.95 954.27
919.66 947.53
945.77 938.10
980.49 947.66
972.51 926.21
911.26 924.85
919.30 959.84
963.78 891.52
940.99 844.47
987.47 940.69
965.28 942.78
986.37 880.16
947.58 907.87
952.43 844.42
941.78 960.96
967.52 939.06
968.87 845.70
958.92 809.76
948.13 865.82
943.20 872.54
984.62 866.11
961.78 918.12
951.96 941.05
932.38 829.22
960.23 783.44
979.12 900.04
951.00 959.91
967.25 942.52
942.45 945.94
921.12 932.94
903.29 932.44
843.56 908.17
948.72 929.98
975.65 885.82
981.52 834.95
967.21 921.91
967.53 944.58
993.65 866.28
964.48 860.22
981.21 807.47
944.55 931.72
979.23 978.35
967.95 909.83
864.04 877.19
0.00 938.16
0.00 915.14
0.00 950.69
