
START----------
1.6871 1.6484
1.5770 1.3765
1.5785 1.5697
1.6277 1.2903
1.4532 1.3241
1.7213 1.3656
1.6499 1.3786
1.5150 1.3294
1.5617 1.3847
1.5253 1.2968
1.5948 1.2776
1.5824 1.2078
1.6299 1.2174
1.6244 1.2042
1.6688 1.3056
1.6116 1.2538
1.3798 1.2353
1.4333 1.2452
1.5178 1.1813
1.6035 1.2292
1.5477 1.2029
1.6090 1.1649
1.5976 1.1848
1.5375 1.2165
1.6161 1.1973
1.6355 1.1951
1.6126 1.1097
1.5484 1.1348
1.5442 1.0775
1.5389 1.0865
1.5788 1.1186
1.5394 1.1288
1.5309 1.0414
1.4847 1.0690
1.5395 1.0614
1.4811 1.0576
1.4913 1.0547
1.4585 1.0454
1.4240 1.0201
1.4774 1.0194
1.4946 1.0344
1.4206 1.0212
1.3562 1.0259
1.4259 1.0145
1.4026 1.0504
1.4474 1.0138
1.4675 1.0175
1.3491 1.0573
1.4564 1.0270
1.4456 1.0321
1.4723 1.0352
1.4638 1.0195
1.4656 1.0321
1.3869 1.0322
1.4809 1.0194
1.5334 1.0046
1.3886 1.0075
1.4479 1.0154
1.4847 1.0178
END----------
1.3760 1.0028
1.6994 1.0085
-1 -1
-1 -1
-1 -1
-1 -1
-1 -1
-1 -1
-1 -1
-1 -1
-1 -1
-1 -1
-1 -1
-1 -1
-1 -1
-1 -1
-1 -1
-1 -1
-1 -1
-1 -1
-1 -1
START----------
1.3653 1.0260
1.4121 1.0099
1.3677 1.0055
1.3911 1.0045
1.4751 1.0103
1.3784 1.0233
1.4062 1.0046
1.4075 1.0055
1.4182 1.0044
1.3944 1.0462
1.4695 1.0366
1.3861 1.0063
1.4568 1.0042
1.4149 1.0216
1.4401 1.0040
1.4669 1.0056
1.4429 1.0067
1.3686 1.0052
1.3661 1.0211
1.4250 1.0034
1.4571 1.0048
1.4576 1.0047
1.3945 1.0252
1.3882 1.0164
1.4706 1.0095
1.3748 1.0254
1.4178 1.0264
1.3305 1.0103
1.4609 1.0249
1.5076 1.0284
1.4009 1.0444
1.4223 1.0067
1.4645 1.0109
1.3840 1.0256
1.4641 1.0898
1.3708 1.0100
1.3871 1.0198
1.3328 1.0406
1.3952 1.0136
1.4401 1.0116
1.4293 1.0151
1.4406 1.0147
1.4826 1.0060
1.3758 1.0428
1.4990 1.0735
1.4508 1.0199
1.4377 1.0466
1.4745 1.0497
1.4093 1.0198
1.4528 1.0353
1.4239 1.0388
1.2797 1.0713
1.4210 1.1103
1.3352 1.0397
1.3956 1.0188
1.4612 1.0396
1.4494 1.0970
1.3587 1.0408
1.4262 1.0232
1.3655 1.1138
END----------
1.5463 1.0185
-1 -1
-1 -1
-1 -1
-1 -1
-1 -1
-1 -1
-1 -1
-1 -1
-1 -1
-1 -1
-1 -1
-1 -1
-1 -1
-1 -1
-1 -1
-1 -1
-1 -1
-1 -1
-1 -1
START----------
1.2135 1.0517
1.3894 1.0889
1.4402 1.0742
1.4799 1.0623
1.4537 1.0469
1.4309 1.1058
1.4057 1.1666
1.4381 1.1336
1.4573 1.0376
1.4115 1.1217
1.4333 1.1184
1.4082 1.1020
1.4122 1.1876
1.4639 1.0542
1.4470 1.0823
1.3292 1.0522
1.3650 1.1582
1.3914 1.0983
1.4553 1.0579
1.4646 1.1805
1.4375 1.1442
1.4874 1.1557
1.4159 1.1070
1.4440 1.0912
1.3787 1.1959
1.4219 1.1080
1.3844 1.1147
1.4089 1.1637
1.4321 1.2541
1.2930 1.1608
1.3117 1.1137
1.3687 1.1603
1.3343 1.1138
1.4792 1.1731
1.4156 1.1285
1.4783 1.1520
1.4307 1.0587
1.4984 1.1550
1.4594 1.2075
1.4810 1.1597
1.4558 1.1878
1.4913 1.1926
1.4991 1.1549
1.5318 1.2306
1.4149 1.1156
1.4277 1.1529
1.3388 1.2622
1.5255 1.2005
1.4675 1.1884
1.5148 1.0932
1.3888 1.1967
1.5137 1.2152
1.4087 1.1913
1.4089 1.2156
1.3532 1.1701
1.4375 1.2417
1.5055 1.0909
1.4965 1.1913
1.4861 1.2287
1.5491 1.2296
END----------
1.6565 1.2162
-1 -1
-1 -1
-1 -1
-1 -1
-1 -1
-1 -1
-1 -1
-1 -1
-1 -1
-1 -1
-1 -1
-1 -1
-1 -1
-1 -1
-1 -1
-1 -1
-1 -1
-1 -1
-1 -1
-1 -1
