
START----------
1.0120 1.0003
1.0182 1.0022
1.0162 1.0049
1.0136 1.0023
1.0125 1.0043
1.0130 1.0075
1.0124 1.0090
1.0125 1.0082
1.0142 1.0102
1.0130 1.0088
1.0128 1.0074
1.0142 1.0099
1.0135 1.0099
1.0231 1.0423
1.0465 1.0243
1.2747 1.0976
1.0853 1.0522
1.2155 1.0398
1.1886 1.0275
1.2921 1.0469
1.1135 1.0318
1.3646 1.0845
1.0812 1.0184
1.0499 1.0210
1.2401 1.0587
1.1059 1.0159
1.1266 1.0346
1.2892 1.0384
1.2821 1.0443
1.3515 1.0728
1.0154 1.0054
1.0354 1.0171
1.8287 1.0943
1.1004 1.0283
1.2602 1.0666
1.3122 1.0369
1.0915 1.0055
1.2363 1.0629
1.0523 1.0130
1.1913 1.0564
1.1191 1.0495
1.3109 1.0277
1.0234 1.0103
1.1893 1.0595
1.2356 1.0358
1.1874 1.0791
1.1077 1.0226
1.3413 1.0345
1.6177 1.0018
1.1238 1.0298
1.2008 1.0272
1.1789 1.0564
1.0652 1.0090
1.2010 1.0461
1.0851 1.0132
1.0174 1.0437
1.3195 1.0521
1.1548 1.0520
1.4500 1.0856
END----------
1.1054 1.0153
1.2366 1.0466
0.9981 0.9998
2.9538 -1
-1 -1
-1 -1
-1 -1
-1 -1
-1 -1
-1 -1
-1 -1
-1 -1
-1 -1
-1 -1
-1 -1
-1 -1
-1 -1
-1 -1
-1 -1
-1 -1
-1 -1
-1 -1
