0903-1311
CN7,4G,1,1,1,963,5342,7570,8586,1148,1425,1307.50,1377,84.39,4411.14,84.0,75.87,8.88,548.83,8.87,8.07
CN7,4G,1,1,2,955,5473,7308,7898,1186,1474,1357.00,1424,70.72,71.31,4392.33,69.7,7.43,7.54,546.68,7.35
CN7,4G,1,1,3,988,5342,7635,7898,1004,1426,1275.00,1343,70.72,70.81,70.83,4391.03,7.43,7.51,7.45,546.44
CN7,4G,1,2,1,963,1139,7439,8094,1266,1420,1355.33,1421,2199.22,2804.64,70.33,70.2,272.9,348.85,7.42,7.38
CN7,4G,1,2,2,947,1106,1729,2311,1290,1626,1425.40,1488,2804.55,71.14,70.33,2802.87,348.78,7.53,7.42,348.68
CN7,4G,1,2,3,930,1106,1532,2147,1300,1612,1443.20,1499,70.72,2804.14,2804.33,71.36,7.43,348.85,348.76,7.37
CN7,4G,1,4,1,963,1123,1778,2966,1300,1614,1432.80,1492,1438.22,1437.98,1437.5,1437.04,178.09,178.2,178.11,178.02
CN7,4G,1,4,2,947,1106,1778,2999,1328,1616,1439.60,1495,1437.72,1437.98,1437.5,1436.87,178.11,178.2,178.11,178.04
CN7,4G,1,4,3,914,1106,1827,2311,1332,1610,1446.60,1505,1437.22,1437.48,1437.0,1436.2,178.09,178.18,178.09,178.02
CN7,4G,1,8,1,955,1123,1844,3720,1222,1628,1467.00,1524,1437.89,1437.98,1437.33,1436.87,178.11,178.2,178.11,178.04
CN7,4G,1,8,2,889,1057,1860,4817,1378,1608,1497.20,1554,1437.89,1437.98,1437.5,1436.87,178.12,178.2,178.11,178.04
CN7,4G,1,8,3,971,1156,1713,2278,1234,1586,1427.80,1489,1437.89,1437.98,1437.5,1436.87,178.12,178.2,178.11,178.04
CN7,4G,1,16,1,938,1156,1762,2278,1314,1562,1457.20,1503,1437.72,1437.98,1437.84,1437.04,178.11,178.2,178.11,178.04
CN7,4G,1,16,2,922,1090,1745,4113,1319,1580,1480.60,1528,1438.39,1438.15,1437.67,1437.21,178.16,178.21,178.12,178.04
CN7,4G,1,16,3,914,1090,1795,2212,1352,1638,1475.20,1530,1438.06,1438.15,1437.67,1437.04,178.12,178.2,178.12,178.04
CN7,4G,1,32,1,930,1156,1827,2343,1374,1564,1458.40,1503,1438.06,1437.98,1437.34,1436.71,178.11,178.2,178.11,178.03
CN7,4G,1,32,2,963,1237,1893,2704,1290,1606,1428.00,1478,1438.06,1438.15,1437.67,1437.04,178.12,178.21,178.12,178.04
CN7,4G,1,32,3,914,1205,1827,2343,1344,1568,1468.80,1517,1437.89,1438.15,1438.5,1436.88,178.12,178.2,178.11,178.04
CN7,4G,1,64,1,971,1467,1778,2212,1276,1496,1382.00,1447,1438.56,1438.65,1438.17,1437.54,178.09,178.18,178.09,178.02
CN7,4G,1,64,2,955,1582,1844,2278,1342,1686,1439.60,1491,1440.06,1439.99,1439.67,1438.88,178.09,178.18,178.09,178.02
CN7,4G,1,64,3,996,1582,1926,2343,1354,1470,1414.00,1451,1437.39,1437.99,1436.84,1436.38,178.09,178.22,178.09,178.02
CN7,4G,2,1,1,898,1045,1156,2278,1294,1602,1439.60,2900,70.73,70.82,5537.01,5536.38,7.43,7.52,690.09,690.02
CN7,4G,2,1,2,881,1037,1156,2311,1311,1604,1445.90,2918,5538.22,5538.65,70.85,70.22,690.09,690.22,7.46,7.38
CN7,4G,2,1,3,898,1037,1172,2278,1284,1608,1432.40,2911,71.23,71.33,5537.01,5536.38,7.46,7.55,690.09,690.02
CN7,4G,2,2,1,1123,1467,1876,4621,1124,1556,1339.17,2774,5537.23,2803.99,71.19,2803.89,690.1,348.85,7.48,348.74
CN7,4G,2,2,2,1106,1467,1778,7242,1120,1588,1360.91,2730,2804.91,5538.16,2803.52,70.06,348.8,690.21,348.76,7.37
CN7,4G,2,2,3,1090,1467,1762,7046,1118,1572,1370.73,2751,71.07,2804.5,5537.85,2802.89,7.45,348.89,690.13,348.69
CN7,4G,2,4,1,1139,1483,1876,2180,1096,1624,1365.27,2751,2804.91,2805.0,2803.86,2802.9,348.8,348.9,348.76,348.69
CN7,4G,2,4,2,1106,1418,1795,10552,1146,1626,1371.45,2772,2803.91,2804.84,2804.2,2803.57,348.76,348.88,348.79,348.72
CN7,4G,2,4,3,1188,1483,1844,2245,1116,1642,1349.33,2795,2804.08,2804.34,2803.7,2803.07,348.76,348.85,348.76,348.69
CN7,4G,2,8,1,1221,1549,1926,3785,1020,1644,1342.33,2761,2804.75,2804.68,2804.2,2803.57,348.79,348.88,348.79,348.72
CN7,4G,2,8,2,1172,1565,1909,2278,1077,1662,1363.55,2744,2810.25,2805.18,2804.7,2803.91,348.79,348.88,348.79,348.71
CN7,4G,2,8,3,1156,1549,1909,4228,1060,1658,1369.64,2743,2804.75,2806.18,2804.54,2803.74,348.79,348.92,348.83,348.72
CN7,4G,2,16,1,1385,1827,2376,7242,910,1618,1317.67,2659,2804.75,2804.85,2806.38,2803.58,348.8,348.89,348.87,348.73
CN7,4G,2,16,2,1385,1795,2278,2933,882,1650,1327.33,2704,2805.42,2810.52,2809.71,2809.25,348.8,348.89,348.8,348.72
CN7,4G,2,16,3,1336,1795,2638,3490,878,1632,1321.67,2647,2805.43,2810.69,2810.05,2810.75,348.8,348.89,348.8,348.72
CN7,4G,2,32,1,1418,1909,2704,3556,856,1646,1322.17,2650,2806.1,2806.19,2805.55,2804.92,348.8,348.88,348.79,348.72
CN7,4G,2,32,2,1385,1893,2540,2835,890,1664,1332.00,2675,2806.43,2805.87,2804.06,2803.42,348.86,348.94,348.8,348.72
CN7,4G,2,32,3,1434,1926,2376,2671,874,1624,1322.17,2678,2804.1,2804.2,2805.06,2803.59,348.77,348.86,348.8,348.72
CN7,4G,2,64,1,1221,1565,2057,5866,1024,1582,1322.83,2693,2804.77,2804.87,2804.39,2803.76,348.82,348.91,348.82,348.74
CN7,4G,2,64,2,1270,1614,2073,2540,988,1572,1314.17,2657,2804.78,2810.37,2804.56,2809.6,348.82,348.91,348.83,348.79
CN7,4G,2,64,3,1319,1696,2147,5473,1042,1546,1300.50,2622,2804.94,2804.88,2804.4,2803.77,348.85,348.91,348.82,348.75
CN7,4G,4,1,1,857,1012,1188,2835,1306,1502,1377.00,5636,5539.28,5538.55,5537.4,5552.6,690.16,690.23,690.12,690.04
CN7,4G,4,1,2,848,1012,1172,2147,1348,1520,1406.10,5753,5537.45,5537.72,5538.24,5537.11,690.1,690.19,690.17,690.05
CN7,4G,4,1,3,865,1045,1188,2089,1310,1512,1394.90,5748,5539.96,5539.89,5537.58,5536.95,690.21,690.3,690.13,690.06
CN7,4G,4,2,1,1221,3752,7177,8717,810,1482,1177.23,4686,2403.83,6701.77,6669.51,2403.82,298.97,835.65,831.43,298.93
CN7,4G,4,2,2,1270,3294,7439,9896,836,1428,1172.85,4780,7806.8,2805.41,2803.77,7790.3,973.31,348.92,348.77,971.21
CN7,4G,4,2,3,1287,3556,6456,9372,824,1422,1164.31,4601,2403.7,6701.35,6661.37,2403.83,298.96,835.62,830.45,298.93
CN7,4G,4,4,1,1106,1418,1745,2442,1162,1497,1290.25,5281,5538.48,5538.26,5536.95,5536.97,690.15,690.21,690.11,690.04
CN7,4G,4,4,2,1106,1434,1745,2278,1154,1504,1278.33,5214,5537.99,5538.1,5538.79,5536.98,690.14,690.23,690.2,690.06
CN7,4G,4,4,3,1090,1401,1762,2245,1186,1458,1305.67,5411,5538.33,5538.94,5537.3,5537.15,690.13,690.26,690.11,690.03
CN7,4G,4,8,1,1123,1565,5866,8356,1146,1528,1290.00,5296,5483.34,5538.11,5482.8,5487.5,683.31,690.23,683.19,683.9
CN7,4G,4,8,2,1139,1532,5932,9241,1046,1506,1274.88,5223,5476.01,5539.62,5485.64,5482.84,682.19,690.25,683.61,683.23
CN7,4G,4,8,3,1139,1598,5276,9503,1112,1530,1280.83,5247,5482.19,5537.46,5480.82,5451.84,683.17,690.2,683.0,679.4
CN7,4G,4,16,1,1287,4113,7963,9110,750,1488,1183.17,4823,4457.16,4491.11,4487.13,4474.73,555.14,559.61,559.1,557.46
CN7,4G,4,16,2,1237,5473,8848,10159,668,1498,1148.77,4717,4447.6,4485.4,4513.57,4481.16,554.13,558.93,562.33,558.24
CN7,4G,4,16,3,1303,5473,8291,10028,642,1524,1142.32,4721,4464.03,4504.41,4490.72,4453.45,556.04,561.14,559.52,554.64
CN7,4G,4,32,1,1221,4015,8160,13304,712,1528,1186.38,4872,5283.71,5209.15,5170.51,5125.7,658.36,649.11,644.09,638.57
CN7,4G,4,32,2,1254,4293,8160,9896,708,1512,1165.42,4791,4549.62,4478.56,4443.73,4364.32,566.79,558.0,553.13,543.57
CN7,4G,4,32,3,1336,4752,7898,10290,744,1526,1166.92,4750,4470.62,4480.86,4416.45,4379.9,557.0,558.36,550.17,545.51
CN7,4G,4,64,1,1139,1532,1991,2376,1086,1416,1253.00,5095,5540.56,5539.84,5537.86,5537.39,690.29,690.33,690.18,690.1
CN7,4G,4,64,2,1188,1582,2278,6718,1090,1440,1248.83,5084,5538.4,5538.51,5539.37,5537.4,690.2,690.29,690.25,690.12
CN7,4G,4,64,3,1139,1483,1876,2638,1134,1426,1263.83,5125,4751.07,4748.45,4751.61,4746.2,591.64,591.72,591.59,591.51
CN7,4G,8,1,1,4178,8094,14353,16581,636,1340,768.12,6275,7277.57,7400.27,7275.66,7380.43,906.97,922.26,906.4,918.79
CN7,4G,8,1,2,4146,7832,13698,15139,642,1172,778.71,6358,7270.57,7425.53,7268.17,7397.44,906.25,925.57,906.0,921.98
CN7,4G,8,1,3,4146,8225,12911,22676,632,1162,778.69,6296,7286.96,7425.41,7281.81,7356.2,908.15,925.42,907.51,916.98
CN7,4G,8,2,1,4752,8291,13829,38536,608,1112,736.58,6032,6386.53,6403.6,6431.06,6436.75,796.04,798.4,801.73,802.43
CN7,4G,8,2,2,4883,8979,15008,23462,568,1046,727.42,5904,6402.32,6413.83,6436.62,6453.98,797.97,799.62,802.5,804.33
CN7,4G,8,2,3,4817,8979,15139,44827,576,1052,723.25,5974,6344.21,6419.17,6431.86,6410.99,790.84,799.79,801.28,798.59
CN7,4G,8,4,1,6587,9765,15401,20317,428,948,627.78,5250,6270.22,6274.18,6265.75,6248.99,781.51,782.12,780.95,778.69
CN7,4G,8,4,2,6521,9634,17433,25035,464,904,635.46,5299,6214.67,6219.08,6271.32,6263.89,774.46,775.29,781.79,780.67
CN7,4G,8,4,3,6587,9503,14353,34341,492,878,630.02,5270,6264.68,6265.42,6236.55,6251.46,780.95,780.75,777.47,779.16
CN7,4G,8,8,1,7111,9896,16450,25822,414,908,594.37,5001,5508.82,5564.09,5516.2,5508.52,686.61,693.6,687.51,686.4
CN7,4G,8,8,2,7111,9634,14484,34341,410,812,588.41,4940,5488.13,5522.69,5552.41,5537.82,683.48,687.86,691.46,689.67
CN7,4G,8,8,3,7111,9634,13698,17695,402,850,597.52,4978,5507.04,5544.1,5596.32,5550.43,686.21,691.02,697.56,691.71
CN7,4G,8,16,1,7373,9634,14615,20055,398,838,558.79,4679,4931.59,4905.55,4928.48,4976.4,614.26,611.25,613.98,620.05
CN7,4G,8,16,2,7373,9896,14222,31851,394,774,559.72,4677,4917.68,4918.47,4985.03,4953.77,612.8,612.98,621.38,617.23
CN7,4G,8,16,3,7373,9765,14091,18482,388,756,553.62,4650,4899.05,4960.38,4976.67,4975.05,610.51,618.0,620.18,619.71
CN7,4G,8,32,1,7570,9634,13960,35390,400,752,533.31,4472,4800.7,4832.94,4833.86,4806.97,598.12,602.28,602.17,598.51
CN7,4G,8,32,2,7570,9503,12780,28181,412,664,526.85,4439,4820.79,4820.13,4805.59,4833.61,600.65,600.5,598.78,601.86
CN7,4G,8,32,3,7439,9503,12649,32375,414,642,532.68,4470,4819.35,4790.4,4787.51,4788.98,600.34,596.94,596.26,596.46
CN7,4G,8,64,1,7177,9503,13304,34341,436,720,557.26,4632,5202.49,5213.25,5242.17,5235.98,648.16,649.6,652.85,652.01
CN7,4G,8,64,2,7242,9503,13173,33817,410,770,550.13,4609,4760.72,4746.78,4743.52,4754.9,592.98,590.8,590.63,591.61
CN7,4G,8,64,3,7242,9503,12780,19792,436,736,553.89,4653,4760.27,4779.06,4755.16,4772.81,592.82,595.19,592.42,594.52
CN7,4G,16,1,1,7111,10290,15664,137364,220,662,366.87,6112,8596.65,8668.55,8589.42,8587.5,1069.09,1077.68,1067.64,1067.73
CN7,4G,16,1,2,7111,10421,15401,53216,288,684,366.41,6082,8030.08,8052.99,8005.94,8081.08,998.74,1001.25,995.61,1004.83
CN7,4G,16,1,3,7111,10290,15664,47973,266,654,367.94,6102,8065.3,8068.27,8027.28,8091.29,1003.27,1002.76,997.6,1006.17
CN7,4G,16,2,1,10159,16581,28705,66847,234,576,349.76,5808,7961.37,7993.42,7964.96,7978.84,991.37,994.91,991.2,992.8
CN7,4G,16,2,2,10028,16581,22676,56886,242,576,352.08,5853,7980.19,7949.03,7943.11,7979.98,993.21,989.24,988.6,992.91
CN7,4G,16,2,3,10290,16319,23725,68682,238,558,348.44,5816,7898.66,7933.71,7974.72,7982.33,983.57,987.08,993.0,993.41
CN7,4G,16,4,1,11338,16057,34341,50594,220,496,314.68,5250,7409.51,7435.42,7409.43,7400.13,921.94,925.05,921.74,920.69
CN7,4G,16,4,2,11076,15795,35390,43779,208,478,318.72,5338,7403.89,7407.25,7410.82,7431.83,921.54,921.83,922.15,925.25
CN7,4G,16,4,3,11207,16057,25822,44303,218,526,318.77,5329,7398.9,7405.01,7400.33,7433.84,920.79,921.2,920.68,924.78
CN7,4G,16,8,1,11338,15795,28443,66847,174,494,310.12,5189,7379.98,7391.33,7392.97,7393.91,918.82,919.77,919.98,919.6
CN7,4G,16,8,2,11207,15795,22676,52691,220,472,313.53,5216,7405.18,7383.53,7378.66,7396.61,921.69,918.51,917.83,920.35
CN7,4G,16,8,3,11338,16057,28705,39584,216,486,309.70,5169,7387.94,7393.67,7414.8,7401.87,919.32,920.09,922.33,921.13
CN7,4G,16,16,1,11338,15270,22152,57410,222,494,306.45,5129,6942.89,6943.4,6944.76,6941.71,864.06,863.91,864.55,863.72
CN7,4G,16,16,2,11076,14877,24249,48497,206,496,308.18,5149,6932.73,6941.47,6937.36,6936.31,862.91,863.89,863.31,862.86
CN7,4G,16,16,3,11207,15139,22938,49021,198,480,307.17,5101,6942.03,6943.89,6943.2,6938.97,863.77,863.76,863.71,863.39
CN7,4G,16,32,1,11076,15008,21890,50070,205,492,307.70,5120,6947.1,6940.55,6939.73,6939.51,863.71,863.05,862.91,863.0
CN7,4G,16,32,2,10945,15008,22676,47449,206,512,305.31,5096,6935.87,6948.85,6943.92,6936.76,863.1,863.91,863.82,862.96
CN7,4G,16,32,3,10945,14877,23462,42730,206,520,308.15,5102,6945.53,6945.81,6946.7,6943.82,863.56,863.67,863.92,863.5
CN7,4G,16,64,1,10945,14746,31851,44303,206,536,308.64,5120,6937.19,6943.05,6943.71,6940.07,862.92,863.39,863.26,863.14
CN7,4G,16,64,2,10945,14877,28443,44303,192,534,308.20,5126,6948.43,6948.3,6943.01,6950.55,863.32,863.33,862.94,863.65
CN7,4G,16,64,3,10814,14746,22152,48497,222,576,310.38,5156,6949.21,6956.6,6950.84,6946.74,863.7,863.6,863.44,863.07
CN7,8G,1,1,1,914,5866,7242,7701,1138,1600,1357.27,1438,52.86,53.15,52.39,6234.86,5.22,5.27,5.22,776.58
CN7,8G,1,1,2,947,5997,7635,21627,1028,1426,1288.33,1358,6233.52,47.93,47.61,48.98,776.4,5.1,5.04,5.06
CN7,8G,1,1,3,979,6063,7439,27132,1078,1540,1316.67,1384,49.2,6231.57,47.61,47.2,5.08,776.44,5.04,4.99
CN7,8G,1,2,1,898,1221,7504,14615,1164,1622,1394.18,1457,47.87,49.27,2906.72,3339.86,5.04,5.14,361.63,415.92
CN7,8G,1,2,2,873,1090,7373,17957,1302,1622,1419.27,1475,3338.64,3345.16,48.84,48.42,415.84,416.69,5.06,5.01
CN7,8G,1,2,3,865,1004,1172,15533,1338,1618,1462.45,1527,3693.76,48.94,47.61,3693.2,460.2,5.12,5.04,460.14
CN7,8G,1,4,1,873,1012,1172,2311,1352,1784,1469.82,1539,1870.54,1870.94,1870.5,1870.54,232.63,232.67,232.61,232.6
CN7,8G,1,4,2,848,996,1156,2278,1350,1786,1481.55,1554,1870.76,1869.27,1870.61,1869.98,232.63,232.68,232.62,232.57
CN7,8G,1,4,3,848,996,1188,2311,1370,1726,1481.64,1553,1866.52,1866.75,1864.76,1865.48,232.15,232.17,232.09,231.99
CN7,8G,1,8,1,807,947,1254,2278,1392,1786,1587.00,1654,2104.61,2105.06,2104.19,2102.11,261.71,261.77,261.7,261.64
CN7,8G,1,8,2,865,988,1254,2212,1356,1786,1507.20,1564,1870.77,1871.06,1871.06,1870.43,232.63,232.69,232.63,232.59
CN7,8G,1,8,3,857,979,1319,2212,1339,1782,1511.90,1572,1871.55,1871.28,1870.73,1870.66,232.65,232.69,232.63,232.59
CN7,8G,1,16,1,881,1020,1631,2245,1308,1776,1528.00,1583,1870.55,1870.62,1870.4,1869.99,232.62,232.68,232.62,232.57
CN7,8G,1,16,2,865,996,1713,2180,1310,1780,1565.40,1623,2105.24,2104.82,2104.45,2104.12,261.72,261.77,261.7,261.65
CN7,8G,1,16,3,898,1037,1762,2278,1304,1768,1527.00,1580,1870.77,1871.06,1870.96,1870.77,232.63,232.7,232.64,232.59
CN7,8G,1,32,1,889,1123,1713,2278,1196,1770,1481.27,1552,1871.0,1871.06,1870.62,1870.66,232.64,232.69,232.63,232.58
CN7,8G,1,32,2,865,1020,1680,6521,1304,1774,1538.00,1593,1871.22,1870.62,1870.29,1870.0,232.64,232.69,232.63,232.58
CN7,8G,1,32,3,889,1057,1663,2278,1230,1772,1543.60,1600,1871.22,1874.07,1873.18,1871.55,232.63,232.72,232.65,232.58
CN7,8G,1,64,1,889,1106,1729,2245,1290,1612,1435.82,1500,1871.67,1871.51,1871.19,1870.11,232.66,232.71,232.65,232.59
CN7,8G,1,64,2,889,1106,1680,6128,1304,1746,1438.09,1502,1870.56,1870.74,1870.3,1870.11,232.64,232.7,232.63,232.59
CN7,8G,1,64,3,898,1139,1762,2278,1314,1748,1489.27,1562,2105.51,2104.46,2104.09,2103.5,261.74,261.77,261.7,261.65
CN7,8G,2,1,1,881,3490,6980,12256,1094,1698,1338.87,2724,6563.79,6557.85,48.08,47.67,818.31,817.48,5.07,5.02
CN7,8G,2,1,2,922,3490,6980,22414,1057,1714,1327.52,2657,47.91,49.75,6560.41,6558.67,5.05,5.18,817.66,817.28
CN7,8G,2,1,3,889,3785,7373,21627,1106,1586,1314.83,2673,6559.79,6564.19,48.98,49.01,817.81,817.94,5.08,5.07
CN7,8G,2,2,1,857,1012,6390,14091,1329,1734,1444.45,2925,3588.69,3605.2,3588.53,3579.46,447.18,449.19,447.08,445.92
CN7,8G,2,2,2,857,996,1172,14877,1314,1738,1468.19,2964,3692.7,3693.21,3693.64,3693.13,460.18,460.26,460.2,460.16
CN7,8G,2,2,3,881,1020,1254,15401,1314,1738,1453.18,2929,3692.7,3693.32,3692.43,3693.8,460.18,460.26,460.18,460.16
CN7,8G,2,4,1,1123,1450,1745,21890,940,1652,1361.91,2775,3692.7,3693.99,3692.43,3692.36,460.18,460.26,460.18,460.14
CN7,8G,2,4,2,1156,1500,1860,16909,966,1672,1347.33,2788,3693.6,3696.78,3692.55,3696.81,460.21,460.26,460.18,460.15
CN7,8G,2,4,3,1139,1467,1762,14353,1072,1698,1359.91,2772,3693.05,3694.11,3692.66,3692.81,460.2,460.27,460.2,460.17
CN7,8G,2,8,1,1172,1516,1975,8717,1108,1708,1375.83,2802,3658.05,3676.56,3694.11,3692.93,455.85,458.15,460.28,460.17
CN7,8G,2,8,2,1156,1500,2311,14615,988,1704,1373.30,2796,3693.06,3694.46,3667.45,3674.26,460.2,460.28,457.07,457.82
CN7,8G,2,8,3,1237,1598,2180,16319,902,1710,1346.12,2796,3671.95,3685.9,3692.9,3693.38,457.54,459.26,460.18,460.15
CN7,8G,2,16,1,1287,2376,7635,8979,814,1694,1311.33,2647,3501.83,3552.1,3491.59,3510.51,436.25,442.5,435.0,437.23
CN7,8G,2,16,2,1287,2089,7898,9110,844,1702,1304.75,2634,3491.4,3499.47,3510.57,3523.72,434.99,435.87,437.43,438.96
CN7,8G,2,16,3,1303,2802,7635,13698,890,1682,1288.40,2638,3510.85,3549.69,3492.02,3517.95,437.3,442.29,435.1,438.29
CN7,8G,2,32,1,1319,2278,7701,8717,952,1682,1281.36,2616,3107.57,3164.43,3129.72,3186.86,387.08,394.15,389.88,396.95
CN7,8G,2,32,2,1287,2835,8029,14091,952,1698,1300.29,2630,3124.37,3146.43,3121.53,3174.76,389.27,392.05,388.83,395.55
CN7,8G,2,32,3,1303,2245,7242,9503,940,1652,1297.88,2624,3149.38,3171.04,3146.03,3148.07,392.4,394.8,391.9,392.07
CN7,8G,2,64,1,1221,1614,2114,16450,894,1690,1326.12,2713,3323.68,3324.14,3324.23,3323.47,414.2,414.26,414.2,414.16
CN7,8G,2,64,2,1221,1582,2008,2540,974,1684,1351.43,2727,3695.32,3694.49,3693.15,3693.53,460.32,460.33,460.25,460.22
CN7,8G,2,64,3,1221,1565,1909,2245,1004,1682,1347.91,2727,3693.32,3694.28,3693.05,3693.86,460.24,460.33,460.24,460.22
CN7,8G,4,1,1,889,3261,8586,11994,1070,1608,1284.75,5337,5951.1,6016.98,5897.31,5901.52,741.66,750.01,735.14,735.59
CN7,8G,4,1,2,906,3818,8586,25297,1042,1448,1248.02,5179,5971.7,6029.96,5910.86,5898.59,744.37,751.56,736.88,735.12
CN7,8G,4,1,3,906,3818,8848,24511,1008,1514,1255.00,5179,5955.31,6017.27,5919.06,5894.0,742.02,750.07,737.88,734.62
CN7,8G,4,2,1,1205,6652,8717,22414,808,1484,1100.12,4443,5361.65,5340.52,5354.43,5333.28,668.46,665.24,667.62,664.88
CN7,8G,4,2,2,1156,6652,8455,20317,840,1486,1114.04,4594,5311.93,5312.71,5350.34,5352.83,662.01,662.15,667.09,667.15
CN7,8G,4,2,3,1156,6652,8586,27919,820,1456,1110.25,4583,5347.85,5332.18,5335.62,5301.11,666.56,664.85,665.18,660.52
CN7,8G,4,4,1,3326,7635,9110,17433,610,1416,906.06,3820,4790.03,4796.67,4752.74,4752.61,597.11,597.99,592.47,592.49
CN7,8G,4,4,2,3589,7701,9241,17695,600,1382,898.67,3730,4787.12,4785.01,4764.92,4745.45,596.7,596.5,593.91,591.66
CN7,8G,4,4,3,3589,7635,9503,18482,628,1394,894.76,3790,4779.46,4780.18,4762.42,4750.45,595.79,595.93,593.76,592.16
CN7,8G,4,8,1,4883,7832,9896,21103,582,1408,848.37,3543,4300.97,4294.79,4253.63,4269.73,536.08,535.36,530.18,532.22
CN7,8G,4,8,2,5211,7767,9503,21103,548,1232,840.40,3516,4305.21,4299.95,4210.56,4284.51,536.72,535.78,524.82,533.86
CN7,8G,4,8,3,5473,7898,9765,20055,522,1296,821.51,3456,4300.52,4283.57,4236.41,4258.67,535.79,533.38,528.01,530.24
CN7,8G,4,16,1,6194,7898,9765,18482,518,1210,757.64,3187,3913.2,3959.03,3957.96,3950.84,487.68,493.4,493.41,492.4
CN7,8G,4,16,2,6063,7963,9634,24773,528,1228,773.37,3206,3874.42,3938.61,3946.89,3917.27,482.96,490.74,492.01,488.08
CN7,8G,4,16,3,5800,7832,9765,22676,542,1161,794.91,3321,4207.84,4264.05,4231.04,4242.37,524.27,531.36,527.33,528.69
CN7,8G,4,32,1,6456,8160,10159,20579,516,1213,730.19,3054,3557.0,3587.38,3611.57,3545.33,443.03,446.75,450.08,441.75
CN7,8G,4,32,2,6587,8160,9896,20841,492,1052,713.07,2984,3544.6,3585.65,3617.91,3574.8,441.62,446.79,451.0,445.34
CN7,8G,4,32,3,6259,7963,9765,20579,552,1100,740.00,3129,3795.8,3854.49,3873.98,3835.36,472.93,480.21,482.66,477.85
CN7,8G,4,64,1,5538,7767,9503,19006,590,1056,802.38,3378,4052.94,4056.53,4064.52,4065.24,504.93,505.46,506.48,506.45
CN7,8G,4,64,2,5997,8029,10290,30540,604,960,757.85,3174,3730.31,3801.85,3764.92,3773.23,464.08,473.24,468.8,469.73
CN7,8G,4,64,3,5932,8094,9896,17433,558,952,745.14,3149,3731.53,3801.29,3779.92,3781.31,464.81,473.18,470.57,470.83
CN7,8G,8,1,1,4424,7701,11994,56886,598,990,717.14,5931,7983.83,7987.54,7948.87,8028.22,992.77,993.4,988.57,998.33
CN7,8G,8,1,2,4424,7635,12518,45876,528,978,716.78,5929,7979.38,7988.62,7960.55,8017.03,992.42,993.73,989.71,996.84
CN7,8G,8,1,3,4424,7439,11338,49021,540,972,712.22,5909,7987.52,7966.76,7973.02,8033.58,993.3,990.56,991.49,998.93
CN7,8G,8,2,1,6259,8979,14615,35914,488,866,635.40,5302,6972.76,6994.03,7040.38,7014.29,868.42,871.25,876.96,873.8
CN7,8G,8,2,2,6128,9110,15401,42730,516,830,635.12,5302,7408.2,7397.55,7502.79,7492.82,923.05,921.71,935.12,933.43
CN7,8G,8,2,3,6194,9110,14091,39060,494,860,632.72,5270,7409.27,7420.31,7518.93,7471.95,923.38,924.63,936.96,931.0
CN7,8G,8,4,1,7767,10159,14353,35390,339,704,507.22,4258,6257.34,6280.16,6279.85,6277.23,779.3,782.5,782.29,781.98
CN7,8G,8,4,2,7767,10290,20317,35914,320,704,506.23,4260,5967.28,5957.36,5978.76,5971.73,743.12,741.9,744.55,743.71
CN7,8G,8,4,3,7767,10159,14615,39584,312,678,506.40,4226,6268.31,6274.87,6284.81,6274.04,780.8,781.67,782.87,781.53
CN7,8G,8,8,1,8029,10290,17171,35390,344,696,484.89,4059,5923.9,5922.38,5915.73,5929.75,738.06,737.38,736.81,738.59
CN7,8G,8,8,2,7963,10028,14615,39584,338,626,484.95,4069,5953.41,5938.54,5941.24,5960.36,741.64,740.0,740.33,742.51
CN7,8G,8,8,3,7898,10159,19006,38011,316,692,493.43,4119,5921.87,5931.2,5924.25,5935.26,737.59,738.64,737.64,739.49
CN7,8G,8,16,1,8094,10159,16712,39584,328,634,466.79,3923,5611.03,5631.77,5616.77,5613.78,699.01,701.48,699.62,699.35
CN7,8G,8,16,2,8029,10028,13960,30540,366,654,472.53,3948,5621.18,5623.59,5613.68,5618.55,700.31,700.6,699.51,700.17
CN7,8G,8,16,3,8029,10028,14877,34866,378,662,474.75,3969,5641.8,5637.55,5621.02,5637.85,702.86,702.32,700.34,702.47
CN7,8G,8,32,1,8160,10028,18744,34341,330,718,455.92,3799,5607.48,5607.51,5608.55,5612.05,698.92,698.69,698.7,699.25
CN7,8G,8,32,2,8094,9896,21890,41681,324,668,460.25,3843,5609.49,5612.18,5614.32,5607.82,698.85,699.23,699.28,698.77
CN7,8G,8,32,3,7963,10028,22152,42730,306,674,467.60,3903,5609.64,5613.52,5611.43,5608.06,698.88,699.48,699.38,698.76
CN7,8G,8,64,1,8029,10028,14222,38011,356,696,467.57,3885,5611.6,5607.91,5605.05,5613.16,698.95,698.71,698.43,698.65
CN7,8G,8,64,2,8160,10028,14222,34341,350,702,461.97,3849,5605.32,5605.97,5608.06,5608.46,698.4,698.44,698.72,698.94
CN7,8G,8,64,3,8029,10028,13829,37487,308,710,470.57,3905,5609.85,5615.69,5612.69,5612.28,698.64,698.98,698.84,698.97
CN7,8G,16,1,1,7046,9896,15139,158335,192,636,346.16,5770,9298.41,9290.84,9367.87,9309.22,1152.68,1151.23,1161.04,1154.02
CN7,8G,16,1,2,6980,9896,15270,102237,254,830,348.83,5808,9274.87,9314.82,9368.04,9320.12,1150.18,1155.17,1161.18,1155.74
CN7,8G,16,1,3,6915,10028,18744,106431,222,948,344.18,5725,8945.57,8989.98,9002.84,8961.96,1109.1,1114.23,1116.0,1111.23
CN7,8G,16,2,1,11076,16450,24511,63177,238,970,329.06,5481,8919.19,8924.74,8962.14,8923.33,1108.91,1109.96,1113.92,1109.6
CN7,8G,16,2,2,11207,16188,25297,72877,216,920,328.71,5470,8630.02,8625.01,8629.97,8620.64,1072.39,1072.49,1072.38,1071.29
CN7,8G,16,2,3,11207,16450,33817,61080,213,928,328.49,5470,8643.35,8630.95,8627.68,8622.72,1074.69,1072.42,1072.22,1072.24
CN7,8G,16,4,1,11600,15926,40109,73925,154,760,294.61,4930,8061.98,8061.1,8059.0,8063.79,1002.07,1002.41,1002.13,1002.29
CN7,8G,16,4,2,11731,16057,39060,53216,174,858,292.85,4901,7811.28,7807.98,7817.64,7811.52,971.13,970.98,971.83,971.23
CN7,8G,16,4,3,11731,15926,35390,52167,194,876,296.39,4960,8068.49,8059.87,8058.9,8075.26,1003.19,1002.26,1001.86,1003.18
CN7,8G,16,8,1,11600,15926,39584,51119,190,868,292.72,4873,8050.54,8053.49,8060.36,8055.79,1001.85,1002.15,1002.43,1001.99
CN7,8G,16,8,2,11600,15533,34866,54264,198,892,295.02,4902,8058.19,8055.47,8054.7,8055.71,1002.16,1001.71,1001.9,1002.11
CN7,8G,16,8,3,11600,15533,39060,53740,206,878,294.05,4900,7802.45,7806.72,7805.91,7804.32,970.76,970.85,971.06,970.64
CN7,8G,16,16,1,11600,15664,42730,54264,162,888,289.04,4808,7801.81,7802.26,7802.76,7799.9,970.52,970.8,970.7,970.48
CN7,8G,16,16,2,11600,15270,36439,52691,180,864,291.59,4853,7802.32,7808.59,7802.31,7805.38,970.89,971.34,970.64,971.25
CN7,8G,16,16,3,11600,15533,39584,53216,172,886,289.62,4832,7809.68,7806.51,7803.66,7804.89,970.75,970.86,970.62,970.6
CN7,8G,16,32,1,11469,15270,35914,50070,196,866,290.33,4818,7805.53,7810.21,7808.27,7809.28,971.05,970.9,970.98,971.04
CN7,8G,16,32,2,11338,15139,35390,50070,175,896,291.56,4846,7809.14,7810.0,7809.91,7811.51,971.2,971.09,971.1,970.95
CN7,8G,16,32,3,11469,15270,34866,52691,178,878,290.34,4822,7804.62,7807.58,7808.57,7808.74,971.01,970.85,971.05,971.14
CN7,8G,16,64,1,11338,15139,39584,65274,192,858,291.81,4866,7808.91,7815.75,7817.37,7816.5,970.77,971.13,971.33,971.13
CN7,8G,16,64,2,11338,14877,36963,52691,196,882,292.69,4862,7802.11,7811.1,7812.66,7811.42,971.03,971.08,971.07,970.9
CN7,8G,16,64,3,11338,15270,36439,56361,160,884,293.22,4871,8061.97,8070.31,8070.83,8067.74,1002.2,1002.67,1002.71,1002.33
CN7,16G,1,1,1,1172,6456,7242,35914,876,1708,1145.54,1205,29.19,6595.45,29.83,29.46,2.76,820.54,2.76,2.74
CN7,16G,1,1,2,1037,6259,7046,30016,940,1778,1205.00,1265,26.2,27.07,6980.12,25.84,2.78,2.85,868.71,2.75
CN7,16G,1,1,3,1012,6390,7373,21365,996,1448,1271.96,1340,27.84,27.89,28.64,7415.65,2.95,2.99,2.99,922.98
CN7,16G,1,2,1,898,6783,7635,17433,1074,1474,1306.96,1371,27.84,3474.32,3433.38,28.34,2.95,432.79,427.68,2.96
CN7,16G,1,2,2,873,6652,7635,17171,1064,1494,1315.42,1383,3441.08,28.64,28.45,3523.72,428.53,3.01,2.97,439.08
CN7,16G,1,2,3,848,6128,7570,19792,1163,1574,1378.74,1445,30.49,29.75,3862.15,3842.77,3.17,3.19,481.27,478.84
CN7,16G,1,4,1,832,1057,7373,8455,1240,1730,1428.73,1494,1888.16,1936.35,2021.99,2046.88,235.01,241.11,251.76,254.86
CN7,16G,1,4,2,840,1020,1827,7439,1318,1786,1522.29,1586,2337.24,2350.95,2375.31,2375.05,291.19,292.94,295.98,295.95
CN7,16G,1,4,3,791,930,1123,6325,1378,1784,1582.50,1651,2375.6,2375.45,2375.31,2375.05,295.98,296.02,295.98,295.95
CN7,16G,1,8,1,816,914,1156,5669,1342,1786,1535.81,1605,2375.39,2375.31,2375.24,2375.19,295.98,296.01,295.98,295.95
CN7,16G,1,8,2,832,979,1270,14615,1210,1746,1530.90,1601,2375.68,2375.17,2375.67,2375.2,295.99,296.01,295.99,295.96
CN7,16G,1,8,3,824,938,1205,12780,1208,1784,1543.29,1616,2375.75,2375.24,2374.96,2375.41,295.99,296.01,295.98,295.96
CN7,16G,1,16,1,832,1020,7046,8848,1232,1788,1531.24,1599,2241.11,2263.32,2256.18,2273.13,279.13,282.02,281.07,283.17
CN7,16G,1,16,2,865,1074,7308,10945,1046,1782,1457.86,1524,2116.71,2102.96,2112.63,2096.12,263.66,261.97,263.13,261.09
CN7,16G,1,16,3,848,1106,7177,9765,1166,1780,1488.91,1562,2257.98,2270.03,2246.82,2267.35,281.27,282.87,279.92,282.46
CN7,16G,1,32,1,857,1074,7177,7635,1114,1776,1456.55,1522,2265.96,2250.21,2266.91,2238.03,282.27,280.38,282.46,278.8
CN7,16G,1,32,2,840,1090,6915,7832,1294,1772,1502.29,1567,2253.62,2271.25,2239.54,2254.5,280.7,282.97,279.05,280.82
CN7,16G,1,32,3,816,1004,7046,7898,1300,1768,1529.05,1595,2262.63,2243.83,2267.76,2250.29,281.86,279.59,282.56,280.31
CN7,16G,1,64,1,816,988,1713,7439,1322,1758,1545.10,1616,2375.91,2375.26,2375.91,2375.5,296.01,296.02,296.02,295.98
CN7,16G,1,64,2,848,979,1647,7046,1294,1756,1475.18,1544,2374.75,2375.73,2376.2,2374.52,295.88,295.98,295.9,295.87
CN7,16G,1,64,3,848,1004,1713,6063,1284,1762,1471.18,1540,2376.06,2375.26,2375.05,2375.58,296.0,296.02,295.98,295.97
CN7,16G,2,1,1,1156,6521,7701,20841,852,1712,1133.42,2332,6651.16,25.04,25.6,6592.17,827.47,2.67,2.67,820.55
CN7,16G,2,1,2,1156,6456,7570,18482,874,1750,1163.30,2357,25.89,6596.04,6648.32,25.24,2.69,820.69,827.61,2.64
CN7,16G,2,1,3,1123,6521,7701,21627,962,1344,1150.73,2339,6651.56,25.77,25.77,6592.63,827.45,2.69,2.69,820.55
CN7,16G,2,2,1,881,6652,7898,12911,1034,1460,1281.52,2597,3535.01,3472.74,3567.06,3472.65,440.46,432.69,444.52,432.58
CN7,16G,2,2,2,914,6325,7832,10814,984,1588,1286.44,2593,3606.96,3624.0,3654.19,3641.45,449.41,451.66,455.43,453.83
CN7,16G,2,2,3,906,6259,7898,12387,984,1646,1266.78,2600,3652.02,3604.5,3631.88,3652.35,455.15,449.23,452.57,455.2
CN7,16G,2,4,1,1221,7242,8717,15664,736,1624,1103.31,2268,3151.8,3173.84,3196.01,3145.04,392.75,395.58,398.35,391.94
CN7,16G,2,4,2,1221,7177,8586,15533,740,1566,1084.95,2236,3037.76,2993.22,2986.43,3018.83,378.58,373.1,372.18,376.21
CN7,16G,2,4,3,1237,7242,8717,16319,752,1552,1090.10,2252,3154.48,3170.18,3194.02,3167.27,393.1,395.13,398.15,394.74
CN7,16G,2,8,1,1467,7308,8455,15139,652,1562,1034.63,2132,2933.98,2943.91,2917.28,2948.63,365.72,366.82,363.57,367.53
CN7,16G,2,8,2,1418,7373,8848,16319,696,1554,1025.37,2109,2918.67,2960.23,2929.55,2936.0,363.78,369.01,365.14,365.91
CN7,16G,2,8,3,1385,7373,8717,15926,690,1550,1048.54,2146,2919.94,2920.65,2886.18,2915.95,363.89,363.96,359.68,363.39
CN7,16G,2,16,1,3261,7504,8979,15401,718,1504,972.65,2002,2736.84,2780.52,2784.98,2721.95,341.07,346.6,347.18,339.25
CN7,16G,2,16,2,3720,7570,9110,15401,672,1478,968.27,2002,2766.35,2758.68,2763.18,2788.76,344.76,343.86,344.38,347.55
CN7,16G,2,16,3,3916,7504,9110,17957,660,1542,960.78,1987,2752.75,2779.08,2774.18,2758.91,343.07,346.4,345.72,343.85
CN7,16G,2,32,1,3851,7570,8848,16319,630,1518,960.61,1982,2596.86,2555.89,2604.03,2561.39,323.6,318.52,324.6,319.2
CN7,16G,2,32,2,4555,7570,9110,18220,632,1400,941.38,1964,2607.53,2576.18,2586.7,2556.25,324.94,321.09,322.37,318.48
CN7,16G,2,32,3,4424,7635,8979,18482,668,1360,950.87,1975,2716.41,2699.49,2722.14,2688.17,338.48,336.41,339.35,335.08
CN7,16G,2,64,1,2147,7439,8979,15664,780,1333,1002.62,2078,2659.31,2658.64,2676.75,2679.37,331.23,331.42,333.61,334.0
CN7,16G,2,64,2,2008,7504,8979,15926,738,1369,1010.38,2085,2676.77,2654.85,2669.7,2667.13,333.59,330.94,332.82,332.39
CN7,16G,2,64,3,2245,7439,8848,18744,814,1390,1004.45,2078,2663.02,2658.8,2685.35,2669.43,331.8,331.21,334.54,332.31
CN7,16G,4,1,1,1106,6849,10028,23200,794,1235,1108.08,4613,6593.08,6629.11,6594.84,6650.37,820.47,825.0,820.75,827.61
CN7,16G,4,1,2,1139,7046,10028,24249,856,1306,1075.57,4382,6240.35,6276.43,6245.12,6299.73,776.65,781.13,777.35,784.12
CN7,16G,4,1,3,1106,7111,10421,29754,912,1230,1084.73,4504,6246.51,6278.28,6243.81,6301.21,777.07,781.2,777.35,784.28
CN7,16G,4,2,1,4948,7767,9765,28443,624,1268,855.53,3497,5141.08,5153.46,5167.9,5130.96,640.42,641.89,643.84,639.05
CN7,16G,4,2,2,4555,7570,9765,29754,670,1205,876.20,3597,5392.27,5369.26,5361.58,5365.23,671.42,668.81,667.95,668.03
CN7,16G,4,2,3,4555,7504,9765,29754,708,1184,881.37,3664,5370.65,5364.09,5387.72,5367.25,668.88,668.31,671.16,668.71
CN7,16G,4,4,1,6456,8094,11207,25297,472,978,699.83,2942,4380.35,4385.11,4378.0,4385.36,545.96,546.52,545.71,546.39
CN7,16G,4,4,2,6718,8291,10945,25822,468,1404,682.65,2844,4368.8,4360.82,4359.42,4363.81,544.4,543.54,543.37,543.88
CN7,16G,4,4,3,6521,8291,11469,28443,444,1576,690.92,2906,4366.21,4362.13,4365.46,4368.52,544.12,543.54,543.79,544.23
CN7,16G,4,8,1,6915,8291,11338,27919,451,1030,651.69,2721,4210.43,4207.91,4207.84,4208.26,524.94,524.53,524.49,524.51
CN7,16G,4,8,2,6980,8455,11600,24773,476,1528,648.52,2728,4064.8,4063.13,4062.1,4065.7,506.44,506.09,506.13,506.4
CN7,16G,4,8,3,6980,8356,11863,26608,434,1332,650.77,2717,4066.6,4067.41,4061.38,4062.81,506.81,507.02,506.11,506.36
CN7,16G,4,16,1,7046,8356,10814,25560,450,1414,628.40,2632,4075.12,4073.86,4075.07,4073.82,507.9,507.88,508.1,507.78
CN7,16G,4,16,2,6783,8291,11207,30802,452,1584,656.24,2744,4067.61,4061.66,4065.63,4070.13,506.81,506.44,506.64,507.08
CN7,16G,4,16,3,6915,8356,11207,28181,462,1590,648.73,2708,4069.3,4072.01,4066.53,4064.53,507.21,507.44,506.92,506.47
CN7,16G,4,32,1,6980,8356,10814,28705,460,1354,629.92,2628,4060.79,4058.43,4059.13,4060.7,506.24,506.2,506.05,506.17
CN7,16G,4,32,2,7177,8455,14091,28443,460,1558,613.53,2547,3924.37,3924.46,3926.13,3923.15,489.12,489.43,489.45,489.08
CN7,16G,4,32,3,7111,8455,10814,28705,440,1584,616.69,2548,3924.54,3922.9,3928.97,3924.55,489.22,489.12,489.88,489.28
CN7,16G,4,64,1,6980,8356,10683,25560,464,1550,636.85,2620,4059.53,4056.11,4059.63,4057.85,506.26,505.9,506.27,506.1
CN7,16G,4,64,2,7046,8455,10945,23987,468,1290,636.29,2650,4057.71,4055.7,4058.01,4061.31,505.86,505.85,506.02,506.2
CN7,16G,4,64,3,6980,8356,11076,27395,456,1343,634.53,2632,4058.75,4061.05,4058.78,4058.21,505.89,506.16,506.01,505.82
CN7,16G,8,1,1,4424,7635,13566,67634,376,1350,693.65,5755,8974.71,8975.17,8947.06,8949.04,1113.66,1114.03,1109.72,1109.95
CN7,16G,8,1,2,4490,7898,13566,56361,510,1316,686.19,5707,8951.26,8934.93,8939.04,8945.7,1110.59,1109.41,1110.04,1109.79
CN7,16G,8,1,3,4490,7701,14091,51643,506,1264,698.46,5827,9302.66,9303.27,9277.2,9273.74,1154.13,1153.68,1151.19,1150.78
CN7,16G,8,2,1,6915,9241,13960,45876,426,1262,574.38,4767,7815.71,7801.69,7794.73,7794.6,973.01,971.27,970.56,970.56
CN7,16G,8,2,2,6849,9241,15008,41157,416,1284,584.18,4869,7797.83,7798.19,7794.1,7794.84,970.81,971.05,970.34,970.48
CN7,16G,8,2,3,6783,9372,14353,49021,416,1316,585.98,4871,7827.87,7796.86,7799.43,7823.32,974.79,970.74,971.01,974.04
CN7,16G,8,4,1,8291,10552,26870,40109,324,1242,462.33,3835,6397.65,6403.82,6401.8,6395.91,796.59,796.56,796.44,796.41
CN7,16G,8,4,2,8291,10552,27657,40633,276,1224,461.27,3857,6460.84,6469.45,6461.83,6464.26,804.37,805.27,804.5,804.81
CN7,16G,8,4,3,8291,10552,28705,40633,268,1202,460.84,3826,6479.39,6535.48,6528.74,6489.45,805.88,813.1,812.38,807.2
CN7,16G,8,8,1,8356,10421,28967,42206,277,1230,449.58,3728,6235.31,6235.33,6236.48,6235.37,776.63,776.57,776.76,776.79
CN7,16G,8,8,2,8291,10421,23462,37487,262,1220,454.13,3754,6589.47,6587.96,6550.38,6539.62,820.59,820.24,815.77,814.47
CN7,16G,8,8,3,8291,10421,24249,39584,282,1272,451.76,3772,6241.53,6239.7,6241.65,6233.94,776.91,776.73,776.68,776.5
CN7,16G,8,16,1,8356,10421,24511,35390,298,1252,447.29,3727,6421.42,6426.55,6414.89,6435.41,800.22,800.95,799.21,802.11
CN7,16G,8,16,2,8291,10290,17957,38011,288,1230,447.79,3722,6087.17,6080.36,6081.39,6079.94,758.07,757.83,757.81,757.79
CN7,16G,8,16,3,8455,10552,27395,43254,312,1212,445.17,3709,6431.28,6424.93,6432.18,6420.26,800.68,800.77,800.68,800.32
CN7,16G,8,32,1,8455,10421,18220,42730,312,1196,443.51,3703,6161.09,6170.57,6183.94,6185.0,767.65,769.07,770.8,770.81
CN7,16G,8,32,2,8356,10421,19268,39060,272,1168,446.65,3688,6273.13,6253.29,6232.19,6276.01,781.91,779.32,776.65,782.36
CN7,16G,8,32,3,8291,10421,26870,40633,258,1212,446.97,3720,6361.7,6370.81,6361.89,6372.17,793.0,794.02,793.0,794.21
CN7,16G,8,64,1,8225,10159,25035,41157,290,1172,447.63,3725,6374.48,6347.64,6355.84,6370.78,794.6,791.21,792.22,794.06
CN7,16G,8,64,2,8225,10421,24773,39584,282,1144,450.73,3753,6254.24,6248.73,6243.25,6245.67,779.24,778.5,777.86,778.06
CN7,16G,8,64,3,8225,10290,22414,38536,298,1187,455.53,3790,6398.35,6396.35,6397.32,6399.59,797.04,796.93,796.8,797.04
CN7,16G,16,1,1,7046,10421,18482,76022,178,922,337.43,5642,9726.85,9745.11,9720.13,9720.31,1204.85,1207.11,1204.72,1204.65
CN7,16G,16,1,2,6980,10159,21627,156238,172,928,335.30,5599,10156.14,10090.61,10096.65,10062.45,1258.04,1249.8,1250.7,1246.39
CN7,16G,16,1,3,7111,10814,23462,80217,152,928,336.52,5617,9914.65,9913.99,9913.76,9909.96,1228.14,1227.99,1228.24,1227.92
CN7,16G,16,2,1,11207,16057,41681,56886,194,930,315.20,5258,9241.28,9246.77,9219.45,9198.16,1148.6,1149.02,1144.73,1143.28
CN7,16G,16,2,2,11207,15926,42730,189793,916,311.29,5176,,9254.59,9253.51,9248.36,9253.73,1150.86,1150.86,1150.25,1150.85
CN7,16G,16,2,3,11207,15926,43779,210764,934,310.36,5164,,9369.27,9428.02,9430.86,9379.44,1164.57,1171.56,1171.86,1165.55
CN7,16G,16,4,1,11994,16712,45876,108528,892,286.43,4761,,8412.74,8412.24,8411.18,8411.33,1046.8,1046.8,1046.69,1046.8
CN7,16G,16,4,2,11994,17171,40109,72877,172,880,288.02,4825,8551.28,8546.16,8551.32,8551.3,1064.2,1063.32,1063.99,1064.05
CN7,16G,16,4,3,12125,17433,40633,53216,144,892,284.87,4783,8462.13,8466.27,8466.78,8471.54,1052.84,1053.26,1053.42,1053.96
CN7,16G,16,8,1,11994,17171,42730,56361,148,882,285.91,4787,8578.71,8578.69,8575.97,8577.26,1067.31,1067.22,1067.39,1067.0
CN7,16G,16,8,2,11994,17171,43779,76022,132,884,285.98,4794,8491.09,8482.95,8484.61,8495.96,1056.47,1055.92,1056.24,1057.0
CN7,16G,16,8,3,11863,17171,46924,101188,156,892,285.00,4778,8519.2,8518.13,8520.08,8516.86,1060.8,1060.3,1060.47,1060.27
CN7,16G,16,16,1,11994,17171,41681,52691,164,892,285.85,4767,8586.62,8591.91,8599.26,8583.04,1068.82,1070.07,1070.1,1068.21
CN7,16G,16,16,2,11863,16909,39584,60031,181,890,286.28,4806,8452.02,8445.01,8447.71,8454.41,1052.14,1051.36,1051.42,1052.33
CN7,16G,16,16,3,11863,17171,41157,55837,162,890,285.97,4763,8580.91,8585.91,8593.43,8586.56,1068.27,1068.6,1069.87,1068.67
CN7,16G,16,32,1,11731,16581,40109,54264,172,862,286.63,4772,8458.17,8463.65,8458.23,8454.37,1052.17,1052.88,1052.16,1051.79
CN7,16G,16,32,2,11731,17171,39060,54789,146,896,286.33,4787,8409.69,8412.98,8413.47,8414.12,1046.99,1046.93,1046.93,1047.05
CN7,16G,16,32,3,11863,17171,43254,154141,886,284.11,4738,,8579.2,8579.44,8580.37,8590.07,1067.72,1067.85,1067.73,1068.96
CN7,16G,16,64,1,11731,16909,43254,58459,164,856,288.72,4802,8446.8,8445.75,8454.83,8441.07,1050.73,1050.66,1051.71,1050.31
CN7,16G,16,64,2,11731,16712,42730,56886,150,862,288.34,4800,8430.76,8433.15,8425.09,8431.2,1047.17,1047.0,1047.36,1047.07
CN7,16G,16,64,3,11731,16909,41157,54789,182,870,287.50,4796,8539.05,8546.97,8534.75,8542.53,1062.26,1062.97,1061.4,1062.54
CN7,32G,1,1,1,2008,6652,7308,28705,852,1714,1064.90,1118,15.8,15.82,7386.44,15.6,1.64,1.65,917.86,1.62
CN7,32G,1,1,2,1926,6587,7308,23462,918,1782,1136.09,1192,15.01,15.12,15.39,7852.7,1.6,1.62,1.63,975.2
CN7,32G,1,1,3,1958,6652,7242,24249,944,1330,1133.39,1190,8133.91,15.12,15.01,15.22,1010.41,1.62,1.6,1.62
CN7,32G,1,2,1,1020,6980,7767,19792,924,1436,1157.43,1215,16.08,3823.86,3820.94,15.38,1.69,475.81,475.51,1.64
CN7,32G,1,2,2,1004,6783,7570,19792,998,1472,1180.27,1238,3824.44,3824.9,15.92,15.38,475.92,475.87,1.67,1.64
CN7,32G,1,2,3,971,6980,7701,20841,964,1484,1206.11,1265,16.46,16.47,3947.71,3951.99,1.73,1.74,491.39,491.62
CN7,32G,1,4,1,906,6915,7701,11994,1056,1464,1284.59,1347,1910.54,1917.45,1931.71,1913.86,237.96,238.78,240.62,238.36
CN7,32G,1,4,2,914,6652,7701,12518,938,1778,1284.53,1347,1956.89,1971.52,1967.54,1965.62,243.81,245.56,245.11,244.82
CN7,32G,1,4,3,873,6783,7570,13566,892,1784,1319.94,1385,2040.21,2028.51,2043.2,2039.0,254.19,252.68,254.48,253.98
CN7,32G,1,8,1,914,6915,7635,11994,906,1776,1267.80,1331,1901.89,1906.6,1918.54,1916.11,237.03,237.49,238.96,238.67
CN7,32G,1,8,2,906,7046,7767,13304,960,1724,1282.88,1345,1921.55,1905.63,1908.86,1916.63,239.35,237.42,237.75,238.64
CN7,32G,1,8,3,922,6980,7635,12125,984,1728,1267.51,1331,1919.76,1921.43,1903.65,1910.39,239.14,239.2,237.04,237.88
CN7,32G,1,16,1,963,7111,7832,12649,868,1732,1216.72,1279,1852.77,1851.95,1862.8,1846.48,230.86,230.65,232.1,229.92
CN7,32G,1,16,2,873,7111,7701,13435,992,1786,1260.20,1324,1904.69,1916.67,1906.17,1928.25,237.38,238.81,237.55,240.3
CN7,32G,1,16,3,865,7111,7635,14353,984,1738,1258.69,1320,1920.52,1900.36,1914.21,1913.67,239.35,236.78,238.49,238.43
CN7,32G,1,32,1,914,7111,7767,13566,928,1758,1219.91,1282,1813.77,1841.69,1819.8,1815.25,226.11,229.51,226.77,226.25
CN7,32G,1,32,2,807,7111,7635,15533,948,1602,1283.49,1346,1875.49,1874.89,1894.35,1889.5,233.79,233.68,236.07,235.5
CN7,32G,1,32,3,816,7111,7701,12911,990,1590,1279.08,1341,1893.11,1883.96,1882.42,1918.54,235.98,234.78,234.62,239.11
CN7,32G,1,64,1,906,6980,7832,14091,1082,1526,1297.36,1362,1928.58,1946.74,1929.15,1955.56,240.42,242.64,240.41,243.73
CN7,32G,1,64,2,898,7046,7767,13435,1016,1544,1290.18,1355,1855.57,1856.99,1885.15,1897.2,231.25,231.43,234.93,236.44
CN7,32G,1,64,3,906,6915,7701,10945,1074,1520,1271.45,1334,1837.91,1874.75,1858.94,1897.37,229.08,233.69,231.67,236.48
CN7,32G,2,1,1,2008,6980,7963,32900,844,1288,1037.95,2125,7341.57,13.83,13.79,7334.08,911.9,1.46,1.45,911.83
CN7,32G,2,1,2,2040,6980,8094,27919,870,1244,1035.20,2137,14.26,7402.28,7554.21,14.15,1.5,919.42,938.02,1.49
CN7,32G,2,1,3,1827,7046,8029,32637,846,1478,1042.05,2157,7139.37,13.78,14.54,7482.92,887.47,1.48,1.53,929.52
CN7,32G,2,2,1,5473,7504,8979,31589,630,1390,886.23,1860,3110.81,6283.66,3184.89,12.39,387.17,781.88,396.37,1.3
CN7,32G,2,2,2,5342,7504,8979,29754,572,1662,896.33,1858,12.54,3074.64,6307.32,3251.14,1.32,382.7,784.43,404.64
CN7,32G,2,2,3,5342,7504,8979,26346,614,1688,891.51,1850,3247.89,12.52,3123.51,6365.29,404.33,1.33,388.81,791.45
CN7,32G,2,4,1,5669,7701,10945,22152,530,1718,861.06,1793,2928.43,2933.65,2947.04,2941.42,364.72,365.37,367.13,366.35
CN7,32G,2,4,2,5735,7767,10814,21103,566,1724,856.23,1790,2950.68,2901.52,2870.02,2956.91,367.57,361.17,357.24,368.25
CN7,32G,2,4,3,5735,7767,10945,22152,578,1714,856.50,1789,2928.24,2935.49,2947.09,2941.81,364.82,365.61,367.04,366.22
CN7,32G,2,8,1,6063,7832,11076,20055,484,1714,856.66,1788,2858.98,2854.77,2849.0,2860.13,356.46,355.67,355.01,356.43
CN7,32G,2,8,2,6128,7832,11600,21103,428,1716,846.54,1770,2886.98,2887.8,2892.08,2893.26,359.8,359.93,360.48,360.45
CN7,32G,2,8,3,6128,7832,10814,20317,532,1748,843.63,1743,2900.62,2859.44,2809.37,2801.22,361.5,356.37,350.13,349.01
CN7,32G,2,16,1,6456,7832,11338,22938,510,1700,823.55,1698,2908.4,2883.4,2931.1,2924.66,362.66,359.57,365.51,364.7
CN7,32G,2,16,2,6390,7898,11076,20579,448,1702,824.45,1744,2793.55,2778.81,2783.11,2785.31,348.13,346.47,346.83,346.94
CN7,32G,2,16,3,6521,7898,10945,20317,328,1704,808.39,1689,2872.04,2862.46,2870.11,2865.78,358.11,357.0,357.43,357.26
CN7,32G,2,32,1,6521,7832,10421,20317,442,1756,814.04,1681,2806.71,2796.28,2800.07,2793.67,350.03,348.8,349.09,348.26
CN7,32G,2,32,2,6521,7898,10552,20055,458,1664,804.75,1670,2848.9,2855.43,2852.23,2850.31,355.05,355.68,355.31,355.14
CN7,32G,2,32,3,6587,7898,10683,19530,474,1654,801.18,1660,2763.22,2751.45,2744.54,2758.56,344.34,343.21,342.23,343.97
CN7,32G,2,64,1,5604,7898,10814,21103,520,1682,853.52,1771,2804.4,2802.83,2803.44,2803.81,349.77,349.52,349.6,349.66
CN7,32G,2,64,2,5800,7767,10683,21627,352,1714,855.50,1776,2814.71,2803.72,2802.74,2803.11,350.81,349.72,349.49,349.54
CN7,32G,2,64,3,5735,7767,10421,21890,546,1731,853.02,1778,2802.74,2807.07,2803.54,2805.68,349.54,349.83,349.55,349.72
CN7,32G,4,1,1,1680,7504,10814,33424,842,1676,1007.84,4192,7232.78,7317.31,7160.47,7320.18,898.83,909.3,889.72,909.33
CN7,32G,4,1,2,1532,7570,10814,31589,725,1606,998.76,4107,6754.85,6756.21,6760.82,6826.46,839.67,839.8,839.79,848.56
CN7,32G,4,1,3,1713,7570,10814,31327,756,1692,1003.75,4154,7016.43,7059.84,7060.37,7137.25,872.05,877.45,877.44,886.99
CN7,32G,4,2,1,5997,7832,9896,38011,434,1484,750.04,2798,2538.16,2542.28,7529.47,7514.88,316.17,316.26,936.52,935.82
CN7,32G,4,2,2,6259,7963,10028,39060,444,1622,720.46,2728,7321.16,7326.46,2446.55,2447.32,911.51,911.71,304.51,304.5
CN7,32G,4,2,3,6194,7898,9896,37487,402,1622,734.90,2736,2445.83,2447.86,7130.81,7119.95,304.5,304.53,887.57,886.31
CN7,32G,4,4,1,6980,8586,15533,28443,413,1488,643.28,2681,4720.06,4719.44,4724.96,4720.44,587.77,587.87,588.34,587.85
CN7,32G,4,4,2,6915,8455,14484,32375,343,1534,653.15,2724,4858.26,4818.72,4866.96,4840.45,605.53,600.43,606.71,603.13
CN7,32G,4,4,3,7111,8586,14222,32900,376,1566,635.88,2647,4539.14,4537.82,4535.39,4538.62,565.07,565.0,564.93,564.97
CN7,32G,4,8,1,6915,8455,17433,32637,352,1580,642.37,2692,4788.84,4788.36,4794.43,4788.86,596.75,596.63,596.83,596.64
CN7,32G,4,8,2,7111,8586,15533,34341,370,1562,640.71,2664,4535.07,4533.73,4536.69,4532.52,564.92,564.92,565.1,564.93
CN7,32G,4,8,3,7046,8455,13435,30016,421,1600,646.98,2699,4615.52,4615.76,4616.97,4616.7,575.39,575.35,575.53,575.54
CN7,32G,4,16,1,7177,8717,17171,33162,297,1592,629.34,2624,4530.1,4530.8,4517.37,4540.06,564.72,564.77,563.08,565.97
CN7,32G,4,16,2,7111,8586,14615,31065,330,1562,631.27,2638,4530.43,4528.95,4526.11,4534.53,565.07,564.62,564.13,565.01
CN7,32G,4,16,3,7111,8586,14615,31851,364,1578,622.55,2610,4552.25,4549.53,4554.47,4557.73,567.18,566.97,567.49,567.49
CN7,32G,4,32,1,7177,8717,16450,31065,342,1572,614.79,2536,4524.13,4526.15,4511.71,4539.34,564.21,563.58,562.5,565.05
CN7,32G,4,32,2,7111,8586,14091,32113,332,1544,624.11,2595,4448.28,4448.9,4447.19,4449.19,554.9,555.05,554.81,555.09
CN7,32G,4,32,3,7177,8717,16712,32113,330,1544,613.90,2566,4430.29,4435.03,4441.59,4425.46,552.7,553.35,554.16,552.12
CN7,32G,4,64,1,7046,8586,13042,30540,402,1536,624.16,2590,4596.94,4597.8,4585.43,4592.92,573.25,573.27,571.89,572.47
CN7,32G,4,64,2,6849,8455,12125,31327,410,1552,648.86,2724,4723.15,4725.99,4702.84,4723.7,589.06,589.52,586.53,588.94
CN7,32G,4,64,3,6915,8586,13173,30802,345,1552,631.29,2642,4728.57,4730.61,4722.1,4702.53,589.59,589.89,588.86,586.81
CN7,32G,8,1,1,4686,8455,13566,91751,326,1338,661.17,5505,9703.66,9705.23,9706.42,9703.92,1204.62,1204.81,1204.84,1204.73
CN7,32G,8,1,2,4621,8356,13960,60556,308,1342,670.79,5576,9906.97,9982.02,9971.7,9984.73,1228.83,1238.21,1236.7,1238.15
CN7,32G,8,1,3,4686,8455,13698,57934,274,1308,661.79,5496,9778.35,9899.69,9919.5,9832.4,1213.57,1229.42,1230.98,1220.0
CN7,32G,8,2,1,7242,9372,14615,66323,262,1312,548.85,4560,8095.57,8159.51,8238.13,8178.13,1007.59,1015.33,1025.48,1018.5
CN7,32G,8,2,2,7242,9503,14877,45876,404,1278,551.60,4600,8278.75,8262.24,8242.86,8217.79,1030.39,1029.01,1025.15,1023.37
CN7,32G,8,2,3,7242,9372,15139,46924,360,1292,551.16,4567,8016.07,8062.35,8030.56,8018.81,997.98,1002.79,998.77,997.91
CN7,32G,8,4,1,8356,10552,29492,42206,280,1244,456.84,3789,6749.69,6759.09,6759.92,6745.05,840.4,840.36,840.46,840.34
CN7,32G,8,4,2,8356,10683,28967,41157,300,1226,458.01,3839,6914.05,6905.01,6905.37,6910.99,860.15,860.16,860.07,859.92
CN7,32G,8,4,3,8356,10552,27132,41681,266,1218,459.60,3818,6972.89,6962.69,6977.06,6985.77,867.81,867.14,868.38,869.31
CN7,32G,8,8,1,8291,10683,30278,42206,238,1240,457.33,3837,6842.39,6848.51,6841.2,6845.11,852.78,853.24,852.62,852.77
CN7,32G,8,8,2,8291,10683,27657,42730,262,1224,460.76,3823,6856.96,6874.87,6868.68,6864.97,854.62,855.97,856.36,855.88
CN7,32G,8,8,3,8291,10552,27657,39584,287,1212,458.76,3822,6937.51,6926.98,6926.88,6931.63,863.76,863.5,863.5,863.62
CN7,32G,8,16,1,8356,10683,23987,42730,277,1226,458.28,3836,6969.02,6973.29,6970.02,6966.18,869.0,868.6,869.12,868.64
CN7,32G,8,16,2,8356,10814,30802,49546,202,1214,455.83,3826,6855.87,6834.26,6843.38,6850.87,854.65,851.76,853.03,853.96
CN7,32G,8,16,3,8291,10683,27132,52167,244,1204,456.47,3809,6920.97,6908.37,6896.01,6914.68,861.76,860.35,859.71,861.47
CN7,32G,8,32,1,8356,10683,25035,43779,260,1186,452.87,3765,6869.4,6875.08,6873.34,6869.31,856.64,857.33,857.11,856.54
CN7,32G,8,32,2,8356,10814,29230,44827,250,1218,452.81,3755,6742.74,6740.9,6743.33,6746.9,840.38,840.36,840.37,840.58
CN7,32G,8,32,3,8356,10814,27919,39584,278,1226,453.19,3772,6777.1,6792.39,6797.99,6795.15,845.11,846.95,847.35,847.35
CN7,32G,8,64,1,8291,10552,27132,40633,262,1166,457.00,3818,6966.37,6963.56,6969.27,6950.48,868.05,867.93,868.16,866.31
CN7,32G,8,64,2,8291,10552,25560,40633,262,1140,456.09,3788,6742.42,6742.72,6743.86,6742.63,840.37,840.46,840.41,840.37
CN7,32G,8,64,3,8291,10683,27132,41681,267,1124,456.57,3803,6783.93,6788.38,6785.05,6773.69,845.9,846.05,845.91,844.57
CN7,32G,16,1,1,7242,11207,20317,152044,152,918,334.74,5583,10235.33,10232.57,10237.18,10272.24,1269.91,1269.31,1269.54,1274.03
CN7,32G,16,1,2,7242,11469,27919,120062,1141,332.42,5540,,10136.0,10216.25,10189.81,10127.19,1257.09,1267.64,1263.35,1256.79
CN7,32G,16,1,3,7242,11469,24249,164627,124,918,330.19,5496,10072.85,10182.94,10170.21,10103.7,1249.64,1261.9,1261.76,1253.67
CN7,32G,16,2,1,11207,16057,42730,139461,916,309.03,5144,,9458.46,9463.02,9476.29,9465.3,1176.96,1176.96,1178.85,1176.99
CN7,32G,16,2,2,11338,16319,41681,175113,100,934,308.31,5139,9421.22,9408.12,9451.62,9433.11,1172.22,1170.92,1174.53,1173.69
CN7,32G,16,2,3,11207,16188,43779,80217,174,920,311.75,5185,9459.28,9523.91,9575.41,9513.64,1177.02,1184.41,1191.11,1183.46
CN7,32G,16,4,1,12125,18220,44303,116917,126,892,283.44,4726,8779.37,8770.43,8768.6,8773.12,1092.1,1091.67,1091.59,1091.89
CN7,32G,16,4,2,12256,18220,42730,56886,142,882,285.42,4738,8814.16,8808.76,8820.93,8825.59,1096.88,1095.95,1097.16,1098.77
CN7,32G,16,4,3,12125,17957,42206,76022,132,878,284.36,4748,8859.84,8866.59,8861.38,8860.1,1102.84,1103.1,1102.84,1102.84
CN7,32G,16,8,1,12256,18744,44827,61080,116,892,283.66,4729,8723.67,8717.84,8719.51,8712.51,1086.56,1085.47,1086.15,1085.2
CN7,32G,16,8,2,12125,18482,42206,67634,114,902,284.86,4731,8803.27,8803.92,8804.56,8792.95,1096.56,1096.49,1096.62,1095.13
CN7,32G,16,8,3,12125,17957,42206,76022,106,900,285.07,4731,8772.7,8779.61,8780.25,8775.04,1091.86,1092.53,1092.69,1092.19
CN7,32G,16,16,1,12125,18482,45351,58983,142,874,284.87,4731,8700.37,8699.41,8711.53,8699.83,1083.35,1082.84,1083.86,1083.03
CN7,32G,16,16,2,12125,17957,42730,61080,126,888,284.49,4729,8712.75,8707.05,8717.3,8712.96,1085.23,1084.19,1085.36,1085.02
CN7,32G,16,16,3,12125,18482,43779,112722,122,882,283.73,4727,8683.07,8685.5,8687.49,8688.83,1081.47,1081.7,1081.77,1082.02
CN7,32G,16,32,1,12125,18744,43779,59507,142,862,284.68,4754,8746.54,8743.97,8748.23,8745.35,1089.21,1088.67,1089.22,1088.88
CN7,32G,16,32,2,12125,18482,42730,56886,148,890,284.98,4734,8710.43,8720.04,8718.17,8711.8,1084.64,1085.65,1085.43,1084.66
CN7,32G,16,32,3,12125,17957,44303,72877,130,886,284.05,4740,8769.77,8776.33,8774.52,8770.49,1092.01,1092.77,1092.49,1092.19
CN7,32G,16,64,1,11863,17695,43779,60031,144,854,285.65,4756,8813.16,8822.33,8825.01,8820.31,1096.81,1097.8,1098.03,1097.79
CN7,32G,16,64,2,11863,17695,46924,103285,112,866,283.90,4748,8833.78,8833.14,8842.46,8834.71,1098.97,1098.56,1099.57,1098.96
CN7,32G,16,64,3,11863,18220,42730,78119,860,286.25,4759,,8814.89,8819.85,8817.63,8815.72,1096.1,1096.55,1096.4,1096.12
