1007-0102
CN7,4G,1,1,1,889,1090,1237,1860,1216,1488,1410.20,1488,19.91,19.79,19.72,6198.59,2.24,2.25,2.24,689.84
CN7,4G,1,1,2,881,1090,1614,2180,1404,1471,1424.60,1500,5903.91,19.79,19.72,19.59,681.72,2.25,2.24,2.23
CN7,4G,1,1,3,840,1090,1483,1811,1368,1496,1430.80,1506,19.91,5943.29,19.72,19.59,2.24,682.24,2.24,2.23
CN7,4G,1,1,4,832,1074,1205,1991,1360,1466,1402.40,1474,19.91,19.79,6508.38,19.59,2.24,2.25,690.66,2.23
CN7,4G,1,1,5,881,1106,1500,1876,1328,1490,1414.60,1493,19.91,19.79,19.72,6136.93,2.24,2.25,2.24,684.19
CN7,4G,1,4,1,914,1074,1205,1926,1290,1486,1389.20,1472,1623.25,1676.79,1715.05,1650.43,166.29,168.91,167.83,165.68
CN7,4G,1,4,2,857,1037,1205,1893,1316,1498,1421.60,1499,1646.25,1612.13,1653.72,1668.26,166.46,165.45,166.01,166.52
CN7,4G,1,4,3,840,1020,1221,2114,1182,1514,1424.80,1503,1628.08,1603.8,1669.72,1652.26,164.82,164.51,165.87,167.01
CN7,4G,1,4,4,758,988,1188,2147,1298,1488,1444.00,1517,1640.08,1641.63,1599.72,1633.93,165.93,164.89,164.08,165.71
CN7,4G,1,4,5,865,1057,1205,2573,1248,1492,1418.00,1498,1574.58,1621.3,1626.89,1602.76,163.28,164.64,165.39,164.72
CN7,4G,1,16,1,816,1057,1795,2671,1272,1482,1413.60,1486,1794.59,1763.8,1777.06,1743.93,173.58,172.67,172.69,173.59
CN7,4G,1,16,2,799,1029,1762,2376,1304,1570,1460.80,1536,1690.59,1687.8,1730.39,1755.6,173.48,172.89,174.45,174.76
CN7,4G,1,16,3,750,971,1827,1975,1378,1496,1446.80,1521,1669.25,1675.47,1726.89,1722.77,172.61,171.65,172.01,172.91
CN7,4G,1,16,4,865,1090,1876,2114,1220,1520,1418.40,1490,2035.9,2049.16,2066.67,2084.12,208.02,207.05,206.75,209.46
CN7,4G,1,16,5,873,1074,1811,2024,1284,1484,1398.80,1484,2028.1,2075.16,2141.47,2020.12,206.29,206.74,207.43,207.24
CN7,4G,2,1,1,791,988,1156,1844,1262,1486,1399.80,2929,19.92,19.8,6455.39,6355.27,2.24,2.25,683.07,692.03
CN7,4G,2,1,2,799,1012,1221,1827,1286,1424,1391.60,2923,6101.09,6157.97,19.73,19.61,689.15,681.86,2.24,2.23
CN7,4G,2,1,3,816,1004,1205,1975,1262,1468,1392.80,2917,19.93,19.8,6445.9,6404.61,2.25,2.25,683.96,682.5
CN7,4G,2,1,4,816,1004,1221,1860,1259,1408,1362.80,2869,6214.26,6269.81,19.73,19.61,681.77,689.46,2.24,2.23
CN7,4G,2,1,5,816,1012,1172,1893,1277,1410,1381.80,2893,19.93,19.81,6449.57,6247.28,2.25,2.25,692.26,690.61
CN7,4G,2,4,1,840,1004,1270,3359,1258,1436,1368.00,2874,3388.43,3389.14,3473.57,3391.61,341.94,345.66,345.1,345.44
CN7,4G,2,4,2,865,996,1205,2573,1226,1422,1329.67,2783,3429.59,3426.97,3367.91,3469.11,342.21,347.74,342.22,345.53
CN7,4G,2,4,3,857,979,1172,2802,1324,1390,1353.27,2810,3379.43,3341.48,3501.74,3439.11,345.48,341.52,345.96,347.37
CN7,4G,2,4,4,832,988,1319,3458,1270,1458,1380.20,2887,3389.6,3379.48,3360.91,3434.78,344.71,342.68,341.68,342.25
CN7,4G,2,4,5,865,996,1205,1844,1210,1366,1309.00,2746,3403.27,3433.31,3463.74,3366.62,342.65,344.63,344.74,342.81
CN7,4G,2,16,1,832,1012,1680,1909,1264,1416,1371.27,2856,3517.43,3423.82,3483.58,3426.62,344.91,342.54,342.35,341.99
CN7,4G,2,16,2,832,979,1696,1893,1246,1422,1372.91,2858,3390.6,3398.15,3477.08,3501.79,342.83,342.15,342.31,345.43
CN7,4G,2,16,3,865,1020,1762,3294,1206,1384,1326.67,2775,3368.61,3396.32,3460.25,3443.12,340.39,342.33,341.47,344.2
CN7,4G,2,16,4,848,979,1926,3654,1264,1414,1349.50,2820,3461.94,3557.65,3438.42,3567.79,342.92,346.41,341.92,345.21
CN7,4G,2,16,5,824,971,1778,3687,1320,1436,1380.40,2876,3423.94,3497.82,3454.75,3515.96,341.77,342.66,341.25,341.54
CN7,4G,4,1,1,799,1012,1975,5276,1258,1492,1427.60,5888,5803.11,5764.66,5968.42,5807.46,688.99,687.74,686.52,686.7
CN7,4G,4,1,2,799,1004,1795,3720,1288,1476,1409.90,5812,5836.28,5919.33,5893.42,5842.3,686.79,687.89,687.5,687.75
CN7,4G,4,1,3,775,1004,2147,3752,1286,1496,1442.25,5992,7074.74,6884.2,6888.51,6950.16,825.39,823.25,823.21,825.03
CN7,4G,4,1,4,799,996,1811,3458,1238,1474,1406.60,5672,5714.45,5850.5,5847.26,5753.8,677.67,686.8,688.6,687.03
CN7,4G,4,1,5,791,971,1893,4228,1310,1458,1411.10,5779,5733.45,5756.0,5839.26,5923.81,686.3,687.16,688.02,689.41
CN7,4G,4,4,1,963,1172,3228,5145,1242,1362,1314.25,5438,5846.63,5825.84,5854.27,5701.97,689.26,688.1,687.3,686.48
CN7,4G,4,4,2,881,1139,2040,4113,1272,1440,1363.64,5613,6064.8,5970.18,5943.6,5928.31,691.82,685.23,686.74,685.84
CN7,4G,4,4,3,832,1106,2442,5604,1238,1480,1421.80,5853,5961.8,5892.35,5961.27,5938.98,687.93,686.64,689.29,689.06
CN7,4G,4,4,4,930,1123,3294,4686,1242,1408,1343.33,5607,5839.13,5752.51,5788.78,5783.82,689.09,686.66,687.44,686.28
CN7,4G,4,4,5,963,1156,2671,3785,1180,1388,1312.70,5175,5734.97,5907.68,5760.45,5882.49,686.02,688.75,687.16,687.8
CN7,4G,4,16,1,889,1303,2540,6325,1258,1380,1332.50,5524,6073.14,6093.35,6177.78,6122.16,690.85,689.11,689.65,691.18
CN7,4G,4,16,2,914,1221,3326,4555,1284,1438,1343.17,5556,5948.64,5937.19,5963.28,5995.83,687.0,687.7,687.8,688.71
CN7,4G,4,16,3,865,1237,2376,3687,1248,1404,1346.00,5616,6001.81,6004.19,6011.45,6008.33,687.75,686.9,689.88,686.79
CN7,4G,4,16,4,898,1270,3326,3949,1228,1414,1350.33,5629,5826.98,5897.86,5866.79,5842.33,685.71,687.93,688.38,687.28
CN7,4G,4,16,5,889,1123,2278,3621,1230,1344,1304.92,5438,6376.65,6463.2,6389.46,6465.84,688.42,691.23,687.63,689.14
CN7,4G,8,1,1,3261,5145,62129,108528,392,1274,732.95,6074,9064.99,9114.4,8458.35,9409.0,995.24,986.12,950.54,1027.66
CN7,4G,8,1,2,2933,4817,56361,94897,460,1324,772.90,6368,9444.62,9206.28,9418.35,9269.88,1036.04,1012.44,1029.76,1026.68
CN7,4G,8,1,3,2966,4228,5997,8979,708,1370,871.03,7197,8527.86,8365.33,8273.12,8163.59,1022.44,1005.77,1001.79,991.22
CN7,4G,8,1,4,3294,4555,6390,10421,668,1334,846.25,6913,8531.63,8137.79,8548.24,8707.39,1027.2,978.03,1027.21,1032.27
CN7,4G,8,1,5,3458,5407,70779,145753,454,1264,733.64,6056,8416.26,9008.04,8838.12,8521.65,928.66,1001.74,973.8,957.36
CN7,4G,8,4,1,5276,6980,9110,11207,536,1182,695.84,5707,7484.79,6926.82,7831.66,7859.91,897.37,834.17,916.26,916.84
CN7,4G,8,4,2,3851,8029,61604,92799,446,1202,690.32,5783,8474.9,8644.82,8389.22,8262.14,920.4,922.07,920.42,917.42
CN7,4G,8,4,3,4080,6063,7963,9503,648,1290,823.37,6733,8462.27,8617.06,8576.13,8318.78,1014.81,1029.81,1028.65,1000.41
CN7,4G,8,4,4,4293,7504,44303,98042,476,1198,717.48,5952,8396.8,8189.61,8416.34,8332.48,919.18,915.77,920.07,919.37
CN7,4G,8,4,5,3982,6128,8029,9634,668,1268,821.74,6781,8705.14,8755.09,8624.65,8615.46,1030.1,1030.65,1028.83,1027.64
CN7,4G,8,16,1,3752,7701,48497,82314,532,1174,741.26,6162,9444.66,10008.45,9658.52,10074.3,994.96,1018.06,1011.79,1037.02
CN7,4G,8,16,2,3785,5800,8160,10028,686,1262,848.00,6987,8729.54,8616.33,8687.02,8660.55,1030.24,1028.04,1028.89,1028.52
CN7,4G,8,16,3,4047,7439,49021,67634,500,1150,725.55,6064,8995.93,8638.07,8709.02,8775.05,921.9,920.12,920.02,918.13
CN7,4G,8,16,4,4047,6194,8291,10028,630,1258,818.59,6670,8724.67,8814.34,8643.91,8707.56,1029.16,1030.37,1022.29,1026.68
CN7,4G,8,16,5,4146,6063,8586,10028,652,1272,807.97,6708,8747.81,8754.09,8743.29,8769.32,1028.9,1029.44,1029.18,1030.11
CN7,4G,16,1,1,6128,7767,49546,124257,240,926,360.89,6007,10390.1,10490.2,10418.31,10534.18,1180.11,1182.72,1181.45,1181.79
CN7,4G,16,1,2,6390,7635,11863,15795,286,1082,355.54,5870,9092.04,9109.06,9098.83,9131.98,1096.81,1094.4,1097.28,1097.69
CN7,4G,16,1,3,6259,7701,10421,12518,286,890,361.64,6038,9977.12,9911.42,10037.32,9891.05,1178.34,1166.63,1178.42,1177.02
CN7,4G,16,1,4,6063,7767,46924,95945,254,920,363.97,6022,10163.59,10235.55,10217.8,10468.81,1171.71,1177.56,1177.0,1181.33
CN7,4G,16,1,5,6325,8160,53740,109577,230,1076,356.13,5904,9736.32,9981.47,9796.11,9669.46,1103.61,1105.68,1104.73,1101.14
CN7,4G,16,4,1,11469,14746,54789,89654,266,930,343.13,5732,10143.72,9971.34,9845.51,9932.93,1104.86,1104.86,1102.08,1106.09
CN7,4G,16,4,2,11469,14091,16581,18220,278,1038,351.23,5824,9746.13,9607.81,9756.72,9622.27,1102.81,1102.41,1100.72,1102.06
CN7,4G,16,4,3,11076,13829,16581,18220,296,902,350.58,5864,9670.13,9754.95,9707.59,9627.21,1101.83,1104.43,1103.62,1102.92
CN7,4G,16,4,4,11469,14746,50070,84411,238,898,344.24,5762,9900.34,10115.16,10355.13,10033.61,1104.98,1106.11,1109.38,1104.31
CN7,4G,16,4,5,11469,14091,17433,20841,298,862,348.73,5826,9754.12,9750.81,9564.8,9753.96,1103.33,1103.0,1100.65,1104.33
CN7,4G,16,16,1,11076,13960,17171,20055,288,830,357.67,5969,10597.73,10232.82,10371.22,10302.52,1181.62,1170.09,1176.97,1162.86
CN7,4G,16,16,2,11994,15401,70779,94897,258,864,330.86,5522,10392.15,9959.84,10479.68,10170.56,1105.31,1082.4,1104.47,1103.38
CN7,4G,16,16,3,11338,15008,53216,100140,228,888,341.68,5715,10626.49,10101.31,10276.88,10454.9,1105.94,1104.86,1105.21,1103.26
CN7,4G,16,16,4,11338,14091,16581,18482,302,866,351.80,5884,9930.9,9773.58,9857.62,10074.84,1101.99,1103.0,1102.11,1103.88
CN7,4G,16,16,5,11600,15008,46924,99091,220,800,332.51,5562,10147.23,10605.72,10343.29,10437.84,1103.61,1106.75,1103.06,1104.42
CN7,8G,1,1,1,807,1074,1500,1926,1294,1580,1465.45,1539,9216.2,56.61,54.56,59.09,1034.87,2.23,2.21,2.21
CN7,8G,1,1,2,824,1057,1696,2671,1258,1504,1432.09,1503,13.52,8026.65,13.38,13.3,1.52,916.35,1.52,1.51
CN7,8G,1,1,3,775,1029,1549,1975,1298,1494,1421.64,1492,15.21,15.12,9286.81,14.96,1.71,1.72,1034.25,1.7
CN7,8G,1,1,4,775,1029,1418,2024,1308,1556,1457.09,1528,15.21,15.12,15.06,9377.59,1.71,1.72,1.71,1035.46
CN7,8G,1,1,5,758,1037,1434,1991,1324,1474,1434.36,1506,9295.08,15.12,15.06,14.97,1035.16,1.72,1.71,1.7
CN7,8G,1,4,1,766,988,1123,1942,1320,1506,1454.00,1526,2567.46,2584.24,2688.19,2598.47,259.89,260.34,262.62,261.28
CN7,8G,1,4,2,766,1012,1139,1975,1372,1562,1460.55,1532,2577.59,2636.74,2534.31,2565.59,259.5,260.73,258.71,261.09
CN7,8G,1,4,3,734,971,1156,1991,1316,1482,1451.82,1522,2584.46,2580.87,2534.44,2552.72,258.29,259.53,258.95,261.87
CN7,8G,1,4,4,766,979,1139,1958,1252,1491,1430.73,1501,2591.96,2600.37,2582.94,2557.85,258.83,259.36,260.08,260.88
CN7,8G,1,4,5,807,1029,1139,2114,1220,1490,1427.73,1499,2273.3,2322.99,2271.95,2329.98,231.15,230.45,231.3,231.15
CN7,8G,1,16,1,725,857,1565,2057,1314,1512,1471.91,1543,2532.59,2530.49,2555.19,2557.22,256.89,257.28,256.84,257.53
CN7,8G,1,16,2,881,1090,1680,3130,1200,1512,1399.09,1470,2302.86,2326.66,2275.62,2276.53,229.59,228.44,228.74,229.14
CN7,8G,1,16,3,717,791,1778,2008,1448,1568,1496.80,1572,2559.59,2635.12,2582.44,2576.48,256.37,257.35,257.17,259.54
CN7,8G,1,16,4,766,971,1745,2040,1343,1486,1441.55,1513,2552.09,2602.25,2586.95,2589.85,258.48,257.94,257.57,259.51
CN7,8G,1,16,5,766,988,1745,2057,1274,1538,1463.27,1536,2575.72,2595.25,2584.07,2611.35,258.01,257.36,257.1,258.04
CN7,8G,2,1,1,807,930,1139,2008,1282,1448,1379.65,2850,8610.97,13.45,13.4,8260.65,913.03,1.53,1.52,917.86
CN7,8G,2,1,2,783,930,1221,1958,1292,1488,1412.36,2955,15.23,9088.5,9220.2,14.98,1.72,1031.06,1033.12,1.7
CN7,8G,2,1,3,816,930,1221,1876,1258,1470,1374.00,2876,8517.65,13.45,13.4,8584.87,918.46,1.53,1.52,919.98
CN7,8G,2,1,4,791,955,1205,1778,1274,1492,1398.32,2925,13.54,8115.01,8508.62,13.32,1.53,917.12,919.95,1.51
CN7,8G,2,1,5,807,938,1319,1975,1242,1480,1388.00,2874,8192.54,13.45,13.41,8363.1,916.55,1.53,1.52,914.89
CN7,8G,2,4,1,848,963,1139,1876,1248,1414,1351.17,2827,4576.99,4526.34,4579.63,4448.66,458.35,455.56,455.88,454.45
CN7,8G,2,4,2,848,971,1172,2073,1226,1435,1350.25,2829,4473.99,4484.9,4610.41,4510.66,454.7,456.66,458.86,457.38
CN7,8G,2,4,3,807,922,1123,1876,1272,1442,1396.00,2926,4544.32,4445.79,4489.63,4463.0,458.08,453.58,454.35,455.5
CN7,8G,2,4,4,816,930,1139,3458,1277,1450,1391.36,2909,4552.1,4524.46,4456.86,4457.11,454.64,457.1,454.03,454.23
CN7,8G,2,4,5,832,938,1139,3458,1258,1444,1364.33,2859,4542.55,4566.8,4591.3,4455.89,454.1,459.74,456.33,454.8
CN7,8G,2,16,1,824,947,1729,2966,1222,1432,1368.59,2875,4568.11,4542.8,4695.86,4597.23,456.82,459.4,459.93,457.15
CN7,8G,2,16,2,816,938,1713,2278,1268,1420,1381.64,2894,4568.22,4621.36,4507.64,4596.45,456.24,455.81,455.9,455.34
CN7,8G,2,16,3,832,922,1762,3359,1286,1444,1376.09,2879,4565.67,4588.02,4570.53,4557.12,455.52,459.92,456.4,455.96
CN7,8G,2,16,4,857,963,1745,3589,1206,1424,1335.67,2795,4583.89,4527.69,4596.31,4618.68,455.02,456.04,454.89,455.9
CN7,8G,2,16,5,840,947,1598,1860,1292,1444,1361.33,2852,4628.67,4537.03,4807.65,4632.35,454.96,454.87,461.32,457.27
CN7,8G,4,1,1,807,938,2040,7046,1258,1482,1401.45,5848,7451.12,7625.92,7558.65,7830.35,906.64,913.84,913.52,916.73
CN7,8G,4,1,2,775,898,1942,6587,1294,1498,1452.27,6042,7678.24,7519.37,7547.77,7598.02,915.62,914.17,907.29,914.13
CN7,8G,4,1,3,766,906,1942,5800,1294,1498,1449.91,6000,7563.13,7512.15,7676.99,7555.47,913.1,913.78,914.12,914.21
CN7,8G,4,1,4,799,938,1631,6587,1256,1480,1411.36,5786,7542.02,7573.93,7679.66,7494.47,913.44,913.93,913.39,912.94
CN7,8G,4,1,5,775,906,2638,5538,1312,1504,1433.55,5791,7584.47,7637.38,7591.22,7644.48,913.9,915.64,913.9,914.82
CN7,8G,4,4,1,840,1090,2835,4424,1218,1420,1384.36,5731,7903.81,7783.05,7964.78,7899.48,916.1,916.07,912.65,915.39
CN7,8G,4,4,2,938,1172,3326,6390,1172,1406,1320.17,5501,7662.4,7733.86,7772.27,7674.11,913.15,915.42,915.88,913.23
CN7,8G,4,4,3,898,1106,3621,4752,1220,1402,1334.15,5504,7819.15,7737.95,8031.57,7764.04,916.01,915.7,917.69,916.09
CN7,8G,4,4,4,947,1156,3851,7963,1150,1370,1314.83,5488,7412.37,7537.28,7729.57,7605.83,894.28,914.59,916.23,914.15
CN7,8G,4,4,5,971,1188,4113,7242,1188,1360,1301.19,5427,7307.27,7842.4,6864.13,7456.16,883.97,915.23,826.85,884.45
CN7,8G,4,16,1,1004,1385,2737,4113,1208,1424,1316.75,5521,8458.27,8628.51,8626.25,8409.17,922.5,919.55,920.42,918.4
CN7,8G,4,16,2,1004,1352,3392,6128,1176,1386,1300.92,5444,8470.72,8419.41,8521.14,8497.17,918.26,922.02,919.71,917.75
CN7,8G,4,16,3,857,1156,2474,3916,1182,1448,1363.00,5616,8064.83,8138.97,8077.81,8209.06,914.99,915.41,917.71,919.16
CN7,8G,4,16,4,963,1237,4752,7111,1204,1354,1302.50,5408,7899.39,7702.19,7623.37,7552.4,916.88,915.97,909.36,906.47
CN7,8G,4,16,5,996,1369,2769,3752,1210,1462,1325.58,5516,8298.4,8249.75,8351.93,8521.18,911.04,914.64,914.21,920.28
CN7,8G,8,1,1,3982,5407,7898,13960,568,1358,701.35,5851,9510.9,8178.06,8980.17,8052.33,1152.7,999.71,1086.82,978.36
CN7,8G,8,1,2,3982,5407,8094,15270,554,1342,692.05,5788,9078.45,8507.53,8983.43,8966.98,1096.21,1029.88,1094.95,1091.45
CN7,8G,8,1,3,3228,4817,42206,92799,534,1346,745.79,6137,10232.77,9881.35,9969.11,10133.63,1177.6,1166.35,1154.52,1177.3
CN7,8G,8,1,4,3884,5538,50594,105382,408,1334,672.44,5586,9595.26,9189.07,9182.31,8718.86,1099.37,1075.53,1057.34,1006.29
CN7,8G,8,1,5,3752,5145,7898,14877,576,1382,722.55,5982,8720.29,9415.8,9706.9,8745.24,1065.0,1140.92,1167.35,1060.08
CN7,8G,8,4,1,5080,7111,10683,21103,544,1262,682.02,5665,9183.66,8916.08,8723.78,9202.14,1098.07,1084.37,1060.39,1098.18
CN7,8G,8,4,2,4948,7242,10552,16188,546,1266,689.18,5680,9214.0,9039.28,8376.25,8910.61,1097.32,1083.48,1022.68,1082.26
CN7,8G,8,4,3,4359,6783,49021,160433,416,1198,693.04,5729,9610.27,9590.95,9601.46,9528.94,1095.65,1099.94,1099.58,1098.68
CN7,8G,8,4,4,4293,6587,33162,62653,560,1182,723.98,5999,10382.73,10190.24,10101.64,10417.02,1179.48,1177.63,1164.98,1180.36
CN7,8G,8,4,5,4424,7046,32637,90702,558,1208,711.23,5917,9631.28,9509.96,9540.54,9472.15,1100.23,1100.96,1098.33,1098.92
CN7,8G,8,16,1,4621,6915,9634,12649,584,1250,725.89,6019,9815.1,10093.97,9787.72,9566.31,1170.75,1178.0,1161.27,1144.04
CN7,8G,8,16,2,4555,6652,9241,11338,584,1274,732.87,6102,9948.67,9969.61,9611.8,10004.53,1177.41,1178.15,1153.34,1177.56
CN7,8G,8,16,3,4490,6980,34341,53740,552,1156,700.42,5807,9995.23,9916.91,9952.35,10126.84,1102.4,1101.89,1104.62,1103.47
CN7,8G,8,16,4,4359,6915,36439,76022,466,1156,704.14,5821,9827.57,9863.65,9915.49,9936.57,1102.16,1103.63,1100.81,1101.81
CN7,8G,8,16,5,4359,6915,36963,95945,482,1218,710.17,5895,9785.57,9839.59,10080.83,9926.58,1101.54,1101.69,1102.29,1101.26
CN7,8G,16,1,1,6128,7701,39584,81265,218,934,351.32,5842,11018.83,10878.15,10995.96,10992.77,1267.53,1269.02,1270.1,1269.21
CN7,8G,16,1,2,6587,8094,44303,92799,214,1064,334.30,5567,10424.46,9895.29,9929.56,10009.89,1179.7,1175.27,1164.08,1176.46
CN7,8G,16,1,3,6259,7570,10028,14353,284,902,353.22,5860,10895.15,10671.85,10596.26,10691.92,1268.66,1267.83,1266.88,1266.42
CN7,8G,16,1,4,6849,8160,12911,20055,262,966,324.84,5382,9864.58,9432.1,9194.67,9803.92,1176.32,1145.26,1114.35,1158.09
CN7,8G,16,1,5,6194,7439,10683,19006,288,980,351.04,5823,10082.01,10186.68,10458.67,10525.98,1217.82,1219.36,1222.06,1221.49
CN7,8G,16,4,1,11863,14615,17695,20841,268,908,330.19,5533,10518.41,10341.74,10415.36,10504.12,1182.61,1180.08,1180.74,1180.94
CN7,8G,16,4,2,12387,15139,18220,21365,256,898,307.44,5151,9397.42,9331.22,9257.74,9480.19,1099.06,1098.43,1097.6,1101.05
CN7,8G,16,4,3,12387,15139,18744,23462,276,930,321.30,5382,9752.88,9911.92,9718.91,10144.92,1153.95,1176.78,1155.57,1178.11
CN7,8G,16,4,4,11731,14746,33424,66847,266,940,329.94,5519,10238.1,10368.04,10484.16,10278.14,1179.28,1181.34,1181.75,1178.64
CN7,8G,16,4,5,11731,14615,17695,21365,266,922,327.13,5465,10009.68,9989.68,9945.56,9799.72,1177.78,1178.16,1177.49,1165.86
CN7,8G,16,16,1,11600,14222,17171,19268,274,884,336.20,5640,10992.78,10952.09,10836.18,11154.86,1226.28,1222.0,1224.06,1226.95
CN7,8G,16,16,2,11469,14091,16909,19006,276,818,333.75,5588,11154.79,10652.54,11091.22,10743.75,1221.56,1221.08,1211.52,1213.3
CN7,8G,16,16,3,11469,14222,16909,19006,290,826,337.82,5664,11093.83,10918.21,11265.97,11034.39,1226.96,1226.42,1226.77,1224.53
CN7,8G,16,16,4,11600,14353,17433,19530,262,892,331.82,5560,10568.53,10251.76,10489.49,10298.33,1179.89,1178.77,1179.09,1179.4
CN7,8G,16,16,5,11469,14091,16909,18744,280,960,335.19,5615,10967.14,10622.74,11012.5,11151.59,1225.02,1222.61,1224.16,1226.16
CN7,16G,1,1,1,742,979,1795,3228,1258,1534,1453.73,1525,8.99,10290.0,8.9,8.85,1.01,1178.65,1.01,1.01
CN7,16G,1,1,2,734,914,1532,2409,1290,1498,1453.41,1524,8.99,8.94,10557.67,8.85,1.01,1.02,1180.14,1.01
CN7,16G,1,1,3,734,963,1582,2507,1236,1512,1459.91,1531,8.99,8.94,8.91,10440.07,1.01,1.02,1.01,1179.36
CN7,16G,1,1,4,734,930,1221,1778,1312,1488,1447.95,1520,10976.06,8.94,8.91,8.86,1179.77,1.02,1.01,1.01
CN7,16G,1,1,5,750,1012,1614,3294,1220,1486,1445.41,1517,9.0,10499.28,8.91,8.86,1.01,1176.96,1.01,1.01
CN7,16G,1,4,1,725,906,1123,1876,1316,1516,1475.14,1547,2977.43,2898.51,3013.98,2976.0,297.01,293.97,295.84,295.74
CN7,16G,1,4,2,725,914,1123,1942,1318,1510,1470.05,1542,2901.5,2925.23,2973.2,2948.43,294.1,294.92,294.92,295.12
CN7,16G,1,4,3,734,955,1139,1909,1200,1490,1450.77,1522,2913.36,2916.87,2944.06,2917.36,292.95,294.65,294.13,295.03
CN7,16G,1,4,4,725,799,1074,1860,1322,1484,1459.55,1530,2995.39,2887.37,2953.66,2892.8,296.29,295.35,294.96,293.95
CN7,16G,1,4,5,725,906,1106,1926,1394,1526,1472.18,1544,3001.08,2903.59,2983.99,2878.65,295.77,295.07,295.23,294.52
CN7,16G,1,16,1,734,889,1303,1991,1328,1514,1454.55,1526,2933.58,2903.38,3000.35,2884.15,293.59,294.17,295.31,293.57
CN7,16G,1,16,2,725,906,1156,1958,1308,1506,1463.23,1535,2898.01,2920.38,2966.7,2914.87,294.51,293.62,293.47,294.84
CN7,16G,1,16,3,766,979,1401,1991,1243,1558,1446.59,1518,2900.15,2939.52,2953.99,2945.73,293.55,295.34,293.73,294.55
CN7,16G,1,16,4,734,848,1254,2442,1382,1540,1477.27,1549,2906.72,2952.45,2940.78,2898.09,293.92,293.95,293.93,293.76
CN7,16G,1,16,5,734,906,1205,2474,1222,1490,1451.73,1522,2931.8,2933.46,2984.21,2872.87,294.04,294.75,294.91,293.25
CN7,16G,2,1,1,799,898,1254,1778,1240,1492,1389.11,2898,10200.41,9824.16,8.53,8.48,1099.61,1099.29,0.94,0.94
CN7,16G,2,1,2,791,873,1156,1680,1260,1478,1391.28,2899,8.62,8.57,10020.6,10344.55,0.95,0.95,1100.18,1101.19
CN7,16G,2,1,3,791,889,1352,1909,1308,1484,1394.43,2906,9954.82,9629.3,8.53,8.49,1096.26,1098.7,0.94,0.94
CN7,16G,2,1,4,783,889,1254,2245,1278,1518,1416.29,2950,9.02,8.97,10726.5,10704.74,1.02,1.02,1179.39,1177.93
CN7,16G,2,1,5,840,914,1156,1401,1256,1410,1334.46,2758,10486.09,10515.17,8.34,8.29,1101.67,1103.87,0.95,0.94
CN7,16G,2,4,1,816,906,1090,1893,1302,1474,1386.91,2904,5555.69,5471.84,5594.54,5564.09,553.06,550.94,549.98,549.81
CN7,16G,2,4,2,832,930,1090,2835,1250,1462,1356.62,2842,5532.3,5426.78,5693.81,5500.23,548.84,548.67,551.72,548.79
CN7,16G,2,4,3,807,898,1074,1975,1272,1462,1395.78,2927,5522.5,5571.18,5571.68,5599.63,549.52,552.14,551.64,551.02
CN7,16G,2,4,4,824,914,1106,1745,1310,1486,1382.30,2890,5545.37,5481.38,5560.95,5529.9,550.28,551.12,551.31,548.86
CN7,16G,2,4,5,824,914,1074,1926,1264,1432,1382.96,2901,5486.07,5460.48,5550.24,5572.73,547.73,550.82,549.3,549.29
CN7,16G,2,16,1,824,947,1287,1844,1304,1446,1378.02,2850,5628.64,5570.79,5763.95,5705.77,551.24,554.1,553.39,550.31
CN7,16G,2,16,2,840,938,1221,1811,1274,1422,1351.23,2831,5716.31,5652.06,5752.82,5659.31,550.85,552.98,551.75,550.85
CN7,16G,2,16,3,840,922,1401,2073,1274,1426,1357.42,2842,5693.25,5592.19,5681.83,5616.64,551.58,554.7,552.01,551.1
CN7,16G,2,16,4,799,889,1303,2245,1280,1460,1400.59,2930,5742.45,5652.66,5743.96,5707.51,550.01,554.09,551.87,553.01
CN7,16G,2,16,5,824,922,1205,3359,1316,1462,1376.37,2888,5734.25,5555.33,5786.23,5599.78,552.69,550.35,551.71,551.66
CN7,16G,4,1,1,1037,1876,3556,13960,1500,1263.50,4939,,7976.87,8082.18,7449.8,8023.69,966.73,966.97,910.83,966.83
CN7,16G,4,1,2,824,963,2147,8848,1054,1512,1402.37,5803,8437.73,8366.87,9123.57,9017.66,1027.21,1023.74,1097.01,1095.16
CN7,16G,4,1,3,799,873,1237,10421,1274,1516,1415.09,5851,8998.8,9003.68,9018.11,8943.2,1095.56,1096.32,1094.75,1094.78
CN7,16G,4,1,4,799,889,2147,6521,1256,1482,1398.17,5811,9110.54,9177.48,9095.11,9140.67,1096.43,1097.06,1095.84,1096.48
CN7,16G,4,1,5,807,1037,2933,7701,1000,1514,1400.73,5785,8074.87,9076.95,9077.25,8715.27,985.47,1097.09,1095.58,1063.56
CN7,16G,4,4,1,1074,1385,5473,17695,692,1408,1238.50,4943,8064.54,8038.43,7895.64,7896.66,965.22,968.14,965.14,965.48
CN7,16G,4,4,2,1074,1401,6783,15401,839,1404,1237.92,4871,8066.43,7980.73,7897.05,7954.72,965.69,965.96,965.67,964.3
CN7,16G,4,4,3,1074,1369,2769,3785,1030,1440,1299.41,5301,9267.33,9478.41,9248.44,9550.52,1029.33,1032.01,1030.73,1033.0
CN7,16G,4,4,4,1057,1319,1745,2409,1002,1416,1282.65,5222,9514.27,9447.48,9587.25,9634.65,1032.24,1030.52,1031.89,1034.12
CN7,16G,4,4,5,1045,1369,5800,14353,828,1424,1281.35,5119,8595.4,8306.1,8434.76,8654.15,1027.25,1012.42,1024.66,1027.8
CN7,16G,4,16,1,1057,1385,4555,7898,1004,1438,1290.48,5253,8829.47,8772.98,8979.83,8991.22,1027.03,1030.26,1030.15,1032.33
CN7,16G,4,16,2,1090,1418,2999,4686,982,1434,1285.02,5241,9692.98,9349.3,9769.14,9603.47,1034.32,1036.56,1038.34,1037.29
CN7,16G,4,16,3,1090,1467,5604,12518,1030,1450,1280.34,5332,8603.42,8649.31,8323.59,8653.1,1028.55,1029.42,1000.16,1028.87
CN7,16G,4,16,4,1090,1401,3884,8225,882,1422,1262.20,5023,8516.63,8474.76,8369.85,8821.93,971.25,970.18,967.99,972.97
CN7,16G,4,16,5,1057,1352,2409,3884,1020,1400,1268.92,5209,9784.43,9589.19,9670.84,9963.05,1038.44,1039.0,1038.21,1035.54
CN7,16G,8,1,1,3720,5145,21103,147850,1344,673.94,5340,,9465.93,9503.62,9462.12,9699.51,1134.39,1134.62,1133.2,1137.53
CN7,16G,8,1,2,4178,5604,8979,438305,1298,633.36,5067,,8759.37,8953.81,8936.26,8987.33,1065.21,1095.21,1076.21,1095.44
CN7,16G,8,1,3,4015,5407,8225,56886,206,1366,648.19,5199,8729.42,9402.35,9231.79,9291.37,1063.49,1133.46,1129.61,1132.11
CN7,16G,8,1,4,3851,5276,9503,23725,102,1370,688.65,5534,9479.9,9436.45,9630.54,9632.87,1162.59,1147.63,1172.87,1173.65
CN7,16G,8,1,5,4015,5407,8717,25297,390,1350,664.90,5332,9087.08,9287.68,9277.21,9319.53,1108.28,1132.62,1132.95,1132.4
CN7,16G,8,4,1,4948,7242,11994,17433,518,1276,675.64,5604,10038.24,9834.25,10050.9,9688.43,1217.55,1198.71,1215.58,1182.68
CN7,16G,8,4,2,5211,7439,11076,16319,494,1290,647.94,5366,9740.74,9533.82,9494.55,9599.95,1168.66,1159.0,1147.68,1161.77
CN7,16G,8,4,3,4948,7242,12780,18744,546,1282,678.86,5644,9899.51,9870.04,9885.76,9812.85,1204.6,1205.8,1195.26,1197.77
CN7,16G,8,4,4,4817,7177,30016,60031,496,1190,676.08,5606,10144.89,10368.93,10309.51,10465.93,1198.55,1220.29,1197.28,1221.08
CN7,16G,8,4,5,4948,7242,10552,14091,544,1312,676.13,5610,9973.12,10087.2,9934.59,10176.71,1207.68,1211.2,1207.36,1219.19
CN7,16G,8,16,1,4621,6980,11600,14877,576,1280,696.28,5799,10130.01,10131.94,10098.93,10221.05,1218.37,1218.01,1217.78,1219.82
CN7,16G,8,16,2,5211,7504,17957,56361,530,1170,651.06,5439,10156.84,9902.95,10452.65,10107.91,1176.12,1149.69,1180.62,1176.69
CN7,16G,8,16,3,4883,7111,11076,15401,574,1280,682.33,5678,10131.17,9966.77,10171.08,10420.54,1218.58,1206.25,1219.42,1222.04
CN7,16G,8,16,4,4883,7046,10683,14484,574,1264,682.53,5681,10201.69,10117.74,10129.98,10086.95,1218.04,1217.5,1218.0,1211.08
CN7,16G,8,16,5,5538,7570,11207,24511,500,1240,628.70,5258,9951.27,8929.48,9459.67,9608.51,1139.1,1084.08,1134.21,1136.24
CN7,16G,16,1,1,6915,8291,14484,25297,256,968,316.19,5277,9831.76,9847.24,9557.78,10056.29,1194.87,1195.18,1167.1,1193.75
CN7,16G,16,1,2,6456,7832,12649,19006,272,906,334.54,5557,10645.42,10393.79,10305.49,10526.23,1266.24,1264.2,1252.31,1254.92
CN7,16G,16,1,3,6194,7570,11207,14484,284,986,346.24,5731,10920.25,10646.13,10724.55,10814.52,1291.63,1289.63,1290.55,1290.56
CN7,16G,16,1,4,6718,8029,14615,24511,270,968,324.25,5381,10156.02,10023.06,9893.4,10043.59,1218.5,1217.7,1203.35,1217.19
CN7,16G,16,1,5,542,718,384,110.23,1830,,,,14263.29,5.69,3.05,3.38,1722.84,0.13,0.12,0.12
CN7,16G,16,4,1,13173,16057,20055,28181,248,732,303.87,5097,9767.14,9634.16,9887.36,9981.56,1151.42,1155.03,1156.97,1158.21
CN7,16G,16,4,2,12518,15270,18482,21365,263,862,312.46,5238,10275.07,9832.67,10210.03,10411.57,1196.92,1177.41,1194.29,1199.74
CN7,16G,16,4,3,13173,16057,21627,28705,254,960,297.00,4976,9704.75,9556.91,9363.2,9950.93,1137.1,1136.06,1127.53,1138.81
CN7,16G,16,4,4,11600,14222,17171,20055,280,940,330.84,5542,10970.98,10796.68,10643.33,10837.6,1247.84,1245.75,1244.94,1245.71
CN7,16G,16,4,5,11731,14615,17695,20579,262,936,326.11,5458,10677.72,10625.88,10890.55,10700.61,1245.04,1244.0,1246.91,1244.47
CN7,16G,16,16,1,11994,14746,17433,19530,240,1182,322.93,5282,10840.34,10331.94,10737.55,10937.28,1189.56,1202.45,1205.25,1225.25
CN7,16G,16,16,2,11863,14615,17433,20055,272,828,323.50,5421,10931.02,10605.18,11076.91,10890.52,1229.01,1226.31,1229.47,1227.92
CN7,16G,16,16,3,11863,14746,17957,20841,280,884,327.45,5484,10954.03,10875.3,10953.91,10962.11,1249.1,1250.22,1250.75,1249.76
CN7,16G,16,16,4,11338,14091,16909,19792,287,862,331.24,5540,11084.05,11057.37,11195.17,11258.95,1252.78,1254.26,1252.16,1254.58
CN7,16G,16,16,5,11731,14353,17433,20317,286,838,330.26,5531,11079.22,10992.07,11011.5,10858.6,1252.27,1250.52,1251.72,1248.69
CN7,32G,1,1,1,734,889,1467,2147,1226,1490,1445.40,1516,18.31,5.12,5.1,11349.52,0.61,0.58,0.58,1269.76
CN7,32G,1,1,2,734,848,1762,3261,1338,1500,1451.47,1522,11524.04,5.33,5.31,5.41,1318.43,0.61,0.6,0.6
CN7,32G,1,1,3,734,930,1647,2704,1312,1542,1459.91,1531,5.53,11422.05,9.95,11.89,0.61,1319.2,0.61,0.61
CN7,32G,1,1,4,725,799,2311,3949,1228,1492,1455.80,1526,16.45,16.61,11286.75,11.49,0.76,0.76,1317.8,0.61
CN7,32G,1,1,5,725,824,1647,3195,1290,1516,1460.41,1531,5.53,5.45,5.43,11594.13,0.61,0.61,0.6,1319.82
CN7,32G,1,4,1,725,799,1057,1893,1320,1520,1460.89,1533,3321.97,3354.97,3368.95,3375.09,329.39,331.64,331.56,330.29
CN7,32G,1,4,2,742,832,1090,1844,1282,1490,1444.87,1515,3258.13,3209.4,3286.34,3263.36,319.31,319.77,320.66,319.16
CN7,32G,1,4,3,734,898,1106,1909,1312,1536,1460.23,1532,3351.29,3332.06,3409.92,3378.9,331.1,332.0,334.09,331.38
CN7,32G,1,4,4,734,832,1106,1795,1244,1524,1464.43,1536,3328.06,3285.54,3402.2,3420.86,329.44,330.62,333.71,330.92
CN7,32G,1,4,5,734,848,1106,1762,1296,1498,1455.27,1526,3316.38,3312.26,3395.28,3365.98,331.36,331.56,333.74,332.33
CN7,32G,1,16,1,725,807,1106,1778,1282,1536,1464.18,1536,3434.58,3315.62,3463.64,3408.18,333.08,331.88,335.81,332.45
CN7,32G,1,16,2,734,857,1106,1860,1202,1522,1452.69,1523,3391.3,3336.7,3444.52,3379.3,331.97,333.57,333.98,332.92
CN7,32G,1,16,3,734,807,1106,1876,1360,1550,1465.27,1537,3362.98,3333.14,3449.93,3443.83,331.15,332.94,333.58,332.54
CN7,32G,1,16,4,734,848,1123,1860,1238,1552,1482.20,1554,3367.42,3356.15,3491.61,3387.07,332.36,332.42,334.36,332.02
CN7,32G,1,16,5,734,906,1123,1860,1218,1556,1459.41,1531,3366.15,3348.31,3418.97,3429.39,330.98,331.65,333.35,331.46
CN7,32G,2,1,1,807,889,1500,2008,1272,1497,1384.89,2890,5.36,5.29,11196.2,11109.88,0.57,0.56,1224.0,1223.92
CN7,32G,2,1,2,807,889,1303,1975,1270,1466,1381.17,2896,11193.17,11257.03,14.9,5.26,1224.48,1224.89,0.71,0.56
CN7,32G,2,1,3,857,938,1205,1844,1168,1516,1337.83,2749,14.14,12.96,10915.55,11504.57,0.68,0.68,1183.06,1184.65
CN7,32G,2,1,4,848,930,1188,1942,1198,1448,1341.69,2810,11379.36,11375.59,5.17,5.26,1223.74,1227.66,0.56,0.56
CN7,32G,2,1,5,807,889,1434,3163,1252,1498,1391.10,2910,5.58,5.5,11314.68,11683.39,0.59,0.59,1269.8,1272.32
CN7,32G,2,4,1,1029,1369,1565,1827,796,1462,1322.74,2704,6055.11,5951.0,6114.28,6089.12,592.8,593.13,594.06,592.34
CN7,32G,2,4,2,1123,1450,1663,1795,804,1458,1305.64,2688,6066.61,5964.54,6152.17,6071.26,592.01,592.19,594.79,592.55
CN7,32G,2,4,3,1156,1467,1680,1827,846,1451,1289.95,2685,5996.97,5990.79,6046.07,6087.34,592.25,593.23,592.78,592.8
CN7,32G,2,4,4,1123,1434,1631,1827,822,1448,1296.42,2718,5993.9,5959.15,6118.68,6118.91,591.58,591.56,593.8,593.07
CN7,32G,2,4,5,1139,1450,1745,2008,752,1404,1258.58,2630,5824.12,5764.15,5850.59,5901.26,570.28,572.67,572.06,571.72
CN7,32G,2,16,1,1123,1385,1598,1827,828,1452,1295.23,2696,6129.55,5999.52,6218.66,6196.46,593.1,594.33,596.74,593.89
CN7,32G,2,16,2,1139,1450,1647,1926,804,1493,1286.90,2659,5996.6,5747.43,6147.7,6038.54,574.24,573.19,580.54,574.72
CN7,32G,2,16,3,1139,1418,1614,2040,832,1428,1272.49,2666,5964.33,5787.78,6059.43,6050.72,573.56,573.06,576.41,575.26
CN7,32G,2,16,4,1106,1401,1631,1811,790,1444,1295.28,2687,6198.45,6060.74,6247.23,6197.28,594.13,595.72,596.17,595.52
CN7,32G,2,16,5,1139,1467,1680,1926,810,1470,1288.91,2695,6297.63,6026.42,6361.66,6268.68,595.71,595.25,598.15,596.13
CN7,32G,4,1,1,906,1467,4686,17695,180,1500,1277.51,4952,8790.58,8649.54,8745.99,8736.87,1060.96,1059.04,1060.19,1060.43
CN7,32G,4,1,2,996,2057,5080,15926,118,1474,1235.72,4874,8666.87,8658.77,8556.31,8742.2,1059.46,1059.16,1041.66,1060.53
CN7,32G,4,1,3,930,1483,3392,29492,106,1512,1245.79,5049,8699.34,8928.07,8776.96,9014.85,1065.13,1088.28,1070.9,1094.62
CN7,32G,4,1,4,840,1074,4424,20317,311,1502,1333.75,5461,9390.59,9637.87,9597.02,9485.13,1150.49,1172.56,1170.57,1156.42
CN7,32G,4,1,5,988,1663,4293,20317,1564,1255.23,4870,,8656.37,8616.08,8734.23,8653.6,1058.72,1057.25,1059.77,1059.26
CN7,32G,4,4,1,1123,1369,2114,2868,1024,1424,1242.82,5188,10994.29,10549.68,10792.83,10855.79,1144.63,1140.38,1140.54,1143.1
CN7,32G,4,4,2,1172,1565,7504,22414,928,1386,1175.32,4824,8740.86,8721.83,8563.4,9259.03,1059.9,1060.26,1052.63,1063.87
CN7,32G,4,4,3,1074,1319,2114,3032,968,1434,1249.25,5198,10985.58,10627.2,10981.47,10911.24,1140.93,1142.66,1142.76,1142.85
CN7,32G,4,4,4,1123,1385,8029,17695,942,1384,1202.60,4930,9163.23,8683.77,8742.73,8684.49,1062.08,1057.89,1059.42,1059.11
CN7,32G,4,4,5,1123,1385,2245,3097,946,1444,1237.53,5099,10391.84,10202.17,10408.5,10482.35,1103.75,1103.7,1105.5,1104.34
CN7,32G,4,16,1,1090,1352,9110,16581,1016,1474,1255.03,5174,9408.56,9322.01,9302.48,9418.16,1133.16,1131.91,1132.64,1134.32
CN7,32G,4,16,2,1123,1434,5997,10290,894,1450,1239.51,5016,9133.85,9134.05,9555.94,9631.22,1094.73,1096.47,1099.36,1098.57
CN7,32G,4,16,3,1106,1401,2802,3884,994,1424,1252.74,5166,10764.14,10426.28,10716.29,10814.27,1143.87,1143.15,1144.93,1144.92
CN7,32G,4,16,4,1139,1450,4015,5800,1008,1438,1227.24,5083,10157.42,9931.16,10086.18,9997.8,1102.69,1104.04,1103.91,1103.12
CN7,32G,4,16,5,1156,1483,6783,11600,956,1404,1211.46,5059,9650.4,9266.8,9435.59,9376.74,1100.59,1097.11,1098.02,1097.2
CN7,32G,8,1,1,3982,5342,10421,179307,1366,638.14,5206,,9645.38,9490.3,9593.37,9601.86,1173.23,1157.9,1171.91,1172.79
CN7,32G,8,1,2,4080,5538,10421,450888,1334,625.64,5056,,9301.22,9175.86,9459.42,9434.85,1133.47,1118.65,1152.64,1151.89
CN7,32G,8,1,3,3884,5342,9765,304088,1416,631.70,4966,,9326.24,9328.06,9051.37,9240.0,1132.74,1133.33,1108.93,1132.03
CN7,32G,8,1,4,4113,5669,10945,371196,1354,616.72,4981,,9097.07,9273.79,9235.46,9123.28,1111.45,1132.69,1132.13,1101.73
CN7,32G,8,1,5,4080,5473,9372,270533,1350,625.19,4923,,9095.82,9123.61,9170.96,9122.77,1112.98,1113.09,1113.9,1113.16
CN7,32G,8,4,1,5735,7832,15008,26608,463,1318,604.49,5028,9326.27,9473.69,9700.07,9271.36,1136.96,1136.13,1145.27,1127.38
CN7,32G,8,4,2,5473,7701,13173,18482,488,1256,626.28,5235,9876.23,9850.67,9946.86,9881.87,1183.57,1195.07,1196.47,1194.77
CN7,32G,8,4,3,5538,7701,12518,18744,512,1230,620.53,5156,9774.04,9656.7,9706.53,9783.82,1174.42,1174.1,1172.67,1175.46
CN7,32G,8,4,4,5145,7439,12387,19006,502,1266,650.71,5407,10045.52,10165.63,9987.93,10075.55,1217.36,1218.76,1216.6,1217.74
CN7,32G,8,4,5,5211,7373,11076,19268,502,1242,643.68,5333,10350.03,10242.64,10042.6,10087.42,1220.39,1219.1,1217.69,1218.02
CN7,32G,8,16,1,5407,7635,12125,18482,514,1286,630.23,5267,9973.06,9901.25,9958.72,9974.58,1192.65,1196.01,1195.79,1196.44
CN7,32G,8,16,2,5014,7308,11994,17171,546,1288,658.27,5479,10504.45,10346.11,10433.86,10264.12,1243.57,1242.19,1243.33,1240.99
CN7,32G,8,16,3,5211,7439,13304,19792,526,1280,644.93,5352,10245.06,10059.34,10086.43,9909.19,1219.55,1217.93,1217.24,1200.18
CN7,32G,8,16,4,5080,7373,15664,73925,406,1202,651.87,5411,10287.99,10218.07,10310.8,10398.21,1219.13,1218.67,1219.73,1218.74
CN7,32G,8,16,5,4883,7177,11207,15139,540,1284,670.94,5613,10572.28,10580.93,10578.04,10507.71,1265.87,1267.05,1265.97,1265.51
CN7,32G,16,1,1,6783,8160,16319,31589,178,912,313.87,5204,9849.9,9971.65,10051.15,9947.31,1200.3,1206.27,1206.62,1205.85
CN7,32G,16,1,2,5538,6718,400557,566232,1516,208.43,3412,,13088.1,2.31,11572.96,1699.72,1583.86,0.1,1418.69,203.42
CN7,32G,16,1,3,5538,7832,446694,583009,1478,220.49,3271,,7.71,9509.22,3175.14,12557.98,0.11,1165.55,388.61,1518.63
CN7,32G,16,1,4,8356,15270,513803,725615,1438,186.35,2530,,3299.01,13029.68,3296.25,8.15,402.95,1574.71,402.88,0.11
CN7,32G,16,1,5,6521,7898,14091,22676,280,952,328.16,5467,10590.62,10623.27,10440.54,10582.18,1277.53,1277.76,1263.38,1277.02
CN7,32G,16,4,1,11600,14353,17171,20055,281,964,330.36,5531,11238.55,11256.73,11302.78,11408.17,1295.83,1295.99,1295.06,1296.56
CN7,32G,16,4,2,12256,15008,18220,21890,248,926,319.82,5357,10789.2,10545.33,10703.27,10646.26,1246.29,1244.19,1245.31,1244.66
CN7,32G,16,4,3,12256,15008,17957,21103,264,908,314.43,5274,10487.1,10515.5,10751.65,10495.73,1232.43,1232.82,1235.01,1229.2
CN7,32G,16,4,4,12387,15139,18482,22414,256,942,314.96,5278,10757.69,10456.06,10602.24,10870.77,1234.52,1232.6,1233.79,1235.4
CN7,32G,16,4,5,12911,15664,19268,24773,256,958,302.70,5075,10217.57,9866.34,9898.38,10373.9,1188.31,1185.9,1174.22,1189.89
CN7,32G,16,16,1,12125,14877,18220,22152,232,1219,318.99,5216,10685.56,10611.89,10789.7,10785.96,1224.48,1225.1,1243.53,1209.56
CN7,32G,16,16,2,12387,15270,19006,23462,262,882,314.82,5271,10799.28,10568.61,10664.2,10827.3,1236.96,1234.85,1234.55,1237.82
CN7,32G,16,16,3,11731,14484,17433,19792,280,964,325.74,5457,11370.08,11232.29,11356.85,11555.28,1276.53,1276.54,1275.84,1277.67
CN7,32G,16,16,4,11600,14353,17695,21103,280,796,324.65,5437,11246.79,10965.88,11250.7,11256.24,1274.29,1272.63,1274.59,1274.19
CN7,32G,16,16,5,11863,14746,17695,20317,240,868,316.85,5308,11279.75,10983.91,11227.39,11429.45,1252.08,1251.5,1251.02,1254.33
