1007-1328
CN7,4G,1,1,1,873,1045,1254,3982,1326,1476,1408.80,1487,24.83,5955.07,24.48,24.36,2.81,688.0,2.78,2.77
CN7,4G,1,1,2,881,1090,1336,4424,1231,1490,1402.60,1480,24.83,24.57,5857.31,24.36,2.81,2.8,680.57,2.77
CN7,4G,1,1,3,938,1106,1254,3163,1145,1462,1367.40,1449,24.83,24.57,24.48,5984.03,2.81,2.8,2.78,688.21
CN7,4G,1,1,4,848,1074,1156,4555,1358,1466,1415.20,1487,5903.16,24.57,24.48,24.36,687.51,2.8,2.78,2.77
CN7,4G,1,1,5,824,1020,1188,1811,1390,1498,1437.60,1525,29.8,7181.08,29.38,29.23,3.37,826.04,3.34,3.33
CN7,4G,1,4,1,922,1090,1287,2114,1316,1478,1397.40,1462,1479.16,1487.74,1459.81,1464.69,164.23,164.98,164.05,163.81
CN7,4G,1,4,2,824,1020,1205,1991,1318,1437,1403.00,1479,1777.0,1802.69,1754.78,1785.03,197.54,197.82,197.7,197.47
CN7,4G,1,4,3,775,988,1221,1926,1300,1486,1438.60,1506,1823.0,1798.89,1762.78,1832.63,198.86,197.47,197.76,198.99
CN7,4G,1,4,4,865,1057,1926,3195,1290,1478,1404.40,1478,1885.8,1779.69,1765.98,1793.03,200.99,196.61,197.21,196.96
CN7,4G,1,4,5,930,1090,1369,3523,1288,1476,1372.20,1451,1504.83,1486.58,1487.98,1514.53,164.8,164.14,164.17,165.29
CN7,4G,1,16,1,865,1090,1745,1876,1321,1484,1410.60,1484,1582.83,1573.41,1549.15,1608.53,172.95,173.4,173.06,173.93
CN7,4G,1,16,2,799,1004,1811,3294,1332,1500,1421.20,1492,1597.67,1562.58,1561.15,1629.53,173.38,172.38,173.43,175.08
CN7,4G,1,16,3,824,1057,1795,1926,1298,1478,1409.20,1487,1927.4,1890.09,1918.38,1947.24,206.25,206.86,206.98,207.43
CN7,4G,1,16,4,816,1045,1762,1942,1382,1522,1432.80,1518,1943.6,1898.09,1847.58,1907.84,209.24,207.23,207.54,207.57
CN7,4G,1,16,5,906,1106,1762,1942,1218,1472,1394.00,1471,1582.5,1572.41,1551.15,1644.53,172.93,173.27,173.52,176.35
CN7,4G,2,1,1,840,996,1139,1958,1266,1396,1348.91,2817,5974.5,6127.58,24.48,24.37,687.34,686.65,2.79,2.77
CN7,4G,2,1,2,824,1012,1205,1942,1322,1412,1369.45,2848,24.84,24.58,5854.15,5989.53,2.81,2.81,687.27,691.68
CN7,4G,2,1,3,824,1004,1352,1926,1244,1478,1382.91,2857,6006.51,5871.41,24.99,24.87,685.2,687.34,2.79,2.77
CN7,4G,2,1,4,824,996,1237,2024,1260,1392,1355.20,2872,24.84,24.58,5898.99,6004.7,2.81,2.81,681.62,688.91
CN7,4G,2,1,5,832,1012,1221,1893,1238,1366,1332.67,2784,6140.68,6144.59,24.49,24.37,691.06,690.38,2.79,2.78
CN7,4G,2,4,1,832,988,1172,4686,1334,1444,1386.60,2882,3100.84,3090.09,3151.99,3075.7,343.22,341.53,342.64,343.16
CN7,4G,2,4,2,832,988,1221,1958,1270,1418,1373.20,2899,3155.35,3102.75,3073.33,3113.71,346.58,341.52,341.74,343.02
CN7,4G,2,4,3,914,1057,1696,1942,1216,1326,1275.42,2673,3143.35,3166.92,3150.49,3075.04,343.48,344.73,344.42,341.88
CN7,4G,2,4,4,848,1020,1631,2212,1252,1430,1362.91,2840,3174.18,3172.42,3052.83,3120.71,346.93,345.57,342.75,343.08
CN7,4G,2,4,5,832,1012,1369,2573,1234,1416,1367.09,2858,3073.02,3066.59,3106.16,3081.54,341.91,340.91,346.09,342.09
CN7,4G,2,16,1,848,1106,1827,3195,1217,1412,1355.27,2833,3117.18,3174.93,3120.5,3166.88,342.75,344.3,342.96,347.34
CN7,4G,2,16,2,832,1045,1827,3654,1288,1412,1363.18,2856,3103.69,3094.1,3169.33,3107.21,341.1,340.94,344.62,341.46
CN7,4G,2,16,3,832,1012,1827,2114,1232,1422,1368.60,2871,3160.36,3146.26,3104.17,3133.38,343.68,343.08,342.13,343.64
CN7,4G,2,16,4,816,996,1663,2507,1332,1510,1437.60,2922,3131.86,3169.6,3093.84,3094.22,342.52,345.24,341.89,340.78
CN7,4G,2,16,5,873,1057,1827,2442,1202,1414,1334.00,2788,3120.36,3144.77,3093.67,3162.55,343.6,344.46,342.43,344.3
CN7,4G,4,1,1,816,1057,1647,2507,1278,1472,1410.90,5794,5909.53,5900.44,5811.01,5788.55,687.34,687.52,687.54,680.55
CN7,4G,4,1,2,799,1004,1254,1876,1292,1492,1444.35,5932,6200.86,6107.61,6104.51,5957.22,688.89,680.38,688.78,677.35
CN7,4G,4,1,3,807,996,1188,1909,1298,1504,1425.40,5930,6122.7,6276.11,6304.68,6172.72,681.89,689.46,686.98,683.55
CN7,4G,4,1,4,824,1012,1860,4080,1296,1472,1417.60,5732,6259.2,6297.11,6499.85,6394.73,680.56,681.4,690.73,687.93
CN7,4G,4,1,5,799,988,1156,1893,1322,1502,1438.70,5963,6178.38,6315.09,6208.32,6184.0,679.78,687.89,685.22,680.74
CN7,4G,4,4,1,963,1172,1631,3949,1196,1426,1332.08,5408,6192.21,6374.28,6244.19,6286.73,682.05,689.64,685.97,691.7
CN7,4G,4,4,2,930,1123,1893,2999,1292,1391,1348.50,5627,5879.54,5964.79,5981.52,6031.74,688.75,679.23,688.71,690.72
CN7,4G,4,4,3,996,1188,1614,6718,1178,1404,1289.33,5066,6269.09,6389.26,6276.01,6218.48,681.4,685.24,684.14,686.14
CN7,4G,4,4,4,963,1139,1680,3884,1224,1374,1320.67,5265,6449.05,6419.13,6340.69,6386.08,690.0,686.21,683.16,683.91
CN7,4G,4,4,5,996,1172,1598,4621,1192,1374,1287.92,5306,6435.39,6487.3,6485.37,6431.25,686.61,688.11,686.34,688.7
CN7,4G,4,16,1,1020,1319,2704,5735,1180,1372,1277.21,5296,6367.06,6369.47,6491.53,6497.58,683.7,684.68,685.02,684.88
CN7,4G,4,16,2,1020,1319,2868,3916,1179,1376,1300.42,5209,6584.56,6418.97,6632.87,6565.25,692.23,689.89,689.71,690.3
CN7,4G,4,16,3,1045,1369,2769,4817,1132,1368,1276.58,5184,6535.39,6377.95,6391.44,6387.91,692.56,679.79,687.27,679.52
CN7,4G,4,16,4,1045,1385,2442,5014,1109,1360,1266.54,5153,6472.9,6455.14,6500.71,6522.93,684.68,690.6,684.76,692.53
CN7,4G,4,16,5,1057,1369,2180,3687,1170,1342,1247.58,5145,6471.48,6569.74,6457.0,6653.85,681.15,691.02,682.53,692.14
CN7,4G,8,1,1,5145,7177,9503,11207,490,1306,608.56,5064,8450.49,8468.76,8506.59,8415.18,889.63,889.04,889.85,890.82
CN7,4G,8,1,2,4686,6587,8586,10552,520,1338,648.17,5393,8656.94,8714.1,8693.26,8675.29,920.5,918.54,917.44,915.84
CN7,4G,8,1,3,5211,7504,10290,17171,462,1402,610.99,5067,8496.17,8520.11,8507.82,8437.63,900.2,894.31,896.23,892.84
CN7,4G,8,1,4,4359,6456,8717,10421,512,1336,666.69,5511,8655.06,8775.78,8754.6,8648.52,922.16,921.02,917.64,917.37
CN7,4G,8,1,5,4424,6652,10421,14746,474,1354,678.64,5548,8525.36,8655.69,8481.98,8701.1,922.5,920.3,913.64,921.19
CN7,4G,8,4,1,6587,9241,11994,15401,456,1220,590.87,4898,7932.86,7966.91,8151.95,8012.28,835.0,835.32,830.4,832.9
CN7,4G,8,4,2,5932,8586,11600,15270,504,1220,653.54,5438,8564.96,8841.01,8768.73,8682.42,921.89,926.93,923.46,925.89
CN7,4G,8,4,3,5276,8291,12911,26084,544,1222,701.77,5807,8538.65,8742.34,8900.53,8739.15,928.96,924.16,927.9,918.26
CN7,4G,8,4,4,6063,8848,12256,15401,460,1222,605.26,4994,7864.97,8125.62,8113.36,8166.99,836.76,834.91,837.13,833.22
CN7,4G,8,4,5,6652,9634,13435,15401,448,1248,579.86,4797,7914.58,8196.02,8167.06,8074.89,835.6,838.15,833.06,831.41
CN7,4G,8,16,1,6783,9634,13042,15533,436,1194,591.78,4865,8041.18,8361.63,8290.77,8434.8,836.14,810.14,862.63,829.34
CN7,4G,8,16,2,6325,9372,12911,16712,431,1176,594.02,4932,8092.73,8488.31,8035.23,8618.92,835.76,830.62,833.53,832.4
CN7,4G,8,16,3,6980,10290,14353,17171,454,1174,575.28,4799,8153.63,8515.09,8061.5,8748.4,838.34,832.9,835.09,837.54
CN7,4G,8,16,4,6915,10028,15008,19792,458,1186,569.59,4743,8106.41,8311.3,7973.77,8736.16,839.95,836.24,833.57,837.65
CN7,4G,8,16,5,6718,9503,14091,22938,456,1198,586.91,4856,8004.75,8636.1,8215.46,8379.11,835.67,835.35,844.97,831.4
CN7,4G,16,1,1,7701,9765,12780,16319,242,984,308.43,5123,9490.31,10058.47,9516.56,10007.2,1040.31,1040.62,1042.75,1042.51
CN7,4G,16,1,2,8586,10552,13042,15270,226,828,278.15,4643,8770.39,9111.25,8652.61,9094.57,927.76,927.2,926.01,924.83
CN7,4G,16,1,3,8029,10028,12518,15664,226,962,298.07,4967,9146.77,9513.8,9202.06,9172.84,981.65,980.84,986.36,979.86
CN7,4G,16,1,4,8225,10290,13304,16909,242,920,290.28,4824,9222.9,9660.67,9239.97,9175.82,981.49,981.19,983.15,980.16
CN7,4G,16,1,5,7570,9372,12387,14353,250,996,309.21,5154,9616.89,10202.17,9641.76,9677.53,1040.38,1041.58,1038.03,1042.98
CN7,4G,16,4,1,12780,16581,21365,25035,255,1026,314.41,5232,9776.1,9860.39,9783.78,9742.58,1050.11,1050.24,1049.17,1047.79
CN7,4G,16,4,2,13304,17433,22152,25035,232,872,278.84,4666,8879.41,8990.66,8825.19,8846.7,933.05,936.33,932.95,932.34
CN7,4G,16,4,3,13173,16909,20579,23987,234,914,289.20,4828,9385.38,9405.36,9368.38,9437.69,989.49,988.03,987.94,988.9
CN7,4G,16,4,4,13304,17171,20579,23987,232,880,282.95,4722,9405.04,9378.3,9464.26,9437.75,991.79,991.55,988.26,987.51
CN7,4G,16,4,5,13829,17957,21627,26084,230,886,283.04,4720,9275.31,9471.41,9340.93,9377.69,983.03,988.5,989.23,985.11
CN7,4G,16,16,1,15664,20055,24511,26870,216,874,259.90,4350,8594.62,8711.17,8585.88,8706.1,883.31,886.11,880.34,886.23
CN7,4G,16,16,2,13960,18220,22938,26608,216,862,263.03,4397,9004.94,9114.04,9106.48,9060.31,922.44,923.75,924.08,923.61
CN7,4G,16,16,3,14877,19006,24249,31327,224,844,268.96,4504,9004.13,8971.43,8941.53,9081.13,929.55,928.75,927.4,929.08
CN7,4G,16,16,4,14746,19006,23200,25822,216,880,264.95,4422,9079.74,9002.15,9059.85,9101.59,927.98,928.27,926.86,929.67
CN7,4G,16,16,5,15008,19268,22938,25822,224,810,259.89,4349,8691.06,8638.35,8757.63,8677.65,880.45,882.4,881.55,880.21
CN7,8G,1,1,1,783,1045,1598,2442,1408,1494,1449.64,1520,33.52,8981.33,34.63,42.8,2.19,1036.21,2.17,2.61
CN7,8G,1,1,2,807,1057,1549,2704,1220,1496,1437.82,1508,16.8,16.64,7819.34,16.49,1.9,1.9,914.61,1.87
CN7,8G,1,1,3,766,1029,1811,3458,1312,1488,1440.55,1509,16.8,16.63,16.57,7773.26,1.9,1.9,1.88,917.05
CN7,8G,1,1,4,758,996,1401,2573,1302,1494,1449.91,1521,8967.15,18.71,18.64,18.55,1036.27,2.13,2.12,2.11
CN7,8G,1,1,5,816,1057,1516,2704,1316,1478,1423.45,1495,16.8,7825.97,16.57,16.49,1.9,917.46,1.88,1.88
CN7,8G,1,4,1,766,979,1139,3228,1268,1528,1449.27,1521,2080.91,2128.64,2079.01,2206.16,231.2,231.12,230.48,236.77
CN7,8G,1,4,2,758,979,1139,1893,1268,1482,1435.82,1507,2099.14,2125.19,2091.79,2132.6,231.45,230.74,231.58,231.34
CN7,8G,1,4,3,783,1020,1156,1958,1230,1538,1443.45,1514,2118.14,2143.64,2081.79,2087.38,232.63,231.42,230.37,229.32
CN7,8G,1,4,4,766,996,1139,1876,1312,1512,1454.55,1525,2416.65,2391.35,2334.64,2404.8,264.02,258.92,258.42,260.79
CN7,8G,1,4,5,750,938,1090,2638,1296,1544,1474.91,1546,2370.65,2394.47,2346.77,2385.81,261.82,259.97,259.06,260.37
CN7,8G,1,16,1,766,979,1827,3359,1285,1516,1435.73,1506,2088.13,2090.79,2087.52,2133.64,229.22,228.31,229.22,230.89
CN7,8G,1,16,2,766,979,1680,2999,1260,1486,1445.91,1517,2088.92,2119.76,2083.91,2071.16,229.18,230.0,228.61,228.06
CN7,8G,1,16,3,758,996,1713,1958,1346,1474,1428.91,1500,2129.81,2129.31,2070.91,2047.16,231.45,229.71,228.61,227.78
CN7,8G,1,16,4,758,971,1696,3261,1332,1478,1425.64,1497,2090.25,2104.31,2089.35,2115.27,229.46,228.88,228.77,229.52
CN7,8G,1,16,5,766,1004,1713,1942,1286,1506,1450.45,1521,2426.16,2405.98,2374.15,2368.81,262.17,260.17,259.35,258.62
CN7,8G,2,1,1,832,938,1172,1893,1243,1456,1360.13,2805,8145.14,8168.98,16.58,16.5,913.34,922.22,1.88,1.88
CN7,8G,2,1,2,799,947,1237,2040,1268,1482,1399.36,2922,16.81,16.65,7999.8,7826.5,1.9,1.9,917.33,918.56
CN7,8G,2,1,3,791,938,1319,1893,1334,1464,1407.45,2934,7688.93,8131.1,16.58,16.5,909.17,917.66,1.88,1.88
CN7,8G,2,1,4,775,922,1254,1909,1274,1520,1429.82,2971,16.82,16.66,7941.13,7931.39,1.9,1.9,919.19,914.27
CN7,8G,2,1,5,791,938,1172,1942,1351,1466,1409.45,2954,8078.71,8218.21,16.58,16.51,921.12,922.75,1.88,1.88
CN7,8G,2,4,1,832,996,1532,1926,1268,1420,1368.26,2862,4175.38,4193.44,4204.92,4173.62,456.74,455.51,460.31,457.07
CN7,8G,2,4,2,848,996,1303,1975,1246,1434,1362.78,2825,4178.6,4174.66,4194.36,4175.4,457.27,455.48,457.5,456.93
CN7,8G,2,4,3,857,963,1205,3163,1294,1442,1342.17,2806,4178.27,4200.89,4195.59,4155.51,456.02,456.75,458.33,457.73
CN7,8G,2,4,4,824,963,1156,2057,1320,1422,1379.36,2886,4180.25,4206.36,4144.3,4118.21,457.22,455.53,455.87,455.15
CN7,8G,2,4,5,840,955,1172,2835,1318,1454,1374.36,2873,4149.27,4219.89,4203.92,4133.07,455.17,457.74,460.36,454.95
CN7,8G,2,16,1,807,938,1565,1909,1278,1452,1388.64,2914,4794.04,4731.83,4697.38,4683.15,515.4,514.05,514.35,513.85
CN7,8G,2,16,2,824,963,1663,3523,1244,1432,1372.55,2873,4249.06,4203.12,4212.15,4165.52,460.18,454.8,461.25,455.78
CN7,8G,2,16,3,848,1012,1762,2507,1230,1426,1361.33,2852,4206.5,4237.45,4335.49,4186.85,459.04,456.81,465.09,458.97
CN7,8G,2,16,4,807,947,1631,1795,1330,1440,1387.73,2900,4157.73,4226.23,4282.27,4185.63,457.12,457.43,460.27,457.75
CN7,8G,2,16,5,824,963,1614,3720,1220,1428,1367.09,2865,4173.51,4201.57,4239.38,4183.52,457.02,455.55,457.11,457.87
CN7,8G,4,1,1,1254,2966,5932,14484,1014,1475,1268.46,5213,8500.4,8755.12,8541.71,8456.19,923.12,925.92,917.7,918.4
CN7,8G,4,1,2,832,1532,3916,11207,1186,1500,1401.05,5795,8307.85,8461.57,8411.16,8181.31,919.69,923.44,914.24,913.58
CN7,8G,4,1,3,1221,2769,4817,8979,1074,1510,1287.29,5301,8483.41,8594.24,8683.5,8409.98,916.91,921.71,920.66,916.28
CN7,8G,4,1,4,1598,3490,6783,11207,988,1524,1201.04,4967,7632.54,7845.13,7738.53,7672.64,829.32,828.28,825.49,825.81
CN7,8G,4,1,5,1418,3195,5932,11731,1004,1484,1242.88,5179,8442.19,8601.14,8580.51,8445.1,917.02,917.47,913.39,911.72
CN7,8G,4,4,1,1074,3064,5932,7570,974,1420,1223.31,4892,7729.48,7833.03,7798.66,7831.29,828.22,832.83,829.48,835.01
CN7,8G,4,4,2,1106,3195,6325,9634,946,1358,1189.27,4866,7628.52,7698.11,7816.6,7742.67,826.65,829.36,827.41,829.51
CN7,8G,4,4,3,1139,3982,7373,9634,910,1420,1187.15,4746,7766.08,7802.58,7806.49,7793.36,827.83,832.69,829.82,829.4
CN7,8G,4,4,4,1074,3195,5997,16909,948,1404,1206.08,4995,7716.59,7792.64,7765.47,7865.3,832.95,828.09,831.85,836.1
CN7,8G,4,4,5,1172,3916,7177,11338,928,1382,1160.09,4847,7766.49,7765.55,7791.68,7844.41,828.78,828.83,832.43,833.65
CN7,8G,4,16,1,1205,3687,7373,10814,974,1354,1151.02,4770,7782.01,7905.23,7981.64,7939.1,828.42,834.04,839.1,838.05
CN7,8G,4,16,2,1037,1319,1860,3163,1140,1364,1277.61,5259,8587.21,8595.73,8779.12,8580.8,921.17,925.92,926.8,920.85
CN7,8G,4,16,3,1188,3654,7504,9503,968,1338,1179.19,4895,7841.93,7943.09,7952.05,7883.39,834.53,835.39,833.94,835.25
CN7,8G,4,16,4,1029,1319,1942,4015,1158,1362,1293.54,5354,8514.01,8532.73,8630.99,8716.47,926.57,917.64,924.12,925.51
CN7,8G,4,16,5,1221,4228,8160,11469,926,1386,1161.28,4726,7938.61,7953.66,7939.39,7984.33,833.19,834.06,834.44,837.36
CN7,8G,8,1,1,5145,7177,9765,13960,496,1370,577.15,4837,9136.96,9067.9,9083.86,9111.71,977.35,973.78,977.38,979.1
CN7,8G,8,1,2,5538,7767,10683,14222,462,1314,544.81,4537,8678.27,8658.79,8645.26,8637.65,919.33,922.88,921.11,922.99
CN7,8G,8,1,3,4490,6521,9241,11469,512,1344,632.75,5248,9449.39,9549.61,9536.63,9499.09,1034.67,1039.15,1037.01,1037.59
CN7,8G,8,1,4,5145,7177,10028,13960,474,1312,576.44,4814,9088.18,9144.62,9215.94,9118.99,978.29,979.61,980.29,978.94
CN7,8G,8,1,5,5276,7242,9372,13173,492,1360,567.72,4736,9121.09,9088.79,9106.67,9050.78,977.48,975.82,974.29,973.93
CN7,8G,8,4,1,6652,9372,13042,17695,458,1196,574.41,4746,9165.62,9185.53,9201.37,9182.22,980.34,980.89,981.35,982.92
CN7,8G,8,4,2,5932,8717,12125,14615,472,1218,628.74,5206,9508.29,9493.2,9516.03,9458.8,1037.7,1040.89,1040.18,1038.39
CN7,8G,8,4,3,6325,8979,12518,15926,478,1226,591.63,4919,9117.45,9189.6,9161.27,9218.87,980.72,982.98,979.95,981.46
CN7,8G,8,4,4,6783,9765,14222,19006,462,1244,572.27,4780,9232.09,9186.71,9239.57,9112.85,979.42,981.25,982.63,979.1
CN7,8G,8,4,5,6456,9372,13698,17957,454,1226,579.46,4828,9244.75,9130.55,9169.75,9152.59,983.41,981.6,981.57,980.19
CN7,8G,8,16,1,6915,9765,14091,17433,432,1164,533.75,4468,8913.99,8966.53,9003.43,8972.17,931.75,929.39,930.69,929.51
CN7,8G,8,16,2,6849,10159,14746,20317,442,1190,551.63,4603,8853.3,8928.02,8824.84,8918.06,928.68,931.37,929.44,930.32
CN7,8G,8,16,3,6915,10028,14484,18744,432,1164,547.29,4575,8844.28,8858.59,8895.77,8995.23,930.81,930.11,928.4,930.82
CN7,8G,8,16,4,6915,9896,14746,20317,430,1170,550.43,4602,8837.8,8831.59,8889.71,8931.72,931.82,927.26,927.0,929.35
CN7,8G,8,16,5,6849,9765,13829,16909,446,1166,537.07,4486,8921.85,8947.95,9107.98,8919.71,931.9,929.14,939.65,930.02
CN7,8G,16,1,1,8029,10159,13435,17695,230,924,288.03,4794,9578.34,9731.49,9706.58,9598.83,1038.66,1039.87,1040.97,1037.82
CN7,8G,16,1,2,8356,10552,13435,16909,214,920,274.98,4583,9448.11,9518.53,9336.55,9460.99,1008.26,1011.14,1005.13,1008.6
CN7,8G,16,1,3,8356,10421,13566,16712,214,864,278.32,4606,9392.57,9557.54,9441.77,9454.2,1006.95,1011.32,1007.55,1007.48
CN7,8G,16,1,4,8291,10290,13042,16450,224,908,278.60,4661,9756.21,9778.14,9790.96,9754.78,1039.45,1039.18,1041.82,1040.76
CN7,8G,16,1,5,7701,9634,13042,18220,242,1002,295.16,4920,9969.4,9953.11,9933.66,9981.51,1073.15,1071.8,1071.63,1072.21
CN7,8G,16,4,1,14091,17695,21627,24773,232,928,273.44,4580,9602.13,9707.85,9603.26,9634.39,1014.91,1019.79,1016.22,1019.11
CN7,8G,16,4,2,14222,17957,22152,25297,226,980,272.28,4555,9551.42,9626.66,9556.43,9571.86,1015.43,1017.27,1018.04,1015.13
CN7,8G,16,4,3,14091,18482,24773,32113,220,996,270.67,4524,9561.53,9581.54,9629.64,9631.35,1013.53,1015.62,1015.97,1016.08
CN7,8G,16,4,4,13829,17695,21103,23987,239,880,277.26,4638,9611.68,9550.15,9622.68,9586.35,1013.46,1014.39,1016.6,1015.45
CN7,8G,16,4,5,13829,17695,22676,29492,225,1008,279.69,4683,9830.95,9849.34,9885.42,9830.46,1046.96,1044.11,1045.43,1047.57
CN7,8G,16,16,1,13829,17957,22414,25297,211,892,257.11,4308,9353.67,9317.61,9363.82,9345.16,960.75,962.91,962.68,963.34
CN7,8G,16,16,2,15139,19530,23987,30016,208,806,245.55,4118,9132.31,9154.15,9150.52,9168.48,936.55,935.75,936.06,935.8
CN7,8G,16,16,3,15926,20317,24511,27919,208,842,242.02,4055,8958.94,8905.55,8961.81,8938.96,910.04,910.01,912.46,910.42
CN7,8G,16,16,4,15401,19530,23725,28705,202,848,246.28,4126,9229.23,9241.28,9169.31,9222.79,935.44,936.63,935.59,936.02
CN7,8G,16,16,5,15533,19792,23987,28181,208,862,250.71,4201,9144.69,9128.19,9136.18,9152.31,936.25,937.08,933.43,937.2
CN7,16G,1,1,1,734,971,1418,2180,1324,1488,1455.32,1527,11.12,11.02,10037.97,10.92,1.25,1.25,1174.22,1.24
CN7,16G,1,1,2,709,848,1647,2073,1330,1512,1482.23,1554,11.12,11.02,10.97,10122.42,1.25,1.25,1.24,1177.53
CN7,16G,1,1,3,734,963,1237,2376,1314,1510,1470.68,1544,10319.4,11.02,17.68,10.92,1180.58,1.25,1.26,1.24
CN7,16G,1,1,4,750,1020,1549,2040,1228,1572,1456.09,1527,11.12,10235.51,17.18,10.92,1.26,1182.4,1.26,1.24
CN7,16G,1,1,5,725,938,1450,2540,1248,1504,1467.82,1539,11.12,11.02,10209.48,10.92,1.26,1.25,1179.95,1.24
CN7,16G,1,4,1,734,881,1139,1860,1244,1486,1456.64,1527,2733.98,2692.81,2784.33,2700.56,294.45,294.32,297.55,294.7
CN7,16G,1,4,2,758,930,1123,1876,1336,1526,1449.86,1522,2747.77,2695.24,2694.83,2718.71,294.17,293.72,295.42,294.88
CN7,16G,1,4,3,742,914,1106,1926,1316,1496,1450.55,1522,2726.55,2675.45,2717.19,2716.78,294.6,293.44,295.14,294.38
CN7,16G,1,4,4,709,857,1074,1778,1358,1502,1476.95,1549,2729.48,2722.74,2745.12,2726.42,294.9,294.96,296.2,295.3
CN7,16G,1,4,5,725,906,1123,1909,1330,1492,1467.27,1539,2727.03,2710.22,2721.23,2714.6,294.65,294.37,294.71,295.13
CN7,16G,1,16,1,750,963,1401,1860,1290,1500,1448.05,1519,2700.7,2704.6,2773.48,2700.14,293.13,293.87,296.34,294.28
CN7,16G,1,16,2,734,824,1237,2024,1386,1504,1464.18,1535,2716.17,2714.75,2691.42,2694.25,294.31,294.69,292.84,293.92
CN7,16G,1,16,3,742,938,1352,2024,1292,1492,1451.95,1523,2701.7,2723.24,2731.13,2716.0,294.22,294.14,295.63,294.41
CN7,16G,1,16,4,734,922,1205,2114,1186,1490,1456.95,1528,2705.28,2695.96,2733.56,2684.72,294.04,293.22,294.78,292.95
CN7,16G,1,16,5,725,906,1237,1909,1316,1510,1458.14,1530,2708.48,2691.72,2743.51,2659.97,292.5,293.7,296.76,293.01
CN7,16G,2,1,1,816,914,1188,1598,1288,1442,1366.38,2818,10.39,10000.9,9609.52,10.2,1.17,1106.86,1103.32,1.16
CN7,16G,2,1,2,791,898,1205,1745,1247,1500,1406.91,2949,10223.99,22.75,11.21,10280.15,1175.56,1.53,1.25,1174.56
CN7,16G,2,1,3,799,889,1385,1991,1320,1494,1398.65,2931,10.6,9683.04,9597.39,10.41,1.17,1100.48,1103.06,1.16
CN7,16G,2,1,4,791,898,1221,1909,1290,1462,1396.09,2860,9828.33,10.51,10.47,9484.81,1103.35,1.17,1.16,1100.84
CN7,16G,2,1,5,775,881,1188,1745,1284,1518,1408.37,2953,11.15,10479.61,10465.35,10.94,1.26,1181.12,1185.19,1.24
CN7,16G,2,4,1,865,963,1156,1975,1182,1361,1311.10,2748,5140.07,5088.84,5192.27,5162.28,552.37,550.51,555.52,550.8
CN7,16G,2,4,2,799,906,1139,1745,1260,1462,1399.70,2935,5092.94,5158.25,5107.47,5135.82,549.94,552.92,551.03,550.33
CN7,16G,2,4,3,816,930,1205,1844,1248,1446,1389.13,2905,5081.9,5074.95,5110.65,5146.21,549.2,552.08,551.76,552.91
CN7,16G,2,4,4,840,955,1156,1876,1246,1454,1358.04,2841,5120.81,5048.32,5056.61,5033.15,549.21,549.89,551.61,548.61
CN7,16G,2,4,5,848,947,1156,1926,1222,1432,1354.67,2842,5128.81,5085.99,5103.35,5058.29,550.32,550.95,551.75,549.62
CN7,16G,2,16,1,816,947,1516,1958,1234,1436,1382.48,2895,5145.95,5121.12,5059.15,5100.76,552.92,555.1,552.01,552.77
CN7,16G,2,16,2,824,947,1565,2114,1202,1460,1377.17,2881,5139.42,5123.06,5165.42,5099.09,553.71,555.57,557.31,551.91
CN7,16G,2,16,3,840,955,1434,1909,1200,1420,1349.83,2818,5078.49,5203.73,5196.15,5131.5,550.99,554.74,554.64,552.94
CN7,16G,2,16,4,824,938,1401,2147,1246,1444,1368.59,2870,5091.49,5206.0,5110.42,5172.83,552.4,554.28,552.87,553.38
CN7,16G,2,16,5,824,922,1385,2474,1225,1456,1371.26,2882,5080.82,5174.2,5127.76,5171.7,551.97,551.72,553.27,553.02
CN7,16G,4,1,1,1156,2606,5342,10945,956,1480,1225.43,5082,9603.34,9744.44,9537.96,9533.91,1032.92,1038.29,1036.14,1033.49
CN7,16G,4,1,2,1647,3359,6325,11863,958,1476,1164.79,4858,9163.68,9207.42,9247.32,9143.8,974.83,974.55,979.1,975.94
CN7,16G,4,1,3,1680,3392,6390,11076,962,1464,1131.92,4717,9279.59,9257.05,9264.9,9119.15,975.38,972.73,976.81,970.89
CN7,16G,4,1,4,1057,2474,5276,12256,994,1498,1271.10,5267,9245.98,9357.64,9417.48,9280.67,1032.37,1034.34,1035.93,1034.6
CN7,16G,4,1,5,1336,2966,5604,9372,932,1466,1194.62,4972,9104.28,9090.26,9150.45,9140.72,971.34,970.12,972.91,974.49
CN7,16G,4,4,1,1254,2966,5932,7963,936,1372,1165.19,4752,9152.46,9116.32,9270.11,9198.88,977.26,975.08,978.16,977.91
CN7,16G,4,4,2,1156,1876,5145,7767,1016,1400,1212.02,4971,9099.82,9090.97,9201.64,9070.24,977.83,977.69,978.86,974.07
CN7,16G,4,4,3,1156,1778,4883,9765,988,1402,1193.65,4847,9113.23,9067.13,9203.0,9096.83,977.95,972.65,978.62,974.63
CN7,16G,4,4,4,1319,3556,6390,8717,940,1386,1121.46,4529,8753.49,8693.02,8682.6,8711.2,918.88,920.64,918.51,921.43
CN7,16G,4,4,5,1401,4146,7898,11469,890,1394,1095.91,4516,8645.62,8757.82,8686.23,8635.46,920.63,920.78,923.18,920.7
CN7,16G,4,16,1,1188,1696,4948,7635,984,1372,1217.45,5005,9120.07,9214.17,9104.87,9095.07,980.27,981.57,981.23,979.0
CN7,16G,4,16,2,1303,3556,7242,10814,908,1390,1158.22,4686,8651.57,8717.83,8578.63,8724.91,931.2,932.09,927.2,928.54
CN7,16G,4,16,3,1270,3097,6521,10290,928,1404,1170.48,4811,9280.98,9279.27,9337.16,9233.59,982.61,985.47,986.2,981.98
CN7,16G,4,16,4,1401,4047,7701,11338,926,1382,1120.27,4533,8893.91,8844.56,8807.08,8749.86,931.73,928.02,931.26,931.13
CN7,16G,4,16,5,1418,3851,7046,10945,782,1408,1122.03,4544,9004.58,8765.67,8795.47,8698.79,928.9,928.59,929.65,927.46
CN7,16G,8,1,1,4752,6783,9372,12125,480,1330,588.42,4927,10230.05,10189.43,10174.66,10021.54,1070.94,1073.56,1071.03,1071.99
CN7,16G,8,1,2,5145,7242,9896,12649,464,1356,556.02,4614,9549.58,9636.51,9658.64,9413.66,1004.05,1007.08,1007.87,1002.55
CN7,16G,8,1,3,5145,7242,9765,13829,476,1354,558.12,4647,9903.28,9883.39,9910.24,9721.91,1039.46,1035.68,1040.05,1033.9
CN7,16G,8,1,4,4621,6718,9372,12649,480,1354,607.67,5058,10063.59,10142.17,10253.51,10133.23,1102.75,1104.26,1104.97,1104.89
CN7,16G,8,1,5,4883,7046,9503,13435,476,1346,578.67,4833,10049.35,10078.9,9967.83,10109.34,1068.5,1069.88,1070.59,1070.33
CN7,16G,8,4,1,7046,9765,13304,18482,457,1226,530.01,4441,9378.63,9431.68,9368.8,9244.75,982.14,983.44,982.04,979.36
CN7,16G,8,4,2,7111,9896,13829,17695,442,1240,529.46,4408,9330.75,9532.22,9495.57,9430.08,979.55,980.67,981.37,980.56
CN7,16G,8,4,3,6390,8979,12256,17433,464,1212,571.16,4733,10039.41,10007.32,9988.03,9920.05,1041.66,1040.07,1042.23,1041.71
CN7,16G,8,4,4,6652,9241,12780,18220,444,1214,562.40,4661,10211.04,10098.21,10232.83,9980.3,1042.22,1041.58,1044.23,1039.14
CN7,16G,8,4,5,6718,9503,13566,18482,448,1230,557.98,4634,9869.17,10061.21,9823.18,9921.68,1040.61,1042.51,1040.69,1038.67
CN7,16G,8,16,1,7111,10028,14353,18482,436,1246,522.49,4354,9667.11,9616.59,9687.99,9741.23,993.74,992.7,995.14,996.89
CN7,16G,8,16,2,7177,10028,14222,19530,430,1194,513.76,4286,9298.18,9457.24,9618.76,9370.59,965.61,964.72,966.14,965.69
CN7,16G,8,16,3,7308,10290,14484,19006,426,1156,518.21,4324,9435.99,9258.52,9502.72,9448.54,965.55,965.13,966.45,965.61
CN7,16G,8,16,4,7046,9896,13829,17171,450,1190,516.20,4319,9493.33,9479.73,9395.14,9642.16,965.73,966.96,962.88,965.07
CN7,16G,8,16,5,6980,9896,14353,19006,438,1214,531.13,4444,9736.72,9794.82,9560.01,9776.35,993.82,997.06,992.01,994.04
CN7,16G,16,1,1,8094,10028,12649,16188,224,1019,277.72,4613,10294.4,10379.33,10344.43,10305.41,1072.05,1076.53,1074.28,1074.63
CN7,16G,16,1,2,8160,10159,12780,15795,230,904,276.65,4629,10208.36,10311.77,10418.76,10231.23,1072.22,1074.18,1074.1,1072.32
CN7,16G,16,1,3,8586,10683,13829,16909,220,926,266.80,4465,9836.77,9872.61,10056.66,9973.52,1038.55,1039.28,1038.13,1037.69
CN7,16G,16,1,4,8291,10421,13304,16909,224,840,273.15,4572,9973.09,10121.82,10128.06,10113.48,1053.56,1056.56,1055.18,1056.45
CN7,16G,16,1,5,8029,10028,12911,16188,224,942,283.32,4742,10275.51,10245.19,10481.13,10430.71,1089.27,1090.31,1089.47,1092.21
CN7,16G,16,4,1,14353,18220,22152,26870,224,866,262.56,4395,9995.19,10014.47,10158.95,9984.71,1031.15,1032.76,1031.93,1030.98
CN7,16G,16,4,2,14091,17695,21890,25822,224,954,269.11,4513,10359.74,10249.98,10232.95,10328.77,1046.74,1049.41,1047.69,1048.02
CN7,16G,16,4,3,14484,18220,21890,24511,223,900,263.32,4418,10194.18,10151.69,10113.79,10022.73,1031.31,1031.58,1029.05,1029.56
CN7,16G,16,4,4,14877,19006,23725,27919,218,898,256.55,4301,9851.72,9796.6,9802.07,9593.87,999.61,1003.48,1001.81,1001.43
CN7,16G,16,4,5,14877,19006,23200,27395,221,920,258.39,4330,9908.92,9982.86,10181.0,9883.32,1014.58,1020.06,1016.25,1015.31
CN7,16G,16,16,1,15926,20317,25035,29754,203,838,236.61,3969,9421.64,9476.35,9422.26,9364.17,947.55,949.93,949.69,948.5
CN7,16G,16,16,2,15926,20055,24511,28443,204,936,242.79,4066,9718.77,9783.32,9679.81,9694.5,976.23,976.6,976.68,977.01
CN7,16G,16,16,3,15795,20055,25035,28705,202,834,238.85,4000,9415.87,9473.08,9569.39,9349.97,947.44,949.61,950.8,949.78
CN7,16G,16,16,4,16188,20579,25560,34866,200,820,236.07,3958,9657.65,9508.22,9575.88,9467.35,950.98,951.49,949.46,951.41
CN7,16G,16,16,5,15270,19530,24511,30540,210,954,245.56,4116,9878.04,9739.24,9864.65,9706.24,976.34,975.12,976.88,976.53
CN7,32G,1,1,1,734,824,1745,2573,1324,1494,1452.36,1523,13.75,13.74,14.04,11114.0,0.77,0.77,0.76,1316.68
CN7,32G,1,1,2,734,881,1352,2114,1388,1506,1452.40,1523,11549.99,6.58,6.56,13.64,1318.76,0.74,0.74,0.89
CN7,32G,1,1,3,725,873,1614,2278,1326,1498,1461.77,1533,6.72,11202.22,10.12,9.8,0.74,1317.51,0.74,0.74
CN7,32G,1,1,4,734,865,1614,2737,1334,1502,1460.05,1531,14.8,10.46,11233.0,10.24,0.89,0.75,1319.06,0.74
CN7,32G,1,1,5,734,938,1844,2835,1282,1532,1461.70,1533,6.6,6.54,6.64,11140.32,0.74,0.74,0.74,1318.31
CN7,32G,1,4,1,742,840,1123,1729,1272,1496,1444.09,1515,2955.84,3006.68,2949.69,2990.86,318.88,319.92,318.74,320.04
CN7,32G,1,4,2,734,824,1090,1729,1292,1506,1460.93,1532,3049.44,3134.31,3065.48,3086.57,331.1,332.43,331.46,332.26
CN7,32G,1,4,3,742,889,1106,1893,1238,1518,1455.20,1526,3076.44,3134.87,3038.96,3102.01,331.33,332.0,331.4,332.8
CN7,32G,1,4,4,742,865,1106,1893,1344,1552,1462.82,1534,3055.61,3176.9,3091.14,3104.09,330.42,334.31,331.62,331.45
CN7,32G,1,4,5,734,848,1106,1680,1236,1542,1460.05,1531,3064.16,3147.67,3091.42,3102.18,330.62,332.99,331.55,331.95
CN7,32G,1,16,1,725,783,1020,1909,1288,1498,1464.91,1537,3061.93,3178.87,3073.93,3113.94,331.71,334.45,330.9,333.0
CN7,32G,1,16,2,725,865,1123,2008,1322,1572,1478.09,1550,3073.45,3156.75,3100.69,3084.34,332.3,333.66,332.39,330.74
CN7,32G,1,16,3,734,865,1106,1942,1274,1590,1463.93,1536,3087.09,3184.15,3099.93,3103.78,332.45,335.04,331.32,332.81
CN7,32G,1,16,4,725,791,1045,1942,1424,1552,1480.34,1552,3050.82,3138.93,3115.29,3105.92,331.88,332.72,331.79,332.61
CN7,32G,1,16,5,742,832,1106,1942,1278,1556,1460.20,1532,3044.73,3115.64,3090.05,3152.74,330.89,331.26,330.35,334.63
CN7,32G,2,1,1,832,914,1156,1631,1196,1430,1352.73,2833,6.49,6.44,10993.27,11062.39,0.69,0.69,1224.18,1229.2
CN7,32G,2,1,2,807,889,1270,1860,1266,1504,1386.10,2904,11174.09,11322.04,6.64,6.61,1272.38,1272.19,0.71,0.71
CN7,32G,2,1,3,832,914,1188,1696,1220,1486,1345.69,2777,11.62,14.0,10836.98,10370.85,0.67,0.86,1186.71,1180.85
CN7,32G,2,1,4,840,914,1172,1958,1220,1476,1348.79,2820,10941.09,11189.04,6.47,6.29,1226.62,1228.76,0.68,0.68
CN7,32G,2,1,5,824,906,1205,1696,1246,1474,1361.81,2853,6.47,6.42,10980.79,10928.51,0.69,0.69,1224.89,1225.08
CN7,32G,2,4,1,1172,1418,1614,1860,898,1460,1288.46,2690,5491.77,5570.22,5512.14,5554.47,592.92,595.22,592.97,593.68
CN7,32G,2,4,2,1156,1483,1713,1893,808,1430,1286.08,2687,5459.2,5556.05,5550.28,5535.93,592.45,593.1,593.59,591.78
CN7,32G,2,4,3,1045,1418,1663,1860,772,1526,1296.65,2660,5326.88,5369.81,5328.42,5336.14,571.37,571.9,571.86,571.23
CN7,32G,2,4,4,1090,1434,1647,1827,806,1476,1298.29,2669,5323.58,5386.4,5345.52,5325.46,572.13,573.24,574.71,572.69
CN7,32G,2,4,5,1074,1467,1745,1991,774,1434,1305.42,2720,5520.76,5603.12,5479.23,5491.78,592.47,593.27,590.78,591.49
CN7,32G,2,16,1,1172,1418,1647,1958,902,1442,1279.11,2677,5315.55,5410.23,5372.73,5378.32,573.39,578.51,573.47,573.42
CN7,32G,2,16,2,1123,1401,1614,1942,790,1444,1287.37,2663,5328.35,5416.78,5361.18,5367.36,573.06,577.31,574.09,574.0
CN7,32G,2,16,3,1156,1434,1663,1909,800,1396,1257.87,2614,5312.21,5412.06,5370.39,5447.5,572.55,574.55,573.48,574.05
CN7,32G,2,16,4,1188,1467,1696,1991,828,1416,1250.52,2620,5527.35,5544.75,5477.7,5447.68,573.71,576.61,574.41,573.78
CN7,32G,2,16,5,1123,1434,1713,2040,806,1456,1300.61,2711,5594.8,5634.96,5598.34,5540.67,593.9,597.75,593.84,593.54
CN7,32G,4,1,1,1467,3163,5997,11863,948,1478,1142.04,4724,9888.57,10094.19,9997.17,9793.18,1034.26,1040.17,1037.74,1034.61
CN7,32G,4,1,2,1926,3687,6456,11207,958,1506,1097.87,4597,9495.71,9716.21,9571.13,9643.41,1004.51,1011.64,1007.64,1009.72
CN7,32G,4,1,3,2057,3884,6915,12125,932,1496,1080.01,4497,9561.8,9668.88,9610.21,9620.16,1006.21,1007.21,1006.73,1007.23
CN7,32G,4,1,4,1696,3458,6259,11994,942,1484,1125.80,4702,9696.1,9921.92,9679.12,9924.64,1037.43,1039.56,1035.1,1039.51
CN7,32G,4,1,5,1778,3523,6390,14222,932,1494,1115.86,4653,9708.56,9874.3,9805.03,9878.54,1037.45,1040.26,1036.58,1040.89
CN7,32G,4,4,1,1401,3523,6849,10814,890,1400,1101.48,4494,9419.47,9629.55,9617.2,9560.11,1005.19,1008.96,1009.1,1008.75
CN7,32G,4,4,2,1336,2966,6521,9634,956,1388,1119.22,4666,9863.13,9922.28,10008.17,9873.4,1035.81,1039.89,1038.67,1038.97
CN7,32G,4,4,3,1795,4424,7439,10159,892,1390,1039.29,4294,9094.31,9199.28,9123.17,9054.79,949.73,948.32,947.47,949.24
CN7,32G,4,4,4,1287,3130,6259,10028,944,1381,1112.30,4578,9580.5,9567.1,9601.21,9528.79,1004.71,1006.27,1006.67,1008.36
CN7,32G,4,4,5,1532,4146,7439,9896,888,1378,1054.84,4361,9328.0,9469.91,9442.49,9304.98,976.31,980.2,976.87,977.77
CN7,32G,4,16,1,1450,3916,7439,11731,908,1360,1073.65,4444,9390.53,9459.98,9587.48,9467.85,981.48,986.2,983.53,984.78
CN7,32G,4,16,2,1549,4146,7242,11994,888,1362,1065.55,4431,9607.74,9710.94,9791.34,9492.82,983.66,984.47,986.64,985.12
CN7,32G,4,16,3,1450,3884,7308,10290,870,1362,1074.04,4439,9596.24,9632.58,9438.15,9440.16,982.91,987.56,983.0,984.5
CN7,32G,4,16,4,1467,3884,7111,10552,856,1352,1060.18,4309,9192.33,9439.79,9487.94,9275.3,956.06,960.05,958.54,956.57
CN7,32G,4,16,5,1532,4178,7701,10683,858,1368,1059.40,4373,9479.2,9467.14,9482.43,9570.34,984.08,984.91,985.87,985.31
CN7,32G,8,1,1,5014,7111,9765,13173,466,1370,562.22,4682,10250.03,10232.09,10273.74,10153.76,1069.68,1072.81,1071.59,1069.89
CN7,32G,8,1,2,5145,7242,9765,12911,458,1308,552.57,4613,10115.88,10236.09,10202.2,10134.62,1070.01,1070.87,1070.41,1071.54
CN7,32G,8,1,3,4883,6915,9372,11994,481,1368,567.78,4738,10274.76,10310.1,10290.16,10306.92,1088.84,1086.98,1086.26,1089.01
CN7,32G,8,1,4,5080,7242,9896,14091,462,1358,555.31,4643,10088.57,10192.81,10293.58,10208.02,1071.53,1070.68,1071.35,1073.01
CN7,32G,8,1,5,5145,7242,9896,13435,472,1268,546.41,4559,10007.56,10031.24,9984.78,10127.54,1052.56,1052.49,1053.67,1055.03
CN7,32G,8,4,1,6849,9503,13042,17957,442,1226,531.98,4441,9873.67,9895.64,9786.78,9832.86,1025.5,1027.64,1025.92,1027.22
CN7,32G,8,4,2,6849,9634,13698,17695,435,1214,535.87,4487,9939.89,10008.8,9954.8,10118.72,1042.51,1042.08,1041.89,1042.38
CN7,32G,8,4,3,6718,9503,13435,17695,444,1218,541.66,4530,9994.5,10042.85,10012.91,10104.26,1042.01,1041.45,1042.14,1042.26
CN7,32G,8,4,4,6980,9896,14091,18744,438,1220,522.78,4369,9708.89,9766.33,9657.52,9788.39,1010.66,1012.17,1010.73,1011.14
CN7,32G,8,4,5,6915,9634,13435,17695,441,1222,525.20,4401,9968.45,10015.14,10025.94,10010.34,1026.57,1026.24,1024.64,1026.81
CN7,32G,8,16,1,7373,10159,14877,19268,430,1194,500.18,4175,9843.49,9783.54,9609.05,9619.89,980.95,981.09,981.29,979.48
CN7,32G,8,16,2,7373,10421,15139,20579,434,1162,506.93,4243,10059.39,10057.24,9984.41,10216.29,1006.19,1007.91,1008.08,1007.3
CN7,32G,8,16,3,7242,10159,14877,19530,434,1214,508.49,4258,10009.01,10104.58,10042.32,10017.93,1008.29,1010.37,1008.46,1009.76
CN7,32G,8,16,4,7504,10552,15401,19792,428,1168,497.61,4160,9775.13,9867.43,9855.21,9780.37,978.06,981.73,980.92,982.79
CN7,32G,8,16,5,7373,10290,14484,19268,424,1196,499.84,4149,9854.46,9800.16,9846.79,9940.23,978.61,983.29,980.51,980.84
CN7,32G,16,1,1,8455,10552,13435,16909,216,876,268.35,4485,10208.9,10296.49,10190.64,10322.66,1062.49,1064.76,1063.62,1065.26
CN7,32G,16,1,2,8225,10290,13566,18220,216,972,273.06,4566,10410.35,10234.69,10271.23,10419.66,1080.45,1081.9,1082.18,1083.3
CN7,32G,16,1,3,8225,10290,13304,17171,220,906,276.32,4611,10479.58,10500.53,10328.04,10405.46,1090.23,1092.52,1091.13,1091.27
CN7,32G,16,1,4,8455,10552,13435,16909,220,914,268.19,4480,10170.23,10212.09,10153.33,10175.09,1056.12,1057.43,1055.66,1056.01
CN7,32G,16,1,5,8356,10552,13435,17433,220,910,268.77,4490,10327.78,10294.64,10201.86,10318.38,1063.88,1066.13,1065.39,1065.67
CN7,32G,16,4,1,15270,19006,23200,26870,216,846,257.47,4319,10088.36,9986.32,10055.75,10177.91,1032.99,1033.83,1033.73,1032.84
CN7,32G,16,4,2,14746,18482,22676,27919,218,830,258.16,4330,10234.88,10198.8,10096.4,10134.95,1033.61,1033.43,1032.37,1033.51
CN7,32G,16,4,3,14615,18482,22938,27919,220,924,263.23,4411,10348.47,10348.85,10454.33,10490.63,1056.07,1056.4,1057.79,1059.35
CN7,32G,16,4,4,14877,18744,23200,27395,216,898,258.34,4332,10172.63,10170.47,10125.32,10226.27,1033.29,1032.31,1032.53,1033.29
CN7,32G,16,4,5,14353,18220,22152,25822,216,856,261.31,4381,10310.98,10418.93,10322.4,10460.97,1049.19,1050.25,1048.35,1049.49
CN7,32G,16,16,1,15795,20055,25035,30540,202,814,238.37,3995,9953.72,9811.93,9752.42,9763.39,977.78,979.78,977.82,978.62
CN7,32G,16,16,2,16319,20841,25822,30278,200,836,231.00,3873,9590.71,9645.92,9594.55,9665.15,943.76,946.74,945.75,945.4
CN7,32G,16,16,3,15926,20317,25560,30802,200,806,232.42,3895,9815.67,9739.01,9877.88,9562.52,951.24,951.57,953.36,951.36
CN7,32G,16,16,4,16319,20841,26346,32375,198,848,232.36,3893,9765.54,9642.29,9765.03,9682.83,951.59,951.96,951.51,951.9
CN7,32G,16,16,5,15533,20055,24773,29492,201,866,232.00,3889,9789.59,9733.65,9634.38,9695.3,950.06,951.9,951.66,951.53
