1007-1728
CN7,4G,1,1,1,881,1090,1614,4080,1224,1484,1391.60,1467,30.54,30.32,5829.4,30.11,3.4,3.4,687.76,3.37
CN7,4G,1,1,2,930,1106,1369,4490,1236,1400,1352.20,1435,30.54,30.32,30.24,5928.28,3.4,3.4,3.38,687.94
CN7,4G,1,1,3,848,1057,1237,4555,1248,1474,1385.80,1462,5892.31,30.32,30.24,30.11,684.77,3.4,3.38,3.37
CN7,4G,1,1,4,947,1172,1303,3228,1244,1406,1335.67,1402,30.54,6059.32,30.24,30.11,3.4,686.56,3.38,3.37
CN7,4G,1,1,5,775,1020,1565,1958,1318,1498,1453.40,1521,30.54,30.32,5867.24,30.11,3.4,3.4,688.42,3.37
CN7,4G,1,4,1,906,1106,1237,3326,1378,1450,1404.00,1474,1495.37,1496.49,1478.91,1472.95,165.1,164.93,164.63,164.3
CN7,4G,1,4,2,922,1090,1352,2114,1320,1484,1395.20,1477,1482.04,1490.65,1545.58,1470.45,164.84,164.86,166.51,164.99
CN7,4G,1,4,3,873,1090,1254,1926,1140,1478,1395.60,1478,1501.54,1513.16,1539.41,1494.28,165.5,165.34,166.33,165.72
CN7,4G,1,4,4,873,1057,1205,3130,1260,1504,1424.80,1498,1494.21,1504.99,1530.91,1553.28,165.26,164.39,167.37,169.42
CN7,4G,1,4,5,824,1037,1139,2376,1306,1496,1433.60,1516,1491.88,1500.16,1516.24,1523.45,165.45,164.37,164.6,166.25
CN7,4G,1,16,1,865,1106,1827,1975,1282,1488,1414.00,1492,1567.88,1581.83,1567.58,1575.95,173.43,172.92,173.29,173.92
CN7,4G,1,16,2,807,1037,1909,2040,1304,1474,1410.40,1495,1887.85,1898.79,1897.69,1906.94,207.35,207.13,208.17,209.02
CN7,4G,1,16,3,857,1074,1762,1909,1372,1430,1405.60,1475,1596.88,1606.33,1602.41,1568.95,173.58,172.59,172.93,172.57
CN7,4G,1,16,4,824,1037,1795,1909,1276,1456,1388.80,1468,1566.21,1634.66,1566.08,1573.79,173.83,174.25,172.95,172.99
CN7,4G,1,16,5,930,1123,1827,2835,1268,1478,1380.40,1461,1554.15,1584.42,1560.34,1544.91,171.9,173.56,172.07,172.82
CN7,4G,2,1,1,840,1037,1221,2008,1212,1450,1361.82,2817,44.21,6049.66,6114.08,43.79,3.43,679.23,689.73,3.4
CN7,4G,2,1,2,824,1004,1156,1893,1324,1446,1386.80,2883,5990.05,30.33,30.25,5881.62,681.53,3.4,3.38,677.64
CN7,4G,2,1,3,840,996,1156,1942,1240,1414,1356.60,2863,30.55,6117.16,6209.75,30.12,3.4,688.03,691.09,3.37
CN7,4G,2,1,4,840,1029,1270,1958,1316,1434,1374.27,2848,6012.72,30.33,30.25,5770.12,689.02,3.4,3.38,680.96
CN7,4G,2,1,5,807,988,1156,2089,1374,1450,1412.40,2950,30.55,6059.83,6081.42,30.13,3.4,683.22,688.84,3.37
CN7,4G,2,4,1,865,1045,1434,2040,1240,1410,1358.80,2863,3125.55,3129.0,3114.42,3112.46,342.87,343.25,344.42,341.74
CN7,4G,2,4,2,857,1012,1500,3884,1228,1408,1356.42,2829,3158.72,3139.84,3125.09,3161.13,343.2,343.84,344.97,345.94
CN7,4G,2,4,3,873,1020,1434,1975,1256,1370,1337.08,2794,3133.72,3086.5,3101.76,3112.8,342.57,342.52,342.99,343.64
CN7,4G,2,4,4,857,996,1336,2474,1242,1430,1353.67,2832,3134.72,3158.17,3145.92,3131.63,343.88,344.82,344.65,342.25
CN7,4G,2,4,5,848,1004,1369,2073,1272,1410,1361.09,2859,3164.56,3130.51,3052.93,3066.47,344.05,342.45,342.85,342.38
CN7,4G,2,16,1,873,1057,1827,2835,1246,1416,1333.17,2786,3103.72,3177.84,3142.93,3110.3,341.5,345.46,345.23,342.57
CN7,4G,2,16,2,832,996,1893,3556,1244,1450,1376.20,2878,3163.56,3157.18,3202.93,3095.47,342.91,343.88,343.34,341.07
CN7,4G,2,16,3,922,1090,1795,3261,1146,1306,1262.17,2636,3143.56,3202.01,3129.1,3120.63,343.31,346.23,343.37,343.31
CN7,4G,2,16,4,865,1045,1811,2474,1243,1358,1337.92,2793,3123.56,3171.35,3152.6,3098.64,342.82,344.57,344.31,342.83
CN7,4G,2,16,5,857,1090,1860,2540,1212,1422,1363.09,2847,3110.23,3188.18,3126.1,3131.81,342.24,344.68,344.16,342.29
CN7,4G,4,1,1,840,1270,4178,7570,1338,1444,1414.40,5771,6195.99,6291.21,6222.78,6218.25,684.5,689.09,684.17,683.35
CN7,4G,4,1,2,824,1106,2868,5211,1242,1482,1411.40,5790,6269.07,6230.85,6187.77,6186.81,688.18,681.8,684.62,679.91
CN7,4G,4,1,3,807,1045,1762,9765,1286,1510,1432.75,5914,6208.07,6189.69,6118.61,6199.14,689.75,689.7,688.85,686.63
CN7,4G,4,1,4,799,1004,1270,1745,1312,1500,1446.40,5967,6187.57,6184.19,6132.44,6170.31,684.72,689.97,688.65,688.14
CN7,4G,4,1,5,816,1004,1336,2343,1268,1487,1421.30,5873,6181.74,6137.03,6231.11,6175.48,680.65,678.15,684.95,681.31
CN7,4G,4,4,1,988,1172,1614,5014,1238,1354,1297.25,5262,6214.08,6471.86,6348.95,6313.32,684.27,692.5,686.38,683.97
CN7,4G,4,4,2,979,1156,1614,3851,1184,1410,1307.33,5159,6094.25,6286.37,6157.12,6191.82,680.53,682.03,691.43,691.6
CN7,4G,4,4,3,979,1172,1582,2507,1172,1420,1325.00,5489,6256.25,6448.04,6393.12,6193.49,682.54,693.32,691.78,681.98
CN7,4G,4,4,4,979,1172,1598,4080,1214,1398,1325.71,5391,6338.25,6449.87,6393.13,6336.83,683.41,687.16,682.99,688.76
CN7,4G,4,4,5,963,1156,1614,2540,1244,1382,1326.00,5350,6462.59,6574.21,6441.3,6387.33,694.43,691.42,687.21,692.56
CN7,4G,4,16,1,1012,1352,2278,3982,1170,1368,1309.54,5437,6386.76,6351.38,6408.97,6384.5,692.34,685.42,691.08,685.17
CN7,4G,4,16,2,1004,1287,1909,4621,1138,1364,1286.75,5098,6452.6,6344.22,6434.47,6328.84,686.68,685.52,684.6,689.02
CN7,4G,4,16,3,1037,1369,2671,4817,1136,1362,1297.04,5352,6550.43,6484.22,6379.8,6522.01,689.03,688.83,685.94,693.57
CN7,4G,4,16,4,979,1270,2409,4293,1210,1404,1327.00,5324,6405.1,6546.06,6262.47,6332.51,685.87,692.04,688.47,692.0
CN7,4G,4,16,5,1004,1287,2212,3523,1109,1400,1285.58,5148,6436.11,6640.56,6316.31,6456.18,692.45,693.9,686.25,684.32
CN7,4G,8,1,1,4686,7046,9765,11338,490,1330,654.58,5420,8508.43,8494.96,8244.53,8561.96,914.01,914.74,913.04,916.77
CN7,4G,8,1,2,3982,6915,48497,116917,506,1330,687.32,5607,8473.27,8520.29,8354.69,8387.34,918.67,918.43,918.12,917.34
CN7,4G,8,1,3,5407,7963,10814,12780,468,1330,583.51,4850,7885.97,7791.24,7685.39,7843.12,831.97,823.86,827.98,826.37
CN7,4G,8,1,4,5080,7832,11863,15926,486,1340,604.35,5017,8314.31,8344.16,8283.11,8111.02,884.52,887.58,896.67,888.11
CN7,4G,8,1,5,5276,7963,11600,14484,470,1344,596.94,4956,7820.51,7867.62,7682.9,7598.09,823.87,828.83,828.12,827.89
CN7,4G,8,4,1,6194,9372,13960,15664,486,1238,625.32,5212,8720.35,8615.61,8483.84,8397.67,917.23,924.95,924.98,920.32
CN7,4G,8,4,2,7242,10945,15533,21103,432,1260,571.10,4763,7897.89,7993.86,7844.71,7717.93,831.24,831.58,839.49,832.94
CN7,4G,8,4,3,6652,9765,14746,18220,478,1228,603.51,4998,7845.69,7919.66,7778.11,7779.04,829.58,829.21,834.97,831.21
CN7,4G,8,4,4,6915,10290,14484,17695,474,1242,607.71,5045,8638.11,8651.96,8424.91,8399.38,899.95,896.77,905.36,899.7
CN7,4G,8,4,5,6390,9634,14615,17695,472,1214,620.35,5145,8846.44,8731.08,8571.8,8492.27,918.73,920.27,923.95,921.32
CN7,4G,8,16,1,8029,11469,17171,19006,416,1190,550.01,4493,8250.57,8342.02,7686.31,8103.63,836.02,831.29,809.05,861.76
CN7,4G,8,16,2,7308,10814,16057,19006,443,1172,555.18,4613,8235.23,8070.61,7813.59,7890.07,838.55,834.15,829.75,833.89
CN7,4G,8,16,3,7111,10814,14484,23462,444,1154,563.53,4695,8375.91,8448.48,7914.33,7949.85,839.97,835.37,837.73,837.4
CN7,4G,8,16,4,7242,10945,15664,22152,440,1194,557.88,4649,8328.61,8406.89,7898.74,7840.66,834.01,833.27,837.96,833.87
CN7,4G,8,16,5,7046,10814,16057,19530,448,1154,572.29,4766,8169.42,8318.19,7912.24,7838.46,836.09,835.37,837.35,833.25
CN7,4G,16,1,1,8979,11469,15008,17433,222,868,273.64,4549,8630.85,8951.16,8596.91,8573.48,929.36,925.26,927.97,926.52
CN7,4G,16,1,2,8979,11731,15533,18220,220,894,273.54,4551,8555.02,9049.5,8565.76,8562.81,925.9,926.32,924.78,927.54
CN7,4G,16,1,3,8848,11600,15664,21890,222,826,275.48,4563,8589.41,9144.89,8561.98,8568.43,923.36,931.85,924.27,928.51
CN7,4G,16,1,4,8979,11600,15664,19268,220,866,272.47,4539,8644.78,9153.7,8581.19,8572.48,927.75,928.29,926.67,926.07
CN7,4G,16,1,5,8291,11076,15270,17171,234,1058,298.31,4964,8871.75,9414.93,8971.49,9023.27,977.68,974.99,977.3,979.25
CN7,4G,16,4,1,14877,19268,22938,26870,218,944,263.49,4387,8727.64,9306.0,8801.17,8683.58,924.36,922.94,928.7,925.15
CN7,4G,16,4,2,13960,18744,23462,26608,216,856,257.68,4309,8337.37,8825.57,8397.89,8302.65,885.45,881.62,886.31,884.77
CN7,4G,16,4,3,14222,18482,22414,26084,224,852,268.95,4501,8785.1,9417.86,8822.11,8836.9,936.67,934.24,938.22,933.66
CN7,4G,16,4,4,13960,18220,22152,27395,226,894,278.75,4657,8637.72,9370.26,8579.29,8755.95,932.28,933.2,930.03,932.89
CN7,4G,16,4,5,13698,18220,22676,26608,232,880,288.42,4828,9214.88,9789.57,9024.77,9142.43,989.37,988.47,983.71,987.96
CN7,4G,16,16,1,15664,20055,24773,31589,212,838,250.20,4189,8456.57,9110.85,8509.41,8499.59,881.08,877.98,880.17,884.71
CN7,4G,16,16,2,16450,20841,25297,29230,204,836,241.15,4035,8049.74,8273.36,8157.7,8062.12,835.1,835.23,836.28,837.85
CN7,4G,16,16,3,15664,20317,24249,26608,202,848,244.18,4087,8112.97,8589.5,8083.04,8115.43,841.33,836.57,838.64,839.5
CN7,4G,16,16,4,15926,20579,26084,29492,208,828,240.96,4027,8109.5,8732.8,8117.52,8130.96,835.61,837.12,837.23,835.69
CN7,4G,16,16,5,17433,22152,26608,29754,208,842,238.33,3993,8138.09,8789.01,8112.91,8253.55,837.07,837.06,836.41,839.61
CN7,8G,1,1,1,775,996,1483,2147,1358,1472,1430.36,1502,37.71,38.8,7952.73,35.98,2.33,2.34,920.26,2.32
CN7,8G,1,1,2,840,1090,1352,1926,1226,1490,1427.18,1499,20.6,20.46,20.4,7953.09,2.29,2.29,2.28,915.99
CN7,8G,1,1,3,783,1029,1319,2311,1308,1484,1433.82,1504,7942.15,20.46,20.4,20.32,917.23,2.29,2.28,2.27
CN7,8G,1,1,4,766,1020,1565,2573,1376,1512,1463.55,1534,23.18,8944.27,22.95,22.86,2.58,1031.11,2.56,2.56
CN7,8G,1,1,5,775,1029,1369,2114,1294,1474,1416.45,1487,20.6,20.47,7808.07,20.32,2.29,2.29,918.09,2.27
CN7,8G,1,4,1,840,1057,1188,3359,1232,1510,1432.27,1504,2191.71,2148.47,2083.63,2081.65,233.83,231.38,230.84,230.48
CN7,8G,1,4,2,742,971,1123,1942,1310,1508,1453.82,1525,2163.27,2136.13,2074.63,2106.76,232.24,231.56,230.88,232.06
CN7,8G,1,4,3,799,1004,1156,2737,1298,1486,1419.82,1491,2127.38,2136.58,2104.41,2142.76,230.95,230.89,231.01,232.92
CN7,8G,1,4,4,791,1020,1156,2073,1291,1562,1456.73,1530,2416.68,2406.28,2365.46,2349.48,261.76,259.46,259.95,259.27
CN7,8G,1,4,5,758,979,1139,1958,1318,1492,1435.45,1507,2126.49,2140.47,2126.52,2105.1,231.16,231.21,232.16,232.2
CN7,8G,1,16,1,750,906,1614,2966,1274,1504,1437.55,1508,2112.94,2128.58,2098.19,2093.32,229.46,229.62,229.51,230.56
CN7,8G,1,16,2,766,979,1549,1926,1236,1546,1462.64,1534,2387.68,2408.65,2380.84,2359.24,258.94,258.46,258.65,258.47
CN7,8G,1,16,3,766,979,1663,1942,1298,1482,1433.36,1504,2133.05,2146.14,2100.63,2121.88,230.55,230.01,228.73,230.63
CN7,8G,1,16,4,775,971,1631,1909,1282,1480,1425.18,1497,2125.94,2128.58,2085.86,2085.99,229.27,229.08,228.25,228.46
CN7,8G,1,16,5,742,938,1647,3130,1394,1566,1496.20,1570,2369.31,2392.53,2352.09,2351.99,257.28,258.76,257.61,258.8
CN7,8G,2,1,1,807,955,1614,2089,1238,1476,1377.05,2849,20.61,8356.92,7667.3,20.32,2.29,918.99,914.44,2.27
CN7,8G,2,1,2,807,955,1369,1909,1278,1482,1397.45,2891,7960.39,20.48,20.42,7913.21,912.55,2.29,2.28,915.03
CN7,8G,2,1,3,799,955,1516,1893,1276,1468,1400.64,2940,23.19,9116.66,8651.47,22.87,2.58,1035.41,1030.18,2.56
CN7,8G,2,1,4,824,963,1172,1893,1268,1448,1369.55,2865,8171.5,20.48,20.42,7974.99,917.57,2.29,2.28,918.88
CN7,8G,2,1,5,783,955,1811,2573,1292,1476,1412.27,2943,23.19,8628.17,8689.1,22.87,2.58,1024.4,1031.97,2.56
CN7,8G,2,4,1,832,955,1205,3458,1244,1392,1351.00,2828,4182.28,4273.49,4218.54,4164.78,454.98,456.12,456.59,458.9
CN7,8G,2,4,2,848,988,1188,3261,1234,1422,1351.42,2832,4169.17,4293.6,4214.43,4165.44,456.2,457.25,459.22,457.09
CN7,8G,2,4,3,824,955,1172,1975,1288,1416,1370.55,2869,4234.95,4265.49,4206.54,4129.56,456.08,456.98,457.47,456.62
CN7,8G,2,4,4,832,979,1319,2245,1282,1418,1370.00,2869,4244.4,4257.49,4197.87,4171.56,458.09,456.85,461.24,458.62
CN7,8G,2,4,5,816,971,1221,1942,1280,1414,1385.55,2889,4271.62,4205.83,4170.77,4136.01,458.12,455.34,456.25,455.91
CN7,8G,2,16,1,857,988,1631,3097,1222,1404,1337.50,2791,4211.4,4234.38,4127.88,4238.12,455.81,457.29,456.03,458.86
CN7,8G,2,16,2,857,971,1582,3523,1206,1432,1342.83,2814,4238.29,4200.5,4131.77,4243.9,459.04,456.87,455.93,457.4
CN7,8G,2,16,3,857,996,1631,2245,1190,1430,1353.67,2832,4206.74,4196.94,4110.22,4221.34,458.26,456.92,456.85,457.53
CN7,8G,2,16,4,848,963,1631,3556,1248,1446,1350.88,2826,4260.19,4212.61,4213.77,4185.01,457.45,458.19,460.12,458.59
CN7,8G,2,16,5,840,963,1680,3392,1296,1452,1358.67,2847,4318.3,4278.5,4222.77,4217.46,460.21,460.38,458.17,458.35
CN7,8G,4,1,1,1467,3523,7701,13829,980,1500,1217.92,5036,8306.41,8300.39,8145.89,8181.68,906.05,907.72,895.53,894.8
CN7,8G,4,1,2,1745,3752,6587,14615,988,1481,1190.00,4917,7624.78,7608.86,7579.3,7522.32,828.95,829.64,830.83,828.39
CN7,8G,4,1,3,1860,3949,7177,10159,964,1494,1156.54,4814,7581.88,7663.11,7622.49,7599.18,824.77,831.31,832.24,827.92
CN7,8G,4,1,4,1631,3785,7242,13304,976,1462,1194.35,4920,7590.38,7647.17,7637.11,7570.53,828.26,825.94,833.26,825.71
CN7,8G,4,1,5,1827,3851,6980,12387,970,1490,1159.32,4799,7559.58,7642.16,7664.75,7569.38,822.69,825.23,827.51,826.47
CN7,8G,4,4,1,1156,3916,7701,10421,920,1338,1159.39,4839,7650.79,7676.07,7555.12,7561.23,826.57,828.85,826.82,829.09
CN7,8G,4,4,2,1090,3359,6652,15664,958,1406,1210.45,4879,7652.89,7642.08,7633.72,7490.44,831.15,832.21,835.53,827.09
CN7,8G,4,4,3,1057,2802,6521,11994,1026,1368,1231.54,5122,7587.0,7629.58,7559.82,7544.34,833.95,831.24,828.08,829.73
CN7,8G,4,4,4,1057,2737,6259,9765,1052,1356,1228.04,5064,8282.56,8328.87,8436.7,8251.94,909.83,912.84,918.96,905.36
CN7,8G,4,4,5,1156,4490,9110,17695,938,1360,1141.29,4752,7670.81,7611.99,7752.53,7698.25,830.51,826.14,836.8,828.26
CN7,8G,4,16,1,1172,3556,8979,16909,946,1398,1181.28,4787,7734.3,7692.76,7615.54,7785.82,831.09,830.77,831.64,832.86
CN7,8G,4,16,2,1123,3261,7111,9241,922,1388,1211.85,5002,8249.68,8158.88,8132.93,8224.73,893.41,893.75,891.58,893.21
CN7,8G,4,16,3,1139,3228,7373,12387,928,1342,1208.00,5014,7758.42,7670.01,7766.9,7672.41,834.31,828.92,835.1,831.85
CN7,8G,4,16,4,1319,4883,9634,13173,918,1350,1121.68,4649,7861.82,7786.3,7772.15,7675.96,830.31,831.04,829.62,830.95
CN7,8G,4,16,5,1020,1319,1860,3851,1172,1404,1293.35,5151,7478.91,7545.52,7472.39,7415.7,827.0,829.33,831.19,829.73
CN7,8G,8,1,1,5407,8029,11076,14877,464,1346,552.84,4619,8480.18,8479.12,8516.2,8430.93,921.98,919.85,925.09,922.31
CN7,8G,8,1,2,5276,7767,10421,12911,480,1386,571.42,4750,9006.04,9019.98,8941.75,8955.43,976.64,974.79,972.85,979.4
CN7,8G,8,1,3,5276,7832,10552,13566,476,1332,564.40,4697,9037.08,8934.83,8958.77,8976.6,976.33,973.7,977.27,979.11
CN7,8G,8,1,4,5538,8094,11469,15270,468,1316,546.74,4549,8510.42,8499.52,8497.43,8483.61,921.81,920.92,923.06,924.36
CN7,8G,8,1,5,5211,7898,11863,14746,454,1352,577.20,4792,8877.68,8958.02,8925.99,8970.35,976.93,975.01,974.83,977.82
CN7,8G,8,4,1,7177,10552,14877,17957,448,1194,551.70,4602,8518.42,8560.19,8560.77,8542.23,926.97,926.51,926.0,926.92
CN7,8G,8,4,2,6783,9896,14484,18482,464,1212,556.46,4653,8558.09,8599.2,8550.55,8595.17,923.45,927.25,927.09,927.52
CN7,8G,8,4,3,7308,10552,15533,20055,444,1246,530.04,4436,8681.32,8582.92,8608.06,8686.51,928.53,927.6,925.77,928.96
CN7,8G,8,4,4,7439,10683,15533,18482,440,1180,524.96,4385,8109.2,8176.46,8179.48,8113.59,876.26,876.12,877.03,876.31
CN7,8G,8,4,5,7177,10683,15008,19006,456,1248,543.62,4546,8561.0,8570.21,8585.4,8615.52,925.47,924.99,925.11,928.97
CN7,8G,8,16,1,7308,10683,15795,18744,444,1174,537.20,4485,8734.89,8645.77,8663.46,8797.47,930.58,926.77,928.29,932.06
CN7,8G,8,16,2,6783,10159,15139,22414,443,1186,552.74,4588,8786.23,8695.61,8629.13,8680.14,929.66,928.81,929.38,930.11
CN7,8G,8,16,3,8160,11731,17171,22676,428,1188,501.02,4193,8389.84,8376.49,8330.18,8451.34,881.39,881.92,880.65,884.15
CN7,8G,8,16,4,7242,10552,15008,18482,424,1178,526.35,4362,8291.66,8336.63,8259.02,8333.4,882.1,881.82,879.06,880.78
CN7,8G,8,16,5,7767,11469,15664,20841,416,1152,512.27,4282,8297.37,8317.41,8328.25,8250.91,882.99,879.16,880.41,879.68
CN7,8G,16,1,1,9241,11731,15533,17957,222,912,262.01,4386,9146.37,9140.14,9114.99,9013.01,979.49,980.48,978.25,977.44
CN7,8G,16,1,2,9241,11994,15664,18744,216,830,259.55,4324,8874.68,8868.82,8811.12,8808.79,951.93,951.1,951.87,952.12
CN7,8G,16,1,3,8848,11469,15664,19006,224,878,270.48,4512,9312.74,9414.3,9307.69,9237.57,1007.05,1009.58,1009.28,1006.93
CN7,8G,16,1,4,9110,11731,15270,17957,214,882,260.76,4351,9104.99,8997.41,9032.11,9084.65,976.55,975.66,975.23,981.3
CN7,8G,16,1,5,9110,11731,15533,18482,220,816,263.27,4409,9086.93,9059.55,9104.39,9079.87,976.86,980.14,976.9,978.55
CN7,8G,16,4,1,14484,18744,22938,26608,217,844,257.31,4312,8928.97,9019.82,8983.98,9023.52,955.66,958.61,956.44,959.5
CN7,8G,16,4,2,15664,20317,25297,29230,210,838,247.35,4143,8729.26,8775.2,8755.87,8799.81,929.35,931.68,930.75,932.08
CN7,8G,16,4,3,14091,18482,22676,25560,221,996,261.44,4368,9298.36,9221.5,9242.8,9199.36,987.51,985.6,984.91,982.86
CN7,8G,16,4,4,14484,18482,22676,25297,226,868,264.59,4432,9321.24,9214.62,9184.28,9220.69,987.69,983.31,983.27,984.46
CN7,8G,16,4,5,15139,19530,23725,26608,210,868,252.45,4228,9061.04,9005.21,9054.14,8973.56,958.8,956.18,957.69,957.73
CN7,8G,16,16,1,17433,22152,26870,31589,202,858,230.48,3858,8382.24,8377.22,8359.02,8394.84,862.87,864.82,863.09,865.65
CN7,8G,16,16,2,15401,20317,24511,28705,200,788,233.77,3921,8626.41,8596.36,8671.75,8619.14,887.08,885.01,887.37,886.88
CN7,8G,16,16,3,16712,21627,27132,30802,198,866,230.71,3866,8555.15,8568.11,8638.04,8563.02,882.66,883.03,885.94,884.14
CN7,8G,16,16,4,16188,20841,25035,28181,200,890,231.90,3885,8655.45,8631.58,8585.86,8545.28,887.81,887.41,886.0,886.44
CN7,8G,16,16,5,16057,20841,25822,33817,204,956,239.59,4006,8848.53,8784.74,8838.21,8803.42,911.39,908.7,909.68,910.26
CN7,16G,1,1,1,775,1020,1680,2671,1324,1578,1456.18,1527,22.62,22.75,22.57,10153.44,1.54,1.54,1.53,1179.76
CN7,16G,1,1,2,742,963,1532,2114,1337,1558,1452.27,1523,10153.55,13.47,13.43,13.37,1179.4,1.51,1.5,1.49
CN7,16G,1,1,3,750,979,1156,1483,1374,1538,1447.18,1518,13.56,10393.4,13.43,13.37,1.51,1179.7,1.5,1.49
CN7,16G,1,1,4,734,914,1860,2802,1232,1490,1451.77,1522,13.56,13.47,10067.5,13.37,1.51,1.51,1177.07,1.49
CN7,16G,1,1,5,775,1012,1254,1893,1267,1546,1444.59,1516,13.56,13.47,13.43,10325.01,1.51,1.51,1.5,1177.61
CN7,16G,1,4,1,734,791,1020,1778,1352,1476,1443.55,1514,2717.56,2705.83,2762.65,2733.66,295.17,294.19,294.62,294.98
CN7,16G,1,4,2,742,889,1090,1893,1258,1508,1456.91,1528,2701.13,2745.55,2769.22,2719.31,295.53,295.97,295.81,294.84
CN7,16G,1,4,3,750,881,1106,1926,1338,1490,1444.95,1516,2709.51,2739.98,2788.06,2747.83,294.88,294.87,297.48,294.78
CN7,16G,1,4,4,734,938,1123,1893,1230,1504,1455.73,1527,2673.85,2766.05,2758.01,2735.52,293.83,295.38,295.65,294.81
CN7,16G,1,4,5,742,865,1090,1811,1316,1498,1457.64,1528,2701.35,2692.62,2775.58,2742.6,294.0,294.36,294.64,295.75
CN7,16G,1,16,1,758,947,1418,1909,1376,1552,1451.05,1522,2711.35,2673.34,2770.8,2752.67,295.12,293.3,295.2,295.17
CN7,16G,1,16,2,725,791,1090,1909,1378,1566,1483.68,1556,2707.63,2695.91,2762.65,2733.1,294.28,294.14,295.51,296.11
CN7,16G,1,16,3,734,824,1205,1909,1318,1500,1457.59,1529,2765.71,2719.98,2762.73,2743.96,297.04,293.74,297.01,294.84
CN7,16G,1,16,4,750,963,1450,1991,1232,1580,1453.00,1524,2656.71,2715.48,2734.51,2733.17,293.62,294.09,295.75,295.67
CN7,16G,1,16,5,725,873,1270,1926,1292,1490,1452.95,1523,2681.07,2708.63,2792.8,2701.53,293.12,294.57,297.62,294.66
CN7,16G,2,1,1,807,906,1385,1926,1284,1462,1398.61,2911,12.86,12.79,9509.48,9759.76,1.41,1.41,1100.83,1100.09
CN7,16G,2,1,2,807,914,1369,1827,1292,1462,1399.91,2910,9350.6,9729.78,12.75,12.7,1100.08,1102.77,1.4,1.4
CN7,16G,2,1,3,807,922,1352,1876,1270,1480,1392.17,2904,12.87,12.79,9491.15,9626.7,1.41,1.41,1101.65,1102.5
CN7,16G,2,1,4,783,906,1401,2245,1288,1482,1418.96,2970,10009.64,10284.56,13.45,13.4,1179.13,1179.67,1.5,1.5
CN7,16G,2,1,5,799,922,1254,1614,1270,1457,1393.37,2910,12.87,12.79,9690.29,9559.04,1.41,1.41,1103.32,1097.95
CN7,16G,2,4,1,832,930,1156,2180,1210,1446,1375.35,2886,5082.8,5120.73,5101.29,5130.84,552.45,551.02,552.18,552.11
CN7,16G,2,4,2,832,930,1139,1991,1280,1432,1375.20,2887,5044.47,5114.73,5134.7,5150.45,549.82,550.87,551.26,550.7
CN7,16G,2,4,3,832,938,1123,1991,1278,1442,1368.13,2861,5087.28,5136.8,5051.5,5103.25,550.77,553.25,550.3,550.76
CN7,16G,2,4,4,857,971,1188,2343,1180,1426,1335.92,2791,5135.88,5146.8,5108.37,5191.58,550.5,552.05,551.81,553.38
CN7,16G,2,4,5,816,930,1139,1860,1281,1450,1395.33,2909,5061.01,5129.67,5161.17,5138.79,550.13,551.39,552.96,550.56
CN7,16G,2,16,1,832,938,1450,3326,1202,1440,1380.00,2894,5062.28,5134.41,5210.97,5232.52,552.82,551.79,553.68,556.84
CN7,16G,2,16,2,848,979,1450,2966,1216,1422,1349.71,2809,5160.12,5144.45,5219.38,5146.79,556.57,552.76,552.59,553.77
CN7,16G,2,16,3,840,955,1434,2278,1228,1440,1370.76,2873,5119.09,5127.01,5169.91,5162.26,553.35,551.34,554.88,554.63
CN7,16G,2,16,4,832,938,1483,1942,1216,1448,1372.15,2875,5126.49,5113.28,5108.85,5145.73,553.33,551.56,551.31,554.41
CN7,16G,2,16,5,832,947,1434,1876,1266,1444,1362.94,2857,5119.03,5135.42,5137.32,5204.53,552.03,551.43,553.18,557.05
CN7,16G,4,1,1,1450,3392,7111,14877,962,1514,1202.31,4973,8840.64,9041.95,8926.78,8898.16,971.66,974.42,973.91,972.3
CN7,16G,4,1,2,1811,3884,7767,15926,964,1494,1137.15,4701,8950.97,8939.9,9121.82,9096.36,974.76,974.51,974.69,979.54
CN7,16G,4,1,3,1778,3785,7701,14353,962,1470,1138.86,4734,8982.27,9053.44,9089.17,9132.89,973.82,973.48,973.23,975.43
CN7,16G,4,1,4,1418,3228,6325,12780,938,1476,1178.06,4840,8859.76,8968.4,8954.58,8990.99,974.67,972.15,972.94,974.64
CN7,16G,4,1,5,2114,4228,7898,16319,922,1484,1072.55,4451,8557.71,8633.48,8567.78,8604.85,918.92,920.89,921.02,924.71
CN7,16G,4,4,1,1549,4490,8586,12649,850,1406,1084.23,4391,8173.46,8173.2,8099.43,8134.06,874.97,872.51,869.32,872.75
CN7,16G,4,4,2,1401,4228,7767,10290,932,1364,1105.51,4590,8568.1,8630.6,8559.9,8661.64,919.72,921.04,921.76,920.67
CN7,16G,4,4,3,1516,4752,8979,12256,862,1370,1066.06,4447,8678.4,8669.59,8589.3,8683.02,923.35,923.68,919.32,923.27
CN7,16G,4,4,4,1188,2573,6259,11207,908,1330,1178.41,4863,8753.51,8998.14,8870.08,8960.77,972.24,974.63,973.93,973.96
CN7,16G,4,4,5,1254,3589,7308,10683,888,1358,1154.39,4790,8960.18,8976.0,9071.85,9058.86,974.36,976.48,977.79,976.8
CN7,16G,4,16,1,1532,4621,8455,11863,866,1330,1065.97,4446,8696.01,8664.24,8761.46,8765.22,925.54,928.18,927.28,930.06
CN7,16G,4,16,2,1696,5211,10028,14353,852,1400,1028.89,4192,8287.84,8327.8,8365.67,8324.86,877.25,877.65,880.09,878.97
CN7,16G,4,16,3,1795,5145,8979,12387,882,1374,1040.27,4286,8434.91,8308.69,8287.46,8306.26,884.94,879.76,880.9,880.67
CN7,16G,4,16,4,1762,5342,9765,13698,838,1346,1049.24,4313,8307.13,8281.12,8368.36,8360.05,879.11,882.36,879.52,883.52
CN7,16G,4,16,5,1614,5211,9372,12911,872,1356,1038.52,4278,8538.87,8291.96,8232.41,8349.21,880.22,878.06,878.74,879.18
CN7,16G,8,1,1,5538,8094,11469,15270,464,1308,530.22,4426,9217.52,9236.43,9393.1,9337.41,975.83,976.17,978.22,977.26
CN7,16G,8,1,2,5669,8291,11731,15139,452,1326,519.46,4325,8911.68,9040.49,8997.71,9182.74,947.1,948.05,948.92,951.55
CN7,16G,8,1,3,5538,8094,11076,14222,464,1298,530.87,4436,9197.29,9148.52,9166.36,9129.93,978.91,973.99,975.95,976.76
CN7,16G,8,1,4,5538,8094,11338,16581,454,1286,533.80,4450,9217.59,9200.7,9208.33,9159.93,977.25,976.15,977.76,976.76
CN7,16G,8,1,5,5276,7832,11469,15270,458,1348,550.85,4586,9405.16,9361.2,9396.87,9345.49,1008.65,1007.01,1004.2,1006.05
CN7,16G,8,4,1,7373,10945,15270,19530,444,1214,521.36,4373,9330.6,9241.29,9226.71,9221.36,981.38,980.08,980.38,981.59
CN7,16G,8,4,2,7439,10945,15401,19268,444,1218,511.75,4284,9170.28,8984.73,9204.06,9118.71,952.83,951.78,951.78,956.28
CN7,16G,8,4,3,7701,11207,16057,20317,442,1228,505.15,4226,9137.71,9163.43,9052.35,9249.65,952.28,952.56,952.16,953.31
CN7,16G,8,4,4,7177,10421,14484,17433,447,1232,530.69,4441,9251.2,9396.19,9413.84,9401.67,979.24,979.85,980.4,981.88
CN7,16G,8,4,5,7242,10290,14484,17433,442,1248,528.99,4421,9311.54,9301.55,9465.79,9470.84,978.35,980.43,980.87,981.76
CN7,16G,8,16,1,8291,11731,16319,19268,414,1184,475.17,3970,8752.69,8745.87,8666.4,8688.21,888.77,889.37,889.43,889.69
CN7,16G,8,16,2,7963,11600,16188,20841,416,1196,485.41,4068,8779.87,8915.19,8795.06,8695.49,912.82,913.65,914.2,912.89
CN7,16G,8,16,3,8094,11469,15795,19006,412,1188,480.21,4010,8769.78,8778.15,8942.73,8755.11,911.69,911.39,913.47,914.61
CN7,16G,8,16,4,8029,11469,15533,18220,418,1178,491.25,4110,9740.25,9029.04,9018.53,9198.45,940.25,937.33,938.08,940.64
CN7,16G,8,16,5,8291,11863,16581,21103,412,1178,474.50,3975,9399.3,9444.24,8885.04,8765.41,911.5,912.93,913.08,914.32
CN7,16G,16,1,1,9110,11731,15533,17957,216,862,257.95,4313,9906.56,9888.35,9610.04,9456.29,1005.66,1007.94,1005.25,1008.62
CN7,16G,16,1,2,8979,11469,15008,18220,220,818,260.74,4339,9960.28,9975.19,9538.65,9718.32,1006.29,1008.03,1006.73,1008.3
CN7,16G,16,1,3,8979,11469,15533,19268,220,938,262.14,4379,9947.7,9930.17,9653.74,9576.54,1007.05,1008.45,1007.11,1008.81
CN7,16G,16,1,4,9110,11731,15008,17957,212,960,258.09,4314,9960.22,9867.9,9716.87,9547.23,1005.25,1005.32,1005.52,1005.67
CN7,16G,16,1,5,8979,11600,15401,18744,216,880,262.12,4364,10004.18,9575.89,9554.83,9637.69,1007.78,1008.87,1007.16,1008.49
CN7,16G,16,4,1,15139,19530,23987,27657,210,894,247.54,4150,9978.3,9413.63,9423.4,9425.86,972.37,972.93,972.31,975.03
CN7,16G,16,4,2,15795,20055,24249,27657,208,910,244.30,4095,9866.8,9262.17,9284.54,9160.3,958.33,957.71,957.54,960.37
CN7,16G,16,4,3,15795,20317,24511,27919,208,816,241.50,4049,9793.2,9207.7,9072.21,9288.17,946.62,944.21,944.23,944.85
CN7,16G,16,4,4,15795,19792,23987,27657,212,920,242.88,4069,9956.43,9299.82,9218.07,9234.27,956.11,956.13,957.77,958.59
CN7,16G,16,4,5,15664,20317,24511,27657,207,820,243.35,4081,9981.46,9306.85,9266.79,9351.57,958.94,957.3,957.34,959.3
CN7,16G,16,16,1,16712,21627,26346,30802,198,814,225.20,3774,9456.68,8718.53,8917.91,8796.84,899.5,897.79,899.34,900.48
CN7,16G,16,16,2,16909,21365,26084,30016,198,850,226.43,3797,9589.4,8951.23,8926.52,8822.64,912.65,910.39,911.67,911.48
CN7,16G,16,16,3,16057,20579,25035,29230,194,848,226.81,3804,9045.28,8846.3,9075.15,8899.42,910.72,910.88,911.24,912.21
CN7,16G,16,16,4,16450,20841,25297,30278,197,782,224.73,3768,9081.62,8721.89,8789.41,8736.59,898.09,897.72,898.88,898.6
CN7,16G,16,16,5,16188,20841,25560,29492,200,880,227.80,3819,8939.46,8854.74,9022.01,8975.07,909.88,908.68,912.74,911.28
CN7,32G,1,1,1,725,840,2040,3228,1208,1506,1456.18,1528,10946.65,8.02,8.0,7.97,1314.82,0.88,0.88,0.87
CN7,32G,1,1,2,742,906,1762,5080,1330,1514,1449.80,1519,7.77,10548.02,11.0,10.89,0.85,1265.8,0.85,0.85
CN7,32G,1,1,3,734,873,2278,4015,1308,1502,1458.23,1529,15.52,14.27,10952.16,11.61,1.03,1.04,1316.64,0.88
CN7,32G,1,1,4,734,848,1745,2966,1294,1516,1463.07,1535,8.08,8.03,8.01,11077.33,0.88,0.88,0.88,1316.31
CN7,32G,1,1,5,717,881,2114,4424,1302,1568,1494.21,1566,10991.12,12.07,14.21,14.06,1318.42,0.89,1.03,1.03
CN7,32G,1,4,1,734,824,1074,1762,1324,1516,1471.23,1543,3107.77,3095.99,3094.77,3071.18,332.25,331.81,333.95,332.33
CN7,32G,1,4,2,742,873,1106,1778,1314,1516,1456.80,1528,3115.47,3079.56,3055.91,3116.26,331.62,331.96,332.18,333.49
CN7,32G,1,4,3,734,848,1090,1713,1262,1550,1472.09,1544,3148.13,3111.71,3075.93,3109.06,332.3,332.29,332.05,334.72
CN7,32G,1,4,4,734,832,1057,1778,1286,1520,1465.36,1538,3081.49,3112.67,3080.89,3058.66,331.83,331.89,331.62,332.49
CN7,32G,1,4,5,734,824,1090,1795,1286,1502,1457.86,1529,3089.83,3091.56,3136.47,3049.3,331.73,330.71,334.44,332.83
CN7,32G,1,16,1,734,824,1123,1991,1192,1560,1465.45,1537,3115.17,3102.99,3087.93,3030.18,332.49,332.51,333.6,332.12
CN7,32G,1,16,2,742,807,1074,1876,1351,1550,1448.16,1519,3115.1,3121.4,3104.41,3063.78,333.06,333.84,332.37,333.5
CN7,32G,1,16,3,742,865,1123,1876,1226,1518,1448.93,1520,3115.3,3092.72,3129.7,3038.38,333.07,331.56,333.96,332.03
CN7,32G,1,16,4,742,832,1106,1958,1358,1498,1454.76,1526,3085.58,3099.92,3069.74,3055.63,332.24,332.42,332.26,332.61
CN7,32G,1,16,5,734,824,1106,1893,1336,1496,1455.89,1527,3115.34,3084.8,3092.1,3101.39,332.91,331.55,332.52,333.18
CN7,32G,2,1,1,832,914,1205,1500,1260,1440,1350.16,2823,10847.06,7.67,7.65,10917.8,1222.85,0.82,0.81,1225.87
CN7,32G,2,1,2,824,906,1500,2573,1270,1502,1370.14,2859,13.99,10714.37,10513.57,14.03,0.96,1224.77,1224.88,0.95
CN7,32G,2,1,3,824,914,1532,2573,1280,1500,1378.88,2871,10475.65,7.67,7.65,10912.96,1223.61,0.82,0.81,1226.42
CN7,32G,2,1,4,832,922,1696,2573,1253,1474,1370.49,2871,11.73,10643.41,10608.95,14.22,0.83,1225.08,1225.72,0.95
CN7,32G,2,1,5,881,971,1172,1565,1138,1442,1320.51,2708,10586.14,7.48,7.42,10802.86,1183.64,0.79,0.79,1185.74
CN7,32G,2,4,1,1139,1434,1647,1844,778,1470,1256.86,2606,5381.48,5346.32,5310.44,5311.76,573.16,572.67,572.85,572.52
CN7,32G,2,4,2,1139,1450,1680,1893,820,1444,1280.80,2679,5363.66,5385.19,5330.96,5290.21,573.84,572.78,573.37,573.0
CN7,32G,2,4,3,1139,1418,1631,1909,822,1446,1285.26,2674,5298.73,5336.19,5322.89,5281.53,571.44,573.38,572.16,573.02
CN7,32G,2,4,4,1139,1418,1631,1827,806,1460,1285.11,2676,5386.08,5347.47,5325.86,5308.63,572.1,572.68,572.66,573.78
CN7,32G,2,4,5,1139,1467,1680,1893,806,1452,1279.44,2638,5278.09,5376.43,5353.51,5289.51,570.93,573.22,574.59,572.93
CN7,32G,2,16,1,1090,1434,1663,2073,816,1502,1302.39,2681,5567.55,5608.06,5539.65,5459.05,593.33,594.68,596.15,596.23
CN7,32G,2,16,2,1106,1450,1696,1860,788,1444,1285.28,2678,5376.57,5399.23,5353.73,5288.71,574.86,575.04,575.13,574.47
CN7,32G,2,16,3,1156,1418,1647,1876,900,1448,1290.58,2703,5483.52,5581.28,5546.4,5512.7,595.37,595.55,595.42,593.82
CN7,32G,2,16,4,1037,1352,1582,1893,838,1534,1319.24,2714,5532.34,5594.46,5534.66,5560.53,594.38,595.02,596.28,595.48
CN7,32G,2,16,5,1090,1401,1631,1958,802,1446,1299.95,2676,5394.26,5397.65,5422.6,5339.41,573.21,574.56,573.67,574.71
CN7,32G,4,1,1,2089,4178,8160,14484,924,1498,1072.76,4484,9521.96,9559.1,9526.61,9472.75,1005.22,1005.16,1005.78,1005.62
CN7,32G,4,1,2,2089,4146,7963,16909,932,1512,1064.28,4444,9174.8,9181.47,9161.04,9216.29,977.29,976.48,979.36,976.62
CN7,32G,4,1,3,2212,4228,7767,13698,904,1500,1044.86,4360,9214.98,9232.71,9130.05,9206.3,977.66,975.48,976.1,978.71
CN7,32G,4,1,4,2180,4293,8225,15008,930,1464,1055.32,4394,9243.69,9207.06,9193.92,9185.16,979.5,977.94,977.57,978.7
CN7,32G,4,1,5,2057,4113,8094,15008,922,1496,1077.22,4503,9377.26,9431.16,9380.7,9389.82,1004.66,1006.74,1006.7,1007.86
CN7,32G,4,4,1,1483,4490,8356,11731,908,1354,1052.99,4333,8956.14,8955.37,8866.04,8873.56,950.61,951.2,951.18,948.34
CN7,32G,4,4,2,1303,3032,6849,10421,924,1410,1112.83,4563,9283.1,9351.97,9273.85,9360.18,1004.9,1003.56,1007.84,1006.37
CN7,32G,4,4,3,1549,4490,7898,11076,894,1406,1037.06,4263,8941.23,9093.31,8931.06,8999.01,948.72,949.61,948.84,952.2
CN7,32G,4,4,4,1434,4293,7635,10945,820,1376,1070.95,4413,9221.69,9329.81,9253.87,9254.25,976.52,977.96,978.06,978.65
CN7,32G,4,4,5,1582,4490,7832,10683,862,1376,1054.66,4367,9262.47,9137.04,9098.9,9217.29,975.72,976.47,978.15,977.61
CN7,32G,4,16,1,2114,5669,9896,13566,822,1368,985.24,4112,8920.3,8794.28,8843.12,8862.75,929.05,928.78,930.08,931.19
CN7,32G,4,16,2,2024,5538,9634,13173,824,1346,982.73,4056,8690.72,8743.19,8725.75,8822.03,903.08,903.99,905.15,905.95
CN7,32G,4,16,3,1631,4752,8291,12780,872,1362,1034.60,4283,9240.9,9076.46,9103.06,9150.79,957.0,956.31,955.59,955.54
CN7,32G,4,16,4,2008,5407,9372,12780,818,1446,988.34,4032,8781.5,8749.9,8784.9,8641.16,906.51,904.05,907.39,906.7
CN7,32G,4,16,5,1860,5342,9634,14091,842,1336,997.52,4162,8981.99,8897.01,8931.88,8927.19,929.92,929.82,930.82,930.78
CN7,32G,8,1,1,5800,8455,11731,15270,448,1290,504.84,4216,9319.58,9309.21,9374.94,9393.2,975.69,977.04,978.71,974.84
CN7,32G,8,1,2,5669,8225,11731,15139,456,1366,515.86,4310,9576.17,9509.34,9588.05,9589.04,1006.34,1007.38,1004.57,1007.17
CN7,32G,8,1,3,5538,8094,11207,15008,442,1344,527.48,4400,9717.99,9641.38,9650.7,9852.59,1021.68,1022.95,1026.27,1024.9
CN7,32G,8,1,4,5669,8291,11469,14222,454,1348,513.68,4288,9388.33,9404.8,9393.46,9337.2,990.46,991.89,995.15,992.13
CN7,32G,8,1,5,5473,8029,11731,16909,458,1362,531.19,4422,9601.73,9630.21,9641.49,9660.41,1021.3,1022.43,1022.07,1021.39
CN7,32G,8,4,1,7635,10945,15139,18744,428,1234,501.90,4198,9381.08,9254.09,9377.89,9300.36,980.4,980.86,982.28,981.61
CN7,32G,8,4,2,7635,10945,15401,18220,430,1218,500.78,4190,9527.11,9461.13,9423.61,9507.29,979.85,980.54,980.5,980.98
CN7,32G,8,4,3,7570,10814,15139,17957,440,1230,508.38,4262,9674.96,9515.72,9475.68,9557.28,994.65,995.92,993.65,997.29
CN7,32G,8,4,4,7439,10945,15270,19006,438,1190,518.97,4350,9761.46,9645.05,9647.83,9837.83,1009.8,1010.13,1009.49,1012.67
CN7,32G,8,4,5,7439,10421,14353,17433,448,1196,511.78,4283,9562.06,9495.0,9541.35,9669.14,992.97,996.52,996.16,999.1
CN7,32G,8,16,1,8225,11731,16581,19792,402,1172,475.06,3980,9212.72,9075.11,9092.86,9130.67,939.0,938.37,939.3,941.59
CN7,32G,8,16,2,8356,12125,16909,21103,408,1156,466.40,3911,9050.54,8982.46,8882.84,8933.57,924.71,925.58,924.63,927.84
CN7,32G,8,16,3,8225,11863,16319,20317,416,1162,468.88,3919,9059.13,9005.99,9168.56,8998.25,925.57,926.58,925.67,929.68
CN7,32G,8,16,4,8291,11863,16057,20317,398,1144,469.71,3933,8985.65,9063.43,9031.94,9224.11,924.33,927.95,925.93,926.96
CN7,32G,8,16,5,8225,11731,16319,20317,398,1162,468.49,3908,9140.7,9199.05,9440.47,9462.19,926.02,927.85,925.98,927.49
CN7,32G,16,1,1,9110,11863,15795,18744,207,890,255.45,4266,9675.4,9762.9,10043.29,9957.83,1006.84,1008.91,1008.81,1007.1
CN7,32G,16,1,2,493,575,278,112.12,1875,,,,4.22,4.48,4.45,14398.05,0.19,0.2,0.19,1757.48
CN7,32G,16,1,3,9110,11731,15270,18744,219,704,258.23,4310,9822.13,9758.21,10165.47,9966.96,1023.62,1023.0,1023.34,1025.45
CN7,32G,16,1,4,9241,11863,15926,18744,214,1008,253.92,4237,9645.03,9691.7,9936.47,9816.04,1000.42,1002.08,1000.28,1001.56
CN7,32G,16,1,5,5800,8586,354419,574620,1128,297.11,4112,,13616.44,2.85,11672.63,5862.53,1677.34,0.17,1437.36,718.83
CN7,32G,16,4,1,15533,20055,24511,28443,208,650,241.41,4046,9198.09,9517.82,9889.37,9344.87,967.77,967.01,967.11,967.93
CN7,32G,16,4,2,15401,19530,23987,27132,208,920,242.64,4067,9276.16,9508.63,10056.2,9230.34,974.46,971.63,975.74,973.47
CN7,32G,16,4,3,16450,20841,25297,29754,207,872,237.67,3987,9049.14,9291.87,9792.17,9209.27,952.55,951.94,952.97,953.9
CN7,32G,16,4,4,15533,19792,24249,27657,204,858,242.76,4067,9291.38,9449.8,10197.26,9414.51,972.51,972.0,974.53,974.13
CN7,32G,16,4,5,15533,20055,24249,27132,207,906,238.25,3994,9342.51,9625.17,9819.8,9439.81,957.96,960.08,957.32,961.58
CN7,32G,16,16,1,16712,21365,26608,31851,175,820,221.45,3714,8946.82,9085.66,9748.12,8918.96,905.99,906.56,905.11,908.36
CN7,32G,16,16,2,16909,21627,26608,30278,192,850,222.18,3725,8939.01,9072.29,9017.74,9170.23,910.98,912.16,911.42,912.99
CN7,32G,16,16,3,16581,21365,26346,30540,193,842,221.50,3715,9150.5,8935.06,8997.03,9173.32,906.26,905.75,906.14,907.72
CN7,32G,16,16,4,16450,21365,26608,31327,182,826,221.15,3709,9099.16,9104.49,9255.87,9027.56,905.08,909.0,905.0,906.83
CN7,32G,16,16,5,16909,21627,26870,31327,192,872,221.37,3710,9139.77,9052.53,9113.2,9012.31,905.73,906.65,906.18,906.82
