1021-1613
CN8,4G,1,12,1,775,1020,1680,1909,1268,1496,1426.80,1498,2194.06,2199.96,2151.05,2170.22,229.98,231.06,230.46,231.04,2150.61,2178.26,2149.14,2147.16,230.13,230.9,230.15,231.61,2178.83,2208.46,2171.3,2134.66,231.09,230.9,231.66,230.14
CN8,4G,1,12,2,824,1074,1844,2040,1282,1512,1410.00,1478,1822.2,1785.69,1809.76,1820.19,194.49,194.45,195.01,196.0,1792.09,1771.36,1785.84,1790.42,194.88,194.42,194.73,194.91,1802.42,1790.82,1786.26,1809.28,194.75,194.28,194.47,195.13
CN8,4G,1,12,3,848,1139,1827,1876,1258,1465,1403.00,1474,1823.63,1784.12,1774.48,1761.62,196.43,194.0,194.39,194.24,1778.1,1777.51,1790.27,1796.42,194.92,194.28,194.72,193.91,1771.14,1864.54,1765.69,1743.14,193.65,195.29,194.0,194.59
CN8,4G,1,12,4,734,906,1811,2057,1346,1526,1456.00,1527,2091.07,2107.47,2091.22,2070.89,226.84,227.85,227.61,226.98,2096.95,2110.93,2107.82,2106.0,226.7,227.26,227.23,227.14,2133.66,2130.96,2149.8,2079.33,227.86,228.86,228.82,227.92
CN8,4G,1,12,5,881,1123,1778,1975,1246,1466,1377.80,1461,1872.06,1809.83,1809.91,1779.34,195.61,194.65,194.17,194.18,1807.24,1781.51,1801.84,1796.71,194.1,193.73,194.54,194.7,1781.57,1819.83,1798.98,1824.14,194.38,194.05,194.76,194.85
CN8,4G,2,12,1,881,1057,1631,1860,1164,1382,1336.33,2789,4248.9,4311.31,4317.9,4219.06,459.97,461.94,462.64,460.87,4197.28,4315.1,4227.82,4240.84,460.8,462.74,459.49,460.57,3667.29,3634.69,3576.98,3578.14,394.56,393.88,392.99,394.51
CN8,4G,2,12,2,914,1074,1663,1860,1176,1428,1312.83,2680,3698.78,3671.13,3764.77,3683.49,396.72,394.62,397.13,396.67,3737.82,3631.67,3690.75,3713.84,397.56,394.19,395.86,395.4,3701.15,3700.55,3684.84,3676.58,396.77,395.08,394.8,396.43
CN8,4G,2,12,3,848,1020,1696,2343,1274,1496,1379.40,2875,3676.09,4251.82,4307.07,3741.24,398.09,459.61,462.98,400.17,4209.63,4141.28,4222.33,4201.35,459.58,460.39,459.62,460.69,3636.87,4019.98,4150.85,3680.44,394.38,441.17,440.31,395.72
CN8,4G,2,12,4,824,1012,1729,2089,1348,1470,1394.40,2907,4357.92,4273.49,4251.91,4244.91,462.18,460.61,460.97,459.76,4333.97,4297.78,4196.01,4319.02,462.39,462.62,459.04,460.39,4322.36,4287.49,4230.66,4317.85,461.59,464.11,459.17,462.75
CN8,4G,2,12,5,840,1004,1680,2311,1260,1478,1394.00,2846,3627.23,3641.43,3650.5,3724.79,393.12,395.06,394.63,396.85,3672.84,3728.25,3687.3,3689.31,394.82,397.15,398.23,395.9,3705.45,3631.14,3670.43,3739.88,397.18,396.49,397.15,397.86
CN8,4G,4,12,1,996,1188,1663,2573,1178,1358,1285.42,5340,6836.52,6924.0,6787.79,6831.65,787.76,788.11,787.33,787.23,6942.12,6875.12,6871.14,6888.05,786.71,786.21,786.39,785.73,5900.9,6000.25,5919.88,5905.27,688.28,692.37,688.31,685.35
CN8,4G,4,12,2,1020,1254,1680,2040,1222,1378,1273.75,5267,7611.52,7709.53,7641.42,7564.41,914.95,915.92,915.93,911.89,7160.28,7036.41,7057.03,7024.18,788.27,789.5,790.21,789.08,6513.61,6503.87,6594.02,6587.9,784.9,785.12,786.59,786.22
CN8,4G,4,12,3,996,1237,1762,2008,1158,1348,1284.08,5262,6501.11,6508.46,6492.53,6489.1,785.39,785.34,784.52,784.7,6619.58,6526.28,6447.18,6445.91,786.47,786.03,780.5,776.58,6429.67,6418.52,6477.15,6486.92,691.03,691.13,691.78,692.07
CN8,4G,4,12,4,1012,1270,2245,5342,1198,1336,1275.88,5301,6693.83,6694.47,6681.97,6673.83,786.68,786.5,786.26,785.69,6067.89,5893.38,5849.92,5832.18,689.84,688.39,687.91,687.53,5792.68,5732.15,5739.03,5876.8,687.46,687.52,682.43,685.43
CN8,4G,4,12,5,979,1172,1598,2212,1234,1352,1302.38,5438,8249.49,8349.06,8243.14,8301.64,914.2,913.67,910.79,919.19,8382.7,8518.18,8274.07,8407.25,914.28,917.36,911.93,915.77,6990.22,6979.76,7114.48,7014.93,781.46,782.16,789.94,782.56
CN8,4G,8,12,1,1057,20579,26870,27919,498,1360,862.75,6960,9611.88,9727.18,9488.74,9518.74,1136.95,1142.04,1116.59,1118.94,9792.97,9539.8,9689.51,9651.28,1138.28,1118.73,1136.24,1135.37,10233.4,10325.27,10307.94,10274.51,1220.57,1220.78,1220.55,1220.6
CN8,4G,8,12,2,1795,16057,22414,26084,359,1342,768.27,5924,8945.82,9352.56,8848.81,9184.51,1032.59,1101.21,1059.45,1097.73,9373.35,9573.83,9536.87,9301.38,1100.96,1133.45,1134.43,1099.62,9175.16,9219.21,9288.19,9707.69,1097.08,1097.16,1099.55,1133.36
CN8,4G,8,12,3,1074,30802,35914,37487,490,1340,862.15,6884,9975.04,10133.64,9922.47,9782.03,1154.48,1164.91,1167.86,1158.11,9502.06,9377.45,9384.88,9383.19,1100.46,1100.28,1100.13,1098.55,9434.79,9526.97,9159.58,9544.59,1099.02,1103.3,1065.77,1099.87
CN8,4G,8,12,4,1106,2835,37487,38011,438,1308,887.74,7071,9650.19,9653.49,9444.56,9818.8,1142.24,1141.2,1129.1,1170.49,9658.85,9767.58,9526.38,9742.39,1152.19,1158.45,1143.44,1161.76,10112.12,10241.54,10192.77,10367.57,1219.4,1222.05,1219.68,1223.25
CN8,4G,8,12,5,1385,18220,23200,27657,364,1354,712.97,5608,9566.63,9874.79,9776.07,10087.51,1143.88,1176.62,1170.38,1204.84,9728.4,9504.28,9289.62,9814.92,1102.23,1101.16,1066.05,1135.12,9074.92,9159.01,9454.61,9213.53,1066.02,1097.43,1133.67,1095.07
CN8,4G,16,12,1,21103,39060,46924,56886,178,1192,338.19,5371,10781.05,10704.07,10618.69,10697.1,1289.8,1282.63,1277.98,1285.44,10725.54,11085.71,10757.61,11037.67,1271.39,1312.84,1291.12,1311.38,10175.58,10010.79,10125.35,10155.47,1219.79,1200.43,1218.1,1201.58
CN8,4G,16,12,2,18220,28705,40633,53216,120,1068,294.47,4495,10349.59,10267.03,10399.22,10177.27,1160.38,1144.12,1162.3,1178.71,9800.62,10104.02,10189.43,10125.59,1086.06,1105.87,1137.62,1105.49,9889.19,9634.78,9634.83,9867.34,1104.03,1101.74,1103.04,1088.47
CN8,4G,16,12,3,17695,31589,39060,51643,170,1134,331.67,5373,10601.09,10776.47,10630.56,10730.5,1271.3,1294.48,1272.01,1290.93,10798.11,10903.57,10772.06,10849.01,1292.11,1303.59,1291.43,1292.6,10506.36,10750.41,10743.94,11262.07,1251.95,1291.71,1291.95,1333.42
CN8,4G,16,12,4,22152,38536,50594,61080,144,1064,311.36,4638,10595.55,10671.63,10848.88,10649.38,1222.13,1225.28,1244.1,1226.43,10178.22,9898.37,10080.76,10104.71,1177.04,1158.51,1160.11,1143.28,9962.63,9885.9,9795.65,10194.68,1157.89,1158.32,1140.73,1161.64
CN8,4G,16,12,5,28967,49546,58459,65274,1120,292.25,4318,,10627.96,10583.03,10445.8,9689.32,1181.77,1163.1,1163.46,1107.67,10107.43,9906.57,10142.59,10066.79,1106.6,1105.2,1107.51,1107.01,10042.04,10081.33,10122.93,9846.29,1119.96,1120.88,1121.5,1087.58
CN8,8G,1,12,1,783,938,1614,1926,1324,1520,1437.45,1508,2849.95,2942.44,2830.5,2862.61,303.18,309.68,302.44,304.28,2836.99,2947.08,2901.23,2924.58,309.03,310.81,309.8,309.34,2908.13,2911.88,2910.44,2877.46,309.16,309.17,310.02,309.28
CN8,8G,1,12,2,766,1020,1647,1942,1310,1562,1460.73,1532,2922.51,2899.34,2913.62,2872.83,308.36,308.15,307.81,309.08,2908.32,2963.31,2898.12,2891.25,308.51,309.22,308.16,308.33,2926.8,2953.11,2850.11,2912.47,307.59,307.95,309.71,307.91
CN8,8G,1,12,3,824,1123,1663,1991,1264,1510,1404.64,1475,2623.76,2629.81,2579.86,2628.15,280.1,277.76,277.9,280.04,2603.99,2643.48,2602.72,2575.03,277.61,279.02,277.03,277.2,2587.82,2618.9,2689.3,2593.83,276.49,277.25,278.87,276.86
CN8,8G,1,12,4,734,857,1598,1975,1286,1572,1481.09,1553,2924.63,3017.68,2855.62,2890.17,309.88,309.77,307.99,309.02,2883.0,2920.87,2920.91,2960.81,308.26,309.76,308.29,309.45,2922.14,2957.23,2937.45,2906.59,309.95,310.48,310.14,307.62
CN8,8G,1,12,5,799,1012,1663,1876,1316,1580,1437.55,1510,2649.94,2610.21,2643.66,2604.17,278.22,278.02,278.72,278.61,2560.52,2654.54,2601.91,2565.96,275.89,277.63,278.06,277.4,2607.63,2671.21,2628.91,2608.63,278.77,278.66,278.71,277.56
CN8,8G,2,12,1,824,996,1680,1975,1310,1506,1393.09,2931,5239.07,5443.82,5289.57,5195.56,557.98,554.6,557.1,555.7,5460.61,5293.39,5475.53,5319.04,554.53,554.32,555.69,555.87,4869.03,4947.1,4786.38,4968.58,505.06,505.55,502.1,505.0
CN8,8G,2,12,2,725,848,1598,1860,1352,1472,1442.77,3015,5798.42,5981.92,5800.64,5748.52,615.86,617.06,615.87,615.46,5943.91,5929.78,6065.04,5874.83,615.33,615.87,616.43,615.53,5366.34,5403.12,5461.52,5462.35,554.0,556.0,555.94,553.99
CN8,8G,2,12,3,824,955,1582,1827,1240,1480,1383.18,2887,5785.32,6022.82,5717.43,5809.09,617.32,615.17,615.19,617.71,5940.36,5967.01,6050.05,6035.62,614.77,618.91,616.22,617.4,5354.25,5446.63,5336.63,5369.86,556.67,557.47,554.48,554.74
CN8,8G,2,12,4,848,963,1582,1942,1254,1482,1355.00,2839,5766.0,5984.27,5806.99,5765.77,619.11,617.92,616.78,616.27,6027.7,6057.8,5950.06,5912.63,619.4,618.77,615.49,616.32,5400.46,5439.04,5369.04,5316.66,555.67,554.6,554.38,553.59
CN8,8G,2,12,5,857,1045,1500,1926,1156,1488,1367.91,2857,5130.91,5479.36,5292.8,5184.4,552.93,555.7,558.67,554.13,5314.54,5387.93,5423.66,5392.07,553.23,557.29,555.49,554.37,4939.97,4879.14,4781.59,4798.43,505.99,505.32,502.79,503.16
CN8,8G,4,12,1,955,1123,1647,2343,1220,1392,1315.00,5479,10030.72,10516.16,10128.21,10007.21,1073.0,1069.27,1072.25,1073.31,9973.45,9974.44,9930.17,9914.98,1032.84,1030.7,1023.09,1026.78,9870.89,9958.6,9897.42,9776.8,1009.66,1014.39,1010.44,1010.41
CN8,8G,4,12,2,979,1139,1778,4359,1218,1382,1296.50,5402,9395.76,9240.71,8989.76,8904.11,1066.8,1010.29,1005.52,1002.6,9235.73,9178.85,8618.67,8958.53,1008.81,1008.13,941.4,1003.77,8359.08,8257.9,8469.23,8390.08,919.21,921.23,925.21,922.31
CN8,8G,4,12,3,955,1205,2769,8291,1194,1380,1311.50,5397,9272.55,9522.3,9638.45,9125.64,1101.48,1103.92,1166.95,1099.41,8411.44,8500.62,7791.73,8228.29,1000.38,1000.68,936.64,941.33,8067.56,8780.49,8754.73,8798.53,937.85,1001.09,1059.58,1060.36
CN8,8G,4,12,4,996,1205,1614,1909,1214,1346,1280.67,5319,10040.52,9976.24,9903.18,10082.95,1172.97,1158.98,1179.33,1202.67,9313.8,9938.89,9626.92,9735.03,1035.84,1106.14,1099.75,1104.19,9388.33,9529.21,9335.91,9742.34,1102.23,1032.54,1102.19,1167.85
CN8,8G,4,12,5,1020,1254,1631,1926,1138,1318,1279.25,5321,8522.44,8669.21,8577.62,8584.89,999.46,1003.22,1002.62,1005.45,8579.38,8765.37,8515.31,8566.23,1001.75,1004.97,996.95,1003.51,8672.13,8437.84,8392.48,8436.32,1002.49,1000.53,999.0,996.0
CN8,8G,8,12,1,1319,25560,26346,27132,488,1326,672.29,5604,10241.67,10312.08,10207.72,10294.55,1224.06,1224.21,1222.92,1190.8,10397.68,10739.17,10515.43,10259.48,1222.86,1261.58,1223.97,1223.36,10309.98,10160.97,10177.75,10150.48,1222.23,1219.62,1220.53,1219.52
CN8,8G,8,12,2,1205,25560,26084,26870,502,1328,690.33,5706,10932.46,11179.62,10859.08,11115.64,1312.1,1324.85,1302.36,1315.72,11048.17,10849.29,11299.81,11273.56,1316.46,1295.21,1339.49,1342.19,10781.29,10789.1,10762.28,10748.88,1292.16,1292.96,1292.49,1291.51
CN8,8G,8,12,3,1303,25560,26084,26870,526,1334,712.34,5842,11044.11,10840.7,10915.85,10915.23,1319.72,1305.46,1319.69,1314.6,11048.38,11368.44,11340.33,10957.58,1328.5,1342.72,1346.3,1312.41,11337.02,11384.38,10999.95,11492.77,1357.42,1359.18,1328.73,1370.58
CN8,8G,8,12,4,1237,25560,26346,27657,502,1334,711.50,5887,11143.27,10731.24,10787.67,10983.8,1343.95,1291.36,1300.18,1320.46,10752.29,11271.69,11326.37,10958.91,1301.48,1342.53,1336.15,1330.91,11233.15,11140.92,11297.76,11300.2,1357.56,1341.06,1363.4,1361.36
CN8,8G,8,12,5,5014,19792,24511,27395,359,1327,626.55,4946,10919.14,10906.05,10768.61,10868.84,1296.89,1297.87,1260.38,1285.9,10203.15,10802.37,10754.83,10300.56,1218.67,1229.86,1263.31,1226.28,10111.83,10120.54,10278.49,10360.06,1219.96,1220.13,1222.6,1224.34
CN8,8G,16,12,1,22152,39060,49546,54789,150,1032,296.15,4622,11317.06,11149.41,11289.87,10898.15,1304.95,1333.53,1321.01,1244.48,11054.27,10915.24,11020.04,10980.69,1298.48,1276.61,1297.93,1298.79,10870.7,10963.16,11110.87,11094.59,1275.73,1296.51,1314.65,1315.78
CN8,8G,16,12,2,21890,35390,45351,51119,156,1184,294.81,4725,11744.38,11675.44,11756.9,11458.0,1368.54,1380.7,1399.15,1375.53,11496.48,10982.81,10696.59,11318.93,1392.69,1293.22,1270.91,1372.47,11024.94,11042.63,11341.36,11462.15,1294.7,1330.73,1336.17,1356.39
CN8,8G,16,12,3,25035,42206,54789,62653,124,1146,274.25,4344,11281.89,11339.05,10948.57,11005.67,1242.24,1242.62,1239.46,1221.97,10622.9,10726.59,10916.16,10968.08,1231.52,1228.1,1230.79,1269.3,11449.34,11286.45,11300.99,11237.26,1226.18,1205.45,1207.68,1173.19
CN8,8G,16,12,4,27132,42730,50594,56886,1184,283.82,4383,,10691.28,10659.64,10912.71,10448.02,1261.1,1259.52,1299.47,1240.78,10618.77,10954.77,10824.14,10627.52,1260.64,1261.91,1276.16,1259.58,10440.42,10882.92,10159.58,10444.35,1222.65,1246.36,1185.99,1204.76
CN8,8G,16,12,5,24249,39060,49546,55837,128,1340,274.59,4334,10858.04,10751.69,11000.07,10915.98,1264.16,1246.46,1284.26,1264.59,10903.14,11048.79,11453.69,10934.78,1283.33,1263.16,1267.92,1266.06,10422.02,10830.4,11140.99,10760.72,1206.28,1211.14,1249.67,1227.25
CN8,16G,1,12,1,725,979,1434,1762,1268,1560,1482.82,1555,3736.73,3695.77,3683.37,3717.44,396.56,395.52,395.54,395.12,3456.24,3616.97,3546.39,3452.39,369.51,370.52,370.14,369.03,3480.59,3564.05,3573.98,3624.86,368.73,370.47,369.98,371.51
CN8,16G,1,12,2,775,1004,1369,1942,1244,1534,1442.68,1514,3399.78,3465.66,3488.13,3494.65,368.56,370.25,370.95,370.49,3434.51,3559.37,3542.93,3403.06,371.2,370.2,368.49,368.67,3346.37,3435.36,3281.68,3283.57,346.79,347.47,345.77,345.18
CN8,16G,1,12,3,750,889,1254,1876,1270,1558,1455.64,1527,3472.43,3380.79,3489.09,3437.55,370.91,368.56,369.84,369.02,3445.18,3544.51,3578.07,3410.87,370.59,369.28,368.9,369.98,3303.94,3310.68,3317.81,3296.95,346.22,346.28,346.58,345.06
CN8,16G,1,12,4,742,938,1385,1926,1324,1580,1487.00,1559,3720.75,3659.21,3755.61,3637.74,396.44,395.46,400.55,393.69,3746.49,3770.84,3874.43,3679.22,396.83,395.36,398.25,395.24,3525.73,3582.31,3509.88,3676.74,368.93,370.11,368.89,373.66
CN8,16G,1,12,5,758,996,1303,1762,1344,1550,1464.00,1536,4300.71,3500.47,3458.57,3469.9,461.38,370.24,368.34,369.76,3461.19,2581.72,3556.28,3448.75,369.85,276.41,370.3,370.88,3404.51,3314.57,3318.01,3323.89,346.91,346.52,345.9,346.14
CN8,16G,2,12,1,832,947,1270,7570,1190,1516,1391.09,2857,6473.04,6545.26,6736.66,6530.59,692.9,694.68,701.95,694.25,6496.37,6907.99,6872.39,6553.45,693.41,697.11,697.25,693.23,6396.55,6462.77,6478.07,6488.44,650.14,652.34,652.97,655.0
CN8,16G,2,12,2,832,947,1237,1876,1230,1478,1370.43,2873,6386.18,6579.77,6499.43,6551.29,692.33,695.35,694.28,697.26,6445.45,6822.01,6896.15,6512.78,694.49,692.12,695.55,693.35,6862.15,6834.58,6942.52,6741.1,692.42,694.81,697.47,692.63
CN8,16G,2,12,3,832,947,1270,1893,1294,1475,1361.94,2840,6531.5,6566.78,6471.5,6483.31,694.62,695.72,694.36,694.44,6458.96,6829.83,6971.91,6469.98,693.75,692.82,699.71,692.07,6482.04,6523.33,6538.86,6512.87,653.11,653.07,652.3,653.51
CN8,16G,2,12,4,840,947,1205,1778,1244,1420,1348.62,2826,6472.38,6454.6,6523.66,6419.09,694.16,693.59,693.33,693.06,6503.66,6973.91,6892.68,6598.55,694.68,696.16,694.03,695.59,6879.3,6920.11,6943.36,6941.69,694.08,693.01,694.71,696.17
CN8,16G,2,12,5,848,979,1287,1844,1242,1480,1370.04,2837,6487.03,6529.06,6477.77,6503.58,694.59,693.21,693.24,693.65,6460.17,6783.85,7012.31,6515.69,692.02,693.7,694.83,693.57,6901.38,7024.12,6895.68,6870.45,695.35,694.09,695.03,694.14
CN8,16G,4,12,1,1205,1762,2573,3818,726,1366,1193.92,4976,10164.42,10400.34,9589.47,10071.97,1219.98,1224.63,1075.96,1220.77,10016.99,10235.38,10426.07,10074.23,1220.14,1219.3,1221.72,1220.08,10146.38,9942.55,10140.33,9618.93,1224.67,1156.25,1226.68,1156.41
CN8,16G,4,12,2,1319,2245,8455,12256,650,1364,1131.56,4704,10193.44,10736.63,10014.27,10226.04,1221.55,1297.85,1150.36,1222.08,10370.57,10466.62,10907.31,10165.25,1224.61,1223.34,1299.23,1221.32,10096.87,10065.92,9840.31,10242.93,1219.32,1218.97,1144.49,1221.25
CN8,16G,4,12,3,1418,2057,2737,3261,704,1314,1146.13,4758,10215.13,10316.88,10140.84,10193.0,1219.68,1225.38,1222.66,1218.33,10138.64,10274.47,10497.33,10184.77,1222.43,1221.78,1223.62,1222.05,9836.73,9892.73,9747.36,9592.9,1157.93,1158.95,1157.94,1155.64
CN8,16G,4,12,4,1205,1598,2114,2704,770,1338,1186.78,4901,11239.27,10973.18,10937.56,10629.91,1299.52,1296.71,1295.54,1291.95,10316.27,10168.44,10449.79,10155.18,1224.31,1223.64,1224.12,1222.47,10120.51,10243.35,10411.02,10143.8,1219.85,1221.38,1220.49,1220.25
CN8,16G,4,12,5,1303,1844,2409,2900,744,1354,1163.57,4819,10339.22,10369.97,10248.88,10359.49,1225.29,1224.41,1223.31,1223.06,10534.57,10345.18,10467.37,10151.75,1226.57,1223.19,1224.69,1219.09,9817.73,9766.76,9976.27,10018.98,1158.46,1157.57,1158.11,1159.74
CN8,16G,8,12,1,9503,16909,22414,26084,296,1316,569.19,4458,10819.1,10872.89,10838.16,10578.66,1295.81,1260.93,1260.93,1258.77,10484.67,10473.9,10919.14,10468.0,1256.48,1222.61,1226.61,1256.58,10514.75,10921.43,10502.06,10951.16,1253.95,1295.73,1257.07,1261.22
CN8,16G,8,12,2,10421,17171,21890,26608,360,1291,575.87,4584,10812.19,10767.96,10906.39,10736.02,1294.82,1292.67,1294.38,1293.77,10719.33,10892.98,10840.61,11057.43,1292.02,1329.48,1254.27,1333.87,10103.82,10237.07,10659.24,10539.79,1214.33,1215.49,1293.25,1255.4
CN8,16G,8,12,3,9372,20317,27132,30278,396,1326,550.55,4568,10817.6,10507.7,10817.79,10445.1,1231.82,1225.35,1231.84,1193.13,10562.79,10490.83,10463.95,10393.98,1199.41,1200.42,1194.05,1196.63,10618.59,10903.41,10538.77,10992.06,1196.82,1164.97,1231.62,1234.38
CN8,16G,8,12,4,10159,18220,24249,29754,348,1426,539.75,4399,11144.59,11177.44,10947.48,10885.48,1234.2,1236.43,1266.92,1233.89,10602.41,10679.71,11506.64,11043.67,1228.36,1229.49,1198.9,1267.12,10239.0,10543.65,10249.76,10379.55,1189.92,1194.79,1194.29,1159.27
CN8,16G,8,12,5,9241,19268,27657,34341,372,1372,541.39,4525,10707.26,10383.53,10790.51,10555.32,1201.52,1163.82,1200.66,1197.29,10601.71,10601.87,11093.08,10651.42,1198.48,1197.84,1197.69,1198.72,10912.23,10695.25,10416.19,10834.16,1231.22,1193.03,1194.38,1196.82
CN8,16G,16,12,1,19006,31851,41681,49546,216,1180,286.43,4793,11214.14,11309.98,11176.61,11095.15,1353.32,1355.28,1352.88,1351.01,11205.14,11442.04,11229.19,11395.83,1353.33,1375.32,1351.85,1357.36,11316.85,11300.22,11319.67,11337.75,1353.05,1351.73,1338.2,1353.12
CN8,16G,16,12,2,25560,39060,48497,54264,132,1207,285.95,4547,11222.77,11147.04,11074.85,11092.52,1352.74,1351.42,1333.46,1351.15,11097.8,11009.56,11124.35,11045.31,1298.48,1314.28,1331.13,1314.47,10843.59,11125.8,10870.67,11181.48,1291.47,1332.47,1312.67,1332.44
CN8,16G,16,12,3,23987,37487,47449,54789,114,1150,290.77,4570,11340.05,11600.51,11831.85,11539.2,1316.65,1359.1,1399.45,1393.64,11114.39,11284.81,11675.03,11546.67,1332.21,1336.06,1393.75,1375.74,11319.36,11389.75,11419.77,11573.75,1351.26,1351.36,1374.04,1355.39
CN8,16G,16,12,4,21890,34341,44827,53740,152,1193,278.94,4489,11343.29,11614.8,11521.92,11461.97,1320.95,1362.35,1358.17,1375.05,11180.34,11373.35,11541.89,11425.27,1334.95,1338.93,1335.52,1339.67,11230.4,11053.56,10945.62,11040.83,1314.41,1294.96,1296.17,1293.84
CN8,16G,16,12,5,29230,42206,51119,55837,1418,286.42,4381,,11517.52,11120.76,11229.31,11075.82,1341.57,1317.39,1302.02,1299.04,10972.31,11108.6,11495.77,11369.96,1297.01,1316.59,1318.18,1338.89,11263.37,11524.63,11029.07,11063.3,1314.4,1355.95,1315.39,1294.79
CN8,32G,1,12,1,758,873,1319,1745,1326,1566,1461.77,1535,4010.99,3962.51,4029.37,4030.13,425.7,426.26,426.76,427.89,3970.61,4055.46,4224.95,4029.51,426.65,426.66,426.37,426.05,4102.01,4058.2,3858.64,4000.47,409.27,409.59,411.64,409.53
CN8,32G,1,12,2,717,791,1123,1942,1382,1554,1496.47,1569,4053.08,3996.13,4003.3,4014.91,426.72,426.99,425.15,426.41,3970.81,4006.08,4232.45,4044.52,426.25,425.2,426.95,426.4,4062.17,4026.13,3869.05,4003.92,409.73,409.47,411.07,409.64
CN8,32G,1,12,3,750,881,1352,1762,1246,1526,1449.16,1519,4012.97,4040.99,4104.16,4082.49,424.94,427.32,428.01,427.47,3799.64,3878.98,4135.18,3868.66,409.33,410.36,413.54,410.42,4050.84,4061.69,3814.54,3989.67,410.01,410.32,409.15,409.22
CN8,32G,1,12,4,758,840,1221,1860,1316,1532,1446.27,1517,4026.86,4002.76,3993.66,3962.96,425.07,426.03,425.66,424.16,3844.05,3897.61,4125.97,3915.89,409.67,411.58,413.61,411.1,3893.63,4082.29,3850.84,4019.26,409.28,409.9,409.46,410.96
CN8,32G,1,12,5,750,857,1254,1844,1324,1528,1451.24,1522,4075.71,3995.66,4014.89,4027.49,425.23,424.49,425.07,424.67,3842.06,3928.77,4120.09,3883.93,409.71,410.88,414.02,409.97,3850.12,4097.23,3893.0,4045.01,409.91,410.0,411.78,410.12
CN8,32G,2,12,1,1037,1893,2606,2802,540,1500,1298.80,2696,7073.89,7874.07,7133.22,6126.21,740.92,831.56,742.63,647.18,7019.86,7051.16,7548.68,6990.78,741.81,741.71,745.39,741.7,6994.34,7482.51,6984.54,7464.55,741.92,741.8,741.72,741.26
CN8,32G,2,12,2,1106,2147,2507,2704,584,1434,1253.29,2616,7235.04,7274.23,7385.17,7365.37,765.42,768.61,771.08,767.67,7024.54,7054.04,7499.77,7107.19,743.7,742.3,739.91,744.37,7001.82,7524.39,7068.88,7572.96,741.62,741.85,744.34,743.85
CN8,32G,2,12,3,1020,1631,1926,2057,642,1510,1295.10,2705,6999.95,7035.23,7079.21,7056.74,741.3,740.01,744.59,743.28,7020.65,7046.62,7554.25,6986.1,740.94,743.96,746.95,742.19,6951.17,7457.88,6955.92,7522.94,740.52,742.14,741.66,742.93
CN8,32G,2,12,4,988,1745,2057,2245,610,1474,1306.29,2731,6976.2,7017.44,7098.79,7036.15,741.86,741.9,743.73,742.88,6933.2,6954.4,7528.76,6986.01,739.57,741.9,746.12,742.02,7000.05,7545.45,7049.97,7508.32,740.03,740.59,744.07,741.43
CN8,32G,2,12,5,1090,1778,2089,2245,610,1440,1261.32,2646,6975.24,6993.7,6978.15,6950.23,742.03,741.28,740.59,741.61,6922.24,6969.11,7457.64,7006.43,740.34,741.72,742.05,742.0,6963.49,7515.7,7041.45,7506.3,741.56,742.22,744.88,742.49
CN8,32G,4,12,1,1401,2008,2900,4293,632,1338,1123.27,4686,11039.44,10972.25,11037.83,11217.61,1331.63,1329.89,1329.87,1334.47,10923.44,10872.69,11219.29,11039.43,1329.84,1253.89,1331.44,1330.75,11560.07,11085.65,10881.24,11268.51,1411.74,1330.52,1327.81,1331.83
CN8,32G,4,12,2,1319,1844,9503,17171,792,1367,1113.67,4606,11715.17,11357.44,11543.95,11672.49,1312.63,1307.92,1315.71,1321.07,11363.45,11350.81,12091.1,11341.05,1300.46,1300.85,1303.73,1300.51,11262.2,11249.16,11274.63,11515.79,1298.44,1298.84,1299.86,1299.97
CN8,32G,4,12,3,1450,2057,2802,3785,642,1346,1108.18,4602,10689.5,10596.93,10642.03,10681.4,1291.8,1290.28,1290.13,1291.73,10609.18,10585.59,11078.65,10630.93,1289.41,1289.98,1293.99,1289.88,10676.28,10674.64,10730.77,10620.88,1290.56,1290.9,1291.07,1288.58
CN8,32G,4,12,4,1336,3490,13042,18220,776,1362,1048.53,4293,11207.32,11299.65,11344.73,11208.02,1234.16,1235.5,1236.3,1233.69,11186.91,11304.58,11951.6,11223.01,1231.92,1235.82,1233.03,1232.81,10775.79,10752.47,10747.38,10919.85,1197.05,1198.98,1197.41,1196.69
CN8,32G,4,12,5,1385,2089,9372,13566,738,1394,1105.50,4604,11063.27,10996.98,11097.25,11115.54,1329.83,1331.01,1331.38,1330.67,11199.42,10671.57,11021.6,10873.23,1370.19,1290.22,1293.2,1294.44,10747.35,10615.15,10935.85,10725.63,1220.11,1289.94,1295.25,1290.12
CN8,32G,8,12,1,9896,16909,21627,25035,336,1395,575.98,4526,11130.38,11025.96,11107.03,11126.21,1351.05,1349.34,1350.15,1350.98,11411.07,11130.19,11270.83,11069.04,1391.08,1351.85,1351.65,1348.94,10928.87,10854.09,10957.54,11388.74,1329.72,1256.92,1331.08,1371.74
CN8,32G,8,12,2,10552,17957,25035,28967,296,1452,560.29,4424,10914.39,10976.34,11288.56,11270.51,1275.77,1312.74,1352.7,1352.7,11173.08,10838.47,11232.33,10634.18,1333.94,1294.1,1333.11,1255.33,10808.41,10930.25,11004.11,11439.46,1224.6,1295.5,1262.39,1334.21
CN8,32G,8,12,3,8979,17171,23200,27919,415,1332,561.95,4684,11611.21,11414.71,11651.85,11583.89,1389.44,1383.65,1392.68,1390.39,11762.74,11848.97,11939.79,11763.97,1398.55,1404.18,1400.0,1408.27,11549.86,11525.66,11586.45,11609.25,1394.84,1395.23,1395.91,1394.04
CN8,32G,8,12,4,8848,17433,23987,28705,392,1352,571.22,4775,11801.49,11601.24,11775.87,11751.49,1415.66,1405.02,1413.39,1408.27,11772.71,12060.96,11941.54,11878.23,1415.61,1441.01,1423.41,1431.67,11679.89,11674.63,11637.85,11757.9,1417.38,1417.25,1416.29,1416.52
CN8,32G,8,12,5,8717,17433,23200,26346,416,1320,574.52,4795,11714.44,11719.32,11766.73,11629.62,1417.81,1418.46,1419.42,1416.94,11669.34,11848.75,11797.55,11789.67,1408.62,1415.73,1410.27,1418.96,11674.81,11607.95,11809.63,11793.64,1417.39,1416.83,1420.47,1416.91
CN8,32G,16,12,1,21365,32637,41681,48497,148,1350,284.75,4553,11171.21,11153.68,11363.96,11098.84,1335.88,1318.64,1340.77,1333.69,10941.57,11002.29,11394.56,11145.44,1278.56,1314.96,1299.28,1299.5,11363.29,11159.29,11506.09,11109.13,1381.81,1360.83,1384.97,1340.45
CN8,32G,16,12,2,20317,33162,43254,50070,202,1188,282.63,4727,11862.91,11873.25,11840.59,11921.62,1447.39,1449.63,1447.98,1451.95,11985.96,11967.06,12124.04,12019.92,1463.13,1461.48,1463.0,1464.29,11851.77,11869.8,11918.62,12058.75,1450.04,1450.5,1451.89,1451.77
CN8,32G,16,12,3,21890,33424,43254,50594,138,1211,282.79,4428,11727.03,11770.92,11575.65,11588.69,1372.16,1408.14,1368.62,1368.84,11316.7,11308.91,11740.97,11501.99,1345.49,1294.12,1385.23,1368.51,11708.4,11325.24,11636.64,11785.38,1391.77,1348.19,1371.75,1405.37
CN8,32G,16,12,4,21103,35390,46924,55313,168,1184,265.68,4453,11395.08,11381.37,11425.57,11437.18,1351.72,1353.22,1352.83,1352.89,11797.1,11772.65,12223.81,11811.81,1374.93,1374.78,1375.12,1374.49,11906.51,11809.1,11945.04,12221.89,1375.97,1375.54,1378.45,1374.22
CN8,32G,16,12,5,26608,39060,49021,56361,132,1318,282.77,4486,11538.01,11590.36,11787.61,11552.87,1395.03,1378.25,1400.05,1395.12,11588.24,11385.81,11538.02,11424.23,1395.6,1337.54,1335.41,1355.84,11383.72,11432.35,11462.94,11680.19,1345.89,1382.73,1383.51,1366.87
