
CN9,1G,16,1,1,6390,11076,1249903,2566915,1785
CN9,1G,16,1,2,4555,11469,2038432,2499806,737
CN9,1G,16,1,3,4359,7963,1652556,3271558,1752
CN9,1G,16,1,4,4490,8586,2105541,3305112,1512
CN9,1G,16,1,5,3097,4752,1988101,4529849,980
CN9,1G,16,1,6,5342,9634,459277,2499806,2142
CN9,1G,16,1,7,2999,6783,1233126,3808429,2292
CN9,1G,16,1,8,3720,6849,2566915,3070231,1443
CN9,1G,16,1,9,3752,6718,2021655,3774874,973
CN9,1G,16,1,10,4490,9896,4328522,4865393,991
CN9,1G,16,1,11,3294,5669,1585447,5335155,1231
CN9,1G,16,1,12,3392,7046,1904215,3305112,1632
CN9,1G,16,1,13,3228,6718,1669333,3942646,1441
CN9,1G,16,1,14,6063,9634,2399142,4999611,1263
CN9,1G,16,1,15,4948,8848,2298479,2936013,1233
CN9,1G,16,1,16,6063,8848,599786,3774874,2333
CN9,1G,16,1,17,3884,6718,362808,3003122,1605
CN9,1G,16,1,18,4293,8029,2197816,3640656,1444
CN9,1G,16,1,19,4621,9503,3640656,4798284,748
CN9,1G,16,1,20,4080,7046,21103,3942646,2092
CN9,1G,16,1,21,4752,7504,13829,4462740,1867
CN9,1G,16,1,22,4686,8455,3506439,4143973,1236
CN9,1G,16,1,23,3720,6259,2038432,2936013,1326
CN9,1G,16,1,24,4883,7570,13304,1333789,4431
CN9,1G,16,1,25,7242,12780,3607102,3808429,757
CN9,1G,16,1,26,5407,8160,14222,16909,6801
CN9,1G,16,1,27,4228,6783,14484,2197816,2895
CN9,1G,16,1,28,4359,7111,17433,2969568,1501
CN9,1G,16,1,29,4621,7308,18482,2332034,2539
CN9,1G,16,1,30,3916,7308,1837106,4043310,1406
CN9,1G,16,1,31,5145,8029,13304,4395631,2900
CN9,1G,16,1,32,5014,7635,14222,566232,6680
CN9,1G,16,1,33,3654,9503,3103785,6945768,1415
CN9,1G,16,1,34,4178,7963,1753220,5133829,1143
CN9,1G,16,1,35,4359,7439,2634023,3036677,815
CN9,1G,16,1,36,4817,8291,21103,4177527,1015
CN9,1G,16,1,37,3720,7308,20579,5335155,2472
CN9,1G,16,1,38,4752,7701,12780,1669333,5228
CN9,1G,16,1,39,3982,7177,767558,4462740,1064
CN9,1G,16,1,40,6456,9503,22152,455082,5190
CN9,1G,16,1,41,5538,12780,2399142,4664067,1431
CN9,1G,16,1,42,3097,5669,450888,5670700,1319
CN9,1G,16,1,43,4178,7177,12649,2868904,2772
CN9,1G,16,1,44,7439,12911,2432697,3137340,1189
CN9,1G,16,1,45,4817,8225,935330,3070231,2305
CN9,1G,16,1,46,4424,8029,79168,1954546,2140
CN9,1G,16,1,47,3720,7767,1451230,2868904,1329
CN9,1G,16,1,48,6390,11994,1786774,2936013,1806
CN9,1G,16,1,49,5145,8848,17957,2902459,1646
CN9,1G,16,1,50,4817,7439,11469,2164261,3297
CN9,1G,16,1,51,4293,7242,133694,2055209,1878
CN9,1G,16,1,52,3818,5932,17957,2566915,1837
CN9,1G,16,1,53,6915,9765,574620,4596958,1354
CN9,1G,16,1,54,5669,10159,446694,4664067,2770
CN9,1G,16,1,55,3949,6390,23200,2499806,2281
CN9,1G,16,1,56,3228,5866,56361,2332034,2203
CN9,1G,16,1,57,6325,9765,21890,2122318,3220
CN9,1G,16,1,58,6783,14746,2365588,5133829,840
CN9,1G,16,1,59,5604,7570,12125,16909,6430
CN9,1G,16,1,60,5997,17171,2399142,6945768,568
CN9,1G,16,1,61,6587,11863,2088764,4244636,1334
CN9,1G,16,1,62,2835,5211,387974,2701132,2834
CN9,1G,16,1,63,4883,9765,633340,5872026,1278
CN9,1G,16,1,64,4490,6980,9765,3137340,3672
CN9,1G,16,1,65,4686,9765,2600469,3942646,1816
CN9,1G,16,1,66,4490,9634,2634023,3841983,967
CN9,1G,16,1,67,4621,7570,2734687,3238003,596
CN9,1G,16,1,68,7046,12387,1568670,4009755,1175
CN9,1G,16,1,69,3294,6783,1417675,5200937,1144
CN9,1G,16,1,70,3064,6587,1384121,5670700,2557
CN9,1G,16,1,71,4752,11469,1535116,5536482,1177
CN9,1G,16,1,72,4490,7504,17433,3607102,1889
CN9,1G,16,1,73,4015,8586,1350566,3036677,2182
CN9,1G,16,1,74,4621,7111,13566,624952,7084
CN9,1G,16,1,75,4621,9110,31851,5133829,1096
CN9,1G,16,1,76,4293,6980,14091,6878659,1080
CN9,1G,16,1,77,3294,5145,14222,5536482,1515
CN9,1G,16,1,78,4883,7373,12256,2533360,3438
CN9,1G,16,1,79,3949,6325,11469,3674211,1377
CN9,1G,16,1,80,4621,8455,2466251,3707765,1983
CN9,1G,16,1,81,2868,5145,304088,4462740,1734
CN9,1G,16,1,82,4047,6915,14091,5737808,1388
CN9,1G,16,1,83,2737,6456,1501561,4076864,1493
CN9,1G,16,1,84,4752,7504,16909,371196,6481
CN9,1G,16,1,85,4948,7701,15795,1702888,5470
CN9,1G,16,1,86,7242,17957,1971323,3774874,1061
CN9,1G,16,1,87,4178,7373,14091,3204449,3331
CN9,1G,16,1,88,5538,8160,24249,1769997,5141
CN9,1G,16,1,89,4490,11469,2264925,4529849,1210
CN9,1G,16,1,90,3163,6980,926942,4043310,1369
CN9,1G,16,1,91,4817,7242,11994,1753220,4052
CN9,1G,16,1,92,4555,7046,20317,6811550,1133
CN9,1G,16,1,93,3261,7504,1182794,4865393,1418
CN9,1G,16,1,94,4146,6915,13960,3942646,2693
CN9,1G,16,1,95,4424,10290,2231370,4009755,1289
CN9,1G,16,1,96,5932,10945,25297,2801796,1468
CN9,1G,16,1,97,5014,8586,58459,3808429,1400
CN9,1G,16,1,98,4752,9896,2105541,4278191,1486
CN9,1G,16,1,99,3785,7701,36963,3808429,1610
CN9,1G,16,1,100,4293,7046,17695,4596958,1305
CN9,1G,16,1,101,3720,6259,12911,5402264,1566
CN9,1G,16,1,102,3195,9241,1786774,4529849,1337
CN9,1G,16,1,103,4817,8291,18744,4110418,1234
CN9,1G,16,1,104,3884,11731,2566915,5804917,1214
CN9,1G,16,1,105,5080,8979,33162,6744441,1973
CN9,1G,16,1,106,5669,8848,21627,5737808,1304
CN9,1G,16,1,107,4359,7242,12256,4731175,1525
CN9,1G,16,1,108,3359,7701,2365588,3774874,1396
CN9,1G,16,1,109,4490,7242,15664,3472884,1385
CN9,1G,16,1,110,4686,7963,26084,2399142,1693
CN9,1G,16,1,111,3621,8717,2667578,5603591,984
CN9,1G,16,1,112,4948,7504,13829,4110418,3077
CN9,1G,16,1,113,4817,7963,15139,3909092,3482
CN9,1G,16,1,114,3687,9896,2197816,5737808,1313
CN9,1G,16,1,115,5473,11731,25297,5872026,1058
CN9,1G,16,1,116,4146,6849,11338,4244636,1773
CN9,1G,16,1,117,3916,7767,2566915,4865393,1409
CN9,1G,16,1,118,3490,8586,876610,3238003,1764
CN9,1G,16,1,119,3982,6783,34866,5469373,1322
CN9,1G,16,1,120,4555,7046,14091,1199571,3379
CN9,1G,16,1,121,3654,6652,2768241,4328522,1262
CN9,1G,16,1,122,3097,6128,31851,3573548,1916
CN9,1G,16,1,123,4555,7439,15008,3841983,2308
CN9,1G,16,1,124,2802,7308,2332034,3070231,2216
CN9,1G,16,1,125,3523,8160,2566915,3506439,1555
CN9,1G,16,1,126,3785,8029,2105541,3204449,2405
CN9,1G,16,1,127,2966,8717,1451230,4596958,2133
CN9,1G,16,1,128,3490,6980,17695,3741320,2872
CN9,1G,16,1,129,4228,15664,2332034,5335155,1078
CN9,1G,16,1,130,4293,7046,12518,2600469,1548
CN9,1G,16,1,131,4555,7177,15664,3137340,2533
CN9,1G,16,1,132,4047,6849,181404,4076864,2907
CN9,1G,16,1,133,4490,10159,2332034,3070231,1548
CN9,1G,16,1,134,3195,7373,20055,5335155,1855
CN9,1G,16,1,135,4752,6915,14615,4999611,2113
CN9,1G,16,1,136,3785,7635,1837106,4798284,2368
CN9,1G,16,1,137,2868,5145,1535116,4932502,1604
CN9,1G,16,1,138,5997,8979,27657,3305112,2536
CN9,1G,16,1,139,6521,17433,2634023,2969568,1034
CN9,1G,16,1,140,5735,9765,25035,1551893,4017
CN9,1G,16,1,141,6980,9765,977273,4529849,1645
CN9,1G,16,1,142,5932,8586,13566,358613,6488
CN9,1G,16,1,143,5145,7635,19268,2231370,3805
CN9,1G,16,1,144,13960,31589,3707765,3808429,665
CN9,1G,16,1,145,5080,10552,2432697,4865393,1016
CN9,1G,16,1,146,5800,11076,14615,463471,5824
CN9,1G,16,1,147,4113,6718,505414,3741320,1365
CN9,1G,16,1,148,3523,8455,1216349,5066720,1670
CN9,1G,16,1,149,5014,7767,11731,2231370,3712
CN9,1G,16,1,150,3458,7767,566232,3103785,2410
CN9,1G,16,1,151,2802,6587,450888,4664067,1896
CN9,1G,16,1,152,3982,7767,557843,4143973,1532
CN9,1G,16,1,153,3490,8225,2071987,3741320,2069
CN9,1G,16,1,154,3097,6456,2004878,3506439,2003
CN9,1G,16,1,155,3654,9503,1870660,2566915,1684
CN9,1G,16,1,156,3032,6521,1199571,6476006,1652
CN9,1G,16,1,157,4228,14615,2667578,4110418,1264
CN9,1G,16,1,158,4359,10814,717226,3472884,1613
CN9,1G,16,1,159,4948,8029,14615,2768241,1914
CN9,1G,16,1,160,4113,6849,14877,3003122,2769
CN9,1G,16,1,161,4178,8160,2936013,5670700,1294
CN9,1G,16,1,162,4293,8291,26870,3372221,2500
CN9,1G,16,1,163,3785,8356,1182794,6677332,1268
CN9,1G,16,1,164,3490,8356,817890,3640656,1775
CN9,1G,16,1,165,6325,9634,14353,66847,5711
CN9,1G,16,1,166,5014,14222,2432697,2734687,1854
CN9,1G,16,1,167,4015,7373,14746,3405775,2440
CN9,1G,16,1,168,4621,7635,33817,3271558,1568
CN9,1G,16,1,169,4686,9241,265290,2004878,3495
CN9,1G,16,1,170,3949,7177,12780,1686111,4134
CN9,1G,16,1,171,5866,9896,1400898,3405775,2032
CN9,1G,16,1,172,6128,12518,2197816,3036677,1614
CN9,1G,16,1,173,3163,7767,1182794,3607102,1778
CN9,1G,16,1,174,6194,9896,38011,1602225,3137
CN9,1G,16,1,175,4359,8356,2701132,5939135,1248
CN9,1G,16,1,176,4047,8586,792724,2667578,2189
CN9,1G,16,1,177,6259,8356,13566,16909,6641
CN9,1G,16,1,178,6849,10683,467665,3137340,2099
CN9,1G,16,1,179,5014,9503,851444,3573548,2679
CN9,1G,16,1,180,5932,12649,2566915,4244636,1320
CN9,1G,16,1,181,5276,8979,221250,3573548,2390
CN9,1G,16,1,182,5014,7832,65274,3506439,1755
CN9,1G,16,1,183,5145,12780,2969568,3707765,762
CN9,1G,16,1,184,5800,9634,15008,509608,5276
CN9,1G,16,1,185,5276,9503,15008,21103,6919
CN9,1G,16,1,186,4752,7832,23987,5268046,1553
CN9,1G,16,1,187,5080,10945,2533360,3070231,1328
CN9,1G,16,1,188,4555,7963,16712,1035994,4888
CN9,1G,16,1,189,4015,7701,1669333,3305112,1722
CN9,1G,16,1,190,3556,6849,1333789,3170894,1532
CN9,1G,16,1,191,5080,8979,408945,2801796,2717
CN9,1G,16,1,192,7242,13829,3170894,3640656,1160
CN9,1G,16,1,193,3785,6128,121111,5133829,2196
CN9,1G,16,1,194,6325,9765,31589,2197816,2118
CN9,1G,16,1,195,3097,6980,2122318,3439330,1421
CN9,1G,16,1,196,5080,8094,15795,2835350,2583
CN9,1G,16,1,197,4293,8160,1853883,4529849,1481
CN9,1G,16,1,198,3261,7504,1702888,3674211,1700
CN9,1G,16,1,199,4621,7898,14615,3238003,3195
CN9,1G,16,1,200,8029,13698,3439330,4043310,732
CN9,1G,16,1,201,4686,9765,13960,3909092,2637
CN9,1G,16,1,202,4686,6980,13435,3707765,2797
CN9,1G,16,1,203,5342,10683,2365588,3573548,1733
CN9,1G,16,1,204,2376,4948,283116,3841983,2785
CN9,1G,16,1,205,4686,7504,1417675,2264925,1656
CN9,1G,16,1,206,10683,25297,3338666,4009755,750
CN9,1G,16,2,1,12256,43779,3338666,4009755,779
CN9,1G,16,2,2,5735,15401,2231370,2936013,826
CN9,1G,16,1,207,5866,14615,2298479,2936013,838
CN9,1G,16,2,3,7242,16909,4009755,4596958,759
CN9,1G,16,1,208,7177,18220,3204449,4596958,657
CN9,1G,16,2,4,5407,7767,14484,2600469,1982
CN9,1G,16,1,209,4621,13829,2667578,4328522,659
CN9,1G,16,2,5,4621,11207,2835350,5066720,583
CN9,1G,16,1,210,3949,7373,5133829,5402264,517
CN9,1G,16,2,6,3851,7177,2021655,5335155,851
CN9,1G,16,1,211,4817,11338,2969568,4244636,633
CN9,1G,16,2,7,4621,10290,3573548,4798284,670
CN9,1G,16,1,212,5538,346031,3405775,5737808,469
CN9,1G,16,2,8,6980,1061159,3472884,5737808,361
CN9,1G,16,1,213,9503,641729,4076864,5737808,424
CN9,1G,16,2,9,4752,15926,3640656,5536482,573
CN9,1G,16,2,10,7308,13960,4328522,5133829,443
CN9,1G,16,1,214,7832,17171,4731175,5133829,443
CN9,1G,16,2,11,7701,15533,3472884,3774874,361
CN9,1G,16,1,215,8455,22938,3607102,3774874,361
CN9,1G,16,2,12,16057,45351,2701132,3003122,571
CN9,1G,16,1,216,14877,32637,2667578,3003122,534
CN9,1G,16,2,13,5735,30016,3942646,4596958,509
CN9,1G,16,1,217,6652,23725,3808429,3976201,517
CN9,1G,16,2,14,4228,12387,2105541,5402264,817
CN9,1G,16,1,218,4686,32900,3271558,5872026,779
CN9,1G,16,2,15,6783,204473,3539993,5335155,484
CN9,1G,16,1,219,5932,15664,3271558,5335155,506
CN9,1G,16,2,16,8160,12125,1002439,4143973,1271
CN9,1G,16,1,220,8848,14222,3003122,4395631,991
CN9,1G,16,2,17,5669,15926,3573548,6610224,456
CN9,1G,16,1,221,5800,16450,2868904,5469373,507
CN9,1G,16,1,222,12256,884999,4664067,7482639,367
CN9,1G,16,2,18,11863,32900,4731175,7482639,328
CN9,1G,16,1,223,13698,421528,4596958,4731175,338
CN9,1G,16,2,19,12125,26608,4462740,4731175,353
CN9,1G,16,1,224,9110,16450,1069548,2197816,1477
CN9,1G,16,2,20,6587,19792,2634023,3607102,447
CN9,1G,16,1,225,4424,7832,2466251,2768241,740
CN9,1G,16,2,21,8160,42206,4143973,4798284,390
CN9,1G,16,1,226,8225,181404,4143973,4798284,386
CN9,1G,16,2,22,7504,12387,3875537,5268046,322
CN9,1G,16,1,227,9765,480248,5268046,5335155,331
CN9,1G,16,2,23,8717,14091,1283458,3372221,1030
CN9,1G,16,1,228,9372,15926,3103785,5603591,562
CN9,1G,16,2,24,7504,18744,3372221,4798284,393
CN9,1G,16,1,229,4817,13960,4177527,4798284,491
CN9,1G,16,2,25,6980,14353,3338666,5268046,391
CN9,1G,16,1,230,7767,20317,3338666,5268046,390
CN9,1G,16,2,26,7373,10552,270533,2499806,1170
CN9,1G,16,1,231,6390,15139,1904215,2164261,890
CN9,1G,16,2,27,6783,14877,2701132,4244636,632
CN9,1G,16,1,232,4817,11207,2902459,4244636,876
CN9,1G,16,2,28,4146,12518,3539993,5402264,492
CN9,1G,16,1,233,4359,198181,3539993,4529849,517
CN9,1G,16,2,29,3621,591397,2835350,3909092,603
CN9,1G,16,1,234,4424,229639,3607102,3909092,606
CN9,1G,16,2,30,7111,17171,2902459,4798284,776
CN9,1G,16,1,235,6128,14222,3305112,4798284,769
CN9,1G,16,1,236,9110,104334,5268046,6006244,408
CN9,1G,16,2,31,8586,202376,6006244,6006244,386

CN9,1G,16,2,1,3589,11207,1300235,2936013,1598
CN9,1G,16,2,2,3949,8225,1904215,2332034,1288
CN9,1G,16,2,3,4228,10814,1719665,2197816,2023
CN9,1G,16,2,4,5604,11600,3942646,4244636,672
CN9,1G,16,2,5,3195,6390,2399142,3875537,1038
CN9,1G,16,2,6,3556,7373,1451230,1954546,2766
CN9,1G,16,2,7,5276,10552,2667578,3137340,1192
CN9,1G,16,2,8,5932,12649,3338666,3741320,964
CN9,1G,16,2,9,3851,10290,1518339,3875537,1410
CN9,1G,16,2,10,3032,5997,2004878,2667578,1680
CN9,1G,16,2,11,4228,8291,1350566,2801796,1830
CN9,1G,16,2,12,3621,8291,2835350,4596958,997
CN9,1G,16,2,13,5735,11731,2667578,3841983,840
CN9,1G,16,2,14,7570,12256,392168,3170894,2236
CN9,1G,16,2,15,6652,16450,2298479,2600469,812
CN9,1G,16,2,16,5997,11731,2600469,3439330,1154
CN9,1G,16,2,17,3818,15926,2088764,2197816,1240
CN9,1G,16,2,18,3949,8455,2365588,3170894,1734
CN9,1G,16,2,19,5604,14353,3506439,4177527,994
CN9,1G,16,2,20,3490,7570,2432697,3909092,1725
CN9,1G,16,2,21,4555,10814,3204449,5737808,920
CN9,1G,16,2,22,2671,5604,3472884,6006244,1028
CN9,1G,16,2,23,5407,9110,1619002,2902459,1956
CN9,1G,16,2,24,5014,7373,18482,2600469,2531
CN9,1G,16,2,25,5669,9241,2701132,3036677,892
CN9,1G,16,2,26,6128,8848,45351,1669333,3119
CN9,1G,16,2,27,4817,7898,25297,3238003,3409
CN9,1G,16,2,28,4047,7570,985662,4596958,1491
CN9,1G,16,2,29,5473,9765,851444,5268046,1479
CN9,1G,16,2,30,5276,10945,2868904,4143973,1645
CN9,1G,16,2,31,5145,10159,2566915,2902459,1309
CN9,1G,16,2,32,3654,7898,1988101,2600469,1829
CN9,1G,16,2,33,2737,5932,3573548,6274679,1047
CN9,1G,16,2,34,4686,9110,3238003,3875537,1110
CN9,1G,16,2,35,3949,8225,2432697,3439330,1589
CN9,1G,16,2,36,3490,7308,985662,3976201,2104
CN9,1G,16,2,37,4555,8586,2936013,4529849,1236
CN9,1G,16,2,38,3949,7504,2734687,4865393,976
CN9,1G,16,2,39,6194,11600,3741320,3774874,794
CN9,1G,16,2,40,5145,13829,3003122,4211082,1145
CN9,1G,16,2,41,4490,8979,4328522,5200937,753
CN9,1G,16,2,42,5145,8291,1233126,3204449,1979
CN9,1G,16,2,43,5473,9765,2432697,4395631,920
CN9,1G,16,2,44,3818,7439,1870660,2399142,1749
CN9,1G,16,2,45,6390,15401,3070231,3808429,858
CN9,1G,16,2,46,3851,7701,1853883,2231370,1563
CN9,1G,16,2,47,5211,9372,1551893,2122318,1903
CN9,1G,16,2,48,6980,12780,1602225,4143973,1510
CN9,1G,16,2,49,3425,9634,1568670,5335155,1591
CN9,1G,16,2,50,3949,7177,2969568,4596958,1208
CN9,1G,16,2,51,5211,7832,1417675,3305112,1531
CN9,1G,16,2,52,5276,13304,3707765,4328522,1003
CN9,1G,16,2,53,2343,5604,1652556,3238003,1430
CN9,1G,16,2,54,4752,12125,1669333,2936013,1486
CN9,1G,16,2,55,3392,6783,1635779,1920992,2207
CN9,1G,16,2,56,5604,8094,19792,3439330,1773
CN9,1G,16,2,57,2638,8717,2399142,3607102,1595
CN9,1G,16,2,58,3458,6783,1551893,2164261,1747
CN9,1G,16,2,59,4113,6783,1002439,2071987,2309
CN9,1G,16,2,60,6128,14091,1803551,3070231,1330
CN9,1G,16,2,61,2409,5866,1769997,2734687,2034
CN9,1G,16,2,62,2900,5538,1568670,2399142,1920
CN9,1G,16,2,63,7439,14353,1870660,2298479,2405
CN9,1G,16,2,64,4293,9241,1317012,5268046,1142
CN9,1G,16,2,65,3228,7373,3271558,4177527,1583
CN9,1G,16,2,66,4883,9896,1484784,4529849,1348
CN9,1G,16,2,67,5604,7832,17957,24511,8681
CN9,1G,16,2,68,3064,7767,1233126,4009755,1646
CN9,1G,16,2,69,3752,9241,2432697,3305112,1223
CN9,1G,16,2,70,5997,11076,20055,1669333,4490
CN9,1G,16,2,71,2835,7308,1635779,3607102,3202
CN9,1G,16,2,72,1876,3818,1132463,4999611,1200
CN9,1G,16,2,73,4686,10683,3472884,3909092,968
CN9,1G,16,2,74,2802,5735,1853883,4798284,1336
CN9,1G,16,2,75,2114,6456,1535116,4110418,2212
CN9,1G,16,2,76,5473,9896,2088764,4395631,967
CN9,1G,16,2,77,4555,7701,2231370,3640656,1486
CN9,1G,16,2,78,2868,10028,2197816,4076864,1638
CN9,1G,16,2,79,5211,10683,1602225,3070231,2102
CN9,1G,16,2,80,2409,3916,1518339,2634023,1736
CN9,1G,16,2,81,3326,7635,2197816,3170894,1374
CN9,1G,16,2,82,6325,17957,2332034,3909092,893
CN9,1G,16,2,83,6587,8848,15139,17957,6992
CN9,1G,16,2,84,6128,9765,16450,3674211,1815
CN9,1G,16,2,85,1483,6063,2197816,2902459,1488
CN9,1G,16,2,86,4686,11731,2566915,3338666,1188
CN9,1G,16,2,87,3949,6980,26084,2499806,4088
CN9,1G,16,2,88,3556,6718,4076864,5335155,963
CN9,1G,16,2,89,4555,7832,39584,2499806,4084
CN9,1G,16,2,90,5604,9110,960496,4664067,1739
CN9,1G,16,2,91,5014,8455,25822,3170894,2057
CN9,1G,16,2,92,6652,10028,30802,2004878,3756
CN9,1G,16,2,93,5276,8848,484443,3238003,1897
CN9,1G,16,2,94,3294,6652,2499806,4009755,1545
CN9,1G,16,2,95,4752,9110,2298479,4076864,1480
CN9,1G,16,2,96,4752,7701,446694,3204449,1922
CN9,1G,16,2,97,1500,3720,2122318,5536482,1332
CN9,1G,16,2,98,6652,10552,3170894,5804917,1077
CN9,1G,16,2,99,5800,8717,884999,2701132,2014
CN9,1G,16,2,100,3687,7635,2197816,3003122,1301
CN9,1G,16,2,101,4359,10159,3640656,3774874,1047
CN9,1G,16,2,102,5014,8979,1044382,2600469,1914
CN9,1G,16,2,103,2769,6128,2071987,3674211,1650
CN9,1G,16,2,104,7373,10683,859833,1652556,2601
CN9,1G,16,2,105,5800,9896,2868904,3305112,751
CN9,1G,16,2,106,2114,5538,1367344,4244636,2080
CN9,1G,16,2,107,3752,7898,1803551,4143973,1897
CN9,1G,16,2,108,5866,10290,2667578,3808429,929
CN9,1G,16,2,109,7242,10290,15270,952108,5225
CN9,1G,16,2,110,4178,6587,1216349,3405775,1922
CN9,1G,16,2,111,2311,5211,3238003,5536482,1094
CN9,1G,16,2,112,5604,9634,4043310,5200937,805
CN9,1G,16,2,113,2606,6128,2634023,3640656,1384
CN9,1G,16,2,114,2507,5211,2231370,3439330,2048
CN9,1G,16,2,115,7504,10945,18220,2466251,4012
CN9,1G,16,2,116,5014,8225,1098908,2566915,2126
CN9,1G,16,2,117,3064,6128,2197816,3942646,1178
CN9,1G,16,2,118,2474,4293,809501,4596958,1886
CN9,1G,16,2,119,4752,8029,2264925,3405775,1579
CN9,1G,16,2,120,3752,10814,2088764,2969568,1423
CN9,1G,16,2,121,5211,11338,1652556,2122318,1758
CN9,1G,16,2,122,5538,8717,1317012,2466251,3225
CN9,1G,16,2,123,4424,9896,2936013,3640656,1479
CN9,1G,16,2,124,5604,8225,2365588,3137340,1529
CN9,1G,16,2,125,3392,6980,1920992,4664067,1333
CN9,1G,16,2,126,5014,8979,943719,4278191,1841
CN9,1G,16,2,127,4686,10159,2004878,2264925,1143
CN9,1G,16,2,128,4359,7242,1736442,2332034,1933
CN9,1G,16,2,129,3458,6718,3439330,4596958,1149
CN9,1G,16,2,130,4752,9110,114820,2634023,3160
CN9,1G,16,2,131,4228,7504,89654,2634023,4392
CN9,1G,16,2,132,3949,7832,3103785,4798284,1148
CN9,1G,16,2,133,5145,7439,2701132,4110418,1382
CN9,1G,16,2,134,5145,10159,1753220,3271558,1639
CN9,1G,16,2,135,3589,6456,2004878,3741320,1292
CN9,1G,16,2,136,2999,5735,2004878,3976201,1777
CN9,1G,16,2,137,7242,10814,2038432,2432697,2380
CN9,1G,16,2,138,5866,9634,2055209,4043310,969
CN9,1G,16,2,139,2900,7242,1837106,5066720,1447
CN9,1G,16,2,140,3032,6587,350225,2021655,2750
CN9,1G,16,2,141,7570,11076,826278,3841983,2282
CN9,1G,16,2,142,3589,10945,2734687,6274679,1120
CN9,1G,16,2,143,2933,5473,1954546,3103785,1398
CN9,1G,16,2,144,5407,10552,2298479,2634023,1290
CN9,1G,16,2,145,4146,8455,3707765,4076864,1188
CN9,1G,16,2,146,2704,5669,2004878,4865393,1465
CN9,1G,16,2,147,4621,9241,2801796,3472884,814
CN9,1G,16,2,148,7832,14877,4043310,4529849,638
CN9,1G,16,2,149,5604,8455,111674,5872026,1429
CN9,1G,16,2,150,4228,6456,396362,4798284,1281
CN9,1G,16,2,151,4817,7439,2105541,3808429,1354
CN9,1G,16,2,152,2868,9634,2399142,3070231,1354
CN9,1G,16,2,153,2769,6259,1954546,2868904,1504
CN9,1G,16,2,154,3195,9503,2298479,4664067,1469
CN9,1G,16,2,155,4146,7046,3506439,5737808,940
CN9,1G,16,2,156,4948,9896,859833,3103785,1852
CN9,1G,16,2,157,4228,7767,2533360,3003122,1459
CN9,1G,16,2,158,5276,9503,2231370,3808429,1318
CN9,1G,16,2,159,5276,10290,2801796,3875537,1176
CN9,1G,16,2,160,4817,8848,173016,4177527,1622
CN9,1G,16,2,161,5211,9503,4932502,7549748,962
CN9,1G,16,2,162,6783,10683,320865,3607102,2359
CN9,1G,16,2,163,2835,5211,3271558,4999611,882
CN9,1G,16,2,164,3687,6915,1384121,3674211,1952
CN9,1G,16,2,165,4080,7177,1010828,4177527,1900
CN9,1G,16,2,166,4621,13304,2533360,2634023,1304
CN9,1G,16,2,167,3621,6718,2164261,3238003,1543
CN9,1G,16,2,168,5276,9110,375391,2533360,2087
CN9,1G,16,2,169,5342,11994,1971323,2466251,1611
CN9,1G,16,2,170,4146,10290,1501561,3607102,1895
CN9,1G,16,2,171,2704,7504,1434452,4043310,1777
CN9,1G,16,2,172,5997,12911,3103785,4664067,867
CN9,1G,16,2,173,5276,8094,18220,3103785,2476
CN9,1G,16,2,174,5866,11600,2600469,4110418,1078
CN9,1G,16,2,175,2638,5800,2399142,3472884,1225
CN9,1G,16,2,176,5735,9372,3539993,4798284,811
CN9,1G,16,2,177,5276,15664,3573548,4244636,970
CN9,1G,16,2,178,3752,6456,3472884,4328522,1221
CN9,1G,16,2,179,4293,9503,1451230,2835350,1579
CN9,1G,16,2,180,3458,8291,3372221,5603591,1187
CN9,1G,16,2,181,2638,7242,717226,4731175,1753
CN9,1G,16,2,182,3949,8717,1019216,3573548,2224
CN9,1G,16,2,183,6194,9372,968885,2088764,2360
CN9,1G,16,2,184,3884,8455,3003122,3439330,1019
CN9,1G,16,2,185,3261,5538,13829,2139096,4544
CN9,1G,16,2,186,6456,9765,1044382,2365588,2205
CN9,1G,16,2,187,5932,13698,4177527,4664067,837
CN9,1G,16,2,188,5473,9896,2122318,2969568,1253
CN9,1G,16,2,189,6718,10683,26346,2038432,3893
CN9,1G,16,3,1,3228,10028,910164,1052771,3504
CN9,1G,16,3,2,4359,10683,1367344,1568670,2204
CN9,1G,16,3,3,7767,12256,17957,19530,5996
CN9,1G,16,3,4,3818,8160,1887437,2768241,2374
CN9,1G,16,3,5,5276,9110,1249903,2071987,2045
CN9,1G,16,3,6,3720,11863,1652556,2600469,1451
CN9,1G,16,3,7,2212,9765,1904215,3808429,1230
CN9,1G,16,3,8,7373,19530,4664067,5872026,640
CN9,1G,16,3,9,7111,11076,3909092,4177527,922
CN9,1G,16,3,10,5735,9896,26608,5133829,2123
CN9,1G,16,3,11,7767,12125,3607102,3674211,781
CN9,1G,16,3,12,8455,15401,2936013,2969568,900
CN9,1G,16,3,13,6063,15008,4462740,5536482,1079
CN9,1G,16,3,14,4293,6849,1971323,4177527,1270
CN9,1G,16,3,15,5604,10028,2634023,2969568,1036
CN9,1G,16,3,16,4883,9634,1904215,3170894,1171
CN9,1G,16,3,17,5473,9634,3439330,3674211,975
CN9,1G,16,3,18,4686,14222,2139096,2634023,1248
CN9,1G,16,3,19,6718,15008,2634023,2768241,1388
CN9,1G,16,3,20,4113,8356,2365588,3372221,2070
CN9,1G,16,3,21,5669,11338,2868904,3774874,1403
CN9,1G,16,3,22,7504,12780,3808429,4596958,853
CN9,1G,16,3,23,5080,7963,1870660,3808429,1579
CN9,1G,16,3,24,6587,13829,2667578,3170894,1003
CN9,1G,16,3,25,2540,8586,1870660,3036677,2082
CN9,1G,16,3,26,3097,9896,1920992,2768241,1546
CN9,1G,16,3,27,13829,208667,3640656,3640656,495
CN9,1G,16,3,28,4293,13304,2122318,3036677,1392
CN9,1G,16,3,29,6325,15401,2365588,2399142,955
CN9,1G,16,3,30,5997,12125,1904215,3036677,1559
CN9,1G,16,3,31,5014,12387,3170894,4211082,778
CN9,1G,16,3,32,8225,13960,4731175,5469373,737
CN9,1G,16,3,33,11600,22152,4244636,4664067,590
CN9,1G,16,3,34,5866,14746,1535116,3506439,1332
CN9,1G,16,3,35,7046,11469,3976201,4076864,1123
CN9,1G,16,3,36,3261,7570,2432697,2936013,1090
CN9,1G,16,3,37,2868,5669,1669333,3036677,1867
CN9,1G,16,3,38,7701,12780,3036677,3238003,1096
CN9,1G,16,3,39,5014,7701,1384121,3607102,1556
CN9,1G,16,3,40,4883,8848,4076864,5066720,835
CN9,1G,16,3,41,4490,8848,1468007,2264925,1740
CN9,1G,16,3,42,8979,17171,3338666,3741320,860
CN9,1G,16,3,43,5538,8586,3942646,5939135,962
CN9,1G,16,3,44,4490,7832,2122318,3875537,1338
CN9,1G,16,3,45,5866,8717,2038432,2600469,1512
CN9,1G,16,3,46,10683,22676,2432697,2634023,735
CN9,1G,16,3,47,5997,13042,3003122,3338666,937
CN9,1G,16,3,48,3851,9503,1920992,3707765,2117
CN9,1G,16,3,49,5997,14091,3372221,3875537,1152
CN9,1G,16,3,50,6587,11469,2634023,2701132,1226
CN9,1G,16,3,51,3326,10290,1904215,3170894,1363
CN9,1G,16,3,52,6587,12387,2164261,2432697,1153
CN9,1G,16,3,53,3982,8094,1719665,2499806,2592
CN9,1G,16,3,54,3064,6915,809501,2122318,2661
CN9,1G,16,3,55,2057,5014,985662,3875537,1730
CN9,1G,16,3,56,7308,11469,3640656,3909092,788
CN9,1G,16,3,57,5080,8225,2365588,3506439,1722
CN9,1G,16,3,58,1467,7439,1920992,3674211,1684
CN9,1G,16,3,59,3326,6456,2365588,3405775,1038
CN9,1G,16,3,60,7111,13042,1619002,2734687,2094
CN9,1G,16,3,61,10552,29230,3305112,4076864,790
CN9,1G,16,3,62,2999,6652,2298479,2868904,1406
CN9,1G,16,3,63,6718,9765,1904215,2164261,1332
CN9,1G,16,3,64,13435,38011,3137340,3372221,631
CN9,1G,16,3,65,4178,6849,2298479,4143973,1500
CN9,1G,16,3,66,6718,13566,1384121,3103785,1483
CN9,1G,16,3,67,3621,7111,2197816,3137340,1699
CN9,1G,16,3,68,3687,16450,2122318,3036677,1460
CN9,1G,16,3,69,5145,9765,3036677,3472884,1076
CN9,1G,16,3,70,5276,11994,2197816,2365588,1331
CN9,1G,16,3,71,6849,15008,2164261,2801796,1267
CN9,1G,16,3,72,8356,16909,3137340,3439330,919
CN9,1G,16,3,73,8356,12911,3372221,3875537,1186
CN9,1G,16,3,74,8291,15008,2164261,2634023,1272
CN9,1G,16,3,75,5538,11338,1786774,2298479,1601
CN9,1G,16,3,76,6390,21103,3607102,4244636,797
CN9,1G,16,3,77,5145,9110,1069548,2734687,2317
CN9,1G,16,3,78,4752,12911,1333789,2004878,1781
CN9,1G,16,3,79,3589,8356,1035994,2231370,2036
CN9,1G,16,3,80,2311,7963,2667578,4395631,1108
CN9,1G,16,3,81,3884,8586,1971323,2835350,1536
CN9,1G,16,3,82,1450,3949,1484784,3741320,1360
CN9,1G,16,3,83,2057,6915,2038432,4244636,1241
CN9,1G,16,3,84,10028,15926,4043310,4328522,708
CN9,1G,16,3,85,4948,9634,2298479,3472884,1509
CN9,1G,16,3,86,9765,16319,3372221,3539993,749
CN9,1G,16,3,87,7439,11076,2667578,3305112,1393
CN9,1G,16,3,88,9110,16450,4177527,4211082,792
CN9,1G,16,3,89,7767,14353,1166017,2197816,2886
CN9,1G,16,3,90,5800,10421,2164261,2197816,1157
CN9,1G,16,3,91,4293,12780,3036677,4143973,950
CN9,1G,16,3,92,5276,9765,3170894,3942646,1287
CN9,1G,16,3,93,4621,10945,1820328,1920992,1308
CN9,1G,16,3,94,3621,7963,2768241,3674211,1072
CN9,1G,16,3,95,7832,15401,3372221,4462740,1110
CN9,1G,16,3,96,5211,9110,2332034,2600469,1416
CN9,1G,16,3,97,10814,23987,3607102,3674211,982
CN9,1G,16,3,98,4555,8029,1266680,4177527,1485
CN9,1G,16,3,99,4817,9241,2055209,4529849,1492
CN9,1G,16,3,100,7439,18220,2499806,2533360,946
CN9,1G,16,3,101,4817,13829,2038432,3070231,1003
CN9,1G,16,3,102,11207,35914,3103785,3238003,702
CN9,1G,16,3,103,7832,16319,2122318,2298479,916
CN9,1G,16,3,104,5538,9765,3036677,5872026,1124
CN9,1G,16,3,105,14353,425722,3170894,3271558,766
CN9,1G,16,3,106,8979,16909,3640656,3640656,873
CN9,1G,16,3,107,6259,9896,2634023,4596958,1311
CN9,1G,16,3,108,6849,10683,2667578,2801796,1023
CN9,1G,16,3,109,4490,8094,826278,3338666,2267
CN9,1G,16,3,110,11600,30540,4462740,4865393,645
CN9,1G,16,3,111,8225,13304,3070231,3741320,837
CN9,1G,16,3,112,8160,17171,2566915,2634023,776
CN9,1G,16,3,113,7242,10290,742392,1602225,3296
CN9,1G,16,3,114,3097,10028,2399142,3238003,1106
CN9,1G,16,3,115,9110,22414,3607102,3841983,797
CN9,1G,16,3,116,6849,12649,3137340,3170894,1407
CN9,1G,16,3,117,5932,8717,1535116,2332034,1580
CN9,1G,16,3,118,3064,6915,3439330,4932502,1108
CN9,1G,16,3,119,6521,11863,1870660,3338666,1929
CN9,1G,16,3,120,6652,10421,3573548,4043310,997
CN9,1G,16,3,121,6390,9896,17695,2021655,4605
CN9,1G,16,3,122,5080,7963,3405775,4328522,900
CN9,1G,16,3,123,5342,8455,1300235,2332034,2317
CN9,1G,16,3,124,3818,13960,3238003,3841983,937
CN9,1G,16,3,125,1713,4883,1803551,2936013,1784
CN9,1G,16,3,126,3851,13304,2600469,3137340,1141
CN9,1G,16,3,127,4752,11076,2768241,3741320,1118
CN9,1G,16,3,128,7832,14746,2004878,2197816,1066
CN9,1G,16,3,129,1975,6718,1216349,2231370,2031
CN9,1G,16,3,130,3261,9503,1619002,2566915,1629
CN9,1G,16,3,131,4948,11994,2566915,3238003,1395
CN9,1G,16,3,132,5276,13042,2264925,4177527,1251
CN9,1G,16,3,133,1598,5473,1887437,3875537,1876
CN9,1G,16,3,134,4948,10290,1870660,2332034,2208
CN9,1G,16,3,135,3851,8979,1702888,2936013,2009
CN9,1G,16,3,136,4686,10814,2004878,2634023,1279
CN9,1G,16,3,137,3884,7898,3238003,3338666,1643
CN9,1G,16,3,138,5473,8291,734004,3372221,2328
CN9,1G,16,3,139,4948,11338,591397,2902459,2218
CN9,1G,16,3,140,8356,15533,2399142,2969568,795
CN9,1G,16,3,141,3490,10159,1585447,2835350,1336
CN9,1G,16,3,142,5080,13304,3003122,4143973,1569
CN9,1G,16,3,143,3589,8848,2801796,3405775,1129
CN9,1G,16,3,144,5866,14746,2466251,3841983,1503
CN9,1G,16,3,145,5997,10159,3036677,4865393,1251
CN9,1G,16,3,146,6128,9634,4328522,4932502,1147
CN9,1G,16,3,147,2573,8979,1803551,2902459,1198
CN9,1G,16,3,148,3228,8455,1619002,2365588,1577
CN9,1G,16,3,149,2245,7308,1686111,4395631,1472
CN9,1G,16,3,150,1958,5342,2197816,3305112,1587
CN9,1G,16,3,151,4817,8455,2600469,2768241,1524
CN9,1G,16,3,152,6325,10683,2105541,2801796,1295
CN9,1G,16,3,153,8979,21103,3372221,3439330,962
CN9,1G,16,3,154,3556,9896,1904215,3305112,1683
CN9,1G,16,3,155,7832,22152,3338666,3372221,981
CN9,1G,16,3,156,6587,12387,3036677,4043310,895
CN9,1G,16,3,157,3490,8455,2264925,4395631,1425
CN9,1G,16,3,158,4228,8717,2466251,2868904,1175
CN9,1G,16,3,159,5342,9634,1619002,2197816,1839
CN9,1G,16,3,160,6128,10159,2399142,2600469,1344
CN9,1G,16,3,161,6259,9634,3439330,3674211,1135
CN9,1G,16,3,162,4883,11994,3305112,3774874,1009
CN9,1G,16,3,163,3130,9634,1736442,2071987,1875
CN9,1G,16,3,164,7111,14222,3707765,4110418,798
CN9,1G,16,3,165,3097,8225,2231370,3103785,1609
CN9,1G,16,3,166,2933,8979,2566915,3070231,1235
CN9,1G,16,3,167,5604,9503,1954546,3372221,1369
CN9,1G,16,3,168,4424,11469,2566915,4278191,1501
CN9,1G,16,3,169,4555,13829,3674211,4211082,973
CN9,1G,16,3,170,7111,11994,2600469,2634023,1467
CN9,1G,16,4,1,2835,15008,792724,1870660,3177
CN9,1G,16,4,2,2900,12518,1350566,1468007,2315
CN9,1G,16,4,3,9896,17433,2264925,3841983,1030
CN9,1G,16,4,4,8029,13960,2105541,2466251,1669
CN9,1G,16,4,5,4817,9634,2499806,2667578,1687
CN9,1G,16,4,6,4113,11469,2432697,3204449,1606
CN9,1G,16,4,7,3523,15139,809501,2038432,2537
CN9,1G,16,4,8,1663,7308,1652556,1971323,1602
CN9,1G,16,4,9,4293,11338,2466251,3305112,1281
CN9,1G,16,4,10,7701,13042,2902459,3103785,1371
CN9,1G,16,4,11,4752,8979,3070231,3808429,1194
CN9,1G,16,4,12,1549,8356,1954546,2399142,1568
CN9,1G,16,4,13,5145,30278,1417675,1904215,1311
CN9,1G,16,4,14,3294,12387,1702888,2566915,1926
CN9,1G,16,4,15,5800,12256,3003122,3271558,1467
CN9,1G,16,4,16,5997,15926,3271558,3506439,853
CN9,1G,16,4,17,4424,16581,2365588,3003122,2013
CN9,1G,16,4,18,6980,17695,2801796,4529849,970
CN9,1G,16,4,19,7046,16909,2231370,2701132,899
CN9,1G,16,4,20,9503,28967,3137340,3137340,791
CN9,1G,16,4,21,6718,18220,2298479,3036677,1229
CN9,1G,16,4,22,10552,73925,1971323,2231370,825
CN9,1G,16,4,23,10159,17957,3372221,3439330,793
CN9,1G,16,4,24,8717,16057,1971323,2038432,1597
CN9,1G,16,4,25,5997,12387,1971323,1988101,1744
CN9,1G,16,4,26,8094,20055,2634023,2801796,1302
CN9,1G,16,4,27,4621,12387,3003122,3271558,1306
CN9,1G,16,4,28,5538,11600,1585447,3405775,1756
CN9,1G,16,4,29,8586,18220,1887437,3539993,922
CN9,1G,16,4,30,3261,12125,2399142,3271558,1559
CN9,1G,16,4,31,2278,10552,1417675,1920992,1594
CN9,1G,16,4,32,3752,12649,2021655,2088764,1394
CN9,1G,16,4,33,4948,9765,876610,2197816,3062
CN9,1G,16,4,34,5997,13829,2667578,2734687,1035
CN9,1G,16,4,35,6718,15926,1803551,3036677,1121
CN9,1G,16,4,36,7308,14484,2466251,2533360,1178
CN9,1G,16,4,37,9634,20055,2902459,3238003,982
CN9,1G,16,4,38,7701,14353,2264925,2399142,1384
CN9,1G,16,4,39,8717,910164,2055209,2088764,868
CN9,1G,16,4,40,8848,278922,2197816,2566915,998
CN9,1G,16,4,41,1795,5932,2298479,2868904,1625
CN9,1G,16,4,42,3458,6980,3338666,5200937,1714
CN9,1G,16,4,43,6063,13829,2399142,2499806,1041
CN9,1G,16,4,44,4621,45351,2801796,3539993,771
CN9,1G,16,4,45,5997,16909,2432697,2902459,1631
CN9,1G,16,4,46,10421,46400,2365588,2701132,959
CN9,1G,16,4,47,9241,17171,1702888,1988101,1185
CN9,1G,16,4,48,14353,717226,2399142,2533360,795
CN9,1G,16,4,49,11731,53740,1954546,1971323,800
CN9,1G,16,4,50,3097,12518,1669333,2969568,1371
CN9,1G,16,4,51,4228,12649,2499806,2533360,1097
CN9,1G,16,4,52,6325,22414,3170894,3875537,787
CN9,1G,16,4,53,3589,11076,3305112,3976201,897
CN9,1G,16,4,54,2376,11469,2071987,2499806,1275
CN9,1G,16,4,55,4228,12125,2197816,2466251,1524
CN9,1G,16,4,56,6718,27132,1954546,2139096,895
CN9,1G,16,4,57,4555,19792,2701132,3070231,1028
CN9,1G,16,4,58,4752,12518,1786774,1870660,1509
CN9,1G,16,4,59,1778,5735,3036677,3909092,1077
CN9,1G,16,4,60,4047,7504,2088764,2600469,1437
CN9,1G,16,4,61,12125,47973,3338666,3506439,821
CN9,1G,16,4,62,6718,20055,1786774,2231370,1245
CN9,1G,16,4,63,12125,708838,1954546,2264925,911
CN9,1G,16,4,64,4228,11600,1182794,2197816,2063
CN9,1G,16,4,65,6325,18482,2197816,2399142,1166
CN9,1G,16,4,66,1582,17433,2122318,2701132,1337
CN9,1G,16,4,67,5342,41157,2902459,3070231,755
CN9,1G,16,4,68,2835,6521,2734687,3070231,1402
CN9,1G,16,4,69,1811,6456,1702888,2701132,1452
CN9,1G,16,4,70,5735,21627,1669333,1669333,1388
CN9,1G,16,4,71,1795,8979,2432697,2701132,1704
CN9,1G,16,4,72,7701,22676,2231370,2332034,1076
CN9,1G,16,4,73,7373,19268,3137340,3238003,1032
CN9,1G,16,4,74,2606,6063,1669333,2600469,1631
CN9,1G,16,4,75,4948,12125,1434452,2634023,1429
CN9,1G,16,4,76,4490,12911,2399142,3204449,1149
CN9,1G,16,4,77,5342,16712,1384121,1602225,1658
CN9,1G,16,4,78,4948,11469,1568670,1719665,2764
CN9,1G,16,4,79,6849,17695,2298479,2432697,1308
CN9,1G,16,4,80,3392,12387,641729,2139096,3457
CN9,1G,16,4,81,2376,7635,1786774,2432697,1573
CN9,1G,16,4,82,2376,14091,2038432,2566915,1262
CN9,1G,16,4,83,12387,26870,3137340,3137340,928
CN9,1G,16,4,84,2089,5997,1035994,3841983,2123
CN9,1G,16,4,85,6128,14353,2088764,2533360,1416
CN9,1G,16,4,86,10683,26346,2298479,3238003,930
CN9,1G,16,4,87,12911,28705,2264925,2399142,907
CN9,1G,16,4,88,10683,24773,3003122,3238003,884
CN9,1G,16,4,89,3392,8029,2701132,3439330,1216
CN9,1G,16,4,90,11469,23725,3238003,3238003,858
CN9,1G,16,4,91,10421,21103,2969568,3170894,1029
CN9,1G,16,4,92,13829,38536,3103785,3137340,844
CN9,1G,16,4,93,14091,38011,2264925,2533360,823
CN9,1G,16,4,94,6390,12649,3137340,3640656,1371
CN9,1G,16,4,95,15008,246416,3137340,3640656,678
CN9,1G,16,4,96,9372,16909,2701132,3070231,1229
CN9,1G,16,4,97,8848,16581,1333789,2868904,1626
CN9,1G,16,4,98,5604,11863,1652556,2197816,1438
CN9,1G,16,4,99,7439,12911,2298479,2768241,1100
CN9,1G,16,4,100,1778,8717,1434452,1719665,1473
CN9,1G,16,4,101,14877,371196,1719665,2071987,790
CN9,1G,16,4,102,6456,12780,2701132,2835350,1261
CN9,1G,16,4,103,3490,14222,2835350,3070231,1421
CN9,1G,16,4,104,10290,20579,2499806,2667578,1185
CN9,1G,16,4,105,11076,20317,1568670,2264925,1940
CN9,1G,16,4,106,5932,17171,1853883,1971323,1459
CN9,1G,16,4,107,4424,8979,2734687,4110418,1289
CN9,1G,16,4,108,6063,19268,2055209,2432697,1102
CN9,1G,16,4,109,5669,14615,1937769,2332034,1264
CN9,1G,16,4,110,5866,10421,2768241,2835350,1604
CN9,1G,16,4,111,5735,12518,89654,2936013,2271
CN9,1G,16,4,112,3720,8160,1468007,2021655,1894
CN9,1G,16,4,113,3490,13960,1870660,4462740,1055
CN9,1G,16,4,114,6325,22414,1719665,1820328,1082
CN9,1G,16,4,115,6194,22414,2122318,2399142,1117
CN9,1G,16,4,116,5276,8848,3976201,4395631,1063
CN9,1G,16,4,117,7767,23200,2969568,3070231,999
CN9,1G,16,4,118,6456,16909,3841983,3875537,1039
CN9,1G,16,4,119,3458,10421,2466251,2734687,1252
CN9,1G,16,4,120,7504,15926,2365588,2734687,1576
CN9,1G,16,4,121,5735,17695,1635779,1786774,1188
CN9,1G,16,4,122,7898,15533,1468007,2197816,2021
CN9,1G,16,4,123,6390,14484,3070231,3472884,1021
CN9,1G,16,4,124,14877,509608,3238003,3573548,769
CN9,1G,16,4,125,12649,25560,2004878,2038432,893
CN9,1G,16,4,126,8029,20579,2734687,2835350,895
CN9,1G,16,4,127,7242,16581,2801796,3137340,1358
CN9,1G,16,4,128,5473,13042,2264925,2298479,1603
CN9,1G,16,4,129,5669,10028,2122318,2332034,1659
CN9,1G,16,4,130,8094,13960,2499806,2701132,1143
CN9,1G,16,4,131,12387,21103,3238003,3305112,907
CN9,1G,16,4,132,5997,13829,1035994,2055209,3022
CN9,1G,16,4,133,4621,15795,1384121,1501561,1450
CN9,1G,16,4,134,2409,8094,1904215,2499806,1604
CN9,1G,16,4,135,6325,15664,2264925,2332034,1545
CN9,1G,16,4,136,7046,16450,1954546,3103785,1014
CN9,1G,16,4,137,4752,11600,2197816,2566915,1329
CN9,1G,16,4,138,7111,173016,2768241,2768241,1111
CN9,1G,16,4,139,8717,18744,2701132,3070231,1092
CN9,1G,16,4,140,6259,13042,2264925,3506439,1226
CN9,1G,16,4,141,1958,19792,1736442,3506439,1428
CN9,1G,16,4,142,4948,13829,2768241,3506439,1108
CN9,1G,16,4,143,10421,21103,3439330,4798284,827
CN9,1G,16,4,144,11207,23200,2868904,2936013,1175
CN9,1G,16,4,145,3392,10552,1971323,2332034,1553
CN9,1G,16,4,146,8717,21890,1585447,1635779,1530
CN9,1G,16,4,147,4113,9110,2600469,4462740,993
CN9,1G,16,4,148,2409,11338,2264925,2902459,1538
CN9,1G,16,4,149,5604,13042,2055209,2466251,1521
CN9,1G,16,4,150,6063,13435,2365588,2667578,1346
CN9,1G,16,4,151,3359,8717,1619002,3003122,2136
CN9,1G,16,4,152,4948,35914,1887437,2499806,1108
CN9,1G,16,4,153,7898,29230,3003122,3271558,809
CN9,1G,16,4,154,4359,10028,3305112,3372221,1104
CN9,1G,16,4,155,7963,25560,2264925,2634023,989
CN9,1G,16,4,156,3523,11731,1820328,2298479,1250
CN9,1G,16,4,157,6783,13829,2332034,5066720,1268
CN9,1G,16,4,158,5080,13698,1317012,1719665,2646
CN9,1G,16,4,159,9110,20579,2801796,2868904,1056
CN9,1G,16,4,160,14877,1384121,2038432,2365588,647
CN9,1G,16,4,161,3654,7832,3070231,4177527,1046
CN9,1G,16,4,162,1762,7111,2139096,2936013,1607
CN9,1G,16,4,163,6128,15664,2768241,5469373,908
CN9,1G,16,4,164,6456,23725,2432697,2466251,1222
CN9,1G,16,4,165,5538,13304,2298479,2566915,1336
CN9,1G,16,4,166,8717,20841,2566915,2634023,1138
CN9,1G,16,4,167,11731,29492,3506439,3774874,888
CN9,1G,16,4,168,8717,17433,2868904,3137340,1006
CN9,1G,16,4,169,7308,13173,2432697,2835350,961
CN9,1G,16,4,170,5276,10552,1937769,2499806,1753
CN9,1G,16,5,1,7570,25297,1249903,1350566,2161
CN9,1G,16,5,2,5997,31065,1753220,2399142,1249
CN9,1G,16,5,3,8094,25297,3472884,3875537,926
CN9,1G,16,5,4,8979,15926,1602225,1736442,1436
CN9,1G,16,5,5,10421,27919,2466251,2466251,1072
CN9,1G,16,5,6,5538,417334,1417675,1635779,1211
CN9,1G,16,5,7,6456,19792,2298479,2533360,1163
CN9,1G,16,5,8,14091,40633,1971323,1971323,954
CN9,1G,16,5,9,11207,31851,2365588,2566915,1091
CN9,1G,16,5,10,4686,22676,1769997,2105541,1279
CN9,1G,16,5,11,14353,574620,1652556,1853883,926
CN9,1G,16,5,12,3949,10945,1837106,2701132,1905
CN9,1G,16,5,13,4817,19792,2499806,2835350,1260
CN9,1G,16,5,14,12911,476054,2197816,2332034,956
CN9,1G,16,5,15,6718,21103,2298479,2701132,1083
CN9,1G,16,5,16,3490,16450,1820328,1988101,1325
CN9,1G,16,5,17,6587,23462,2600469,2868904,1189
CN9,1G,16,5,18,5997,21103,2071987,2105541,1026
CN9,1G,16,5,19,5538,214959,2332034,2566915,907
CN9,1G,16,5,20,6652,27919,1166017,1233126,1596
CN9,1G,16,5,21,5211,10028,1937769,2139096,1578
CN9,1G,16,5,22,10028,450888,2231370,2432697,957
CN9,1G,16,5,23,2376,14222,1166017,1417675,2124
CN9,1G,16,5,24,6063,497026,1417675,1669333,1129
CN9,1G,16,5,25,7898,480248,2332034,2902459,972
CN9,1G,16,5,26,13960,935330,2298479,2533360,779
CN9,1G,16,5,27,3654,17171,1501561,2055209,2586
CN9,1G,16,5,28,12780,599786,1803551,1870660,1092
CN9,1G,16,5,29,10945,40633,1686111,3036677,1166
CN9,1G,16,5,30,8979,24511,2399142,2768241,923
CN9,1G,16,5,31,15795,254804,2801796,2868904,787
CN9,1G,16,5,32,9634,27657,3070231,3137340,1037
CN9,1G,16,5,33,7767,37487,1619002,2164261,1126
CN9,1G,16,5,34,4817,16450,1535116,1702888,1569
CN9,1G,16,5,35,10814,71828,2164261,2264925,1124
CN9,1G,16,5,36,5735,641729,1266680,1568670,1253
CN9,1G,16,5,37,5211,21627,1518339,1518339,1566
CN9,1G,16,5,38,5800,16581,1820328,1920992,1221
CN9,1G,16,5,39,12780,675283,1887437,2164261,981
CN9,1G,16,5,40,15270,362808,2105541,2264925,947
CN9,1G,16,5,41,2442,8848,1400898,1585447,2021
CN9,1G,16,5,42,6783,650118,1333789,1350566,1167
CN9,1G,16,5,43,15795,202376,2667578,2701132,884
CN9,1G,16,5,44,11863,28443,2197816,2298479,1094
CN9,1G,16,5,45,8094,18220,2600469,2667578,1227
CN9,1G,16,5,46,11731,775947,1300235,1619002,1049
CN9,1G,16,5,47,5604,505414,1333789,1602225,1164
CN9,1G,16,5,48,3261,6128,1988101,2088764,1372
CN9,1G,16,5,49,6521,20055,2139096,2197816,1308
CN9,1G,16,5,50,6915,35390,1535116,1702888,1154
CN9,1G,16,5,51,5211,22938,3070231,3707765,1049
CN9,1G,16,5,52,5211,350225,1702888,1937769,1161
CN9,1G,16,5,53,11600,137364,1652556,1837106,1408
CN9,1G,16,5,54,12780,354419,1400898,2768241,1039
CN9,1G,16,5,55,5276,18744,1300235,1384121,1495
CN9,1G,16,5,56,7373,196084,1551893,1769997,1115
CN9,1G,16,5,57,3458,8586,1786774,1904215,1602
CN9,1G,16,5,58,3163,14746,1417675,1602225,1669
CN9,1G,16,5,59,8979,31589,1870660,1954546,1375
CN9,1G,16,5,60,6652,392168,1820328,3372221,1010
CN9,1G,16,5,61,7570,17433,1367344,1551893,1329
CN9,1G,16,5,62,6063,21365,1585447,1686111,1188
CN9,1G,16,5,63,5145,16319,2122318,2399142,1421
CN9,1G,16,5,64,2802,204473,1568670,2432697,1204
CN9,1G,16,5,65,5932,19006,2667578,2936013,1118
CN9,1G,16,5,66,12387,33817,1887437,2868904,1018
CN9,1G,16,5,67,12518,392168,2231370,2466251,848
CN9,1G,16,5,68,17433,1132463,2701132,3271558,701
CN9,1G,16,5,69,2802,10945,2139096,2197816,1707
CN9,1G,16,5,70,6652,18482,2734687,2902459,1072
CN9,1G,16,5,71,8094,20317,1484784,1736442,1373
CN9,1G,16,5,72,4015,18220,1904215,1954546,1485
CN9,1G,16,5,73,10683,935330,1400898,3170894,951
CN9,1G,16,5,74,7308,16450,1786774,2365588,1373
CN9,1G,16,5,75,6980,18220,2600469,2600469,1227
CN9,1G,16,5,76,6521,18220,2600469,2667578,1164
CN9,1G,16,5,77,11731,291505,1719665,1786774,1221
CN9,1G,16,5,78,4948,14484,1417675,3472884,1447
CN9,1G,16,5,79,10814,1132463,1870660,1971323,843
CN9,1G,16,5,80,15401,346031,2566915,2634023,775
CN9,1G,16,5,81,12911,99091,2332034,3305112,886
CN9,1G,16,5,82,9372,39584,1853883,2038432,1050
CN9,1G,16,5,83,7439,15664,2197816,2264925,1510
CN9,1G,16,5,84,8455,22676,1887437,1988101,1238
CN9,1G,16,5,85,10814,608175,1769997,1853883,987
CN9,1G,16,5,86,4228,10552,3170894,3305112,1356
CN9,1G,16,5,87,7570,15401,2969568,3372221,1151
CN9,1G,16,5,88,13435,492831,2164261,2264925,982
CN9,1G,16,5,89,9634,19268,2298479,2365588,1091
CN9,1G,16,5,90,2278,9634,1602225,1769997,1436
CN9,1G,16,5,91,5145,15139,1988101,2071987,1061
CN9,1G,16,5,92,13042,1384121,1988101,2004878,750
CN9,1G,16,5,93,12780,60031,2071987,2298479,930
CN9,1G,16,5,94,10945,33424,2499806,2902459,1014
CN9,1G,16,5,95,5538,22676,1635779,2122318,1167
CN9,1G,16,5,96,7308,231736,2139096,2600469,1230
CN9,1G,16,5,97,4359,15533,2701132,2801796,1215
CN9,1G,16,5,98,10290,1082131,1870660,3036677,843
CN9,1G,16,5,99,11338,23462,2365588,2466251,931
CN9,1G,16,5,100,14746,32113,3070231,3506439,876
CN9,1G,16,5,101,5473,21103,1551893,1769997,1413
CN9,1G,16,5,102,11863,43779,2667578,2701132,890
CN9,1G,16,5,103,9110,38011,1702888,2164261,1132
CN9,1G,16,5,104,5997,15795,1887437,1954546,1067
CN9,1G,16,5,105,14615,183501,2466251,2801796,960
CN9,1G,16,5,106,3228,11994,2264925,2566915,1365
CN9,1G,16,5,107,6652,725615,1468007,1484784,1059
CN9,1G,16,5,108,6652,187696,2365588,2533360,854
CN9,1G,16,5,109,3458,287310,1988101,2231370,1168
CN9,1G,16,5,110,16319,1333789,1702888,1786774,610
CN9,1G,16,5,111,7767,27919,2038432,3506439,995
CN9,1G,16,5,112,10028,943719,1937769,1954546,813
CN9,1G,16,5,113,9372,616563,1434452,1501561,1064
CN9,1G,16,5,114,7898,21890,2055209,3070231,1315
CN9,1G,16,5,115,2474,8455,2122318,2164261,1371
CN9,1G,16,5,116,6718,23987,1753220,1769997,1211
CN9,1G,16,5,117,12911,333448,2365588,2466251,968
CN9,1G,16,5,118,11207,467665,1417675,1434452,1212
CN9,1G,16,5,119,9110,31327,2231370,3573548,913
CN9,1G,16,5,120,17171,492831,2566915,2566915,744
CN9,1G,16,5,121,15926,876610,1484784,1652556,955
CN9,1G,16,5,122,9765,26084,2038432,2164261,933
CN9,1G,16,5,123,9634,438305,2088764,2399142,950
CN9,1G,16,5,124,7570,1069548,1551893,1568670,1003
CN9,1G,16,5,125,9634,509608,1753220,1837106,1026
CN9,1G,16,5,126,14222,26870,1803551,1820328,1160
CN9,1G,16,5,127,10421,19792,2197816,2365588,1341
CN9,1G,16,5,128,13566,28705,2298479,2566915,1080
CN9,1G,16,5,129,11207,784335,1283458,1317012,1069
CN9,1G,16,5,130,8225,25035,2466251,3305112,1058
CN9,1G,16,5,131,8979,23200,1635779,1988101,1354
CN9,1G,16,5,132,11600,379585,2667578,2701132,840
CN9,1G,16,5,133,2573,15270,1501561,1518339,1633
CN9,1G,16,5,134,8717,425722,2332034,2499806,1031
CN9,1G,16,5,135,7767,19792,2566915,2600469,1013
CN9,1G,16,5,136,4621,19268,1652556,2701132,1028
CN9,1G,16,5,137,5407,13960,1468007,1535116,1632
CN9,1G,16,5,138,7046,28443,2264925,2332034,1089
CN9,1G,16,5,139,7111,15008,1686111,1937769,1272
CN9,1G,16,5,140,16319,792724,1971323,2164261,872
CN9,1G,16,5,141,4424,173016,1300235,1568670,1811
CN9,1G,16,5,142,3589,113771,1333789,1350566,1207
CN9,1G,16,5,143,9241,35390,2122318,2264925,1139
CN9,1G,16,5,144,9241,471860,2332034,2432697,940
CN9,1G,16,5,145,6652,24773,1551893,1652556,1222
CN9,1G,16,5,146,4359,20317,2055209,2122318,1443
CN9,1G,16,5,147,7832,566232,1736442,1887437,1048
CN9,1G,16,5,148,5997,509608,2332034,2399142,915
CN9,1G,16,5,149,4752,22938,1837106,1870660,1135
CN9,1G,16,5,150,7111,22414,2634023,2868904,1067
CN9,1G,16,5,151,12649,25035,1954546,2432697,1005
CN9,1G,16,5,152,2147,11076,1082131,1451230,1835
CN9,1G,16,5,153,3458,20055,1585447,1820328,1277
CN9,1G,16,5,154,14353,28705,3137340,3271558,826
CN9,1G,16,5,155,13435,26084,2634023,2701132,1036
CN9,1G,16,5,156,6915,18482,1870660,1920992,1163
CN9,1G,16,5,157,9634,32637,2164261,2197816,1005
CN9,1G,16,5,158,10814,19268,1971323,2298479,1151
CN9,1G,16,5,159,11338,25035,1652556,1719665,1429
CN9,1G,16,5,160,11338,1115685,1702888,2038432,972
CN9,1G,16,5,161,8979,26346,2399142,2466251,918
CN9,1G,16,6,1,2376,27395,1384121,2071987,2065
CN9,1G,16,6,2,10421,624952,2197816,2298479,973
CN9,1G,16,6,3,8225,26346,1702888,1803551,1363
CN9,1G,16,6,4,9110,367002,1216349,1300235,1338
CN9,1G,16,6,5,13304,742392,1602225,1686111,937
CN9,1G,16,6,6,11600,557843,1249903,1551893,1197
CN9,1G,16,6,7,2507,505414,1233126,1266680,1126
CN9,1G,16,6,8,3916,675283,3640656,3640656,452
CN9,1G,16,6,9,4948,450888,1551893,1853883,1058
CN9,1G,16,6,10,12911,484443,1870660,1971323,848
CN9,1G,16,6,11,2704,994051,1367344,1434452,739
CN9,1G,16,6,12,3818,926942,3103785,3707765,483
CN9,1G,16,6,13,5080,242222,1870660,2071987,1048
CN9,1G,16,6,14,7111,960496,1283458,1585447,906
CN9,1G,16,6,15,2180,261096,1249903,2667578,1029
CN9,1G,16,6,16,3556,666895,994051,3875537,671
CN9,1G,16,6,17,2573,267387,943719,1400898,2005
CN9,1G,16,6,18,4883,549454,1451230,1920992,1101
CN9,1G,16,6,19,5604,261096,274727,274727,1671
CN9,1G,16,6,20,1909,312476,2088764,2088764,898
CN9,1G,16,6,21,2606,425722,1753220,2088764,980
CN9,1G,16,6,22,5080,6980,6980,6980,1023
CN9,1G,16,6,23,4817,9503,868221,1317012,3872
CN9,1G,16,6,24,5407,61080,1367344,1853883,1407
CN9,1G,16,6,25,6259,210764,1786774,1988101,1419
CN9,1G,16,6,26,11076,599786,926942,960496,1264
CN9,1G,16,6,27,10552,242222,2466251,2466251,890
CN9,1G,16,6,28,13566,304088,2164261,2332034,942
CN9,1G,16,6,29,2311,534774,1266680,1719665,1270
CN9,1G,16,6,30,5080,1182794,2868904,2868904,539
CN9,1G,16,6,31,4752,49546,2298479,2432697,1561
CN9,1G,16,6,32,8717,191890,1937769,1937769,1074
CN9,1G,16,6,33,4228,408945,1585447,1635779,1147
CN9,1G,16,6,34,9241,299893,2298479,2365588,1148
CN9,1G,16,6,35,4883,492831,1199571,1870660,1501
CN9,1G,16,6,36,6259,183501,2021655,2298479,1110
CN9,1G,16,6,37,6652,492831,952108,2667578,1072
CN9,1G,16,6,38,8717,549454,1988101,2004878,956
CN9,1G,16,6,39,4817,438305,1568670,1619002,1200
CN9,1G,16,6,40,3064,566232,1283458,1954546,903
CN9,1G,16,6,41,4621,11600,767558,977273,3813
CN9,1G,16,6,42,4883,22676,1417675,1585447,1558
CN9,1G,16,6,43,11994,767558,2122318,2139096,841
CN9,1G,16,6,44,4490,23462,1149240,1249903,1611
CN9,1G,16,6,45,13566,792724,1199571,1233126,799
CN9,1G,16,6,46,5538,549454,859833,960496,1496
CN9,1G,16,6,47,2638,534774,884999,1027605,1289
CN9,1G,16,6,48,3326,574620,1350566,1434452,994
CN9,1G,16,6,49,1942,530580,2399142,2399142,611
CN9,1G,16,6,50,5735,557843,1451230,1451230,1019
CN9,1G,16,6,51,12780,809501,1166017,1199571,825
CN9,1G,16,6,52,3326,33817,1317012,1501561,1976
CN9,1G,16,6,53,6259,918553,1518339,1585447,1005
CN9,1G,16,6,54,10421,624952,1769997,1786774,951
CN9,1G,16,6,55,11207,189793,1702888,2021655,1228
CN9,1G,16,6,56,3851,742392,1233126,1233126,1166
CN9,1G,16,6,57,2442,329253,1182794,2399142,1410
CN9,1G,16,6,58,5276,977273,1417675,1518339,777
CN9,1G,16,6,59,2212,6718,1937769,3238003,2291
CN9,1G,16,6,60,5997,488637,1870660,1937769,1174
CN9,1G,16,6,61,12256,135267,2365588,2399142,1162
CN9,1G,16,6,62,13435,574620,1451230,1652556,1229
CN9,1G,16,6,63,13960,700449,1719665,1753220,916
CN9,1G,16,6,64,12518,329253,1904215,2021655,1029
CN9,1G,16,6,65,6652,566232,1044382,1082131,1191
CN9,1G,16,6,66,2933,270533,1602225,2231370,1217
CN9,1G,16,6,67,7177,977273,2399142,2399142,506
CN9,1G,16,6,68,2540,809501,1820328,3137340,938
CN9,1G,16,6,69,3261,583009,801113,1098908,839
CN9,1G,16,6,70,9503,530580,1417675,1434452,629
CN9,1G,16,6,71,4424,666895,1501561,3674211,969
CN9,1G,16,6,72,3720,1132463,1585447,1719665,538
CN9,1G,16,6,73,5538,13435,1019216,1954546,3066
CN9,1G,16,6,74,1958,206570,2139096,5737808,1066
CN9,1G,16,6,75,9110,223347,1887437,2499806,1232
CN9,1G,16,6,76,5211,513803,1468007,1535116,1419
CN9,1G,16,6,77,4228,17433,1233126,1518339,2058
CN9,1G,16,6,78,4555,522191,1249903,1367344,1249
CN9,1G,16,6,79,4359,608175,1283458,1434452,1120
CN9,1G,16,6,80,7242,14353,2164261,2197816,2447
CN9,1G,16,6,81,11600,354419,2088764,2701132,1165
CN9,1G,16,6,82,11731,666895,1837106,1870660,1004
CN9,1G,16,6,83,13829,333448,1753220,1853883,1130
CN9,1G,16,6,84,12780,421528,1669333,2071987,1116
CN9,1G,16,6,85,12256,683672,1501561,1585447,1110
CN9,1G,16,6,86,10814,371196,2055209,2071987,1103
CN9,1G,16,6,87,3687,488637,1182794,1535116,1176
CN9,1G,16,6,88,2278,583009,1652556,1669333,925
CN9,1G,16,6,89,3392,513803,1803551,4529849,972
CN9,1G,16,6,90,4080,658506,985662,994051,1050
CN9,1G,16,6,91,2802,977273,3338666,3539993,562
CN9,1G,16,6,92,2212,633340,1199571,4731175,972
CN9,1G,16,6,93,5997,608175,1585447,1753220,1016
CN9,1G,16,6,94,3752,784335,3271558,4529849,543
CN9,1G,16,6,95,1450,7308,1149240,2139096,2134
CN9,1G,16,6,96,5145,566232,1216349,2600469,1083
CN9,1G,16,6,97,3130,784335,1317012,1367344,912
CN9,1G,16,6,98,2147,404751,2969568,2969568,1036
CN9,1G,16,6,99,6063,624952,1736442,1753220,941
CN9,1G,16,6,100,14746,910164,1602225,1904215,724
CN9,1G,16,6,101,3425,759170,1602225,1635779,930
CN9,1G,16,6,102,4293,675283,1283458,2231370,774
CN9,1G,16,6,103,4621,8848,254804,1115685,5648
CN9,1G,16,6,104,4047,14615,1484784,2332034,1986
CN9,1G,16,6,105,9896,851444,1535116,1568670,1149
CN9,1G,16,6,106,4621,196084,1635779,1904215,1501
CN9,1G,16,6,107,4948,624952,1451230,1484784,1148
CN9,1G,16,6,108,12911,926942,1400898,1451230,835
CN9,1G,16,6,109,7701,599786,1451230,1518339,997
CN9,1G,16,6,110,2802,501220,1384121,1417675,1194
CN9,1G,16,6,111,1729,9372,1400898,1568670,1500
CN9,1G,16,6,112,4228,295699,1803551,1803551,1620
CN9,1G,16,6,113,4015,497026,1166017,1166017,1013
CN9,1G,16,6,114,6063,12780,91751,767558,6527
CN9,1G,16,6,115,10683,583009,2365588,2466251,899
CN9,1G,16,6,116,11731,566232,1350566,1400898,1262
CN9,1G,16,6,117,6652,434111,1249903,1568670,1359
CN9,1G,16,6,118,11863,304088,1719665,2231370,1155
CN9,1G,16,6,119,9372,599786,1069548,1082131,1401
CN9,1G,16,6,120,11994,258999,1635779,1686111,1244
CN9,1G,16,6,121,8029,471860,1283458,1551893,939
CN9,1G,16,6,122,3097,425722,1115685,1132463,960
CN9,1G,16,6,123,1631,396362,1384121,2868904,993
CN9,1G,16,6,124,3818,658506,1149240,1451230,1230
CN9,1G,16,6,125,3359,235930,1602225,1635779,1606
CN9,1G,16,6,126,4490,446694,1249903,2105541,1350
CN9,1G,16,6,127,4686,35914,1535116,2197816,1283
CN9,1G,16,6,128,5669,33817,2332034,2499806,1238
CN9,1G,16,6,129,6587,212861,2768241,2902459,1000
CN9,1G,16,6,130,5604,44303,2566915,2768241,1182
CN9,1G,16,6,131,5604,346031,1786774,2088764,1358
CN9,1G,16,6,132,6194,261096,1669333,1803551,1288
CN9,1G,16,6,133,11863,792724,2021655,2332034,1008
CN9,1G,16,6,134,11207,413139,1300235,1518339,1240
CN9,1G,16,6,135,10552,400557,1417675,1686111,1235
CN9,1G,16,6,136,10683,484443,1971323,1988101,995
CN9,1G,16,6,137,5997,633340,1350566,1384121,1339
CN9,1G,16,6,138,15008,227541,1988101,1988101,909
CN9,1G,16,6,139,6652,658506,1035994,1216349,1122
CN9,1G,16,6,140,6456,358613,1820328,2055209,1196
CN9,1G,16,6,141,9896,27657,1098908,1166017,1536
CN9,1G,16,6,142,13435,304088,1669333,1803551,1191
CN9,1G,16,6,143,12256,700449,1082131,1098908,1105
CN9,1G,16,6,144,11600,792724,1149240,1400898,935
CN9,1G,16,6,145,9896,708838,1417675,1619002,1123
CN9,1G,16,6,146,9372,404751,1769997,1887437,1143
CN9,1G,16,6,147,8848,434111,1904215,2332034,1102
CN9,1G,16,6,148,3851,517997,968885,1010828,1642
CN9,1G,16,6,149,9634,312476,2055209,2264925,1068
CN9,1G,16,6,150,13829,308282,2164261,2332034,935
CN9,1G,16,6,151,6325,25822,1920992,2004878,1265
CN9,1G,16,6,152,7767,52167,2298479,2432697,1051
CN9,1G,16,6,153,2147,683672,1115685,1115685,1240
CN9,1G,16,6,154,5866,312476,2105541,3070231,1121
CN9,1G,16,6,155,5669,362808,1937769,1954546,1262
CN9,1G,16,6,156,11469,522191,1719665,1954546,1051
CN9,1G,16,6,157,14615,767558,2365588,2499806,736
CN9,1G,16,6,158,4490,14746,1719665,1971323,1512
CN9,1G,16,6,159,11207,202376,2701132,2868904,1103
CN9,1G,16,6,160,7177,26608,2466251,2902459,1294
CN9,1G,16,6,161,5145,14222,2600469,4462740,1207
CN9,1G,16,6,162,6194,15926,1786774,1820328,1736
CN9,1G,16,6,163,8717,425722,1652556,1870660,1215
CN9,1G,16,6,164,7308,375391,1300235,1971323,1353
CN9,1G,16,6,165,7832,32900,2533360,2533360,1003
CN9,1G,16,6,166,7177,156238,2231370,2533360,1126
CN9,1G,16,6,167,12125,287310,1954546,2122318,1187
CN9,1G,16,6,168,10421,33817,2499806,2734687,1388
CN9,1G,16,6,169,14877,61604,2055209,2667578,981
CN9,1G,16,6,170,6194,14353,2164261,2298479,1040
CN9,1G,16,6,171,4686,15926,2231370,2466251,1458
CN9,1G,16,6,172,6980,22676,2432697,2701132,1538
CN9,1G,16,6,173,11863,26870,2432697,2533360,1184
CN9,1G,16,6,174,13698,25035,3003122,3137340,929

CN9,1G,16,48,1,3130,123208,868221,1249903,2610
CN9,1G,16,48,2,16188,26870,3103785,4211082,864
CN9,1G,16,48,3,15139,25560,2399142,4798284,995
CN9,1G,16,48,4,13435,19530,1920992,2055209,1714
CN9,1G,16,48,5,9110,17433,1635779,1971323,2249
CN9,1G,16,48,6,4228,15664,1971323,2667578,1693
CN9,1G,16,48,7,12256,46924,1736442,1753220,1388
CN9,1G,16,48,8,11338,21103,3942646,5200937,1171
CN9,1G,16,48,9,9896,19006,3607102,4462740,1474
CN9,1G,16,48,10,9372,19530,2936013,3640656,1179
CN9,1G,16,48,11,9503,25297,4932502,5133829,859
CN9,1G,16,48,12,14222,23987,4596958,5402264,954
CN9,1G,16,48,13,15270,23725,5200937,6140462,899
CN9,1G,16,48,14,14353,23725,3841983,4110418,1100
CN9,1G,16,48,15,13829,24249,3271558,4177527,880
CN9,1G,16,48,16,14222,23200,2701132,3271558,1277
CN9,1G,16,48,17,7767,22414,3808429,3841983,1257
CN9,1G,16,48,18,14615,25560,3774874,4043310,1104
CN9,1G,16,48,19,8455,19006,2734687,2734687,1185
CN9,1G,16,48,20,13566,23987,3338666,3372221,1075
CN9,1G,16,48,21,8356,15926,2600469,3271558,1138
CN9,1G,16,48,22,17695,34866,4009755,4278191,679
CN9,1G,16,48,23,16450,22938,3875537,3976201,1238
CN9,1G,16,48,24,6587,20055,2734687,3338666,1216
CN9,1G,16,48,25,8356,24511,2835350,2969568,1086
CN9,1G,16,48,26,14746,23462,3539993,3640656,1017
CN9,1G,16,48,27,12780,20317,3204449,6744441,1175
CN9,1G,16,48,28,5800,21103,2600469,3439330,1075
CN9,1G,16,48,29,7177,28181,2667578,3305112,1082
CN9,1G,16,48,30,12387,25297,3439330,3741320,1036
CN9,1G,16,48,31,6390,20055,2969568,3841983,1286
CN9,1G,16,48,32,14877,22414,3506439,3607102,1064
CN9,1G,16,48,33,6259,16712,4076864,4798284,1083
CN9,1G,16,48,34,12911,22414,4932502,5133829,988
CN9,1G,16,48,35,9765,23725,3976201,4076864,859
CN9,1G,16,48,36,6259,12256,2768241,3506439,1204
CN9,1G,16,48,37,10683,22676,4529849,4865393,999
CN9,1G,16,48,38,15533,25035,4999611,5402264,902
CN9,1G,16,48,39,15270,22152,3506439,6006244,944
CN9,1G,16,48,40,12125,20841,4076864,4596958,1189
CN9,1G,16,48,41,9241,27132,1937769,2667578,1313
CN9,1G,16,48,42,13698,23987,3305112,3539993,1057
CN9,1G,16,48,43,13566,22414,3976201,7147095,914
CN9,1G,16,48,44,12911,22938,3372221,3439330,1072
CN9,1G,16,48,45,10159,23200,4395631,4395631,925
CN9,1G,16,48,46,12780,20579,5268046,5402264,929
CN9,1G,16,48,47,13960,20579,4395631,4529849,1334
CN9,1G,16,48,48,13042,21365,3841983,4395631,1147
CN9,1G,16,48,49,12780,21103,3841983,4244636,1149
CN9,1G,16,48,50,12387,20841,3674211,3909092,1125
CN9,1G,16,48,51,9241,18220,3841983,4932502,1150
CN9,1G,16,48,52,7308,16450,2298479,3841983,1718
CN9,1G,16,48,53,9634,24773,4596958,5335155,916
CN9,1G,16,48,54,13960,27657,4462740,4798284,849
CN9,1G,16,48,55,6259,20841,2466251,2936013,1331
CN9,1G,16,48,56,9503,20579,2004878,2600469,1510
CN9,1G,16,48,57,5604,17171,3070231,3103785,1103
CN9,1G,16,48,58,11207,21103,2868904,4932502,965
CN9,1G,16,48,59,11994,20317,3707765,4731175,1628
CN9,1G,16,48,60,8848,18744,2399142,3472884,1155
CN9,1G,16,48,61,5735,16909,4211082,4798284,1144
CN9,1G,16,48,62,8225,16581,4395631,4798284,1133
CN9,1G,16,48,63,10421,19792,2600469,3539993,1353
CN9,1G,16,48,64,12256,20317,3573548,3707765,1159
CN9,1G,16,48,65,12649,22938,5066720,5200937,1007
CN9,1G,16,48,66,7963,21103,3137340,4043310,1406
CN9,1G,16,48,67,7177,21890,3103785,3204449,1462
CN9,1G,16,48,68,7898,17171,2835350,3439330,997
CN9,1G,16,48,69,12518,22414,4328522,4395631,931
CN9,1G,16,48,70,5211,15270,876610,1702888,3297
CN9,1G,16,48,71,6063,17433,2088764,2768241,1482
CN9,1G,16,48,72,7504,38536,2298479,2969568,1164
CN9,1G,16,48,73,7111,20055,2264925,3238003,1218
CN9,1G,16,48,74,11863,22152,2231370,4395631,1124
CN9,1G,16,48,75,12125,21890,2936013,5402264,1291
CN9,1G,16,48,76,10421,23987,3405775,3707765,1128
CN9,1G,16,48,77,5080,13960,2499806,3640656,1422
CN9,1G,16,48,78,7439,50070,3137340,3674211,1052
CN9,1G,16,48,79,6128,13960,3875537,5402264,925
CN9,1G,16,48,80,8094,20579,4177527,4596958,1045
CN9,1G,16,48,81,8356,35390,3003122,3774874,967
CN9,1G,16,48,82,11994,21365,3808429,4076864,1236
CN9,1G,16,48,83,8848,19530,2499806,3808429,1594
CN9,1G,16,48,84,10290,29230,2533360,3506439,1208
CN9,1G,16,48,85,6915,82314,2197816,2197816,1359
CN9,1G,16,48,86,7111,109577,2801796,3372221,1009
CN9,1G,16,48,87,12387,24511,4278191,4798284,946
CN9,1G,16,48,88,4293,8225,4529849,4596958,1170
CN9,1G,16,48,89,10028,23987,3405775,3942646,992
CN9,1G,16,48,90,8029,19006,3103785,3741320,1243
CN9,1G,16,48,91,6915,17957,4395631,5066720,977
CN9,1G,16,48,92,11731,21103,4244636,4731175,1443
CN9,1G,16,48,93,7177,19792,2264925,3607102,1241
CN9,1G,16,48,94,6521,11469,2835350,3103785,1558
CN9,1G,16,48,95,6849,27657,2231370,3774874,1375
CN9,1G,16,48,96,5080,156238,1920992,2231370,1572
CN9,1G,16,48,97,8848,30802,1635779,3103785,1308
CN9,1G,16,48,98,4948,9503,2868904,2902459,1296
CN9,1G,16,48,99,4752,31327,3137340,3942646,890
CN9,1G,16,48,100,7111,20055,2466251,3774874,1316
CN9,1G,16,48,101,9896,21103,3103785,3640656,1312
CN9,1G,16,48,102,6456,12649,3506439,3808429,984
CN9,1G,16,48,103,14746,26608,3238003,3238003,1092
CN9,1G,16,48,104,13698,26608,4009755,4664067,917
CN9,1G,16,48,105,10814,21365,4932502,5133829,901
CN9,1G,16,48,106,13304,22414,2835350,3506439,1457
CN9,1G,16,48,107,7177,21365,2734687,3070231,1169
CN9,1G,16,48,108,7570,17957,3003122,3170894,1174
CN9,1G,16,48,109,13173,20841,3640656,4462740,900
CN9,1G,16,48,110,12518,21365,3808429,4211082,1396
CN9,1G,16,48,111,8979,20317,2264925,2332034,1616
CN9,1G,16,48,112,7439,21365,2088764,4462740,1013
CN9,1G,16,48,113,7308,17171,3909092,4395631,940
CN9,1G,16,48,114,12125,21103,5133829,5200937,1317
CN9,1G,16,48,115,8160,22676,4395631,4664067,951
CN9,1G,16,48,116,11207,47449,3338666,3372221,817
CN9,1G,16,48,117,11994,22938,3103785,3808429,1012
CN9,1G,16,48,118,8160,19530,3506439,5200937,1261
CN9,1G,16,48,119,7570,25297,2801796,4462740,932
CN9,1G,16,48,120,5145,16909,2332034,3305112,1367
CN9,1G,16,48,121,6783,17171,3271558,5469373,1194
CN9,1G,16,48,122,5997,11469,5200937,5402264,1086
CN9,1G,16,48,123,5735,10945,2466251,3472884,1228
CN9,1G,16,48,124,6063,21365,2902459,3103785,1085
CN9,1G,16,48,125,9765,21627,3741320,4043310,1142
CN9,1G,16,48,126,8979,31327,2365588,2533360,1144
CN9,1G,16,48,127,6325,17433,2021655,2432697,1626
CN9,1G,16,48,128,13042,25822,3808429,4462740,1071
CN9,1G,16,48,129,13042,23462,3305112,3338666,1146
CN9,1G,16,48,130,10552,32637,2231370,2634023,1295
CN9,1G,16,48,131,14484,32637,3640656,4009755,878
CN9,1G,16,48,132,14746,26870,4932502,4999611,800
CN9,1G,16,48,133,14484,21890,5066720,5066720,975
CN9,1G,16,48,134,14091,22676,2868904,5603591,1099
CN9,1G,16,48,135,13566,20579,2634023,2969568,1263
CN9,1G,16,48,136,15139,22676,4076864,4211082,930
CN9,1G,16,48,137,15401,22938,4798284,4999611,959
CN9,1G,16,48,138,12387,21103,4244636,4731175,1221
CN9,1G,16,48,139,9503,21365,3170894,3372221,1282
CN9,1G,16,48,140,8291,19268,1551893,1635779,1636
CN9,1G,16,48,141,7898,21890,2566915,3405775,1133
CN9,1G,16,48,142,8291,20055,3707765,3808429,1100
CN9,1G,16,48,143,5211,9110,3841983,6006244,1102
CN9,1G,16,48,144,8717,19530,3137340,3539993,1549
CN9,1G,16,48,145,8160,21890,2835350,3707765,952
CN9,1G,16,48,146,6521,21103,2902459,2902459,1009
CN9,1G,16,48,147,5407,9896,2164261,4865393,1432
CN9,1G,16,48,148,8717,23987,2667578,3674211,1356
CN9,1G,16,48,149,15008,212861,3238003,5335155,650
CN9,1G,16,48,150,11600,28181,2038432,2365588,1307
CN9,1G,16,48,151,7963,32637,1400898,2231370,1816
CN9,1G,16,48,152,12518,25035,2399142,4143973,964
CN9,1G,16,48,153,13173,25035,2197816,3674211,1463
CN9,1G,16,48,154,4752,15533,2701132,2936013,1344
CN9,1G,16,48,155,9241,19530,1988101,3539993,1492
CN9,1G,16,48,156,8848,22152,3640656,3976201,1091
CN9,1G,16,48,157,13042,22938,3875537,3875537,1129
CN9,1G,16,48,158,5473,9896,2835350,2969568,1316
CN9,1G,16,48,159,5342,16712,2936013,3539993,1192
CN9,1G,16,48,160,10945,23987,5603591,5603591,862
CN9,1G,16,48,161,13042,21627,2231370,3003122,1270
CN9,1G,16,48,162,14877,44827,3238003,4009755,952
CN9,1G,16,48,163,4490,17171,1501561,1803551,2267
CN9,1G,16,48,164,7701,27657,1585447,2399142,1485
