
START----------
1.2451 1.1337
1.4359 1.1753
1.3559 1.1682
1.3809 1.1837
1.2180 1.1699
1.2081 1.1303
1.2416 1.2249
1.2784 1.1735
1.2213 1.0976
1.1942 1.1113
1.3393 1.1018
1.3281 1.0908
1.2935 1.0632
1.2570 1.0921
1.1295 1.1137
1.1858 1.1341
1.3985 1.0701
1.3477 1.0375
1.2692 1.0537
1.2318 1.0855
1.2396 1.0702
1.3952 1.0489
1.2944 1.0271
1.3599 1.1166
1.1957 1.0464
1.2230 1.0942
1.2729 1.0994
1.3555 1.0725
1.3435 1.0941
1.2725 1.0801
1.2738 1.0800
1.3930 1.1316
1.3015 1.0946
1.2949 1.0852
1.3569 1.1074
1.3220 1.0675
1.3242 1.0884
1.2312 1.1227
1.2337 1.0645
1.2765 1.1128
1.2390 1.0731
1.2581 1.1038
1.1591 1.1385
1.1414 1.0943
1.2056 1.0688
1.1880 1.0996
1.2515 1.0971
1.1918 1.1275
1.2327 1.1712
1.2439 1.1121
1.1530 1.0729
1.0990 1.0940
1.2084 1.0723
1.1889 1.0642
1.2016 1.0578
1.1397 1.0938
1.1924 1.1472
1.1726 1.1233
1.2196 1.1445
1.1629 1.1656
END----------
START----------
1.1721 1.1025
1.2389 1.2469
1.3435 1.2466
1.4278 1.2301
1.5501 1.4169
1.5146 1.5361
1.6298 1.2673
1.4741 1.1152
1.5170 1.2200
1.5374 1.1472
1.3455 1.1974
1.3799 1.3050
1.4990 1.3747
1.5781 1.3433
1.6636 1.3632
1.6016 1.2606
1.7340 1.3032
1.6285 1.2971
1.6200 1.3788
1.5130 1.3298

START----------
1.3069 1.0892
1.3967 1.1562
1.3758 1.3256
1.2986 1.2176
1.3581 1.3584
1.3279 1.2372
1.2646 1.3208
1.3454 1.2439
1.4214 1.4431
1.4670 1.2492
1.3226 1.2422
1.3160 1.1835
1.2855 1.2276
1.4249 1.1834
1.2979 1.2202
1.2459 1.2117
1.3415 1.3311
1.2156 1.2762
1.2301 1.2180
1.1946 1.1995
1.2747 1.2364
1.1712 1.2144
1.2076 1.1983
1.3284 1.2059
1.1687 1.1341
1.2964 1.2096
1.2625 1.2271
1.2455 1.1875
1.3126 1.2644
1.3040 1.2214
1.3009 1.1737
1.3160 1.1766
1.2512 1.1229
1.2931 1.1502
1.3840 1.1758
1.3125 1.1347
1.2599 1.1271
1.2384 1.1467
1.1347 1.1385
1.2140 1.2933
1.2549 1.1507
1.2963 1.1515
1.2276 1.2640
1.2956 1.2878
1.2184 1.1846
1.2759 1.2058
1.3000 1.1950
1.3705 1.1394
1.3375 1.1410
1.2385 1.1584
1.2503 1.2080
1.3011 1.1715
1.2782 1.1387
1.2698 1.1940
1.2317 1.2746
1.1542 1.1834
1.2331 1.2929
1.1868 1.1108
1.1512 1.2050
1.1749 1.1293
END----------
1.4057 1.4165
-1 -1
-1 -1
-1 -1
-1 -1
-1 -1
-1 -1
-1 -1
-1 -1
-1 -1
-1 -1
-1 -1
-1 -1
-1 -1
-1 -1
-1 -1
-1 -1
-1 -1
-1 -1
-1 -1
START----------
1.2048 1.1188
1.3077 1.3581
1.4150 1.2086
1.2045 1.3080
1.3924 1.3980
1.3990 1.3416
1.3199 1.3446
1.3608 1.3632
1.3637 1.3201
1.4242 1.4841
1.4576 1.3818
1.4169 1.2884
1.4546 1.2606
1.4313 1.2743
1.3688 1.3525
1.3234 1.3403
1.3518 1.1914
1.3720 1.2399
1.3945 1.3124
1.2171 1.2587
1.3012 1.3792
1.3278 1.2366
1.2067 1.3140
1.3083 1.3261
1.3287 1.3585
1.3339 1.2206
1.3856 1.2155
1.3660 1.2282
1.2972 1.3002
1.2954 1.3113
1.4328 1.4141
1.3816 1.1969
1.3721 1.2637
1.3878 1.2571
1.3592 1.2291
1.2970 1.1348
1.3341 1.2241
1.2173 1.2933
1.3080 1.3024
1.4463 1.2455
1.3159 1.1723
1.4550 1.4508
1.4554 1.2189
1.2701 1.2255
1.3737 1.3383
1.3849 1.1985
1.3541 1.2480
1.3157 1.3136
1.2785 1.2425
1.3775 1.3272
1.3192 1.2701
1.3603 1.1585
1.2875 1.2162
1.4455 1.2238
1.3582 1.1851
1.4777 1.2210
1.4573 1.3230
1.4240 1.3166
1.2511 1.2716
1.3825 1.4152
END----------
1.3642 1.2411
-1 -1
-1 -1
-1 -1
-1 -1
-1 -1
-1 -1
-1 -1
-1 -1
-1 -1
-1 -1
-1 -1
-1 -1
-1 -1
-1 -1
-1 -1
-1 -1
-1 -1
-1 -1
-1 -1
START----------
1.1707 1.0595
1.3272 1.1279
1.4004 1.2814
1.4114 1.3188
1.3940 1.3133
1.4851 1.4574
1.5840 1.2606
1.3849 1.2570
1.4734 1.3443
1.5236 1.3721
1.4186 1.3807
1.3541 1.2974
1.4894 1.3050
1.5288 1.2430
1.4620 1.3067
1.4604 1.3485
1.5990 1.3496
1.4362 1.2741
1.4935 1.3812
1.4708 1.3225
1.4091 1.3398
1.4871 1.3336
1.5223 1.4040
1.4937 1.2912
1.4242 1.3602
1.5286 1.2673
1.4225 1.3738
1.3846 1.2886
1.4318 1.4181
1.4423 1.2874
1.5597 1.3703
1.3893 1.3413
1.3441 1.4523
1.4717 1.3841
1.3602 1.3319
1.4109 1.3554
1.5399 1.4395
1.4012 1.3386
1.4084 1.4593
1.4932 1.5028
1.3720 1.4049
1.4466 1.4667
1.3820 1.2993
1.4655 1.3578
1.4048 1.4565
1.4883 1.2739
1.5647 1.4085
1.3066 1.3121
1.4646 1.4766
1.4347 1.3622
1.3532 1.3646
1.4759 1.4502
1.3502 1.3238
1.3467 1.2449
1.4032 1.2491
1.3769 1.3835
1.4835 1.3485
1.3965 1.2983
1.3747 1.3528
1.4483 1.3782
END----------
1.6696 1.4186
1.3599 -1
-1 -1
-1 -1
-1 -1
-1 -1
-1 -1
-1 -1
-1 -1
-1 -1
-1 -1
-1 -1
-1 -1
-1 -1
-1 -1
-1 -1
-1 -1
-1 -1
-1 -1
-1 -1
START----------
1.1743 1.2577
1.3501 1.1909
1.4418 1.4761
1.5185 1.3719
1.6171 1.5027
1.4807 1.4977
1.4248 1.4501
1.6827 1.5244
1.5710 1.4629
1.5325 1.4978
1.6421 1.5345
1.5188 1.5275
1.6007 1.4449
1.4722 1.4091
1.4910 1.4322
1.6095 1.4815
1.5370 1.4377
1.5542 1.4994
1.5687 1.4159
1.5411 1.4465
1.5227 1.4782
1.6339 1.4876
1.4963 1.5159
1.6792 1.4745
1.6642 1.5259
1.6134 1.5576
1.5720 1.5041
1.5526 1.4296
1.5409 1.4232
1.6874 1.4769
1.5272 1.4749
1.5552 1.4594
1.7042 1.4097
1.4924 1.4478
1.6215 1.4917
1.4968 1.3756
1.6418 1.4092
1.6899 1.3978
1.6440 1.5474
1.7031 1.5149
1.5284 1.3486
1.5983 1.4128
1.5748 1.5283
1.4954 1.3833
1.5882 1.4469
1.5607 1.3645
1.6250 1.5650
1.4459 1.3773
1.5298 1.4539
1.6514 1.4043
1.5211 1.4547
1.4313 1.4950
1.5680 1.4697
1.5937 1.4666
1.5398 1.4750
1.4527 1.4045
1.5196 1.5275
1.4989 1.5467
1.6021 1.4415
1.6718 1.5553
END----------
1.4851 1.5598
2.1725 1.9481
-1 -1
-1 -1
-1 -1
-1 -1
-1 -1
-1 -1
-1 -1
-1 -1
-1 -1
-1 -1
-1 -1
-1 -1
-1 -1
-1 -1
-1 -1
-1 -1
-1 -1
-1 -1
-1 -1
START----------
1.3735 1.4225
1.6039 1.3968
1.7748 1.4963
1.7872 1.4643
1.6650 1.5346
1.6363 1.5710
1.5489 1.5060
1.5952 1.4981
1.4619 1.4352
1.6756 1.5627
1.5141 1.5798
1.5810 1.3817
1.6504 1.5791
1.4685 1.3968
1.5886 1.3068
1.5917 1.4346
2.0538 1.4428
1.5343 1.4869
1.5937 1.6045
1.6136 1.4718
1.4063 1.3591
1.6014 1.3943
1.6198 1.5375
1.7988 1.4739
1.6122 1.5038
1.3280 1.2867
1.5082 1.4713
1.4402 1.3339
1.5104 1.4016
1.6460 1.5780
1.7067 1.5270
1.5473 1.5985
1.6146 1.6578
1.7021 1.5786
1.9197 1.4252
1.7926 1.6228
1.3693 1.4694
1.6643 1.4158
1.6922 1.5025
1.4290 1.4430
1.4793 1.3455
1.6134 1.4843
1.3749 1.4333
1.4727 1.5221
1.6245 1.4596
1.5939 1.5336
1.5847 1.4048
1.6409 1.3620
1.5102 1.4650
1.6654 1.5759
1.6189 1.5457
1.5381 1.4253
1.5518 1.5575
1.6478 1.6205
1.5082 1.5090
1.5053 1.4910
1.5517 1.4954
1.5575 1.5126
1.4931 1.4508
1.4732 1.4111
END----------
2.3045 1.6610
-1 -1
-1 -1
-1 -1
-1 -1
-1 -1
-1 -1
-1 -1
-1 -1
-1 -1
-1 -1
-1 -1
-1 -1
-1 -1
-1 -1
-1 -1
-1 -1
-1 -1
-1 -1
-1 -1
-1 -1

START----------
1.4888 1.4217
1.4845 1.4189
1.3028 1.4234
1.3026 1.4227
1.6009 1.5927
1.6007 1.5927
1.5766 1.6176
1.5765 1.6174
1.6889 1.7395
1.6892 1.7392
1.5084 1.5640
1.5084 1.5641
1.5071 1.5985
1.5072 1.5980
1.7809 1.6666
1.7822 1.6666
1.5421 1.5439
1.5427 1.5441
1.7933 1.5830
1.7933 1.5829
1.4478 1.5513
1.4483 1.5513
1.4798 1.5251
1.4802 1.5249
1.6208 1.6514
1.6212 1.6514
1.4917 1.5562
1.4909 1.5562
1.6621 1.5842
1.6613 1.5844
1.5259 1.5365
1.5247 1.5363
1.4875 1.4939
1.4883 1.4939
1.4865 1.5554
1.4900 1.5543
1.5618 1.6086
1.5578 1.6095
1.5111 1.4936
1.5094 1.4925
1.3308 1.4583
1.3314 1.4584
1.4941 1.5051
1.4937 1.5051
1.3690 1.5919
1.3691 1.5920
1.4438 1.4656
1.4434 1.4657
1.4977 1.5145
1.4989 1.5145
1.6364 1.6263
1.6363 1.6263
1.3769 1.5064
1.3768 1.5063
1.5383 1.5751
1.5387 1.5753
1.5671 1.5821
1.5662 1.5818
1.5324 1.6105
1.5323 1.6106
1.3544 1.4601
1.3547 1.4600
1.4560 1.5120
1.4559 1.5121
1.4916 1.5264
1.4908 1.5275
1.3085 1.5316
1.3084 1.5316
1.4063 1.3920
1.4062 1.3917
1.4695 1.5770
1.4693 1.5769
1.4529 1.6103
1.4523 1.6111
1.4397 1.6495
1.4396 1.6494
1.5763 1.5988
1.5730 1.5992
1.5350 1.6336
1.5357 1.6335
1.4483 1.4967
1.4471 1.4968
1.4559 1.6517
1.4560 1.6517
1.4467 1.5620
1.4468 1.5621
1.4080 1.4586
1.4079 1.4585
1.3214 1.4594
1.3214 1.4594
1.6906 1.6254
1.6908 1.6255
1.4336 1.5144
1.4342 1.5145
1.4130 1.6271
1.4133 1.6275
1.6094 1.5744
1.6102 1.5743
1.5393 1.5535
1.5393 1.5534
1.5744 1.6101
1.5744 1.6101
1.4085 1.5492
1.4088 1.5492
1.4847 1.5691
1.4851 1.5693
1.3464 1.5135
1.3465 1.5136
1.4657 1.5799
1.4674 1.5793
1.3444 1.5619
1.3444 1.5619
1.3637 1.4504
1.3633 1.4505
1.3528 1.5814
1.3526 1.5813
1.5283 1.5143
1.5280 1.5146
1.3365 1.5804
1.3364 1.5804
END----------
1.5486 1.6459
1.5495 1.6462
-1 -1
-1 -1
-1 -1
-1 -1
-1 -1
-1 -1
-1 -1
-1 -1
-1 -1
-1 -1
-1 -1
-1 -1
-1 -1
-1 -1
-1 -1
-1 -1
-1 -1
-1 -1
-1 -1
-1 -1
-1 -1
-1 -1
-1 -1
-1 -1
-1 -1
-1 -1
-1 -1
-1 -1
-1 -1
-1 -1
-1 -1
-1 -1
-1 -1
-1 -1
-1 -1
-1 -1
-1 -1
-1 -1
-1 -1
-1 -1

START----------
1.6042 1.0186
1.8284 1.0029
1.8274 1.0031
1.8057 1.0223
1.6231 1.0390
1.8867 1.0037
1.7276 1.0897
1.6253 1.0967
1.3669 1.0705
1.4780 1.0535
1.4217 1.0997
1.3478 1.0249
1.3374 1.0064
1.4981 1.0176
1.3751 1.0277
1.3948 1.0107
1.5311 1.0266
1.5045 1.0181
1.6578 1.0022
1.3791 1.0631
1.3266 1.0031
1.4312 1.0030
1.4460 1.0250
1.5109 1.0027
1.4677 1.0041
1.4020 1.0061
1.5775 1.0303
1.4264 1.0477
1.5368 1.0212
1.3794 1.0328
1.5347 1.0044
1.4969 1.0034
1.5381 1.0026
1.5124 1.0023
1.5050 1.0223
1.5684 1.0035
1.4274 1.0020
1.5013 1.0021
1.5269 1.0033
1.4252 1.0048
1.3562 1.0056
1.3752 1.0107
1.5458 1.0207
1.5830 1.0110
1.4893 1.0110
1.4905 1.0367
1.5144 1.0193
1.7178 1.0030
1.6679 1.0031
1.6432 1.0178
1.5011 1.0051
1.4888 1.0023
1.6415 1.0089
1.5565 1.0035
1.6026 1.0057
1.7391 1.0074
1.5593 1.0035
1.5276 1.0260
1.6036 1.0203
END----------
1.5103 1.0147
1.7859 1.0075
-1 -1
-1 -1
-1 -1
-1 -1
-1 -1
-1 -1
-1 -1
-1 -1
-1 -1
-1 -1
-1 -1
-1 -1
-1 -1
-1 -1
-1 -1
-1 -1
-1 -1
-1 -1
-1 -1
START----------
1.5817 1.0059
1.6327 1.0071
1.6412 1.0086
1.5946 1.0044
1.5257 1.0090
1.5808 1.0263
1.5581 1.0029
1.5874 1.0221
1.6179 1.0096
1.6143 1.0092
1.9161 1.0425
1.7784 1.0186
1.6060 1.0494
1.5777 1.0167
1.4832 1.0753
1.6499 1.0201
1.6077 1.0089
1.5782 1.0332
1.5499 1.0373
1.6851 1.0056
1.5842 1.0296
1.5775 1.0317
1.6004 1.0758
1.5930 1.0165
1.7428 1.0386
1.6935 1.0342
1.5242 1.0593
1.5695 1.0305
1.8944 1.0448
1.8027 1.0760
1.6272 1.0300
1.7135 1.0436
1.5928 1.0865
1.6836 1.0290
1.6934 1.0391
1.5609 1.0720
1.7834 1.0615
1.5699 1.0235
1.5726 1.0206
1.6915 1.0541
1.5589 1.0801
1.6929 1.0567
1.6554 1.1507
1.6999 1.0694
1.7455 1.1301
1.6303 1.1111
1.8139 1.0848
1.7116 1.0444
1.7430 1.0704
1.6898 1.0258
1.7122 1.0410
1.5355 1.1520
1.5421 1.0642
1.6353 1.0670
1.5017 1.0555
1.7311 1.1408
1.4961 1.2248
1.5702 1.0595
1.6209 1.1279
END----------
1.6978 1.0391
1.8056 1.1148
-1 -1
-1 -1
-1 -1
-1 -1
-1 -1
-1 -1
-1 -1
-1 -1
-1 -1
-1 -1
-1 -1
-1 -1
-1 -1
-1 -1
-1 -1
-1 -1
-1 -1
-1 -1
-1 -1
START----------
1.6021 1.0772
1.7452 1.1356
1.6697 1.0424
1.6147 1.2748
1.6549 1.0844
1.5261 1.2463
1.7429 1.1305
1.6384 1.0828
1.5104 1.1970
1.8479 1.2045
1.6341 1.1644
1.7341 1.1330
1.6073 1.1188
1.6002 1.1638
1.5788 1.1505
1.5772 1.0862
1.6963 1.2181
1.5893 1.2461
1.5315 1.1163
1.7849 1.1587
1.7435 1.1078
1.6984 1.1634
1.5395 1.2535
1.5471 1.1044
1.7763 1.2886
1.6020 1.0797
1.4796 1.1500
1.6086 1.1459
1.5847 1.1672
1.6049 1.1379
1.8144 1.2347
1.6589 1.2337
1.6880 1.2404
1.7720 1.1385
1.5633 1.1404
1.6279 1.2287
1.8127 1.2485
1.6060 1.2450
1.8441 1.2203
1.6853 1.2384
1.7265 1.1997
1.6903 1.3685
1.7087 1.1179
1.7645 1.2481
1.5908 1.2688
1.6959 1.1419
1.5675 1.2029
1.7154 1.2014
1.7378 1.3452
1.7331 1.1782
1.7884 1.2795
1.6879 1.1700
1.6963 1.1941
1.6038 1.2131
1.7250 1.1707
1.7113 1.2824
1.6825 1.1823
1.6351 1.1424
1.7482 1.1769
END----------
1.6359 1.2091
2.6085 0.5783
-1 -1
-1 -1
-1 -1
-1 -1
-1 -1
-1 -1
-1 -1
-1 -1
-1 -1
-1 -1
-1 -1
-1 -1
-1 -1
-1 -1
-1 -1
-1 -1
-1 -1
-1 -1
