
START----------
1.2526 1.0997
1.2784 1.1633
1.1805 1.1180
1.1829 1.1358
1.1579 1.2002
1.1999 1.2002
1.2222 1.1975
1.1711 1.1345
1.1324 1.2616
1.3039 1.1544
1.2438 1.1771
1.0839 1.1346
1.1380 1.0891
1.1129 1.1197
1.1474 1.1043
1.0686 1.0422
1.0903 1.0443
1.1684 1.0899
1.0912 1.0345
1.0927 1.0685
1.0650 1.0975
1.0745 1.0683
1.1447 1.0629
1.0844 1.0649
1.0771 1.1130
1.0844 1.0545
1.0700 1.0689
1.1305 1.0471
1.1496 1.0844
1.0883 1.0427
1.1279 1.0920
1.1226 1.0846
1.1806 1.0664
1.0999 1.0879
1.0984 1.1385
1.1505 1.1049
1.1271 1.0848
1.1493 1.0719
1.1114 1.0896
1.1602 1.1163
1.1852 1.1001
1.2013 1.1315
1.1716 1.1595
1.1584 1.3507
1.1321 1.1624
1.1658 1.1495
1.0971 1.1474
1.0950 1.1420
1.1231 1.1277
1.1619 1.0587
1.1292 1.0595
1.1271 1.1226
1.1151 1.0721
1.0979 1.1049
1.1249 1.1781
1.1176 1.0719
1.1457 1.0702
1.1978 1.0383
1.1391 1.0439
1.1212 1.0533
END----------
START----------
1.1433 1.0788
1.1767 1.1552
1.3178 1.2184
1.4804 1.2828
1.6092 1.3597
1.5676 1.3399
1.4426 1.3510
1.2038 1.1757
1.2665 1.1880
1.2641 1.1543
1.2421 1.2122
1.3455 1.3388
1.5490 1.3449
1.3699 1.3133
1.3658 1.2798
1.4181 1.3143
1.3717 1.2428
1.3584 1.2846
1.4103 1.3619
1.3906 1.1187

START----------
1.2295 1.1423
1.1880 1.1224
1.2345 1.0510
1.1777 1.1193
1.3698 1.1517
1.2422 1.0933
1.4176 1.1748
1.3076 1.1261
1.3878 1.1702
1.3607 1.1392
1.2208 1.1930
1.3001 1.2192
1.3933 1.2220
1.3334 1.1453
1.1744 1.2446
1.2407 1.1526
1.2215 1.1772
1.2976 1.1656
1.2866 1.1163
1.3846 1.1616
1.2282 1.1300
1.2108 1.2222
1.2934 1.1382
1.3883 1.0981
1.2034 1.1839
1.1341 1.1808
1.2024 1.1941
1.1899 1.1562
1.2812 1.2061
1.3079 1.2321
1.2976 1.1990
1.2609 1.2267
1.1519 1.1288
1.2399 1.2314
1.4345 1.2318
1.2126 1.1398
1.2125 1.2580
1.2518 1.2005
1.2112 1.1823
1.2899 1.2382
1.3424 1.1596
1.2397 1.1595
1.3199 1.1234
1.2286 1.1517
1.2781 1.1708
1.2817 1.2733
1.3406 1.2239
1.1467 1.2846
1.2194 1.1619
1.2913 1.1402
1.2305 1.1670
1.2520 1.1606
1.2739 1.1970
1.3162 1.2664
1.2753 1.2631
1.2086 1.2063
1.3232 1.1581
1.1802 1.1605
1.3091 1.1417
1.2941 1.2273
END----------
1.2055 1.1298
-1 -1
-1 -1
-1 -1
-1 -1
-1 -1
-1 -1
-1 -1
-1 -1
-1 -1
-1 -1
-1 -1
-1 -1
-1 -1
-1 -1
-1 -1
-1 -1
-1 -1
-1 -1
-1 -1
START----------
1.2007 1.1434
1.3058 1.3262
1.4660 1.3589
1.2616 1.3067
1.4254 1.2926
1.4132 1.3594
1.3439 1.2256
1.4266 1.2740
1.3866 1.3094
1.5173 1.2636
1.4958 1.2970
1.4243 1.2032
1.4813 1.1770
1.3630 1.1623
1.3953 1.2221
1.3817 1.2411
1.3911 1.1930
1.2684 1.2229
1.3158 1.2301
1.3483 1.2140
1.4118 1.3193
1.4163 1.1970
1.3059 1.2762
1.3171 1.3854
1.2701 1.2563
1.4809 1.3212
1.2735 1.3263
1.2510 1.2706
1.4342 1.1754
1.4053 1.2623
1.2744 1.3306
1.2644 1.2441
1.3618 1.3077
1.2475 1.2112
1.3192 1.2785
1.2941 1.2638
1.3449 1.2968
1.3219 1.2698
1.3337 1.1994
1.5019 1.1936
1.2231 1.1933
1.3928 1.2562
1.5522 1.2301
1.3954 1.2196
1.3013 1.2614
1.2607 1.1947
1.2545 1.2018
1.4394 1.3090
1.3165 1.1892
1.3129 1.2207
1.5036 1.2596
1.3273 1.2954
1.3126 1.3017
1.2781 1.2948
1.3078 1.2327
1.4280 1.2998
1.3538 1.2887
1.4122 1.3995
1.4660 1.3587
1.2529 1.3364
END----------
1.3229 1.2240
1.2493 -1
-1 -1
-1 -1
-1 -1
-1 -1
-1 -1
-1 -1
-1 -1
-1 -1
-1 -1
-1 -1
-1 -1
-1 -1
-1 -1
-1 -1
-1 -1
-1 -1
-1 -1
-1 -1
START----------
1.1346 1.1199
1.2585 1.1722
1.2852 1.1818
1.3457 1.3895
1.3601 1.2335
1.5382 1.2606
1.5290 1.3577
1.4774 1.2392
1.3445 1.3420
1.3681 1.3925
1.4383 1.2383
1.5382 1.3624
1.5759 1.3947
1.5253 1.3174
1.4344 1.2534
1.4891 1.3990
1.4235 1.2517
1.5158 1.4232
1.4502 1.3071
1.5240 1.4091
1.6493 1.4090
1.3301 1.2806
1.3333 1.3545
1.2925 1.4485
1.4228 1.3875
1.4507 1.4733
1.4194 1.3069
1.3769 1.2935
1.3288 1.2958
1.3642 1.3118
1.5128 1.4855
1.3993 1.3694
1.3123 1.2852
1.4161 1.3591
1.4348 1.3961
1.3451 1.3537
1.3697 1.4197
1.3812 1.4468
1.5413 1.3197
1.3757 1.3483
1.2953 1.3347
1.5031 1.3527
1.3460 1.4802
1.3502 1.3307
1.3276 1.3842
1.4259 1.3205
1.5019 1.4113
1.3366 1.3833
1.3757 1.4543
1.3320 1.4109
1.3628 1.4696
1.3549 1.3343
1.3755 1.3844
1.3932 1.3513
1.3676 1.4298
1.3545 1.3792
1.3071 1.4020
1.4768 1.2984
1.3662 1.4093
1.4437 1.4287
END----------
1.3949 1.3823
-1 31.0947
-1 -1
-1 -1
-1 -1
-1 -1
-1 -1
-1 -1
-1 -1
-1 -1
-1 -1
-1 -1
-1 -1
-1 -1
-1 -1
-1 -1
-1 -1
-1 -1
-1 -1
-1 -1
START----------
1.2373 1.0364
1.3996 1.3161
1.4824 1.4832
1.5784 1.3755
1.5344 1.4588
1.5141 1.4381
1.6453 1.3266
1.5952 1.4766
1.4183 1.3441
1.5951 1.4724
1.4258 1.4893
1.5160 1.3857
1.4612 1.4875
1.5174 1.5143
1.4256 1.4669
1.5407 1.4659
1.4574 1.4324
1.4415 1.4577
1.4727 1.4678
1.5219 1.4834
1.4167 1.3110
1.4939 1.3967
1.3888 1.3867
1.4471 1.5397
1.5096 1.4081
1.4987 1.3620
1.4768 1.4653
1.4476 1.4271
1.5184 1.4083
1.5453 1.4167
1.5620 1.3749
1.4765 1.4417
1.4121 1.4659
1.4713 1.4206
1.4529 1.5410
1.4072 1.4005
1.3885 1.3397
1.5278 1.4473
1.4657 1.5122
1.4860 1.4473
1.4162 1.4505
1.5617 1.3625
1.7182 1.4643
1.3767 1.4700
1.4119 1.3599
1.5160 1.3762
1.4496 1.4504
1.5989 1.5232
1.3907 1.5423
1.5861 1.4886
1.4167 1.3762
1.5007 1.4767
1.4340 1.4494
1.4730 1.4616
1.3856 1.3227
1.4830 1.3259
1.4812 1.4508
1.4596 1.4763
1.5305 1.4005
1.6390 1.4237
1.5136 1.4296
END----------
1.4001 1.5514
-1 -1
-1 -1
-1 -1
-1 -1
-1 -1
-1 -1
-1 -1
-1 -1
-1 -1
-1 -1
-1 -1
-1 -1
-1 -1
-1 -1
-1 -1
-1 -1
-1 -1
-1 -1
-1 -1
START----------
1.3863 1.3459
1.6397 1.4367
1.6552 1.5932
1.6395 1.5768
1.8063 1.5177
1.7314 1.6366
1.5439 1.5244
1.4809 1.4653
1.6186 1.4363
1.5887 1.5777
1.4840 1.4712
1.5072 1.4641
1.6933 1.4844
1.5141 1.4271
1.6062 1.5158
1.5799 1.5779
1.5236 1.4330
1.6578 1.4604
1.6883 1.6005
1.6361 1.4823
1.4779 1.3748
1.5201 1.4927
1.6175 1.4866
1.5609 1.4699
1.8231 1.5377
1.4518 1.5152
1.5224 1.4402
1.4912 1.3767
1.4829 1.3694
1.6131 1.5317
1.5777 1.5196
1.7416 1.5823
1.8290 1.5476
1.7013 1.5437
1.7025 1.4787
1.8506 1.5403
1.5241 1.5134
1.7176 1.6148
1.6426 1.4525
1.6169 1.3608
1.5591 1.4249
1.6443 1.4447
1.6497 1.3486
1.5046 1.5137
1.6821 1.4310
1.6293 1.4516
1.6307 1.4658
1.6630 1.4933
1.6082 1.4452
1.6800 1.4927
1.6068 1.5567
1.5927 1.5443
1.6883 1.4997
1.5521 1.5153
1.5698 1.5505
1.4584 1.4255
1.5458 1.4529
1.5639 1.3559
1.4828 1.3906
1.3946 1.3915
END----------
1.6580 1.4860
-1 -1
-1 -1
-1 -1
-1 -1
-1 -1
-1 -1
-1 -1
-1 -1
-1 -1
-1 -1
-1 -1
-1 -1
-1 -1
-1 -1
-1 -1
-1 -1
-1 -1
-1 -1
-1 -1
-1 -1

START----------
1.4856 1.3424
1.4878 1.3195
1.4050 1.4014
1.3690 1.4317
1.5741 1.5800
1.6066 1.5644
1.4663 1.5672
1.4793 1.5826
1.6092 1.6009
1.6251 1.6047
1.5484 1.5337
1.5520 1.5018
1.5540 1.5007
1.5303 1.5179
1.6739 1.6193
1.6858 1.6233
1.4257 1.5570
1.4233 1.5612
1.6832 1.6291
1.6890 1.6146
1.6165 1.5055
1.6376 1.5093
1.5120 1.5661
1.5192 1.5485
1.6229 1.6234
1.6228 1.6188
1.6155 1.6140
1.6212 1.6333
1.6690 1.5679
1.6665 1.5362
1.6319 1.4609
1.6197 1.4670
1.6187 1.5172
1.6276 1.5132
1.5896 1.4437
1.5559 1.4805
1.5662 1.5153
1.5611 1.5277
1.5623 1.5854
1.5754 1.5342
1.4220 1.4702
1.3855 1.4807
1.5430 1.4991
1.5828 1.4952
1.5155 1.5634
1.5188 1.5696
1.6135 1.4462
1.6070 1.4377
1.5639 1.5220
1.5593 1.5389
1.5132 1.5644
1.5221 1.5669
1.5611 1.4473
1.5590 1.4588
1.4866 1.5964
1.4985 1.5948
1.6691 1.6493
1.6651 1.6513
1.5879 1.5186
1.5942 1.4962
1.4946 1.4928
1.4743 1.4974
1.3941 1.4861
1.4058 1.4717
1.4811 1.5766
1.4838 1.5940
1.5552 1.5143
1.5657 1.5065
1.4830 1.4748
1.4572 1.4641
1.4436 1.5118
1.4674 1.5472
1.4172 1.5442
1.4148 1.5094
1.4876 1.4765
1.5216 1.4955
1.5935 1.4459
1.6007 1.4290
1.6489 1.5066
1.6566 1.5419
1.5410 1.5055
1.5448 1.4869
1.7248 1.4277
1.7300 1.4121
1.5688 1.5105
1.5534 1.5328
1.4509 1.5415
1.4687 1.5218
1.5989 1.5430
1.5752 1.5653
1.6397 1.5051
1.6610 1.5188
1.4955 1.4853
1.5102 1.4745
1.6740 1.4742
1.6833 1.4594
1.6692 1.5448
1.6776 1.5651
1.6020 1.4870
1.6009 1.4867
1.5994 1.5739
1.5865 1.5721
1.5610 1.5370
1.5642 1.5284
1.4557 1.4879
1.4490 1.4959
1.6010 1.6157
1.6105 1.6173
1.5545 1.5252
1.5448 1.5101
1.3900 1.3866
1.3566 1.3862
1.4191 1.4289
1.4448 1.4245
1.4854 1.5030
1.4924 1.5242
1.4505 1.4748
1.3928 1.4654
1.4580 1.4871
1.4877 1.4875
END----------
1.5667 1.4097
1.6017 1.3916
-1 -1
-1 -1
-1 -1
-1 -1
-1 -1
-1 -1
-1 -1
-1 -1
-1 -1
-1 -1
-1 -1
-1 -1
-1 -1
-1 -1
-1 -1
-1 -1
-1 -1
-1 -1
-1 -1
-1 -1
-1 -1
-1 -1
-1 -1
-1 -1
-1 -1
-1 -1
-1 -1
-1 -1
-1 -1
-1 -1
-1 -1
-1 -1
-1 -1
-1 -1
-1 -1
-1 -1
-1 -1
-1 -1
-1 -1
-1 -1

START----------
1.5591 1.5314
1.5711 1.3425
1.6257 1.4102
1.6806 1.3329
1.4486 1.2724
1.5906 1.3789
1.5858 1.3920
1.4997 1.3803
1.5730 1.3068
1.5200 1.3402
1.5841 1.3350
1.6644 1.3886
1.6014 1.2888
1.4418 1.3167
1.4580 1.2207
1.6096 1.2307
1.4994 1.2007
1.5414 1.1781
1.5587 1.2415
1.5343 1.1966
1.4519 1.1886
1.4210 1.2251
1.4613 1.1578
1.5213 1.0893
1.5159 1.1690
1.4822 1.1268
1.4350 1.1797
1.4380 1.1276
1.4499 1.1031
1.4062 1.1171
1.4710 1.0760
1.3819 1.0698
1.4653 1.1210
1.4259 1.0473
1.3816 1.0731
1.4382 1.0929
1.3557 1.0973
1.3397 1.0765
1.4348 1.0365
1.3664 1.0362
1.3461 1.0234
1.3186 1.0620
1.3845 1.0373
1.3663 1.0547
1.3634 1.0475
1.3404 1.0234
1.4321 1.0276
1.4427 1.0344
1.4720 1.0536
1.3541 1.0370
1.4010 1.0836
1.4044 1.0311
1.3859 1.0313
1.3714 1.0242
1.4064 1.0094
1.4294 1.0147
1.2919 1.0229
1.4178 1.0682
1.3853 1.0195
END----------
1.4361 1.0188
1.6108 1.0356
-1 -1
-1 -1
-1 -1
-1 -1
-1 -1
-1 -1
-1 -1
-1 -1
-1 -1
-1 -1
-1 -1
-1 -1
-1 -1
-1 -1
-1 -1
-1 -1
-1 -1
-1 -1
-1 -1
START----------
1.3240 1.0450
1.3544 1.0164
1.3542 1.0326
1.4077 1.0559
1.2993 1.0418
1.2982 1.0195
1.3736 1.0311
1.3995 1.0265
1.5080 1.0511
1.4100 1.0605
1.4006 1.0349
1.3932 1.0075
1.3805 1.0097
1.3825 1.0067
1.3615 1.0034
1.3204 1.0284
1.4521 1.0440
1.3783 1.0068
1.4322 1.0213
1.3437 1.0169
1.3851 1.0184
1.4278 1.0261
1.3556 1.0510
1.4431 1.0106
1.3766 1.0123
1.3471 1.0717
1.3650 1.0263
1.3309 1.0559
1.3872 1.0255
1.4288 1.0173
1.3166 1.0294
1.3185 1.0343
1.3517 1.0313
1.3077 1.0072
1.3894 1.0146
1.4214 1.0081
1.4131 1.0522
1.4040 1.0468
1.3640 1.0640
1.3311 1.0088
1.3918 1.0268
1.4845 1.0915
1.3645 1.0555
1.3336 1.0186
1.3617 1.0644
1.3699 1.0238
1.4438 1.1207
1.5394 1.0351
1.3431 1.0697
1.4068 1.0439
1.3919 1.0344
1.3458 1.0803
1.3953 1.0978
1.3919 1.0929
1.4565 1.1420
1.3380 1.1090
1.3514 1.0771
1.3744 1.0092
1.3216 1.1384
1.4003 1.1276
END----------
1.4501 1.1256
-1 -1
-1 -1
-1 -1
-1 -1
-1 -1
-1 -1
-1 -1
-1 -1
-1 -1
-1 -1
-1 -1
-1 -1
-1 -1
-1 -1
-1 -1
-1 -1
-1 -1
-1 -1
-1 -1
START----------
1.2913 1.0400
1.3533 1.1585
1.4286 1.1552
1.4842 1.0596
1.2892 1.0327
1.2690 1.0892
1.3315 1.1484
1.5080 1.0286
1.2878 1.0967
1.3714 1.0619
1.3919 1.1024
1.4006 1.1876
1.3648 1.0941
1.2789 1.1151
1.3907 1.1570
1.3882 1.0779
1.3844 1.1588
1.4006 1.1136
1.3615 1.1858
1.4013 1.1363
1.4370 1.1745
1.3412 1.1390
1.3478 1.1409
1.3597 1.1132
1.3779 1.1425
1.4558 1.0683
1.3933 1.1908
1.3553 1.0665
1.3659 1.1668
1.4026 1.2344
1.2902 1.1503
1.3322 1.2088
1.3144 1.0965
1.3255 1.1641
1.3737 1.2129
1.4379 1.1608
1.4900 1.1159
1.4680 1.1371
1.5617 1.2071
1.4669 1.2445
1.3940 1.0779
1.4302 1.2637
1.4638 1.1886
1.4956 1.1541
1.3171 1.2532
1.4751 1.1552
1.4095 1.2025
1.4257 1.2583
1.4619 1.1727
1.4910 1.2508
1.4790 1.1881
1.4561 1.1174
1.3922 1.3992
1.4258 1.2087
1.4746 1.2333
1.4852 1.3877
1.4874 1.1851
1.4605 1.1848
1.3980 1.2448
1.4500 1.1087
END----------
1.4820 1.1814
-1 -1
-1 -1
-1 -1
-1 -1
-1 -1
-1 -1
-1 -1
-1 -1
-1 -1
-1 -1
-1 -1
-1 -1
-1 -1
-1 -1
-1 -1
-1 -1
-1 -1
-1 -1
-1 -1
