
1.0027 1.0014
1.0033 1.0036
1.0031 1.0028
1.0257 1.0366
1.0032 1.0031
1.0024 1.0037
1.0029 1.0051
1.0030 1.0081
1.0036 1.0070
1.0036 1.0062
1.0027 1.0084
1.0030 1.0032
1.0049 1.0126
1.0043 1.0155
1.0041 1.0325
1.0045 1.0031
1.0069 1.0033
1.0033 1.0047
1.0043 1.0375
1.0041 1.0039
1.0058 1.0045
1.0041 1.0054
1.0027 1.0037
1.0021 1.0035
1.0031 1.0036
1.0033 1.0035
1.0032 1.0042
1.0034 1.0032
1.0022 1.0032
1.0027 1.0033
1.0017 1.0016
1.0029 1.0028
1.0025 1.0035
1.0028 1.0022
1.0031 1.0035
1.0029 1.0030
1.0030 1.0023
1.0031 1.0033
1.0027 1.0143
1.0033 1.0023
1.0030 1.0026
1.0025 1.0023
1.0033 1.0029
1.0023 1.0031
1.0026 1.0033
1.0032 1.0046
1.0043 1.0040
1.0038 1.0015
1.0025 1.0033
1.0045 1.0022
1.0026 1.0023
1.0041 1.0018
1.0037 1.0026
1.0024 1.0026
1.0033 1.0028
1.0033 1.0038
1.0043 1.0028
1.0037 1.0039
1.0038 1.0036
1.0041 1.0032
1.0036 1.0031
1.0046 1.0035
1.0037 1.0033
1.0048 1.0031
1.0041 1.0035
1.0049 1.0043
START----------
1.0020 1.0022
1.0148 1.0131
1.0021 1.0132
1.0021 1.0024
1.0018 1.0142
1.0021 1.0115
1.0019 1.0344
1.0023 1.0020
1.0020 1.0026
1.0025 1.0022
END----------
1.0019 1.0025
-1 -1
1.0043 1.0043
1.0034 1.0029
1.0015 1.0022
1.0013 1.0045
1.0027 1.0047
1.0036 1.0084
1.0028 1.0053
1.0033 1.0052
1.0036 1.0040
1.0023 1.0152
1.0048 1.0411
1.0048 1.0028
1.0042 1.0053
1.0064 1.0101
1.0037 1.0064
1.0033 1.0050
1.0046 1.0041
1.0061 1.0035
1.0051 1.0092
1.0045 1.0121
1.0073 1.0113
1.0089 1.0280
1.0026 1.0057
1.0045 1.0042
1.0040 1.0029
1.0045 1.0032
1.0024 1.0035
1.0033 1.0029
1.0033 1.0027
1.0042 1.0029
1.0048 1.0029
1.0024 1.0028
1.0029 1.0030
1.0025 1.0357
1.0024 1.0029
1.0023 1.0036
1.0021 1.0021
1.0024 1.0026
1.0022 1.0025
1.0017 1.0028
1.0027 1.0025
1.0024 1.0032
1.0026 1.0024
1.0032 1.0032
1.0028 1.0030
1.0028 1.0031
1.0034 1.0034
1.0030 1.0033
1.0038 1.0027
1.0042 1.0032
1.0037 1.0027
1.0028 1.0031
1.0042 1.0038
1.0052 1.0045
1.0046 1.0037
1.0036 1.0049
1.0036 1.0040
1.0036 1.0032
1.0034 1.0041
1.0036 1.0041
1.0038 1.0050
1.0037 1.0033
1.0030 1.0046
1.0043 1.0052
1.0051 1.0031
1.0047 1.0042
START----------
1.0034 1.0034
1.0126 1.0019
1.0023 1.0408
1.0244 1.0022
1.0023 1.0166
1.0027 1.0168
1.0028 1.0152
1.0028 1.0026
1.0025 1.0129
1.0023 1.0133
END----------
1.0024 1.0023
1.0045 1.0036
1.0088 1.0084
1.0034 1.0028
1.0039 1.0139
1.0056 1.0034
1.0056 1.0030
1.0056 1.0039
1.0063 1.0047
1.0096 1.0368
1.0104 1.0405
1.0069 1.0035
1.0063 1.0374
1.0062 1.0024
1.0038 1.0054
1.0056 1.0061
1.0032 1.0348
1.0089 1.0456
1.0070 1.0032
1.0030 1.0041
1.0089 1.0091
1.0047 1.0056
1.0034 1.0028
1.0045 1.0154
1.0075 1.0031
1.0041 1.0442
1.0083 1.0349
1.0049 1.0385
1.0076 1.0052
1.0053 1.0022
1.0034 1.0030
1.0032 1.0039
1.0027 1.0030
1.0033 1.0040
1.0069 1.0029
1.0032 1.0031
1.0031 1.0350
1.0030 1.0021
1.0035 1.0069
1.0031 1.0023
1.0028 1.0028
1.0027 1.0031
1.0023 1.0036
1.0022 1.0022
1.0025 1.0027
1.0023 1.0041
1.0028 1.0036
1.0033 1.0221
1.0032 1.0157
1.0030 1.0028
1.0036 1.0033
1.0032 1.0143
1.0028 1.0037
1.0050 1.0103
1.0045 1.0232
1.0037 1.0043
1.0045 1.0030
1.0048 1.0038
1.0030 1.0157
1.0018 1.0042
1.0036 1.0045
1.0032 1.0039
1.0038 1.0051
1.0040 1.0036
1.0039 1.0040
1.0040 1.0037
1.0051 1.0042
1.0049 1.0046
START----------
1.0028 1.0040
1.0023 1.0018
1.0024 1.0022
1.0130 1.0143
1.0027 1.0368
1.0025 1.0256
1.0024 1.0304
1.0028 1.0023
1.0026 1.0131
1.0024 1.0269
END----------
1.0028 1.0394
1.0065 1.0024
