
1.0033 1.0262
1.0033 1.0028
1.0040 1.0042
1.0049 1.0035
1.0374 1.0044
1.0032 1.0040
1.0038 1.0034
1.0071 1.0039
1.0068 1.0050
1.0038 1.0058
1.0048 1.0036
1.0067 1.0254
1.0058 1.0042
1.0081 1.0043
1.0057 1.0098
1.0059 1.0084
1.0082 1.0063
1.0026 1.0097
1.0036 1.0060
1.0032 1.0034
1.0042 1.0041
1.0040 1.0061
1.0039 1.0034
1.0028 1.0038
1.0028 1.0029
1.0028 1.0136
1.0042 1.0038
1.0032 1.0151
1.0035 1.0024
1.0027 1.0038
1.0017 1.0050
1.0023 1.0031
1.0046 1.0027
1.0033 1.0021
1.0041 1.0029
1.0033 1.0028
1.0046 1.0146
1.0033 1.0037
1.0031 1.0037
1.0036 1.0040
1.0029 1.0145
1.0032 1.0044
1.0035 1.0038
1.0029 1.0142
1.0033 1.0035
1.0032 1.0030
1.0027 1.0036
1.0020 1.0044
1.0032 1.0032
1.0035 1.0041
1.0025 1.0044
1.0025 1.0036
1.0037 1.0044
1.0036 1.0031
1.0034 1.0029
1.0025 1.0036
1.0038 1.0026
1.0037 1.0035
1.0043 1.0035
1.0040 1.0035
1.0032 1.0024
1.0042 1.0035
1.0042 1.0034
1.0032 1.0044
1.0043 1.0033
1.0036 1.0048
START----------
1.0020 1.0015
1.0022 1.0022
1.0094 1.0308
1.0054 1.0131
1.0023 1.0021
1.0140 1.0020
1.0022 1.0027
1.0020 1.0050
1.0026 1.0019
1.0023 1.0021
END----------
1.0021 1.0024
-1 -1
1.0031 1.0326
1.0033 1.0034
1.0254 1.0026
1.0357 1.0046
1.0032 1.0045
1.0027 1.0045
1.0043 1.0043
1.0039 1.0031
1.0043 1.0032
1.0051 1.0049
1.0057 1.0380
1.0041 1.0054
1.0030 1.0061
1.0048 1.0040
1.0043 1.0053
1.0029 1.0058
1.0055 1.0072
1.0098 1.0047
1.0072 1.0178
1.0056 1.0045
1.0034 1.0088
1.0071 1.0086
1.0029 1.0054
1.0029 1.0115
1.0039 1.0053
1.0056 1.0046
1.0057 1.0033
1.0058 1.0031
1.0033 1.0027
1.0092 1.0029
1.0115 1.0038
1.0028 1.0028
1.0029 1.0033
1.0032 1.0028
1.0022 1.0034
1.0029 1.0034
1.0023 1.0029
1.0030 1.0138
1.0033 1.0027
1.0025 1.0019
1.0026 1.0022
1.0035 1.0031
1.0035 1.0029
1.0035 1.0031
1.0027 1.0029
1.0029 1.0035
1.0030 1.0026
1.0032 1.0024
1.0037 1.0031
1.0030 1.0041
1.0043 1.0033
1.0041 1.0032
1.0042 1.0039
1.0038 1.0152
1.0031 1.0148
1.0023 1.0031
1.0034 1.0036
1.0030 1.0141
1.0040 1.0037
1.0030 1.0044
1.0028 1.0036
1.0031 1.0036
1.0044 1.0037
1.0033 1.0025
1.0033 1.0040
1.0041 1.0048
START----------
1.0038 1.0034
1.0022 1.0108
1.0029 1.0176
1.0024 1.0132
1.0025 1.0018
1.0023 1.0023
1.0025 1.0021
1.0022 1.0024
1.0026 1.0021
1.0026 1.0025
END----------
1.0024 1.0026
1.0026 1.0032
1.0084 1.0087
1.0044 1.0038
1.0053 1.0044
1.0066 1.0047
1.0039 1.0056
1.0053 1.0062
1.0070 1.0053
1.0084 1.0068
1.0052 1.0060
1.0043 1.0102
1.0036 1.0129
1.0086 1.0082
1.0271 1.0073
1.0049 1.0875
1.0053 1.0210
1.0081 1.0048
1.0067 1.0088
1.0077 1.0107
1.0078 1.0075
1.0111 1.0139
1.0063 1.0044
1.0127 1.0049
1.0034 1.0032
1.0030 1.0056
1.0040 1.0108
1.0050 1.0164
1.0064 1.0240
1.0056 1.0052
1.0055 1.0036
1.0034 1.0026
1.0058 1.0037
1.0048 1.0045
1.0038 1.0034
1.0038 1.0030
1.0025 1.0034
1.0032 1.0017
1.0030 1.0031
1.0036 1.0037
1.0036 1.0140
1.0031 1.0112
1.0028 1.0175
1.0034 1.0022
1.0031 1.0028
1.0023 1.0033
1.0029 1.0034
1.0027 1.0024
1.0039 1.0036
1.0021 1.0043
1.0032 1.0040
1.0032 1.0040
1.0030 1.0041
1.0048 1.0089
1.0038 1.0040
1.0038 1.0038
1.0040 1.0044
1.0048 1.0044
1.0034 1.0039
1.0036 1.0036
1.0038 1.0042
1.0049 1.0044
1.0040 1.0043
1.0029 1.0043
1.0032 1.0044
1.0053 1.0039
1.0037 1.0037
1.0050 1.0035
START----------
1.0026 1.0028
1.0017 1.0025
1.0021 1.0150
1.0254 1.0023
1.0025 1.0025
1.0025 1.0039
1.0030 1.0040
1.0023 1.0042
1.0027 1.0053
1.0025 1.0028
END----------
1.0028 1.0029
1.0044 1.0059
