0613-1535
CN7,4G,1,1,1,840,1057,1467,11076,1340,1518,1434.20,1509
CN7,4G,1,1,2,857,1045,1418,2966,1336,1494,1444.00,1518
CN7,4G,1,1,3,922,1106,1237,3032,1294,1498,1381.20,1464
CN7,4G,1,1,4,766,979,1385,4293,1384,1516,1446.40,1521
CN7,4G,1,1,5,914,1106,1287,2024,1340,1478,1397.60,1472
CN7,4G,1,2,1,889,1057,1221,1860,1194,1500,1396.40,1474
CN7,4G,1,2,2,742,971,1139,1893,1367,1508,1467.80,1541
CN7,4G,1,2,3,824,1029,1139,1844,1412,1492,1434.40,1500
CN7,4G,1,2,4,914,1090,1172,1795,1230,1498,1412.40,1477
CN7,4G,1,2,5,865,1057,1188,1942,1374,1460,1419.20,1498
CN7,4G,1,4,1,914,1057,1205,1811,1336,1472,1391.20,1468
CN7,4G,1,4,2,824,1037,1254,1729,1392,1493,1437.00,1507
CN7,4G,1,4,3,898,1057,1287,1860,1326,1491,1402.60,1481
CN7,4G,1,4,4,898,1090,1172,1860,1326,1484,1393.20,1468
CN7,4G,1,4,5,914,1057,1303,1811,1262,1476,1384.80,1453
CN7,4G,1,8,1,816,1045,1205,1795,1336,1512,1450.40,1526
CN7,4G,1,8,2,873,1074,1319,1795,1238,1506,1438.40,1516
CN7,4G,1,8,3,865,1045,1254,1827,1289,1504,1430.20,1502
CN7,4G,1,8,4,873,1057,1237,1778,1334,1468,1401.60,1480
CN7,4G,1,8,5,938,1106,1221,1893,1238,1488,1374.00,1455
CN7,4G,1,16,1,898,1074,1696,2507,1312,1474,1388.80,1465
CN7,4G,1,16,2,906,1074,1270,1893,1246,1544,1412.40,1489
CN7,4G,1,16,3,947,1090,1188,1795,1252,1460,1382.40,1464
CN7,4G,1,16,4,963,1123,1237,1827,1264,1478,1362.80,1440
CN7,4G,1,16,5,742,898,1139,1778,1410,1490,1461.00,1532
CN7,4G,2,1,1,824,1037,1532,2802,1328,1454,1391.80,2910
CN7,4G,2,1,2,816,1004,1221,1827,1254,1418,1370.40,2872
CN7,4G,2,1,3,824,1020,1254,1811,1284,1420,1364.91,2832
CN7,4G,2,1,4,824,1004,1205,1909,1318,1420,1363.09,2807
CN7,4G,2,1,5,816,1029,1237,1745,1290,1432,1375.70,2863
CN7,4G,2,2,1,791,979,1139,1778,1296,1450,1401.20,2941
CN7,4G,2,2,2,824,988,1156,1778,1308,1431,1388.10,2875
CN7,4G,2,2,3,783,988,1156,1795,1306,1426,1393.40,2925
CN7,4G,2,2,4,816,996,1172,1844,1260,1406,1361.82,2843
CN7,4G,2,2,5,807,988,1156,1860,1280,1398,1368.00,2870
CN7,4G,2,4,1,848,1029,1205,1729,1252,1454,1374.20,2863
CN7,4G,2,4,2,881,1045,1401,1926,1260,1402,1326.33,2723
CN7,4G,2,4,3,848,996,1385,2409,1336,1402,1371.00,2866
CN7,4G,2,4,4,832,979,1385,1795,1286,1432,1386.40,2885
CN7,4G,2,4,5,857,1045,1319,1844,1290,1410,1366.00,2846
CN7,4G,2,8,1,840,1004,1336,1795,1314,1396,1358.73,2827
CN7,4G,2,8,2,857,1057,1532,1811,1276,1406,1366.40,2864
CN7,4G,2,8,3,832,1020,1401,2040,1264,1408,1369.80,2882
CN7,4G,2,8,4,865,1045,1401,1762,1210,1392,1342.91,2786
CN7,4G,2,8,5,848,1037,1532,1811,1258,1416,1365.27,2830
CN7,4G,2,16,1,848,1045,1549,1827,1246,1416,1372.00,2876
CN7,4G,2,16,2,848,1012,1270,1844,1294,1420,1378.20,2862
CN7,4G,2,16,3,873,1057,1549,1696,1237,1416,1336.00,2780
CN7,4G,2,16,4,865,1020,1532,1876,1278,1480,1365.27,2816
CN7,4G,2,16,5,898,1074,1516,1729,1258,1388,1325.83,2743
CN7,4G,4,1,1,816,988,1172,1647,1294,1456,1398.70,5814
CN7,4G,4,1,2,832,1029,1221,2245,1280,1454,1396.00,5826
CN7,4G,4,1,3,791,988,1156,1745,1290,1476,1433.60,5934
CN7,4G,4,1,4,799,988,1254,1811,1304,1458,1424.20,5945
CN7,4G,4,1,5,807,988,1188,1663,1332,1474,1412.30,5792
CN7,4G,4,2,1,988,1188,1516,1713,1248,1380,1310.08,5442
CN7,4G,4,2,2,979,1188,1516,1762,1280,1374,1320.62,5471
CN7,4G,4,2,3,971,1172,1500,1860,1260,1442,1331.33,5428
CN7,4G,4,2,4,963,1172,1483,1860,1178,1370,1311.08,5397
CN7,4G,4,2,5,988,1205,1532,1844,1198,1418,1303.83,5296
CN7,4G,4,4,1,979,1156,1565,2409,1190,1376,1308.00,5112
CN7,4G,4,4,2,1012,1205,1631,3163,1214,1362,1284.67,5347
CN7,4G,4,4,3,938,1123,1516,2442,1206,1428,1349.52,5372
CN7,4G,4,4,4,1004,1221,1582,2540,1210,1344,1289.08,5349
CN7,4G,4,4,5,971,1156,1598,1926,1210,1389,1311.21,5190
CN7,4G,4,8,1,1004,1237,1696,3097,1218,1348,1293.58,5387
CN7,4G,4,8,2,1012,1254,1631,3228,1192,1322,1279.83,5302
CN7,4G,4,8,3,963,1139,1598,2769,1166,1386,1318.42,5275
CN7,4G,4,8,4,996,1221,1647,4686,1254,1344,1299.92,5379
CN7,4G,4,8,5,988,1205,1663,3589,1200,1390,1309.67,5367
CN7,4G,4,16,1,1012,1221,1663,2442,1146,1358,1280.33,5139
CN7,4G,4,16,2,996,1205,1614,2769,1252,1340,1298.71,5416
CN7,4G,4,16,3,988,1221,1598,2409,1220,1350,1305.00,5399
CN7,4G,4,16,4,1012,1254,1647,2442,1188,1340,1279.67,5304
CN7,4G,4,16,5,1004,1221,1663,2147,1168,1336,1298.21,5401
CN7,4G,8,1,1,4490,6587,9503,11469,556,1282,697.07,5749
CN7,4G,8,1,2,4490,6849,10290,11994,564,1346,704.31,5814
CN7,4G,8,1,3,4686,7111,10159,12649,530,1348,663.40,5515
CN7,4G,8,1,4,4686,7111,10290,12387,536,1360,676.37,5644
CN7,4G,8,1,5,4948,7177,9765,11863,540,1345,660.46,5502
CN7,4G,8,2,1,5407,8094,11076,13960,508,1302,642.75,5321
CN7,4G,8,2,2,4948,7373,10290,11731,540,1268,683.35,5654
CN7,4G,8,2,3,5145,7701,10552,12911,516,1232,660.56,5467
CN7,4G,8,2,4,5276,7963,11207,12125,532,1258,654.29,5423
CN7,4G,8,2,5,5014,7701,10552,11994,522,1276,656.19,5452
CN7,4G,8,4,1,6063,9110,11731,14091,530,1234,653.06,5426
CN7,4G,8,4,2,5932,8455,11076,12780,556,1224,671.24,5558
CN7,4G,8,4,3,6259,9241,12125,15008,518,1228,651.73,5404
CN7,4G,8,4,4,6194,9503,12911,15533,504,1220,636.14,5255
CN7,4G,8,4,5,6390,9765,13042,15008,504,1222,639.27,5298
CN7,4G,8,8,1,5800,8717,11469,13566,542,1210,667.08,5549
CN7,4G,8,8,2,5735,8848,11469,15664,524,1246,656.50,5414
CN7,4G,8,8,3,5276,8029,10683,11863,542,1202,680.57,5630
CN7,4G,8,8,4,5735,8717,11469,14746,518,1236,661.73,5462
CN7,4G,8,8,5,6456,9896,12780,17433,512,1248,634.97,5260
CN7,4G,8,16,1,6259,9634,12780,15270,496,1217,626.13,5204
CN7,4G,8,16,2,5604,8356,10945,14484,532,1218,688.99,5658
CN7,4G,8,16,3,6063,9110,12125,14353,524,1236,655.75,5410
CN7,4G,8,16,4,6063,9241,12649,13829,532,1246,664.82,5516
CN7,4G,8,16,5,6063,9372,12911,15926,508,1228,639.68,5286
CN7,4G,16,1,1,8356,10814,13566,19006,250,914,296.61,4947
CN7,4G,16,1,2,8160,10814,13960,16712,252,878,299.52,4988
CN7,4G,16,1,3,8160,10683,13698,17433,244,940,301.77,5030
CN7,4G,16,1,4,8160,10552,13304,17171,256,884,301.17,5015
CN7,4G,16,1,5,8029,10421,12780,15270,260,866,307.30,5132
CN7,4G,16,2,1,9241,11731,15008,17433,252,882,303.32,5068
CN7,4G,16,2,2,9634,12256,15008,17171,235,864,292.23,4875
CN7,4G,16,2,3,9765,12387,15270,17957,244,848,292.05,4854
CN7,4G,16,2,4,9634,12256,15270,16909,250,842,296.77,4944
CN7,4G,16,2,5,9634,12387,15664,20579,243,854,299.77,5011
CN7,4G,16,4,1,13304,17171,20841,24249,246,872,288.32,4821
CN7,4G,16,4,2,12911,16450,20579,23725,242,836,286.18,4783
CN7,4G,16,4,3,13173,16909,21365,23987,244,826,288.84,4834
CN7,4G,16,4,4,12518,16057,19530,22414,248,842,295.19,4938
CN7,4G,16,4,5,13042,16581,20055,22414,244,874,294.18,4911
CN7,4G,16,8,1,12518,16057,19530,21627,256,858,308.22,5147
CN7,4G,16,8,2,12911,16581,20055,23725,242,884,291.75,4874
CN7,4G,16,8,3,12911,16450,20317,23200,248,880,287.48,4811
CN7,4G,16,8,4,13566,17695,21627,26346,238,838,281.03,4694
CN7,4G,16,8,5,12649,15926,19268,22676,260,842,296.65,4963
CN7,4G,16,16,1,13566,17433,21890,24773,248,872,287.39,4815
CN7,4G,16,16,2,13698,17695,23200,26870,248,846,288.52,4831
CN7,4G,16,16,3,13173,17171,21627,24773,246,864,287.78,4812
CN7,4G,16,16,4,13304,16909,20841,24511,250,894,289.94,4851
CN7,4G,16,16,5,13173,16909,20317,22676,250,936,294.69,4922
CN7,8G,1,1,1,832,1045,1696,1942,1254,1496,1443.73,1514
CN7,8G,1,1,2,857,1057,1434,1975,1288,1492,1433.73,1505
CN7,8G,1,1,3,848,1057,1188,1876,1320,1498,1418.55,1488
CN7,8G,1,1,4,832,1037,1369,1844,1316,1468,1418.55,1488
CN7,8G,1,1,5,799,1045,1549,1909,1348,1502,1440.00,1511
CN7,8G,1,2,1,750,824,1106,1876,1382,1482,1447.64,1517
CN7,8G,1,2,2,807,1045,1156,2008,1310,1483,1414.82,1486
CN7,8G,1,2,3,807,1029,1156,1844,1350,1466,1406.09,1477
CN7,8G,1,2,4,807,1029,1156,1909,1326,1536,1421.82,1492
CN7,8G,1,2,5,840,1045,1123,1762,1322,1508,1435.55,1508
CN7,8G,1,4,1,840,1037,1123,1893,1256,1528,1450.00,1522
CN7,8G,1,4,2,775,971,1106,1827,1338,1508,1462.18,1534
CN7,8G,1,4,3,758,996,1139,1893,1335,1526,1456.82,1528
CN7,8G,1,4,4,717,938,1106,1876,1368,1506,1473.09,1545
CN7,8G,1,4,5,701,906,1106,1778,1325,1520,1489.10,1562
CN7,8G,1,8,1,791,1020,1139,1811,1360,1512,1436.00,1507
CN7,8G,1,8,2,799,1020,1172,1909,1252,1498,1427.82,1496
CN7,8G,1,8,3,848,1045,1172,1827,1248,1460,1398.18,1469
CN7,8G,1,8,4,758,996,1172,1745,1388,1484,1444.64,1516
CN7,8G,1,8,5,758,988,1139,1745,1354,1538,1469.36,1542
CN7,8G,1,16,1,766,988,1139,1827,1346,1499,1445.18,1515
CN7,8G,1,16,2,873,1074,1156,1893,1220,1490,1414.82,1486
CN7,8G,1,16,3,816,1037,1156,1860,1340,1532,1444.82,1517
CN7,8G,1,16,4,766,1012,1139,1844,1242,1494,1453.55,1525
CN7,8G,1,16,5,832,1057,1188,1778,1204,1516,1420.55,1490
CN7,8G,2,1,1,807,947,1172,1713,1238,1394,1349.75,2815
CN7,8G,2,1,2,807,947,1172,1844,1314,1442,1387.73,2853
CN7,8G,2,1,3,783,963,1205,1598,1332,1434,1394.91,2914
CN7,8G,2,1,4,807,979,1270,1811,1296,1422,1375.09,2873
CN7,8G,2,1,5,816,971,1237,1860,1274,1416,1376.45,2845
CN7,8G,2,2,1,857,1029,1385,1876,1280,1406,1359.13,2820
CN7,8G,2,2,2,865,1012,1385,2008,1240,1394,1338.67,2774
CN7,8G,2,2,3,848,1012,1385,1827,1272,1398,1352.00,2823
CN7,8G,2,2,4,824,1020,1369,1926,1264,1406,1368.96,2861
CN7,8G,2,2,5,816,979,1254,1795,1250,1418,1378.82,2897
CN7,8G,2,4,1,807,955,1188,1762,1268,1418,1391.27,2922
CN7,8G,2,4,2,848,1004,1467,1827,1228,1404,1354.17,2804
CN7,8G,2,4,3,848,1004,1254,1713,1274,1396,1351.83,2774
CN7,8G,2,4,4,840,996,1254,1876,1276,1428,1370.26,2847
CN7,8G,2,4,5,840,971,1172,2507,1306,1412,1373.91,2833
CN7,8G,2,8,1,824,979,1254,2114,1272,1414,1376.45,2881
CN7,8G,2,8,2,889,1020,1237,1811,1222,1370,1304.46,2677
CN7,8G,2,8,3,857,996,1172,1762,1277,1399,1355.83,2792
CN7,8G,2,8,4,824,971,1254,1745,1278,1434,1389.55,2907
CN7,8G,2,8,5,873,1012,1254,1778,1246,1398,1329.58,2743
CN7,8G,2,16,1,832,971,1188,1778,1222,1392,1351.67,2822
CN7,8G,2,16,2,816,938,1172,1663,1328,1438,1395.27,2910
CN7,8G,2,16,3,848,996,1385,1827,1220,1410,1356.61,2816
CN7,8G,2,16,4,832,988,1287,1729,1260,1406,1370.64,2874
CN7,8G,2,16,5,865,1004,1205,1876,1270,1418,1349.39,2779
CN7,8G,4,1,1,799,938,1172,1549,1228,1492,1414.45,5732
CN7,8G,4,1,2,816,1139,2900,5932,1212,1484,1403.36,5810
CN7,8G,4,1,3,832,1418,3523,6587,1170,1480,1363.83,5701
CN7,8G,4,1,4,783,1004,2180,5604,1276,1490,1427.82,5909
CN7,8G,4,1,5,791,938,1205,1745,1258,1498,1428.11,5877
CN7,8G,4,2,1,1090,3195,9110,22152,846,1414,1190.44,4814
CN7,8G,4,2,2,1254,3720,9241,17433,796,1444,1160.59,4662
CN7,8G,4,2,3,1156,3392,8029,15139,838,1398,1183.89,4675
CN7,8G,4,2,4,1029,3097,8717,17433,822,1450,1221.77,4898
CN7,8G,4,2,5,1090,3294,9503,23200,850,1392,1181.70,4721
CN7,8G,4,4,1,996,1237,3064,6390,1186,1378,1295.65,5278
CN7,8G,4,4,2,988,1205,1582,3621,1178,1346,1287.71,5270
CN7,8G,4,4,3,988,1205,1565,3294,1157,1374,1296.73,5263
CN7,8G,4,4,4,1004,1270,1631,2040,1173,1344,1292.90,5274
CN7,8G,4,4,5,988,1467,5014,9503,1036,1406,1294.78,5175
CN7,8G,4,8,1,988,1221,1565,1909,1192,1346,1295.90,5345
CN7,8G,4,8,2,979,1205,1598,2540,1162,1382,1311.83,5307
CN7,8G,4,8,3,971,1188,1549,2073,1224,1486,1320.04,5441
CN7,8G,4,8,4,979,1188,1549,1844,1192,1378,1298.94,5359
CN7,8G,4,8,5,979,1172,1516,3589,1206,1374,1298.33,5354
CN7,8G,4,16,1,963,1156,1516,1844,1184,1376,1313.96,5221
CN7,8G,4,16,2,1004,1237,1598,3621,1182,1360,1283.31,5268
CN7,8G,4,16,3,1004,1369,4621,9372,1050,1374,1291.35,5361
CN7,8G,4,16,4,996,1221,1582,2540,1146,1388,1289.67,5231
CN7,8G,4,16,5,996,1369,4146,7046,1096,1402,1296.38,5262
CN7,8G,8,1,1,4948,7504,10159,11994,516,1362,607.15,5067
CN7,8G,8,1,2,4883,7111,9896,12125,530,1322,615.57,5139
CN7,8G,8,1,3,4948,7177,9503,11338,518,1324,612.02,5107
CN7,8G,8,1,4,4752,6915,9896,11731,534,1316,622.17,5195
CN7,8G,8,1,5,4752,6849,9634,12387,558,1336,635.11,5295
CN7,8G,8,2,1,5473,8225,10945,13960,502,1270,597.56,4991
CN7,8G,8,2,2,5276,7832,10945,12518,522,1278,615.15,5095
CN7,8G,8,2,3,5407,7963,10814,12518,514,1276,601.15,5007
CN7,8G,8,2,4,5342,8094,10683,13304,512,1292,605.04,5043
CN7,8G,8,2,5,5276,7963,10814,12780,506,1288,603.92,5040
CN7,8G,8,4,1,6521,9634,12649,15926,494,1208,594.70,4947
CN7,8G,8,4,2,6063,9110,12125,14222,496,1228,610.89,5053
CN7,8G,8,4,3,6521,9634,13304,17171,508,1212,591.36,4949
CN7,8G,8,4,4,6390,9372,13304,16188,504,1208,601.31,5010
CN7,8G,8,4,5,6259,9241,12387,14746,528,1224,614.12,5100
CN7,8G,8,8,1,6194,9372,12649,15270,502,1204,594.45,4955
CN7,8G,8,8,2,6587,10028,13042,16188,496,1226,583.67,4876
CN7,8G,8,8,3,6259,9241,12780,16581,522,1202,609.52,5075
CN7,8G,8,8,4,6652,9503,12911,15533,506,1220,590.18,4907
CN7,8G,8,8,5,6915,9896,13042,15008,494,1212,578.27,4811
CN7,8G,8,16,1,6652,9634,13435,15270,490,1228,588.11,4894
CN7,8G,8,16,2,6128,8979,12518,14484,514,1240,609.52,5074
CN7,8G,8,16,3,6587,9765,13042,15795,493,1194,592.76,4943
CN7,8G,8,16,4,6456,9634,13042,14877,512,1228,594.11,4958
CN7,8G,8,16,5,6587,9503,12780,16057,496,1232,591.57,4939
CN7,8G,16,1,1,8455,10814,13435,16909,244,904,287.38,4808
CN7,8G,16,1,2,8160,10683,13304,16188,244,920,292.17,4878
CN7,8G,16,1,3,7767,10028,12518,14484,258,906,301.20,5037
CN7,8G,16,1,4,8029,10421,12911,14877,248,934,296.09,4939
CN7,8G,16,1,5,8291,10683,13698,16319,252,848,287.22,4801
CN7,8G,16,2,1,10159,12911,16712,19792,240,936,280.18,4687
CN7,8G,16,2,2,10028,12518,15533,18482,236,874,281.49,4704
CN7,8G,16,2,3,10028,12649,15795,17957,240,878,281.63,4711
CN7,8G,16,2,4,10028,12518,15795,17957,244,858,284.77,4731
CN7,8G,16,2,5,10028,12518,15795,18220,236,934,279.66,4673
CN7,8G,16,4,1,13698,17433,21103,25035,247,834,275.95,4623
CN7,8G,16,4,2,13304,16909,21103,25035,242,892,278.60,4667
CN7,8G,16,4,3,13566,17695,21627,24773,240,828,272.89,4570
CN7,8G,16,4,4,13829,17695,21365,24511,238,910,275.33,4613
CN7,8G,16,4,5,13829,17957,22152,26084,238,876,271.66,4551
CN7,8G,16,8,1,13435,17171,21103,23725,240,868,273.43,4578
CN7,8G,16,8,2,13960,17957,21365,23987,242,856,272.06,4556
CN7,8G,16,8,3,13304,17171,20841,24249,244,852,274.99,4610
CN7,8G,16,8,4,13566,17433,21103,23987,238,842,281.26,4709
CN7,8G,16,8,5,13173,16909,20579,23987,240,866,276.97,4638
CN7,8G,16,16,1,13829,17695,21890,26608,240,956,277.49,4649
CN7,8G,16,16,2,13698,17695,21627,26346,239,822,272.47,4564
CN7,8G,16,16,3,13698,17695,21627,24511,240,860,280.32,4696
CN7,8G,16,16,4,13566,17433,21627,25035,240,942,274.42,4598
CN7,8G,16,16,5,13698,17433,21365,26084,236,866,275.13,4612
CN7,16G,1,1,1,758,971,1188,1893,1224,1492,1432.32,1502
CN7,16G,1,1,2,734,848,1598,2769,1388,1518,1465.73,1537
CN7,16G,1,1,3,775,1004,1385,1778,1354,1488,1424.39,1494
CN7,16G,1,1,4,783,1037,1500,2540,1292,1520,1433.45,1505
CN7,16G,1,1,5,758,971,1467,2245,1362,1486,1437.18,1508
CN7,16G,1,2,1,758,988,1123,1844,1216,1512,1442.09,1512
CN7,16G,1,2,2,766,971,1123,1696,1260,1530,1448.82,1520
CN7,16G,1,2,3,709,922,1106,1713,1256,1514,1478.95,1551
CN7,16G,1,2,4,758,963,1123,1762,1256,1512,1448.27,1519
CN7,16G,1,2,5,758,881,1106,1778,1332,1466,1437.23,1507
CN7,16G,1,4,1,758,979,1139,1811,1308,1506,1450.18,1521
CN7,16G,1,4,2,742,938,1123,1795,1310,1512,1460.59,1533
CN7,16G,1,4,3,734,881,1106,1860,1392,1504,1465.18,1536
CN7,16G,1,4,4,734,783,1012,1844,1374,1534,1477.36,1550
CN7,16G,1,4,5,766,971,1123,1762,1278,1510,1445.14,1517
CN7,16G,1,8,1,750,881,1139,1827,1376,1484,1434.95,1506
CN7,16G,1,8,2,742,898,1139,1663,1256,1538,1472.36,1544
CN7,16G,1,8,3,775,955,1139,1680,1280,1456,1412.70,1482
CN7,16G,1,8,4,799,1037,1139,1844,1236,1472,1410.91,1480
CN7,16G,1,8,5,758,963,1172,1860,1238,1510,1437.86,1508
CN7,16G,1,16,1,750,865,1090,1827,1326,1532,1454.27,1526
CN7,16G,1,16,2,750,930,1123,1811,1383,1502,1447.32,1517
CN7,16G,1,16,3,775,947,1139,1795,1304,1528,1433.50,1503
CN7,16G,1,16,4,734,873,1139,1778,1352,1514,1469.55,1541
CN7,16G,1,16,5,766,955,1139,1811,1322,1522,1435.68,1510
CN7,16G,2,1,1,791,906,1352,2343,1306,1454,1401.89,2914
CN7,16G,2,1,2,807,930,1254,1696,1320,1436,1382.26,2855
CN7,16G,2,1,3,807,930,1254,1827,1308,1456,1399.00,2874
CN7,16G,2,1,4,807,922,1188,1598,1250,1442,1378.13,2862
CN7,16G,2,1,5,775,914,1467,2057,1292,1474,1413.82,2946
CN7,16G,2,2,1,865,996,1287,1696,1252,1398,1339.85,2757
CN7,16G,2,2,2,848,988,1352,1827,1272,1424,1368.39,2838
CN7,16G,2,2,3,857,996,1254,1614,1218,1428,1356.09,2806
CN7,16G,2,2,4,816,996,1598,2008,1294,1454,1395.91,2913
CN7,16G,2,2,5,832,979,1434,1844,1284,1454,1387.87,2886
CN7,16G,2,4,1,791,922,1156,1631,1300,1444,1410.00,2952
CN7,16G,2,4,2,799,930,1156,1713,1228,1450,1401.22,2926
CN7,16G,2,4,3,816,947,1172,1614,1278,1446,1395.37,2912
CN7,16G,2,4,4,816,930,1172,1598,1308,1504,1363.74,2859
CN7,16G,2,4,5,807,938,1188,1631,1258,1442,1403.39,2932
CN7,16G,2,8,1,799,930,1123,1713,1348,1416,1383.17,2893
CN7,16G,2,8,2,791,930,1188,1663,1254,1452,1408.04,2945
CN7,16G,2,8,3,832,963,1188,1680,1242,1420,1367.41,2837
CN7,16G,2,8,4,824,963,1237,1663,1273,1436,1380.07,2869
CN7,16G,2,8,5,832,955,1188,1844,1282,1408,1359.72,2834
CN7,16G,2,16,1,840,971,1188,1778,1296,1418,1366.91,2833
CN7,16G,2,16,2,840,979,1156,1745,1238,1420,1361.77,2818
CN7,16G,2,16,3,824,963,1205,1713,1292,1438,1378.96,2867
CN7,16G,2,16,4,816,963,1172,1614,1268,1454,1391.28,2894
CN7,16G,2,16,5,816,947,1139,1680,1276,1424,1382.74,2893
CN7,16G,4,1,1,979,2180,4817,7701,1162,1474,1310.38,5471
CN7,16G,4,1,2,1123,2442,5145,7635,958,1470,1255.50,5222
CN7,16G,4,1,3,1172,2573,5538,9110,968,1486,1264.82,5274
CN7,16G,4,1,4,1254,2769,5473,8455,974,1472,1237.94,5155
CN7,16G,4,1,5,1156,2638,5604,8455,986,1488,1238.87,5129
CN7,16G,4,2,1,1106,2769,8848,15795,1003,1448,1199.24,4902
CN7,16G,4,2,2,1221,3982,10814,36439,640,1492,1124.98,4474
CN7,16G,4,2,3,1221,3261,9503,15533,774,1404,1140.03,4414
CN7,16G,4,2,4,1057,1467,9765,27132,874,1402,1194.09,4809
CN7,16G,4,2,5,1123,3032,10421,27657,690,1420,1176.02,4520
CN7,16G,4,4,1,1172,1680,5407,8291,1006,1370,1187.72,4898
CN7,16G,4,4,2,1156,1647,4883,8717,1034,1420,1209.78,4891
CN7,16G,4,4,3,1139,1450,1778,2442,1014,1382,1222.15,5041
CN7,16G,4,4,4,1139,1483,3556,6783,954,1354,1215.88,4992
CN7,16G,4,4,5,1188,1926,5276,7308,1041,1378,1183.82,4934
CN7,16G,4,8,1,1205,1762,4752,7504,1006,1350,1182.85,4904
CN7,16G,4,8,2,1172,1975,5473,7570,1026,1386,1190.34,4853
CN7,16G,4,8,3,1188,1696,5866,8848,966,1366,1189.37,4884
CN7,16G,4,8,4,1156,1631,5407,7635,990,1398,1199.76,4912
CN7,16G,4,8,5,1172,1713,5473,8291,1018,1386,1210.23,4989
CN7,16G,4,16,1,1172,1729,5276,7504,958,1358,1194.38,4836
CN7,16G,4,16,2,1205,1860,5276,8029,1008,1398,1182.81,4887
CN7,16G,4,16,3,1205,2442,5932,8586,994,1416,1175.07,4768
CN7,16G,4,16,4,1188,1663,4490,6456,998,1398,1202.49,4919
CN7,16G,4,16,5,1123,1450,2442,5866,1054,1352,1233.37,5082
CN7,16G,8,1,1,4752,7046,9896,11863,510,1308,606.51,5056
CN7,16G,8,1,2,4948,7242,10159,12256,524,1368,597.01,4976
CN7,16G,8,1,3,4883,7242,10290,12518,510,1376,598.75,4991
CN7,16G,8,1,4,4686,6915,9765,11863,532,1306,611.36,5103
CN7,16G,8,1,5,4948,7308,10159,12256,512,1350,588.10,4915
CN7,16G,8,2,1,5407,7963,10945,13566,514,1282,589.67,4922
CN7,16G,8,2,2,5604,8225,11076,15139,504,1286,576.68,4813
CN7,16G,8,2,3,5538,8094,11207,13960,512,1274,578.90,4833
CN7,16G,8,2,4,5342,7898,10683,12911,506,1252,597.63,4991
CN7,16G,8,2,5,5407,8094,10945,12911,518,1284,587.04,4907
CN7,16G,8,4,1,6456,9503,12125,14353,490,1196,578.08,4847
CN7,16G,8,4,2,6587,9634,12780,15664,510,1230,578.93,4833
CN7,16G,8,4,3,6718,9765,13435,16909,494,1218,566.74,4733
CN7,16G,8,4,4,6783,9634,13042,15795,490,1218,570.63,4756
CN7,16G,8,4,5,6128,9241,12649,14877,526,1226,597.50,5001
CN7,16G,8,8,1,7046,10028,13435,17171,492,1220,564.59,4712
CN7,16G,8,8,2,6587,9634,13173,15795,506,1192,572.03,4784
CN7,16G,8,8,3,6587,9634,12780,15270,506,1242,577.17,4830
CN7,16G,8,8,4,6652,9765,13042,16581,508,1186,567.91,4750
CN7,16G,8,8,5,6652,9634,12911,15401,504,1238,572.09,4783
CN7,16G,8,16,1,6783,9896,13435,16057,488,1216,567.54,4747
CN7,16G,8,16,2,6849,9896,13435,15926,486,1248,567.20,4728
CN7,16G,8,16,3,6783,9896,13304,17171,496,1170,566.12,4733
CN7,16G,8,16,4,6652,9634,13173,15664,516,1220,580.22,4854
CN7,16G,8,16,5,6915,10028,13173,15926,488,1238,559.60,4681
CN7,16G,16,1,1,8291,10683,13304,16188,244,874,285.47,4762
CN7,16G,16,1,2,8094,12649,30802,55313,148,1488,293.77,3920
CN7,16G,16,1,3,8291,14222,36963,287310,1474,262.43,3465,
CN7,16G,16,1,4,8291,10683,13304,15533,244,870,285.01,4771
CN7,16G,16,1,5,8291,10814,13566,15926,240,852,284.42,4754
CN7,16G,16,2,1,9634,12387,15270,17957,238,858,280.44,4691
CN7,16G,16,2,2,10159,12911,16188,20055,228,860,273.67,4584
CN7,16G,16,2,3,10159,12649,15926,18220,236,860,274.24,4594
CN7,16G,16,2,4,10421,13042,16319,18744,242,912,274.23,4577
CN7,16G,16,2,5,10028,12387,15795,19268,240,874,278.52,4663
CN7,16G,16,4,1,13829,17695,21627,24511,238,852,268.71,4507
CN7,16G,16,4,2,13829,17695,21627,24773,236,854,268.48,4498
CN7,16G,16,4,3,14222,18220,22152,25297,232,848,266.68,4460
CN7,16G,16,4,4,14091,17957,21627,24511,238,872,267.46,4485
CN7,16G,16,4,5,13566,17433,21627,24773,234,870,270.49,4533
CN7,16G,16,8,1,13829,17695,21890,25560,236,900,269.72,4522
CN7,16G,16,8,2,13698,17433,21365,24773,240,838,269.10,4510
CN7,16G,16,8,3,13566,17433,21627,25297,238,904,273.04,4576
CN7,16G,16,8,4,13960,17957,22152,25297,238,890,268.28,4495
CN7,16G,16,8,5,13435,17171,21103,23725,236,890,272.09,4564
CN7,16G,16,16,1,14091,17957,21627,25297,238,888,266.62,4468
CN7,16G,16,16,2,13435,16909,20841,23987,240,858,275.25,4612
CN7,16G,16,16,3,13960,17957,22152,25822,236,930,266.57,4471
CN7,16G,16,16,4,14091,18220,21890,24773,234,872,267.15,4480
CN7,16G,16,16,5,13698,17433,21365,24511,236,872,270.40,4531
CN7,32G,1,1,1,758,971,1893,3064,1204,1506,1442.62,1513
CN7,32G,1,1,2,742,979,1549,2089,1304,1522,1451.96,1522
CN7,32G,1,1,3,734,865,2212,2933,1370,1566,1462.70,1534
CN7,32G,1,1,4,701,889,1401,2040,1398,1514,1488.34,1561
CN7,32G,1,1,5,750,955,1827,3130,1243,1538,1448.11,1519
CN7,32G,1,2,1,734,807,1045,1156,1336,1522,1458.45,1530
CN7,32G,1,2,2,758,873,1139,1237,1296,1502,1429.60,1500
CN7,32G,1,2,3,742,799,1045,1188,1376,1510,1447.71,1518
CN7,32G,1,2,4,742,906,1139,1385,1150,1506,1452.13,1523
CN7,32G,1,2,5,709,857,1156,1270,1300,1500,1464.00,1536
CN7,32G,1,4,1,701,848,1156,1680,1298,1526,1473.14,1545
CN7,32G,1,4,2,725,906,1139,1663,1204,1516,1467.52,1539
CN7,32G,1,4,3,742,865,1123,1647,1312,1540,1453.49,1524
CN7,32G,1,4,4,742,791,955,1631,1372,1504,1450.07,1521
CN7,32G,1,4,5,742,889,1123,1565,1310,1534,1451.64,1522
CN7,32G,1,8,1,734,799,1037,1663,1416,1526,1469.84,1541
CN7,32G,1,8,2,742,840,1106,1762,1240,1564,1458.07,1530
CN7,32G,1,8,3,758,955,1156,1762,1238,1508,1446.04,1516
CN7,32G,1,8,4,717,906,1156,1844,1226,1534,1474.59,1547
CN7,32G,1,8,5,717,922,1123,1549,1318,1530,1472.48,1544
CN7,32G,1,16,1,701,783,1045,1680,1391,1518,1489.67,1562
CN7,32G,1,16,2,750,955,1123,1680,1258,1518,1453.73,1524
CN7,32G,1,16,3,750,922,1139,1745,1237,1508,1439.71,1510
CN7,32G,1,16,4,734,906,1123,1745,1324,1544,1479.57,1552
CN7,32G,1,16,5,742,840,1106,1680,1314,1534,1459.43,1532
CN7,32G,2,1,1,840,938,1418,1975,1202,1450,1358.18,2814
CN7,32G,2,1,2,816,922,1369,2147,1268,1458,1373.60,2847
CN7,32G,2,1,3,832,922,1287,2114,1226,1434,1343.59,2770
CN7,32G,2,1,4,816,906,1188,1582,1252,1436,1355.25,2805
CN7,32G,2,1,5,816,922,1319,2474,1246,1458,1369.31,2855
CN7,32G,2,2,1,979,1139,1385,1795,966,1436,1327.13,2742
CN7,32G,2,2,2,963,1139,1369,1811,1030,1440,1329.98,2769
CN7,32G,2,2,3,963,1139,1450,2245,982,1452,1332.94,2763
CN7,32G,2,2,4,971,1123,1336,1811,986,1420,1331.24,2785
CN7,32G,2,2,5,971,1123,1385,1893,1000,1419,1315.92,2758
CN7,32G,2,4,1,1172,1450,1647,1795,776,1418,1277.33,2649
CN7,32G,2,4,2,1106,1450,1663,1811,774,1468,1293.73,2696
CN7,32G,2,4,3,1156,1418,1598,1745,864,1458,1295.22,2702
CN7,32G,2,4,4,1106,1434,1647,1844,770,1436,1311.19,2726
CN7,32G,2,4,5,1188,1418,1598,1762,906,1448,1294.79,2693
CN7,32G,2,8,1,1123,1401,1598,1745,814,1440,1315.31,2754
CN7,32G,2,8,2,1123,1385,1565,1745,858,1434,1293.74,2705
CN7,32G,2,8,3,1156,1418,1614,1762,830,1430,1277.10,2666
CN7,32G,2,8,4,1123,1467,1647,1778,806,1437,1311.76,2712
CN7,32G,2,8,5,1090,1418,1647,1909,774,1431,1264.54,2615
CN7,32G,2,16,1,1123,1434,1614,1713,822,1438,1311.97,2746
CN7,32G,2,16,2,1156,1434,1663,1827,804,1440,1294.69,2677
CN7,32G,2,16,3,1045,1352,1582,1827,832,1450,1310.41,2723
CN7,32G,2,16,4,1106,1450,1663,1827,742,1488,1321.87,2731
CN7,32G,2,16,5,1106,1450,1614,1745,782,1468,1307.11,2708
CN7,32G,4,1,1,1221,2606,5407,8225,966,1508,1226.95,5037
CN7,32G,4,1,2,1254,2638,5407,8029,946,1500,1223.54,5124
CN7,32G,4,1,3,1303,2835,5997,9110,940,1504,1194.14,4986
CN7,32G,4,1,4,1205,2507,5276,7373,964,1472,1216.26,5043
CN7,32G,4,1,5,1287,2769,5800,7963,964,1486,1205.79,5023
CN7,32G,4,2,1,1156,2966,14615,35390,720,1472,1105.69,4477
CN7,32G,4,2,2,1237,3752,13304,26084,716,1420,1103.54,4365
CN7,32G,4,2,3,1106,2409,12256,18220,796,1424,1169.05,4755
CN7,32G,4,2,4,1188,3720,13435,26608,678,1436,1118.38,4379
CN7,32G,4,2,5,1106,1385,8225,16581,914,1416,1188.45,4688
CN7,32G,4,4,1,1237,1614,4621,7111,1002,1390,1178.12,4833
CN7,32G,4,4,2,1270,1795,5604,8029,788,1376,1143.10,4711
CN7,32G,4,4,3,1221,1663,4948,7242,946,1396,1171.67,4785
CN7,32G,4,4,4,1254,1729,5080,8455,1016,1388,1158.32,4739
CN7,32G,4,4,5,1237,1745,5211,7963,960,1384,1155.08,4732
CN7,32G,4,8,1,1205,1532,3228,6783,781,1394,1183.14,4775
CN7,32G,4,8,2,1287,2212,6128,8356,948,1396,1131.92,4612
CN7,32G,4,8,3,1237,1614,3982,7111,881,1355,1153.22,4700
CN7,32G,4,8,4,1254,1663,4686,8094,948,1368,1147.31,4622
CN7,32G,4,8,5,1254,1909,5276,7832,972,1388,1152.54,4727
CN7,32G,4,16,1,1237,1647,5080,8094,819,1374,1159.15,4710
CN7,32G,4,16,2,1303,2474,6521,9503,982,1380,1130.90,4656
CN7,32G,4,16,3,1221,1631,4817,7242,918,1390,1158.54,4740
CN7,32G,4,16,4,1237,1713,5080,8094,968,1390,1160.04,4811
CN7,32G,4,16,5,1254,1827,5211,7504,910,1368,1151.30,4648
CN7,32G,8,1,1,4817,7177,10159,13304,526,1344,593.39,4963
CN7,32G,8,1,2,4817,7242,10028,12518,510,1374,588.62,4926
CN7,32G,8,1,3,4948,7373,10421,13304,492,1336,582.02,4864
CN7,32G,8,1,4,5080,7570,10552,13304,492,1368,572.30,4788
CN7,32G,8,1,5,4817,7177,9896,12387,508,1378,591.13,4931
CN7,32G,8,2,1,5538,8225,11076,13829,500,1254,568.22,4742
CN7,32G,8,2,2,5538,8291,11338,14353,486,1256,570.62,4756
CN7,32G,8,2,3,5473,8094,11076,13435,504,1288,570.75,4777
CN7,32G,8,2,4,5604,8356,11338,13829,480,1286,571.66,4770
CN7,32G,8,2,5,5538,8225,11338,14222,494,1278,575.62,4806
CN7,32G,8,4,1,6915,9896,13173,16057,494,1222,558.15,4660
CN7,32G,8,4,2,7046,10159,13829,17957,486,1208,550.78,4602
CN7,32G,8,4,3,6980,10028,13435,15926,484,1242,552.21,4605
CN7,32G,8,4,4,6652,9634,12780,15401,496,1232,561.00,4686
CN7,32G,8,4,5,6915,10028,13435,16057,488,1230,552.28,4626
CN7,32G,8,8,1,6718,9765,12649,15795,496,1196,565.50,4724
CN7,32G,8,8,2,6718,9765,13042,15795,494,1198,561.23,4692
CN7,32G,8,8,3,6652,9896,13173,16188,498,1226,560.91,4700
CN7,32G,8,8,4,6849,9896,13304,17433,498,1226,557.77,4668
CN7,32G,8,8,5,6783,9896,13042,15401,488,1396,557.52,4649
CN7,32G,8,16,1,6915,10028,13304,17171,486,1204,552.24,4609
CN7,32G,8,16,2,6718,9765,13173,16057,482,1264,566.99,4722
CN7,32G,8,16,3,6783,9896,13042,15795,492,1214,561.43,4692
CN7,32G,8,16,4,6718,9765,13304,16712,492,1234,564.17,4704
CN7,32G,8,16,5,6980,10028,13698,16450,488,1236,554.73,4642
CN7,32G,16,1,1,8455,10945,14091,17433,240,878,277.86,4649
CN7,32G,16,1,2,8455,10814,13566,16319,236,890,280.54,4697
CN7,32G,16,1,3,8586,11076,14222,17433,240,928,278.22,4655
CN7,32G,16,1,4,7963,13042,85459,549454,1478,276.32,3731,
CN7,32G,16,1,5,8979,14746,346031,591397,1484,235.60,2987,
CN7,32G,16,2,1,10028,12649,15795,18482,236,856,277.92,4649
CN7,32G,16,2,2,9634,13566,22676,125305,160,1456,304.70,4385
CN7,32G,16,2,3,9241,13304,19006,28181,1169,292.62,4400,
CN7,32G,16,2,4,11338,18220,202376,320865,1452,261.42,3975,
CN7,32G,16,2,5,10290,12911,16188,18482,240,892,272.12,4555
CN7,32G,16,4,1,14091,17957,21890,25297,240,932,265.46,4452
CN7,32G,16,4,2,14091,17957,21890,25297,236,874,264.94,4439
CN7,32G,16,4,3,14091,18220,22414,25822,232,856,263.26,4412
CN7,32G,16,4,4,13960,17695,21627,25035,232,880,264.98,4440
CN7,32G,16,4,5,14353,18220,21890,25035,232,856,263.71,4421
CN7,32G,16,8,1,14091,17957,21890,25822,236,862,265.65,4451
CN7,32G,16,8,2,14091,17957,22152,25822,232,876,263.33,4413
CN7,32G,16,8,3,13698,17695,21627,25035,230,874,266.73,4471
CN7,32G,16,8,4,14222,18220,22414,25822,233,896,265.35,4449
CN7,32G,16,8,5,13960,17957,22414,26084,226,884,265.47,4446
CN7,32G,16,16,1,14222,18220,22152,26346,232,952,265.38,4452
CN7,32G,16,16,2,14222,18220,22152,25035,232,860,265.07,4443
CN7,32G,16,16,3,14222,18220,22152,25560,234,886,263.86,4420
CN7,32G,16,16,4,14222,18220,22152,25297,226,860,263.21,4407
CN7,32G,16,16,5,13960,17957,21890,25822,234,892,262.76,4407
