0728-1650
CN7,4G ,1,1,1,971,1156,1319,2114,1272,1540,1380.60,1472,25.04,1.89,2.22,5445.39,0.61,0.13,0.13,680.71
CN7,4G ,1,1,2,930,1123,1287,2147,1220,1562,1392.40,1462,5460.7,0.06,0.06,0.06,680.31,0.08,0.08,0.04
CN7,4G ,1,1,3,898,1106,1254,2024,1330,1544,1412.00,1499,24.37,5462.22,0.06,0.06,0.59,682.75,0.08,0.04
CN7,4G ,1,1,4,922,1156,1319,2147,1188,1422,1370.80,1432,22.7,1.73,5461.72,0.06,0.56,0.11,682.75,0.04
CN7,4G ,1,1,5,947,1156,1450,2114,1174,1418,1348.33,1414,22.7,0.06,1.73,5445.56,0.56,0.08,0.11,680.71
CN7,4G ,1,2,1,889,1106,1287,2073,1286,1522,1426.40,1495,22.7,2731.39,2731.06,0.06,0.56,341.41,341.41,0.04
CN7,4G ,1,2,2,1004,1172,1582,2147,1260,1417,1351.83,1418,2743.2,0.4,0.4,2717.4,340.58,0.1,0.1,339.71
CN7,4G ,1,2,3,938,1139,1287,2147,1288,1524,1412.00,1496,23.04,0.06,2730.73,2731.07,0.58,0.08,341.41,341.4
CN7,4G ,1,2,4,922,1139,1254,2147,1326,1486,1398.40,1469,2732.21,2713.06,0.4,0.4,339.23,339.18,0.1,0.06
CN7,4G ,1,2,5,947,1156,1483,2114,1250,1442,1361.80,1438,2753.71,0.4,0.06,2731.57,341.92,0.1,0.08,341.4
CN7,4G ,1,4,1,848,1074,1254,2147,1298,1540,1484.00,1558,1388.38,1365.73,1360.23,1362.74,171.25,170.75,170.08,170.36
CN7,4G ,1,4,2,906,1139,1319,2147,1264,1546,1427.20,1512,1388.38,1365.73,1365.73,1365.74,171.25,170.76,170.76,170.73
CN7,4G ,1,4,3,906,1139,1975,2147,1276,1522,1408.40,1493,1388.38,1365.73,1365.73,1365.74,171.25,170.76,170.76,170.73
CN7,4G ,1,4,4,889,1106,1287,2040,1296,1536,1435.20,1518,1383.88,1361.07,1360.4,1360.57,170.59,170.11,170.1,170.06
CN7,4G ,1,4,5,996,1156,1713,1958,1292,1546,1375.60,1468,1388.38,1365.73,1365.73,1365.74,171.25,170.77,170.77,170.73
CN7,4G ,1,8,1,963,1188,1942,4047,1154,1508,1382.40,1470,1388.38,1365.74,1365.74,1365.74,171.25,170.77,170.77,170.73
CN7,4G ,1,8,2,988,1221,1926,3032,1296,1462,1372.40,1456,1388.38,1365.74,1365.74,1365.74,171.25,170.77,170.77,170.73
CN7,4G ,1,8,3,971,1172,1975,5211,1198,1460,1367.60,1448,1388.55,1365.74,1365.74,1365.74,171.25,170.77,170.77,170.73
CN7,4G ,1,8,4,979,1205,1975,3228,1260,1460,1364.40,1445,1390.88,1365.74,1365.74,1366.08,171.32,170.77,170.77,170.76
CN7,4G ,1,8,5,889,1123,1942,4686,1282,1504,1421.60,1497,1388.38,1366.24,1366.24,1365.75,171.25,170.8,170.8,170.73
CN7,4G ,1,16,1,1237,1467,2008,2114,1188,1418,1324.67,1392,1388.72,1366.41,1365.41,1365.41,171.25,170.76,170.75,170.71
CN7,4G ,1,16,2,1254,1516,2057,2147,1183,1384,1317.17,1383,1388.89,1366.24,1365.41,1365.42,171.24,170.76,170.75,170.71
CN7,4G ,1,16,3,1237,1483,2089,3163,1300,1420,1362.40,1437,1388.72,1366.24,1365.41,1365.42,171.24,170.76,170.75,170.71
CN7,4G ,1,16,4,1270,1516,1926,2180,1166,1408,1361.17,1426,1389.22,1365.41,1366.41,1365.42,171.24,170.75,170.77,170.71
CN7,4G ,1,16,5,1172,1401,1991,2474,1226,1422,1340.67,1405,1388.89,1365.41,1365.41,1366.75,171.24,170.75,170.75,170.74
CN7,4G ,2,1,1,865,1029,1221,2008,1206,1458,1354.27,2744,5479.56,5456.08,0.08,0.09,682.58,682.08,0.08,0.05
CN7,4G ,2,1,2,865,1020,1237,2057,1278,1410,1350.00,2781,24.39,0.58,5456.25,5456.09,0.59,0.11,682.08,682.05
CN7,4G ,2,1,3,889,1090,1287,2073,1208,1426,1343.45,2813,5484.89,5461.75,0.58,0.59,683.23,682.75,0.11,0.08
CN7,4G ,2,1,4,873,1012,1188,2114,1246,1420,1334.45,2764,24.56,1.76,5461.42,5461.43,0.6,0.11,682.75,682.71
CN7,4G ,2,1,5,865,1045,1221,2245,1254,1422,1350.36,2759,5478.9,5456.26,0.09,0.1,682.57,682.08,0.08,0.05
CN7,4G ,2,2,1,922,1090,1287,2073,1200,1388,1321.67,2730,2754.24,2731.59,2730.76,2731.1,341.92,341.44,341.42,341.38
CN7,4G ,2,2,2,922,1074,1287,5800,1206,1438,1329.64,2739,2753.9,2731.26,2730.92,2730.76,341.89,341.44,341.4,341.38
CN7,4G ,2,2,3,938,1106,1303,4817,1206,1352,1308.08,2704,2753.91,2731.26,2731.26,2731.27,341.93,341.44,341.44,341.41
CN7,4G ,2,2,4,914,1106,1336,2008,1224,1448,1345.09,2769,2753.74,2731.1,2732.1,2731.1,341.92,341.44,341.47,341.4
CN7,4G ,2,2,5,881,1037,1237,2114,1238,1450,1374.40,2807,2754.08,2731.44,2730.76,2730.77,341.91,341.43,341.42,341.38
CN7,4G ,2,4,1,971,1270,1762,2089,1240,1380,1331.00,2774,2753.75,2731.44,2730.77,2731.28,341.91,341.43,341.42,341.41
CN7,4G ,2,4,2,938,1123,1745,2089,1182,1352,1316.50,2756,2754.41,2731.11,2730.77,2730.94,341.92,341.43,341.42,341.38
CN7,4G ,2,4,3,996,1270,1893,2180,1178,1358,1284.58,2614,2753.91,2731.28,2730.77,2730.78,341.9,341.42,341.42,341.38
CN7,4G ,2,4,4,955,1237,1909,2573,1234,1372,1336.42,2804,2747.42,2726.11,2725.11,2720.61,341.11,340.78,340.67,340.07
CN7,4G ,2,4,5,930,1188,1844,2057,1242,1380,1351.50,2827,2754.09,2731.45,2730.94,2730.78,341.92,341.43,341.42,341.38
CN7,4G ,2,8,1,988,1336,1893,2114,1188,1350,1316.33,2750,2754.25,2731.45,2732.11,2731.78,341.92,341.43,341.46,341.42
CN7,4G ,2,8,2,1057,1450,1926,2212,1128,1394,1314.00,2759,2754.26,2731.62,2730.78,2730.79,341.92,341.44,341.42,341.38
CN7,4G ,2,8,3,1020,1385,1909,2114,1304,1410,1344.75,2804,2754.42,2731.79,2730.78,2730.79,341.92,341.44,341.42,341.39
CN7,4G ,2,8,4,1090,1516,1942,2212,1144,1384,1266.17,2603,2754.09,2731.46,2731.45,2730.79,341.91,341.42,341.42,341.39
CN7,4G ,2,8,5,996,1303,1795,1975,1158,1356,1310.50,2741,2754.43,2731.79,2731.79,2731.3,341.93,341.44,341.44,341.41
CN7,4G ,2,16,1,1270,1647,2147,3064,1144,1336,1266.50,2647,2753.93,2731.13,2730.79,2730.8,341.92,341.43,341.42,341.39
CN7,4G ,2,16,2,1237,1647,2024,2245,1173,1362,1278.08,2673,2753.43,2731.8,2730.79,2730.8,341.91,341.44,341.42,341.39
CN7,4G ,2,16,3,1172,1631,2147,2474,1148,1409,1305.08,2734,2753.43,2731.8,2730.8,2730.8,341.91,341.44,341.42,341.39
CN7,4G ,2,16,4,1172,1598,2147,2868,1208,1420,1305.42,2723,2754.77,2732.3,2731.96,2730.8,341.91,341.42,341.42,341.39
CN7,4G ,2,16,5,1254,1598,2057,2540,1148,1344,1277.50,2678,2756.11,2732.47,2732.47,2731.47,342.01,341.47,341.47,341.44
CN7,4G ,4,1,1,898,1090,1303,1975,1242,1384,1312.50,5437,5484.11,5462.31,5462.3,5461.47,683.24,682.77,682.77,682.72
CN7,4G ,4,1,2,922,1156,1565,2212,1178,1400,1315.83,5435,5485.28,5462.48,5461.97,5461.65,683.28,682.78,682.8,682.72
CN7,4G ,4,1,3,832,1012,1221,1893,1296,1430,1360.05,5636,5482.12,5457.48,5462.48,5461.48,682.99,682.16,682.78,682.72
CN7,4G ,4,1,4,889,1074,1270,3326,1204,1372,1312.21,5401,5485.29,5462.15,5461.98,5461.49,683.29,682.78,682.8,682.72
CN7,4G ,4,1,5,857,1045,1270,1926,1190,1376,1324.00,5496,5484.12,5462.32,5462.32,5461.49,683.24,682.78,682.78,682.72
CN7,4G ,4,2,1,947,1188,1549,5932,1186,1326,1282.92,5276,5478.46,5456.83,5455.49,5452.16,682.45,682.12,681.98,681.53
CN7,4G ,4,2,2,1037,1401,1696,2040,1102,1360,1254.58,5134,5484.13,5462.33,5462.16,5461.5,683.24,682.78,682.78,682.72
CN7,4G ,4,2,3,971,1221,1565,3261,1128,1312,1269.92,5291,5485.47,5462.5,5462.16,5462.01,683.29,682.78,682.79,682.76
CN7,4G ,4,2,4,955,1172,1467,2147,1192,1326,1284.42,5359,5484.14,5462.34,5462.17,5461.51,683.24,682.78,682.78,682.73
CN7,4G ,4,2,5,996,1254,1631,1958,1158,1316,1265.58,5241,5480.15,5457.18,5457.01,5456.35,682.65,682.12,682.12,682.06
CN7,4G ,4,4,1,1172,1450,1795,1942,1112,1258,1207.79,5047,5487.31,5462.52,5462.35,5461.52,683.25,682.79,682.78,682.73
CN7,4G ,4,4,2,1106,1434,1778,2089,1110,1284,1221.42,5086,5487.15,5462.35,5462.68,5461.52,683.25,682.79,682.79,682.73
CN7,4G ,4,4,3,1156,1467,1762,1926,1110,1264,1192.62,4935,5487.49,5462.19,5462.02,5461.69,683.25,682.77,682.76,682.73
CN7,4G ,4,4,4,1090,1385,1762,2008,1074,1292,1235.08,5102,5484.66,5461.86,5461.86,5461.53,683.29,682.79,682.79,682.73
CN7,4G ,4,4,5,1106,1401,1827,3720,1082,1264,1226.08,5080,5484.66,5462.7,5462.2,5462.04,683.28,682.8,682.77,682.76
CN7,4G ,4,8,1,1090,1385,1696,2376,1114,1256,1209.75,5038,5486.0,5462.37,5462.53,5461.54,683.32,682.79,682.79,682.73
CN7,4G ,4,8,2,1123,1483,1762,2073,1152,1266,1218.62,5048,5484.84,5463.21,5463.04,5462.21,683.31,682.83,682.83,682.79
CN7,4G ,4,8,3,1139,1500,1926,12911,1110,1258,1211.67,5066,5489.85,5462.72,5464.04,5462.38,683.36,682.79,682.86,682.78
CN7,4G ,4,8,4,1123,1483,1876,2606,1090,1266,1200.46,4987,5484.85,5462.89,5462.72,5462.22,683.31,682.85,682.85,682.79
CN7,4G ,4,8,5,1139,1467,1876,2180,1068,1292,1221.83,5092,5486.19,5462.39,5462.05,5462.56,683.3,682.77,682.77,682.73
CN7,4G ,4,16,1,1156,1532,1876,2540,1118,1270,1216.42,5056,5484.19,5461.56,5463.06,5461.56,683.25,682.77,682.82,682.73
CN7,4G ,4,16,2,881,1057,1647,2114,1219,1402,1352.43,5614,5491.36,5462.57,5461.56,5462.07,683.25,682.77,682.77,682.73
CN7,4G ,4,16,3,1188,1582,1975,2409,1068,1286,1201.17,4895,5484.2,5461.57,5461.57,5461.57,683.25,682.77,682.77,682.73
CN7,4G ,4,16,4,1172,1614,2114,2933,1094,1262,1207.08,5066,5485.7,5462.57,5462.57,5462.58,683.39,682.86,682.86,682.82
CN7,4G ,4,16,5,1188,1647,2212,19268,1086,1270,1210.33,5040,5484.87,5464.58,5462.24,5462.25,683.31,682.88,682.83,682.79
CN7,4G ,8,1,1,3195,10814,17695,52167,558,1280,802.30,6658,8210.53,8193.31,8192.68,8193.32,1024.54,1024.15,1024.11,1024.13
CN7,4G ,8,1,2,3228,11207,17695,44827,552,1288,795.92,6548,7297.51,7283.1,7283.82,7282.46,910.64,910.29,910.36,910.22
CN7,4G ,8,1,3,2900,10814,16581,19792,604,1322,847.81,6900,8209.8,8193.45,8192.95,8192.7,1024.47,1024.14,1024.11,1024.08
CN7,4G ,8,1,4,3032,10552,16450,18744,602,1300,849.00,6909,8213.05,8195.96,8195.2,8195.08,1024.54,1024.15,1024.11,1024.08
CN7,4G ,8,1,5,3392,10683,17433,44827,568,1338,817.49,6686,7300.05,7284.08,7282.63,7285.53,910.64,910.37,910.32,910.38
CN7,4G ,8,2,1,2933,10028,16712,23462,558,1204,823.74,6733,8217.94,8200.97,8198.84,8201.1,1024.48,1024.11,1024.18,1024.09
CN7,4G ,8,2,2,3490,9634,16909,42730,560,1224,794.12,6448,7306.4,7291.09,7293.87,7298.87,910.73,910.39,910.44,910.33
CN7,4G ,8,2,3,3097,9503,15401,29754,582,1242,827.95,6729,8217.45,8200.49,8200.86,8200.61,1024.48,1024.12,1024.14,1024.09
CN7,4G ,8,2,4,3097,10028,16909,43254,590,1226,801.55,6617,8220.96,8203.37,8204.74,8203.74,1024.52,1024.12,1024.21,1024.12
CN7,4G ,8,2,5,2933,10683,16909,41157,590,1260,819.00,6655,8205.1,8188.2,8189.14,8188.15,1022.87,1022.53,1022.56,1022.47
CN7,4G ,8,4,1,1975,8455,13566,44827,590,1166,834.04,6781,8217.85,8202.76,8202.38,8203.13,1024.5,1024.18,1024.18,1024.22
CN7,4G ,8,4,2,2114,9765,16319,19268,610,1162,816.13,6694,7307.87,7293.9,7293.23,7292.46,910.7,910.41,910.39,910.35
CN7,4G ,8,4,3,2212,8979,14746,18482,592,1178,831.07,6707,8220.74,8203.89,8204.64,8203.52,1024.49,1024.12,1024.16,1024.1
CN7,4G ,8,4,4,2040,9896,16581,19006,582,1144,833.78,6786,8221.37,8203.65,8206.15,8204.28,1024.53,1024.12,1024.22,1024.14
CN7,4G ,8,4,5,2040,9634,16319,44827,570,1174,809.01,6665,8219.87,8203.03,8202.28,8200.91,1024.61,1024.24,1024.19,1024.12
CN7,4G ,8,8,1,2073,9765,16909,38011,574,1190,804.35,6614,7307.56,7293.59,7294.36,7291.92,910.69,910.39,910.39,910.44
CN7,4G ,8,8,2,1844,11731,17433,38536,542,1164,815.27,6618,8219.76,8201.05,8203.67,8203.05,1024.61,1024.15,1024.24,1024.22
CN7,4G ,8,8,3,2024,8717,13829,17957,588,1134,829.19,6698,8226.77,8203.93,8211.8,8206.05,1024.59,1024.21,1024.29,1024.2
CN7,4G ,8,8,4,2008,10945,17433,45876,550,1232,802.84,6618,8219.9,8203.18,8203.18,8202.81,1024.61,1024.25,1024.24,1024.22
CN7,4G ,8,8,5,2040,9896,15533,18744,576,1168,814.54,6673,8221.15,8203.32,8206.44,8201.44,1024.63,1024.23,1024.32,1024.16
CN7,4G ,8,16,1,1958,10159,18744,45351,586,1172,827.64,6668,8219.79,8203.07,8201.57,8203.32,1024.62,1024.26,1024.19,1024.23
CN7,4G ,8,16,2,2212,9110,16188,20317,566,1154,802.26,6652,8221.29,8205.08,8205.08,8204.45,1024.64,1024.35,1024.34,1024.25
CN7,4G ,8,16,3,1975,10552,21627,31589,568,1174,799.97,6561,8220.67,8203.71,8204.46,8201.09,1024.62,1024.27,1024.27,1024.14
CN7,4G ,8,16,4,2024,10421,18744,23725,588,1180,795.45,6562,8221.31,8207.72,8207.71,8203.34,1024.68,1024.38,1024.37,1024.18
CN7,4G ,8,16,5,2089,9896,16581,36439,546,1188,806.92,6576,8219.69,8201.47,8201.6,8202.85,1024.53,1024.2,1024.2,1024.14
CN7,4G ,16,1,1,12125,20579,27132,68682,234,1025,329.90,5498,8209.53,8202.05,8201.86,8202.3,1024.28,1024.15,1024.15,1024.14
CN7,4G ,16,1,2,11731,20055,26870,67634,252,972,333.00,5537,8757.51,8748.13,8748.2,8748.26,1092.64,1092.4,1092.4,1092.4
CN7,4G ,16,1,3,11600,19792,26608,52691,256,908,332.17,5520,8757.98,8749.14,8748.4,8748.6,1092.66,1092.48,1092.41,1092.41
CN7,4G ,16,1,4,11731,19792,26870,71828,254,976,331.40,5501,8209.87,8202.39,8202.2,8201.51,1024.31,1024.19,1024.16,1024.13
CN7,4G ,16,1,5,12256,20579,26608,69731,254,962,329.78,5489,8210.06,8201.89,8203.27,8202.96,1024.32,1024.14,1024.14,1024.13
CN7,4G ,16,2,1,12518,19792,28705,71828,232,920,327.86,5462,8209.57,8201.65,8201.9,8202.02,1024.31,1024.14,1024.17,1024.16
CN7,4G ,16,2,2,12649,20055,29754,66323,236,934,329.23,5491,8210.39,8201.91,8203.09,8201.97,1024.36,1024.13,1024.18,1024.15
CN7,4G ,16,2,3,13304,21365,29492,65274,228,886,328.03,5467,8210.95,8201.54,8201.72,8202.35,1024.4,1024.12,1024.14,1024.18
CN7,4G ,16,2,4,12387,20579,27919,59507,249,862,329.92,5499,8209.15,8201.36,8202.04,8201.67,1024.27,1024.12,1024.16,1024.13
CN7,4G ,16,2,5,12649,20317,28705,66323,216,872,326.50,5438,8209.09,8201.24,8201.74,8201.74,1024.27,1024.12,1024.14,1024.13
CN7,4G ,16,4,1,13829,22152,38011,52167,212,796,329.92,5501,8210.35,8202.18,8202.24,8203.5,1024.35,1024.17,1024.18,1024.21
CN7,4G ,16,4,2,13435,21890,35390,67634,216,770,327.05,5465,8210.42,8203.31,8203.31,8201.88,1024.37,1024.2,1024.22,1024.16
CN7,4G ,16,4,3,14091,23200,35390,62129,206,762,325.21,5422,8210.36,8202.2,8201.94,8202.26,1024.34,1024.17,1024.15,1024.16
CN7,4G ,16,4,4,13566,21890,32637,51119,216,764,328.94,5477,8210.68,8203.45,8201.83,8203.33,1024.38,1024.18,1024.14,1024.17
CN7,4G ,16,4,5,14091,22676,34341,45876,230,772,330.32,5517,8209.31,8202.15,8202.71,8202.02,1024.29,1024.17,1024.13,1024.15
CN7,4G ,16,8,1,13698,21627,32375,69731,194,802,329.03,5470,8209.82,8202.59,8202.46,8202.59,1024.34,1024.22,1024.21,1024.2
CN7,4G ,16,8,2,14484,23200,35390,61604,200,812,324.42,5426,8209.2,8202.16,8202.1,8202.29,1024.29,1024.17,1024.17,1024.17
CN7,4G ,16,8,3,14222,22414,33817,56886,226,806,330.47,5523,8210.52,8204.17,8202.29,8204.54,1024.37,1024.22,1024.18,1024.19
CN7,4G ,16,8,4,13829,22676,35914,62653,207,834,327.18,5453,8209.4,8202.3,8201.48,8203.92,1024.3,1024.19,1024.08,1024.23
CN7,4G ,16,8,5,13960,22676,39060,58459,164,758,326.32,5456,8210.85,8202.68,8202.62,8205.62,1024.35,1024.22,1024.22,1024.24
CN7,4G ,16,16,1,14353,22676,35914,143655,176,790,324.34,5404,8203.89,8196.97,8197.01,8195.16,1023.6,1023.49,1023.5,1023.28
CN7,4G ,16,16,2,13960,22152,33817,53216,227,796,330.23,5498,8210.3,8202.57,8203.44,8203.26,1024.38,1023.93,1024.26,1024.09
CN7,4G ,16,16,3,14746,23725,34866,61080,200,780,324.68,5404,8210.05,8204.14,8204.45,8204.26,1024.36,1024.1,1024.21,1024.2
CN7,4G ,16,16,4,13698,22152,35390,64750,200,792,329.34,5482,8207.07,8198.11,8200.03,8198.08,1023.69,1023.5,1023.56,1023.49
CN7,4G ,16,16,5,13829,22152,34866,60556,207,748,326.48,5425,7728.88,7722.79,7720.67,7720.61,964.16,964.03,963.86,963.99
CN7,8G ,1,1,1,840,1057,1254,27395,1290,1508,1413.09,1487,16.13,2.61,2.06,7287.39,0.49,0.2,0.2,909.56
CN7,8G ,1,1,2,807,1029,1237,30016,1288,1592,1510.40,1581,7294.24,0.61,0.61,2.29,909.37,0.13,0.12,0.17
CN7,8G ,1,1,3,873,1123,1319,30278,1300,1582,1434.00,1503,15.69,7269.39,0.61,0.62,0.45,907.76,0.12,0.1
CN7,8G ,1,1,4,873,1090,1254,29492,1244,1562,1425.64,1500,15.69,1.83,7279.62,0.62,0.45,0.16,909.05,0.1
CN7,8G ,1,1,5,857,1090,1270,29492,1290,1534,1445.64,1517,15.69,0.62,1.95,7290.51,0.45,0.13,0.16,910.38
CN7,8G ,1,2,1,889,1106,1287,16319,1350,1536,1423.27,1497,3660.58,3646.06,0.62,2.29,455.58,455.27,0.13,0.17
CN7,8G ,1,2,2,857,1074,1270,15926,1306,1520,1444.27,1517,15.69,1.73,3642.28,3641.96,0.45,0.14,454.82,454.79
CN7,8G ,1,2,3,889,1057,1270,16057,1286,1419,1377.91,1448,15.69,3646.18,3645.84,1.85,0.45,455.27,455.27,0.12
CN7,8G ,1,2,4,865,1057,1270,24511,1174,1536,1459.64,1532,3660.58,2.07,2.07,3645.85,455.58,0.16,0.16,455.24
CN7,8G ,1,2,5,840,1057,1254,18220,1174,1538,1466.36,1538,15.69,0.63,3645.85,3645.86,0.45,0.13,455.25,455.25
CN7,8G ,1,4,1,889,1106,1352,8586,1327,1562,1442.82,1516,1838.02,1823.51,1823.4,1823.41,228.01,227.69,227.71,227.68
CN7,8G ,1,4,2,865,1074,1336,9241,1286,1548,1460.18,1532,1838.36,1823.74,1823.63,1823.86,228.03,227.72,227.71,227.7
CN7,8G ,1,4,3,988,1156,1287,12256,1154,1552,1402.00,1476,1838.03,1823.63,1823.96,1823.86,228.01,227.7,227.71,227.68
CN7,8G ,1,4,4,824,1074,1336,10028,1342,1566,1491.20,1564,1838.03,1823.63,1823.74,1823.86,228.02,227.7,227.7,227.69
CN7,8G ,1,4,5,857,1074,1336,12780,1282,1520,1456.73,1528,1838.25,1823.63,1823.63,1823.75,228.03,227.71,227.71,227.69
CN7,8G ,1,8,1,889,1123,1958,12780,1260,1538,1449.64,1522,1838.03,1823.41,1823.41,1823.42,228.02,227.7,227.7,227.68
CN7,8G ,1,8,2,873,1090,1893,10290,1304,1532,1455.09,1528,1838.03,1823.41,1823.41,1823.53,228.02,227.7,227.7,227.68
CN7,8G ,1,8,3,865,1106,1876,15008,1162,1534,1456.82,1529,1838.03,1823.53,1823.53,1823.54,228.02,227.7,227.7,227.68
CN7,8G ,1,8,4,807,914,1942,9896,1384,1536,1513.80,1586,2068.29,2051.47,2052.09,2051.48,256.54,256.17,256.19,256.14
CN7,8G ,1,8,5,865,1057,1876,10945,1210,1532,1442.18,1513,1838.04,1823.53,1822.97,1823.54,228.02,227.7,227.7,227.68
CN7,8G ,1,16,1,1254,1467,1926,12780,1134,1424,1353.42,1419,1838.04,1823.53,1823.09,1823.43,228.02,227.7,227.7,227.68
CN7,8G ,1,16,2,1237,1467,1926,13304,1248,1400,1360.67,1426,1839.26,1824.09,1823.42,1824.21,228.06,227.73,227.71,227.7
CN7,8G ,1,16,3,1270,1467,1926,12256,1276,1406,1364.00,1429,1838.04,1823.64,1823.87,1824.77,228.02,227.71,227.72,227.73
CN7,8G ,1,16,4,1172,1385,1926,11469,1184,1416,1353.08,1419,1838.6,1823.42,1823.2,1822.99,228.05,227.72,227.72,227.67
CN7,8G ,1,16,5,1237,1467,1942,12911,1282,1406,1372.55,1441,1838.04,1823.54,1824.09,1823.88,228.02,227.71,227.73,227.7
CN7,8G ,2,1,1,873,979,1221,25822,1192,1428,1334.30,2717,7306.71,1.98,0.87,7291.1,910.76,0.16,0.14,910.41
CN7,8G ,2,1,2,889,1004,1221,27657,1198,1420,1323.33,2708,15.72,7276.43,7276.31,0.66,0.45,908.67,908.61,0.11
CN7,8G ,2,1,3,865,979,1205,28967,1240,1456,1352.43,2763,7305.38,1.99,0.65,7290.33,910.7,0.16,0.13,910.36
CN7,8G ,2,1,4,873,988,1221,27657,1148,1456,1343.35,2709,15.72,7276.54,7275.77,0.67,0.45,908.63,908.6,0.11
CN7,8G ,2,1,5,848,1012,1221,26346,1246,1476,1378.17,2785,7290.72,1.99,0.66,7275.78,908.92,0.16,0.13,908.58
CN7,8G ,2,2,1,873,1004,1254,14746,1248,1480,1382.52,2842,3660.39,3646.22,3645.88,3645.45,455.58,455.27,455.26,455.24
CN7,8G ,2,2,2,889,1045,1287,23725,1198,1444,1362.78,2793,3660.4,3646.11,3645.33,3645.35,455.58,455.29,455.26,455.24
CN7,8G ,2,2,3,881,996,1205,17171,1234,1448,1366.30,2788,3661.29,3645.78,3645.33,3646.46,455.62,455.27,455.26,455.28
CN7,8G ,2,2,4,922,1074,1254,15008,1232,1392,1349.08,2801,3660.4,3646.56,3646.67,3645.35,455.58,455.3,455.32,455.24
CN7,8G ,2,2,5,922,1057,1237,14746,1226,1398,1352.17,2816,3661.29,3646.12,3645.78,3646.47,455.61,455.29,455.28,455.29
CN7,8G ,2,4,1,930,1221,1696,26608,1216,1380,1342.08,2813,3660.85,3646.12,3645.9,3645.8,455.6,455.29,455.29,455.26
CN7,8G ,2,4,2,955,1221,1680,20055,1210,1432,1335.57,2750,3660.52,3646.57,3645.46,3645.47,455.58,455.29,455.26,455.24
CN7,8G ,2,4,3,963,1254,1811,22938,1212,1388,1332.00,2764,3661.41,3646.13,3645.46,3649.14,455.63,455.28,455.26,455.28
CN7,8G ,2,4,4,873,1090,1663,19006,1232,1446,1361.30,2838,3663.42,3645.91,3645.46,3645.59,455.58,455.28,455.26,455.24
CN7,8G ,2,4,5,914,1156,1696,24773,1196,1376,1342.67,2816,3661.31,3648.8,3647.91,3646.37,455.61,455.28,455.26,455.27
CN7,8G ,2,8,1,996,1385,1827,21365,1188,1372,1318.58,2758,3660.64,3646.58,3646.36,3648.48,455.59,455.29,455.29,455.24
CN7,8G ,2,8,2,1029,1385,1860,22414,1214,1368,1319.42,2760,3660.65,3649.36,3648.03,3645.49,455.61,455.29,455.26,455.26
CN7,8G ,2,8,3,971,1336,1942,19792,1216,1380,1323.75,2770,3660.43,3647.03,3645.7,3645.38,455.59,455.33,455.28,455.24
CN7,8G ,2,8,4,1004,1352,1860,16057,1230,1382,1329.08,2780,3660.65,3649.25,3647.37,3645.6,455.59,455.29,455.26,455.24
CN7,8G ,2,8,5,971,1319,1893,23987,1208,1380,1336.00,2796,3661.32,3646.81,3645.7,3648.5,455.62,455.29,455.27,455.24
CN7,8G ,2,16,1,1221,1549,1958,24511,1188,1336,1298.67,2720,3660.43,3646.04,3645.37,3645.39,455.59,455.28,455.27,455.24
CN7,8G ,2,16,2,1221,1647,2147,20841,1160,1342,1291.42,2720,3660.88,3646.49,3645.82,3648.5,455.59,455.29,455.27,455.25
CN7,8G ,2,16,3,1254,1713,2212,25035,1136,1330,1282.83,2684,3298.0,3280.94,3281.24,3280.95,410.1,409.76,409.78,409.74
CN7,8G ,2,16,4,1221,1598,2147,27132,1250,1350,1299.92,2725,3663.66,3645.82,3645.38,3649.06,455.59,455.27,455.27,455.29
CN7,8G ,2,16,5,1188,1516,1942,17433,1166,1366,1310.83,2745,3661.78,3647.05,3645.83,3645.84,455.63,455.32,455.27,455.25
CN7,8G ,4,1,1,898,1037,1270,37487,1180,1378,1287.46,5251,6574.7,6562.05,6562.45,6561.16,819.64,819.39,819.4,819.33
CN7,8G ,4,1,2,873,996,1221,35914,1146,1394,1314.29,5470,7305.12,7291.39,7290.28,7291.3,910.71,910.44,910.39,910.44
CN7,8G ,4,1,3,914,1045,1237,36439,1138,1372,1275.49,5160,6575.71,6561.86,6561.26,6561.27,819.69,819.38,819.35,819.33
CN7,8G ,4,1,4,865,963,1237,33424,1153,1374,1299.46,5323,7291.02,7277.29,7280.29,7279.2,908.96,908.82,909.12,909.03
CN7,8G ,4,1,5,906,1045,1254,32375,1142,1382,1285.50,5229,6574.72,6561.27,6561.37,6561.38,819.64,819.35,819.35,819.33
CN7,8G ,4,2,1,996,1221,1582,37487,1088,1318,1248.13,5222,6576.33,6561.07,6560.97,6561.99,819.75,819.35,819.35,819.38
CN7,8G ,4,2,2,988,1237,1582,40633,1168,1310,1262.54,5274,6574.73,6563.68,6564.18,6562.89,819.64,819.35,819.41,819.41
CN7,8G ,4,2,3,1074,1385,1811,39060,1132,1346,1233.17,5107,6574.84,6562.19,6561.19,6562.1,819.66,819.41,819.35,819.38
CN7,8G ,4,2,4,857,1057,1467,49021,1080,1414,1341.00,5486,7306.83,7290.32,7290.32,7291.12,910.79,910.41,910.41,910.43
CN7,8G ,4,2,5,1004,1270,1631,46400,1078,1306,1242.47,5119,6574.65,6561.2,6562.2,6562.01,819.64,819.36,819.4,819.38
CN7,8G ,4,4,1,1074,1369,1713,50594,1092,1302,1242.17,5198,6574.55,6561.0,6562.0,6561.12,819.65,819.36,819.4,819.34
CN7,8G ,4,4,2,971,1254,1631,68682,984,1396,1295.19,5403,7305.84,7291.23,7291.01,7290.8,910.78,910.46,910.45,910.43
CN7,8G ,4,4,3,1106,1401,1762,49021,1100,1279,1234.65,5171,6577.56,6561.21,6561.21,6562.23,819.65,819.36,819.36,819.36
CN7,8G ,4,4,4,1090,1369,1713,52167,1062,1278,1220.37,5080,6574.87,6563.82,6563.52,6561.83,819.65,819.36,819.36,819.36
CN7,8G ,4,4,5,1074,1385,1745,42206,1124,1306,1252.75,5246,6578.57,6561.72,6562.72,6562.24,819.73,819.39,819.44,819.39
CN7,8G ,4,8,1,1090,1385,1811,33162,1122,1266,1216.81,5080,6574.68,6561.63,6561.63,6563.24,819.67,819.36,819.36,819.44
CN7,8G ,4,8,2,1090,1369,1827,34341,1124,1289,1231.96,5144,6568.49,6553.74,6551.95,6562.71,818.48,818.28,818.21,818.21
CN7,8G ,4,8,3,1057,1352,1762,26346,1118,1286,1243.60,5186,6579.39,6564.64,6562.64,6565.45,819.76,819.4,819.44,819.42
CN7,8G ,4,8,4,1106,1401,1795,42206,1070,1270,1206.98,5055,6574.69,6561.04,6562.54,6561.96,819.65,819.36,819.44,819.37
CN7,8G ,4,8,5,1106,1418,1795,43779,1042,1293,1215.38,5061,6575.0,6561.35,6561.35,6563.06,819.7,819.39,819.39,819.45
CN7,8G ,4,16,1,1237,1680,2278,36963,1030,1222,1170.64,4866,6576.11,6563.56,6561.95,6564.67,819.73,819.52,819.45,819.48
CN7,8G ,4,16,2,1205,1631,2180,34866,1076,1268,1197.19,4922,6574.71,6562.56,6561.16,6563.18,819.67,819.42,819.37,819.45
CN7,8G ,4,16,3,1139,1516,1991,18220,1086,1276,1211.77,5036,6578.81,6563.46,6564.96,6563.68,819.7,819.48,819.51,819.43
CN7,8G ,4,16,4,1188,1565,2089,24773,1070,1246,1196.58,5014,6576.82,6562.37,6561.57,6563.29,819.8,819.45,819.41,819.46
CN7,8G ,4,16,5,1156,1532,1975,38011,1109,1278,1201.13,5029,6574.63,6562.78,6561.18,6561.09,819.66,819.45,819.39,819.35
CN7,8G ,8,1,1,4686,12649,19006,45351,524,1328,693.82,5768,8755.75,8747.16,8747.79,8748.91,1092.42,1092.22,1092.29,1092.43
CN7,8G ,8,1,2,4555,12256,19006,57934,450,1292,692.83,5776,8756.69,8748.53,8748.19,8748.4,1092.59,1092.44,1092.42,1092.43
CN7,8G ,8,1,3,4686,12518,18744,52167,508,1330,696.02,5786,8757.43,8749.0,8748.8,8748.48,1092.64,1092.49,1092.48,1092.43
CN7,8G ,8,1,4,4817,12518,18744,43254,528,1314,688.06,5713,8757.77,8748.54,8748.94,8749.02,1092.65,1092.46,1092.48,1092.48
CN7,8G ,8,1,5,4555,12780,19006,51119,520,1330,696.83,5769,8756.65,8749.22,8748.95,8748.09,1092.59,1092.5,1092.48,1092.42
CN7,8G ,8,2,1,4490,12518,20579,45351,514,1242,689.67,5733,8756.79,8747.62,8747.62,8749.1,1092.59,1092.4,1092.4,1092.47
CN7,8G ,8,2,2,4424,11994,19268,42730,500,1234,696.73,5707,8209.56,8202.78,8202.72,8204.16,1024.31,1024.24,1024.26,1024.21
CN7,8G ,8,2,3,4621,11600,18744,51119,518,1224,693.67,5766,8757.67,8748.5,8748.5,8748.58,1092.64,1092.45,1092.45,1092.44
CN7,8G ,8,2,4,4424,11863,19006,41681,512,1258,693.98,5728,8757.54,8748.58,8748.11,8748.45,1092.64,1092.45,1092.44,1092.44
CN7,8G ,8,2,5,4752,11600,18744,45351,526,1264,685.68,5660,8757.42,8747.99,8747.65,8748.26,1092.64,1092.4,1092.4,1092.42
CN7,8G ,8,4,1,3720,11731,17957,57410,496,1212,703.64,5747,8756.82,8748.33,8747.79,8747.87,1092.6,1092.44,1092.41,1092.39
CN7,8G ,8,4,2,3818,11994,20841,49021,536,1176,700.07,5821,8756.76,8748.4,8747.8,8749.14,1092.6,1092.44,1092.41,1092.46
CN7,8G ,8,4,3,4113,11207,19530,50594,518,1202,692.76,5746,8756.84,8749.07,8749.01,8748.48,1092.61,1092.48,1092.48,1092.43
CN7,8G ,8,4,4,4228,11863,19792,48497,474,1182,686.46,5701,8756.78,8748.61,8748.61,8747.82,1092.6,1092.46,1092.46,1092.4
CN7,8G ,8,4,5,3884,10945,17171,66847,520,1150,705.81,5853,8756.78,8748.75,8749.02,8748.7,1092.6,1092.46,1092.47,1092.42
CN7,8G ,8,8,1,4228,11863,18744,45876,520,1176,690.41,5749,8204.47,8196.03,8196.23,8196.19,1023.61,1023.42,1023.43,1023.41
CN7,8G ,8,8,2,3851,12387,20055,49546,482,1136,691.96,5708,8758.33,8750.03,8749.63,8749.64,1092.71,1092.52,1092.52,1092.51
CN7,8G ,8,8,3,3785,11731,20579,127402,432,1160,685.07,5682,8757.54,8750.04,8748.91,8748.92,1092.67,1092.54,1092.46,1092.45
CN7,8G ,8,8,4,3294,12256,20579,52167,510,1136,696.40,5775,8756.81,8750.45,8748.38,8750.53,1092.61,1092.51,1092.43,1092.5
CN7,8G ,8,8,5,4015,10814,17171,76022,506,1182,697.29,5762,8757.42,8749.06,8749.92,8750.0,1092.66,1092.47,1092.54,1092.53
CN7,8G ,8,16,1,4047,12780,19530,38536,506,1190,690.37,5674,8757.49,8751.66,8749.46,8749.54,1092.68,1092.6,1092.48,1092.5
CN7,8G ,8,16,2,4178,11207,19006,64226,498,1171,693.66,5782,8760.23,8752.2,8750.27,8752.01,1092.77,1092.6,1092.55,1092.51
CN7,8G ,8,16,3,3851,11994,18482,38011,522,1182,695.07,5783,8758.72,8750.09,8752.26,8751.47,1092.75,1092.57,1092.6,1092.59
CN7,8G ,8,16,4,4146,11600,17957,42730,502,1190,692.73,5744,8757.65,8749.82,8749.88,8750.03,1092.69,1092.55,1092.56,1092.55
CN7,8G ,8,16,5,3982,11338,19006,49021,538,1212,701.10,5813,8757.12,8749.63,8750.29,8749.7,1092.64,1092.51,1092.56,1092.55
CN7,8G ,16,1,1,12387,20055,27395,117965,180,960,308.31,5152,8752.96,8749.22,8748.55,8748.55,1092.52,1092.42,1092.42,1092.41
CN7,8G ,16,1,2,12518,20317,28181,143655,194,998,309.10,5168,8752.6,8748.32,8748.52,8748.83,1092.51,1092.42,1092.43,1092.46
CN7,8G ,16,1,3,12256,20317,28705,89654,204,960,310.03,5188,8753.58,8749.13,8749.76,8748.74,1092.5,1092.4,1092.46,1092.43
CN7,8G ,16,1,4,12649,20055,27395,68682,234,940,310.50,5191,8470.98,8467.65,8467.55,8467.59,1057.31,1057.22,1057.22,1057.22
CN7,8G ,16,1,5,12780,20841,27919,86508,198,1012,309.16,5173,8471.73,8465.98,8466.49,8466.11,1057.31,1057.16,1057.19,1057.15
CN7,8G ,16,2,1,13304,21103,32637,57410,228,918,306.49,5127,8752.56,8748.72,8749.15,8748.82,1092.51,1092.44,1092.48,1092.44
CN7,8G ,16,2,2,13435,20579,30016,129500,188,864,307.18,5137,8753.27,8748.56,8749.33,8748.93,1092.57,1092.44,1092.48,1092.46
CN7,8G ,16,2,3,13304,21365,33817,60031,234,900,309.22,5173,8752.81,8748.57,8748.7,8749.04,1092.52,1092.45,1092.43,1092.46
CN7,8G ,16,2,4,13829,21890,31589,66323,184,916,307.65,5135,8751.88,8746.91,8747.64,8747.72,1092.27,1092.15,1092.21,1092.19
CN7,8G ,16,2,5,13042,20579,29754,329253,900,309.34,5170,,8470.77,8466.24,8466.72,8466.76,1057.29,1057.17,1057.21,1057.2
CN7,8G ,16,4,1,14091,22676,41681,64750,168,800,310.32,5194,8753.1,8748.65,8748.79,8748.86,1092.51,1092.44,1092.45,1092.44
CN7,8G ,16,4,2,15270,24249,41157,127402,143,816,304.60,5088,8751.93,8749.14,8748.75,8748.38,1092.37,1092.41,1092.43,1092.36
CN7,8G ,16,4,3,15008,24249,41157,55837,188,860,305.67,5088,8753.38,8748.87,8748.67,8749.11,1092.57,1092.48,1092.46,1092.48
CN7,8G ,16,4,4,14877,23200,40109,82314,185,814,309.84,5148,8469.87,8464.84,8465.02,8464.99,1057.14,1057.0,1057.02,1056.99
CN7,8G ,16,4,5,14484,23200,39584,67634,196,778,310.81,5181,8753.06,8748.68,8748.78,8748.85,1092.54,1092.45,1092.45,1092.45
CN7,8G ,16,8,1,14877,23462,41681,58983,200,820,309.48,5160,8753.5,8750.42,8748.82,8748.73,1092.56,1092.49,1092.47,1092.45
CN7,8G ,16,8,2,14615,23462,38536,99091,200,780,309.87,5162,8753.74,8748.93,8749.03,8748.77,1092.57,1092.47,1092.48,1092.46
CN7,8G ,16,8,3,15139,23725,37487,73925,216,760,308.36,5157,8470.85,8466.55,8466.42,8466.3,1057.29,1057.22,1057.2,1057.19
CN7,8G ,16,8,4,14746,23725,39584,154141,144,762,306.88,5106,8754.09,8749.71,8751.48,8748.82,1092.61,1092.47,1092.48,1092.46
CN7,8G ,16,8,5,15139,23987,37487,61604,192,786,304.79,5082,8473.61,8467.08,8467.5,8467.25,1057.38,1057.27,1057.24,1057.23
CN7,8G ,16,16,1,14877,23462,39060,69731,204,780,308.87,5133,8750.82,8746.19,8745.81,8745.02,1092.2,1092.1,1092.07,1091.97
CN7,8G ,16,16,2,15008,23987,40109,71828,200,782,306.90,5125,8755.64,8750.77,8751.07,8750.24,1092.63,1092.54,1092.54,1092.56
CN7,8G ,16,16,3,15270,23987,36963,58459,204,778,303.66,5085,8756.02,8751.04,8751.37,8749.78,1092.6,1092.42,1092.48,1092.51
CN7,8G ,16,16,4,14484,22938,39060,81265,200,778,306.91,5095,8474.96,8468.5,8467.63,8467.02,1057.44,1057.29,1057.2,1057.25
CN7,8G ,16,16,5,14877,23462,38536,177210,172,772,306.92,5140,8756.66,8751.69,8750.45,8751.26,1092.68,1092.57,1092.45,1092.57
CN7,16G ,1,1,1,824,996,1205,23200,1196,1436,1399.13,1468,10.07,5.79,8743.19,5.66,0.35,0.2,1091.79,0.19
CN7,16G ,1,1,2,791,857,1123,28967,1300,1448,1415.83,1485,10.07,1.06,2.0,8748.93,0.35,0.16,0.2,1092.48
CN7,16G ,1,1,3,816,971,1221,26608,1228,1428,1393.13,1461,8747.81,1.06,1.06,1.07,1091.45,0.16,0.16,0.15
CN7,16G ,1,1,4,824,996,1221,33424,1258,1452,1399.09,1468,10.95,8739.39,1.06,1.07,0.39,1091.34,0.16,0.15
CN7,16G ,1,1,5,824,1004,1205,24773,1204,1436,1392.91,1461,10.08,2.0,8748.86,1.07,0.35,0.2,1092.49,0.15
CN7,16G ,1,2,1,898,1037,1237,18220,1188,1486,1399.96,1468,4380.01,1.06,1.07,4370.87,545.99,0.16,0.16,545.78
CN7,16G ,1,2,2,848,1012,1205,18220,1214,1544,1441.36,1511,10.88,1.06,4371.14,4372.94,0.37,0.16,545.86,546.05
CN7,16G ,1,2,3,857,1029,1254,15664,1178,1434,1395.78,1464,4384.35,4375.33,1.07,1.08,546.52,546.33,0.16,0.15
CN7,16G ,1,2,4,873,1057,1254,21627,1242,1516,1410.26,1480,4382.22,1.8,1.81,4373.01,546.27,0.18,0.18,546.05
CN7,16G ,1,2,5,832,963,1205,17957,1278,1538,1450.64,1520,10.89,4375.6,4375.14,1.08,0.38,546.33,546.32,0.15
CN7,16G ,1,4,1,832,1037,1254,9634,1286,1534,1461.09,1532,2197.56,2188.67,2188.34,2188.35,273.44,273.27,273.26,273.23
CN7,16G ,1,4,2,840,1012,1254,11863,1228,1480,1430.18,1501,2197.49,2188.47,2188.34,2188.48,273.45,273.26,273.26,273.24
CN7,16G ,1,4,3,832,1037,1303,8094,1203,1570,1485.77,1558,2354.46,2344.72,2344.73,2344.24,292.98,292.77,292.78,292.75
CN7,16G ,1,4,4,848,1057,1336,13304,1236,1536,1453.36,1524,2352.69,2342.9,2342.26,2342.18,292.73,292.52,292.51,292.49
CN7,16G ,1,4,5,857,947,1237,13173,1284,1452,1424.23,1494,2197.56,2188.54,2187.95,2188.36,273.45,273.26,273.24,273.25
CN7,16G ,1,8,1,865,1037,1450,13435,1360,1486,1438.82,1510,2354.39,2344.73,2344.73,2344.74,292.98,292.77,292.78,292.76
CN7,16G ,1,8,2,889,1074,1844,10945,1273,1524,1424.09,1494,2196.27,2187.32,2187.13,2186.87,273.3,273.11,273.11,273.09
CN7,16G ,1,8,3,865,1057,1598,6915,1292,1544,1459.55,1532,2354.96,2344.8,2344.24,2344.24,293.01,292.78,292.76,292.75
CN7,16G ,1,8,4,857,1057,1663,14484,1280,1550,1450.50,1521,2354.54,2345.45,2344.38,2344.75,292.98,292.8,292.77,292.77
CN7,16G ,1,8,5,873,1057,1680,13698,1272,1476,1428.95,1500,2196.97,2188.55,2188.76,2188.5,273.44,273.26,273.27,273.25
CN7,16G ,1,16,1,1205,1401,1926,9503,1186,1428,1375.30,1444,2195.2,2186.71,2186.59,2186.19,273.22,273.04,273.04,273.01
CN7,16G ,1,16,2,1156,1385,1876,12649,1282,1412,1378.87,1446,2197.37,2188.49,2187.96,2187.97,273.46,273.26,273.25,273.23
CN7,16G ,1,16,3,1172,1385,1876,15533,1190,1420,1381.00,1449,2197.57,2188.69,2187.96,2188.5,273.46,273.26,273.25,273.25
CN7,16G ,1,16,4,1221,1434,1942,13304,1194,1404,1366.91,1434,2197.44,2188.63,2188.63,2188.44,273.46,273.26,273.27,273.25
CN7,16G ,1,16,5,1254,1467,1876,12125,1168,1412,1372.96,1441,2196.98,2188.56,2188.37,2187.97,273.44,273.26,273.26,273.23
CN7,16G ,2,1,1,832,914,1139,26608,1246,1500,1387.35,2796,10.11,1.76,8744.7,8748.18,0.36,0.18,1091.97,1092.45
CN7,16G ,2,1,2,857,938,1139,23987,1218,1428,1335.23,2756,8210.23,8202.15,1.04,1.05,1024.39,1024.21,0.16,0.14
CN7,16G ,2,1,3,873,955,1139,23200,1119,1450,1338.96,2719,9.49,1.91,8201.67,8201.73,0.34,0.19,1024.19,1024.18
CN7,16G ,2,1,4,865,979,1221,26346,1196,1468,1356.98,2774,8758.12,8748.9,2.12,1.99,1092.69,1092.49,0.2,0.19
CN7,16G ,2,1,5,873,963,1123,23200,1179,1422,1333.17,2734,9.49,1.85,8195.61,8194.9,0.34,0.19,1023.39,1023.31
CN7,16G ,2,2,1,1004,1369,1713,23200,1185,1364,1311.33,2749,8210.93,4102.04,1.05,4102.0,1024.4,512.19,0.16,512.2
CN7,16G ,2,2,2,1037,1401,1696,17957,1200,1338,1292.36,2702,4110.75,8202.42,4101.74,1.75,512.4,1024.23,512.18,0.16
CN7,16G ,2,2,3,1037,1418,1696,36439,1128,1350,1292.98,2701,10.25,4102.11,8202.06,4101.63,0.36,512.22,1024.22,512.17
CN7,16G ,2,2,4,979,1336,1663,28967,1154,1358,1309.73,2744,4108.13,1.74,4099.81,8198.69,512.12,0.18,511.93,1023.72
CN7,16G ,2,2,5,1012,1303,1729,26084,1142,1393,1296.47,2653,8211.26,4102.49,1.75,4102.14,1024.43,512.19,0.18,512.21
CN7,16G ,2,4,1,898,1123,1516,20841,1178,1398,1342.50,2812,4384.88,4375.66,4376.0,4374.88,546.57,546.36,546.36,546.31
CN7,16G ,2,4,2,971,1303,1844,18482,1188,1372,1306.59,2722,4106.7,4098.62,4098.76,4098.7,511.9,511.73,511.78,511.82
CN7,16G ,2,4,3,963,1303,1729,20841,1178,1398,1326.08,2755,4110.46,4102.13,4101.76,4101.52,512.38,512.21,512.2,512.17
CN7,16G ,2,4,4,898,1188,1647,15008,1198,1402,1346.00,2819,4384.69,4375.67,4375.42,4375.43,546.55,546.36,546.35,546.34
CN7,16G ,2,4,5,938,1254,1713,20841,1186,1390,1336.02,2786,4110.9,4102.26,4101.52,4102.03,512.39,512.21,512.18,512.2
CN7,16G ,2,8,1,1037,1401,1876,22676,1208,1380,1324.75,2768,4110.59,4102.07,4102.02,4101.4,512.39,512.21,512.2,512.17
CN7,16G ,2,8,2,955,1336,1827,11863,1222,1394,1353.04,2836,4384.77,4375.75,4375.76,4375.24,546.57,546.38,546.38,546.34
CN7,16G ,2,8,3,996,1336,1745,11207,1206,1406,1340.56,2810,4110.66,4102.27,4101.72,4101.79,512.41,512.22,512.2,512.19
CN7,16G ,2,8,4,1012,1434,1860,16909,1170,1380,1322.29,2762,4110.79,4102.33,4102.28,4102.41,512.41,512.23,512.23,512.23
CN7,16G ,2,8,5,1045,1418,1827,16712,1160,1372,1310.78,2737,4110.6,4102.34,4102.03,4102.79,512.42,512.23,512.23,512.24
CN7,16G ,2,16,1,1221,1516,1975,10814,1150,1326,1290.10,2704,4111.17,4102.84,4102.73,4101.86,512.44,512.26,512.25,512.2
CN7,16G ,2,16,2,1237,1582,2212,12256,1156,1338,1299.78,2724,4110.86,4102.28,4102.42,4101.8,512.42,512.23,512.24,512.2
CN7,16G ,2,16,3,1188,1500,2024,19530,1162,1372,1316.33,2751,4110.86,4102.22,4102.42,4101.8,512.41,512.24,512.24,512.2
CN7,16G ,2,16,4,1205,1516,2073,18744,1156,1366,1310.47,2746,4110.86,4102.29,4102.36,4102.87,512.42,512.24,512.24,512.26
CN7,16G ,2,16,5,1221,1532,2024,18220,1150,1356,1304.52,2730,4111.18,4102.85,4102.74,4102.43,512.43,512.26,512.26,512.23
CN7,16G ,4,1,1,865,955,1188,32900,1088,1396,1304.61,5341,8211.12,8202.61,8202.62,8202.56,1024.44,1024.26,1024.26,1024.25
CN7,16G ,4,1,2,873,979,1156,40633,1142,1378,1294.59,5340,8210.94,8202.61,8202.0,8202.51,1024.43,1024.26,1024.21,1024.24
CN7,16G ,4,1,3,971,1270,1729,41157,898,1400,1276.51,5189,7728.66,7720.76,7720.0,7720.48,964.19,964.02,963.99,964.0
CN7,16G ,4,1,4,848,955,1172,40633,1182,1390,1313.64,5423,8211.08,8202.56,8202.64,8201.58,1024.44,1024.26,1024.26,1024.19
CN7,16G ,4,1,5,963,1139,1516,39060,944,1388,1269.91,5243,8211.33,8203.01,8202.71,8201.65,1024.44,1024.26,1024.25,1024.16
CN7,16G ,4,2,1,1074,1369,1696,50070,930,1292,1212.42,4930,11587.38,3861.19,3860.26,11577.5,1446.1,482.11,482.06,1445.76
CN7,16G ,4,2,2,1172,1483,1811,54264,912,1372,1189.25,4759,3654.42,10936.02,10936.03,3645.82,455.5,1365.58,1365.58,455.27
CN7,16G ,4,2,3,1205,1500,1811,45876,828,1316,1169.50,4549,10943.7,3647.3,3647.26,10936.1,1365.76,455.38,455.34,1365.59
CN7,16G ,4,2,4,1205,1500,1811,58459,920,1390,1178.69,4740,3650.93,10927.83,10927.82,3643.75,455.1,1364.55,1364.55,454.97
CN7,16G ,4,2,5,1172,1434,1729,45351,958,1334,1199.19,4904,11579.33,3857.87,3857.74,11571.11,1445.1,481.73,481.73,1444.89
CN7,16G ,4,4,1,1188,1549,2040,56886,736,1364,1173.12,4649,7299.11,7291.32,7291.16,7291.34,910.64,910.45,910.45,910.47
CN7,16G ,4,4,2,1270,1647,2114,37487,862,1300,1171.98,4784,7299.17,7291.71,7292.5,7291.46,910.63,910.47,910.48,910.46
CN7,16G ,4,4,3,1205,1582,2008,40633,880,1316,1185.26,4724,7298.9,7291.22,7290.95,7291.02,910.62,910.44,910.44,910.45
CN7,16G ,4,4,4,1237,1614,2040,35914,954,1288,1171.96,4826,7727.9,7720.36,7720.13,7720.14,964.17,964.01,964.0,964.0
CN7,16G ,4,4,5,1270,1647,2057,35390,894,1296,1171.81,4819,7298.63,7290.95,7291.02,7291.25,910.6,910.44,910.44,910.46
CN7,16G ,4,8,1,1254,1680,2114,38011,870,1304,1179.20,4878,7728.5,7720.49,7719.97,7720.63,964.22,964.01,964.0,964.03
CN7,16G ,4,8,2,1221,1663,2147,39584,932,1286,1173.19,4900,7728.15,7720.55,7720.44,7720.16,964.19,964.06,964.03,964.02
CN7,16G ,4,8,3,1237,1680,2343,36963,867,1280,1169.28,4729,7293.68,7287.79,7287.49,7287.1,910.03,909.95,909.92,909.91
CN7,16G ,4,8,4,1254,1680,2180,32375,896,1276,1164.92,4778,7298.77,7291.75,7291.76,7291.22,910.62,910.49,910.49,910.45
CN7,16G ,4,8,5,1270,1680,2147,33162,848,1259,1149.43,4679,7299.0,7292.2,7291.38,7291.34,910.65,910.51,910.47,910.45
CN7,16G ,4,16,1,1303,1713,2278,34866,882,1304,1156.73,4733,7299.11,7291.38,7291.5,7291.62,910.65,910.48,910.46,910.48
CN7,16G ,4,16,2,1385,1811,2311,38536,852,1266,1142.29,4716,7299.17,7293.16,7292.11,7292.79,910.66,910.54,910.52,910.52
CN7,16G ,4,16,3,1303,1762,2343,34866,894,1264,1153.53,4784,7299.13,7291.72,7290.73,7291.63,910.65,910.46,910.43,910.46
CN7,16G ,4,16,4,1287,1745,2278,34866,884,1298,1179.72,4888,7728.08,7720.83,7720.84,7721.32,964.2,964.04,964.08,964.07
CN7,16G ,4,16,5,1270,1696,2180,39060,924,1333,1169.27,4834,7728.73,7720.72,7720.55,7720.86,964.24,964.07,964.06,964.06
CN7,16G ,8,1,1,5407,13042,19006,54264,512,1290,644.22,5363,9054.98,9050.67,9050.71,9050.75,1130.22,1130.14,1130.15,1130.13
CN7,16G ,8,1,2,5342,13173,19006,56886,482,1326,641.34,5347,8754.13,8748.85,8748.89,8749.46,1092.54,1092.45,1092.47,1092.42
CN7,16G ,8,1,3,5407,13435,19268,70779,478,1342,640.46,5325,8750.08,8745.77,8745.98,8746.02,1092.18,1092.07,1092.1,1092.11
CN7,16G ,8,1,4,5407,13435,19792,55837,500,1346,643.76,5358,8753.47,8748.77,8749.64,8749.91,1092.51,1092.44,1092.48,1092.47
CN7,16G ,8,1,5,5342,13304,19530,66847,492,1302,645.49,5374,9052.01,9048.79,9046.94,9047.36,1129.87,1129.8,1129.73,1129.75
CN7,16G ,8,2,1,5211,11994,18220,57934,488,1248,645.06,5350,8754.09,8748.48,8749.02,8749.49,1092.54,1092.44,1092.48,1092.45
CN7,16G ,8,2,2,5145,12387,19792,58459,420,1290,647.93,5360,8753.89,8749.79,8749.79,8749.63,1092.54,1092.47,1092.49,1092.44
CN7,16G ,8,2,3,5211,13173,20317,46924,484,1229,640.58,5291,8753.97,8748.83,8748.7,8750.04,1092.55,1092.47,1092.45,1092.49
CN7,16G ,8,2,4,5342,12911,19268,50070,504,1276,643.84,5308,8752.61,8749.87,8749.97,8749.88,1092.51,1092.48,1092.48,1092.48
CN7,16G ,8,2,5,5211,12649,19792,43779,512,1250,643.95,5370,9055.36,9050.7,9051.01,9051.23,1130.25,1130.15,1130.18,1130.2
CN7,16G ,8,4,1,4555,12518,20841,50070,506,1202,653.08,5403,9055.5,9050.67,9050.85,9051.86,1130.25,1130.15,1130.17,1130.16
CN7,16G ,8,4,2,4883,12911,20841,44827,444,1164,644.02,5354,9055.51,9051.33,9051.3,9051.66,1130.25,1130.12,1130.14,1130.15
CN7,16G ,8,4,3,4817,12256,19268,73925,480,1150,648.65,5359,9055.52,9051.37,9051.35,9050.49,1130.25,1130.13,1130.13,1130.11
CN7,16G ,8,4,4,4686,12911,22676,104334,472,1198,644.33,5326,8753.01,8750.2,8749.64,8749.15,1092.56,1092.5,1092.47,1092.49
CN7,16G ,8,4,5,5080,12518,20579,44827,496,1178,644.47,5371,9056.05,9050.15,9050.19,9051.37,1130.23,1130.13,1130.13,1130.12
CN7,16G ,8,8,1,4817,12518,20317,57934,492,1188,648.34,5362,9056.4,9051.71,9052.23,9051.41,1130.24,1130.14,1130.17,1130.19
CN7,16G ,8,8,2,5014,12649,20841,47449,470,1146,644.08,5377,9055.1,9050.85,9050.82,9050.73,1130.24,1130.17,1130.18,1130.16
CN7,16G ,8,8,3,5014,12780,20317,52167,470,1189,647.28,5357,9056.35,9051.72,9051.59,9051.29,1130.25,1130.14,1130.14,1130.16
CN7,16G ,8,8,4,5080,13304,21103,46400,463,1180,642.01,5367,9055.56,9049.83,9050.73,9050.95,1130.28,1130.11,1130.17,1130.17
CN7,16G ,8,8,5,5014,13042,21365,54789,506,1154,646.54,5351,9055.57,9051.63,9050.85,9051.3,1130.24,1130.14,1130.14,1130.16
CN7,16G ,8,16,1,4752,13304,21365,48497,468,1182,642.98,5329,8753.99,8750.92,8749.89,8749.67,1092.65,1092.52,1092.55,1092.55
CN7,16G ,8,16,2,5014,13435,21365,45876,420,1190,639.21,5309,9052.3,9047.81,9048.08,9049.41,1129.88,1129.81,1129.82,1129.83
CN7,16G ,8,16,3,4752,12649,19792,44303,474,1189,652.69,5372,9056.56,9051.17,9051.25,9052.91,1130.34,1130.22,1130.23,1130.24
CN7,16G ,8,16,4,5080,13304,21103,53216,458,1172,640.20,5345,9055.98,9051.32,9051.43,9051.5,1130.33,1130.23,1130.24,1130.23
CN7,16G ,8,16,5,5080,12780,20055,50070,446,1166,641.22,5342,9055.74,9051.05,9051.23,9051.48,1130.31,1130.21,1130.22,1130.23
CN7,16G ,16,1,1,12649,20055,27132,166724,116,1002,300.13,5020,9053.44,9050.51,9050.29,9051.28,1130.16,1130.11,1130.1,1130.11
CN7,16G ,16,1,2,12518,20055,27395,98042,198,994,300.50,5021,9053.02,9050.6,9050.61,9050.72,1130.2,1130.1,1130.1,1130.11
CN7,16G ,16,1,3,12780,20317,28967,129500,170,938,299.95,4998,8897.62,8895.53,8895.48,8896.13,1110.8,1110.79,1110.77,1110.76
CN7,16G ,16,1,4,12911,20579,28967,82314,180,1006,299.39,5009,8899.9,8896.81,8897.26,8897.68,1111.0,1110.95,1110.93,1110.96
CN7,16G ,16,1,5,12387,20055,28967,166724,136,960,299.22,4973,8897.4,8894.81,8895.01,8895.65,1110.77,1110.72,1110.69,1110.77
CN7,16G ,16,2,1,13960,21365,31065,82314,195,878,299.00,5007,9052.0,9049.67,9049.81,9049.97,1130.11,1130.07,1130.07,1130.07
CN7,16G ,16,2,2,13698,21365,33162,111674,166,920,296.76,4958,8898.04,8894.84,8895.83,8895.66,1110.81,1110.72,1110.77,1110.75
CN7,16G ,16,2,3,13960,21365,39584,96994,180,896,297.08,4969,8899.08,8896.79,8896.78,8897.03,1111.0,1110.95,1110.95,1110.96
CN7,16G ,16,2,4,13829,21365,35914,89654,192,886,298.20,4987,8900.17,8897.03,8897.21,8897.48,1111.04,1110.97,1110.95,1110.96
CN7,16G ,16,2,5,13960,21890,31851,119014,152,914,298.29,4965,8899.6,8897.96,8898.04,8897.51,1111.01,1110.99,1110.99,1110.96
CN7,16G ,16,4,1,15401,23987,45351,112722,124,772,297.98,4965,8898.77,8895.86,8895.32,8896.05,1110.89,1110.77,1110.76,1110.81
CN7,16G ,16,4,2,15795,25035,42206,128451,154,802,295.13,4930,8903.23,8900.67,8900.52,8901.22,1111.08,1111.03,1111.03,1111.03
CN7,16G ,16,4,3,16188,25297,45876,145753,144,840,291.32,4872,8750.83,8749.05,8748.48,8748.69,1092.49,1092.46,1092.43,1092.45
CN7,16G ,16,4,4,15795,24511,42206,99091,162,832,295.47,4946,8897.53,8895.49,8895.22,8895.31,1110.81,1110.78,1110.76,1110.76
CN7,16G ,16,4,5,15139,23987,42730,156238,156,764,298.46,4982,8899.21,8897.26,8896.91,8897.1,1111.02,1110.97,1110.97,1110.98
CN7,16G ,16,8,1,15926,25297,42206,72877,182,798,293.64,4911,8751.02,8748.73,8748.72,8748.82,1092.52,1092.47,1092.47,1092.47
CN7,16G ,16,8,2,15795,25035,45876,108528,810,293.69,4912,,8751.06,8748.66,8748.39,8750.86,1092.52,1092.45,1092.43,1092.51
CN7,16G ,16,8,3,15533,24249,43779,175113,154,792,296.44,4958,8901.62,8899.3,8902.29,8902.75,1111.1,1111.06,1111.06,1111.06
CN7,16G ,16,8,4,15795,25035,43254,122160,100,796,295.61,4941,8900.7,8902.45,8902.28,8902.08,1111.09,1111.04,1111.03,1110.99
CN7,16G ,16,8,5,15270,24249,40633,89654,112,810,296.83,4954,8903.83,8900.98,8900.87,8897.75,1111.02,1110.96,1110.96,1110.93
CN7,16G ,16,16,1,16057,25560,47449,108528,147,810,293.62,4903,8755.67,8753.65,8752.0,8756.06,1092.57,1092.53,1092.54,1092.6
CN7,16G ,16,16,2,15008,23987,42206,73925,175,754,299.61,4988,8905.14,8898.38,8899.4,8900.15,1111.13,1111.1,1111.1,1111.08
CN7,16G ,16,16,3,15664,24511,47449,147850,126,808,294.62,4917,8753.78,8755.98,8757.74,8750.44,1092.6,1092.58,1092.6,1092.56
CN7,16G ,16,16,4,15270,24511,44303,179307,147,814,297.04,4966,8903.01,8898.26,8900.25,8902.69,1111.15,1111.09,1111.09,1111.13
CN7,16G ,16,16,5,15795,24511,46924,104334,118,796,295.73,4937,8901.37,8898.44,8898.41,8899.65,1111.13,1111.04,1111.09,1111.1
CN7,32G ,1,1,1,783,889,1172,36963,1230,1574,1472.30,1545,8.43,4.89,11.86,10097.79,0.47,0.35,0.33,1260.7
CN7,32G ,1,1,2,816,906,1156,24511,1266,1566,1420.41,1490,10100.08,1.55,1.55,2.26,1260.68,0.19,0.19,0.23
CN7,32G ,1,1,3,791,889,1156,24773,1193,1516,1415.28,1484,7.28,10094.97,1.48,1.49,0.34,1260.57,0.19,0.19
CN7,32G ,1,1,4,799,906,1188,24511,1174,1584,1452.84,1524,6.82,1.4,10092.17,1.61,0.3,0.19,1260.26,0.19
CN7,32G ,1,1,5,783,947,1188,27395,1264,1588,1497.51,1572,6.97,1.62,2.3,10498.67,0.32,0.2,0.24,1310.99
CN7,32G ,1,2,1,857,963,1188,18220,1208,1530,1488.66,1561,5255.81,5250.3,1.54,1.48,655.72,655.59,0.2,0.19
CN7,32G ,1,2,2,848,988,1188,16450,1112,1538,1489.93,1563,5255.94,2.02,1.62,5250.4,655.74,0.22,0.2,655.6
CN7,32G ,1,2,3,824,922,1188,17171,1210,1548,1480.41,1553,7.42,5247.95,5248.2,2.05,0.34,655.31,655.33,0.22
CN7,32G ,1,2,4,865,1004,1221,15270,1188,1532,1474.50,1547,5254.38,5249.11,2.03,1.57,655.56,655.45,0.22,0.19
CN7,32G ,1,2,5,857,955,1172,17695,1288,1528,1483.66,1556,7.55,2.15,5250.15,5250.17,0.34,0.22,655.58,655.58
CN7,32G ,1,4,1,848,914,1205,9372,1284,1454,1426.82,1497,2530.37,2525.07,2525.19,2525.13,315.4,315.29,315.31,315.3
CN7,32G ,1,4,2,824,914,1221,10421,1190,1560,1477.09,1549,2631.63,2626.07,2626.07,2625.77,328.03,327.91,327.91,327.89
CN7,32G ,1,4,3,807,898,1205,10814,1158,1566,1507.21,1581,2630.53,2624.81,2624.77,2624.64,327.89,327.76,327.76,327.71
CN7,32G ,1,4,4,832,963,1254,12649,1164,1550,1467.66,1540,2530.45,2524.77,2525.08,2525.17,315.42,315.29,315.3,315.29
CN7,32G ,1,4,5,832,979,1254,10814,1272,1542,1464.18,1535,2530.42,2524.77,2525.08,2525.1,315.42,315.29,315.3,315.29
CN7,32G ,1,8,1,865,988,1270,13698,1134,1476,1443.98,1514,2530.5,2525.12,2524.81,2525.06,315.42,315.3,315.29,315.29
CN7,32G ,1,8,2,840,988,1369,12387,1288,1542,1471.02,1543,2631.8,2626.12,2626.09,2625.82,328.04,327.91,327.91,327.89
CN7,32G ,1,8,3,799,914,1287,10814,1264,1590,1529.43,1605,2630.52,2624.92,2624.56,2624.94,327.88,327.76,327.74,327.75
CN7,32G ,1,8,4,857,938,1270,13698,1266,1538,1449.60,1520,2529.38,2524.01,2524.08,2524.06,315.28,315.16,315.17,315.15
CN7,32G ,1,8,5,816,898,1221,9634,1354,1542,1506.26,1580,2631.72,2626.25,2626.17,2626.35,328.04,327.92,327.92,327.91
CN7,32G ,1,16,1,1221,1434,1745,10552,1276,1428,1391.60,1459,2436.89,2431.68,2431.61,2431.92,303.74,303.63,303.62,303.62
CN7,32G ,1,16,2,1172,1369,1631,12125,1242,1432,1388.57,1456,2437.38,2431.68,2431.42,2431.99,303.76,303.63,303.62,303.63
CN7,32G ,1,16,3,1188,1385,1729,14091,1196,1422,1380.02,1447,2436.71,2431.61,2431.68,2431.66,303.73,303.62,303.63,303.62
CN7,32G ,1,16,4,1221,1418,1729,12256,1156,1422,1388.70,1456,2436.75,2431.42,2431.91,2431.78,303.74,303.62,303.64,303.63
CN7,32G ,1,16,5,1221,1434,1745,13435,1188,1422,1378.96,1446,2436.9,2431.35,2431.69,2431.89,303.74,303.61,303.63,303.63
CN7,32G ,2,1,1,873,947,1106,26084,1050,1494,1334.70,2721,9376.83,1.34,1.77,9372.65,1170.39,0.18,0.19,1170.38
CN7,32G ,2,1,2,914,988,1106,25560,1128,1420,1276.54,2631,6.54,9046.09,9046.02,1.32,0.31,1129.62,1129.62,0.17
CN7,32G ,2,1,3,865,938,1090,26346,1124,1478,1346.69,2762,9375.2,1.46,1.35,9370.19,1170.22,0.18,0.18,1170.09
CN7,32G ,2,1,4,906,988,1139,27657,1084,1434,1301.01,2663,6.61,9048.34,9047.72,1.43,0.32,1129.89,1129.83,0.17
CN7,32G ,2,1,5,881,963,1123,26346,1108,1480,1332.81,2729,9378.85,1.39,2.0,9373.8,1170.65,0.18,0.22,1170.52
CN7,32G ,2,2,1,1106,1500,1745,31065,922,1368,1244.09,2567,4380.3,8749.2,4375.37,1.29,546.48,1092.51,546.34,0.17
CN7,32G ,2,2,2,1156,1532,1811,32900,904,1354,1249.37,2619,6.24,4374.41,8748.27,4374.56,0.29,546.23,1092.4,546.26
CN7,32G ,2,2,3,1106,1483,1795,28181,902,1372,1273.30,2636,4530.97,1.91,4526.18,9050.72,565.29,0.2,565.18,1130.18
CN7,32G ,2,2,4,1123,1500,1778,34866,938,1382,1244.34,2540,8754.04,4375.24,1.78,4375.13,1092.63,546.33,0.19,546.33
CN7,32G ,2,2,5,1106,1483,1778,32375,932,1352,1265.58,2650,4531.36,9050.6,4526.29,1.35,565.32,1130.18,565.18,0.18
CN7,32G ,2,4,1,1287,1729,2089,20055,740,1376,1246.10,2597,4380.21,4375.12,4375.38,4375.47,546.46,546.33,546.35,546.34
CN7,32G ,2,4,2,1221,1729,2057,18220,786,1366,1252.84,2609,4379.84,4375.05,4374.71,4375.26,546.41,546.3,546.28,546.3
CN7,32G ,2,4,3,1270,1762,2089,20841,806,1374,1235.53,2577,4379.96,4375.09,4375.52,4375.14,546.45,546.33,546.36,546.33
CN7,32G ,2,4,4,1221,1745,2114,21627,748,1408,1268.04,2656,4531.5,4526.5,4526.44,4526.52,565.31,565.19,565.19,565.19
CN7,32G ,2,4,5,1287,1795,2180,17695,744,1458,1253.68,2601,4380.2,4375.43,4375.6,4375.75,546.46,546.35,546.37,546.36
CN7,32G ,2,8,1,1352,1893,2278,17957,842,1392,1245.15,2596,4380.27,4375.57,4375.6,4375.75,546.46,546.36,546.36,546.36
CN7,32G ,2,8,2,1369,1876,2311,20841,802,1378,1214.80,2526,4238.91,4234.65,4234.97,4235.25,528.82,528.74,528.71,528.73
CN7,32G ,2,8,3,1369,1926,2343,17695,816,1374,1227.35,2559,4380.11,4375.18,4375.78,4375.53,546.45,546.34,546.37,546.35
CN7,32G ,2,8,4,1369,1909,2343,18220,772,1468,1229.71,2566,4380.21,4375.95,4375.71,4375.23,546.47,546.39,546.38,546.33
CN7,32G ,2,8,5,1270,1893,2376,18482,782,1388,1252.22,2621,4531.53,4526.57,4526.6,4526.42,565.33,565.22,565.21,565.19
CN7,32G ,2,16,1,1483,2147,2737,20841,790,1354,1185.31,2478,4237.51,4232.98,4233.08,4232.56,528.65,528.56,528.56,528.51
CN7,32G ,2,16,2,1582,2180,2704,20841,830,1438,1175.25,2459,4239.41,4234.6,4234.7,4234.72,528.87,528.76,528.76,528.74
CN7,32G ,2,16,3,1549,2212,2769,20055,814,1342,1183.88,2473,4239.09,4234.9,4234.8,4234.59,528.86,528.77,528.76,528.73
CN7,32G ,2,16,4,1532,2180,2737,22152,814,1340,1182.36,2467,4237.47,4232.92,4233.45,4232.83,528.66,528.56,528.58,528.54
CN7,32G ,2,16,5,1549,2212,2769,21890,782,1354,1186.20,2481,4239.25,4234.81,4238.52,4234.92,528.86,528.76,528.75,528.76
CN7,32G ,4,1,1,898,988,1188,40109,1007,1380,1261.77,5154,8751.73,8747.44,8746.84,8747.46,1092.37,1092.29,1092.2,1092.27
CN7,32G ,4,1,2,889,1029,1287,40633,846,1380,1276.34,5261,9055.66,9050.94,9050.87,9051.13,1130.3,1130.2,1130.19,1130.19
CN7,32G ,4,1,3,873,971,1139,55837,1075,1400,1283.04,5331,9055.53,9050.99,9051.16,9050.8,1130.3,1130.22,1130.22,1130.19
CN7,32G ,4,1,4,1074,1254,1450,46400,808,1438,1232.00,4999,8471.21,8467.28,8468.15,8466.78,1057.37,1057.31,1057.31,1057.26
CN7,32G ,4,1,5,914,1057,1336,34341,976,1372,1270.33,5260,9055.92,9051.83,9051.14,9051.74,1130.29,1130.24,1130.19,1130.22
CN7,32G ,4,2,1,1090,1401,1745,55837,448,1362,1181.04,4738,11934.7,11930.7,3977.43,3978.45,1489.82,1489.76,496.68,496.72
CN7,32G ,4,2,2,1188,1467,1778,57410,348,1350,1162.72,4619,3982.37,3977.2,11930.31,11930.3,496.82,496.63,1489.74,1489.7
CN7,32G ,4,2,3,1139,1434,1762,52167,566,1354,1175.57,4717,12307.58,12303.68,4102.49,4102.51,1536.37,1536.31,512.26,512.25
CN7,32G ,4,2,4,1188,1483,1762,56361,406,1314,1156.02,4640,3982.23,3977.48,11930.51,11930.58,496.83,496.68,1489.73,1489.74
CN7,32G ,4,2,5,1237,1516,1811,56361,1296,1138.70,4492,,11583.76,11579.47,3860.97,3861.22,1446.02,1445.92,482.11,482.12
CN7,32G ,4,4,1,1254,1631,2073,47449,772,1290,1162.27,4654,7958.52,7953.83,7953.97,7954.17,993.34,993.21,993.22,993.22
CN7,32G ,4,4,2,1369,1745,2147,39584,826,1306,1136.29,4732,8207.14,8202.46,8202.54,8202.97,1024.37,1024.25,1024.24,1024.28
CN7,32G ,4,4,3,1352,1713,2114,44827,844,1310,1138.58,4730,8207.05,8202.93,8202.45,8202.66,1024.37,1024.28,1024.25,1024.27
CN7,32G ,4,4,4,1287,1663,2147,36963,712,1442,1144.40,4531,7958.81,7954.61,7953.78,7954.83,993.37,993.27,993.2,993.28
CN7,32G ,4,4,5,1254,1631,2024,53216,748,1304,1155.07,4670,8206.9,8202.69,8202.81,8202.39,1024.35,1024.27,1024.28,1024.24
CN7,32G ,4,8,1,1303,1713,2245,43779,776,1404,1150.48,4736,8207.04,8203.05,8202.54,8202.93,1024.36,1024.29,1024.26,1024.28
CN7,32G ,4,8,2,1369,1762,2180,39060,832,1300,1125.65,4689,8207.2,8202.71,8202.85,8202.97,1024.38,1024.28,1024.28,1024.28
CN7,32G ,4,8,3,1369,1762,2212,43779,794,1298,1108.60,4549,7955.79,7951.83,7951.84,7951.78,993.02,992.94,992.96,992.93
CN7,32G ,4,8,4,1303,1696,2114,39584,804,1354,1148.37,4736,8208.02,8202.97,8203.84,8202.76,1024.42,1024.3,1024.32,1024.28
CN7,32G ,4,8,5,1352,1729,2212,42730,846,1348,1124.70,4654,8204.78,8200.17,8199.95,8200.53,1024.07,1023.95,1023.93,1023.97
CN7,32G ,4,16,1,1418,1876,2442,40109,824,1380,1117.57,4562,7958.7,7953.95,7954.31,7954.87,993.38,993.22,993.25,993.23
CN7,32G ,4,16,2,1401,1811,2343,41157,808,1288,1124.30,4645,7958.62,7954.81,7954.89,7955.61,993.36,993.3,993.29,993.31
CN7,32G ,4,16,3,1352,1762,2311,45876,820,1416,1145.91,4627,7958.38,7954.54,7954.53,7954.67,993.35,993.29,993.27,993.29
CN7,32G ,4,16,4,1418,1827,2343,45876,736,1278,1105.41,4508,7724.11,7720.56,7720.79,7720.78,964.1,964.05,964.08,964.07
CN7,32G ,4,16,5,1450,1893,2474,42730,828,1298,1107.72,4479,7724.21,7721.04,7720.15,7719.75,964.08,964.01,964.0,963.96
CN7,32G ,8,1,1,5669,13173,19530,57934,334,1372,625.18,5210,9374.68,9372.29,9371.86,9371.97,1170.33,1170.27,1170.25,1170.27
CN7,32G ,8,1,2,5669,12911,19268,69731,206,1330,620.67,5187,9211.19,9209.02,9208.8,9209.08,1149.97,1149.93,1149.93,1149.94
CN7,32G ,8,1,3,5669,13435,19268,70779,350,1354,619.05,5157,9375.88,9373.51,9373.32,9373.55,1170.53,1170.47,1170.46,1170.5
CN7,32G ,8,1,4,5735,13435,19530,70779,256,1348,620.44,5183,9375.65,9373.76,9373.62,9373.65,1170.51,1170.5,1170.5,1170.5
CN7,32G ,8,1,5,5669,13042,19530,57410,427,1356,625.22,5212,9376.37,9373.59,9373.45,9373.21,1170.57,1170.5,1170.47,1170.46
CN7,32G ,8,2,1,5342,12649,19792,56886,432,1232,621.36,5145,9375.92,9373.64,9373.27,9374.02,1170.53,1170.48,1170.46,1170.52
CN7,32G ,8,2,2,5538,13173,20055,66323,394,1252,618.92,5159,9375.85,9373.84,9373.53,9374.17,1170.53,1170.49,1170.48,1170.51
CN7,32G ,8,2,3,5473,12780,20317,58459,446,1247,621.10,5142,9374.77,9372.02,9372.42,9372.02,1170.39,1170.28,1170.31,1170.29
CN7,32G ,8,2,4,5538,12649,19530,52167,448,1238,622.94,5200,9375.97,9373.96,9373.89,9373.7,1170.53,1170.51,1170.51,1170.5
CN7,32G ,8,2,5,5538,12780,19792,72877,220,1260,614.85,5106,9211.63,9209.44,9209.62,9209.36,1150.02,1149.98,1149.99,1149.97
CN7,32G ,8,4,1,5211,12649,21103,49021,452,1178,629.59,5240,9546.12,9544.07,9543.85,9543.82,1191.8,1191.77,1191.75,1191.75
CN7,32G ,8,4,2,5145,12649,22676,139461,224,1184,623.14,5171,9376.44,9373.91,9373.75,9374.04,1170.58,1170.52,1170.51,1170.52
CN7,32G ,8,4,3,5407,13304,22938,78119,406,1196,622.14,5206,9376.38,9374.12,9373.77,9373.8,1170.57,1170.53,1170.52,1170.51
CN7,32G ,8,4,4,5080,12911,23725,52167,426,1200,628.42,5203,9376.39,9374.05,9374.07,9373.81,1170.58,1170.53,1170.55,1170.51
CN7,32G ,8,4,5,5342,13566,19792,67634,176,1180,621.46,5193,9376.36,9374.17,9373.95,9373.41,1170.58,1170.53,1170.53,1170.48
CN7,32G ,8,8,1,5276,13042,22152,64750,430,1160,624.16,5207,9376.35,9374.23,9374.01,9374.0,1170.58,1170.54,1170.54,1170.53
CN7,32G ,8,8,2,5342,12911,20317,60556,386,1162,622.38,5180,9374.61,9372.36,9372.07,9372.07,1170.37,1170.32,1170.31,1170.31
CN7,32G ,8,8,3,5342,12780,20841,54789,423,1184,625.72,5208,9374.58,9372.21,9372.03,9372.2,1170.36,1170.29,1170.3,1170.31
CN7,32G ,8,8,4,5276,12649,20055,63177,250,1206,626.53,5214,9374.58,9372.19,9372.06,9372.11,1170.37,1170.32,1170.31,1170.31
CN7,32G ,8,8,5,4948,12780,21103,143655,378,1172,624.68,5189,9376.37,9374.17,9374.34,9373.89,1170.58,1170.54,1170.56,1170.53
CN7,32G ,8,16,1,5276,13173,21890,84411,420,1265,618.38,5125,9211.99,9209.63,9209.57,9209.6,1150.07,1150.02,1150.02,1150.02
CN7,32G ,8,16,2,5342,13566,25822,49021,472,1366,617.20,5121,9212.42,9210.74,9209.65,9210.52,1150.11,1150.07,1150.02,1150.06
CN7,32G ,8,16,3,5473,13173,22152,58983,458,1206,618.65,5154,9376.11,9373.55,9373.31,9373.88,1170.57,1170.47,1170.47,1170.53
CN7,32G ,8,16,4,5342,13566,22152,53216,414,1184,621.25,5204,9376.57,9374.25,9374.11,9374.12,1170.61,1170.56,1170.56,1170.55
CN7,32G ,8,16,5,5276,13042,21627,52167,392,1192,620.36,5185,9379.27,9376.33,9376.11,9374.02,1170.64,1170.59,1170.59,1170.55
CN7,32G ,16,1,1,12518,20055,30016,145753,126,1050,294.42,4929,9129.37,9128.41,9128.26,9128.19,1139.85,1139.82,1139.82,1139.81
CN7,32G ,16,1,2,12518,20317,30540,119014,168,948,294.40,4917,9051.79,9050.65,9050.82,9050.65,1130.17,1130.08,1130.14,1130.11
CN7,32G ,16,1,3,12780,20579,31327,96994,164,968,294.72,4928,9130.24,9129.35,9129.45,9129.47,1139.93,1139.94,1139.97,1139.96
CN7,32G ,16,1,4,12649,20317,29230,149947,142,1000,294.54,4933,9209.52,9208.52,9208.98,9208.89,1149.86,1149.86,1149.91,1149.89
CN7,32G ,16,1,5,12780,20579,30016,98042,166,916,294.28,4930,9051.04,9049.96,9049.74,9049.74,1130.04,1130.01,1130.02,1130.04
CN7,32G ,16,2,1,13960,21890,42730,77071,151,932,292.49,4900,9051.79,9050.49,9050.5,9050.18,1130.14,1130.12,1130.12,1130.08
CN7,32G ,16,2,2,13829,21627,41681,117965,152,896,293.35,4916,9129.98,9129.04,9129.14,9129.2,1139.94,1139.94,1139.95,1139.91
CN7,32G ,16,2,3,14091,21890,42206,147850,878,293.00,4898,,9050.94,9049.78,9049.75,9049.67,1130.04,1130.01,1130.02,1130.01
CN7,32G ,16,2,4,13698,21365,42206,132645,132,970,292.00,4877,8973.36,8972.9,8972.35,8972.68,1120.36,1120.4,1120.33,1120.36
CN7,32G ,16,2,5,14091,21890,43254,143655,886,291.18,4879,,9051.72,9050.54,9050.45,9050.48,1130.15,1130.12,1130.09,1130.12
CN7,32G ,16,4,1,16319,25560,44827,84411,166,996,289.79,4839,8974.29,8973.06,8973.69,8973.65,1120.49,1120.47,1120.51,1120.51
CN7,32G ,16,4,2,16057,25822,45351,108528,148,871,289.03,4832,8974.3,8973.23,8973.93,8973.64,1120.5,1120.48,1120.51,1120.5
CN7,32G ,16,4,3,15926,25297,45351,114820,152,806,291.37,4862,9051.61,9050.5,9050.67,9050.53,1130.15,1130.13,1130.13,1130.13
CN7,32G ,16,4,4,15926,25297,44827,71828,160,774,291.55,4878,9050.81,9049.82,9050.29,9049.62,1130.06,1130.03,1130.03,1129.99
CN7,32G ,16,4,5,16057,25297,46400,71828,178,846,290.75,4856,9051.62,9050.46,9050.56,9050.5,1130.16,1130.13,1130.14,1130.13
CN7,32G ,16,8,1,16319,25297,46924,154141,768,290.01,4847,,9051.62,9050.43,9050.75,9050.59,1130.17,1130.12,1130.12,1130.14
CN7,32G ,16,8,2,16188,25297,43779,111674,152,1129,290.74,4862,9052.02,9050.82,9052.74,9050.76,1130.17,1130.14,1130.16,1130.15
CN7,32G ,16,8,3,16319,25822,45876,99091,150,788,290.08,4848,9050.75,9051.54,9049.99,9050.06,1130.06,1130.09,1130.05,1130.05
CN7,32G ,16,8,4,16319,25297,44827,84411,162,890,291.34,4874,9051.9,9051.74,9050.84,9050.81,1130.18,1130.16,1130.15,1130.12
CN7,32G ,16,8,5,16057,25822,45351,108528,144,764,290.50,4844,8974.46,8973.08,8972.9,8973.24,1120.47,1120.43,1120.4,1120.43
CN7,32G ,16,16,1,16057,25035,44827,104334,124,790,291.61,4862,9054.13,9052.82,9050.38,9050.45,1130.09,1130.06,1130.07,1130.07
CN7,32G ,16,16,2,16188,25560,44827,80217,176,984,290.64,4857,9052.31,9052.92,9051.06,9051.17,1130.21,1130.21,1130.18,1130.18
CN7,32G ,16,16,3,16188,25560,44303,95945,140,772,289.83,4843,8975.48,8975.24,8977.86,8975.07,1120.58,1120.55,1120.59,1120.55
CN7,32G ,16,16,4,15926,25297,44303,106431,822,290.72,4857,,9052.36,9055.45,9055.83,9053.91,1130.2,1130.15,1130.17,1130.16
CN7,32G ,16,16,5,16450,25560,42730,80217,158,766,290.00,4852,9054.33,9053.3,9052.96,9053.07,1130.19,1130.17,1130.17,1130.16
