0626-1553
PM1,4G,1,1,1,420,668,750,799,2247,2364,2324.33,2431,347.89,292.67,291.71,291.34,39.84,33.24,33.19,33.07
PM1,4G,1,1,2,429,660,750,791,2272,2400,2352.67,2458,347.28,292.67,291.7,291.34,39.84,33.24,33.19,33.06
PM1,4G,1,1,3,478,660,750,791,2275,2364,2333.67,2443,347.28,292.67,291.7,291.33,39.84,33.24,33.19,33.06
PM1,4G,1,1,4,416,652,742,799,2277,2402,2358.33,2464,347.28,292.66,291.7,291.33,39.84,33.24,33.19,33.06
PM1,4G,1,1,5,453,635,750,799,2257,2398,2349.00,2454,347.27,292.66,291.69,291.33,39.84,33.24,33.19,33.06
PM1,4G,2,1,1,725,1090,1172,1221,3930,4606,4266.00,4257,3892.87,292.66,291.69,291.33,483.04,33.24,33.19,33.06
PM1,4G,2,1,2,734,1090,1188,1221,3868,4592,4235.67,4225,4072.27,292.65,291.69,291.32,505.44,33.24,33.18,33.06
PM1,4G,2,1,3,766,840,1037,1237,3884,4598,4255.33,4282,4156.27,292.65,291.68,291.32,515.85,33.24,33.18,33.06
PM1,4G,2,1,4,717,766,1106,1205,3896,4610,4272.00,4314,3861.07,292.65,291.68,291.32,479.04,33.24,33.18,33.06
PM1,4G,2,1,5,685,750,807,873,4191,4608,4345.00,4347,4443.47,292.64,291.68,291.31,551.84,33.24,33.18,33.06
PM1,4G,4,1,1,922,26346,32375,32900,1786,8344,4017.00,4215,12152.33,209.03,208.34,208.08,1516.46,23.74,23.7,23.62
PM1,4G,4,1,2,988,26870,32637,33162,1750,8117,3988.29,4187,12143.34,209.03,208.34,208.07,1515.32,23.74,23.7,23.62
PM1,4G,4,1,3,988,25822,31851,32900,1890,8382,4037.32,4132,12335.2,209.02,208.33,208.07,1539.32,23.74,23.7,23.61
PM1,4G,4,1,4,988,25560,30016,30802,2072,8313,4076.59,4134,12203.35,209.02,208.33,208.07,1522.75,23.74,23.7,23.61
PM1,4G,4,1,5,848,21365,27919,28705,2196,8296,4178.57,4302,12604.93,209.02,208.33,208.07,1573.03,23.74,23.7,23.61
PM1,4G,8,1,1,23462,24773,24773,25297,2350,14424,3148.68,3323,15466.47,104.51,104.16,104.03,1931.95,11.87,11.85,11.81
PM1,4G,8,1,2,23200,24773,24773,25297,2344,13498,3162.08,3376,15939.82,112.54,112.17,112.03,1991.01,12.78,12.76,12.71
PM1,4G,8,1,3,23462,24773,24773,25035,2340,14552,3142.07,3371,15992.6,112.54,112.17,112.03,1997.57,12.78,12.76,12.71
PM1,4G,8,1,4,23200,24511,24773,25035,2366,14325,3161.68,3422,16079.69,112.54,112.17,112.03,2008.5,12.78,12.76,12.71
PM1,4G,8,1,5,22938,24511,24773,25297,2348,14454,3150.77,3287,16184.3,104.5,104.15,104.02,2021.67,11.87,11.85,11.81
PM1,4G,16,1,1,33162,38536,124257,160433,1663,17045,2700.99,2862,17486.57,54.18,54.0,53.94,2184.95,6.15,6.14,6.12
PM1,4G,16,1,2,34341,36439,41681,47973,1929,16297,2703.73,2833,17083.85,52.25,52.07,52.01,2134.64,5.93,5.92,5.9
PM1,4G,16,1,3,34341,36439,41157,47973,1936,16192,2698.80,2833,17117.32,52.24,52.07,52.01,2138.83,5.93,5.92,5.9
PM1,4G,16,1,4,34341,36439,38011,46924,2024,16213,2718.58,2862,17751.5,54.18,54.0,53.93,2218.08,6.15,6.14,6.12
PM1,4G,16,1,5,34866,36439,41157,47449,1996,16256,2725.38,2866,17741.58,54.18,54.0,53.93,2216.82,6.15,6.14,6.12
PM1,8G,1,1,1,578,668,742,898,1742,2398,2232.71,2332,2945.73,208.96,208.27,208.01,365.65,23.73,23.69,23.61
PM1,8G,1,1,2,668,857,1106,1172,1644,2370,2165.29,2270,2867.87,208.95,208.26,208.0,355.94,23.73,23.69,23.61
PM1,8G,1,1,3,611,824,930,1004,1626,2398,2210.14,2315,2744.44,208.95,208.26,208.0,340.51,23.73,23.69,23.61
PM1,8G,1,1,4,668,734,881,1020,1644,2384,2199.00,2300,3869.15,208.95,208.26,208.0,481.08,23.73,23.69,23.61
PM1,8G,1,1,5,660,758,1139,1287,1612,2386,2198.14,2295,3754.72,208.95,208.26,207.99,466.79,23.73,23.69,23.61
PM1,8G,2,1,1,742,1037,20841,23200,2246,4570,3414.11,3472,11009.76,182.82,182.22,181.99,1373.94,20.76,20.73,20.65
PM1,8G,2,1,2,766,963,21890,23200,2316,4586,3434.00,3557,11053.64,182.82,182.22,181.99,1379.44,20.76,20.73,20.65
PM1,8G,2,1,3,807,881,19530,21103,2334,4590,3466.44,3572,11433.89,182.82,182.22,181.99,1426.95,20.76,20.73,20.65
PM1,8G,2,1,4,775,971,20317,21627,2378,4600,3516.31,3666,10777.77,182.82,182.21,181.99,1344.95,20.76,20.73,20.65
PM1,8G,2,1,5,717,783,15533,20317,2478,4590,3627.62,3723,10929.66,182.81,182.21,181.98,1363.95,20.76,20.73,20.65
PM1,8G,4,1,1,1123,16057,17171,17433,2180,8274,3169.34,3302,15883.45,104.46,104.12,103.99,1984.06,11.86,11.85,11.8
PM1,8G,4,1,2,1172,16188,17433,17695,2158,8260,3149.40,3338,15683.53,104.46,104.12,103.99,1959.11,11.86,11.85,11.8
PM1,8G,4,1,3,1237,16057,17171,17695,2150,8436,3178.32,3275,15884.68,104.46,104.11,103.98,1984.26,11.86,11.84,11.8
PM1,8G,4,1,4,1139,16188,17171,17433,2172,8448,3172.16,3303,15857.2,104.46,104.11,103.98,1980.83,11.86,11.84,11.8
PM1,8G,4,1,5,1139,16057,17171,17433,2118,8311,3180.73,3264,15836.64,104.45,104.11,103.98,1978.26,11.86,11.84,11.8
PM1,8G,8,1,1,22414,25035,29492,117965,1841,14411,2689.15,2846,17575.63,54.16,53.98,53.91,2196.2,6.15,6.14,6.12
PM1,8G,8,1,2,23462,24773,26346,28705,2156,14439,2681.47,2872,17603.72,54.16,53.98,53.91,2199.7,6.15,6.14,6.12
PM1,8G,8,1,3,23200,24773,26084,27395,2160,14425,2681.67,2849,17598.92,54.16,53.98,53.91,2199.09,6.15,6.14,6.12
PM1,8G,8,1,4,23462,24773,26346,28705,2170,13486,2689.07,2862,17577.04,54.15,53.98,53.91,2196.38,6.15,6.14,6.12
PM1,8G,8,1,5,23462,24773,25822,27919,2154,14457,2679.51,2863,17587.61,54.15,53.97,53.91,2197.69,6.15,6.14,6.12
PM1,8G,16,1,1,34341,38011,49546,152044,1693,17162,2474.42,2598,17975.35,26.11,26.02,25.99,2246.42,2.97,2.96,2.95
PM1,8G,16,1,2,34866,36439,41157,47449,2027,16384,2523.90,2663,18246.77,26.58,26.49,26.46,2280.32,3.02,3.01,3.0
PM1,8G,16,1,3,34341,36439,38536,46400,2049,16146,2522.48,2666,18233.06,26.58,26.49,26.46,2278.6,3.02,3.01,3.0
PM1,8G,16,1,4,31851,36439,37487,41157,2095,16149,2522.37,2663,18263.01,26.58,26.49,26.46,2282.34,3.02,3.01,3.0
PM1,8G,16,1,5,33817,36439,38011,46400,2022,16161,2527.76,2662,18262.8,26.58,26.49,26.46,2282.31,3.02,3.01,3.0
