0626-1620
PM1,4G,1,1,1,537,586,627,644,2064,2101,2079.67,2205,6902.66,292.28,291.32,290.96,859.27,33.19,33.14,33.02
PM1,4G,1,1,2,562,594,635,717,1992,2054,2027.67,2131,6902.67,292.28,291.32,290.95,859.27,33.19,33.14,33.02
PM1,4G,1,1,3,474,537,578,594,2175,2206,2194.33,2302,6902.67,292.28,291.31,290.95,859.27,33.19,33.14,33.02
PM1,4G,1,1,4,529,570,603,627,2066,2114,2095.00,2218,6902.67,292.28,291.31,290.95,859.27,33.19,33.14,33.02
PM1,4G,1,1,5,545,586,644,668,2038,2050,2044.33,2144,6902.67,292.27,291.31,290.94,859.27,33.19,33.14,33.02
PM1,4G,2,1,1,889,938,979,1057,2380,2450,2409.67,2531,9611.62,208.76,208.08,207.81,1198.91,23.71,23.67,23.59
PM1,4G,2,1,2,963,1012,1074,1106,2246,2413,2299.83,2416,9611.63,208.76,208.07,207.81,1198.91,23.71,23.67,23.59
PM1,4G,2,1,3,906,955,1012,1090,2328,2510,2434.33,2552,9611.92,208.76,208.07,207.81,1198.91,23.71,23.67,23.59
PM1,4G,2,1,4,963,1012,1090,1172,2240,2480,2348.67,2458,9611.64,208.76,208.07,207.81,1198.91,23.71,23.67,23.58
PM1,4G,2,1,5,906,947,996,1385,2382,2444,2406.67,2529,9612.79,208.75,208.07,207.8,1198.92,23.71,23.67,23.58
PM1,4G,4,1,1,1958,2040,2147,2278,2148,2426,2255.29,2364,12075.05,132.84,132.4,132.24,1507.67,15.09,15.06,15.01
PM1,4G,4,1,2,1860,1975,2089,2147,2200,2504,2380.69,2488,13282.16,146.13,145.64,145.46,1658.45,16.6,16.57,16.51
PM1,4G,4,1,3,1827,1909,2008,2114,2282,2458,2358.54,2474,13281.77,146.12,145.64,145.46,1658.44,16.59,16.57,16.51
PM1,4G,4,1,4,1811,1876,1942,1991,2294,2436,2365.69,2481,13281.78,146.12,145.64,145.45,1658.44,16.59,16.57,16.51
PM1,4G,4,1,5,1876,1958,2040,2114,2190,2408,2320.92,2431,13281.79,146.12,145.64,145.45,1658.44,16.59,16.57,16.51
PM1,4G,8,1,1,4621,4817,5014,5145,1936,4116,2502.12,2461,15522.94,85.95,85.67,85.56,1939.32,9.76,9.75,9.71
PM1,4G,8,1,2,4178,4359,4555,4686,2110,3998,2445.14,2491,15522.95,85.95,85.67,85.56,1939.32,9.76,9.75,9.71
PM1,4G,8,1,3,4228,4555,4752,4948,2084,3098,2359.18,2457,15523.67,85.95,85.66,85.56,1939.34,9.76,9.75,9.71
PM1,4G,8,1,4,4359,4490,4752,4883,2126,4058,2449.73,2474,15523.79,85.95,85.66,85.55,1939.35,9.76,9.75,9.71
PM1,4G,8,1,5,4113,4424,4686,4817,2112,3366,2395.19,2479,15524.16,85.94,85.66,85.55,1939.35,9.76,9.75,9.71
PM1,4G,16,1,1,11600,14353,15270,15664,1485,6552,2682.81,2491,16969.8,47.13,46.97,46.91,2120.56,5.35,5.34,5.32
PM1,4G,16,1,2,10814,12911,13304,13566,1524,5984,2557.32,2479,16969.62,47.13,46.97,46.91,2120.56,5.35,5.34,5.32
PM1,4G,16,1,3,9896,10552,11731,12125,1783,5562,2560.02,2507,16969.15,47.13,46.97,46.91,2120.54,5.35,5.34,5.32
PM1,4G,16,1,4,12256,14091,14746,15270,1608,6160,2714.28,2487,16963.8,47.12,46.97,46.91,2119.79,5.35,5.34,5.32
PM1,4G,16,1,5,12649,15139,15795,16188,1772,6208,2757.78,2487,16963.82,47.12,46.97,46.91,2119.82,5.35,5.34,5.32
PM1,8G,1,1,1,545,586,627,816,2022,2198,2067.43,2164,9614.53,208.68,207.99,207.73,1198.98,23.7,23.66,23.58
PM1,8G,1,1,2,562,603,652,709,1986,2110,2033.86,2146,9612.11,208.68,207.99,207.73,1198.97,23.7,23.66,23.58
PM1,8G,1,1,3,529,578,635,676,2012,2234,2148.43,2242,9612.26,208.68,207.99,207.73,1198.97,23.7,23.66,23.58
PM1,8G,1,1,4,537,586,635,668,2030,2218,2084.14,2182,9612.12,208.67,207.99,207.73,1198.97,23.7,23.66,23.58
PM1,8G,1,1,5,562,594,668,725,1984,2090,2035.57,2148,9612.13,208.67,207.98,207.72,1198.97,23.7,23.66,23.58
PM1,8G,2,1,1,938,996,1057,1139,2248,2460,2358.62,2469,13282.09,146.07,145.59,145.4,1658.48,16.59,16.56,16.5
PM1,8G,2,1,2,906,947,1012,1090,2338,2534,2430.00,2541,13282.3,146.07,145.58,145.4,1658.48,16.59,16.56,16.5
PM1,8G,2,1,3,938,996,1057,1106,2244,2462,2361.23,2472,13282.11,146.06,145.58,145.4,1658.48,16.59,16.56,16.5
PM1,8G,2,1,4,947,1004,1057,1106,2264,2492,2340.38,2451,13282.72,146.06,145.58,145.4,1658.49,16.59,16.56,16.5
PM1,8G,2,1,5,930,979,1045,1123,2248,2530,2382.15,2497,13282.13,146.06,145.58,145.4,1658.48,16.59,16.56,16.5
PM1,8G,4,1,1,1827,1909,1991,2073,2272,2480,2355.04,2465,15523.14,85.92,85.63,85.53,1939.34,9.76,9.74,9.71
PM1,8G,4,1,2,1827,1926,2024,2057,2222,2520,2395.11,2507,15512.32,85.91,85.63,85.52,1937.98,9.76,9.74,9.71
PM1,8G,4,1,3,1844,1926,2024,2114,2228,2516,2371.00,2483,15523.75,85.91,85.63,85.52,1939.36,9.76,9.74,9.71
PM1,8G,4,1,4,1811,1893,1991,2057,2240,2496,2397.26,2509,15523.35,85.91,85.63,85.52,1939.35,9.76,9.74,9.71
PM1,8G,4,1,5,1844,1926,2008,2057,2228,2534,2384.67,2498,15512.73,85.91,85.63,85.52,1938.04,9.76,9.74,9.71
PM1,8G,8,1,1,4424,4621,4817,4948,1996,4516,2509.74,2471,16963.64,47.11,46.96,46.9,2119.8,5.35,5.34,5.32
PM1,8G,8,1,2,4490,4621,4817,5014,1914,4870,2585.17,2501,16969.7,47.11,46.95,46.89,2120.57,5.35,5.34,5.32
PM1,8G,8,1,3,3687,3851,3982,4146,2186,3340,2384.90,2479,16969.52,47.11,46.95,46.89,2120.56,5.35,5.34,5.32
PM1,8G,8,1,4,4359,4621,4817,5014,2063,5066,2513.48,2478,16964.04,47.11,46.95,46.89,2119.84,5.35,5.34,5.32
PM1,8G,8,1,5,4359,4555,4752,4948,1930,4140,2437.71,2471,16970.12,47.1,46.95,46.89,2120.58,5.35,5.34,5.32
PM1,8G,16,1,1,14353,16319,17957,18744,1464,7002,2718.33,2489,17804.44,24.75,24.67,24.64,2225.01,2.81,2.81,2.8
PM1,8G,16,1,2,11600,14091,15401,15926,1449,6374,2753.43,2502,18110.15,25.17,25.09,25.06,2263.36,2.86,2.85,2.84
PM1,8G,16,1,3,10421,14353,16319,16712,1366,7342,2605.81,2491,18113.94,25.17,25.09,25.06,2263.39,2.86,2.85,2.84
PM1,8G,16,1,4,10028,11600,15270,16188,1334,6024,2591.50,2494,18112.71,25.17,25.09,25.06,2263.39,2.86,2.85,2.84
PM1,8G,16,1,5,13960,16909,17957,18220,1446,6850,2739.42,2497,18111.33,25.17,25.09,25.06,2263.38,2.86,2.85,2.84
